Potential V vs RHE, Current mA cm-2
0.013299999999999867,0.01706141827637234
0.012299999999999978,0.01691994714638584
0.011299999999999866,0.01706141827637234
0.010299999999999976,0.014684703292599082
0.009299999999999864,0.009798290462865246
0.008299999999999974,0.010495743133698707
0.007299999999999862,0.0127295722761856
0.006299999999999972,0.0071457067756183
0.00529999999999986,0.010775855971071984
0.0042999999999999705,0.008401970409898454
0.0032999999999998586,0.004633179507057995
0.0022999999999999687,0.008401970409898454
0.0012999999999998568,0.002400765075870967
0.00029999999999996696,0.005889443141338148
-0.000700000000000145,0.001423199567664227
-0.0017000000000000348,0.002679463201944379
-0.0027000000000001467,0.006029499560024787
-0.0037000000000000366,-0.0005303752663194022
-0.0047000000000001485,0.0033783305840777073
-0.005700000000000038,0.00016750181790402036
-0.00670000000000015,0.00044662435736739204
-0.00770000000000004,0.0008653789021274429
-0.008700000000000152,0.0007257468968307638
-0.009700000000000042,0.003238274165391069
-0.010700000000000154,-0.0027629311686364166
-0.011700000000000044,-0.0036004402581565186
-0.012700000000000156,0.0008653789021274429
-0.013700000000000045,-0.00443794934767662
-0.014700000000000157,-0.0013678843558395041
-0.015700000000000047,-0.0006700072716160814
-0.01670000000000016,-0.00443794934767662
-0.01770000000000005,-0.0036004402581565186
-0.01870000000000016,-0.0038805530955297956
-0.01970000000000005,-0.001228252350542825
-0.020700000000000163,-0.006531722071476874
-0.021700000000000053,-0.005275458437196722
-0.022700000000000164,-0.0031816857133964674
-0.023700000000000054,-0.008765551213963767
-0.024700000000000166,-0.0026242894612496428
-0.025700000000000056,-0.0068118349088501515
-0.026700000000000168,-0.008765551213963767
-0.027700000000000058,-0.005555571274569999
-0.02870000000000017,-0.009741702010870643
-0.02970000000000006,-0.006950476616236925
-0.03070000000000017,-0.010160456555630692
-0.03170000000000006,-0.009044249340037178
-0.03270000000000017,-0.008765551213963767
-0.03370000000000006,-0.008765551213963767
-0.034700000000000175,-0.00597432581933005
-0.035700000000000065,-0.009881758429557281
-0.03670000000000018,-0.011696833027284121
-0.03770000000000007,-0.009044249340037178
-0.03870000000000018,-0.011416720189910844
-0.03970000000000007,-0.01044056939300397
-0.04070000000000018,-0.011696833027284121
-0.04170000000000007,-0.01044056939300397
-0.04270000000000018,-0.009741702010870643
-0.04370000000000007,-0.01505252823056399
-0.044700000000000184,-0.010579211100390744
-0.045700000000000074,-0.011556776608597484
-0.046700000000000186,-0.014345172580631472
-0.047700000000000076,-0.010719267519077383
-0.04870000000000019,-0.0135104929137111
-0.04970000000000008,-0.009881758429557281
-0.05070000000000019,-0.016028679027470863
-0.05170000000000008,-0.012394285698117586
-0.05270000000000019,-0.014769585970590984
-0.05370000000000008,-0.0174150961013386
-0.05470000000000019,-0.01002181484824392
-0.05570000000000008,-0.01812245175127112
-0.056700000000000195,-0.014769585970590984
-0.057700000000000085,-0.015179852247551842
-0.058700000000000196,-0.013790605751084378
-0.059700000000000086,-0.012534342116804225
-0.0607000000000002,-0.018249775768258973
-0.06170000000000009,-0.0135104929137111
-0.0627000000000002,-0.015745736767497857
-0.06370000000000009,-0.01965033995512536
-0.0647000000000002,-0.01615600304445872
-0.06570000000000009,-0.01812245175127112
-0.0667000000000002,-0.01812245175127112
-0.0677000000000001,-0.017004829824377742
-0.0687000000000002,-0.01853271802823198
-0.0697000000000001,-0.017980980621284618
-0.07070000000000021,-0.01769803836131161
-0.0717000000000001,-0.019933282215098366
-0.07270000000000021,-0.016438945304431726
-0.0737000000000001,-0.02048501962204573
-0.07470000000000021,-0.01812245175127112
-0.0757000000000001,-0.02048501962204573
-0.07670000000000021,-0.018674189158218484
-0.0777000000000001,-0.02007475334508487
-0.07870000000000021,-0.019791811085111865
-0.0797000000000001,-0.018674189158218484
-0.08070000000000022,-0.02426229879268538
-0.0817000000000001,-0.019933282215098366
-0.08270000000000022,-0.01853271802823198
-0.08370000000000011,-0.021885583808912118
-0.08470000000000022,-0.020626490752032236
-0.08570000000000011,-0.019367397695152354
-0.08670000000000022,-0.01950886882513886
-0.08770000000000011,-0.020767961882018737
-0.08870000000000022,-0.022168526068885124
-0.08970000000000011,-0.02426229879268538
-0.09070000000000022,-0.022578792345845984
-0.09170000000000011,-0.021744112678925617
-0.09270000000000023,-0.021333846401964753
-0.09370000000000012,-0.02467256506964624
-0.09470000000000023,-0.021333846401964753
-0.09570000000000012,-0.022578792345845984
-0.09670000000000023,-0.02467256506964624
-0.09770000000000012,-0.021461170418952607
-0.09870000000000023,-0.025238449589592253
-0.09970000000000012,-0.019240073678164497
-0.10070000000000023,-0.025931658126526123
-0.10170000000000012,-0.023286147995778505
-0.10270000000000024,-0.022437321215859483
-0.10370000000000013,-0.027049280053419503
-0.10470000000000024,-0.023837885402725866
-0.10570000000000013,-0.023427619125765006
-0.10670000000000024,-0.024814036199632745
-0.10770000000000013,-0.023837885402725866
-0.10870000000000024,-0.0230032057358055
-0.10970000000000013,-0.02272026347583249
-0.11070000000000024,-0.027473693443379014
-0.11170000000000013,-0.02467256506964624
-0.11270000000000002,-0.02426229879268538
-0.11370000000000013,-0.029001581647233248
-0.11470000000000002,-0.025790186996539618
-0.11570000000000014,-0.028718639387260245
-0.11670000000000003,-0.026766337793446494
-0.11770000000000014,-0.025507244736566608
-0.11870000000000003,-0.025790186996539618
-0.11970000000000014,-0.027190751183406005
-0.12070000000000003,-0.03011920357412663
-0.12170000000000014,-0.026907808923433
-0.12270000000000003,-0.028166901980312884
-0.12370000000000014,-0.028860110517246747
-0.12470000000000003,-0.025507244736566608
-0.12570000000000014,-0.025790186996539618
-0.12670000000000003,-0.029977732444140127
-0.12770000000000015,-0.02621460038649913
-0.12870000000000004,-0.02774248859035337
-0.12970000000000015,-0.028591315370272388
-0.13070000000000004,-0.029567466167179264
-0.13170000000000015,-0.028308373110299385
-0.13270000000000004,-0.029425995037192763
-0.13370000000000015,-0.03249591855789989
-0.13470000000000004,-0.025507244736566608
-0.13570000000000015,-0.027473693443379014
-0.13670000000000004,-0.030543616964086147
-0.13770000000000016,-0.027049280053419503
-0.13870000000000005,-0.031788562907967374
-0.13970000000000016,-0.028718639387260245
-0.14070000000000005,-0.034306749021727145
-0.14170000000000016,-0.029836261314153626
-0.14270000000000005,-0.028718639387260245
-0.14370000000000016,-0.03235444742791339
-0.14470000000000005,-0.027473693443379014
-0.14570000000000016,-0.03011920357412663
-0.14670000000000005,-0.0327788608178729
-0.14770000000000016,-0.029836261314153626
-0.14870000000000005,-0.030812412111060502
-0.14970000000000017,-0.031095354371033508
-0.15070000000000006,-0.03193003403795388
-0.15170000000000017,-0.03304765596484726
-0.15270000000000006,-0.030953883241047007
-0.15370000000000017,-0.03347206935480676
-0.15470000000000006,-0.030260674704113137
-0.15570000000000017,-0.03290618483486075
-0.15670000000000006,-0.03304765596484726
-0.15770000000000017,-0.03040214583409964
-0.15870000000000006,-0.03290618483486075
-0.15970000000000018,-0.031095354371033508
-0.16070000000000007,-0.03347206935480676
-0.16170000000000018,-0.03375501161477978
-0.16270000000000007,-0.03318912709483376
-0.16370000000000018,-0.03514142868864751
-0.16470000000000007,-0.03361354048479327
-0.16570000000000018,-0.035282899818634014
-0.16670000000000007,-0.035282899818634014
-0.16770000000000018,-0.034306749021727145
-0.16870000000000007,-0.034306749021727145
-0.16970000000000018,-0.03304765596484726
-0.17070000000000007,-0.035565842078607024
-0.17170000000000019,-0.036400521745527395
-0.17270000000000008,-0.030543616964086147
-0.1737000000000002,-0.039328974136248016
-0.17470000000000008,-0.03290618483486075
-0.1757000000000002,-0.03166123889097952
-0.17670000000000008,-0.0366834640055004
-0.1777000000000002,-0.03584878433858003
-0.17870000000000008,-0.0366834640055004
-0.1797000000000002,-0.03388233563176763
-0.18070000000000008,-0.039046031876275006
-0.1817000000000002,-0.037518143672420776
-0.18270000000000008,-0.0369664062654734
-0.1837000000000002,-0.0404465960631414
-0.1847000000000001,-0.03709373028246127
-0.1857000000000002,-0.0365419928755139
-0.1867000000000001,-0.041012480583087416
-0.1877000000000002,-0.03458969128170015
-0.1887000000000001,-0.035282899818634014
-0.1897000000000002,-0.0369664062654734
-0.1907000000000001,-0.03835282333934115
-0.1917000000000001,-0.03709373028246127
-0.19269999999999998,-0.040729538323114406
-0.1937000000000001,-0.039894858656194035
-0.19469999999999998,-0.0366834640055004
-0.1957000000000001,-0.03918750300626152
-0.19669999999999999,-0.03737667254243427
-0.1977000000000001,-0.038635765599314156
-0.1987,-0.04239889765695515
-0.1997000000000001,-0.03835282333934115
-0.2007,-0.04113980460007527
-0.2017000000000001,-0.03806988107936814
-0.2027,-0.03821135220935464
-0.2037000000000001,-0.040729538323114406
-0.2047,-0.042130102509980796
-0.2057000000000001,-0.0404465960631414
-0.2067,-0.04337504845386203
-0.2077000000000001,-0.03918750300626152
-0.2087,-0.04239889765695515
-0.2097000000000001,-0.04058806719312791
-0.2107,-0.04239889765695515
-0.2117000000000001,-0.04142274686004828
-0.2127,-0.04351651958384853
-0.2137000000000001,-0.04546882117766228
-0.2147,-0.04394093297380804
-0.2157000000000001,-0.045893234567621795
-0.2167,-0.046869385364528664
-0.21770000000000012,-0.044775612640728414
-0.2187,-0.04379946184382154
-0.21970000000000012,-0.04379946184382154
-0.2207,-0.045327350047675775
-0.22170000000000012,-0.041988631379994285
-0.2227,-0.04505855490070142
-0.22370000000000012,-0.04729379875448818
-0.2247,-0.04520002603068792
-0.22570000000000012,-0.04491708377071492
-0.2267,-0.04603470569760829
-0.22770000000000012,-0.04575176343763528
-0.22870000000000001,-0.045327350047675775
-0.22970000000000013,-0.046869385364528664
-0.23070000000000002,-0.04951489549527628
-0.23170000000000013,-0.0502222511452088
-0.23270000000000002,-0.0461761768275948
-0.23370000000000013,-0.047987007291422044
-0.23470000000000002,-0.045893234567621795
-0.23570000000000013,-0.04729379875448818
-0.23670000000000002,-0.051481344202088684
-0.2376999999999999,-0.04756259390146254
-0.23870000000000002,-0.047987007291422044
-0.2396999999999999,-0.04603470569760829
-0.24070000000000003,-0.05160866821907654
-0.24169999999999991,-0.048538744698369406
-0.24270000000000003,-0.05050519340518181
-0.24369999999999992,-0.05091545968214267
-0.24470000000000003,-0.04938757147828843
-0.24569999999999992,-0.0502222511452088
-0.24670000000000003,-0.049939308885235796
-0.24769999999999992,-0.051481344202088684
-0.24870000000000003,-0.050080780015222294
-0.24969999999999992,-0.05050519340518181
-0.25070000000000003,-0.05217455273902255
-0.2516999999999999,-0.05189161047904954
-0.25270000000000004,-0.045327350047675775
-0.2536999999999999,-0.05398538320284981
-0.25470000000000004,-0.050363722275195304
-0.2556999999999999,-0.051481344202088684
-0.25670000000000004,-0.05510300512974318
-0.25769999999999993,-0.05091545968214267
-0.25870000000000004,-0.05175013934906304
-0.25969999999999993,-0.05160866821907654
-0.26070000000000004,-0.05677236446358393
-0.26169999999999993,-0.05496153399975667
-0.26270000000000004,-0.051481344202088684
-0.26369999999999993,-0.05510300512974318
-0.26470000000000005,-0.053702440942876795
-0.26569999999999994,-0.054820062869770175
-0.26670000000000005,-0.05733824898352994
-0.26769999999999994,-0.05538594738971618
-0.26870000000000005,-0.05607915592665005
-0.26969999999999994,-0.05455126772279582
-0.27070000000000005,-0.060408172504237065
-0.27169999999999994,-0.05677236446358393
-0.27270000000000005,-0.054268325462822814
-0.27369999999999994,-0.05762119124350294
-0.27470000000000006,-0.058031457520463806
-0.27569999999999995,-0.05650356931660957
-0.27670000000000006,-0.058172928650450303
-0.27769999999999995,-0.056645040446596066
-0.27870000000000006,-0.05929055057734369
-0.27969999999999995,-0.05593768479666354
-0.28070000000000006,-0.06152579443113045
-0.28169999999999995,-0.05873881317039633
-0.28270000000000006,-0.05831439978043681
-0.28369999999999995,-0.0598564350972897
-0.28470000000000006,-0.057196777853543435
-0.28569999999999995,-0.06012523024426406
-0.28670000000000007,-0.06054964363422357
-0.28769999999999996,-0.06054964363422357
-0.28870000000000007,-0.0598564350972897
-0.28969999999999996,-0.05733824898352994
-0.29070000000000007,-0.062360474098050823
-0.29169999999999996,-0.06124285217115744
-0.29270000000000007,-0.05929055057734369
-0.29369999999999996,-0.06110138104117093
-0.2947000000000001,-0.05845587091042332
-0.29569999999999996,-0.060832585894196586
-0.2967000000000001,-0.05900760831737068
-0.29769999999999996,-0.06333662489495769
-0.2987000000000001,-0.06459571795183758
-0.29969999999999997,-0.06250194522803733
-0.3007000000000001,-0.06333662489495769
-0.30169999999999997,-0.06292635861799684
-0.3027000000000001,-0.06012523024426406
-0.30369999999999997,-0.06459571795183758
-0.3047000000000001,-0.06250194522803733
-0.30569999999999997,-0.0639025094149037
-0.3067000000000001,-0.06528892648877145
-0.3077,-0.06487866021181057
-0.3087000000000001,-0.06640654841566482
-0.3097,-0.062360474098050823
-0.3107000000000001,-0.06473718908182408
-0.3117,-0.06850032113946508
-0.3127000000000001,-0.06278488748801032
-0.3137,-0.06683096180562433
-0.3147000000000001,-0.06417130456187807
-0.3157,-0.06528892648877145
-0.3167000000000001,-0.06835885000947857
-0.3177,-0.0673826992125717
-0.3187000000000001,-0.06961794306635845
-0.3197,-0.06557186874874445
-0.3207000000000001,-0.0690662056594111
-0.3217,-0.06961794306635845
-0.3227000000000001,-0.06668949067563783
-0.3237,-0.07004235645631796
-0.3247000000000001,-0.07087703612323834
-0.3257,-0.07073556499325184
-0.3267000000000001,-0.06850032113946508
-0.3277,-0.07240492432709257
-0.3287000000000001,-0.06990088532633146
-0.3297,-0.06961794306635845
-0.3307000000000001,-0.07101850725322485
-0.3317,-0.07282933771705208
-0.3327000000000001,-0.07059409386326533
-0.3337,-0.0715702446601722
-0.3347000000000001,-0.0715702446601722
-0.3357,-0.07213612918011822
-0.3367000000000001,-0.07185318692014521
-0.3377,-0.0733952222369981
-0.3387000000000001,-0.0731122799770251
-0.3397,-0.06933500080638545
-0.3407000000000001,-0.07604073236774572
-0.3417,-0.07408843077393197
-0.3427000000000001,-0.07087703612323834
-0.3437,-0.07437137303390498
-0.3447000000000001,-0.0731122799770251
-0.3457,-0.07492311044085233
-0.3467000000000001,-0.07604073236774572
-0.3477,-0.0731122799770251
-0.3487000000000001,-0.07632367462771873
-0.3497,-0.07282933771705208
-0.3507000000000001,-0.07939359814842585
-0.3517,-0.07604073236774572
-0.3527000000000001,-0.07408843077393197
-0.3537,-0.08051122007531925
-0.3547000000000001,-0.07478163931086583
-0.3557,-0.0774412965546121
-0.35670000000000013,-0.08022827781534624
-0.3577,-0.07785156283157296
-0.35870000000000013,-0.07925212701843935
-0.3597,-0.07756862057159995
-0.36070000000000013,-0.08287378794609385
-0.3617,-0.08203910827917348
-0.3626999999999999,-0.07994533555537323
-0.3637,-0.08301525907608036
-0.3646999999999999,-0.0807800152222936
-0.3657,-0.07994533555537323
-0.3666999999999999,-0.08525050292986712
-0.3677,-0.07953506927841236
-0.3686999999999999,-0.08246352166913298
-0.36970000000000003,-0.08301525907608036
-0.3706999999999999,-0.08189763714918698
-0.37170000000000003,-0.08329820133605337
-0.3726999999999999,-0.0814873708722261
-0.37370000000000003,-0.08343967246603987
-0.3746999999999999,-0.08469876552291973
-0.37570000000000003,-0.08581638744981313
-0.3766999999999999,-0.08720280452368086
-0.37770000000000004,-0.08343967246603987
-0.3786999999999999,-0.08525050292986712
-0.37970000000000004,-0.08399140987298723
-0.3806999999999999,-0.08762721791364038
-0.38170000000000004,-0.08608518259678749
-0.38269999999999993,-0.08581638744981313
-0.38370000000000004,-0.08860336871054725
-0.38469999999999993,-0.08734427565366736
-0.38570000000000004,-0.0906971414343475
-0.38669999999999993,-0.08915510611749461
-0.38770000000000004,-0.08622665372677399
-0.38869999999999993,-0.0906971414343475
-0.38970000000000005,-0.08832042645057424
-0.39069999999999994,-0.09167329223125438
-0.39170000000000005,-0.08972099063744063
-0.39269999999999994,-0.08776868904362688
-0.39370000000000005,-0.09320118043510862
-0.39469999999999994,-0.0904141991743745
-0.39570000000000005,-0.090838612564334
-0.39669999999999994,-0.09557789541888188
-0.39770000000000005,-0.0947432157519615
-0.39869999999999994,-0.09236650076818824
-0.39970000000000006,-0.09195623449122738
-0.40069999999999995,-0.09669551734577525
-0.40170000000000006,-0.09600230880884139
-0.40269999999999995,-0.09264944302816126
-0.40370000000000006,-0.09809608153264164
-0.40469999999999995,-0.09307385641812077
-0.40570000000000006,-0.09529495315890889
-0.40669999999999995,-0.09753019701269564
-0.40770000000000006,-0.09529495315890889
-0.40869999999999995,-0.09878929006957551
-0.40970000000000006,-0.09711993073573477
-0.41069999999999995,-0.1003313253864284
-0.41170000000000007,-0.09850634780960252
-0.41269999999999996,-0.09753019701269564
-0.41370000000000007,-0.1038115151840964
-0.41469999999999996,-0.10004838312645539
-0.41570000000000007,-0.10074159166338927
-0.41669999999999996,-0.1038115151840964
-0.41770000000000007,-0.10214215585025564
-0.41869999999999996,-0.10144894731332177
-0.4197000000000001,-0.10144894731332177
-0.42069999999999996,-0.10730585209476304
-0.4217000000000001,-0.1039529863140829
-0.42269999999999996,-0.1039529863140829
-0.4237000000000001,-0.10673996757481702
-0.42469999999999997,-0.10367004405410989
-0.4257000000000001,-0.10618823016786964
-0.42669999999999997,-0.1078575895017104
-0.4277000000000001,-0.10856494515164292
-0.42869999999999997,-0.11218660607929741
-0.4297000000000001,-0.10632970129785616
-0.43069999999999997,-0.11065871787544318
-0.4317000000000001,-0.1079990606316969
-0.4327,-0.1079990606316969
-0.4337000000000001,-0.1135871702661638
-0.4347,-0.11092751302241752
-0.4357000000000001,-0.11218660607929741
-0.4367,-0.1131627568762043
-0.4377000000000001,-0.1135871702661638
-0.4387,-0.11246954833927042
-0.4397000000000001,-0.11065871787544318
-0.4407,-0.11720883119381828
-0.4417000000000001,-0.1134456991361773
-0.4427,-0.11121045528239053
-0.4437000000000001,-0.11917527990063068
-0.4447,-0.11735030232380478
-0.4457000000000001,-0.11708150717683044
-0.4467,-0.12000995956755106
-0.4477000000000001,-0.11708150717683044
-0.4487,-0.12307988308825818
-0.4497000000000001,-0.11889233764065768
-0.4507,-0.12293841195827168
-0.4517000000000001,-0.1218207900313783
-0.4527,-0.11972701730757807
-0.4537000000000001,-0.1272674285358587
-0.4547,-0.12322135421824468
-0.4557000000000001,-0.12391456275517856
-0.4567,-0.12474924242209892
-0.4577000000000001,-0.12377309162519207
-0.4587,-0.12614980660896533
-0.4597000000000001,-0.12600833547897883
-0.4607,-0.12907825899968592
-0.4617000000000001,-0.12781916594280607
-0.4627,-0.1257253932190058
-0.4637000000000001,-0.1315964451134457
-0.4647,-0.1296299964066333
-0.4657000000000001,-0.13354874670725947
-0.4667,-0.1315964451134457
-0.4677000000000001,-0.1324311247803661
-0.4687,-0.13410048411420683
-0.4697000000000001,-0.13257259591035261
-0.4707,-0.13814655843182086
-0.4717000000000001,-0.13773629215485997
-0.4727,-0.13466636863415282
-0.4737000000000001,-0.13912270922872771
-0.4747,-0.13814655843182086
-0.4757000000000001,-0.14094768680555358
-0.4767,-0.14121648195252795
-0.4777000000000001,-0.1420370145064497
-0.4787,-0.1420370145064497
-0.4797000000000001,-0.1406647445455806
-0.4807,-0.14529085049613927
-0.48170000000000013,-0.14486643710617977
-0.4827,-0.1435931969363012
-0.48370000000000013,-0.14826174422585583
-0.4847,-0.14769585970590982
-0.48570000000000013,-0.14868615761581536
-0.4867,-0.15179852247551845
-0.4876999999999999,-0.1496764555257209
-0.4887,-0.14911057100577488
-0.4896999999999999,-0.1499593977856939
-0.4907,-0.15717442541500556
-0.4916999999999999,-0.155052358465208
-0.4927,-0.15335470490536995
-0.4936999999999999,-0.154203531685289
-0.49470000000000003,-0.15491088733522151
-0.4956999999999999,-0.15575971411514053
-0.49670000000000003,-0.16056973253468165
-0.4976999999999999,-0.16085267479465465
-0.49870000000000003,-0.1628332706144657
-0.4996999999999999,-0.1617015015745737
-0.5007,-0.16523827982423628
-0.5016999999999999,-0.16736034677403386
-0.5027,-0.16467239530429026
-0.5036999999999999,-0.17259477858353447
-0.5047,-0.16849211581392587
-0.5056999999999999,-0.16820917355395287
-0.5067,-0.17415096101338604
-0.5076999999999999,-0.17075565389370992
-0.5087,-0.17528273005327805
-0.5096999999999999,-0.16806770242396638
-0.5107,-0.18023421960280567
-0.5116999999999999,-0.17457537440334553
-0.5127,-0.17542420118326454
-0.5136999999999999,-0.17980980621284617
-0.5147,-0.18009274847281917
-0.5156999999999999,-0.17980980621284617
-0.5167,-0.18221481542261672
-0.5176999999999999,-0.1843368823724143
-0.5187,-0.1843368823724143
-0.5196999999999999,-0.18787366062207686
-0.5207,-0.19098602548177993
-0.5216999999999999,-0.18957131418191492
-0.5227,-0.18759071836210386
-0.5236999999999999,-0.19636192842126707
-0.5247,-0.192966621301591
-0.5257,-0.1966448706812401
-0.5267000000000001,-0.19947429328097016
-0.5277,-0.20032312006088918
-0.5287000000000001,-0.19947429328097016
-0.5297,-0.19975723554094318
-0.5307000000000001,-0.20527460961041682
-0.5317,-0.2044257828304978
-0.5327000000000001,-0.20272812927065975
-0.5337,-0.21065051254990397
-0.5347000000000001,-0.20951874351001196
-0.5357,-0.21234816610974203
-0.5367000000000001,-0.21461170418952608
-0.5377,-0.21418729079956658
-0.5387000000000001,-0.2164508288793506
-0.5397,-0.2160264154893911
-0.5407000000000001,-0.22196820294882427
-0.5417,-0.22267555859875673
-0.5427000000000001,-0.22210967407881074
-0.5437,-0.22904175944814942
-0.5447000000000001,-0.22338291424868928
-0.5457,-0.2281929326682304
-0.5467000000000001,-0.23045647074801448
-0.5477,-0.22989058622806843
-0.5487000000000001,-0.2359738448174881
-0.5497,-0.2359738448174881
-0.5507000000000001,-0.2397935653271237
-0.5517,-0.2395106230671507
-0.5527000000000001,-0.23696414272739363
-0.5537,-0.24630123730650288
-0.5547000000000001,-0.2471500640864219
-0.5557,-0.24630123730650288
-0.5567000000000001,-0.2515356691160035
-0.5577,-0.252525967025909
-0.5587000000000001,-0.25493097623567956
-0.5597,-0.252525967025909
-0.5607000000000001,-0.2584677544853422
-0.5617,-0.2625704172549508
-0.5627000000000001,-0.26327777290488336
-0.5637,-0.2692195603643165
-0.5647000000000001,-0.2661071955046134
-0.5657,-0.268795146974357
-0.5667000000000001,-0.2738881076538711
-0.5677,-0.2738881076538711
-0.5687000000000001,-0.27912253946337173
-0.5697,-0.27869812607341227
-0.5707000000000001,-0.28761080726256194
-0.5717,-0.2857716825727374
-0.5727000000000001,-0.2874693361325754
-0.5737,-0.2958161328017792
-0.5747000000000001,-0.2972308441016442
-0.5757,-0.2992114399214552
-0.5767000000000001,-0.3016164491312258
-0.5777,-0.3044458717309559
-0.5787000000000001,-0.30600205416080745
-0.5797,-0.3074167654606725
-0.5807000000000001,-0.3173197445597277
-0.5817,-0.31378296631006514
-0.5827000000000001,-0.3146317930899841
-0.5837,-0.3214224073293363
-0.5847000000000001,-0.32326153201916086
-0.5857,-0.326656839138837
-0.5867000000000001,-0.33146685755837807
-0.5877,-0.3355695203279867
-0.5887000000000001,-0.34023806761754133
-0.5897,-0.3386818851876898
-0.5907000000000001,-0.34816045089678554
-0.5917,-0.3497166333266371
-0.5927000000000001,-0.3498581044566236
-0.5937,-0.3600440258156518
-0.5947000000000001,-0.3582049011258273
-0.5957,-0.3625905061554089
-0.5967000000000001,-0.3688152358748151
-0.5977,-0.3709373028246126
-0.5987000000000001,-0.3724934852544642
-0.5997,-0.38168910870358685
-0.6007000000000001,-0.385933242603182
-0.6017,-0.387347953903047
-0.6027000000000001,-0.3913091455426691
-0.6037,-0.3988071154319538
-0.6047000000000001,-0.39951447108188637
-0.6057,-0.40432448950142746
-0.6067000000000001,-0.4126712861706312
-0.6077,-0.4123883439106582
-0.6087000000000001,-0.4218669096197539
-0.6097,-0.42172543848976746
-0.6107000000000001,-0.4313454753288497
-0.6117,-0.43474078244852576
-0.6126999999999999,-0.4371457916582963
-0.6137,-0.44818053979724365
-0.6146999999999999,-0.44959525109710863
-0.6157,-0.4549711540365957
-0.6166999999999999,-0.46232765279589394
-0.6177,-0.4671376712154351
-0.6186999999999999,-0.47265504528490876
-0.6197,-0.47520152562466583
-0.6206999999999999,-0.4851045047237211
-0.6217,-0.4911877633131407
-0.6226999999999999,-0.4917536478330867
-0.6237,-0.5071740010016156
-0.6246999999999999,-0.5092960679514131
-0.6257,-0.5160866821907654
-0.6266999999999999,-0.5240090654700096
-0.6277,-0.5285361416295777
-0.6286999999999999,-0.5337705734390784
-0.6297,-0.5419758989782956
-0.6306999999999999,-0.5521618203373237
-0.6317,-0.559801261356595
-0.6326999999999999,-0.5627721550863116
-0.6337,-0.5756460279150835
-0.6346999999999999,-0.5831439978043682
-0.6357,-0.5859734204040982
-0.6366999999999999,-0.5964422840230995
-0.6377,-0.6006864179226945
-0.6386999999999999,-0.6107308681517364
-0.6397,-0.6179458957810481
-0.6406999999999999,-0.6303953552198603
-0.6417,-0.6395909786689831
-0.6426999999999999,-0.6439765836985646
-0.6437,-0.6601042925170262
-0.6446999999999999,-0.6656216665864998
-0.6457,-0.6725537519558386
-0.6466999999999999,-0.6851446825246373
-0.6477,-0.6957550172736251
-0.6486999999999999,-0.7065068231525994
-0.6497,-0.7132974373919515
-0.6507,-0.730556915250305
-0.6517000000000001,-0.7397525386994277
-0.6527,-0.7466846240687663
-0.6537000000000001,-0.7632367462771872
-0.6547,-0.7737056098961885
-0.6557000000000001,-0.7810621086554868
-0.6567,-0.7981801153838536
-0.6577000000000001,-0.8079416233529224
-0.6587,-0.8236449187814244
-0.6597000000000001,-0.8300111196308171
-0.6607,-0.8492511933089816
-0.6617000000000001,-0.8615591816178074
-0.6627,-0.8727354008867412
-0.6637000000000001,-0.8938145992547302
-0.6647,-0.9032931649638258
-0.6657000000000001,-0.9180061624824223
-0.6667,-0.9358315248607216
-0.6677000000000001,-0.9515348202892236
-0.6687,-0.9641257508580224
-0.6697000000000001,-0.979687575156538
-0.6707,-1.0026058982143515
-0.6717000000000001,-1.0161871266930558
-0.6727,-1.0287780572618548
-0.6737000000000001,-1.0562234564792363
-0.6747,-1.0713608673877921
-0.6757000000000001,-1.0869226916863075
-0.6767,-1.1106898415240403
-0.6777000000000001,-1.1327593378019347
-0.6787,-1.1477552775805042
-0.6797000000000001,-1.1669953512586688
-0.6807,-1.19486516386601
-0.6817000000000001,-1.2163687756239585
-0.6827,-1.233345311222339
-0.6837000000000001,-1.2661666133792076
-0.6847,-1.2876702251371563
-0.6857000000000001,-1.3064858854253614
-0.6867,-1.3369021783724597
-0.6877000000000001,-1.3634987508099223
-0.6887,-1.3859926604777764
-0.6897000000000001,-1.4108915793554009
-0.6907,-1.4458349484620676
-0.6917000000000001,-1.472714463159503
-0.6927,-1.499593977856939
-0.6937000000000001,-1.5321323377538347
-0.6947,-1.5632559863508655
-0.6957000000000001,-1.5915502123481662
-0.6967,-1.626917994844792
-0.6977000000000001,-1.660871066041553
-0.6987,-1.6919947146385839
-0.6997000000000001,-1.7245330745354797
-0.7007,-1.769803836131161
-0.7017000000000001,-1.8051716186277869
-0.7027,-1.8391246898245475
-0.7037000000000001,-1.884395451420229
-0.7047,-1.92683679041618
-0.7057000000000001,-1.9664487068124006
-0.7067,-2.013134179707947
-0.7077000000000001,-2.0598196526034935
-0.7087,-2.102260991599445
-0.7097000000000001,-2.1475317531951257
-0.7107,-2.201290782589997
-0.7117000000000001,-2.249390966785408
-0.7127,-2.2974911509808194
-0.7137000000000001,-2.354079602975421
-0.7147,-2.4134974775697526
-0.7157000000000001,-2.461597661765164
-0.7167,-2.5224302476593605
-0.7177000000000001,-2.581848122253692
-0.7187,-2.6426807081478887
-0.7197000000000001,-2.70209858274222
-0.7207,-2.7742488590353367
-0.7217000000000001,-2.842155001428859
-0.7227,-2.900158164723325
-0.7237000000000001,-2.9807967088156326
-0.7247,-3.0515322738088844
-0.7257000000000001,-3.119438416202406
-0.7267,-3.198662248994848
-0.7277000000000001,-3.28354492698675
-0.7287,-3.361354048479327
-0.7297000000000001,-3.437748458672039
-0.7307,-3.5353635383627267
-0.7317000000000001,-3.6216609276544935
-0.7327,-3.7065436056463965
-0.7337000000000001,-3.812646953136274
-0.7347,-3.9130914554266916
-0.7357000000000001,-4.0050476899179195
-0.7367,-4.109736326107932
-0.7376999999999999,-4.22715736399673
-0.7387,-4.330431288886877
-0.7396999999999999,-4.4393640589764845
-0.7407,-4.572346921163798
-0.7416999999999999,-4.691182670352461
-0.7427,-4.80577428564153
-0.7436999999999999,-4.941586570428573
-0.7447,-5.080228277815347
-0.7456999999999999,-5.2075522948032
-0.7467,-5.3504381360895685
-0.7476999999999999,-5.507471090374587
-0.7487,-5.648942220361092
-0.7496999999999999,-5.791828061647459
-0.7507,-5.964422840230995
-0.7516999999999999,-6.124285217115744
-0.7527,-6.281318171400763
-0.7536999999999999,-6.470889485582678
-0.7547,-6.657631377164862
-0.7556999999999999,-6.830226155748398
-0.7567,-7.021212181230177
-0.7576999999999999,-7.230589453610202
-0.7587,-7.425819612991578
-0.7596999999999999,-7.621049772372953
-0.7607,-7.854477136850684
-0.7616999999999999,-8.07800152222936
-0.7627,-8.284549372009655
-0.7636999999999999,-8.526465004286575
-0.7647,-8.774039481762957
-0.7656999999999999,-9.001808001041228
-0.7667,-9.259285457616667
-0.7676999999999999,-9.539398294989942
-0.7687,-9.801119885464974
-0.7696999999999999,-10.0670856098396
-0.7707,-10.376907384510044
-0.7716999999999999,-10.673996757481701
-0.7727,-10.958353728754572
-0.7736999999999999,-11.287981461623128
-0.7747,-11.627512173590738
-0.7757,-11.941578082160774
-0.7767000000000001,-12.279694082828517
-0.7777,-12.648933732093294
-0.7787000000000001,-12.995538000560227
-0.7797,-13.340727557727297
-0.7807000000000001,-13.745334989488695
-0.7817,-14.131551174351852
-0.7827000000000001,-14.486643710617974
-0.7837,-14.911057100577487
-0.7847000000000001,-15.349617603535648
-0.7857,-15.74573676749786
-0.7867000000000001,-16.19844438345467
-0.7877,-16.679446225408782
-0.7887000000000001,-17.118006728366943
-0.7897,-17.570714344323754
-0.7907000000000001,-18.09415752527382
-0.7917,-18.603453593225233
-0.7927000000000001,-19.084455435179343
-0.7937,-19.636192842126707
-0.7947000000000001,-20.187930249074075
-0.7957,-20.69722631702549
-0.7967000000000001,-21.248963723972853
-0.7977,-21.857289582914817
-0.7987000000000001,-22.42317410286083
-0.7997,-22.974911509808198
-0.8007000000000001,-23.62567870774611
-0.8017,-24.262298792685378
-0.8027000000000001,-24.856477538628695
-0.8037,-25.535538962563912
-0.8047000000000001,-26.22874749949778
-0.8057,-26.879514697435695
-0.8067000000000001,-27.58687034736821
-0.8077,-28.364961562293985
-0.8087000000000001,-29.072317212226505
-0.8097,-29.779672862159025
-0.8107000000000001,-30.58605830308209
-0.8117,-31.36414951800786
-0.8127000000000001,-32.07150516794038
-0.8137,-32.892037721862096
-0.8147000000000001,-33.726717388782475
-0.8157,-34.47651437771095
-0.8167000000000001,-35.268752705635364
-0.8177,-36.14587371155169
-0.8187000000000001,-36.95225915247476
-0.8197,-37.77279170639648
-0.8207000000000001,-38.734795390304704
-0.8217,-39.640210622218326
-0.8227000000000001,-40.48903740213735
-0.8237,-41.47933531204288
-0.8247000000000001,-42.497927447945706
-0.8257,-43.41748979285798
-0.8267000000000001,-44.4077877027635
-0.8277,-45.51126251665823
-0.8287000000000001,-46.501560426563756
-0.8297,-47.49185833646928
-0.8307000000000001,-48.59533315036401
-0.8317,-49.59977817326819
-0.8327000000000001,-50.547634744177756
-0.8337,-51.60866821907654
-0.8347000000000001,-52.71214303297127
-0.8357,-53.68829382987814
-0.8367000000000001,-54.73518019177827
-0.8377,-55.9235376836649
-0.8387000000000001,-57.04115961055828
-0.8397,-58.14463442445301
-0.8407000000000001,-59.417874594331536
-0.8417,-60.64867342521412
-0.8427000000000001,-61.780442465106155
-0.8437,-63.02538840898739
-0.8447000000000001,-64.31277569186457
-0.8457,-65.4728389577539
-0.8467000000000001,-66.74607912763243
-0.8477,-68.0900548625042
-0.8487000000000001,-69.26426524139221
-0.8497,-70.38188716828559
-0.8507000000000001,-71.66927445116276
-0.8517,-72.87177905604804
-0.8527000000000001,-73.97525386994278
-0.8537,-75.26264115281995
-0.8547000000000001,-76.57832266169444
-0.8557,-77.73838592758376
-0.8567000000000001,-79.06821454945691
-0.8577,-80.55366141431519
-0.8587000000000001,-81.94007848818292
-0.8597,-83.35478978804795
-0.8607000000000001,-84.95341355689546
-0.8617,-86.4813017607497
-0.8626999999999999,-87.86771883461743
-0.8637,-89.39560703847167
-0.8646999999999999,-90.92349524232591
-0.8657,-92.23917675120039
-0.8666999999999999,-93.55485826007487
-0.8677,-94.92712822094396
-0.8686999999999999,-96.14377993882789
-0.8697,-97.40287299570777
-0.8706999999999999,-98.86002563456876
-0.8717,-100.2464427084365
-0.8726999999999999,-101.59041844330828
-0.8737,-103.16074798615847
-0.8746999999999999,-104.75937175500596
-0.8757,-106.2306715068656
-0.8766999999999999,-107.84344238871174
-0.8777,-109.64012573954034
-0.8786999999999999,-111.23874950838784
-0.8797,-112.80907905123803
-0.8806999999999999,-114.53502683707337
-0.8817,-116.10535637992358
-0.8826999999999999,-117.47762634079265
-0.8837,-119.01966165764553
-0.8846999999999999,-120.53340274850112
-0.8857,-121.80664291837965
-0.8866999999999999,-122.08958517835266
-0.8857,-121.11343438144578
-0.8846999999999999,-119.92507688955916
-0.8837,-118.80745496266577
-0.8826999999999999,-117.97277529574541
-0.8817,-117.06736006383179
-0.8806999999999999,-115.97803236293572
-0.8797,-115.11505847001803
-0.8786999999999999,-114.2945259160963
-0.8777,-113.29008089319213
-0.8766999999999999,-112.34222432228256
-0.8757,-111.4792504293649
-0.8746999999999999,-110.41821695446612
-0.8737,-109.27230080157544
-0.8726999999999999,-108.2820028916699
-0.8717,-107.09364539978327
-0.8706999999999999,-105.76381677791014
-0.8697,-104.57545928602352
-0.8686999999999999,-103.42954313313282
-0.8677,-102.12800873725699
-0.8666999999999999,-100.95379835836901
-0.8657,-99.94935333546483
-0.8646999999999999,-98.83173140857146
-0.8637,-97.77069793367268
-0.8626999999999999,-96.92187115375367
-0.8617,-95.98816169584275
-0.8607000000000001,-94.91298110794531
-0.8597,-93.99341876303303
-0.8587000000000001,-93.08800353111941
-0.8577,-92.01282294322199
-0.8567000000000001,-90.89520101632861
-0.8557,-89.84831465442848
-0.8547000000000001,-88.65995716254186
-0.8537,-87.45745255765657
-0.8527000000000001,-86.42471330875509
-0.8517,-85.30709138186171
-0.8507000000000001,-84.14702811597239
-0.8497,-83.22746577106011
-0.8487000000000001,-82.30790342614785
-0.8477,-81.24686995124905
-0.8467000000000001,-80.28486626734085
-0.8457,-79.45018660042047
-0.8447000000000001,-78.48818291651223
-0.8437,-77.49788500660672
-0.8427000000000001,-76.66320533968634
-0.8417,-75.7294958817754
-0.8407000000000001,-74.64016818087934
-0.8397,-73.69231160996976
-0.8387000000000001,-72.70201370006424
-0.8377,-71.52780332117625
-0.8367000000000001,-70.46676984627747
-0.8357,-69.53306038836655
-0.8347000000000001,-68.45787980046913
-0.8337,-67.36855209957304
-0.8327000000000001,-66.47728398065809
-0.8317,-65.54357452274715
-0.8307000000000001,-64.49668816084701
-0.8297,-63.633714267929356
-0.8287000000000001,-62.82732882700627
-0.8277,-61.921913595092654
-0.8267000000000001,-61.11552815416958
-0.8257,-60.37987827823977
-0.8247000000000001,-59.51690438532209
-0.8237,-58.63978337940577
-0.8227000000000001,-57.87583927747865
-0.8217,-57.05530672355693
-0.8207000000000001,-56.13574437864466
-0.8197,-55.34350605072023
-0.8187000000000001,-54.551267722795814
-0.8177,-53.58926403888759
-0.8167000000000001,-52.68384880697396
-0.8157,-51.80672780105764
-0.8147000000000001,-50.88716545614537
-0.8137,-50.0807800152223
-0.8127000000000001,-49.444159930283035
-0.8117,-48.75095139334916
-0.8107000000000001,-47.95871306542474
-0.8097,-47.26550452849088
-0.8087000000000001,-46.586443104555656
-0.8077,-45.79420477663124
-0.8067000000000001,-45.05855490070142
-0.8057,-44.4077877027635
-0.8047000000000001,-43.643843600836384
-0.8037,-42.837458159913304
-0.8027000000000001,-42.158396735978094
-0.8017,-41.42274686004827
-0.8007000000000001,-40.616361419125205
-0.7997,-39.95144710818864
-0.7987000000000001,-39.314827023249364
-0.7977,-38.57917714731955
-0.7967000000000001,-37.92840994938163
-0.7957,-37.34837831643697
-0.7947000000000001,-36.69761111849905
-0.7937,-36.04684392056114
-0.7927000000000001,-35.52340073961108
-0.7917,-34.92922199366775
-0.7907000000000001,-34.26430768273119
-0.7897,-33.68427604978652
-0.7887000000000001,-33.11839152984051
-0.7877,-32.48177144490124
-0.7867000000000001,-31.901739811956578
-0.7857,-31.350002405009217
-0.7847000000000001,-30.741676546067247
-0.7837,-30.13335068712528
-0.7827000000000001,-29.609907506175215
-0.7817,-29.058170099227848
-0.7807000000000001,-28.463991353284538
-0.7797,-27.968842398331773
-0.7787000000000001,-27.487840556377662
-0.7777,-26.936103149430302
-0.7767000000000001,-26.440954194477534
-0.7757,-26.002393691519377
-0.7747,-25.507244736566612
-0.7736999999999999,-25.012095781613848
-0.7727,-24.601829504652986
-0.7716999999999999,-24.134974775697525
-0.7707,-23.639825820744765
-0.7696999999999999,-23.2012653177866
-0.7687,-22.76270481482844
-0.7676999999999999,-22.281702972874328
-0.7667,-21.843142469916167
-0.7656999999999999,-21.447023305953955
-0.7647,-20.994315689997144
-0.7636999999999999,-20.569902300037633
-0.7627,-20.202077362072725
-0.7616999999999999,-19.805958198110513
-0.7607,-19.395691921149652
-0.7596999999999999,-19.042014096183394
-0.7587,-18.688336271217132
-0.7576999999999999,-18.292217107254928
-0.7567,-17.938539282288666
-0.7556999999999999,-17.613155683319707
-0.7547,-17.259477858353446
-0.7536999999999999,-16.90580003338719
-0.7527,-16.60871066041553
-0.7516999999999999,-16.269179948447924
-0.7507,-15.91550212348166
-0.7496999999999999,-15.604265637511356
-0.7487,-15.307176264539699
-0.7476999999999999,-14.967645552572087
-0.7467,-14.67055617960043
-0.7456999999999999,-14.401761032626075
-0.7447,-14.093353969255496
-0.7436999999999999,-13.787776328484648
-0.7427,-13.537372428408537
-0.7416999999999999,-13.264333147534584
-0.7407,-12.970073197162657
-0.7396999999999999,-12.72108400838641
-0.7387,-12.474924242209893
-0.7376999999999999,-12.196226116136481
-0.7367,-11.95148106125983
-0.7357000000000001,-11.725127253281423
-0.7347,-11.466235085406122
-0.7337000000000001,-11.21017234013055
-0.7327,-10.997965645150796
-0.7317000000000001,-10.764538280673063
-0.7307,-10.522622648396142
-0.7297000000000001,-10.318904221215577
-0.7287,-10.113771082735147
-0.7277000000000001,-9.887417274756743
-0.7267,-9.686528270175906
-0.7257000000000001,-9.499786378593722
-0.7247,-9.294653240113291
-0.7237000000000001,-9.090934812932726
-0.7227,-8.92116945694892
-0.7217000000000001,-8.735842276666602
-0.7207,-8.537782694685495
-0.7197000000000001,-8.375090895201017
-0.7187,-8.212399095716538
-0.7177000000000001,-8.017168936335162
-0.7167,-7.851647714250955
-0.7157000000000001,-7.69885889386553
-0.7147,-7.526264115281995
-0.7137000000000001,-7.357913470598056
-0.7127,-7.219271763211282
-0.7117000000000001,-7.067897654125724
-0.7107,-6.9052058546412445
-0.7097000000000001,-6.77222299245393
-0.7087,-6.6364107076668875
-0.7077000000000001,-6.487866021181058
-0.7067,-6.3548831589937445
-0.7057000000000001,-6.227559142005892
-0.7047,-6.090332145918983
-0.7037000000000001,-5.958763995031535
-0.7027,-5.848416513642062
-0.7017000000000001,-5.723921919253939
-0.7007,-5.58952434576676
-0.6997000000000001,-5.487665132176478
-0.6987,-5.373073516887409
-0.6977000000000001,-5.247164211199421
-0.6967,-5.139646152409678
-0.6957000000000001,-5.040616361419126
-0.6947,-4.927439457429923
-0.6937000000000001,-4.818506687340315
-0.6927,-4.735038720648277
-0.6917000000000001,-4.630350084458265
-0.6907,-4.527076159568118
-0.6897000000000001,-4.44077877027635
-0.6887,-4.347407824485257
-0.6877000000000001,-4.2483780334947046
-0.6867,-4.163495355502803
-0.6857000000000001,-4.077197966211036
-0.6847,-3.9909005769192687
-0.6837000000000001,-3.9003590537279056
-0.6827,-3.8296234887346547
-0.6817000000000001,-3.748984944642347
-0.6807,-3.658443421450985
-0.6797000000000001,-3.594781412957058
-0.6787,-3.5169722914644814
-0.6777000000000001,-3.436333747372174
-0.6767,-3.368427604978652
-0.6757000000000001,-3.3019361738849957
-0.6747,-3.2340300314914736
-0.6737000000000001,-3.159050332598627
-0.6727,-3.1052913032037557
-0.6717000000000001,-3.0402145834099636
-0.6707,-2.972308441016442
-0.6697000000000001,-2.91571998902184
-0.6687,-2.8577168257273744
-0.6677000000000001,-2.7898106833338523
-0.6667,-2.737466365238846
-0.6657000000000001,-2.6837073358439745
-0.6647,-2.6285335951492383
-0.6637000000000001,-2.5691157205549064
-0.6627,-2.5210155363594953
-0.6617000000000001,-2.467256506964624
-0.6607,-2.412082766269888
-0.6597000000000001,-2.3682267159740715
-0.6587,-2.3172971091789303
-0.6577000000000001,-2.2663675023837886
-0.6567,-2.2225114520879723
-0.6557000000000001,-2.178655401792157
-0.6547,-2.13196992889661
-0.6537000000000001,-2.085284456001064
-0.6527,-2.048501962204573
-0.6517000000000001,-2.001816489309027
-0.6507,-1.9551310164134805
-0.6497,-1.92400736781645
-0.6486999999999999,-1.8858101627200938
-0.6477,-1.8362952672248178
-0.6466999999999999,-1.8051716186277869
-0.6457,-1.769803836131161
-0.6446999999999999,-1.7287772084350748
-0.6437,-1.694824137238314
-0.6426999999999999,-1.6665299112410132
-0.6417,-1.6297474174445223
-0.6406999999999999,-1.5943796349478963
-0.6397,-1.5646706976507305
-0.6386999999999999,-1.5335470490536998
-0.6377,-1.499593977856939
-0.6366999999999999,-1.472714463159503
-0.6357,-1.4444202371622026
-0.6346999999999999,-1.4125892329152392
-0.6337,-1.383304709008033
-0.6326999999999999,-1.3615181549901114
-0.6317,-1.3318092176929455
-0.6306999999999999,-1.2978561464961846
-0.6297,-1.2762110636082498
-0.6286999999999999,-1.2521609715105442
-0.6277,-1.2221690919534054
-0.6266999999999999,-1.2025046048852812
-0.6257,-1.176332445837778
-0.6246999999999999,-1.1504432290502478
-0.6237,-1.1256857813026095
-0.6226999999999999,-1.1082848323142698
-0.6217,-1.0836688556966183
-0.6206999999999999,-1.0570722832591555
-0.6197,-1.042359285740559
-0.6186999999999999,-1.020431260592651
-0.6177,-0.9972299952748643
-0.6166999999999999,-0.977424037076754
-0.6157,-0.961154857128306
-0.6146999999999999,-0.9434709658799929
-0.6137,-0.9201282294322198
-0.6126999999999999,-0.9065470009535155
-0.6117,-0.8850433891955669
-0.6107000000000001,-0.8658033155174024
-0.6097,-0.8539197405985361
-0.6087000000000001,-0.832274657710601
-0.6077,-0.8147322375922746
-0.6067000000000001,-0.8024242492834487
-0.6057,-0.7848818291651223
-0.6047000000000001,-0.7700273605165394
-0.6037,-0.7531922960481455
-0.6027000000000001,-0.7434307880790767
-0.6017,-0.7258883679607504
-0.6007000000000001,-0.7065068231525994
-0.5997,-0.6973111997034765
-0.5987000000000001,-0.6796273084551637
-0.5977,-0.6629337151167561
-0.5967000000000001,-0.6554357452274714
-0.5957,-0.6390250941490371
-0.5947000000000001,-0.6291221150499817
-0.5937,-0.6137017618814529
-0.5927000000000001,-0.6056379074722221
-0.5917,-0.5897931409137338
-0.5907000000000001,-0.5749386722651508
-0.5897,-0.5712604228855018
-0.5887000000000001,-0.5556985985869863
-0.5877,-0.5436735525381337
-0.5867000000000001,-0.5316485064892809
-0.5857,-0.519623460440428
-0.5847000000000001,-0.5124084328111163
-0.5837,-0.49896867546239837
-0.5827000000000001,-0.49104629218315415
-0.5817,-0.480577428564153
-0.5807000000000001,-0.4671376712154351
-0.5797,-0.46289353731584
-0.5787000000000001,-0.45100996239697366
-0.5777,-0.4412484544279049
-0.5767000000000001,-0.4344578401885528
-0.5757,-0.42469633221948405
-0.5747000000000001,-0.41465188199044223
-0.5737,-0.404465960631414
-0.5727000000000001,-0.4005047689917918
-0.5717,-0.387065011643074
-0.5707000000000001,-0.3780108593239378
-0.5697,-0.37659614802407276
-0.5687000000000001,-0.36358080406531446
-0.5677,-0.3541022383562187
-0.5667000000000001,-0.35212164253640765
-0.5657,-0.33981365422758186
-0.5647000000000001,-0.33344745337818915
-0.5637,-0.3246762433190259
-0.5627000000000001,-0.32411035879907985
-0.5617,-0.31208531275022705
-0.5607000000000001,-0.30175792026121234
-0.5597,-0.30175792026121234
-0.5587000000000001,-0.2929867102020491
-0.5577,-0.2843569712728724
-0.5567000000000001,-0.28336667336296684
-0.5557,-0.27148309844410057
-0.5547000000000001,-0.27105868505414105
-0.5537,-0.2625704172549508
-0.5527000000000001,-0.2594580523952477
-0.5517,-0.25139419798601703
-0.5507000000000001,-0.24531093939659734
-0.5497,-0.2426229879268538
-0.5487000000000001,-0.23583237368750162
-0.5477,-0.2273441058883114
-0.5467000000000001,-0.22465615441856782
-0.5457,-0.2181484824391887
-0.5447000000000001,-0.21362140627962053
-0.5437,-0.2076796188201874
-0.5427000000000001,-0.20683079204026839
-0.5417,-0.19820105311109162
-0.5407000000000001,-0.192117794521672
-0.5397,-0.1919763233916855
-0.5387000000000001,-0.18631747819222533
-0.5377,-0.18235628655260325
-0.5367000000000001,-0.17938539282288665
-0.5357,-0.17089712502369644
-0.5347000000000001,-0.17188742293360199
-0.5337,-0.1626917994844792
-0.5327000000000001,-0.1619844438345467
-0.5317,-0.1585891367148706
-0.5307000000000001,-0.154203531685289
-0.5297,-0.15165705134553195
-0.5287000000000001,-0.14628114840604478
-0.5277,-0.14175407224647668
-0.5267000000000001,-0.14108915793554008
-0.5257,-0.1352181060411002
-0.5247,-0.13200671139040657
-0.5236999999999999,-0.1275503707958317
-0.5227,-0.12767769481281957
-0.5216999999999999,-0.12070316810448493
-0.5207,-0.11442184993308416
-0.5196999999999999,-0.11791618684375081
-0.5187,-0.1131627568762043
-0.5176999999999999,-0.10604675903788315
-0.5167,-0.1079990606316969
-0.5156999999999999,-0.1039529863140829
-0.5147,-0.10004838312645539
-0.5136999999999999,-0.09669551734577525
-0.5127,-0.0958608376788549
-0.5116999999999999,-0.09222502963820174
-0.5107,-0.08791016017361337
-0.5096999999999999,-0.08762721791364038
-0.5087,-0.08232205053914649
-0.5076999999999999,-0.0807800152222936
-0.5067,-0.08203910827917348
-0.5056999999999999,-0.07492311044085233
-0.5047,-0.0733952222369981
-0.5036999999999999,-0.0717117157901587
-0.5027,-0.07087703612323834
-0.5016999999999999,-0.0679485837325177
-0.5007,-0.06626507728567832
-0.4996999999999999,-0.06473718908182408
-0.49870000000000003,-0.06152579443113045
-0.4976999999999999,-0.05873881317039633
-0.49670000000000003,-0.06069111476421007
-0.4956999999999999,-0.05593768479666354
-0.49470000000000003,-0.05398538320284981
-0.4936999999999999,-0.048538744698369406
-0.4927,-0.05272629014596992
-0.4916999999999999,-0.0461761768275948
-0.4907,-0.04254036878694165
-0.4896999999999999,-0.044775612640728414
-0.4887,-0.04156421799003478
-0.4876999999999999,-0.03737667254243427
-0.4867,-0.04156421799003478
-0.48570000000000013,-0.03542437094862052
-0.4847,-0.03402380676175413
-0.48370000000000013,-0.03193003403795388
-0.4827,-0.03137829663100652
-0.48170000000000013,-0.029284523907206258
-0.4807,-0.023696414272739365
-0.4797000000000001,-0.029836261314153626
-0.4787,-0.021602641548939108
-0.4777000000000001,-0.023837885402725866
-0.4767,-0.024403769922671882
-0.4757000000000001,-0.020626490752032236
-0.4747,-0.021744112678925617
-0.4737000000000001,-0.018815660288204986
-0.4727,-0.019791811085111865
-0.4717000000000001,-0.014769585970590984
-0.4707,-0.009603060303483868
-0.4697000000000001,-0.01629747417444522
-0.4687,-0.011696833027284121
-0.4677000000000001,-0.007509287579683614
-0.4667,-0.01085932393776402
-0.4657000000000001,-0.007230589453610202
-0.4647,-0.004856703892436672
-0.4637000000000001,-0.005275458437196722
-0.4627,-0.005834269400643411
-0.4617000000000001,-0.004019194802916569
-0.4607,-0.00011166316289834735
-0.4597000000000001,-0.0034617985507697452
-0.4587,0.002400765075870967
-0.4577000000000001,0.002819519620631018
-0.4567,0.0019820105311109163
-0.4557000000000001,0.003797085128837758
-0.4547,0.003935726836224532
-0.4537000000000001,0.002819519620631018
-0.4527,0.007285763194304939
-0.4517000000000001,0.008960781373345144
-0.4507,0.00826332870251168
-0.4497000000000001,0.005750801433951375
-0.4487,0.010775855971071984
-0.4477000000000001,0.012589515857498962
-0.4467,0.0071457067756183
-0.4457000000000001,0.012030704894052273
-0.4447,0.013705723073092474
-0.4437000000000001,0.015943796349478963
-0.4427,0.010076988588938657
-0.4417000000000001,0.015519382959519455
-0.4407,0.020683079204026837
-0.4397000000000001,0.01426028990263957
-0.4387,0.0191551910001726
-0.4377000000000001,0.019565457277133456
-0.4367,0.014826174422585584
-0.4357000000000001,0.02208364339089322
-0.4347,0.01858930648022658
-0.4337000000000001,0.0230597941878001
-0.4327,0.020400136944053827
-0.4317000000000001,0.02543650917157336
-0.43069999999999997,0.02277685192782709
-0.4297000000000001,0.023753002724733966
-0.42869999999999997,0.022493909667854084
-0.4277000000000001,0.02655413109846674
-0.42669999999999997,0.0232012653177866
-0.4257000000000001,0.024729153521640842
-0.42469999999999997,0.02627118883849373
-0.4237000000000001,0.028364961562293983
-0.42269999999999996,0.02668145511545459
-0.4217000000000001,0.028916698969241348
-0.42069999999999996,0.03548095940061512
-0.4197000000000001,0.0308690005630551
-0.41869999999999996,0.03184515135996198
-0.41770000000000007,0.033104244416841865
-0.41669999999999996,0.03198662248994848
-0.41570000000000007,0.03590537279057463
-0.41469999999999996,0.034915074880669104
-0.41370000000000007,0.037291789864442364
-0.41269999999999996,0.03324571554682836
-0.41170000000000007,0.03799914551437489
-0.41069999999999995,0.03700884760446936
-0.40970000000000006,0.03338718667681487
-0.40869999999999995,0.036457110197522
-0.40770000000000006,0.037150318734455866
-0.40669999999999995,0.03700884760446936
-0.40570000000000006,0.03995144710818864
-0.40469999999999995,0.03855088292132225
-0.40370000000000006,0.039244091458256115
-0.40269999999999995,0.038126469531362735
-0.40170000000000006,0.040644655645122506
-0.40069999999999995,0.04357310803584313
-0.39970000000000006,0.03617416793754899
-0.39869999999999994,0.039244091458256115
-0.39770000000000005,0.043290165775870124
-0.39669999999999994,0.039244091458256115
-0.39570000000000005,0.04176227757201588
-0.39469999999999994,0.04357310803584313
-0.39370000000000005,0.04399752142580264
-0.39269999999999994,0.043856050295816136
-0.39170000000000005,0.043856050295816136
-0.39069999999999994,0.04594982301961639
-0.38970000000000005,0.04204521983198889
-0.38869999999999993,0.04692597381652327
-0.38770000000000004,0.04538393849967037
-0.38669999999999993,0.042738428368922755
-0.38570000000000004,0.046360089296577256
-0.38469999999999993,0.047350387206482776
-0.38370000000000004,0.04483220109272301
-0.38269999999999993,0.04664303155655026
-0.38170000000000004,0.046784502686536764
-0.3806999999999999,0.04901974654032352
-0.37970000000000004,0.04343163690585663
-0.3786999999999999,0.048185066873403154
-0.37770000000000004,0.04930268880029653
-0.3766999999999999,0.047619182353457135
-0.37570000000000003,0.048736804280350515
-0.3746999999999999,0.051665256671071136
-0.37370000000000003,0.05054763474417776
-0.3726999999999999,0.047350387206482776
-0.37170000000000003,0.05097204813413727
-0.3706999999999999,0.05237261232100365
-0.36970000000000003,0.04776065348344364
-0.3686999999999999,0.051113519264123775
-0.3677,0.05264140746797802
-0.3666999999999999,0.04944415993028303
-0.3657,0.051665256671071136
-0.3646999999999999,0.052514083450990165
-0.3637,0.05208967006103065
-0.3626999999999999,0.05264140746797802
-0.3617,0.049571483947270886
-0.36070000000000013,0.05446638504480392
-0.3597,0.04944415993028303
-0.35870000000000013,0.05627721550863116
-0.3577,0.05306582085793753
-0.35670000000000013,0.049854426207243896
-0.3557,0.056828952915578525
-0.3547000000000001,0.05264140746797802
-0.3537,0.05460785617479042
-0.3527000000000001,0.05460785617479042
-0.3517,0.05460785617479042
-0.3507000000000001,0.055711330988685144
-0.3497,0.0541834427848309
-0.3487000000000001,0.05530106471172429
-0.3477,0.05989887643628565
-0.3467000000000001,0.0540419716548444
-0.3457,0.05670162889859067
-0.3447000000000001,0.05501812245175128
-0.3437,0.05753630856551105
-0.3427000000000001,0.05641868663861766
-0.3417,0.055711330988685144
-0.3407000000000001,0.0578051037124854
-0.3397,0.052782878597964523
-0.3387000000000001,0.05753630856551105
-0.3377,0.05822951710244491
-0.3367000000000001,0.052514083450990165
-0.3357,0.0596300812893113
-0.3347000000000001,0.05822951710244491
-0.3337,0.059488610159324794
-0.3327000000000001,0.056560157768604166
-0.3317,0.05599427324865815
-0.3307000000000001,0.06186532514309807
-0.3297,0.057946574842471905
-0.3287000000000001,0.06004034756627216
-0.3277,0.05808804597245841
-0.3267000000000001,0.05585280211867165
-0.3257,0.0619926491600859
-0.3247000000000001,0.05906419676936528
-0.3237,0.05808804597245841
-0.3227000000000001,0.05906419676936528
-0.3217,0.06074770321620467
-0.3207000000000001,0.062134120290072405
-0.3197,0.0578051037124854
-0.3187000000000001,0.06088917434619118
-0.3177,0.06284147594000493
-0.3167000000000001,0.06018181869625867
-0.3157,0.06325174221696579
-0.3147000000000001,0.06074770321620467
-0.3137,0.06172385401311155
-0.3127000000000001,0.06046476095623167
-0.3117,0.06241706255004542
-0.3107000000000001,0.06255853368003192
-0.3097,0.06158238288312505
-0.3087000000000001,0.06702902138760544
-0.3077,0.06298294706999143
-0.3067000000000001,0.06101649836317903
-0.30569999999999997,0.06451083527384567
-0.3047000000000001,0.06534551494076604
-0.30369999999999997,0.06298294706999143
-0.3027000000000001,0.060606232086218174
-0.30169999999999997,0.06158238288312505
-0.3007000000000001,0.06562845720073905
-0.29969999999999997,0.06186532514309807
-0.2987000000000001,0.06465230640383217
-0.29769999999999996,0.0636761556069253
-0.2967000000000001,0.062275591420058916
-0.29569999999999996,0.06325174221696579
-0.2947000000000001,0.06520404381077954
-0.29369999999999996,0.06436936414385917
-0.29270000000000007,0.062134120290072405
-0.29169999999999996,0.0635346844769388
-0.29070000000000007,0.06618019460768641
-0.28969999999999996,0.06186532514309807
-0.28870000000000007,0.06618019460768641
-0.28769999999999996,0.06479377753381868
-0.28670000000000007,0.06548698607075255
-0.28569999999999995,0.06674607912763245
-0.28470000000000006,0.06520404381077954
-0.28369999999999995,0.06841543846147317
-0.28270000000000006,0.06158238288312505
-0.28169999999999995,0.06660460799764592
-0.28070000000000006,0.06591139946071205
-0.27969999999999995,0.06422789301387266
-0.27870000000000006,0.06618019460768641
-0.27769999999999995,0.06632166573767292
-0.27670000000000006,0.06158238288312505
-0.27569999999999995,0.06967453151835307
-0.27470000000000006,0.06576992833072555
-0.27369999999999994,0.06618019460768641
-0.27270000000000005,0.0678637010545258
-0.27169999999999994,0.06591139946071205
-0.27070000000000005,0.06912279411140569
-0.26969999999999994,0.06562845720073905
-0.26870000000000005,0.06660460799764592
-0.26769999999999994,0.06743928766456629
-0.26670000000000005,0.06451083527384567
-0.26569999999999994,0.06953306038836657
-0.26470000000000005,0.0677222299245393
-0.26369999999999993,0.0672978165345798
-0.26270000000000004,0.07050921118527342
-0.26169999999999993,0.06814664331449882
-0.26070000000000004,0.07176830424215332
-0.25969999999999993,0.07176830424215332
-0.25870000000000004,0.06939158925838004
-0.25769999999999993,0.0728859261690467
-0.25670000000000004,0.06814664331449882
-0.2556999999999999,0.0730273972990332
-0.25470000000000004,0.0675807587945528
-0.2536999999999999,0.07107509570521944
-0.25270000000000004,0.06912279411140569
-0.2516999999999999,0.07009894490831257
-0.25070000000000003,0.07357913470598056
-0.24969999999999992,0.0675807587945528
-0.24870000000000003,0.07148536198218029
-0.24769999999999992,0.06925011812839355
-0.24670000000000003,0.07065068231525992
-0.24569999999999992,0.07233418876209932
-0.24470000000000003,0.07121656683520594
-0.24369999999999992,0.07343766357599404
-0.24270000000000003,0.07065068231525992
-0.24169999999999991,0.07260298390907369
-0.24070000000000003,0.0733103395590062
-0.2396999999999999,0.06953306038836657
-0.23870000000000002,0.07483822776286045
-0.2376999999999999,0.07386207696595355
-0.23670000000000002,0.07205124650212633
-0.23570000000000013,0.07540411228280645
-0.23470000000000002,0.07316886842901969
-0.23370000000000013,0.07386207696595355
-0.23270000000000002,0.07246151277908719
-0.23170000000000013,0.07205124650212633
-0.23070000000000002,0.07483822776286045
-0.22970000000000013,0.07121656683520594
-0.22870000000000001,0.07595584968975382
-0.22770000000000012,0.07581437855976732
-0.2267,0.0728859261690467
-0.22570000000000012,0.07679052935667419
-0.2247,0.07553143629979431
-0.22370000000000012,0.07442796148589957
-0.2227,0.07526264115281994
-0.22170000000000012,0.07372060583596705
-0.2207,0.07971898174739482
-0.21970000000000012,0.07400354809594006
-0.2187,0.0774978850066067
-0.21770000000000012,0.0774978850066067
-0.2167,0.07386207696595355
-0.2157000000000001,0.08042633739732732
-0.2147,0.07847403580351359
-0.2137000000000001,0.07930871547043396
-0.2127,0.08028486626734083
-0.2117000000000001,0.07847403580351359
-0.2107,0.08042633739732732
-0.2097000000000001,0.0773564138766202
-0.2087,0.0811195459342612
-0.2077000000000001,0.08056780852731382
-0.2067,0.07819109354354058
-0.2057000000000001,0.08083660367428819
-0.2047,0.07930871547043396
-0.2037000000000001,0.08028486626734083
-0.2027,0.08140248819423422
-0.2017000000000001,0.08252011012112759
-0.2007,0.08126101706424771
-0.1997000000000001,0.07902577321046096
-0.1987,0.08154395932422072
-0.1977000000000001,0.08404799832498183
-0.19669999999999999,0.08069513254430169
-0.1957000000000001,0.08195422560118158
-0.19469999999999998,0.08168543045420722
-0.1937000000000001,0.0826615812511141
-0.19269999999999998,0.08209569673116808
-0.1917000000000001,0.08502414912188871
-0.1907000000000001,0.08321331865806145
-0.1897000000000002,0.08293037639808845
-0.1887000000000001,0.08544856251184822
-0.1877000000000002,0.08614177104878207
-0.1867000000000001,0.08377920317800747
-0.1857000000000002,0.08921169456948921
-0.1847000000000001,0.08642471330875509
-0.1837000000000002,0.08642471330875509
-0.18270000000000008,0.08502414912188871
-0.1817000000000002,0.08697645071570247
-0.18070000000000008,0.08851848603255535
-0.1797000000000002,0.08796674862560798
-0.17870000000000008,0.08461388284492784
-0.1777000000000002,0.08837701490256884
-0.17670000000000008,0.08880142829252836
-0.1757000000000002,0.09006052134940823
-0.17470000000000008,0.08949463682946222
-0.1737000000000002,0.09089520101632861
-0.17270000000000008,0.08809407264259583
-0.17170000000000019,0.08977757908943522
-0.17070000000000007,0.08880142829252836
-0.16970000000000018,0.08614177104878207
-0.16870000000000007,0.09075372988634212
-0.16770000000000018,0.09089520101632861
-0.16670000000000007,0.08768380636563497
-0.16570000000000018,0.09172988068324898
-0.16470000000000007,0.09270603148015585
-0.16370000000000018,0.09313044487011536
-0.16270000000000007,0.09410659566702224
-0.16170000000000018,0.09284750261014235
-0.16070000000000007,0.09577595500086299
-0.15970000000000018,0.09172988068324898
-0.15870000000000006,0.09479980420395612
-0.15770000000000017,0.09717651918772936
-0.15670000000000006,0.09325776888710322
-0.15570000000000017,0.09591742613084948
-0.15470000000000006,0.09744531433470371
-0.15370000000000017,0.09522421759391562
-0.15270000000000006,0.09339924001708971
-0.15170000000000017,0.09731799031771587
-0.15070000000000006,0.10163285978230424
-0.14970000000000017,0.09479980420395612
-0.14870000000000005,0.0987044073915836
-0.14770000000000016,0.09731799031771587
-0.14670000000000005,0.09829414111462276
-0.14570000000000016,0.10010497157845
-0.14470000000000005,0.10177433091229074
-0.14370000000000016,0.09953908705850398
-0.14270000000000005,0.09968055818849049
-0.14170000000000016,0.10079818011538387
-0.14070000000000005,0.10093965124537037
-0.13970000000000016,0.09815266998463625
-0.13870000000000005,0.10567893409991824
-0.13770000000000016,0.10289195283918412
-0.13670000000000004,0.10163285978230424
-0.13570000000000015,0.10484425443299787
-0.13470000000000004,0.104433988156037
-0.13370000000000015,0.10624481861986426
-0.13270000000000004,0.10289195283918412
-0.13170000000000015,0.1093147421405714
-0.13070000000000004,0.10791417795370499
-0.12970000000000015,0.10317489509915713
-0.12870000000000004,0.10638628974985076
-0.12770000000000015,0.10722096941677112
-0.12670000000000003,0.10596187635989125
-0.12570000000000014,0.10876300473362402
-0.12470000000000003,0.1093147421405714
-0.12370000000000014,0.10833859134366451
-0.12270000000000003,0.1080556490836915
-0.12170000000000014,0.11126704373438513
-0.12070000000000003,0.11266760792125154
-0.11970000000000014,0.1093147421405714
-0.11870000000000003,0.11224319453129203
-0.11770000000000014,0.11014942180749175
-0.11670000000000003,0.10903179988059837
-0.11570000000000014,0.11433696725509226
-0.11470000000000002,0.11490285177503827
-0.11370000000000013,0.11140851486437164
-0.11270000000000002,0.11224319453129203
-0.11170000000000013,0.11573753144195865
-0.11070000000000024,0.11740689077579938
-0.10970000000000013,0.11419549612510577
-0.10870000000000024,0.11768983303577239
-0.10770000000000013,0.11768983303577239
-0.10670000000000024,0.11643073997889253
-0.10570000000000013,0.11880745496266579
-0.10470000000000024,0.11740689077579938
-0.10370000000000013,0.11866598383267928
-0.10270000000000024,0.1175483619057859
-0.10170000000000012,0.11921772123962665
-0.10070000000000023,0.12242911589032028
-0.09970000000000012,0.1218773784833729
-0.09870000000000023,0.11909039722263878
-0.09770000000000012,0.1232779426702393
-0.09670000000000023,0.11909039722263878
-0.09570000000000012,0.12578198167100044
-0.09470000000000023,0.1214529650934134
-0.09370000000000012,0.12452288861412053
-0.09270000000000023,0.12620639506095993
-0.09170000000000011,0.12368820894720017
-0.09070000000000022,0.12606492393097343
-0.08970000000000011,0.12299500041026629
-0.08870000000000022,0.12759281213482765
-0.08770000000000011,0.1283001677847602
-0.08670000000000022,0.12996952711860094
-0.08570000000000011,0.13053541163854693
-0.08470000000000022,0.12885190519170753
-0.08370000000000011,0.1285831100447332
-0.08270000000000022,0.12871043406172103
-0.0817000000000001,0.12955926084164004
-0.08070000000000022,0.1324877132323607
-0.0797000000000001,0.12815869665477364
-0.07870000000000021,0.13360533515925405
-0.0777000000000001,0.1313700913054673
-0.07670000000000021,0.1315115624354538
-0.0757000000000001,0.1349917522331218
-0.07470000000000021,0.13458148595616093
-0.0737000000000001,0.13694405382693556
-0.07270000000000021,0.1324877132323607
-0.0717000000000001,0.13541616562308129
-0.07070000000000021,0.1365337875499747
-0.0697000000000001,0.13472295708614743
-0.0687000000000002,0.1348502811031353
-0.0677000000000001,0.13848608914378846
-0.0667000000000002,0.1365337875499747
-0.06570000000000009,0.13862756027377496
-0.0647000000000002,0.1394622399406953
-0.06370000000000009,0.1404383907376022
-0.0627000000000002,0.13876903140376146
-0.06170000000000009,0.14127307040452258
-0.0607000000000002,0.14472496597619325
-0.059700000000000086,0.1404383907376022
-0.058700000000000196,0.14415908145624726
-0.057700000000000085,0.1426028990263957
-0.056700000000000195,0.1423199567664227
-0.05570000000000008,0.14458349484620675
-0.05470000000000019,0.14628114840604478
-0.05370000000000008,0.1458567350160853
-0.05270000000000019,0.14387613919627423
-0.05170000000000008,0.14840321535584233
-0.05070000000000019,0.14854468648582883
-0.04970000000000008,0.14543232162612577
-0.04870000000000019,0.1509496956955994
-0.047700000000000076,0.1502423400456669
-0.046700000000000186,0.14415908145624726
-0.045700000000000074,0.1503838111756534
-0.044700000000000184,0.14854468648582883
-0.04370000000000007,0.1509496956955994
-0.04270000000000018,0.1498179266557074
-0.04170000000000007,0.15264734925543746
-0.04070000000000018,0.1543450028152755
-0.03970000000000007,0.15222293586547794
-0.03870000000000018,0.15392058942531597
-0.03770000000000007,0.15731589654499206
-0.03670000000000018,0.15363764716534298
-0.035700000000000065,0.15618412750510002
-0.034700000000000175,0.15646706976507307
-0.03370000000000006,0.1584476655848841
-0.03270000000000017,0.1584476655848841
-0.03170000000000006,0.1584476655848841
-0.03070000000000017,0.1622673860945197
-0.02970000000000006,0.15802325219492458
-0.02870000000000017,0.16325768400442522
-0.027700000000000058,0.16212591496453319
-0.026700000000000168,0.1615600304445872
-0.025700000000000056,0.16438945304431726
-0.024700000000000166,0.16467239530429026
-0.023700000000000054,0.16396503965435774
-0.022700000000000164,0.16509680869424978
-0.021700000000000053,0.1656626932141958
-0.020700000000000163,0.17103859615368294
-0.01970000000000005,0.1666529911241013
-0.01870000000000016,0.16651151999411481
-0.01770000000000005,0.1728777208435075
-0.01670000000000016,0.16806770242396638
-0.015700000000000047,0.17245330745354798
-0.014700000000000157,0.17146300954364244
-0.013700000000000045,0.1728777208435075
-0.012700000000000156,0.1737265476234265
-0.011700000000000044,0.173019191973494
-0.010700000000000154,0.17584861457322407
-0.009700000000000042,0.17457537440334553
-0.008700000000000152,0.1774047970030756
-0.00770000000000004,0.17853656604296764
-0.00670000000000015,0.17768773926304862
-0.005700000000000038,0.18023421960280567
-0.0047000000000001485,0.17952686395287318
-0.0037000000000000366,0.18221481542261672
-0.0027000000000001467,0.17938539282288665
-0.0017000000000000348,0.18235628655260325
-0.000700000000000145,0.1843368823724143
0.00029999999999996696,0.1806586329927652
0.0012999999999998568,0.18631747819222533
0.0022999999999999687,0.18702483384215784
0.0032999999999998586,0.1844783535024008
0.0042999999999999705,0.18942984305192842
0.00529999999999986,0.18716630497214437
0.006299999999999972,0.18773218949209036
0.007299999999999862,0.18971278531190142
0.008299999999999974,0.18985425644188791
0.009299999999999864,0.19395691921149652
0.010299999999999976,0.19169338113171247
0.011299999999999866,0.19409839034148305
0.012299999999999978,0.1936739769515235
