Potential V vs RHE, Current mA cm-2
0.013299999999999867,0.011473308641905449
0.012299999999999978,0.009519592336791833
0.011299999999999866,0.009938346881551883
0.010299999999999976,0.012030704894052273
0.009299999999999864,0.010775855971071984
0.008299999999999974,0.00784457415775163
0.007299999999999862,0.008820724954658504
0.006299999999999972,0.00854202682858509
0.00529999999999986,0.009379535918105194
0.0042999999999999705,0.009798290462865246
0.0032999999999998586,0.009100837792031781
0.0022999999999999687,0.00812327228382504
0.0012999999999998568,0.00672695223085825
0.00029999999999996696,0.007285763194304939
-0.000700000000000145,0.0071457067756183
-0.0017000000000000348,0.0064482541047848375
-0.0027000000000001467,0.0071457067756183
-0.0037000000000000366,0.006588310523471475
-0.0047000000000001485,0.007983215865138404
-0.005700000000000038,0.00672695223085825
-0.00670000000000015,0.006029499560024787
-0.00770000000000004,0.005889443141338148
-0.008700000000000152,0.005191990470504684
-0.009700000000000042,0.006029499560024787
-0.010700000000000154,0.0036570287101511194
-0.011700000000000044,0.0030982177467044304
-0.012700000000000156,0.0030982177467044304
-0.013700000000000045,0.002959576039317657
-0.014700000000000157,0.0044945377996712214
-0.015700000000000047,0.004075783254911171
-0.01670000000000016,0.0044945377996712214
-0.01770000000000005,0.003797085128837758
-0.01870000000000016,0.0019820105311109163
-0.01970000000000005,0.002122066949797555
-0.020700000000000163,0.0033783305840777073
-0.021700000000000053,0.002122066949797555
-0.022700000000000164,0.003516972291464481
-0.023700000000000054,0.002122066949797555
-0.024700000000000166,0.0019820105311109163
-0.025700000000000056,0.002400765075870967
-0.026700000000000168,0.0015632559863508655
-0.027700000000000058,0.0030982177467044304
-0.02870000000000017,-0.00011166316289834735
-0.02970000000000006,0.0022607086571843284
-0.03070000000000017,0.002400765075870967
-0.03170000000000006,-0.0005303752663194022
-0.03270000000000017,0.0018419541124242776
-0.03370000000000006,0.0005862563626640711
-0.034700000000000175,0.002400765075870967
-0.035700000000000065,0.001423199567664227
-0.03670000000000018,2.7912253946337174e-05
-0.03770000000000007,-0.0003907432610227231
-0.03870000000000018,-0.0003907432610227231
-0.03970000000000007,0.0008653789021274429
-0.04070000000000018,-0.00025125272685603054
-0.04170000000000007,-0.0010886203452461457
-0.04270000000000018,-0.0003907432610227231
-0.04370000000000007,-0.0029029875873230553
-0.044700000000000184,-0.00025125272685603054
-0.045700000000000074,0.0010048694362941356
-0.046700000000000186,-0.0015080822456561291
-0.047700000000000076,0.0005862563626640711
-0.04870000000000019,-0.0009491298110794531
-0.04970000000000008,-0.0009491298110794531
-0.05070000000000019,2.7912253946337174e-05
-0.05170000000000008,-0.0015080822456561291
-0.05270000000000019,-0.0005303752663194022
-0.05370000000000008,-0.0020654784978029537
-0.05470000000000019,-0.0003907432610227231
-0.05570000000000008,-0.0013678843558395041
-0.056700000000000195,-0.001228252350542825
-0.057700000000000085,-0.0003907432610227231
-0.058700000000000196,-0.0020654784978029537
-0.059700000000000086,-0.0009491298110794531
-0.0607000000000002,-0.0009491298110794531
-0.06170000000000009,-0.0019268367904161797
-0.0627000000000002,-0.0023441766238763663
-0.06370000000000009,-0.0033217421320831065
-0.0647000000000002,-0.0020654784978029537
-0.06570000000000009,-0.0031816857133964674
-0.0667000000000002,-0.004019194802916569
-0.0677000000000001,-0.0019268367904161797
-0.0687000000000002,-0.0037404966768431573
-0.0697000000000001,-0.0023441766238763663
-0.07070000000000021,-0.0036004402581565186
-0.0717000000000001,-0.0029029875873230553
-0.07270000000000021,-0.0036004402581565186
-0.0737000000000001,-0.0031816857133964674
-0.07470000000000021,-0.004159251221603208
-0.0757000000000001,-0.0038805530955297956
-0.07670000000000021,-0.0037404966768431573
-0.0777000000000001,-0.0037404966768431573
-0.07870000000000021,-0.00499676031112331
-0.0797000000000001,-0.0036004402581565186
-0.08070000000000022,-0.0027629311686364166
-0.0817000000000001,-0.0029029875873230553
-0.08270000000000022,-0.0031816857133964674
-0.08370000000000011,-0.00443794934767662
-0.08470000000000022,-0.0034617985507697452
-0.08570000000000011,-0.004019194802916569
-0.08670000000000022,-0.0038805530955297956
-0.08770000000000011,-0.00443794934767662
-0.08870000000000022,-0.0054155148558833605
-0.08970000000000011,-0.00499676031112331
-0.09070000000000022,-0.005136816729809948
-0.09170000000000011,-0.005136816729809948
-0.09270000000000023,-0.0054155148558833605
-0.09370000000000012,-0.00597432581933005
-0.09470000000000023,-0.004299307640289847
-0.09570000000000012,-0.004578005766363259
-0.09670000000000023,-0.004856703892436672
-0.09770000000000012,-0.004578005766363259
-0.09870000000000023,-0.004718062185049898
-0.09970000000000012,-0.004299307640289847
-0.10070000000000023,-0.0054155148558833605
-0.10170000000000012,-0.006531722071476874
-0.10270000000000024,-0.004856703892436672
-0.10370000000000013,-0.004718062185049898
-0.10470000000000024,-0.005555571274569999
-0.10570000000000013,-0.004299307640289847
-0.10670000000000024,-0.00597432581933005
-0.10770000000000013,-0.0056942129819567725
-0.10870000000000024,-0.0068118349088501515
-0.10970000000000013,-0.007369231160996976
-0.11070000000000024,-0.006112967526716823
-0.11170000000000013,-0.006531722071476874
-0.11270000000000002,-0.00499676031112331
-0.11370000000000013,-0.006671778490163513
-0.11470000000000002,-0.0077879857057570265
-0.11570000000000014,-0.007230589453610202
-0.11670000000000003,-0.006253023945403462
-0.11770000000000014,-0.006393080364090101
-0.11870000000000003,-0.007230589453610202
-0.11970000000000014,-0.006531722071476874
-0.12070000000000003,-0.007369231160996976
-0.12170000000000014,-0.007090533034923564
-0.12270000000000003,-0.007509287579683614
-0.12370000000000014,-0.007509287579683614
-0.12470000000000003,-0.0068118349088501515
-0.12570000000000014,-0.006950476616236925
-0.12670000000000003,-0.007649343998370253
-0.12770000000000015,-0.007230589453610202
-0.12870000000000004,-0.007369231160996976
-0.12970000000000015,-0.007230589453610202
-0.13070000000000004,-0.007230589453610202
-0.13170000000000015,-0.007090533034923564
-0.13270000000000004,-0.0077879857057570265
-0.13370000000000015,-0.007509287579683614
-0.13470000000000004,-0.0077879857057570265
-0.13570000000000015,-0.007649343998370253
-0.13670000000000004,-0.008346796669203717
-0.13770000000000016,-0.0068118349088501515
-0.13870000000000005,-0.007928042124443665
-0.13970000000000016,-0.00848543837659049
-0.14070000000000005,-0.008206740250517076
-0.14170000000000016,-0.008346796669203717
-0.14270000000000005,-0.008068098543130304
-0.14370000000000016,-0.00848543837659049
-0.14470000000000005,-0.009184305758723818
-0.14570000000000016,-0.008068098543130304
-0.14670000000000005,-0.008904192921350541
-0.14770000000000016,-0.009322947466110591
-0.14870000000000005,-0.008904192921350541
-0.14970000000000017,-0.00946300388479723
-0.15070000000000006,-0.008206740250517076
-0.15170000000000017,-0.008904192921350541
-0.15270000000000006,-0.008765551213963767
-0.15370000000000017,-0.009044249340037178
-0.15470000000000006,-0.00946300388479723
-0.15570000000000017,-0.008904192921350541
-0.15670000000000006,-0.009603060303483868
-0.15770000000000017,-0.010300512974317333
-0.15870000000000006,-0.009044249340037178
-0.15970000000000018,-0.009603060303483868
-0.16070000000000007,-0.010300512974317333
-0.16170000000000018,-0.009741702010870643
-0.16270000000000007,-0.008765551213963767
-0.16370000000000018,-0.010719267519077383
-0.16470000000000007,-0.009881758429557281
-0.16570000000000018,-0.010719267519077383
-0.16670000000000007,-0.009881758429557281
-0.16770000000000018,-0.010300512974317333
-0.16870000000000007,-0.011696833027284121
-0.16970000000000018,-0.010719267519077383
-0.17070000000000007,-0.010579211100390744
-0.17170000000000019,-0.010579211100390744
-0.17270000000000008,-0.009603060303483868
-0.1737000000000002,-0.011835474734670897
-0.17470000000000008,-0.01002181484824392
-0.1757000000000002,-0.010160456555630692
-0.17670000000000008,-0.011138022063837433
-0.1777000000000002,-0.01044056939300397
-0.17870000000000008,-0.010997965645150794
-0.1797000000000002,-0.011138022063837433
-0.18070000000000008,-0.012115587572044175
-0.1817000000000002,-0.01085932393776402
-0.18270000000000008,-0.011138022063837433
-0.1837000000000002,-0.012394285698117586
-0.1847000000000001,-0.010300512974317333
-0.1857000000000002,-0.012394285698117586
-0.1867000000000001,-0.01085932393776402
-0.1877000000000002,-0.010579211100390744
-0.1887000000000001,-0.011416720189910844
-0.1897000000000002,-0.012254229279430947
-0.1907000000000001,-0.012115587572044175
-0.1917000000000001,-0.011696833027284121
-0.19269999999999998,-0.011835474734670897
-0.1937000000000001,-0.011696833027284121
-0.19469999999999998,-0.011696833027284121
-0.1957000000000001,-0.011696833027284121
-0.19669999999999999,-0.011556776608597484
-0.1977000000000001,-0.013091738368951049
-0.1987,-0.012115587572044175
-0.1997000000000001,-0.010579211100390744
-0.2007,-0.011975531153357534
-0.2017000000000001,-0.012115587572044175
-0.2027,-0.012672983824190999
-0.2037000000000001,-0.013091738368951049
-0.2047,-0.013371851206324326
-0.2057000000000001,-0.012672983824190999
-0.2067,-0.012953096661564276
-0.2077000000000001,-0.012672983824190999
-0.2087,-0.012953096661564276
-0.2097000000000001,-0.012534342116804225
-0.2107,-0.013929247458471152
-0.2117000000000001,-0.013231794787637688
-0.2127,-0.012534342116804225
-0.2137000000000001,-0.01406930387715779
-0.2147,-0.012254229279430947
-0.2157000000000001,-0.013790605751084378
-0.2167,-0.015179852247551842
-0.21770000000000012,-0.01406930387715779
-0.2187,-0.016028679027470863
-0.21970000000000012,-0.014628114840604478
-0.2207,-0.013790605751084378
-0.22170000000000012,-0.015745736767497857
-0.2227,-0.013929247458471152
-0.22370000000000012,-0.015604265637511355
-0.2247,-0.014628114840604478
-0.22570000000000012,-0.01615600304445872
-0.2267,-0.013790605751084378
-0.22770000000000012,-0.0135104929137111
-0.22870000000000001,-0.01615600304445872
-0.22970000000000013,-0.014911057100577486
-0.23070000000000002,-0.01615600304445872
-0.23170000000000013,-0.01588720789748436
-0.23270000000000002,-0.014345172580631472
-0.23370000000000013,-0.013790605751084378
-0.23470000000000002,-0.015179852247551842
-0.23570000000000013,-0.01629747417444522
-0.23670000000000002,-0.01546279450752485
-0.2376999999999999,-0.014203701450644968
-0.23870000000000002,-0.01629747417444522
-0.2396999999999999,-0.014911057100577486
-0.24070000000000003,-0.01505252823056399
-0.24169999999999991,-0.01629747417444522
-0.24270000000000003,-0.016438945304431726
-0.24369999999999992,-0.01629747417444522
-0.24470000000000003,-0.015604265637511355
-0.24569999999999992,-0.017146300954364244
-0.24670000000000003,-0.016438945304431726
-0.24769999999999992,-0.016028679027470863
-0.24870000000000003,-0.016438945304431726
-0.24969999999999992,-0.01546279450752485
-0.25070000000000003,-0.016721887564404736
-0.2516999999999999,-0.01505252823056399
-0.25270000000000004,-0.016028679027470863
-0.2536999999999999,-0.016863358694391237
-0.25470000000000004,-0.016863358694391237
-0.2556999999999999,-0.017980980621284618
-0.25670000000000004,-0.016721887564404736
-0.25769999999999993,-0.017273624971352097
-0.25870000000000004,-0.017273624971352097
-0.25969999999999993,-0.016721887564404736
-0.26070000000000004,-0.017146300954364244
-0.26169999999999993,-0.01812245175127112
-0.26270000000000004,-0.01658041643441823
-0.26369999999999993,-0.01769803836131161
-0.26470000000000005,-0.017146300954364244
-0.26569999999999994,-0.01769803836131161
-0.26670000000000005,-0.017980980621284618
-0.26769999999999994,-0.01812245175127112
-0.26870000000000005,-0.018957131418191494
-0.26969999999999994,-0.017839509491298113
-0.27070000000000005,-0.01853271802823198
-0.27169999999999994,-0.01812245175127112
-0.27270000000000005,-0.018391246898245478
-0.27369999999999994,-0.018391246898245478
-0.27470000000000006,-0.019098602548177995
-0.27569999999999995,-0.01812245175127112
-0.27670000000000006,-0.018815660288204986
-0.27769999999999995,-0.017556567231325104
-0.27870000000000006,-0.018815660288204986
-0.27969999999999995,-0.017980980621284618
-0.28070000000000006,-0.018815660288204986
-0.28169999999999995,-0.01658041643441823
-0.28270000000000006,-0.016438945304431726
-0.28369999999999995,-0.019240073678164497
-0.28470000000000006,-0.017980980621284618
-0.28569999999999995,-0.019367397695152354
-0.28670000000000007,-0.018815660288204986
-0.28769999999999996,-0.019240073678164497
-0.28870000000000007,-0.02007475334508487
-0.28969999999999996,-0.019098602548177995
-0.29070000000000007,-0.018674189158218484
-0.29169999999999996,-0.01950886882513886
-0.29270000000000007,-0.019367397695152354
-0.29369999999999996,-0.019367397695152354
-0.2947000000000001,-0.019098602548177995
-0.29569999999999996,-0.019098602548177995
-0.2967000000000001,-0.02007475334508487
-0.29769999999999996,-0.019933282215098366
-0.2987000000000001,-0.020626490752032236
-0.29969999999999997,-0.02007475334508487
-0.3007000000000001,-0.01965033995512536
-0.30169999999999997,-0.018391246898245478
-0.3027000000000001,-0.01950886882513886
-0.30369999999999997,-0.01950886882513886
-0.3047000000000001,-0.020216224475071376
-0.30569999999999997,-0.02048501962204573
-0.3067000000000001,-0.01965033995512536
-0.3077,-0.01965033995512536
-0.3087000000000001,-0.020909433012005242
-0.3097,-0.01965033995512536
-0.3107000000000001,-0.020767961882018737
-0.3117,-0.02119237527197825
-0.3127000000000001,-0.020767961882018737
-0.3137,-0.020626490752032236
-0.3147000000000001,-0.019933282215098366
-0.3157,-0.01950886882513886
-0.3167000000000001,-0.021333846401964753
-0.3177,-0.022027054938898623
-0.3187000000000001,-0.022437321215859483
-0.3197,-0.020909433012005242
-0.3207000000000001,-0.021885583808912118
-0.3217,-0.022578792345845984
-0.3227000000000001,-0.021461170418952607
-0.3237,-0.021885583808912118
-0.3247000000000001,-0.021333846401964753
-0.3257,-0.02119237527197825
-0.3267000000000001,-0.021333846401964753
-0.3277,-0.021333846401964753
-0.3287000000000001,-0.021333846401964753
-0.3297,-0.022168526068885124
-0.3307000000000001,-0.02272026347583249
-0.3317,-0.02230999719887163
-0.3327000000000001,-0.02272026347583249
-0.3337,-0.022027054938898623
-0.3347000000000001,-0.022578792345845984
-0.3357,-0.023286147995778505
-0.3367000000000001,-0.02230999719887163
-0.3377,-0.02272026347583249
-0.3387000000000001,-0.02272026347583249
-0.3397,-0.023144676865792004
-0.3407000000000001,-0.023427619125765006
-0.3417,-0.0230032057358055
-0.3427000000000001,-0.02272026347583249
-0.3437,-0.02509697845960575
-0.3447000000000001,-0.02467256506964624
-0.3457,-0.02453109393965974
-0.3467000000000001,-0.024955507329619247
-0.3477,-0.02453109393965974
-0.3487000000000001,-0.02397935653271237
-0.3497,-0.024120827662698876
-0.3507000000000001,-0.025507244736566608
-0.3517,-0.025648715866553113
-0.3527000000000001,-0.02453109393965974
-0.3537,-0.024814036199632745
-0.3547000000000001,-0.02426229879268538
-0.3557,-0.02426229879268538
-0.35670000000000013,-0.02509697845960575
-0.3577,-0.023696414272739365
-0.35870000000000013,-0.02509697845960575
-0.3597,-0.02453109393965974
-0.36070000000000013,-0.02649754264647214
-0.3617,-0.025507244736566608
-0.3626999999999999,-0.026356071516485634
-0.3637,-0.026356071516485634
-0.3646999999999999,-0.02649754264647214
-0.3657,-0.02662486666345999
-0.3666999999999999,-0.02509697845960575
-0.3677,-0.02537992071957876
-0.3686999999999999,-0.025507244736566608
-0.36970000000000003,-0.026766337793446494
-0.3706999999999999,-0.02802543085032638
-0.37170000000000003,-0.027332222313392506
-0.3726999999999999,-0.027049280053419503
-0.37370000000000003,-0.028166901980312884
-0.3746999999999999,-0.027190751183406005
-0.37570000000000003,-0.028166901980312884
-0.3766999999999999,-0.02774248859035337
-0.37770000000000004,-0.026907808923433
-0.3786999999999999,-0.02774248859035337
-0.37970000000000004,-0.027190751183406005
-0.3806999999999999,-0.027473693443379014
-0.38170000000000004,-0.02788395972033987
-0.38269999999999993,-0.027601017460366868
-0.38370000000000004,-0.028449844240285887
-0.38469999999999993,-0.02802543085032638
-0.38570000000000004,-0.029836261314153626
-0.38669999999999993,-0.027190751183406005
-0.38770000000000004,-0.028718639387260245
-0.38869999999999993,-0.029567466167179264
-0.38970000000000005,-0.029143052777219756
-0.39069999999999994,-0.029977732444140127
-0.39170000000000005,-0.02969479018416712
-0.39269999999999994,-0.029143052777219756
-0.39370000000000005,-0.030812412111060502
-0.39469999999999994,-0.030685088094072648
-0.39570000000000005,-0.030953883241047007
-0.39669999999999994,-0.03040214583409964
-0.39770000000000005,-0.03137829663100652
-0.39869999999999994,-0.03166123889097952
-0.39970000000000006,-0.030260674704113137
-0.40069999999999995,-0.03123682550102001
-0.40170000000000006,-0.03137829663100652
-0.40269999999999995,-0.031095354371033508
-0.40370000000000006,-0.03193003403795388
-0.40469999999999995,-0.03235444742791339
-0.40570000000000006,-0.03235444742791339
-0.40669999999999995,-0.030953883241047007
-0.40770000000000006,-0.0327788608178729
-0.40869999999999995,-0.034731162411686646
-0.40970000000000006,-0.03318912709483376
-0.41069999999999995,-0.03388233563176763
-0.41170000000000007,-0.03444822015171364
-0.41269999999999996,-0.03375501161477978
-0.41370000000000007,-0.034306749021727145
-0.41469999999999996,-0.03416527789174064
-0.41570000000000007,-0.03487263354167316
-0.41669999999999996,-0.03388233563176763
-0.41770000000000007,-0.034731162411686646
-0.41869999999999996,-0.03458969128170015
-0.4197000000000001,-0.03458969128170015
-0.42069999999999996,-0.0365419928755139
-0.4217000000000001,-0.036400521745527395
-0.42269999999999996,-0.03625905061554088
-0.4237000000000001,-0.037235201412447766
-0.42469999999999997,-0.03709373028246127
-0.4257000000000001,-0.0368249351354869
-0.42669999999999997,-0.03709373028246127
-0.4277000000000001,-0.037518143672420776
-0.42869999999999997,-0.038494294469327645
-0.4297000000000001,-0.037518143672420776
-0.43069999999999997,-0.03821135220935464
-0.4317000000000001,-0.03806988107936814
-0.4327,-0.04003632978618053
-0.4337000000000001,-0.039611916396221025
-0.4347,-0.03975338752620753
-0.4357000000000001,-0.04087100945310092
-0.4367,-0.040729538323114406
-0.4377000000000001,-0.040729538323114406
-0.4387,-0.04170568912002128
-0.4397000000000001,-0.04170568912002128
-0.4407,-0.043106253306887665
-0.4417000000000001,-0.041012480583087416
-0.4427,-0.04225742652696864
-0.4437000000000001,-0.04323357732387552
-0.4447,-0.04323357732387552
-0.4457000000000001,-0.04323357732387552
-0.4467,-0.044492670380755404
-0.4477000000000001,-0.042823311046914656
-0.4487,-0.04337504845386203
-0.4497000000000001,-0.044492670380755404
-0.4507,-0.044492670380755404
-0.4517000000000001,-0.04546882117766228
-0.4527,-0.04491708377071492
-0.4537000000000001,-0.045893234567621795
-0.4547,-0.046444971974569156
-0.4557000000000001,-0.04729379875448818
-0.4567,-0.04715232762450167
-0.4577000000000001,-0.04729379875448818
-0.4587,-0.04756259390146254
-0.4597000000000001,-0.04841142068138156
-0.4607,-0.04910462921831542
-0.4617000000000001,-0.04841142068138156
-0.4627,-0.04896315808832892
-0.4637000000000001,-0.04924610034830192
-0.4647,-0.04896315808832892
-0.4657000000000001,-0.05077398855215617
-0.4667,-0.05091545968214267
-0.4677000000000001,-0.05105693081212918
-0.4687,-0.05119840194211568
-0.4697000000000001,-0.05189161047904954
-0.4707,-0.05189161047904954
-0.4717000000000001,-0.05300923240594292
-0.4727,-0.053575116925888934
-0.4737000000000001,-0.053433645795902436
-0.4747,-0.053702440942876795
-0.4757000000000001,-0.05398538320284981
-0.4767,-0.05329217466591593
-0.4777000000000001,-0.05510300512974318
-0.4787,-0.05677236446358393
-0.4797000000000001,-0.05593768479666354
-0.4807,-0.05650356931660957
-0.48170000000000013,-0.05510300512974318
-0.4827,-0.058031457520463806
-0.48370000000000013,-0.05900760831737068
-0.4847,-0.05900760831737068
-0.48570000000000013,-0.059573492837316694
-0.4867,-0.05998375911427755
-0.4876999999999999,-0.059573492837316694
-0.4887,-0.06166726556111695
-0.4896999999999999,-0.062360474098050823
-0.4907,-0.0637610382849172
-0.4916999999999999,-0.06250194522803733
-0.4927,-0.062360474098050823
-0.4936999999999999,-0.0639025094149037
-0.49470000000000003,-0.0639025094149037
-0.4956999999999999,-0.06402983343189157
-0.49670000000000003,-0.06585481100871747
-0.4976999999999999,-0.06612360615569181
-0.49870000000000003,-0.06850032113946508
-0.4996999999999999,-0.0679485837325177
-0.5007,-0.06892473452942459
-0.5016999999999999,-0.06947647193637195
-0.5027,-0.07031115160329232
-0.5036999999999999,-0.06892473452942459
-0.5047,-0.0717117157901587
-0.5056999999999999,-0.0714287735301857
-0.5067,-0.07254639545707908
-0.5076999999999999,-0.07492311044085233
-0.5087,-0.07478163931086583
-0.5096999999999999,-0.07646514575770523
-0.5107,-0.07701688316465259
-0.5116999999999999,-0.07771009170158645
-0.5127,-0.07799303396155947
-0.5136999999999999,-0.07939359814842585
-0.5147,-0.07855891848150548
-0.5156999999999999,-0.0814873708722261
-0.5167,-0.0826049927991195
-0.5176999999999999,-0.08301525907608036
-0.5187,-0.08384993874300072
-0.5196999999999999,-0.08384993874300072
-0.5207,-0.08469876552291973
-0.5216999999999999,-0.08706133339369435
-0.5227,-0.08902778210050676
-0.5236999999999999,-0.08957951950745412
-0.5247,-0.09110740771130836
-0.5257,-0.09167329223125438
-0.5267000000000001,-0.09279091415814776
-0.5277,-0.094601744621975
-0.5287000000000001,-0.09655404621578875
-0.5297,-0.09557789541888188
-0.5307000000000001,-0.09878929006957551
-0.5317,-0.09864781893958902
-0.5327000000000001,-0.10018985425644189
-0.5337,-0.10200068472026914
-0.5347000000000001,-0.10311830664716252
-0.5357,-0.10688143870480352
-0.5367000000000001,-0.10618823016786964
-0.5377,-0.1081405317616834
-0.5387000000000001,-0.11009283335549715
-0.5397,-0.11218660607929741
-0.5407000000000001,-0.11275249059924342
-0.5417,-0.1134456991361773
-0.5427000000000001,-0.11694003604684394
-0.5437,-0.11917527990063068
-0.5447000000000001,-0.11889233764065768
-0.5457,-0.12251399856831217
-0.5467000000000001,-0.12363162049520555
-0.5477,-0.12517365581205844
-0.5487000000000001,-0.12879531673971292
-0.5497,-0.12921973012967244
-0.5507000000000001,-0.13257259591035261
-0.5517,-0.13410048411420683
-0.5527000000000001,-0.1367601413579531
-0.5537,-0.13899538521173985
-0.5547000000000001,-0.14189554337646318
-0.5557,-0.14401761032626076
-0.5567000000000001,-0.1465640906660178
-0.5577,-0.1496764555257209
-0.5587000000000001,-0.1512326379555724
-0.5597,-0.15377911829532948
-0.5607000000000001,-0.1587306078448571
-0.5617,-0.16028679027470866
-0.5627000000000001,-0.16438945304431726
-0.5637,-0.16637004886412832
-0.5647000000000001,-0.1696238848538179
-0.5657,-0.1731606631034805
-0.5667000000000001,-0.17768773926304862
-0.5677,-0.18179040203265723
-0.5687000000000001,-0.1843368823724143
-0.5697,-0.18801513175206336
-0.5707000000000001,-0.192400736781645
-0.5717,-0.19579604390132105
-0.5727000000000001,-0.19989870667092968
-0.5737,-0.20527460961041682
-0.5747000000000001,-0.20852844560010642
-0.5757,-0.21347993514963404
-0.5767000000000001,-0.21800701130920216
-0.5777,-0.22493909667854084
-0.5787000000000001,-0.22720263475832486
-0.5797,-0.23300295108777153
-0.5807000000000001,-0.2388032674172182
-0.5817,-0.2437547569667458
-0.5827000000000001,-0.251111255726044
-0.5837,-0.25662862979551765
-0.5847000000000001,-0.26129717708507233
-0.5857,-0.26780484906445146
-0.5867000000000001,-0.27445399217381716
-0.5877,-0.2819519620631018
-0.5887000000000001,-0.288176691782508
-0.5897,-0.29539171941181963
-0.5907000000000001,-0.3034555738210504
-0.5917,-0.310104716930416
-0.5927000000000001,-0.3178856290796737
-0.5937,-0.32693978139880997
-0.5947000000000001,-0.33373039563816215
-0.5957,-0.34377484586720397
-0.5967000000000001,-0.3511313446265021
-0.5977,-0.3616002082455034
-0.5987000000000001,-0.3698055337847206
-0.5997,-0.3809817530536544
-0.6007000000000001,-0.39187503006261515
-0.6017,-0.40121212464172434
-0.6027000000000001,-0.4126712861706312
-0.6037,-0.4237060343095785
-0.6047000000000001,-0.4344578401885528
-0.6057,-0.44775612640728407
-0.6067000000000001,-0.45907381680620446
-0.6077,-0.47223063189494924
-0.6087000000000001,-0.4838312645538425
-0.6097,-0.5001004445022904
-0.6107000000000001,-0.5136816729809948
-0.6117,-0.5279702571096317
-0.6126999999999999,-0.5446638504480392
-0.6137,-0.5603671458765411
-0.6146999999999999,-0.5764948546950025
-0.6157,-0.5929055057734368
-0.6166999999999999,-0.6093161568518712
-0.6177,-0.6282732882700627
-0.6186999999999999,-0.6473718908182408
-0.6197,-0.6660460799764593
-0.6206999999999999,-0.6861349804345428
-0.6217,-0.7052335829827208
-0.6226999999999999,-0.7281519060405344
-0.6237,-0.749089633278537
-0.6246999999999999,-0.773564138766202
-0.6257,-0.7990289421637727
-0.6266999999999999,-0.8215228518316268
-0.6277,-0.8478364820091164
-0.6286999999999999,-0.8723109874967817
-0.6297,-0.8990490310642308
-0.6306999999999999,-0.9276261993215045
-0.6317,-0.9571936654886839
-0.6326999999999999,-0.9866196605258766
-0.6337,-1.0174603668629343
-0.6346999999999999,-1.0483010731999922
-0.6357,-1.0816882598768072
-0.6366999999999999,-1.116490157853487
-0.6377,-1.1514335269601534
-0.6386999999999999,-1.1879330784966713
-0.6397,-1.2240082166432298
-0.6406999999999999,-1.2647519020793427
-0.6417,-1.3039394050856041
-0.6426999999999999,-1.346522215211542
-0.6437,-1.3879732562975873
-0.6446999999999999,-1.431687835463417
-0.6457,-1.4797880196588282
-0.6466999999999999,-1.5278882038542394
-0.6477,-1.5759883880496508
-0.6486999999999999,-1.6255032835449272
-0.6497,-1.6778476016399335
-0.6507,-1.734436053634535
-0.6517000000000001,-1.7896097943292715
-0.6527,-1.849027668923603
-0.6537000000000001,-1.9084455435179344
-0.6547,-1.9706928407119961
-0.6557000000000001,-2.0343548492059225
-0.6567,-2.1008462802995793
-0.6577000000000001,-2.1701671339929662
-0.6587,-2.2423174102860832
-0.6597000000000001,-2.3130529752793345
-0.6607,-2.3908620967719116
-0.6617000000000001,-2.467256506964624
-0.6627,-2.549309762356796
-0.6637000000000001,-2.6327777290488332
-0.6647,-2.719075118340601
-0.6657000000000001,-2.8082019302320975
-0.6667,-2.897328742123595
-0.6677000000000001,-2.9921143992145525
-0.6687,-3.0883147676053753
-0.6697000000000001,-3.1887592698957925
-0.6707,-3.2934479060858055
-0.6717000000000001,-3.3995512535756833
-0.6727,-3.5113134462650213
-0.6737000000000001,-3.6259050615540893
-0.6747,-3.7433260994428865
-0.6757000000000001,-3.86782069383101
-0.6767,-3.992315288219133
-0.6777000000000001,-4.121054016506851
-0.6787,-4.25545158999403
-0.6797000000000001,-4.391263874781075
-0.6807,-4.532735004767577
-0.6817000000000001,-4.678450268653676
-0.6827,-4.8312390890391
-0.6837000000000001,-4.985442620724389
-0.6847,-5.148134420208869
-0.6857000000000001,-5.313655642293078
-0.6867,-5.480591575677152
-0.6877000000000001,-5.656015776860417
-0.6887,-5.832854689343546
-0.6897000000000001,-6.01393773572627
-0.6907,-6.2035090499081855
-0.6917000000000001,-6.394495075389965
-0.6927,-6.593969368670936
-0.6937000000000001,-6.799102507151367
-0.6947,-7.008479779531392
-0.6957000000000001,-7.229174742310337
-0.6967,-7.455528550288744
-0.6977000000000001,-7.687541203466609
-0.6987,-7.92379799054407
-0.6997000000000001,-8.164298911521126
-0.7007,-8.410458677697642
-0.7017000000000001,-8.660862577773754
-0.7027,-8.92116945694892
-0.7037000000000001,-9.181476336124089
-0.7047,-9.451686194398311
-0.7057000000000001,-9.731799031771587
-0.7067,-10.011911869144866
-0.7077000000000001,-10.309001242116523
-0.7087,-10.613164171587506
-0.7097000000000001,-10.924400657557813
-0.7107,-11.246954833927042
-0.7117000000000001,-11.570923721596136
-0.7127,-11.906210299664147
-0.7137000000000001,-12.251399856831219
-0.7147,-12.596589413998286
-0.7157000000000001,-12.947437816364815
-0.7167,-13.296871507431481
-0.7177000000000001,-13.646305198498144
-0.7187,-14.011300713863324
-0.7197000000000001,-14.387613919627421
-0.7207,-14.769585970590983
-0.7217000000000001,-15.165705134553193
-0.7227,-15.575971411514052
-0.7237000000000001,-16.000384801473565
-0.7247,-16.424798191433077
-0.7257000000000001,-16.835064468393938
-0.7267,-17.2736249713521
-0.7277000000000001,-17.698038361311607
-0.7287,-18.13659886426977
-0.7297000000000001,-18.603453593225233
-0.7307,-19.042014096183394
-0.7317000000000001,-19.49472171214021
-0.7327,-19.98987066709297
-0.7337000000000001,-20.48501962204573
-0.7347,-20.994315689997144
-0.7357000000000001,-21.51775887094721
-0.7367,-22.04120205189727
-0.7376999999999999,-22.550498119848687
-0.7387,-23.059794187800097
-0.7396999999999999,-23.58323736875016
-0.7407,-24.106680549700226
-0.7416999999999999,-24.64427084364894
-0.7427,-25.167714024599
-0.7436999999999999,-25.705304318547718
-0.7447,-26.313630177489685
-0.7456999999999999,-26.907808923433
-0.7467,-27.501987669376312
-0.7476999999999999,-28.09616641531963
-0.7487,-28.690345161262943
-0.7496999999999999,-29.29867102020491
-0.7507,-29.935291105144174
-0.7516999999999999,-30.54361696408614
-0.7527,-31.137795710029454
-0.7536999999999999,-31.717827342974125
-0.7547,-32.31200608891744
-0.7556999999999999,-32.93447906085806
-0.7567,-33.55695203279867
-0.7576999999999999,-34.26430768273119
-0.7587,-34.94336910666641
-0.7596999999999999,-35.636577643600276
-0.7607,-36.315639067535486
-0.7616999999999999,-36.99470049147071
-0.7627,-37.673761915405926
-0.7636999999999999,-38.33867622634249
-0.7647,-39.00359053727906
-0.7656999999999999,-39.71094618721158
-0.7667,-40.3900076111468
-0.7676999999999999,-41.097363261079316
-0.7687,-41.79057179801318
-0.7696999999999999,-42.42719188295245
-0.7707,-43.16284175888227
-0.7716999999999999,-43.91263874781074
-0.7727,-44.704877075735155
-0.7736999999999999,-45.51126251665823
-0.7747,-46.2610595055867
-0.7757,-46.96841515551922
-0.7767000000000001,-47.70406503144903
-0.7777,-48.36897934238561
-0.7787000000000001,-49.076334992318124
-0.7797,-49.85442620724389
-0.7807000000000001,-50.63251742216966
-0.7817,-51.495491315087335
-0.7827000000000001,-52.33017098200771
-0.7837,-53.10826219693348
-0.7847000000000001,-53.82976495986464
-0.7857,-54.62200328778906
-0.7867000000000001,-55.032269564749924
-0.7857,-54.72103307877962
-0.7847000000000001,-54.26832546282281
-0.7837,-53.85805918586195
-0.7827000000000001,-53.546822699891635
-0.7817,-53.20729198792403
-0.7807000000000001,-52.853614162957776
-0.7797,-52.44334788599691
-0.7787000000000001,-51.976493157041446
-0.7777,-51.55207976708194
-0.7767000000000001,-51.127666377122424
-0.7757,-50.63251742216966
-0.7747,-50.1939569192115
-0.7736999999999999,-49.81198486824794
-0.7727,-49.35927725229113
-0.7716999999999999,-48.94901097533027
-0.7707,-48.524597585370756
-0.7696999999999999,-47.987007291422046
-0.7687,-47.534299675465235
-0.7676999999999999,-47.095739172507066
-0.7667,-46.643031556550255
-0.7656999999999999,-46.24691239258805
-0.7647,-45.80835188962989
-0.7636999999999999,-45.242467369683865
-0.7627,-44.775612640728404
-0.7616999999999999,-44.3229050247716
-0.7607,-43.88434452181344
-0.7596999999999999,-43.45993113185393
-0.7587,-43.03551774189442
-0.7576999999999999,-42.568663012938956
-0.7567,-42.073514057986195
-0.7556999999999999,-41.55007087703613
-0.7547,-41.15395171307392
-0.7536999999999999,-40.715391210115754
-0.7527,-40.29097782015624
-0.7516999999999999,-39.85241731719808
-0.7507,-39.42800392723857
-0.7496999999999999,-38.97529631128177
-0.7487,-38.46600024333035
-0.7476999999999999,-37.98499840137623
-0.7467,-37.54643789841808
-0.7456999999999999,-37.122024508458566
-0.7447,-36.69761111849905
-0.7436999999999999,-36.25905061554089
-0.7427,-35.763901660588125
-0.7416999999999999,-35.353635383627264
-0.7407,-34.92922199366775
-0.7396999999999999,-34.50480860370825
-0.7387,-34.08039521374873
-0.7376999999999999,-33.655981823789226
-0.7367,-33.14668575583781
-0.7357000000000001,-32.73641947887695
-0.7347,-32.340300314914735
-0.7337000000000001,-31.94418115095253
-0.7327,-31.56220909998897
-0.7317000000000001,-31.151942823028104
-0.7307,-30.7558236590659
-0.7297000000000001,-30.317263156107735
-0.7287,-29.921143992145527
-0.7277000000000001,-29.496730602186016
-0.7267,-29.086464325225155
-0.7257000000000001,-28.676198048264297
-0.7247,-28.251784658304786
-0.7237000000000001,-27.869812607341224
-0.7227,-27.501987669376312
-0.7217000000000001,-27.134162731411404
-0.7207,-26.780484906445146
-0.7197000000000001,-26.398512855481584
-0.7187,-26.030687917516673
-0.7177000000000001,-25.662862979551768
-0.7167,-25.309185154585506
-0.7157000000000001,-24.941360216620595
-0.7147,-24.531093939659737
-0.7137000000000001,-24.16326900169483
-0.7127,-23.795444063729917
-0.7117000000000001,-23.41347201276636
-0.7107,-23.088088413797397
-0.7097000000000001,-22.76270481482844
-0.7087,-22.437321215859484
-0.7077000000000001,-22.097790503891872
-0.7067,-21.758259791924264
-0.7057000000000001,-21.43287619295531
-0.7047,-21.093345480987697
-0.7037000000000001,-20.72552054302279
-0.7027,-20.371842718056527
-0.7017000000000001,-20.06060623208622
-0.7007,-19.749369746115914
-0.6997000000000001,-19.4381332601456
-0.6987,-19.141043887173947
-0.6977000000000001,-18.80151317520634
-0.6967,-18.49027668923603
-0.6957000000000001,-18.17904020326572
-0.6947,-17.867803717295413
-0.6937000000000001,-17.570714344323754
-0.6927,-17.28777208435075
-0.6917000000000001,-17.00482982437774
-0.6907,-16.736034677403385
-0.6897000000000001,-16.453092417430376
-0.6887,-16.184297270456018
-0.6877000000000001,-15.901355010483012
-0.6867,-15.604265637511356
-0.6857000000000001,-15.335470490536997
-0.6847,-15.05252823056399
-0.6837000000000001,-14.797880196588284
-0.6827,-14.543232162612577
-0.6817000000000001,-14.288584128636872
-0.6807,-14.048083207659815
-0.6797000000000001,-13.799094018883569
-0.6787,-13.55293425270705
-0.6777000000000001,-13.303945063930804
-0.6767,-13.050711741254963
-0.6757000000000001,-12.805966686378312
-0.6747,-12.56970989930085
-0.6737000000000001,-12.33345311222339
-0.6727,-12.097196325145928
-0.6717000000000001,-11.869427805867657
-0.6707,-11.645903420488981
-0.6697000000000001,-11.422379035110307
-0.6687,-11.203098783631226
-0.6677000000000001,-10.982403820852278
-0.6667,-10.767367703272795
-0.6657000000000001,-10.557990430892769
-0.6647,-10.344369024613147
-0.6637000000000001,-10.136406463532989
-0.6627,-9.935517458952152
-0.6617000000000001,-9.741702010870643
-0.6607,-9.553545407988592
-0.6597000000000001,-9.362559382506815
-0.6587,-9.175817490924628
-0.6577000000000001,-8.989075599342444
-0.6567,-8.805163130359988
-0.6557000000000001,-8.626909506576993
-0.6547,-8.448655882793998
-0.6537000000000001,-8.27181697031087
-0.6527,-8.100636903027201
-0.6517000000000001,-7.929456835743531
-0.6507,-7.763935613659322
-0.6497,-7.599829102874978
-0.6486999999999999,-7.441381437290093
-0.6477,-7.28293377170521
-0.6466999999999999,-7.12873024001992
-0.6457,-6.978770842234226
-0.6446999999999999,-6.830226155748398
-0.6437,-6.685925603162163
-0.6426999999999999,-6.543039761875795
-0.6417,-6.397324497989696
-0.6406999999999999,-6.254438656703328
-0.6397,-6.117211660616419
-0.6386999999999999,-5.97998466452951
-0.6377,-5.848416513642062
-0.6366999999999999,-5.722507207954074
-0.6357,-5.59518319096622
-0.6346999999999999,-5.470688596578097
-0.6337,-5.347608713489839
-0.6326999999999999,-5.22452883040158
-0.6317,-5.104278369913052
-0.6306999999999999,-4.992516177223715
-0.6297,-4.877924561934646
-0.6286999999999999,-4.766162369245309
-0.6277,-4.654400176555971
-0.6266999999999999,-4.548296829066093
-0.6257,-4.4379493476766205
-0.6246999999999999,-4.330431288886877
-0.6237,-4.231401497896325
-0.6226999999999999,-4.130956995605907
-0.6217,-4.034756627215084
-0.6206999999999999,-3.9413856814239923
-0.6197,-3.8466000243330347
-0.6186999999999999,-3.7560585011416725
-0.6177,-3.6683464005500404
-0.6166999999999999,-3.579219588658543
-0.6157,-3.4943369106666404
-0.6146999999999999,-3.4094542326747383
-0.6137,-3.3274009772825663
-0.6126999999999999,-3.2453477218903943
-0.6117,-3.166123889097952
-0.6107000000000001,-3.08972947890524
-0.6097,-3.0161644913122583
-0.6087000000000001,-2.942599503719276
-0.6077,-2.870449227426159
-0.6067000000000001,-2.7997136624329078
-0.6057,-2.7318075200393857
-0.6047000000000001,-2.663901377645864
-0.6037,-2.597409946552207
-0.6027000000000001,-2.533747938058281
-0.6017,-2.4700859295643536
-0.6007000000000001,-2.4092533436701573
-0.5997,-2.3455913351762305
-0.5987000000000001,-2.286173460581899
-0.5977,-2.229585008587298
-0.5967000000000001,-2.1729965565926963
-0.5957,-2.1192375271978254
-0.5947000000000001,-2.0640637865030884
-0.5937,-2.013134179707947
-0.5927000000000001,-1.9607898616129409
-0.5917,-1.9112749661176645
-0.5907000000000001,-1.8631747819222533
-0.5897,-1.815074597726842
-0.5887000000000001,-1.768389124831296
-0.5877,-1.7217036519357498
-0.5867000000000001,-1.6778476016399335
-0.5857,-1.6339915513441174
-0.5847000000000001,-1.5915502123481662
-0.5837,-1.5519382959519452
-0.5827000000000001,-1.5094969569559942
-0.5817,-1.471299751859638
-0.5807000000000001,-1.4345172580631471
-0.5797,-1.3947638705369396
-0.5787000000000001,-1.3595375591703005
-0.5777,-1.3244527189336472
-0.5767000000000001,-1.2906411188668732
-0.5757,-1.257253932190058
-0.5747000000000001,-1.2220276208234186
-0.5737,-1.1901966165764555
-0.5727000000000001,-1.1590729679794245
-0.5717,-1.1280907905123805
-0.5707000000000001,-1.099089208865147
-0.5697,-1.0699461560879273
-0.5687000000000001,-1.042359285740559
-0.5677,-1.0140650597432583
-0.5667000000000001,-0.9881758429557282
-0.5657,-0.9627110395581575
-0.5647000000000001,-0.9348412269508163
-0.5637,-0.9119229038930027
-0.5627000000000001,-0.8880142829252835
-0.5617,-0.8638227196975914
-0.5607000000000001,-0.8401970409898453
-0.5597,-0.8184104869719238
-0.5587000000000001,-0.7966239329540021
-0.5577,-0.7754032634560265
-0.5567000000000001,-0.7553143629979431
-0.5557,-0.7342351646299541
-0.5547000000000001,-0.7141462641718705
-0.5537,-0.694906190493706
-0.5527000000000001,-0.6762320013354877
-0.5517,-0.657840754437242
-0.5507000000000001,-0.6411471610988346
-0.5497,-0.6245950388904137
-0.5487000000000001,-0.6066282053821278
-0.5477,-0.5896516697837473
-0.5467000000000001,-0.5730995475753263
-0.5457,-0.5585280211867165
-0.5447000000000001,-0.5435320814081471
-0.5437,-0.5296679106694698
-0.5427000000000001,-0.5149549131508734
-0.5417,-0.501090742412196
-0.5407000000000001,-0.4872265716735187
-0.5397,-0.47322092980485475
-0.5387000000000001,-0.461478826015975
-0.5377,-0.4484634820572166
-0.5367000000000001,-0.4371457916582963
-0.5357,-0.42568663012938956
-0.5347000000000001,-0.41295422843060425
-0.5337,-0.4020609514216434
-0.5327000000000001,-0.3890456074628851
-0.5317,-0.38084028192366787
-0.5307000000000001,-0.37079583169462615
-0.5297,-0.3597610835556788
-0.5287000000000001,-0.3497166333266371
-0.5277,-0.34108689439746037
-0.5267000000000001,-0.33217421320831064
-0.5257,-0.32283711862920134
-0.5247,-0.3139244374400516
-0.5236999999999999,-0.3074167654606725
-0.5227,-0.2958161328017792
-0.5216999999999999,-0.288742576302454
-0.5207,-0.27982989511330425
-0.5196999999999999,-0.2734636942639116
-0.5187,-0.2665316088945729
-0.5176999999999999,-0.2584677544853422
-0.5167,-0.2518186113759765
-0.5156999999999999,-0.24545241052658387
-0.5147,-0.23795444063729917
-0.5136999999999999,-0.232578537697812
-0.5127,-0.22578792345845985
-0.5116999999999999,-0.22126084729889173
-0.5107,-0.2151775887094721
-0.5096999999999999,-0.2081040322101469
-0.5087,-0.20258665814067325
-0.5076999999999999,-0.19593751503130757
-0.5067,-0.1919763233916855
-0.5056999999999999,-0.18787366062207686
-0.5047,-0.18009274847281917
-0.5036999999999999,-0.1768389124831296
-0.5027,-0.17174595180361546
-0.5016999999999999,-0.16764328903400685
-0.5007,-0.16311621287443873
-0.4996999999999999,-0.15816472332491108
-0.49870000000000003,-0.1551938295951945
-0.4976999999999999,-0.1512326379555724
-0.49670000000000003,-0.14571526388609876
-0.4956999999999999,-0.14175407224647668
-0.49470000000000003,-0.13745334989488697
-0.4936999999999999,-0.13424195524419333
-0.4927,-0.13062029431653882
-0.4916999999999999,-0.12893678786969942
-0.4907,-0.12446630016212593
-0.4896999999999999,-0.12070316810448493
-0.4887,-0.11637415152689792
-0.4876999999999999,-0.11525652960000454
-0.4867,-0.11204513494931091
-0.48570000000000013,-0.10870641628162941
-0.4847,-0.10549502163093578
-0.48370000000000013,-0.10311830664716252
-0.4827,-0.09948249860650937
-0.48170000000000013,-0.09697845960574826
-0.4807,-0.09516762914192102
-0.4797000000000001,-0.09293238528813427
-0.4787,-0.08986246176742714
-0.4777000000000001,-0.0866510671167335
-0.4767,-0.08510903179988061
-0.4757000000000001,-0.08343967246603987
-0.4747,-0.0807800152222936
-0.4737000000000001,-0.07855891848150548
-0.4727,-0.07646514575770523
-0.4717000000000001,-0.07589926123775922
-0.4707,-0.07185318692014521
-0.4697000000000001,-0.07045262273327882
-0.4687,-0.06850032113946508
-0.4677000000000001,-0.06640654841566482
-0.4667,-0.06557186874874445
-0.4657000000000001,-0.06264341635802383
-0.4647,-0.060832585894196586
-0.4637000000000001,-0.05998375911427755
-0.4627,-0.058172928650450303
-0.4617000000000001,-0.058031457520463806
-0.4607,-0.055796213666677044
-0.4597000000000001,-0.053702440942876795
-0.4587,-0.05217455273902255
-0.4577000000000001,-0.050363722275195304
-0.4567,-0.04965636662526278
-0.4557000000000001,-0.04770406503144904
-0.4547,-0.046444971974569156
-0.4537000000000001,-0.046444971974569156
-0.4527,-0.04491708377071492
-0.4517000000000001,-0.04463414151074191
-0.4507,-0.04254036878694165
-0.4497000000000001,-0.04128127573006177
-0.4487,-0.04087100945310092
-0.4477000000000001,-0.038635765599314156
-0.4467,-0.037801085932393785
-0.4457000000000001,-0.03625905061554088
-0.4447,-0.03597610835556788
-0.4437000000000001,-0.03444822015171364
-0.4427,-0.034306749021727145
-0.4417000000000001,-0.03333059822482026
-0.4407,-0.030812412111060502
-0.4397000000000001,-0.031095354371033508
-0.4387,-0.03040214583409964
-0.4377000000000001,-0.029425995037192763
-0.4367,-0.028860110517246747
-0.4357000000000001,-0.02802543085032638
-0.4347,-0.027332222313392506
-0.4337000000000001,-0.026907808923433
-0.4327,-0.02537992071957876
-0.4317000000000001,-0.024955507329619247
-0.43069999999999997,-0.023696414272739365
-0.4297000000000001,-0.023427619125765006
-0.42869999999999997,-0.022861734605818994
-0.4277000000000001,-0.021744112678925617
-0.42669999999999997,-0.021050904141991744
-0.4257000000000001,-0.019367397695152354
-0.42469999999999997,-0.019933282215098366
-0.4237000000000001,-0.02007475334508487
-0.42269999999999996,-0.018249775768258973
-0.4217000000000001,-0.018815660288204986
-0.42069999999999996,-0.017556567231325104
-0.4197000000000001,-0.016721887564404736
-0.41869999999999996,-0.016028679027470863
-0.41770000000000007,-0.015745736767497857
-0.41669999999999996,-0.015745736767497857
-0.41570000000000007,-0.012672983824190999
-0.41469999999999996,-0.012953096661564276
-0.41370000000000007,-0.0135104929137111
-0.41269999999999996,-0.012254229279430947
-0.41170000000000007,-0.012394285698117586
-0.41069999999999995,-0.011556776608597484
-0.40970000000000006,-0.011556776608597484
-0.40869999999999995,-0.011975531153357534
-0.40770000000000006,-0.009741702010870643
-0.40669999999999995,-0.010719267519077383
-0.40570000000000006,-0.009603060303483868
-0.40469999999999995,-0.01002181484824392
-0.40370000000000006,-0.009741702010870643
-0.40269999999999995,-0.008068098543130304
-0.40170000000000006,-0.008068098543130304
-0.40069999999999995,-0.006393080364090101
-0.39970000000000006,-0.006950476616236925
-0.39869999999999994,-0.007928042124443665
-0.39770000000000005,-0.0056942129819567725
-0.39669999999999994,-0.007230589453610202
-0.39570000000000005,-0.007649343998370253
-0.39469999999999994,-0.005136816729809948
-0.39370000000000005,-0.005136816729809948
-0.39269999999999994,-0.004578005766363259
-0.39170000000000005,-0.004718062185049898
-0.39069999999999994,-0.0037404966768431573
-0.38970000000000005,-0.004299307640289847
-0.38869999999999993,-0.004159251221603208
-0.38770000000000004,-0.0027629311686364166
-0.38669999999999993,-0.0024842330425630045
-0.38570000000000004,-0.001228252350542825
-0.38469999999999993,-0.0020654784978029537
-0.38370000000000004,-0.0024842330425630045
-0.38269999999999993,-0.0031816857133964674
-0.38170000000000004,-0.0009491298110794531
-0.3806999999999999,-0.0017867803717295414
-0.37970000000000004,-0.0009491298110794531
-0.3786999999999999,-0.0006700072716160814
-0.37770000000000004,-0.0006700072716160814
-0.3766999999999999,-0.00011166316289834735
-0.37570000000000003,0.00044662435736739204
-0.3746999999999999,2.7912253946337174e-05
-0.37370000000000003,2.7912253946337174e-05
-0.3726999999999999,0.0015632559863508655
-0.37170000000000003,0.0007257468968307638
-0.3706999999999999,-0.00025125272685603054
-0.36970000000000003,0.0005862563626640711
-0.3686999999999999,0.0008653789021274429
-0.3677,0.0018419541124242776
-0.3666999999999999,0.0019820105311109163
-0.3657,0.0022607086571843284
-0.3646999999999999,0.0018419541124242776
-0.3637,0.0022607086571843284
-0.3626999999999999,0.002679463201944379
-0.3617,0.0005862563626640711
-0.36070000000000013,0.002959576039317657
-0.3597,0.0022607086571843284
-0.35870000000000013,0.0022607086571843284
-0.3577,0.002819519620631018
-0.35670000000000013,0.003238274165391069
-0.3557,0.002679463201944379
-0.3547000000000001,0.003238274165391069
-0.3537,0.003516972291464481
-0.3527000000000001,0.003238274165391069
-0.3517,0.002400765075870967
-0.3507000000000001,0.004215839673597809
-0.3497,0.005051934051818046
-0.3487000000000001,0.0047732359257446335
-0.3477,0.004913292344431272
-0.3467000000000001,0.004075783254911171
-0.3457,0.004633179507057995
-0.3447000000000001,0.0033783305840777073
-0.3437,0.005332046889191323
-0.3427000000000001,0.005610745015264736
-0.3417,0.005051934051818046
-0.3407000000000001,0.005191990470504684
-0.3397,0.005191990470504684
-0.3387000000000001,0.005750801433951375
-0.3377,0.005051934051818046
-0.3367000000000001,0.005332046889191323
-0.3357,0.005470688596578096
-0.3347000000000001,0.005470688596578096
-0.3337,0.0061695559787114254
-0.3327000000000001,0.006588310523471475
-0.3317,0.005051934051818046
-0.3307000000000001,0.00784457415775163
-0.3297,0.005889443141338148
-0.3287000000000001,0.00672695223085825
-0.3277,0.006029499560024787
-0.3267000000000001,0.00672695223085825
-0.3257,0.00812327228382504
-0.3247000000000001,0.006588310523471475
-0.3237,0.006867008649544888
-0.3227000000000001,0.0061695559787114254
-0.3217,0.006308197686098199
-0.3207000000000001,0.00812327228382504
-0.3197,0.007285763194304939
-0.3187000000000001,0.006308197686098199
-0.3177,0.007007065068231527
-0.3167000000000001,0.00812327228382504
-0.3157,0.00770451773906499
-0.3147000000000001,0.00826332870251168
-0.3137,0.00826332870251168
-0.3127000000000001,0.00784457415775163
-0.3117,0.00672695223085825
-0.3107000000000001,0.009519592336791833
-0.3097,0.008401970409898454
-0.3087000000000001,0.00784457415775163
-0.3077,0.009100837792031781
-0.3067000000000001,0.00812327228382504
-0.30569999999999997,0.009379535918105194
-0.3047000000000001,0.007983215865138404
-0.30369999999999997,0.00854202682858509
-0.3027000000000001,0.008820724954658504
-0.30169999999999997,0.008682083247271731
-0.3007000000000001,0.008960781373345144
-0.29969999999999997,0.00854202682858509
-0.2987000000000001,0.009239479499418555
-0.29769999999999996,0.009658234044178605
-0.2967000000000001,0.00826332870251168
-0.29569999999999996,0.008682083247271731
-0.2947000000000001,0.00854202682858509
-0.29369999999999996,0.009239479499418555
-0.29270000000000007,0.009798290462865246
-0.29169999999999996,0.009519592336791833
-0.29070000000000007,0.010775855971071984
-0.28969999999999996,0.008960781373345144
-0.28870000000000007,0.009239479499418555
-0.28769999999999996,0.010217045007625295
-0.28670000000000007,0.008682083247271731
-0.28569999999999995,0.010495743133698707
-0.28470000000000006,0.009658234044178605
-0.28369999999999995,0.009658234044178605
-0.28270000000000006,0.009658234044178605
-0.28169999999999995,0.00854202682858509
-0.28070000000000006,0.010217045007625295
-0.27969999999999995,0.010076988588938657
-0.27870000000000006,0.01133325222321881
-0.27769999999999995,0.009938346881551883
-0.27670000000000006,0.010217045007625295
-0.27569999999999995,0.009938346881551883
-0.27470000000000006,0.009519592336791833
-0.27369999999999994,0.011473308641905449
-0.27270000000000005,0.009519592336791833
-0.27169999999999994,0.009379535918105194
-0.27070000000000005,0.008820724954658504
-0.26969999999999994,0.009938346881551883
-0.26870000000000005,0.010357101426311934
-0.26769999999999994,0.009938346881551883
-0.26670000000000005,0.011054554097145397
-0.26569999999999994,0.011473308641905449
-0.26470000000000005,0.010635799552385347
-0.26369999999999993,0.012868213983572373
-0.26270000000000004,0.010914497678458758
-0.26169999999999993,0.010076988588938657
-0.26070000000000004,0.011054554097145397
-0.25969999999999993,0.010914497678458758
-0.25870000000000004,0.010076988588938657
-0.25769999999999993,0.011892063186665499
-0.25670000000000004,0.010357101426311934
-0.2556999999999999,0.011892063186665499
-0.25470000000000004,0.010775855971071984
-0.2536999999999999,0.011892063186665499
-0.25270000000000004,0.011473308641905449
-0.2516999999999999,0.011611950349292221
-0.25070000000000003,0.013985835910465752
-0.24969999999999992,0.011054554097145397
-0.24870000000000003,0.011473308641905449
-0.24769999999999992,0.011752006767978862
-0.24670000000000003,0.011752006767978862
-0.24569999999999992,0.012449459438812323
-0.24470000000000003,0.011473308641905449
-0.24369999999999992,0.0127295722761856
-0.24270000000000003,0.011752006767978862
-0.24169999999999991,0.011752006767978862
-0.24070000000000003,0.013286968528332426
-0.2396999999999999,0.01133325222321881
-0.23870000000000002,0.013286968528332426
-0.2376999999999999,0.012589515857498962
-0.23670000000000002,0.012310817731425549
-0.23570000000000013,0.012449459438812323
-0.23470000000000002,0.011752006767978862
-0.23370000000000013,0.012868213983572373
-0.23270000000000002,0.012449459438812323
-0.23170000000000013,0.0127295722761856
-0.23070000000000002,0.012310817731425549
-0.22970000000000013,0.012310817731425549
-0.22870000000000001,0.011892063186665499
-0.22770000000000012,0.012868213983572373
-0.2267,0.012310817731425549
-0.22570000000000012,0.013148326820945652
-0.2247,0.012589515857498962
-0.22370000000000012,0.011611950349292221
-0.2227,0.012170761312738912
-0.22170000000000012,0.011611950349292221
-0.2207,0.011752006767978862
-0.21970000000000012,0.011752006767978862
-0.2187,0.012449459438812323
-0.21770000000000012,0.012449459438812323
-0.2167,0.012589515857498962
-0.2157000000000001,0.012170761312738912
-0.2147,0.013286968528332426
-0.2137000000000001,0.012868213983572373
-0.2127,0.013705723073092474
-0.2117000000000001,0.013286968528332426
-0.2107,0.013427024947019063
-0.2097000000000001,0.014124477617852528
-0.2087,0.013985835910465752
-0.2077000000000001,0.013845779491779115
-0.2067,0.014684703292599082
-0.2057000000000001,0.014826174422585584
-0.2047,0.0127295722761856
-0.2037000000000001,0.013008270402259013
-0.2027,0.015236440699546445
-0.2017000000000001,0.014826174422585584
-0.2007,0.013148326820945652
-0.1997000000000001,0.014401761032626074
-0.1987,0.014401761032626074
-0.1977000000000001,0.013845779491779115
-0.19669999999999999,0.013286968528332426
-0.1957000000000001,0.014124477617852528
-0.19469999999999998,0.013008270402259013
-0.1937000000000001,0.014967645552572089
-0.19269999999999998,0.014401761032626074
-0.1917000000000001,0.014401761032626074
-0.1907000000000001,0.013845779491779115
-0.1897000000000002,0.014543232162612576
-0.1887000000000001,0.014684703292599082
-0.1877000000000002,0.013286968528332426
-0.1867000000000001,0.013985835910465752
-0.1857000000000002,0.014684703292599082
-0.1847000000000001,0.014684703292599082
-0.1837000000000002,0.015660854089505957
-0.18270000000000008,0.014684703292599082
-0.1817000000000002,0.014967645552572089
-0.18070000000000008,0.015377911829532949
-0.1797000000000002,0.01426028990263957
-0.17870000000000008,0.01426028990263957
-0.1777000000000002,0.014967645552572089
-0.17670000000000008,0.016495533756426328
-0.1757000000000002,0.014684703292599082
-0.17470000000000008,0.014967645552572089
-0.1737000000000002,0.01580232521949246
-0.17270000000000008,0.014826174422585584
-0.17170000000000019,0.015236440699546445
-0.17070000000000007,0.016495533756426328
-0.16970000000000018,0.01426028990263957
-0.16870000000000007,0.01580232521949246
-0.16770000000000018,0.01509496956955994
-0.16670000000000007,0.01509496956955994
-0.16570000000000018,0.015660854089505957
-0.16470000000000007,0.015377911829532949
-0.16370000000000018,0.016495533756426328
-0.16270000000000007,0.015519382959519455
-0.16170000000000018,0.01691994714638584
-0.16070000000000007,0.016495533756426328
-0.15970000000000018,0.014826174422585584
-0.15870000000000006,0.016637004886412832
-0.15770000000000017,0.015519382959519455
-0.15670000000000006,0.015660854089505957
-0.15570000000000017,0.016354062626439823
-0.15470000000000006,0.016495533756426328
-0.15370000000000017,0.015519382959519455
-0.15270000000000006,0.015377911829532949
-0.15170000000000017,0.016495533756426328
-0.15070000000000006,0.017754626813306213
-0.14970000000000017,0.01580232521949246
-0.14870000000000005,0.017896097943292714
-0.14770000000000016,0.017471684553333203
-0.14670000000000005,0.017471684553333203
-0.14570000000000016,0.016637004886412832
-0.14470000000000005,0.017188742293360197
-0.14370000000000016,0.017188742293360197
-0.14270000000000005,0.015943796349478963
-0.14170000000000016,0.016354062626439823
-0.14070000000000005,0.016354062626439823
-0.13970000000000016,0.01509496956955994
-0.13870000000000005,0.018306364220253574
-0.13770000000000016,0.018306364220253574
-0.13670000000000004,0.01691994714638584
-0.13570000000000015,0.01803756907327922
-0.13470000000000004,0.015943796349478963
-0.13370000000000015,0.017754626813306213
-0.13270000000000004,0.017613155683319705
-0.13170000000000015,0.01691994714638584
-0.13070000000000004,0.016778476016399334
-0.12970000000000015,0.016495533756426328
-0.12870000000000004,0.017188742293360197
-0.12770000000000015,0.017613155683319705
-0.12670000000000003,0.016637004886412832
-0.12570000000000014,0.019848399537106463
-0.12470000000000003,0.016778476016399334
-0.12370000000000014,0.017896097943292714
-0.12270000000000003,0.017754626813306213
-0.12170000000000014,0.017896097943292714
-0.12070000000000003,0.017471684553333203
-0.11970000000000014,0.017188742293360197
-0.11870000000000003,0.019013719870186095
-0.11770000000000014,0.018730777610213082
-0.11670000000000003,0.01858930648022658
-0.11570000000000014,0.01817904020326572
-0.11470000000000002,0.016354062626439823
-0.11370000000000013,0.019423986147146955
-0.11270000000000002,0.01887224874019959
-0.11170000000000013,0.018447835350240076
-0.11070000000000024,0.01928251501716045
-0.10970000000000013,0.01858930648022658
-0.10870000000000024,0.020131341797079472
-0.10770000000000013,0.0191551910001726
-0.10670000000000024,0.020683079204026837
-0.10570000000000013,0.018447835350240076
-0.10470000000000024,0.017896097943292714
-0.10370000000000013,0.019989870667092968
-0.10270000000000024,0.0173302134233467
-0.10170000000000012,0.018447835350240076
-0.10070000000000023,0.020541608074040336
-0.09970000000000012,0.018730777610213082
-0.09870000000000023,0.01887224874019959
-0.09770000000000012,0.019423986147146955
-0.09670000000000023,0.021107492593986348
-0.09570000000000012,0.020400136944053827
-0.09470000000000023,0.01858930648022658
-0.09370000000000012,0.01928251501716045
-0.09270000000000023,0.01858930648022658
-0.09170000000000011,0.01928251501716045
-0.09070000000000022,0.019565457277133456
-0.08970000000000011,0.018447835350240076
-0.08870000000000022,0.019989870667092968
-0.08770000000000011,0.020400136944053827
-0.08670000000000022,0.019989870667092968
-0.08570000000000011,0.021517758870947205
-0.08470000000000022,0.020131341797079472
-0.08370000000000011,0.020272812927065977
-0.08270000000000022,0.019565457277133456
-0.0817000000000001,0.020824550334013342
-0.08070000000000022,0.019989870667092968
-0.0797000000000001,0.019989870667092968
-0.07870000000000021,0.020400136944053827
-0.0777000000000001,0.020824550334013342
-0.07670000000000021,0.020966021463999843
-0.0757000000000001,0.020272812927065977
-0.07470000000000021,0.021376287740960703
-0.0737000000000001,0.02165923000093371
-0.07270000000000021,0.020824550334013342
-0.0717000000000001,0.02165923000093371
-0.07070000000000021,0.021107492593986348
-0.0697000000000001,0.020683079204026837
-0.0687000000000002,0.021107492593986348
-0.0677000000000001,0.020683079204026837
-0.0667000000000002,0.02124896372397285
-0.06570000000000009,0.021107492593986348
-0.0647000000000002,0.020541608074040336
-0.06370000000000009,0.022635380797840585
-0.0627000000000002,0.020683079204026837
-0.06170000000000009,0.022366585650866227
-0.0607000000000002,0.022225114520879725
-0.059700000000000086,0.021376287740960703
-0.058700000000000196,0.02347006046476096
-0.057700000000000085,0.022918323057813595
-0.056700000000000195,0.022225114520879725
-0.05570000000000008,0.021107492593986348
-0.05470000000000019,0.02165923000093371
-0.05370000000000008,0.02208364339089322
-0.05270000000000019,0.021800701130920214
-0.05170000000000008,0.022635380797840585
-0.05070000000000019,0.02208364339089322
-0.04970000000000008,0.022918323057813595
-0.04870000000000019,0.0230597941878001
-0.047700000000000076,0.022493909667854084
-0.046700000000000186,0.022918323057813595
-0.045700000000000074,0.022635380797840585
-0.044700000000000184,0.022225114520879725
-0.04370000000000007,0.022225114520879725
-0.04270000000000018,0.02194217226090672
-0.04170000000000007,0.021800701130920214
-0.04070000000000018,0.0232012653177866
-0.03970000000000007,0.02277685192782709
-0.03870000000000018,0.022635380797840585
-0.03770000000000007,0.022493909667854084
-0.03670000000000018,0.0230597941878001
-0.035700000000000065,0.025012095781613848
-0.034700000000000175,0.02347006046476096
-0.03370000000000006,0.024318887244679982
-0.03270000000000017,0.022918323057813595
-0.03170000000000006,0.025012095781613848
-0.03070000000000017,0.023611531594747465
-0.02970000000000006,0.02417741611469348
-0.02870000000000017,0.02515356691160035
-0.027700000000000058,0.02277685192782709
-0.026700000000000168,0.02389447385472047
-0.025700000000000056,0.02417741611469348
-0.024700000000000166,0.024035944984706972
-0.023700000000000054,0.025563833188561213
-0.022700000000000164,0.024318887244679982
-0.021700000000000053,0.024729153521640842
-0.020700000000000163,0.024870624651627343
-0.01970000000000005,0.02389447385472047
-0.01870000000000016,0.025012095781613848
-0.01770000000000005,0.024870624651627343
-0.01670000000000016,0.025563833188561213
-0.015700000000000047,0.024318887244679982
-0.014700000000000157,0.025012095781613848
-0.013700000000000045,0.025012095781613848
-0.012700000000000156,0.0269643973754276
-0.011700000000000044,0.025295038041586858
-0.010700000000000154,0.027657605912361466
-0.009700000000000042,0.02655413109846674
-0.008700000000000152,0.02682292624544109
-0.00770000000000004,0.02655413109846674
-0.00670000000000015,0.028082019302320977
-0.005700000000000038,0.027105868505414105
-0.0047000000000001485,0.0269643973754276
-0.0037000000000000366,0.027799077042347967
-0.0027000000000001467,0.02655413109846674
-0.0017000000000000348,0.0269643973754276
-0.000700000000000145,0.027657605912361466
0.00029999999999996696,0.02668145511545459
0.0012999999999998568,0.027657605912361466
0.0022999999999999687,0.028082019302320977
0.0032999999999998586,0.027799077042347967
0.0042999999999999705,0.027247339635400606
0.00529999999999986,0.029058170099227856
0.006299999999999972,0.027799077042347967
0.007299999999999862,0.028223490432307482
0.008299999999999974,0.027247339635400606
0.009299999999999864,0.028082019302320977
0.010299999999999976,0.028633756709268345
0.011299999999999866,0.02738881076538711
0.012299999999999978,0.028082019302320977
