Potential V vs RHE, Current mA cm-2
0.013299999999999867,0.17231183632356148
0.012299999999999978,-1.3543031273607997
0.011299999999999866,-2.576189277054232
0.010299999999999976,-3.579219588658543
0.009299999999999864,-4.494537799671222
0.008299999999999974,-5.235846520800501
0.007299999999999862,-5.9347139029338285
0.006299999999999972,-6.458157083883892
0.00529999999999986,-6.893888164242324
0.0042999999999999705,-7.37347529489657
0.0032999999999998586,-7.722908985963235
0.0022999999999999687,-8.070927965730034
0.0012999999999998568,-8.4203616567967
0.00029999999999996696,-8.769795347863363
-0.000700000000000145,-9.11781432763016
-0.0017000000000000348,-9.511104068992642
-0.0027000000000001467,-9.81668170976349
-0.0037000000000000366,-10.164700689530287
-0.0047000000000001485,-10.470278330301136
-0.005700000000000038,-10.688143870480351
-0.00670000000000015,-10.906009410659568
-0.00770000000000004,-11.081433611842833
-0.008700000000000152,-11.255443101726232
-0.009700000000000042,-11.385596541313816
-0.010700000000000154,-11.56102074249708
-0.011700000000000044,-11.73503023238048
-0.012700000000000156,-11.952895772559694
-0.013700000000000045,-12.170761312738911
-0.014700000000000157,-12.390041564217992
-0.015700000000000047,-12.651763154693022
-0.01670000000000016,-12.913484745168056
-0.01770000000000005,-13.175206335643086
-0.01870000000000016,-13.349215825526485
-0.01970000000000005,-13.523225315409885
-0.020700000000000163,-13.654793466297335
-0.021700000000000053,-13.784946905884919
-0.022700000000000164,-13.960371107068182
-0.023700000000000054,-14.046668496359947
-0.024700000000000166,-14.217848563643619
-0.025700000000000056,-14.401761032626075
-0.026700000000000168,-14.61396772760583
-0.027700000000000058,-14.826174422585586
-0.02870000000000017,-15.094969569559943
-0.02970000000000006,-15.349617603535648
-0.03070000000000017,-15.618412750510005
-0.03170000000000006,-15.830619445489761
-0.03270000000000017,-16.014531914472215
-0.03370000000000006,-16.22673860945197
-0.034700000000000175,-16.354062626439823
-0.035700000000000065,-16.53797509542228
-0.03670000000000018,-16.665299112410132
-0.03770000000000007,-16.792623129397985
-0.03870000000000018,-17.018976937376394
-0.03970000000000007,-17.231183632356142
-0.04070000000000018,-17.4433903273359
-0.04170000000000007,-17.71218547431026
-0.04270000000000018,-18.009274847281915
-0.04370000000000007,-18.320511333252224
-0.044700000000000184,-18.53271802823198
-0.045700000000000074,-18.80151317520634
-0.046700000000000186,-19.01371987018609
-0.047700000000000076,-19.197632339168546
-0.04870000000000019,-19.367397695152352
-0.04970000000000008,-19.49472171214021
-0.05070000000000019,-19.721075520118614
-0.05170000000000008,-19.93328221509837
-0.05270000000000019,-20.159636023076775
-0.05370000000000008,-20.371842718056527
-0.05470000000000019,-20.72552054302279
-0.05570000000000008,-21.022609915994444
-0.056700000000000195,-21.333846401964752
-0.057700000000000085,-21.58849443594046
-0.058700000000000196,-21.857289582914817
-0.059700000000000086,-22.069496277894572
-0.0607000000000002,-22.295850085872978
-0.06170000000000009,-22.46561544185678
-0.0627000000000002,-22.67782213683654
-0.06370000000000009,-22.904175944814945
-0.0647000000000002,-23.073941300798747
-0.06570000000000009,-23.300295108777156
-0.0667000000000002,-23.597384481748815
-0.0677000000000001,-23.908620967719123
-0.0687000000000002,-24.24815167968673
-0.0697000000000001,-24.559388165657033
-0.07070000000000021,-24.870624651627345
-0.0717000000000001,-25.167714024599
-0.07270000000000021,-25.39406783257741
-0.0737000000000001,-25.648715866553115
-0.07470000000000021,-25.81848122253692
-0.0757000000000001,-26.002393691519377
-0.07670000000000021,-26.17215904750318
-0.0777000000000001,-26.38436574248293
-0.07870000000000021,-26.568278211465387
-0.0797000000000001,-26.86536758443705
-0.08070000000000022,-27.176604070407354
-0.0817000000000001,-27.530281895373616
-0.08270000000000022,-27.78492992934932
-0.08370000000000011,-28.13860775431558
-0.08470000000000022,-28.435697127287238
-0.08570000000000011,-28.746933613257543
-0.08670000000000022,-28.959140308237306
-0.08770000000000011,-29.14305277721976
-0.08870000000000022,-29.39770081119546
-0.08970000000000011,-29.581613280177915
-0.09070000000000022,-29.793819975157668
-0.09170000000000011,-30.00602667013743
-0.09270000000000023,-30.232380478115836
-0.09370000000000012,-30.487028512091538
-0.09470000000000023,-30.79826499806185
-0.09570000000000012,-31.052913032037555
-0.09670000000000023,-31.40659085700382
-0.09770000000000012,-31.661238890979522
-0.09870000000000023,-31.930034037953877
-0.09970000000000012,-32.09979939393769
-0.10070000000000023,-32.32615320191609
-0.10170000000000012,-32.53835989689585
-0.10270000000000024,-32.70812525287965
-0.10370000000000013,-32.84959638286615
-0.10470000000000024,-33.10424441684186
-0.10570000000000013,-33.330598224820264
-0.10670000000000024,-33.627687597791926
-0.10770000000000013,-33.93892408376223
-0.10870000000000024,-34.236013456733886
-0.10970000000000013,-34.58969128170015
-0.11070000000000024,-34.94336910666641
-0.11170000000000013,-35.240458479638065
-0.11270000000000002,-35.46681228761647
-0.11370000000000013,-35.721460321592176
-0.11470000000000002,-35.90537279057463
-0.11570000000000014,-36.07513814655844
-0.11670000000000003,-36.20246216354629
-0.11770000000000014,-36.4288159715247
-0.11870000000000003,-36.5985813275085
-0.11970000000000014,-36.81078802248826
-0.12070000000000003,-37.037141830466666
-0.12170000000000014,-37.334231203438314
-0.12270000000000003,-37.645467689408626
-0.12370000000000014,-37.94255706238028
-0.12470000000000003,-38.211352209354644
-0.12570000000000014,-38.42355890433439
-0.12670000000000003,-38.6499127123128
-0.12770000000000015,-38.86211940729255
-0.12870000000000004,-39.08847321527096
-0.12970000000000015,-39.258238571254765
-0.13070000000000004,-39.47044526623452
-0.13170000000000015,-39.654357735216976
-0.13270000000000004,-39.90900576919269
-0.13370000000000015,-40.135359577171094
-0.13470000000000004,-40.43244895014274
-0.13570000000000015,-40.743685436113054
-0.13670000000000004,-41.083216148080666
-0.13770000000000016,-41.30956995605907
-0.13870000000000005,-41.606659329030734
-0.13970000000000016,-41.79057179801318
-0.14070000000000005,-42.00277849299294
-0.14170000000000016,-42.130102509980794
-0.14270000000000005,-42.3564563179592
-0.14370000000000016,-42.483780334947056
-0.14470000000000005,-42.71013414292546
-0.14570000000000016,-42.87989949890926
-0.14670000000000005,-43.17698887188092
-0.14770000000000016,-43.48822535785123
-0.14870000000000005,-43.79946184382153
-0.14970000000000017,-44.096551216793195
-0.15070000000000006,-44.45022904175945
-0.15170000000000017,-44.704877075735155
-0.15270000000000006,-44.97367222270952
-0.15370000000000017,-45.22832025668522
-0.15470000000000006,-45.412232725667685
-0.15570000000000017,-45.624439420647434
-0.15670000000000006,-45.75176343763528
-0.15770000000000017,-45.93567590661774
-0.15870000000000006,-46.147882601597495
-0.15970000000000018,-46.41667774857186
-0.16070000000000007,-46.713767121543505
-0.16170000000000018,-47.02500360751382
-0.16270000000000007,-47.27965164148953
-0.16370000000000018,-47.633329466455784
-0.16470000000000007,-47.93041883942744
-0.16570000000000018,-48.1992139864018
-0.16670000000000007,-48.41142068138156
-0.16770000000000018,-48.59533315036401
-0.16870000000000007,-48.80753984534376
-0.16970000000000018,-49.03389365332217
-0.17070000000000007,-49.20365900930597
-0.17170000000000019,-49.458307043281685
-0.17270000000000008,-49.72710219025603
-0.1737000000000002,-50.024191563227696
-0.17470000000000008,-50.37786938819396
-0.1757000000000002,-50.73154721316022
-0.17670000000000008,-51.127666377122424
-0.1777000000000002,-51.46719708909004
-0.17870000000000008,-51.82087491405629
-0.1797000000000002,-52.11796428702795
-0.18070000000000008,-52.42920077299826
-0.1817000000000002,-52.69799591997262
-0.18270000000000008,-52.91020261495237
-0.1837000000000002,-53.079967970936174
-0.1847000000000001,-53.348763117910536
-0.1857000000000002,-53.603411151886235
-0.1867000000000001,-53.91464763785655
-0.1877000000000002,-54.2117370108282
-0.1887000000000001,-54.56541483579447
-0.1897000000000002,-54.961533999756675
-0.1907000000000001,-55.31521182472294
-0.1917000000000001,-55.65474253669055
-0.19269999999999998,-56.008420361656796
-0.1937000000000001,-56.30550973462846
-0.19469999999999998,-56.61674622059877
-0.1957000000000001,-56.927982706569075
-0.19669999999999999,-57.182630740544774
-0.1977000000000001,-57.53630856551105
-0.1987,-57.8333979384827
-0.1997000000000001,-58.22951710244491
-0.2007,-58.583194927411164
-0.2017000000000001,-59.06419676936528
-0.2027,-59.44616882032884
-0.2037000000000001,-59.884729323287
-0.2047,-60.28084848724921
-0.2057000000000001,-60.67696765121143
-0.2067,-61.01649836317903
-0.2077000000000001,-61.327734849149344
-0.2087,-61.63897133511965
-0.2097000000000001,-61.89361936909536
-0.2107,-62.20485585506566
-0.2117000000000001,-62.501945228037314
-0.2127,-62.855623053003576
-0.2137000000000001,-63.251742216965795
-0.2147,-63.732744058919906
-0.2157000000000001,-64.25618723986996
-0.2167,-64.68060062982947
-0.21770000000000012,-65.11916113278764
-0.2187,-65.5577216357458
-0.21970000000000012,-65.91139946071206
-0.2207,-66.25093017267966
-0.22170000000000012,-66.60460799764593
-0.2227,-66.9582858226122
-0.22370000000000012,-67.25537519558385
-0.2247,-67.65149435954605
-0.22570000000000012,-68.0051721845123
-0.2267,-68.38714423547587
-0.22770000000000012,-68.82570473843404
-0.22870000000000001,-69.3491479193841
-0.22970000000000013,-69.78770842234226
-0.23070000000000002,-70.26871026429637
-0.23170000000000013,-70.70727076725453
-0.23270000000000002,-71.1458312702127
-0.23370000000000013,-71.58439177317086
-0.23470000000000002,-71.8814811461425
-0.23570000000000013,-72.23515897110877
-0.23670000000000002,-72.57468968307639
-0.2376999999999999,-72.92836750804264
-0.23870000000000002,-73.2820453330089
-0.2396999999999999,-73.72060583596706
-0.24070000000000003,-74.14501922592657
-0.24169999999999991,-74.62602106788069
-0.24270000000000003,-75.06458157083884
-0.24369999999999992,-75.5880247517889
-0.24470000000000003,-76.02658525474708
-0.24569999999999992,-76.50758709670117
-0.24670000000000003,-76.86126492166746
-0.24769999999999992,-77.20079563363505
-0.24870000000000003,-77.55447345860131
-0.24969999999999992,-77.90815128356756
-0.25070000000000003,-78.20524065653922
-0.2516999999999999,-78.55891848150549
-0.25270000000000004,-78.91259630647174
-0.2536999999999999,-79.2945683574353
-0.25470000000000004,-79.73312886039348
-0.2556999999999999,-80.21413070234757
-0.25670000000000004,-80.73757388329766
-0.25769999999999993,-81.1761343862558
-0.25870000000000004,-81.61469488921396
-0.25969999999999993,-81.99666694017753
-0.26070000000000004,-82.39278610413973
-0.26169999999999993,-82.746463929106
-0.26270000000000004,-83.08599464107361
-0.26369999999999993,-83.39723112704392
-0.26470000000000005,-83.70846761301424
-0.26569999999999994,-84.09043966397778
-0.26670000000000005,-84.52900016693594
-0.26769999999999994,-84.92511933089816
-0.26870000000000005,-85.36367983385631
-0.26969999999999994,-85.80224033681448
-0.27070000000000005,-86.22665372677399
-0.27169999999999994,-86.6227728907362
-0.27270000000000005,-86.97645071570246
-0.27369999999999994,-87.33012854066871
-0.27470000000000006,-87.58477657464444
-0.27569999999999995,-87.85357172161878
-0.27670000000000006,-88.06577841659853
-0.27769999999999995,-88.37701490256885
-0.27870000000000006,-88.63166293654454
-0.27969999999999995,-88.9853407615108
-0.28070000000000006,-89.28243013448247
-0.28169999999999995,-89.63610795944872
-0.28270000000000006,-90.03222712341093
-0.28369999999999995,-90.41419917437449
-0.28470000000000006,-90.76787699934074
-0.28569999999999995,-91.12155482430701
-0.28670000000000007,-91.37620285828272
-0.28769999999999996,-91.64499800525708
-0.28870000000000007,-91.85720470023682
-0.28969999999999996,-92.12599984721119
-0.29070000000000007,-92.33820654219093
-0.29169999999999996,-92.56456035016936
-0.29270000000000007,-92.81920838414506
-0.29369999999999996,-93.08800353111941
-0.2947000000000001,-93.38509290409107
-0.29569999999999996,-93.69632939006138
-0.2967000000000001,-93.99341876303303
-0.29769999999999996,-94.21977257101145
-0.2987000000000001,-94.47442060498715
-0.29969999999999997,-94.70077441296557
-0.3007000000000001,-94.87053976894937
-0.30169999999999997,-94.91298110794531
-0.3027000000000001,-95.04030512493317
-0.30369999999999997,-95.08274646392913
-0.3047000000000001,-95.26665893291157
-0.30569999999999997,-95.39398294989942
-0.3067000000000001,-95.60618964487918
-0.3077,-95.87498479185354
-0.3087000000000001,-96.0871914868333
-0.3097,-96.35598663380765
-0.3107000000000001,-96.52575198979144
-0.3117,-96.69551734577524
-0.3127000000000001,-96.87942981475771
-0.3137,-96.92187115375367
-0.3147000000000001,-96.96431249274961
-0.3157,-97.00675383174556
-0.3167000000000001,-97.00675383174556
-0.3177,-97.00675383174556
-0.3187000000000001,-96.96431249274961
-0.3197,-97.04919517074151
-0.3207000000000001,-97.13407784873341
-0.3217,-97.21896052672531
-0.3227000000000001,-97.31799031771587
-0.3237,-97.44531433470372
-0.3247000000000001,-97.44531433470372
-0.3257,-97.4877556736997
-0.3267000000000001,-97.40287299570777
-0.3277,-97.26140186572127
-0.3287000000000001,-97.09163650973747
-0.3297,-96.92187115375367
-0.3307000000000001,-96.65307600677932
-0.3317,-96.4833106507955
-0.3327000000000001,-96.31354529481169
-0.3337,-96.17207416482519
-0.3347000000000001,-96.0871914868333
-0.3357,-96.04475014783733
-0.3367000000000001,-96.00230880884139
-0.3377,-95.87498479185354
-0.3387000000000001,-95.83254345285758
-0.3397,-95.60618964487918
-0.3407000000000001,-95.43642428889537
-0.3417,-95.22421759391563
-0.3427000000000001,-94.95542244694126
-0.3437,-94.55930328297906
-0.3447000000000001,-94.30465524900335
-0.3457,-93.99341876303303
-0.3467000000000001,-93.78121206805329
-0.3477,-93.51241692107894
-0.3487000000000001,-93.25776888710321
-0.3497,-93.03141507912481
-0.3507000000000001,-92.81920838414506
-0.3517,-92.50797189817473
-0.3527000000000001,-92.2108825252031
-0.3537,-91.85720470023682
-0.3547000000000001,-91.46108553627462
-0.3557,-91.07911348531105
-0.35670000000000013,-90.6405529823529
-0.3577,-90.24443381839069
-0.35870000000000013,-89.80587331543254
-0.3597,-89.42390126446898
-0.36070000000000013,-89.02778210050676
-0.3617,-88.63166293654454
-0.3626999999999999,-88.23554377258235
-0.3637,-87.93845439961068
-0.3646999999999999,-87.45745255765657
-0.3657,-87.06133339369435
-0.3666999999999999,-86.58033155174023
-0.3677,-86.01444703179425
-0.3686999999999999,-85.53344518984011
-0.36970000000000003,-85.01000200889004
-0.3706999999999999,-84.48655882793999
-0.37170000000000003,-84.00555698598588
-0.3726999999999999,-83.48211380503581
-0.37370000000000003,-83.04355330207765
-0.3746999999999999,-82.6615812511141
-0.37570000000000003,-82.26546208715187
-0.3766999999999999,-81.86934292318966
-0.37770000000000004,-81.43078242023151
-0.3786999999999999,-80.99222191727335
-0.37970000000000004,-80.46877873632329
-0.3806999999999999,-79.94533555537322
-0.38170000000000004,-79.37945103542721
-0.38269999999999993,-78.85600785447714
-0.38370000000000004,-78.24768199553519
-0.38469999999999993,-77.76668015358106
-0.38570000000000004,-77.243236972631
-0.38669999999999993,-76.86126492166746
-0.38770000000000004,-76.46514575770523
-0.38869999999999993,-76.11146793273898
-0.38970000000000005,-75.71534876877676
-0.39069999999999994,-75.37581805680915
-0.39170000000000005,-75.02214023184291
-0.39269999999999994,-74.62602106788069
-0.39370000000000005,-74.20160767792116
-0.39469999999999994,-73.6781644969711
-0.39570000000000005,-73.197162655017
-0.39669999999999994,-72.71616081306288
-0.39770000000000005,-72.23515897110877
-0.39869999999999994,-71.7965984681506
-0.39970000000000006,-71.4004793041884
-0.40069999999999995,-71.06094859222078
-0.40170000000000006,-70.74971210625048
-0.40269999999999995,-70.48091695927613
-0.40370000000000006,-70.26871026429637
-0.40469999999999995,-70.05650356931662
-0.40570000000000006,-69.87259110033416
-0.40669999999999995,-69.61794306635846
-0.40770000000000006,-69.39158925838004
-0.40869999999999995,-69.1793825634003
-0.40970000000000006,-68.86814607742998
-0.41069999999999995,-68.61349804345427
-0.41170000000000007,-68.38714423547587
-0.41269999999999996,-68.21737887949207
-0.41370000000000007,-68.0900548625042
-0.41469999999999996,-68.0051721845123
-0.41570000000000007,-67.9202895065204
-0.41669999999999996,-67.86370105452582
-0.41770000000000007,-67.86370105452582
-0.41869999999999996,-67.82125971552985
-0.4197000000000001,-67.73637703753796
-0.42069999999999996,-67.73637703753796
-0.4217000000000001,-67.6090530205501
-0.42269999999999996,-67.56661168155415
-0.4237000000000001,-67.48172900356225
-0.42469999999999997,-67.43928766456631
-0.4257000000000001,-67.43928766456631
-0.42669999999999997,-67.48172900356225
-0.4277000000000001,-67.6090530205501
-0.42869999999999997,-67.73637703753796
-0.4297000000000001,-67.86370105452582
-0.43069999999999997,-68.0900548625042
-0.4317000000000001,-68.21737887949207
-0.4327,-68.44373268747047
-0.4337000000000001,-68.61349804345427
-0.4347,-68.74082206044213
-0.4357000000000001,-68.91058741642594
-0.4367,-69.0096172074165
-0.4377000000000001,-69.1793825634003
-0.4387,-69.39158925838004
-0.4397000000000001,-69.70282574435035
-0.4407,-69.91503243933012
-0.4417000000000001,-70.26871026429637
-0.4427,-70.57994675026669
-0.4437000000000001,-70.91947746223428
-0.4447,-71.18827260920865
-0.4457000000000001,-71.48536198218031
-0.4467,-71.7965984681506
-0.4477000000000001,-72.05124650212633
-0.4487,-72.27760031010472
-0.4497000000000001,-72.48980700508447
-0.4507,-72.75860215205884
-0.4517000000000001,-73.0556915250305
-0.4527,-73.32448667200485
-0.4537000000000001,-73.6781644969711
-0.4547,-74.10257788693062
-0.4557000000000001,-74.54113838988879
-0.4567,-74.97969889284694
-0.4577000000000001,-75.37581805680915
-0.4587,-75.77193722077136
-0.4597000000000001,-76.11146793273898
-0.4607,-76.42270441870929
-0.4617000000000001,-76.67735245268499
-0.4627,-76.98858893865528
-0.4637000000000001,-77.20079563363505
-0.4647,-77.55447345860131
-0.4657000000000001,-77.86570994457162
-0.4667,-78.24768199553519
-0.4677000000000001,-78.72868383748929
-0.4687,-79.16724434044745
-0.4697000000000001,-79.64824618240156
-0.4707,-80.08680668535972
-0.4717000000000001,-80.56780852731384
-0.4727,-81.04881036926795
-0.4737000000000001,-81.38834108123557
-0.4747,-81.69957756720586
-0.4757000000000001,-82.03910827917348
-0.4767,-82.26546208715187
-0.4777000000000001,-82.52011012112759
-0.4787,-82.8313466070979
-0.4797000000000001,-83.14258309306821
-0.4807,-83.48211380503581
-0.48170000000000013,-83.83579163000208
-0.4827,-84.18946945496833
-0.48370000000000013,-84.61388284492786
-0.4847,-85.01000200889004
-0.48570000000000013,-85.40612117285227
-0.4867,-84.40167614994809
-0.48570000000000013,-81.47322375922747
-0.4847,-78.9550376454677
-0.48370000000000013,-76.67735245268499
-0.4827,-74.58357972888473
-0.48170000000000013,-72.63127813507097
-0.4807,-70.79215344524643
-0.4797000000000001,-69.0944998854084
-0.4787,-67.48172900356225
-0.4777000000000001,-65.99628213870396
-0.4767,-64.55327661284163
-0.4757000000000001,-63.15271242597524
-0.4747,-61.80873669110345
-0.4737000000000001,-60.45061384323302
-0.4727,-59.14907944735718
-0.4717000000000001,-57.79095659948675
-0.4707,-56.53186354260687
-0.4697000000000001,-55.21618203373238
-0.4687,-54.0419716548444
-0.4677000000000001,-52.86776127595642
-0.4667,-51.82087491405629
-0.4657000000000001,-50.73154721316022
-0.4647,-49.72710219025603
-0.4637000000000001,-48.72265716735186
-0.4627,-47.76065348344364
-0.4617000000000001,-46.75620846053947
-0.4607,-45.75176343763528
-0.4597000000000001,-44.74731841473111
-0.4587,-43.70043205283099
-0.4577000000000001,-42.653545690930855
-0.4567,-41.606659329030734
-0.4557000000000001,-40.701244097117105
-0.4547,-39.696799074212926
-0.4537000000000001,-38.86211940729255
-0.4527,-37.99914551437489
-0.4517000000000001,-37.206907186450465
-0.4507,-36.55613998851254
-0.4497000000000001,-35.806342999584075
-0.4487,-35.07069312365426
-0.4477000000000001,-34.33504324772444
-0.4467,-33.58524625879597
-0.4457000000000001,-32.764713704874254
-0.4447,-31.930034037953877
-0.4437000000000001,-31.19438416202406
-0.4427,-30.402145834099635
-0.4417000000000001,-29.66649595816982
-0.4407,-28.91669896924135
-0.4397000000000001,-28.22349043230748
-0.4387,-27.615164573365515
-0.4377000000000001,-27.00683871442355
-0.4367,-26.440954194477534
-0.4357000000000001,-25.77603988354097
-0.4347,-25.167714024599
-0.4337000000000001,-24.516946826661083
-0.4327,-23.86617962872317
-0.4317000000000001,-23.24370665678255
-0.43069999999999997,-22.550498119848687
-0.4297000000000001,-21.899730921910766
-0.42869999999999997,-21.291405062968803
-0.4277000000000001,-20.683079204026836
-0.42669999999999997,-20.159636023076775
-0.4257000000000001,-19.678634181122664
-0.42469999999999997,-19.197632339168546
-0.4237000000000001,-18.674189158218486
-0.42269999999999996,-18.23562865526032
-0.4217000000000001,-17.75462681330621
-0.42069999999999996,-17.2736249713521
-0.4197000000000001,-16.70774045140608
-0.41869999999999996,-16.184297270456018
-0.41770000000000007,-15.618412750510005
-0.41669999999999996,-15.05252823056399
-0.41570000000000007,-14.529085049613924
-0.41469999999999996,-14.002812446064135
-0.41370000000000007,-13.567081365705702
-0.41269999999999996,-13.13135028534727
-0.41170000000000007,-12.694204493688973
-0.41069999999999995,-12.346185513922174
-0.40970000000000006,-11.996751822855511
-0.40869999999999995,-11.56102074249708
-0.40770000000000006,-11.1677310011346
-0.40669999999999995,-10.688143870480351
-0.40570000000000006,-10.25241279012192
-0.40469999999999995,-9.772825659467674
-0.40370000000000006,-9.335679867809377
-0.40269999999999995,-8.85609273715513
-0.40170000000000006,-8.4203616567967
-0.40069999999999995,-8.027071915434218
-0.39970000000000006,-7.679052935667419
-0.39869999999999994,-7.329619244600755
-0.39770000000000005,-7.024041603829907
-0.39669999999999994,-6.719878674358924
-0.39570000000000005,-6.37044498329226
-0.39469999999999994,-6.064867342521412
-0.39370000000000005,-5.672992312458796
-0.39269999999999994,-5.323558621392133
-0.39170000000000005,-4.9302688800296535
-0.39069999999999994,-4.538393849967037
-0.38970000000000005,-4.0588067193127895
-0.38869999999999993,-3.7093730282461257
-0.38770000000000004,-3.361354048479327
-0.38669999999999993,-3.0996324580042955
-0.38570000000000004,-2.7501987669376318
-0.38469999999999993,-2.532333226758415
-0.38370000000000004,-2.2706116362833835
-0.38269999999999993,-2.008890045808352
-0.38170000000000004,-1.7471684553333202
-0.3806999999999999,-1.4854468648582886
-0.37970000000000004,-1.1362961160515976
-0.3786999999999999,-0.7872868383748929
-0.37770000000000004,-0.3947044526623452
-0.3766999999999999,-0.04582249900262853
-0.37570000000000003,0.3031726315610774
-0.3746999999999999,0.6084673300719523
-0.37370000000000003,0.870188920546984
-0.3726999999999999,1.1317690398920295
-0.37170000000000003,1.349917522331218
-0.3706999999999999,1.5250587812545096
-0.36970000000000003,1.7429243214337253
-0.3686999999999999,1.9607898616129409
-0.3677,2.178655401792157
-0.3666999999999999,2.4842330425630044
-0.3657,2.7898106833338523
-0.3646999999999999,3.1378296631006513
-0.3637,3.4434073038714996
-0.3626999999999999,3.7051288943465317
-0.3617,4.01070653511738
-0.36070000000000013,4.272428125592412
-0.3597,4.490293665771627
-0.35870000000000013,4.664303155655026
-0.3577,4.839727356838291
-0.35670000000000013,4.9698807964258735
-0.3557,5.18774633660509
-0.3547000000000001,5.319314487492538
-0.3537,5.581036077967569
-0.3527000000000001,5.8427576684426015
-0.3517,6.1044792589176335
-0.3507000000000001,6.410056899688482
-0.3497,6.714219829159464
-0.3487000000000001,6.933500080638546
-0.3477,7.195221671113577
-0.3467000000000001,7.369231160996977
-0.3457,7.543240650880375
-0.3447000000000001,7.674808801767824
-0.3437,7.848818291651225
-0.3427000000000001,7.980386442538672
-0.3417,8.154395932422071
-0.3407000000000001,8.284549372009655
-0.3397,8.546270962484687
-0.3387000000000001,8.80799255295972
-0.3377,9.06971414343475
-0.3367000000000001,9.331435733909782
-0.3357,9.549301274088998
-0.3347000000000001,9.811022864564029
-0.3337,9.986447065747294
-0.3327000000000001,10.116600505334876
-0.3317,10.248168656222326
-0.3307000000000001,10.37832209580991
-0.3297,10.46603419640154
-0.3287000000000001,10.553746296993173
-0.3277,10.727755786876573
-0.3267000000000001,10.989477377351605
-0.3257,11.20734291753082
-0.3247000000000001,11.425208457710037
-0.3237,11.643073997889251
-0.3227000000000001,11.904795588364284
-0.3217,12.166517178839316
-0.3207000000000001,12.341941380022579
-0.3197,12.515950869905978
-0.3187000000000001,12.646104309493563
-0.3177,12.77767246038101
-0.3167000000000001,12.865384560972643
-0.3157,12.995538000560227
-0.3147000000000001,13.127106151447675
-0.3137,13.301115641331073
-0.3127000000000001,13.475125131214474
-0.3117,13.69299067139369
-0.3107000000000001,13.954712261868721
-0.3097,14.217848563643619
-0.3087000000000001,14.387613919627421
-0.3077,14.57152638860988
-0.3067000000000001,14.69885040559773
-0.30569999999999997,14.868615761581536
-0.3047000000000001,14.953498439573437
-0.30369999999999997,15.094969569559943
-0.3027000000000001,15.179852247551842
-0.30169999999999997,15.307176264539699
-0.3007000000000001,15.4769416205235
-0.29969999999999997,15.70329542850191
-0.2987000000000001,15.91550212348166
-0.29769999999999996,16.184297270456018
-0.2967000000000001,16.438945304431726
-0.29569999999999996,16.622857773414182
-0.2947000000000001,16.835064468393938
-0.29369999999999996,17.00482982437774
-0.29270000000000007,17.188742293360193
-0.29169999999999996,17.316066310348052
-0.29070000000000007,17.358507649344002
-0.28969999999999996,17.4433903273359
-0.28870000000000007,17.570714344323754
-0.28769999999999996,17.71218547431026
-0.28670000000000007,17.924392169290012
-0.28569999999999995,18.09415752527382
-0.28470000000000006,18.362952672248177
-0.28369999999999995,18.57515936722793
-0.28270000000000006,18.843954514202288
-0.28169999999999995,19.056161209182044
-0.28070000000000006,19.28251501716045
-0.27969999999999995,19.409839034148305
-0.27870000000000006,19.49472171214021
-0.27769999999999995,19.664487068124007
-0.27670000000000006,19.749369746115914
-0.27569999999999995,19.93328221509837
-0.27470000000000006,20.06060623208622
-0.27369999999999994,20.230371588070028
-0.27270000000000005,20.456725396048434
-0.27169999999999994,20.711373430024135
-0.27070000000000005,20.980168576998494
-0.26969999999999994,21.2348166109742
-0.26870000000000005,21.461170418952605
-0.26769999999999994,21.67337711393236
-0.26670000000000005,21.843142469916167
-0.26569999999999994,21.98461359990267
-0.26470000000000005,22.111937616890522
-0.26369999999999993,22.239261633878378
-0.26270000000000004,22.36658565086623
-0.26169999999999993,22.46561544185678
-0.26070000000000004,22.63538079784059
-0.25969999999999993,22.890028831816295
-0.25870000000000004,23.1163826397947
-0.25769999999999993,23.371030673770406
-0.25670000000000004,23.639825820744765
-0.2556999999999999,23.894473854720466
-0.25470000000000004,24.16326900169483
-0.2536999999999999,24.33303435767863
-0.25270000000000004,24.516946826661083
-0.2516999999999999,24.64427084364894
-0.25070000000000003,24.814036199632742
-0.24969999999999992,24.898918877624645
-0.24870000000000003,25.12527268560305
-0.24769999999999992,25.252596702590903
-0.24670000000000003,25.507244736566612
-0.24569999999999992,25.73359854454502
-0.24470000000000003,26.030687917516673
-0.24369999999999992,26.29948306449103
-0.24270000000000003,26.55413109846674
-0.24169999999999991,26.822926245441096
-0.24070000000000003,27.0775742794168
-0.2396999999999999,27.219045409403304
-0.23870000000000002,27.38881076538711
-0.2376999999999999,27.516134782374962
-0.23670000000000002,27.558576121370916
-0.23570000000000013,27.742488590353368
-0.23470000000000002,27.869812607341224
-0.23370000000000013,28.12446064131693
-0.23270000000000002,28.393255788291288
-0.23170000000000013,28.60546248327104
-0.23070000000000002,28.91669896924135
-0.22970000000000013,29.27037679420761
-0.22870000000000001,29.567466167179266
-0.22770000000000012,29.836261314153624
-0.2267,30.00602667013743
-0.22570000000000012,30.21823336511718
-0.2247,30.402145834099635
-0.22370000000000012,30.529469851087494
-0.2227,30.656793868075347
-0.22170000000000012,30.88314767605375
-0.2207,31.052913032037555
-0.21970000000000012,31.321708179011907
-0.2187,31.57635621298762
-0.21770000000000012,31.887592698957924
-0.2167,32.184682071929586
-0.2157000000000001,32.53835989689585
-0.2147,32.79300793087155
-0.2137000000000001,33.06180307784591
-0.2127,33.316451111821614
-0.2117000000000001,33.45792224180811
-0.2107,33.627687597791926
-0.2097000000000001,33.79745295377573
-0.2087,34.02380676175414
-0.2077000000000001,34.236013456733886
-0.2067,34.50480860370825
-0.2057000000000001,34.75945663768395
-0.2047,35.11313446265021
-0.2037000000000001,35.41022383562187
-0.2027,35.763901660588125
-0.2017000000000001,36.07513814655844
-0.2007,36.41466885852605
-0.1997000000000001,36.5985813275085
-0.1987,36.81078802248826
-0.1977000000000001,36.98055337847206
-0.19669999999999999,37.206907186450465
-0.1957000000000001,37.41911388143023
-0.19469999999999998,37.645467689408626
-0.1937000000000001,37.94255706238028
-0.19269999999999998,38.211352209354644
-0.1917000000000001,38.55088292132225
-0.1907000000000001,38.90456074628851
-0.1897000000000002,39.30067991025072
-0.1887000000000001,39.59776928322238
-0.1877000000000002,39.95144710818864
-0.1867000000000001,40.163653803168394
-0.1857000000000002,40.4748902891387
-0.1847000000000001,40.68709698411846
-0.1837000000000002,40.95589213109281
-0.18270000000000008,41.12565748707661
-0.1817000000000002,41.39445263405098
-0.18070000000000008,41.649100668026676
-0.1797000000000002,42.00277849299294
-0.17870000000000008,42.39889765695515
-0.1777000000000002,42.738428368922754
-0.17670000000000008,43.17698887188092
-0.1757000000000002,43.57310803584313
-0.17470000000000008,43.92678586080939
-0.1737000000000002,44.266316572776994
-0.17270000000000008,44.577553058747306
-0.17170000000000019,44.78975975372706
-0.17070000000000007,45.05855490070142
-0.16970000000000018,45.27076159568118
-0.16870000000000007,45.581998081651484
-0.16770000000000018,45.83664611562718
-0.16670000000000007,46.2327652795894
-0.16570000000000018,46.586443104555656
-0.16470000000000007,47.01085649451517
-0.16370000000000018,47.449416997473335
-0.16270000000000007,47.84553616143554
-0.16170000000000018,48.2840966643937
-0.16070000000000007,48.63777448935996
-0.15970000000000018,49.019746540323524
-0.15870000000000006,49.373424365289786
-0.15770000000000017,49.628072399265484
-0.15670000000000006,49.939308885235796
-0.15570000000000017,50.2505453712061
-0.15470000000000006,50.547634744177756
-0.15370000000000017,50.90131256914402
-0.15270000000000006,51.24084328111163
-0.15170000000000017,51.679403784069784
-0.15070000000000006,52.11796428702795
-0.14970000000000017,52.59896612898206
-0.14870000000000005,52.95264395394832
-0.14770000000000016,53.39120445690648
-0.14670000000000005,53.7307351688741
-0.14570000000000016,54.1268543328363
-0.14470000000000005,54.43809081880661
-0.14370000000000016,54.73518019177827
-0.14270000000000005,55.046416677748574
-0.14170000000000016,55.385947389716186
-0.14070000000000005,55.6971838756865
-0.13970000000000016,56.093303039648696
-0.13870000000000005,56.53186354260687
-0.13770000000000016,56.998718271562325
-0.13670000000000004,57.43727877452049
-0.13570000000000015,57.87583927747865
-0.13470000000000004,58.31439978043681
-0.13370000000000015,58.75296028339497
-0.13270000000000004,59.14907944735718
-0.13170000000000015,59.44616882032884
-0.13070000000000004,59.757405306299155
-0.12970000000000015,60.01205334027486
-0.12870000000000004,60.36573116524111
-0.12770000000000015,60.66282053821277
-0.12670000000000003,61.05893970217499
-0.12570000000000014,61.455058866137186
-0.12470000000000003,61.89361936909536
-0.12370000000000014,62.33217987205352
-0.12270000000000003,62.75659326201302
-0.12170000000000014,63.19515376497119
-0.12070000000000003,63.59127292893339
-0.11970000000000014,63.902509414903705
-0.11870000000000003,64.15715744887942
-0.11770000000000014,64.46839393484973
-0.11670000000000003,64.76548330782138
-0.11570000000000014,65.0767197937917
-0.11470000000000002,65.37380916676335
-0.11370000000000013,65.7274869917296
-0.11270000000000002,66.08116481669586
-0.11170000000000013,66.51972531965401
-0.11070000000000024,66.90169737061757
-0.10970000000000013,67.34025787357575
-0.10870000000000024,67.73637703753796
-0.10770000000000013,68.13249620150016
-0.10670000000000024,68.42958557447183
-0.10570000000000013,68.78326339943808
-0.10470000000000024,69.08035277240974
-0.10370000000000013,69.3491479193841
-0.10270000000000024,69.6037959533598
-0.10170000000000012,69.87259110033416
-0.10070000000000023,70.18382758630447
-0.09970000000000012,70.52335829827209
-0.09870000000000023,70.87703612323833
-0.09770000000000012,71.2307139482046
-0.09670000000000023,71.57024466017221
-0.09570000000000012,71.92392248513846
-0.09470000000000023,72.27760031010472
-0.09370000000000012,72.57468968307639
-0.09270000000000023,72.84348483005074
-0.09170000000000011,73.09813286402644
-0.09070000000000022,73.26789822001024
-0.08970000000000011,73.49425202798865
-0.08870000000000022,73.74890006196436
-0.08770000000000011,74.0176952089387
-0.08670000000000022,74.37137303390499
-0.08570000000000011,74.62602106788069
-0.08470000000000022,74.97969889284694
-0.08370000000000011,75.36167094381051
-0.08270000000000022,75.7577901077727
-0.0817000000000001,76.06902659374302
-0.08070000000000022,76.36611596671467
-0.0797000000000001,76.5924697746931
-0.07870000000000021,76.80467646967284
-0.0777000000000001,76.98858893865528
-0.07670000000000021,77.11591295564315
-0.0757000000000001,77.28567831162695
-0.07470000000000021,77.41300232861481
-0.0737000000000001,77.63935613659322
-0.07270000000000021,77.85156283157298
-0.0717000000000001,78.12035797854733
-0.07070000000000021,78.41744735151899
-0.0697000000000001,78.72868383748929
-0.0687000000000002,78.94089053246904
-0.0677000000000001,79.25212701843935
-0.0667000000000002,79.42189237442317
-0.06570000000000009,79.64824618240156
-0.0647000000000002,79.7755701993894
-0.06370000000000009,79.90289421637728
-0.0627000000000002,80.07265957236108
-0.06170000000000009,80.29901338033947
-0.0607000000000002,80.42633739732734
-0.059700000000000086,80.65269120530574
-0.058700000000000196,80.86489790028548
-0.057700000000000085,81.11954593426121
-0.056700000000000195,81.38834108123557
-0.05570000000000008,81.60054777621531
-0.05470000000000019,81.86934292318966
-0.05370000000000008,82.03910827917348
-0.05270000000000019,82.22302074815593
-0.05170000000000008,82.30790342614785
-0.05070000000000019,82.35034476514379
-0.04970000000000008,82.43522744313569
-0.04870000000000019,82.52011012112759
-0.047700000000000076,82.60499279911949
-0.046700000000000186,82.78890526810196
-0.045700000000000074,82.95867062408576
-0.044700000000000184,83.1708773190655
-0.04370000000000007,83.39723112704392
-0.04270000000000018,83.60943782202366
-0.04170000000000007,83.77920317800748
-0.04070000000000018,84.00555698598588
-0.03970000000000007,84.09043966397778
-0.03870000000000018,84.17532234196969
-0.03770000000000007,84.21776368096563
-0.03670000000000018,84.26020501996159
-0.035700000000000065,84.35923481095215
-0.034700000000000175,84.35923481095215
-0.03370000000000006,84.48655882793999
-0.03270000000000017,84.57144150593189
-0.03170000000000006,84.69876552291974
-0.03070000000000017,84.8260895399076
-0.02970000000000006,84.96756066989411
-0.02870000000000017,85.052443347886
-0.027700000000000058,85.17976736487385
-0.026700000000000168,85.2222087038698
-0.025700000000000056,85.30709138186171
-0.024700000000000166,85.30709138186171
-0.023700000000000054,85.34953272085767
-0.022700000000000164,85.34953272085767
-0.021700000000000053,85.40612117285227
-0.020700000000000163,85.40612117285227
-0.01970000000000005,85.49100385084417
-0.01870000000000016,85.57588652883607
-0.01770000000000005,85.66076920682796
-0.01670000000000016,85.78809322381582
-0.015700000000000047,85.83053456281178
-0.014700000000000157,85.92956435380233
-0.013700000000000045,85.97200569279828
-0.012700000000000156,85.92956435380233
-0.011700000000000044,85.87297590180773
-0.010700000000000154,85.87297590180773
-0.009700000000000042,85.78809322381582
-0.008700000000000152,85.83053456281178
-0.00770000000000004,85.87297590180773
-0.00670000000000015,85.97200569279828
-0.005700000000000038,86.09932970978613
-0.0047000000000001485,86.22665372677399
-0.0037000000000000366,86.35397774376185
-0.0027000000000001467,86.58033155174023
-0.0017000000000000348,86.7076555687281
-0.000700000000000145,86.75009690772404
0.00029999999999996696,86.75009690772404
0.0012999999999998568,86.7076555687281
0.0022999999999999687,86.58033155174023
0.0032999999999998586,86.45300753475239
0.0042999999999999705,86.26909506576993
0.00529999999999986,86.14177104878208
0.006299999999999972,86.05688837079018
0.007299999999999862,85.97200569279828
0.008299999999999974,85.97200569279828
0.009299999999999864,86.01444703179425
0.010299999999999976,86.09932970978613
0.011299999999999866,86.09932970978613
0.012299999999999978,86.18421238777805
