Mar. 7, 2025   01:40:30
Linear Sweep Voltammetry
File: c:/users/guazh/data/banditlqround7_x0exp169_r20_3/2025-03-03-exp893\1acid_1ac-2025-03-07t01_37_21-lsvinphos\1acid_1ac_lsv_50mvs_efin_-2100mv.bin
Data Source:  Experiment
Instrument Model:  CHI760E
Header: LSV ran at 50 mVs with Efin at -2100mV
Note: 

Init E (V) = -0.6
Final E (V) = -2.1
Scan Rate (V/s) = 0.05
Sample Interval (V) = 0.001
Quiet Time (sec) = 2
Sensitivity (A/V) = 1e-4
Comp R (ohm) = 10.4

Results:

Channel 1:
Ep = -0.884V
ip = 1.687e-4A
Ah = 4.133e-4C

Ep = -1.468V
ip = 6.657e-4A
Ah = 8.347e-4C

Potential/V, Current/A

-0.600, 2.062e-4
-0.601, 2.078e-4
-0.602, 2.095e-4
-0.603, 2.106e-4
-0.604, 2.115e-4
-0.605, 2.122e-4
-0.606, 2.127e-4
-0.607, 2.132e-4
-0.608, 2.136e-4
-0.609, 2.141e-4
-0.610, 2.147e-4
-0.611, 2.151e-4
-0.612, 2.152e-4
-0.613, 2.155e-4
-0.614, 2.159e-4
-0.615, 2.163e-4
-0.616, 2.168e-4
-0.617, 2.170e-4
-0.618, 2.173e-4
-0.619, 2.176e-4
-0.620, 2.178e-4
-0.621, 2.181e-4
-0.622, 2.184e-4
-0.623, 2.188e-4
-0.624, 2.193e-4
-0.625, 2.196e-4
-0.626, 2.199e-4
-0.627, 2.204e-4
-0.628, 2.210e-4
-0.629, 2.213e-4
-0.630, 2.216e-4
-0.631, 2.218e-4
-0.632, 2.222e-4
-0.633, 2.226e-4
-0.634, 2.230e-4
-0.635, 2.234e-4
-0.636, 2.238e-4
-0.637, 2.242e-4
-0.638, 2.246e-4
-0.639, 2.250e-4
-0.640, 2.255e-4
-0.641, 2.260e-4
-0.642, 2.264e-4
-0.643, 2.268e-4
-0.644, 2.272e-4
-0.645, 2.274e-4
-0.646, 2.279e-4
-0.647, 2.284e-4
-0.648, 2.288e-4
-0.649, 2.293e-4
-0.650, 2.298e-4
-0.651, 2.304e-4
-0.652, 2.307e-4
-0.653, 2.312e-4
-0.654, 2.319e-4
-0.655, 2.323e-4
-0.656, 2.328e-4
-0.657, 2.333e-4
-0.658, 2.338e-4
-0.659, 2.344e-4
-0.660, 2.349e-4
-0.661, 2.354e-4
-0.662, 2.359e-4
-0.663, 2.365e-4
-0.664, 2.371e-4
-0.665, 2.378e-4
-0.666, 2.384e-4
-0.667, 2.390e-4
-0.668, 2.396e-4
-0.669, 2.402e-4
-0.670, 2.407e-4
-0.671, 2.415e-4
-0.672, 2.422e-4
-0.673, 2.429e-4
-0.674, 2.436e-4
-0.675, 2.442e-4
-0.676, 2.449e-4
-0.677, 2.456e-4
-0.678, 2.466e-4
-0.679, 2.474e-4
-0.680, 2.479e-4
-0.681, 2.486e-4
-0.682, 2.494e-4
-0.683, 2.502e-4
-0.684, 2.510e-4
-0.685, 2.518e-4
-0.686, 2.526e-4
-0.687, 2.535e-4
-0.688, 2.545e-4
-0.689, 2.553e-4
-0.690, 2.561e-4
-0.691, 2.570e-4
-0.692, 2.579e-4
-0.693, 2.589e-4
-0.694, 2.599e-4
-0.695, 2.607e-4
-0.696, 2.616e-4
-0.697, 2.628e-4
-0.698, 2.640e-4
-0.699, 2.649e-4
-0.700, 2.660e-4
-0.701, 2.670e-4
-0.702, 2.680e-4
-0.703, 2.691e-4
-0.704, 2.702e-4
-0.705, 2.713e-4
-0.706, 2.725e-4
-0.707, 2.737e-4
-0.708, 2.750e-4
-0.709, 2.760e-4
-0.710, 2.772e-4
-0.711, 2.785e-4
-0.712, 2.796e-4
-0.713, 2.808e-4
-0.714, 2.821e-4
-0.715, 2.834e-4
-0.716, 2.847e-4
-0.717, 2.861e-4
-0.718, 2.874e-4
-0.719, 2.885e-4
-0.720, 2.899e-4
-0.721, 2.913e-4
-0.722, 2.926e-4
-0.723, 2.939e-4
-0.724, 2.952e-4
-0.725, 2.964e-4
-0.726, 2.979e-4
-0.727, 2.995e-4
-0.728, 3.011e-4
-0.729, 3.026e-4
-0.730, 3.041e-4
-0.731, 3.057e-4
-0.732, 3.070e-4
-0.733, 3.085e-4
-0.734, 3.101e-4
-0.735, 3.117e-4
-0.736, 3.133e-4
-0.737, 3.148e-4
-0.738, 3.164e-4
-0.739, 3.180e-4
-0.740, 3.195e-4
-0.741, 3.212e-4
-0.742, 3.229e-4
-0.743, 3.242e-4
-0.744, 3.258e-4
-0.745, 3.273e-4
-0.746, 3.291e-4
-0.747, 3.306e-4
-0.748, 3.323e-4
-0.749, 3.338e-4
-0.750, 3.352e-4
-0.751, 3.369e-4
-0.752, 3.388e-4
-0.753, 3.406e-4
-0.754, 3.424e-4
-0.755, 3.440e-4
-0.756, 3.456e-4
-0.757, 3.471e-4
-0.758, 3.486e-4
-0.759, 3.503e-4
-0.760, 3.518e-4
-0.761, 3.534e-4
-0.762, 3.552e-4
-0.763, 3.570e-4
-0.764, 3.587e-4
-0.765, 3.604e-4
-0.766, 3.622e-4
-0.767, 3.638e-4
-0.768, 3.657e-4
-0.769, 3.675e-4
-0.770, 3.693e-4
-0.771, 3.710e-4
-0.772, 3.728e-4
-0.773, 3.744e-4
-0.774, 3.761e-4
-0.775, 3.779e-4
-0.776, 3.795e-4
-0.777, 3.812e-4
-0.778, 3.827e-4
-0.779, 3.844e-4
-0.780, 3.863e-4
-0.781, 3.881e-4
-0.782, 3.899e-4
-0.783, 3.916e-4
-0.784, 3.933e-4
-0.785, 3.950e-4
-0.786, 3.967e-4
-0.787, 3.984e-4
-0.788, 3.997e-4
-0.789, 4.011e-4
-0.790, 4.025e-4
-0.791, 4.041e-4
-0.792, 4.057e-4
-0.793, 4.071e-4
-0.794, 4.086e-4
-0.795, 4.106e-4
-0.796, 4.122e-4
-0.797, 4.135e-4
-0.798, 4.151e-4
-0.799, 4.167e-4
-0.800, 4.182e-4
-0.801, 4.198e-4
-0.802, 4.212e-4
-0.803, 4.229e-4
-0.804, 4.241e-4
-0.805, 4.257e-4
-0.806, 4.271e-4
-0.807, 4.283e-4
-0.808, 4.297e-4
-0.809, 4.312e-4
-0.810, 4.329e-4
-0.811, 4.342e-4
-0.812, 4.354e-4
-0.813, 4.368e-4
-0.814, 4.382e-4
-0.815, 4.397e-4
-0.816, 4.410e-4
-0.817, 4.423e-4
-0.818, 4.435e-4
-0.819, 4.450e-4
-0.820, 4.464e-4
-0.821, 4.478e-4
-0.822, 4.491e-4
-0.823, 4.502e-4
-0.824, 4.512e-4
-0.825, 4.523e-4
-0.826, 4.534e-4
-0.827, 4.547e-4
-0.828, 4.558e-4
-0.829, 4.571e-4
-0.830, 4.582e-4
-0.831, 4.592e-4
-0.832, 4.601e-4
-0.833, 4.610e-4
-0.834, 4.622e-4
-0.835, 4.633e-4
-0.836, 4.643e-4
-0.837, 4.652e-4
-0.838, 4.660e-4
-0.839, 4.668e-4
-0.840, 4.678e-4
-0.841, 4.688e-4
-0.842, 4.698e-4
-0.843, 4.708e-4
-0.844, 4.716e-4
-0.845, 4.728e-4
-0.846, 4.738e-4
-0.847, 4.747e-4
-0.848, 4.755e-4
-0.849, 4.764e-4
-0.850, 4.772e-4
-0.851, 4.781e-4
-0.852, 4.788e-4
-0.853, 4.794e-4
-0.854, 4.803e-4
-0.855, 4.809e-4
-0.856, 4.817e-4
-0.857, 4.822e-4
-0.858, 4.825e-4
-0.859, 4.831e-4
-0.860, 4.837e-4
-0.861, 4.841e-4
-0.862, 4.846e-4
-0.863, 4.851e-4
-0.864, 4.855e-4
-0.865, 4.860e-4
-0.866, 4.864e-4
-0.867, 4.867e-4
-0.868, 4.869e-4
-0.869, 4.871e-4
-0.870, 4.876e-4
-0.871, 4.883e-4
-0.872, 4.886e-4
-0.873, 4.888e-4
-0.874, 4.893e-4
-0.875, 4.898e-4
-0.876, 4.899e-4
-0.877, 4.903e-4
-0.878, 4.903e-4
-0.879, 4.902e-4
-0.880, 4.903e-4
-0.881, 4.905e-4
-0.882, 4.905e-4
-0.883, 4.906e-4
-0.884, 4.909e-4
-0.885, 4.905e-4
-0.886, 4.906e-4
-0.887, 4.907e-4
-0.888, 4.907e-4
-0.889, 4.902e-4
-0.890, 4.901e-4
-0.891, 4.902e-4
-0.892, 4.900e-4
-0.893, 4.896e-4
-0.894, 4.893e-4
-0.895, 4.891e-4
-0.896, 4.890e-4
-0.897, 4.887e-4
-0.898, 4.887e-4
-0.899, 4.883e-4
-0.900, 4.878e-4
-0.901, 4.875e-4
-0.902, 4.871e-4
-0.903, 4.868e-4
-0.904, 4.866e-4
-0.905, 4.863e-4
-0.906, 4.859e-4
-0.907, 4.858e-4
-0.908, 4.851e-4
-0.909, 4.847e-4
-0.910, 4.844e-4
-0.911, 4.839e-4
-0.912, 4.835e-4
-0.913, 4.829e-4
-0.914, 4.822e-4
-0.915, 4.819e-4
-0.916, 4.815e-4
-0.917, 4.811e-4
-0.918, 4.806e-4
-0.919, 4.801e-4
-0.920, 4.794e-4
-0.921, 4.786e-4
-0.922, 4.779e-4
-0.923, 4.769e-4
-0.924, 4.764e-4
-0.925, 4.760e-4
-0.926, 4.756e-4
-0.927, 4.751e-4
-0.928, 4.743e-4
-0.929, 4.735e-4
-0.930, 4.724e-4
-0.931, 4.720e-4
-0.932, 4.717e-4
-0.933, 4.711e-4
-0.934, 4.706e-4
-0.935, 4.700e-4
-0.936, 4.694e-4
-0.937, 4.684e-4
-0.938, 4.680e-4
-0.939, 4.674e-4
-0.940, 4.665e-4
-0.941, 4.661e-4
-0.942, 4.650e-4
-0.943, 4.644e-4
-0.944, 4.637e-4
-0.945, 4.625e-4
-0.946, 4.617e-4
-0.947, 4.609e-4
-0.948, 4.600e-4
-0.949, 4.592e-4
-0.950, 4.582e-4
-0.951, 4.572e-4
-0.952, 4.567e-4
-0.953, 4.561e-4
-0.954, 4.553e-4
-0.955, 4.542e-4
-0.956, 4.535e-4
-0.957, 4.528e-4
-0.958, 4.520e-4
-0.959, 4.513e-4
-0.960, 4.510e-4
-0.961, 4.500e-4
-0.962, 4.492e-4
-0.963, 4.486e-4
-0.964, 4.480e-4
-0.965, 4.473e-4
-0.966, 4.464e-4
-0.967, 4.454e-4
-0.968, 4.444e-4
-0.969, 4.436e-4
-0.970, 4.424e-4
-0.971, 4.414e-4
-0.972, 4.411e-4
-0.973, 4.406e-4
-0.974, 4.400e-4
-0.975, 4.391e-4
-0.976, 4.381e-4
-0.977, 4.372e-4
-0.978, 4.363e-4
-0.979, 4.356e-4
-0.980, 4.349e-4
-0.981, 4.340e-4
-0.982, 4.331e-4
-0.983, 4.321e-4
-0.984, 4.315e-4
-0.985, 4.312e-4
-0.986, 4.300e-4
-0.987, 4.287e-4
-0.988, 4.279e-4
-0.989, 4.272e-4
-0.990, 4.263e-4
-0.991, 4.255e-4
-0.992, 4.249e-4
-0.993, 4.238e-4
-0.994, 4.230e-4
-0.995, 4.222e-4
-0.996, 4.212e-4
-0.997, 4.199e-4
-0.998, 4.192e-4
-0.999, 4.186e-4
-1.000, 4.177e-4
-1.001, 4.173e-4
-1.002, 4.166e-4
-1.003, 4.153e-4
-1.004, 4.145e-4
-1.005, 4.139e-4
-1.006, 4.137e-4
-1.007, 4.129e-4
-1.008, 4.121e-4
-1.009, 4.111e-4
-1.010, 4.105e-4
-1.011, 4.099e-4
-1.012, 4.094e-4
-1.013, 4.087e-4
-1.014, 4.077e-4
-1.015, 4.070e-4
-1.016, 4.063e-4
-1.017, 4.057e-4
-1.018, 4.048e-4
-1.019, 4.041e-4
-1.020, 4.029e-4
-1.021, 4.019e-4
-1.022, 4.014e-4
-1.023, 4.011e-4
-1.024, 4.001e-4
-1.025, 3.989e-4
-1.026, 3.984e-4
-1.027, 3.976e-4
-1.028, 3.971e-4
-1.029, 3.966e-4
-1.030, 3.959e-4
-1.031, 3.954e-4
-1.032, 3.950e-4
-1.033, 3.945e-4
-1.034, 3.939e-4
-1.035, 3.932e-4
-1.036, 3.926e-4
-1.037, 3.921e-4
-1.038, 3.911e-4
-1.039, 3.905e-4
-1.040, 3.897e-4
-1.041, 3.890e-4
-1.042, 3.883e-4
-1.043, 3.883e-4
-1.044, 3.875e-4
-1.045, 3.863e-4
-1.046, 3.858e-4
-1.047, 3.853e-4
-1.048, 3.848e-4
-1.049, 3.838e-4
-1.050, 3.829e-4
-1.051, 3.818e-4
-1.052, 3.810e-4
-1.053, 3.801e-4
-1.054, 3.790e-4
-1.055, 3.785e-4
-1.056, 3.772e-4
-1.057, 3.769e-4
-1.058, 3.763e-4
-1.059, 3.756e-4
-1.060, 3.748e-4
-1.061, 3.742e-4
-1.062, 3.738e-4
-1.063, 3.725e-4
-1.064, 3.723e-4
-1.065, 3.718e-4
-1.066, 3.708e-4
-1.067, 3.698e-4
-1.068, 3.690e-4
-1.069, 3.682e-4
-1.070, 3.674e-4
-1.071, 3.665e-4
-1.072, 3.655e-4
-1.073, 3.645e-4
-1.074, 3.641e-4
-1.075, 3.635e-4
-1.076, 3.630e-4
-1.077, 3.623e-4
-1.078, 3.618e-4
-1.079, 3.613e-4
-1.080, 3.605e-4
-1.081, 3.595e-4
-1.082, 3.588e-4
-1.083, 3.584e-4
-1.084, 3.577e-4
-1.085, 3.568e-4
-1.086, 3.565e-4
-1.087, 3.561e-4
-1.088, 3.554e-4
-1.089, 3.545e-4
-1.090, 3.540e-4
-1.091, 3.535e-4
-1.092, 3.528e-4
-1.093, 3.522e-4
-1.094, 3.518e-4
-1.095, 3.508e-4
-1.096, 3.502e-4
-1.097, 3.497e-4
-1.098, 3.488e-4
-1.099, 3.482e-4
-1.100, 3.475e-4
-1.101, 3.470e-4
-1.102, 3.460e-4
-1.103, 3.452e-4
-1.104, 3.444e-4
-1.105, 3.436e-4
-1.106, 3.425e-4
-1.107, 3.421e-4
-1.108, 3.416e-4
-1.109, 3.413e-4
-1.110, 3.404e-4
-1.111, 3.401e-4
-1.112, 3.394e-4
-1.113, 3.390e-4
-1.114, 3.383e-4
-1.115, 3.381e-4
-1.116, 3.376e-4
-1.117, 3.369e-4
-1.118, 3.357e-4
-1.119, 3.351e-4
-1.120, 3.347e-4
-1.121, 3.341e-4
-1.122, 3.339e-4
-1.123, 3.331e-4
-1.124, 3.320e-4
-1.125, 3.314e-4
-1.126, 3.303e-4
-1.127, 3.296e-4
-1.128, 3.294e-4
-1.129, 3.287e-4
-1.130, 3.282e-4
-1.131, 3.272e-4
-1.132, 3.264e-4
-1.133, 3.262e-4
-1.134, 3.261e-4
-1.135, 3.259e-4
-1.136, 3.251e-4
-1.137, 3.241e-4
-1.138, 3.230e-4
-1.139, 3.224e-4
-1.140, 3.216e-4
-1.141, 3.215e-4
-1.142, 3.215e-4
-1.143, 3.206e-4
-1.144, 3.199e-4
-1.145, 3.193e-4
-1.146, 3.185e-4
-1.147, 3.176e-4
-1.148, 3.171e-4
-1.149, 3.172e-4
-1.150, 3.167e-4
-1.151, 3.160e-4
-1.152, 3.156e-4
-1.153, 3.150e-4
-1.154, 3.145e-4
-1.155, 3.143e-4
-1.156, 3.136e-4
-1.157, 3.134e-4
-1.158, 3.131e-4
-1.159, 3.124e-4
-1.160, 3.117e-4
-1.161, 3.117e-4
-1.162, 3.112e-4
-1.163, 3.107e-4
-1.164, 3.103e-4
-1.165, 3.096e-4
-1.166, 3.090e-4
-1.167, 3.086e-4
-1.168, 3.085e-4
-1.169, 3.079e-4
-1.170, 3.080e-4
-1.171, 3.080e-4
-1.172, 3.080e-4
-1.173, 3.076e-4
-1.174, 3.070e-4
-1.175, 3.064e-4
-1.176, 3.064e-4
-1.177, 3.053e-4
-1.178, 3.043e-4
-1.179, 3.040e-4
-1.180, 3.038e-4
-1.181, 3.039e-4
-1.182, 3.032e-4
-1.183, 3.022e-4
-1.184, 3.020e-4
-1.185, 3.017e-4
-1.186, 3.008e-4
-1.187, 3.003e-4
-1.188, 3.000e-4
-1.189, 2.999e-4
-1.190, 2.998e-4
-1.191, 2.995e-4
-1.192, 2.988e-4
-1.193, 2.989e-4
-1.194, 2.985e-4
-1.195, 2.981e-4
-1.196, 2.977e-4
-1.197, 2.975e-4
-1.198, 2.971e-4
-1.199, 2.967e-4
-1.200, 2.967e-4
-1.201, 2.963e-4
-1.202, 2.960e-4
-1.203, 2.962e-4
-1.204, 2.961e-4
-1.205, 2.958e-4
-1.206, 2.956e-4
-1.207, 2.950e-4
-1.208, 2.950e-4
-1.209, 2.949e-4
-1.210, 2.951e-4
-1.211, 2.950e-4
-1.212, 2.955e-4
-1.213, 2.950e-4
-1.214, 2.953e-4
-1.215, 2.952e-4
-1.216, 2.948e-4
-1.217, 2.949e-4
-1.218, 2.951e-4
-1.219, 2.953e-4
-1.220, 2.952e-4
-1.221, 2.952e-4
-1.222, 2.953e-4
-1.223, 2.950e-4
-1.224, 2.949e-4
-1.225, 2.955e-4
-1.226, 2.953e-4
-1.227, 2.951e-4
-1.228, 2.949e-4
-1.229, 2.949e-4
-1.230, 2.949e-4
-1.231, 2.954e-4
-1.232, 2.958e-4
-1.233, 2.956e-4
-1.234, 2.956e-4
-1.235, 2.959e-4
-1.236, 2.961e-4
-1.237, 2.963e-4
-1.238, 2.966e-4
-1.239, 2.969e-4
-1.240, 2.973e-4
-1.241, 2.973e-4
-1.242, 2.981e-4
-1.243, 2.985e-4
-1.244, 2.983e-4
-1.245, 2.986e-4
-1.246, 2.992e-4
-1.247, 2.992e-4
-1.248, 2.997e-4
-1.249, 3.000e-4
-1.250, 3.009e-4
-1.251, 3.014e-4
-1.252, 3.017e-4
-1.253, 3.024e-4
-1.254, 3.027e-4
-1.255, 3.021e-4
-1.256, 3.022e-4
-1.257, 3.025e-4
-1.258, 3.031e-4
-1.259, 3.039e-4
-1.260, 3.046e-4
-1.261, 3.057e-4
-1.262, 3.066e-4
-1.263, 3.064e-4
-1.264, 3.061e-4
-1.265, 3.066e-4
-1.266, 3.076e-4
-1.267, 3.082e-4
-1.268, 3.084e-4
-1.269, 3.087e-4
-1.270, 3.093e-4
-1.271, 3.101e-4
-1.272, 3.111e-4
-1.273, 3.118e-4
-1.274, 3.126e-4
-1.275, 3.137e-4
-1.276, 3.144e-4
-1.277, 3.151e-4
-1.278, 3.159e-4
-1.279, 3.167e-4
-1.280, 3.178e-4
-1.281, 3.181e-4
-1.282, 3.185e-4
-1.283, 3.193e-4
-1.284, 3.203e-4
-1.285, 3.214e-4
-1.286, 3.222e-4
-1.287, 3.230e-4
-1.288, 3.237e-4
-1.289, 3.247e-4
-1.290, 3.258e-4
-1.291, 3.268e-4
-1.292, 3.275e-4
-1.293, 3.287e-4
-1.294, 3.294e-4
-1.295, 3.305e-4
-1.296, 3.314e-4
-1.297, 3.327e-4
-1.298, 3.342e-4
-1.299, 3.353e-4
-1.300, 3.363e-4
-1.301, 3.374e-4
-1.302, 3.382e-4
-1.303, 3.392e-4
-1.304, 3.403e-4
-1.305, 3.413e-4
-1.306, 3.425e-4
-1.307, 3.436e-4
-1.308, 3.451e-4
-1.309, 3.462e-4
-1.310, 3.469e-4
-1.311, 3.480e-4
-1.312, 3.493e-4
-1.313, 3.509e-4
-1.314, 3.527e-4
-1.315, 3.541e-4
-1.316, 3.555e-4
-1.317, 3.569e-4
-1.318, 3.591e-4
-1.319, 3.600e-4
-1.320, 3.610e-4
-1.321, 3.625e-4
-1.322, 3.646e-4
-1.323, 3.667e-4
-1.324, 3.682e-4
-1.325, 3.688e-4
-1.326, 3.699e-4
-1.327, 3.714e-4
-1.328, 3.731e-4
-1.329, 3.754e-4
-1.330, 3.772e-4
-1.331, 3.779e-4
-1.332, 3.788e-4
-1.333, 3.808e-4
-1.334, 3.825e-4
-1.335, 3.844e-4
-1.336, 3.864e-4
-1.337, 3.881e-4
-1.338, 3.904e-4
-1.339, 3.923e-4
-1.340, 3.940e-4
-1.341, 3.966e-4
-1.342, 3.983e-4
-1.343, 4.000e-4
-1.344, 4.021e-4
-1.345, 4.045e-4
-1.346, 4.059e-4
-1.347, 4.080e-4
-1.348, 4.104e-4
-1.349, 4.127e-4
-1.350, 4.151e-4
-1.351, 4.175e-4
-1.352, 4.203e-4
-1.353, 4.228e-4
-1.354, 4.256e-4
-1.355, 4.285e-4
-1.356, 4.318e-4
-1.357, 4.346e-4
-1.358, 4.375e-4
-1.359, 4.406e-4
-1.360, 4.434e-4
-1.361, 4.465e-4
-1.362, 4.496e-4
-1.363, 4.525e-4
-1.364, 4.558e-4
-1.365, 4.584e-4
-1.366, 4.613e-4
-1.367, 4.639e-4
-1.368, 4.666e-4
-1.369, 4.704e-4
-1.370, 4.739e-4
-1.371, 4.764e-4
-1.372, 4.801e-4
-1.373, 4.831e-4
-1.374, 4.859e-4
-1.375, 4.903e-4
-1.376, 4.940e-4
-1.377, 4.975e-4
-1.378, 5.014e-4
-1.379, 5.038e-4
-1.380, 5.065e-4
-1.381, 5.103e-4
-1.382, 5.140e-4
-1.383, 5.173e-4
-1.384, 5.206e-4
-1.385, 5.241e-4
-1.386, 5.284e-4
-1.387, 5.315e-4
-1.388, 5.351e-4
-1.389, 5.393e-4
-1.390, 5.427e-4
-1.391, 5.464e-4
-1.392, 5.500e-4
-1.393, 5.533e-4
-1.394, 5.582e-4
-1.395, 5.630e-4
-1.396, 5.673e-4
-1.397, 5.722e-4
-1.398, 5.761e-4
-1.399, 5.806e-4
-1.400, 5.851e-4
-1.401, 5.897e-4
-1.402, 5.939e-4
-1.403, 5.980e-4
-1.404, 6.024e-4
-1.405, 6.065e-4
-1.406, 6.106e-4
-1.407, 6.149e-4
-1.408, 6.194e-4
-1.409, 6.240e-4
-1.410, 6.297e-4
-1.411, 6.347e-4
-1.412, 6.402e-4
-1.413, 6.438e-4
-1.414, 6.480e-4
-1.415, 6.541e-4
-1.416, 6.607e-4
-1.417, 6.655e-4
-1.418, 6.700e-4
-1.419, 6.758e-4
-1.420, 6.818e-4
-1.421, 6.875e-4
-1.422, 6.929e-4
-1.423, 6.981e-4
-1.424, 7.041e-4
-1.425, 7.088e-4
-1.426, 7.135e-4
-1.427, 7.194e-4
-1.428, 7.259e-4
-1.429, 7.312e-4
-1.430, 7.375e-4
-1.431, 7.429e-4
-1.432, 7.494e-4
-1.433, 7.558e-4
-1.434, 7.608e-4
-1.435, 7.666e-4
-1.436, 7.732e-4
-1.437, 7.795e-4
-1.438, 7.864e-4
-1.439, 7.935e-4
-1.440, 7.996e-4
-1.441, 8.055e-4
-1.442, 8.125e-4
-1.443, 8.197e-4
-1.444, 8.268e-4
-1.445, 8.338e-4
-1.446, 8.408e-4
-1.447, 8.471e-4
-1.448, 8.540e-4
-1.449, 8.617e-4
-1.450, 8.689e-4
-1.451, 8.766e-4
-1.452, 8.840e-4
-1.453, 8.922e-4
-1.454, 9.016e-4
-1.455, 9.114e-4
-1.456, 9.192e-4
-1.457, 9.274e-4
-1.458, 9.353e-4
-1.459, 9.419e-4
-1.460, 9.490e-4
-1.461, 9.579e-4
-1.462, 9.666e-4
-1.463, 9.748e-4
-1.464, 9.825e-4
-1.465, 9.908e-4
-1.466, 9.996e-4
-1.467, 1.008e-3
-1.468, 1.011e-3
-1.469, 1.011e-3
-1.470, 1.011e-3
-1.471, 1.011e-3
-1.472, 1.011e-3
-1.473, 1.011e-3
-1.474, 1.011e-3
-1.475, 1.011e-3
-1.476, 1.011e-3
-1.477, 1.011e-3
-1.478, 1.011e-3
-1.479, 1.011e-3
-1.480, 1.011e-3
-1.481, 1.011e-3
-1.482, 1.011e-3
-1.483, 1.011e-3
-1.484, 1.011e-3
-1.485, 1.011e-3
-1.486, 1.011e-3
-1.487, 1.011e-3
-1.488, 1.011e-3
-1.489, 1.011e-3
-1.490, 1.011e-3
-1.491, 1.011e-3
-1.492, 1.011e-3
-1.493, 1.011e-3
-1.494, 1.011e-3
-1.495, 1.011e-3
-1.496, 1.011e-3
-1.497, 1.011e-3
-1.498, 1.011e-3
-1.499, 1.011e-3
-1.500, 1.011e-3
-1.501, 1.011e-3
-1.502, 1.011e-3
-1.503, 1.011e-3
-1.504, 1.011e-3
-1.505, 1.011e-3
-1.506, 1.011e-3
-1.507, 1.011e-3
-1.508, 1.011e-3
-1.509, 1.011e-3
-1.510, 1.011e-3
-1.511, 1.011e-3
-1.512, 1.011e-3
-1.513, 1.011e-3
-1.514, 1.011e-3
-1.515, 1.011e-3
-1.516, 1.011e-3
-1.517, 1.011e-3
-1.518, 1.011e-3
-1.519, 1.011e-3
-1.520, 1.011e-3
-1.521, 1.011e-3
-1.522, 1.011e-3
-1.523, 1.011e-3
-1.524, 1.011e-3
-1.525, 1.011e-3
-1.526, 1.011e-3
-1.527, 1.011e-3
-1.528, 1.011e-3
-1.529, 1.011e-3
-1.530, 1.011e-3
-1.531, 1.011e-3
-1.532, 1.011e-3
-1.533, 1.011e-3
-1.534, 1.011e-3
-1.535, 1.011e-3
-1.536, 1.011e-3
-1.537, 1.011e-3
-1.538, 1.011e-3
-1.539, 1.011e-3
-1.540, 1.011e-3
-1.541, 1.011e-3
-1.542, 1.011e-3
-1.543, 1.011e-3
-1.544, 1.011e-3
-1.545, 1.011e-3
-1.546, 1.011e-3
-1.547, 1.011e-3
-1.548, 1.011e-3
-1.549, 1.011e-3
-1.550, 1.011e-3
-1.551, 1.011e-3
-1.552, 1.011e-3
-1.553, 1.011e-3
-1.554, 1.011e-3
-1.555, 1.011e-3
-1.556, 1.011e-3
-1.557, 1.011e-3
-1.558, 1.011e-3
-1.559, 1.011e-3
-1.560, 1.011e-3
-1.561, 1.011e-3
-1.562, 1.011e-3
-1.563, 1.011e-3
-1.564, 1.011e-3
-1.565, 1.011e-3
-1.566, 1.011e-3
-1.567, 1.011e-3
-1.568, 1.011e-3
-1.569, 1.011e-3
-1.570, 1.011e-3
-1.571, 1.011e-3
-1.572, 1.011e-3
-1.573, 1.011e-3
-1.574, 1.011e-3
-1.575, 1.011e-3
-1.576, 1.011e-3
-1.577, 1.011e-3
-1.578, 1.011e-3
-1.579, 1.011e-3
-1.580, 1.011e-3
-1.581, 1.011e-3
-1.582, 1.011e-3
-1.583, 1.011e-3
-1.584, 1.011e-3
-1.585, 1.011e-3
-1.586, 1.011e-3
-1.587, 1.011e-3
-1.588, 1.011e-3
-1.589, 1.011e-3
-1.590, 1.011e-3
-1.591, 1.011e-3
-1.592, 1.011e-3
-1.593, 1.011e-3
-1.594, 1.011e-3
-1.595, 1.011e-3
-1.596, 1.011e-3
-1.597, 1.011e-3
-1.598, 1.011e-3
-1.599, 1.011e-3
-1.600, 1.011e-3
-1.601, 1.011e-3
-1.602, 1.011e-3
-1.603, 1.011e-3
-1.604, 1.011e-3
-1.605, 1.011e-3
-1.606, 1.011e-3
-1.607, 1.011e-3
-1.608, 1.011e-3
-1.609, 1.011e-3
-1.610, 1.011e-3
-1.611, 1.011e-3
-1.612, 1.011e-3
-1.613, 1.011e-3
-1.614, 1.011e-3
-1.615, 1.011e-3
-1.616, 1.011e-3
-1.617, 1.011e-3
-1.618, 1.011e-3
-1.619, 1.011e-3
-1.620, 1.011e-3
-1.621, 1.011e-3
-1.622, 1.011e-3
-1.623, 1.011e-3
-1.624, 1.011e-3
-1.625, 1.011e-3
-1.626, 1.011e-3
-1.627, 1.011e-3
-1.628, 1.011e-3
-1.629, 1.011e-3
-1.630, 1.011e-3
-1.631, 1.011e-3
-1.632, 1.011e-3
-1.633, 1.011e-3
-1.634, 1.011e-3
-1.635, 1.011e-3
-1.636, 1.011e-3
-1.637, 1.011e-3
-1.638, 1.011e-3
-1.639, 1.011e-3
-1.640, 1.011e-3
-1.641, 1.011e-3
-1.642, 1.011e-3
-1.643, 1.011e-3
-1.644, 1.011e-3
-1.645, 1.011e-3
-1.646, 1.011e-3
-1.647, 1.011e-3
-1.648, 1.011e-3
-1.649, 1.011e-3
-1.650, 1.011e-3
-1.651, 1.011e-3
-1.652, 1.011e-3
-1.653, 1.011e-3
-1.654, 1.011e-3
-1.655, 1.011e-3
-1.656, 1.011e-3
-1.657, 1.011e-3
-1.658, 1.011e-3
-1.659, 1.011e-3
-1.660, 1.011e-3
-1.661, 1.011e-3
-1.662, 1.011e-3
-1.663, 1.011e-3
-1.664, 1.011e-3
-1.665, 1.011e-3
-1.666, 1.011e-3
-1.667, 1.011e-3
-1.668, 1.011e-3
-1.669, 1.011e-3
-1.670, 1.011e-3
-1.671, 1.011e-3
-1.672, 1.011e-3
-1.673, 1.011e-3
-1.674, 1.011e-3
-1.675, 1.011e-3
-1.676, 1.011e-3
-1.677, 1.011e-3
-1.678, 1.011e-3
-1.679, 1.011e-3
-1.680, 1.011e-3
-1.681, 1.011e-3
-1.682, 1.011e-3
-1.683, 1.011e-3
-1.684, 1.011e-3
-1.685, 1.011e-3
-1.686, 1.011e-3
-1.687, 1.011e-3
-1.688, 1.011e-3
-1.689, 1.011e-3
-1.690, 1.011e-3
-1.691, 1.011e-3
-1.692, 1.011e-3
-1.693, 1.011e-3
-1.694, 1.011e-3
-1.695, 1.011e-3
-1.696, 1.011e-3
-1.697, 1.011e-3
-1.698, 1.011e-3
-1.699, 1.011e-3
-1.700, 1.011e-3
-1.701, 1.011e-3
-1.702, 1.011e-3
-1.703, 1.011e-3
-1.704, 1.011e-3
-1.705, 1.011e-3
-1.706, 1.011e-3
-1.707, 1.011e-3
-1.708, 1.011e-3
-1.709, 1.011e-3
-1.710, 1.011e-3
-1.711, 1.011e-3
-1.712, 1.011e-3
-1.713, 1.011e-3
-1.714, 1.011e-3
-1.715, 1.011e-3
-1.716, 1.011e-3
-1.717, 1.011e-3
-1.718, 1.011e-3
-1.719, 1.011e-3
-1.720, 1.011e-3
-1.721, 1.011e-3
-1.722, 1.011e-3
-1.723, 1.011e-3
-1.724, 1.011e-3
-1.725, 1.011e-3
-1.726, 1.011e-3
-1.727, 1.011e-3
-1.728, 1.011e-3
-1.729, 1.011e-3
-1.730, 1.011e-3
-1.731, 1.011e-3
-1.732, 1.011e-3
-1.733, 1.011e-3
-1.734, 1.011e-3
-1.735, 1.011e-3
-1.736, 1.011e-3
-1.737, 1.011e-3
-1.738, 1.011e-3
-1.739, 1.011e-3
-1.740, 1.011e-3
-1.741, 1.011e-3
-1.742, 1.011e-3
-1.743, 1.011e-3
-1.744, 1.011e-3
-1.745, 1.011e-3
-1.746, 1.011e-3
-1.747, 1.011e-3
-1.748, 1.011e-3
-1.749, 1.011e-3
-1.750, 1.011e-3
-1.751, 1.011e-3
-1.752, 1.011e-3
-1.753, 1.011e-3
-1.754, 1.011e-3
-1.755, 1.011e-3
-1.756, 1.011e-3
-1.757, 1.011e-3
-1.758, 1.011e-3
-1.759, 1.011e-3
-1.760, 1.011e-3
-1.761, 1.011e-3
-1.762, 1.011e-3
-1.763, 1.011e-3
-1.764, 1.011e-3
-1.765, 1.011e-3
-1.766, 1.011e-3
-1.767, 1.011e-3
-1.768, 1.011e-3
-1.769, 1.011e-3
-1.770, 1.011e-3
-1.771, 1.011e-3
-1.772, 1.011e-3
-1.773, 1.011e-3
-1.774, 1.011e-3
-1.775, 1.011e-3
-1.776, 1.011e-3
-1.777, 1.011e-3
-1.778, 1.011e-3
-1.779, 1.011e-3
-1.780, 1.011e-3
-1.781, 1.011e-3
-1.782, 1.011e-3
-1.783, 1.011e-3
-1.784, 1.011e-3
-1.785, 1.011e-3
-1.786, 1.011e-3
-1.787, 1.011e-3
-1.788, 1.011e-3
-1.789, 1.011e-3
-1.790, 1.011e-3
-1.791, 1.011e-3
-1.792, 1.011e-3
-1.793, 1.011e-3
-1.794, 1.011e-3
-1.795, 1.011e-3
-1.796, 1.011e-3
-1.797, 1.011e-3
-1.798, 1.011e-3
-1.799, 1.011e-3
-1.800, 1.011e-3
-1.801, 1.011e-3
-1.802, 1.011e-3
-1.803, 1.011e-3
-1.804, 1.011e-3
-1.805, 1.011e-3
-1.806, 1.011e-3
-1.807, 1.011e-3
-1.808, 1.011e-3
-1.809, 1.011e-3
-1.810, 1.011e-3
-1.811, 1.011e-3
-1.812, 1.011e-3
-1.813, 1.011e-3
-1.814, 1.011e-3
-1.815, 1.011e-3
-1.816, 1.011e-3
-1.817, 1.011e-3
-1.818, 1.011e-3
-1.819, 1.011e-3
-1.820, 1.011e-3
-1.821, 1.011e-3
-1.822, 1.011e-3
-1.823, 1.011e-3
-1.824, 1.011e-3
-1.825, 1.011e-3
-1.826, 1.011e-3
-1.827, 1.011e-3
-1.828, 1.011e-3
-1.829, 1.011e-3
-1.830, 1.011e-3
-1.831, 1.011e-3
-1.832, 1.011e-3
-1.833, 1.011e-3
-1.834, 1.011e-3
-1.835, 1.011e-3
-1.836, 1.011e-3
-1.837, 1.011e-3
-1.838, 1.011e-3
-1.839, 1.011e-3
-1.840, 1.011e-3
-1.841, 1.011e-3
-1.842, 1.011e-3
-1.843, 1.011e-3
-1.844, 1.011e-3
-1.845, 1.011e-3
-1.846, 1.011e-3
-1.847, 1.011e-3
-1.848, 1.011e-3
-1.849, 1.011e-3
-1.850, 1.011e-3
-1.851, 1.011e-3
-1.852, 1.011e-3
-1.853, 1.011e-3
-1.854, 1.011e-3
-1.855, 1.011e-3
-1.856, 1.011e-3
-1.857, 1.011e-3
-1.858, 1.011e-3
-1.859, 1.011e-3
-1.860, 1.011e-3
-1.861, 1.011e-3
-1.862, 1.011e-3
-1.863, 1.011e-3
-1.864, 1.011e-3
-1.865, 1.011e-3
-1.866, 1.011e-3
-1.867, 1.011e-3
-1.868, 1.011e-3
-1.869, 1.011e-3
-1.870, 1.011e-3
-1.871, 1.011e-3
-1.872, 1.011e-3
-1.873, 1.011e-3
-1.874, 1.011e-3
-1.875, 1.011e-3
-1.876, 1.011e-3
-1.877, 1.011e-3
-1.878, 1.011e-3
-1.879, 1.011e-3
-1.880, 1.011e-3
-1.881, 1.011e-3
-1.882, 1.011e-3
-1.883, 1.011e-3
-1.884, 1.011e-3
-1.885, 1.011e-3
-1.886, 1.011e-3
-1.887, 1.011e-3
-1.888, 1.011e-3
-1.889, 1.011e-3
-1.890, 1.011e-3
-1.891, 1.011e-3
-1.892, 1.011e-3
-1.893, 1.011e-3
-1.894, 1.011e-3
-1.895, 1.011e-3
-1.896, 1.011e-3
-1.897, 1.011e-3
-1.898, 1.011e-3
-1.899, 1.011e-3
-1.900, 1.011e-3
-1.901, 1.011e-3
-1.902, 1.011e-3
-1.903, 1.011e-3
-1.904, 1.011e-3
-1.905, 1.011e-3
-1.906, 1.011e-3
-1.907, 1.011e-3
-1.908, 1.011e-3
-1.909, 1.011e-3
-1.910, 1.011e-3
-1.911, 1.011e-3
-1.912, 1.011e-3
-1.913, 1.011e-3
-1.914, 1.011e-3
-1.915, 1.011e-3
-1.916, 1.011e-3
-1.917, 1.011e-3
-1.918, 1.011e-3
-1.919, 1.011e-3
-1.920, 1.011e-3
-1.921, 1.011e-3
-1.922, 1.011e-3
-1.923, 1.011e-3
-1.924, 1.011e-3
-1.925, 1.011e-3
-1.926, 1.011e-3
-1.927, 1.011e-3
-1.928, 1.011e-3
-1.929, 1.011e-3
-1.930, 1.011e-3
-1.931, 1.011e-3
-1.932, 1.011e-3
-1.933, 1.011e-3
-1.934, 1.011e-3
-1.935, 1.011e-3
-1.936, 1.011e-3
-1.937, 1.011e-3
-1.938, 1.011e-3
-1.939, 1.011e-3
-1.940, 1.011e-3
-1.941, 1.011e-3
-1.942, 1.011e-3
-1.943, 1.011e-3
-1.944, 1.011e-3
-1.945, 1.011e-3
-1.946, 1.011e-3
-1.947, 1.011e-3
-1.948, 1.011e-3
-1.949, 1.011e-3
-1.950, 1.011e-3
-1.951, 1.011e-3
-1.952, 1.011e-3
-1.953, 1.011e-3
-1.954, 1.011e-3
-1.955, 1.011e-3
-1.956, 1.011e-3
-1.957, 1.011e-3
-1.958, 1.011e-3
-1.959, 1.011e-3
-1.960, 1.011e-3
-1.961, 1.011e-3
-1.962, 1.011e-3
-1.963, 1.011e-3
-1.964, 1.011e-3
-1.965, 1.011e-3
-1.966, 1.011e-3
-1.967, 1.011e-3
-1.968, 1.011e-3
-1.969, 1.011e-3
-1.970, 1.011e-3
-1.971, 1.011e-3
-1.972, 1.011e-3
-1.973, 1.011e-3
-1.974, 1.011e-3
-1.975, 1.011e-3
-1.976, 1.011e-3
-1.977, 1.011e-3
-1.978, 1.011e-3
-1.979, 1.011e-3
-1.980, 1.011e-3
-1.981, 1.011e-3
-1.982, 1.011e-3
-1.983, 1.011e-3
-1.984, 1.011e-3
-1.985, 1.011e-3
-1.986, 1.011e-3
-1.987, 1.011e-3
-1.988, 1.011e-3
-1.989, 1.011e-3
-1.990, 1.011e-3
-1.991, 1.011e-3
-1.992, 1.011e-3
-1.993, 1.011e-3
-1.994, 1.011e-3
-1.995, 1.011e-3
-1.996, 1.011e-3
-1.997, 1.011e-3
-1.998, 1.011e-3
-1.999, 1.011e-3
-2.000, 1.011e-3
-2.001, 1.011e-3
-2.002, 1.011e-3
-2.003, 1.011e-3
-2.004, 1.011e-3
-2.005, 1.011e-3
-2.006, 1.011e-3
-2.007, 1.011e-3
-2.008, 1.011e-3
-2.009, 1.011e-3
-2.010, 1.011e-3
-2.011, 1.011e-3
-2.012, 1.011e-3
-2.013, 1.011e-3
-2.014, 1.011e-3
-2.015, 1.011e-3
-2.016, 1.011e-3
-2.017, 1.011e-3
-2.018, 1.011e-3
-2.019, 1.011e-3
-2.020, 1.011e-3
-2.021, 1.011e-3
-2.022, 1.011e-3
-2.023, 1.011e-3
-2.024, 1.011e-3
-2.025, 1.011e-3
-2.026, 1.011e-3
-2.027, 1.011e-3
-2.028, 1.011e-3
-2.029, 1.011e-3
-2.030, 1.011e-3
-2.031, 1.011e-3
-2.032, 1.011e-3
-2.033, 1.011e-3
-2.034, 1.011e-3
-2.035, 1.011e-3
-2.036, 1.011e-3
-2.037, 1.011e-3
-2.038, 1.011e-3
-2.039, 1.011e-3
-2.040, 1.011e-3
-2.041, 1.011e-3
-2.042, 1.011e-3
-2.043, 1.011e-3
-2.044, 1.011e-3
-2.045, 1.011e-3
-2.046, 1.011e-3
-2.047, 1.011e-3
-2.048, 1.011e-3
-2.049, 1.011e-3
-2.050, 1.011e-3
-2.051, 1.011e-3
-2.052, 1.011e-3
-2.053, 1.011e-3
-2.054, 1.011e-3
-2.055, 1.011e-3
-2.056, 1.011e-3
-2.057, 1.011e-3
-2.058, 1.011e-3
-2.059, 1.011e-3
-2.060, 1.011e-3
-2.061, 1.011e-3
-2.062, 1.011e-3
-2.063, 1.011e-3
-2.064, 1.011e-3
-2.065, 1.011e-3
-2.066, 1.011e-3
-2.067, 1.011e-3
-2.068, 1.011e-3
-2.069, 1.011e-3
-2.070, 1.011e-3
-2.071, 1.011e-3
-2.072, 1.011e-3
-2.073, 1.011e-3
-2.074, 1.011e-3
-2.075, 1.011e-3
-2.076, 1.011e-3
-2.077, 1.011e-3
-2.078, 1.011e-3
-2.079, 1.011e-3
-2.080, 1.011e-3
-2.081, 1.011e-3
-2.082, 1.011e-3
-2.083, 1.011e-3
-2.084, 1.011e-3
-2.085, 1.011e-3
-2.086, 1.011e-3
-2.087, 1.011e-3
-2.088, 1.011e-3
-2.089, 1.011e-3
-2.090, 1.011e-3
-2.091, 1.011e-3
-2.092, 1.011e-3
-2.093, 1.011e-3
-2.094, 1.011e-3
-2.095, 1.011e-3
-2.096, 1.011e-3
-2.097, 1.011e-3
-2.098, 1.011e-3
-2.099, 1.011e-3
