Potential V vs RHE, Current mA cm-2
0.013299999999999867,-0.3511313446265021
0.012299999999999978,-2.7501987669376318
0.011299999999999866,-4.756259390146253
0.010299999999999976,-6.632166573767292
0.009299999999999864,-8.332649556205066
0.008299999999999974,-9.902979099055257
0.007299999999999862,-11.343155202317865
0.006299999999999972,-12.694204493688973
0.00529999999999986,-13.916515056772363
0.0042999999999999705,-15.05252823056399
0.0032999999999998586,-16.099414592464115
0.0022999999999999687,-17.061418276372343
0.0012999999999998568,-17.966833508285966
0.00029999999999996696,-18.80151317520634
-0.000700000000000145,-19.636192842126707
-0.0017000000000000348,-20.414284057052477
-0.0027000000000001467,-21.107492593986347
-0.0037000000000000366,-21.814848243918867
-0.0047000000000001485,-22.508056780852733
-0.005700000000000038,-23.073941300798747
-0.00670000000000015,-23.682267159740714
-0.00770000000000004,-24.16326900169483
-0.008700000000000152,-24.64427084364894
-0.009700000000000042,-25.0828313466071
-0.010700000000000154,-25.521391849565262
-0.011700000000000044,-25.86092256153287
-0.012700000000000156,-26.257041725495082
-0.013700000000000045,-26.568278211465387
-0.014700000000000157,-26.907808923433
-0.015700000000000047,-27.219045409403304
-0.01670000000000016,-27.530281895373616
-0.01770000000000005,-27.78492992934932
-0.01870000000000016,-28.05372507632368
-0.01970000000000005,-28.308373110299385
-0.020700000000000163,-28.478138466283188
-0.021700000000000053,-28.704492274261593
-0.022700000000000164,-28.8742576302454
-0.023700000000000054,-29.001581647233255
-0.024700000000000166,-29.18549411621571
-0.025700000000000056,-29.31281813320356
-0.026700000000000168,-29.39770081119546
-0.027700000000000058,-29.581613280177915
-0.02870000000000017,-29.66649595816982
-0.02970000000000006,-29.793819975157668
-0.03070000000000017,-29.921143992145527
-0.03170000000000006,-30.04846800913338
-0.03270000000000017,-30.147497800123933
-0.03370000000000006,-30.232380478115836
-0.034700000000000175,-30.274821817111786
-0.035700000000000065,-30.317263156107735
-0.03670000000000018,-30.359704495103685
-0.03770000000000007,-30.359704495103685
-0.03870000000000018,-30.359704495103685
-0.03970000000000007,-30.359704495103685
-0.04070000000000018,-30.444587173095588
-0.04170000000000007,-30.444587173095588
-0.04270000000000018,-30.487028512091538
-0.04370000000000007,-30.529469851087494
-0.044700000000000184,-30.614352529079397
-0.045700000000000074,-30.614352529079397
-0.046700000000000186,-30.614352529079397
-0.047700000000000076,-30.614352529079397
-0.04870000000000019,-30.614352529079397
-0.04970000000000008,-30.614352529079397
-0.05070000000000019,-30.571911190083444
-0.05170000000000008,-30.529469851087494
-0.05270000000000019,-30.487028512091538
-0.05370000000000008,-30.487028512091538
-0.05470000000000019,-30.487028512091538
-0.05570000000000008,-30.487028512091538
-0.056700000000000195,-30.487028512091538
-0.057700000000000085,-30.487028512091538
-0.058700000000000196,-30.444587173095588
-0.059700000000000086,-30.444587173095588
-0.0607000000000002,-30.402145834099635
-0.06170000000000009,-30.402145834099635
-0.0627000000000002,-30.359704495103685
-0.06370000000000009,-30.317263156107735
-0.0647000000000002,-30.232380478115836
-0.06570000000000009,-30.189939139119886
-0.0667000000000002,-30.147497800123933
-0.0677000000000001,-30.10505646112798
-0.0687000000000002,-30.04846800913338
-0.0697000000000001,-30.04846800913338
-0.07070000000000021,-30.00602667013743
-0.0717000000000001,-30.00602667013743
-0.07270000000000021,-29.96358533114148
-0.0737000000000001,-29.921143992145527
-0.07470000000000021,-29.878702653149578
-0.0757000000000001,-29.878702653149578
-0.07670000000000021,-29.793819975157668
-0.0777000000000001,-29.708937297165768
-0.07870000000000021,-29.66649595816982
-0.0797000000000001,-29.62405461917387
-0.08070000000000022,-29.62405461917387
-0.0817000000000001,-29.581613280177915
-0.08270000000000022,-29.581613280177915
-0.08370000000000011,-29.525024828183312
-0.08470000000000022,-29.525024828183312
-0.08570000000000011,-29.525024828183312
-0.08670000000000022,-29.482583489187363
-0.08770000000000011,-29.440142150191413
-0.08870000000000022,-29.440142150191413
-0.08970000000000011,-29.35525947219951
-0.09070000000000022,-29.31281813320356
-0.09170000000000011,-29.22793545521166
-0.09270000000000023,-29.22793545521166
-0.09370000000000012,-29.18549411621571
-0.09470000000000023,-29.14305277721976
-0.09570000000000012,-29.14305277721976
-0.09670000000000023,-29.14305277721976
-0.09770000000000012,-29.14305277721976
-0.09870000000000023,-29.14305277721976
-0.09970000000000012,-29.14305277721976
-0.10070000000000023,-29.14305277721976
-0.10170000000000012,-29.100611438223805
-0.10270000000000024,-29.100611438223805
-0.10370000000000013,-29.001581647233255
-0.10470000000000024,-28.959140308237306
-0.10570000000000013,-28.959140308237306
-0.10670000000000024,-28.91669896924135
-0.10770000000000013,-28.91669896924135
-0.10870000000000024,-28.91669896924135
-0.10970000000000013,-28.91669896924135
-0.11070000000000024,-28.959140308237306
-0.11170000000000013,-28.959140308237306
-0.11270000000000002,-28.959140308237306
-0.11370000000000013,-29.001581647233255
-0.11470000000000002,-28.959140308237306
-0.11570000000000014,-28.959140308237306
-0.11670000000000003,-28.91669896924135
-0.11770000000000014,-28.91669896924135
-0.11870000000000003,-28.91669896924135
-0.11970000000000014,-28.91669896924135
-0.12070000000000003,-28.91669896924135
-0.12170000000000014,-28.91669896924135
-0.12270000000000003,-28.91669896924135
-0.12370000000000014,-29.001581647233255
-0.12470000000000003,-29.001581647233255
-0.12570000000000014,-29.058170099227848
-0.12670000000000003,-29.058170099227848
-0.12770000000000015,-29.100611438223805
-0.12870000000000004,-29.100611438223805
-0.12970000000000015,-29.100611438223805
-0.13070000000000004,-29.058170099227848
-0.13170000000000015,-29.058170099227848
-0.13270000000000004,-29.058170099227848
-0.13370000000000015,-29.100611438223805
-0.13470000000000004,-29.100611438223805
-0.13570000000000015,-29.18549411621571
-0.13670000000000004,-29.22793545521166
-0.13770000000000016,-29.27037679420761
-0.13870000000000005,-29.27037679420761
-0.13970000000000016,-29.35525947219951
-0.14070000000000005,-29.35525947219951
-0.14170000000000016,-29.39770081119546
-0.14270000000000005,-29.39770081119546
-0.14370000000000016,-29.39770081119546
-0.14470000000000005,-29.39770081119546
-0.14570000000000016,-29.39770081119546
-0.14670000000000005,-29.39770081119546
-0.14770000000000016,-29.482583489187363
-0.14870000000000005,-29.525024828183312
-0.14970000000000017,-29.581613280177915
-0.15070000000000006,-29.62405461917387
-0.15170000000000017,-29.708937297165768
-0.15270000000000006,-29.708937297165768
-0.15370000000000017,-29.793819975157668
-0.15470000000000006,-29.793819975157668
-0.15570000000000017,-29.836261314153624
-0.15670000000000006,-29.836261314153624
-0.15770000000000017,-29.836261314153624
-0.15870000000000006,-29.921143992145527
-0.15970000000000018,-29.878702653149578
-0.16070000000000007,-29.96358533114148
-0.16170000000000018,-30.00602667013743
-0.16270000000000007,-30.04846800913338
-0.16370000000000018,-30.10505646112798
-0.16470000000000007,-30.189939139119886
-0.16570000000000018,-30.232380478115836
-0.16670000000000007,-30.317263156107735
-0.16770000000000018,-30.317263156107735
-0.16870000000000007,-30.359704495103685
-0.16970000000000018,-30.402145834099635
-0.17070000000000007,-30.444587173095588
-0.17170000000000019,-30.444587173095588
-0.17270000000000008,-30.487028512091538
-0.1737000000000002,-30.529469851087494
-0.17470000000000008,-30.614352529079397
-0.1757000000000002,-30.71338232006995
-0.17670000000000008,-30.7558236590659
-0.1777000000000002,-30.8407063370578
-0.17870000000000008,-30.925589015049702
-0.1797000000000002,-30.968030354045652
-0.18070000000000008,-31.010471693041605
-0.1817000000000002,-31.052913032037555
-0.18270000000000008,-31.095354371033505
-0.1837000000000002,-31.095354371033505
-0.1847000000000001,-31.137795710029454
-0.1857000000000002,-31.19438416202406
-0.1867000000000001,-31.23682550102001
-0.1877000000000002,-31.27926684001596
-0.1887000000000001,-31.36414951800786
-0.1897000000000002,-31.40659085700382
-0.1907000000000001,-31.49147353499572
-0.1917000000000001,-31.533914873991666
-0.19269999999999998,-31.618797551983565
-0.1937000000000001,-31.717827342974125
-0.19469999999999998,-31.76026868197007
-0.1957000000000001,-31.802710020966025
-0.19669999999999999,-31.84515135996197
-0.1977000000000001,-31.887592698957924
-0.1987,-31.930034037953877
-0.1997000000000001,-31.972475376949827
-0.2007,-31.972475376949827
-0.2017000000000001,-32.05735805494172
-0.2027,-32.14224073293363
-0.2037000000000001,-32.24127052392419
-0.2047,-32.32615320191609
-0.2057000000000001,-32.368594540912035
-0.2067,-32.45347721890394
-0.2077000000000001,-32.49591855789989
-0.2087,-32.49591855789989
-0.2097000000000001,-32.53835989689585
-0.2107,-32.58080123589179
-0.2117000000000001,-32.58080123589179
-0.2127,-32.62324257488775
-0.2137000000000001,-32.66568391388369
-0.2147,-32.764713704874254
-0.2157000000000001,-32.892037721862096
-0.2167,-32.93447906085806
-0.21770000000000012,-32.97692039985401
-0.2187,-33.06180307784591
-0.21970000000000012,-33.14668575583781
-0.2207,-33.14668575583781
-0.22170000000000012,-33.18912709483376
-0.2227,-33.231568433829715
-0.22370000000000012,-33.231568433829715
-0.2247,-33.288156885824314
-0.22570000000000012,-33.288156885824314
-0.2267,-33.373039563816214
-0.22770000000000012,-33.41548090281216
-0.22870000000000001,-33.50036358080407
-0.22970000000000013,-33.54280491980002
-0.23070000000000002,-33.58524625879597
-0.23170000000000013,-33.670128936787876
-0.23270000000000002,-33.712570275783825
-0.23370000000000013,-33.81160006677438
-0.23470000000000002,-33.85404140577033
-0.23570000000000013,-33.89648274476628
-0.23670000000000002,-33.93892408376223
-0.2376999999999999,-33.93892408376223
-0.23870000000000002,-33.98136542275818
-0.2396999999999999,-34.02380676175414
-0.24070000000000003,-34.06624810075008
-0.24169999999999991,-34.10868943974604
-0.24270000000000003,-34.10868943974604
-0.24369999999999992,-34.15113077874198
-0.24470000000000003,-34.236013456733886
-0.24569999999999992,-34.278454795729836
-0.24670000000000003,-34.377484586720385
-0.24769999999999992,-34.41992592571634
-0.24870000000000003,-34.41992592571634
-0.24969999999999992,-34.462367264712285
-0.25070000000000003,-34.50480860370825
-0.2516999999999999,-34.50480860370825
-0.25270000000000004,-34.5472499427042
-0.2536999999999999,-34.5472499427042
-0.25470000000000004,-34.632132620696105
-0.2556999999999999,-34.67457395969205
-0.25670000000000004,-34.75945663768395
-0.25769999999999993,-34.8018979766799
-0.25870000000000004,-34.90092776767045
-0.25969999999999993,-34.94336910666641
-0.26070000000000004,-34.98581044566235
-0.26169999999999993,-35.07069312365426
-0.26270000000000004,-35.11313446265021
-0.26369999999999993,-35.15557580164616
-0.26470000000000005,-35.15557580164616
-0.26569999999999994,-35.198017140642115
-0.26670000000000005,-35.282899818634014
-0.26769999999999994,-35.38192960962457
-0.26870000000000005,-35.42437094862052
-0.26969999999999994,-35.50925362661242
-0.27070000000000005,-35.55169496560837
-0.27169999999999994,-35.679018982596226
-0.27270000000000005,-35.763901660588125
-0.27369999999999994,-35.848784338580025
-0.27470000000000006,-35.90537279057463
-0.27569999999999995,-35.99025546856653
-0.27670000000000006,-35.99025546856653
-0.27769999999999995,-36.03269680756248
-0.27870000000000006,-36.07513814655844
-0.27969999999999995,-36.16002082455034
-0.28070000000000006,-36.244903502542236
-0.28169999999999995,-36.329786180534136
-0.28270000000000006,-36.37222751953009
-0.28369999999999995,-36.5136986495166
-0.28470000000000006,-36.64102266650445
-0.28569999999999995,-36.725905344496354
-0.28670000000000007,-36.8532293614842
-0.28769999999999996,-36.89567070048016
-0.28870000000000007,-36.99470049147071
-0.28969999999999996,-37.07958316946261
-0.29070000000000007,-37.164465847454515
-0.29169999999999996,-37.249348525446415
-0.29270000000000007,-37.334231203438314
-0.29369999999999996,-37.41911388143023
-0.2947000000000001,-37.60302635041268
-0.29569999999999996,-37.687909028404576
-0.2967000000000001,-37.81523304539243
-0.29769999999999996,-37.94255706238028
-0.2987000000000001,-38.12646953136274
-0.29969999999999997,-38.29623488734655
-0.3007000000000001,-38.38111756533845
-0.30169999999999997,-38.5650300343209
-0.3027000000000001,-38.692354051308754
-0.30369999999999997,-38.777236729300654
-0.3047000000000001,-38.94700208528445
-0.30569999999999997,-39.130914554266916
-0.3067000000000001,-39.30067991025072
-0.3077,-39.47044526623452
-0.3087000000000001,-39.696799074212926
-0.3097,-39.86656443019674
-0.3107000000000001,-40.135359577171094
-0.3117,-40.3900076111468
-0.3127000000000001,-40.616361419125205
-0.3137,-40.828568114104954
-0.3147000000000001,-41.04077480908471
-0.3157,-41.267128617063115
-0.3167000000000001,-41.47933531204288
-0.3177,-41.70568912002128
-0.3187000000000001,-41.96033715399699
-0.3197,-42.186690961975394
-0.3207000000000001,-42.483780334947056
-0.3217,-42.79501682091736
-0.3227000000000001,-43.09210619388902
-0.3237,-43.40334267985933
-0.3247000000000001,-43.79946184382153
-0.3257,-44.138992555789144
-0.3267000000000001,-44.4926703807554
-0.3277,-44.84634820572166
-0.3287000000000001,-45.18587891768927
-0.3297,-45.581998081651484
-0.3307000000000001,-45.97811724561369
-0.3317,-46.37423640957591
-0.3327000000000001,-46.79864979953541
-0.3337,-47.23721030249357
-0.3347000000000001,-47.71821214444768
-0.3357,-48.156772647405845
-0.3367000000000001,-48.68021582835591
-0.3377,-49.20365900930597
-0.3387000000000001,-49.72710219025603
-0.3397,-50.29298671020206
-0.3407000000000001,-50.85887123014807
-0.3417,-51.424755750094086
-0.3427000000000001,-52.033081609036046
-0.3437,-52.64140746797801
-0.3447000000000001,-53.30632177891458
-0.3457,-53.9570889768525
-0.3467000000000001,-54.65029751378637
-0.3477,-55.442535841710786
-0.3487000000000001,-56.22062705663656
-0.3497,-57.05530672355693
-0.3507000000000001,-57.87583927747865
-0.3517,-58.75296028339497
-0.3527000000000001,-59.67252262830725
-0.3537,-60.63452631221547
-0.3547000000000001,-61.5965299961237
-0.3557,-62.58682790602922
-0.35670000000000013,-63.633714267929356
-0.3577,-64.72304196882543
-0.35870000000000013,-65.91139946071206
-0.3597,-67.128051178596
-0.36070000000000013,-68.38714423547587
-0.3617,-69.74526708334632
-0.3626999999999999,-71.10338993121674
-0.3637,-72.57468968307639
-0.3646999999999999,-74.14501922592657
-0.3657,-75.71534876877676
-0.3666999999999999,-77.38470810261751
-0.3677,-79.08236166245555
-0.3686999999999999,-80.86489790028548
-0.36970000000000003,-82.746463929106
-0.3706999999999999,-84.61388284492786
-0.37170000000000003,-86.6227728907362
-0.3726999999999999,-88.71654561453644
-0.37370000000000003,-90.93764235532454
-0.3746999999999999,-93.13044487011537
-0.37570000000000003,-95.47886562789132
-0.3766999999999999,-97.92631617665783
-0.37770000000000004,-100.45864940341626
-0.3786999999999999,-103.11830664716253
-0.37970000000000004,-105.7779638909088
-0.3806999999999999,-108.48006247365102
-0.38170000000000004,-111.26704373438514
-0.38269999999999993,-114.1530547861098
-0.38370000000000004,-117.02491872483584
-0.38469999999999993,-120.08069513254432
-0.38570000000000004,-123.1364715402528
-0.38669999999999993,-124.48044727512458
-0.38570000000000004,-122.95255907127036
-0.38469999999999993,-122.0471438393567
-0.38370000000000004,-121.52370065840667
-0.38269999999999993,-121.12758149444444
-0.38170000000000004,-121.00025747745659
-0.3806999999999999,-120.85878634747009
-0.37970000000000004,-120.77390366947817
-0.3786999999999999,-120.77390366947817
-0.37770000000000004,-120.64657965249035
-0.3766999999999999,-120.64657965249035
-0.37570000000000003,-120.56169697449842
-0.3746999999999999,-120.43437295751058
-0.37370000000000003,-120.39193161851462
-0.3726999999999999,-120.25046048852812
-0.37170000000000003,-120.12313647154028
-0.3706999999999999,-119.99581245455242
-0.36970000000000003,-119.72701730757805
-0.3686999999999999,-119.51481061259831
-0.3677,-119.20357412662798
-0.3666999999999999,-118.82160207566443
-0.3657,-118.42548291170223
-0.3646999999999999,-117.90203973075215
-0.3637,-117.46347922779398
-0.3626999999999999,-116.94003604684394
-0.3617,-116.37415152689792
-0.36070000000000013,-115.80826700695191
-0.3597,-115.2423824870059
-0.35870000000000013,-114.63405662806393
-0.3577,-114.0115836561233
-0.35670000000000013,-113.31837511918944
-0.3557,-112.62516658225556
-0.3547000000000001,-111.8753695933271
-0.3537,-111.05483703940537
-0.3527000000000001,-110.17771603348905
-0.3517,-109.30059502757274
-0.3507000000000001,-108.43762113465506
-0.3497,-107.51805878974278
-0.3487000000000001,-106.55605510583456
-0.3477,-105.69308121291688
-0.3467000000000001,-104.73107752900866
-0.3457,-103.7266325061045
-0.3447000000000001,-102.76462882219626
-0.3437,-101.80262513828804
-0.3427000000000001,-100.79818011538387
-0.3417,-99.83617643147564
-0.3407000000000001,-98.83173140857146
-0.3397,-97.88387483766188
-0.3387000000000001,-96.87942981475771
-0.3377,-95.83254345285758
-0.3367000000000001,-94.7432157519615
-0.3357,-93.69632939006138
-0.3347000000000001,-92.6070016891653
-0.3337,-91.51767398826922
-0.3327000000000001,-90.37175783537855
-0.3317,-89.28243013448247
-0.3307000000000001,-88.23554377258235
-0.3297,-87.10377473269031
-0.3287000000000001,-86.01444703179425
-0.3277,-84.8826779919022
-0.3267000000000001,-83.79335029100612
-0.3257,-82.61913991211814
-0.3247000000000001,-81.47322375922747
-0.3237,-80.29901338033947
-0.3227000000000001,-79.16724434044745
-0.3217,-77.95059262256353
-0.3207000000000001,-76.7622351306769
-0.3197,-75.5880247517889
-0.3187000000000001,-74.45625571189689
-0.3177,-73.2820453330089
-0.3167000000000001,-72.15027629311687
-0.3157,-70.96191880123024
-0.3147000000000001,-69.87259110033416
-0.3137,-68.74082206044213
-0.3127000000000001,-67.56661168155415
-0.3117,-66.43484264166212
-0.3107000000000001,-65.20404381077954
-0.3097,-64.02983343189156
-0.3087000000000001,-62.855623053003576
-0.3077,-61.7662953521075
-0.3067000000000001,-60.63452631221547
-0.30569999999999997,-59.502757272323436
-0.3047000000000001,-58.35684111943277
-0.30369999999999997,-57.22507207954074
-0.3027000000000001,-56.093303039648696
-0.30169999999999997,-55.003975338752625
-0.3007000000000001,-53.91464763785655
-0.29969999999999997,-52.82531993696047
-0.2987000000000001,-51.77843357506035
-0.29769999999999996,-50.64666453516831
-0.2967000000000001,-49.557336834272235
-0.29569999999999996,-48.45386202037751
-0.2947000000000001,-47.36453431948143
-0.29369999999999996,-46.27520661858535
-0.29270000000000007,-45.22832025668522
-0.29169999999999996,-44.138992555789144
-0.29070000000000007,-43.134547532884966
-0.28969999999999996,-42.130102509980794
-0.28870000000000007,-41.083216148080666
-0.28769999999999996,-40.092918238175145
-0.28670000000000007,-39.08847321527096
-0.28569999999999995,-38.04158685337084
-0.28470000000000006,-36.99470049147071
-0.28369999999999995,-35.99025546856653
-0.28270000000000006,-34.98581044566235
-0.28169999999999995,-33.93892408376223
-0.28070000000000006,-32.93447906085806
-0.27969999999999995,-31.930034037953877
-0.27870000000000006,-30.925589015049702
-0.27769999999999995,-30.00602667013743
-0.27670000000000006,-29.058170099227848
-0.27569999999999995,-28.13860775431558
-0.27470000000000006,-27.219045409403304
-0.27369999999999994,-26.29948306449103
-0.27270000000000005,-25.39406783257741
-0.27169999999999994,-24.474505487665134
-0.27070000000000005,-23.55494314275286
-0.26969999999999994,-22.592939458844636
-0.26870000000000005,-21.67337711393236
-0.26769999999999994,-20.810403221014692
-0.26670000000000005,-19.93328221509837
-0.26569999999999994,-19.056161209182044
-0.26470000000000005,-18.19318731626437
-0.26369999999999993,-17.358507649344002
-0.26270000000000004,-16.665299112410132
-0.26169999999999993,-15.87306078448571
-0.26070000000000004,-15.05252823056399
-0.25969999999999993,-14.26028990263957
-0.25870000000000004,-13.47936926511407
-0.25769999999999993,-12.651763154693022
-0.25670000000000004,-11.86659838326793
-0.2556999999999999,-11.081433611842833
-0.25470000000000004,-10.340124890713554
-0.2536999999999999,-9.59740145828441
-0.25270000000000004,-8.85609273715513
-0.2516999999999999,-8.158640066321666
-0.25070000000000003,-7.461187395488204
-0.24969999999999992,-6.762320013354876
-0.24870000000000003,-6.108723392817228
-0.24769999999999992,-5.453712060979717
-0.24670000000000003,-4.756259390146253
-0.24569999999999992,-4.102662769608606
-0.24470000000000003,-3.4915074880669104
-0.24369999999999992,-2.794054817233447
-0.24270000000000003,-2.1828995356917518
-0.24169999999999991,-1.4854468648582886
-0.24070000000000003,-0.8745745255765657
-0.2396999999999999,-0.26384365742482935
-0.23870000000000002,0.3031726315610774
-0.2376999999999999,0.870188920546984
-0.23670000000000002,1.3934906303670611
-0.23570000000000013,1.9607898616129409
-0.23470000000000002,2.4403769922671885
-0.23370000000000013,3.0076762235130676
-0.23270000000000002,3.5311194044631313
-0.23170000000000013,4.098418635709011
-0.23070000000000002,4.6218618166590755
-0.22970000000000013,5.145304997609139
-0.22870000000000001,5.624892128263387
-0.22770000000000012,6.14833530921345
-0.2267,6.627922439867697
-0.22570000000000012,7.107509570521944
-0.2247,7.543240650880375
-0.22370000000000012,7.980386442538672
-0.2227,8.416117522897103
-0.22170000000000012,8.80799255295972
-0.2207,9.245138344618015
-0.21970000000000012,9.63701337468063
-0.2187,10.07274445503906
-0.21770000000000012,10.46603419640154
-0.2167,10.857909226464155
-0.2157000000000001,11.33891106841827
-0.2147,11.774642148776701
-0.2137000000000001,12.122661128543498
-0.2127,12.472094819610163
-0.2117000000000001,12.821528510676828
-0.2107,13.169547490443627
-0.2097000000000001,13.431269080918659
-0.2087,13.736846721689506
-0.2077000000000001,14.042424362460354
-0.2067,14.387613919627421
-0.2057000000000001,14.69885040559773
-0.2047,14.995939778569388
-0.2037000000000001,15.349617603535648
-0.2027,15.575971411514052
-0.2017000000000001,15.957943462477614
-0.2007,16.22673860945197
-0.1997000000000001,16.52382798242363
-0.1987,16.792623129397985
-0.1977000000000001,17.00482982437774
-0.19669999999999999,17.231183632356142
-0.1957000000000001,17.4433903273359
-0.19469999999999998,17.669744135314307
-0.1937000000000001,17.881950830294063
-0.19269999999999998,18.13659886426977
-0.1917000000000001,18.362952672248177
-0.1907000000000001,18.57515936722793
-0.1897000000000002,18.843954514202288
-0.1887000000000001,19.098602548177997
-0.1877000000000002,19.28251501716045
-0.1867000000000001,19.49472171214021
-0.1857000000000002,19.70692840711996
-0.1847000000000001,19.848399537106463
-0.1837000000000002,20.06060623208622
-0.18270000000000008,20.230371588070028
-0.1817000000000002,20.371842718056527
-0.18070000000000008,20.541608074040333
-0.1797000000000002,20.711373430024135
-0.17870000000000008,20.85284456001064
-0.1777000000000002,21.022609915994444
-0.17670000000000008,21.2348166109742
-0.1757000000000002,21.376287740960702
-0.17470000000000008,21.54605309694451
-0.1737000000000002,21.67337711393236
-0.17270000000000008,21.843142469916167
-0.17170000000000019,21.98461359990267
-0.17070000000000007,22.069496277894572
-0.16970000000000018,22.239261633878378
-0.16870000000000007,22.281702972874328
-0.16770000000000018,22.46561544185678
-0.16670000000000007,22.550498119848687
-0.16570000000000018,22.67782213683654
-0.16470000000000007,22.80514615382439
-0.16370000000000018,22.989058622806844
-0.16270000000000007,23.1163826397947
-0.16170000000000018,23.286147995778503
-0.16070000000000007,23.371030673770406
-0.15970000000000018,23.51250180375691
-0.15870000000000006,23.597384481748815
-0.15770000000000017,23.682267159740714
-0.15670000000000006,23.767149837732617
-0.15570000000000017,23.852032515724517
-0.15470000000000006,23.852032515724517
-0.15370000000000017,23.93691519371642
-0.15270000000000006,24.035944984706973
-0.15170000000000017,24.120827662698876
-0.15070000000000006,24.20571034069078
-0.14970000000000017,24.33303435767863
-0.14870000000000005,24.417917035670534
-0.14770000000000016,24.516946826661083
-0.14670000000000005,24.601829504652986
-0.14570000000000016,24.686712182644893
-0.14470000000000005,24.729153521640843
-0.14370000000000016,24.814036199632742
-0.14270000000000005,24.856477538628695
-0.14170000000000016,24.941360216620595
-0.14070000000000005,24.941360216620595
-0.13970000000000016,25.04039000761115
-0.13870000000000005,25.0828313466071
-0.13770000000000016,25.210155363594954
-0.13670000000000004,25.252596702590903
-0.13570000000000015,25.37992071957876
-0.13470000000000004,25.46480339757066
-0.13370000000000015,25.507244736566612
-0.13270000000000004,25.60627452755716
-0.13170000000000015,25.648715866553115
-0.13070000000000004,25.691157205549064
-0.12970000000000015,25.73359854454502
-0.12870000000000004,25.77603988354097
-0.12770000000000015,25.77603988354097
-0.12670000000000003,25.81848122253692
-0.12570000000000014,25.86092256153287
-0.12470000000000003,25.94580523952477
-0.12370000000000014,25.988246578520723
-0.12270000000000003,26.087276369511276
-0.12170000000000014,26.129717708507226
-0.12070000000000003,26.21460038649913
-0.11970000000000014,26.257041725495082
-0.11870000000000003,26.29948306449103
-0.11770000000000014,26.34192440348698
-0.11670000000000003,26.34192440348698
-0.11570000000000014,26.38436574248293
-0.11470000000000002,26.426807081478888
-0.11370000000000013,26.426807081478888
-0.11270000000000002,26.511689759470787
-0.11170000000000013,26.55413109846674
-0.11070000000000024,26.61071955046134
-0.10970000000000013,26.69560222845324
-0.10870000000000024,26.738043567449193
-0.10770000000000013,26.780484906445146
-0.10670000000000024,26.822926245441096
-0.10570000000000013,26.86536758443705
-0.10470000000000024,26.907808923433
-0.10370000000000013,26.907808923433
-0.10270000000000024,26.95025026242895
-0.10170000000000012,26.992691601424898
-0.10070000000000023,26.992691601424898
-0.09970000000000012,26.992691601424898
-0.09870000000000023,27.0775742794168
-0.09770000000000012,27.134162731411404
-0.09670000000000023,27.134162731411404
-0.09570000000000012,27.219045409403304
-0.09470000000000023,27.261486748399253
-0.09370000000000012,27.303928087395207
-0.09270000000000023,27.303928087395207
-0.09170000000000011,27.34636942639116
-0.09070000000000022,27.38881076538711
-0.08970000000000011,27.38881076538711
-0.08870000000000022,27.38881076538711
-0.08770000000000011,27.43125210438306
-0.08670000000000022,27.473693443379013
-0.08570000000000011,27.516134782374962
-0.08470000000000022,27.558576121370916
-0.08370000000000011,27.601017460366865
-0.08270000000000022,27.65760591236147
-0.0817000000000001,27.742488590353368
-0.08070000000000022,27.78492992934932
-0.0797000000000001,27.827371268345274
-0.07870000000000021,27.869812607341224
-0.0777000000000001,27.912253946337174
-0.07670000000000021,27.912253946337174
-0.0757000000000001,27.954695285333123
-0.07470000000000021,27.954695285333123
-0.0737000000000001,28.039577963325023
-0.07270000000000021,28.082019302320973
-0.0717000000000001,28.12446064131693
-0.07070000000000021,28.18104909331153
-0.0697000000000001,28.22349043230748
-0.0687000000000002,28.308373110299385
-0.0677000000000001,28.350814449295335
-0.0667000000000002,28.393255788291288
-0.06570000000000009,28.435697127287238
-0.0647000000000002,28.478138466283188
-0.06370000000000009,28.52057980527914
-0.0627000000000002,28.56302114427509
-0.06170000000000009,28.56302114427509
-0.0607000000000002,28.60546248327104
-0.059700000000000086,28.647903822266994
-0.058700000000000196,28.704492274261593
-0.057700000000000085,28.831816291249446
-0.056700000000000195,28.831816291249446
-0.05570000000000008,28.8742576302454
-0.05470000000000019,29.001581647233255
-0.05370000000000008,29.001581647233255
-0.05270000000000019,29.086464325225155
-0.05170000000000008,29.128905664221104
-0.05070000000000019,29.171347003217054
-0.04970000000000008,29.22793545521166
-0.04870000000000019,29.27037679420761
-0.047700000000000076,29.35525947219951
-0.046700000000000186,29.440142150191413
-0.045700000000000074,29.482583489187363
-0.044700000000000184,29.567466167179266
-0.04370000000000007,29.652348845171172
-0.04270000000000018,29.793819975157668
-0.04170000000000007,29.878702653149578
-0.04070000000000018,29.96358533114148
-0.03970000000000007,30.04846800913338
-0.03870000000000018,30.13335068712528
-0.03770000000000007,30.17579202612123
-0.03670000000000018,30.274821817111786
-0.035700000000000065,30.359704495103685
-0.034700000000000175,30.359704495103685
-0.03370000000000006,30.444587173095588
-0.03270000000000017,30.529469851087494
-0.03170000000000006,30.614352529079397
-0.03070000000000017,30.741676546067247
-0.02970000000000006,30.8407063370578
-0.02870000000000017,30.968030354045652
-0.027700000000000058,31.052913032037555
-0.026700000000000168,31.137795710029454
-0.025700000000000056,31.265119727017314
-0.024700000000000166,31.36414951800786
-0.023700000000000054,31.449032195999767
-0.022700000000000164,31.533914873991666
-0.021700000000000053,31.618797551983565
-0.020700000000000163,31.703680229975475
-0.01970000000000005,31.788562907967375
-0.01870000000000016,31.887592698957924
-0.01770000000000005,32.05735805494172
-0.01670000000000016,32.184682071929586
-0.015700000000000047,32.368594540912035
-0.014700000000000157,32.49591855789989
-0.013700000000000045,32.62324257488775
-0.012700000000000156,32.7505665918756
-0.011700000000000044,32.892037721862096
-0.010700000000000154,33.01936173884996
-0.009700000000000042,33.14668575583781
-0.008700000000000152,33.231568433829715
-0.00770000000000004,33.41548090281216
-0.00670000000000015,33.54280491980002
-0.005700000000000038,33.670128936787876
-0.0047000000000001485,33.839894292771675
-0.0037000000000000366,33.98136542275818
-0.0027000000000001467,34.193572117737936
-0.0017000000000000348,34.4057788127177
-0.000700000000000145,34.5472499427042
0.00029999999999996696,34.717015298688004
0.0012999999999998568,34.8867806546718
0.0022999999999999687,35.02825178465831
0.0032999999999998586,35.198017140642115
0.0042999999999999705,35.32534115762997
0.00529999999999986,35.636577643600276
0.006299999999999972,35.93366701657193
0.007299999999999862,36.11757948555439
0.008299999999999974,36.244903502542236
0.009299999999999864,36.41466885852605
0.010299999999999976,36.45711019752199
0.011299999999999866,36.64102266650445
0.012299999999999978,36.89567070048016
