Apr. 20, 2025   22:46:38
Cyclic Voltammetry
File: c:/users/guazh/data/banditlqround7_x0exp590_r20/2025-04-16-exp1141\exp1141-2025-04-20t22_37_02-h2koh\exp1141_cv_sr_100mvs_efin_-1500mv.bin
Data Source:  Experiment
Instrument Model:  CHI760E
Header: CV ran at 100 mVs
Note: 

Init E (V) = -1
High E (V) = -1
Low E (V) = -1.5
Final E (V) = -1
Init P/N = N
Scan Rate (V/s) = 0.1
Segment = 3
Sample Interval (V) = 0.001
Quiet Time (sec) = 2
Sensitivity (A/V) = 0.01
Comp R (ohm) = 1.4

Results:

Channel 1:
Segment 1:

Segment 2:

Segment 3:

Potential/V, Current/A

-1.000, 1.669e-5
-1.001, 8.907e-6
-1.002, 1.973e-5
-1.003, 1.543e-5
-1.004, 1.320e-5
-1.005, 2.207e-5
-1.006, 1.095e-5
-1.007, 2.094e-5
-1.008, 1.668e-5
-1.009, 1.408e-5
-1.010, 2.302e-5
-1.011, 1.180e-5
-1.012, 2.163e-5
-1.013, 1.732e-5
-1.014, 1.471e-5
-1.015, 2.349e-5
-1.016, 1.236e-5
-1.017, 2.201e-5
-1.018, 1.783e-5
-1.019, 1.512e-5
-1.020, 2.376e-5
-1.021, 1.280e-5
-1.022, 2.227e-5
-1.023, 1.817e-5
-1.024, 1.551e-5
-1.025, 2.419e-5
-1.026, 1.325e-5
-1.027, 2.257e-5
-1.028, 1.867e-5
-1.029, 1.575e-5
-1.030, 2.446e-5
-1.031, 1.370e-5
-1.032, 2.287e-5
-1.033, 1.891e-5
-1.034, 1.613e-5
-1.035, 2.479e-5
-1.036, 1.377e-5
-1.037, 2.315e-5
-1.038, 1.922e-5
-1.039, 1.621e-5
-1.040, 2.491e-5
-1.041, 1.396e-5
-1.042, 2.351e-5
-1.043, 1.939e-5
-1.044, 1.650e-5
-1.045, 2.523e-5
-1.046, 1.426e-5
-1.047, 2.370e-5
-1.048, 1.969e-5
-1.049, 1.661e-5
-1.050, 2.555e-5
-1.051, 1.459e-5
-1.052, 2.379e-5
-1.053, 2.006e-5
-1.054, 1.695e-5
-1.055, 2.588e-5
-1.056, 1.475e-5
-1.057, 2.410e-5
-1.058, 2.057e-5
-1.059, 1.722e-5
-1.060, 2.598e-5
-1.061, 1.514e-5
-1.062, 2.432e-5
-1.063, 2.072e-5
-1.064, 1.756e-5
-1.065, 2.654e-5
-1.066, 1.546e-5
-1.067, 2.474e-5
-1.068, 2.093e-5
-1.069, 1.789e-5
-1.070, 2.660e-5
-1.071, 1.567e-5
-1.072, 2.490e-5
-1.073, 2.120e-5
-1.074, 1.821e-5
-1.075, 2.717e-5
-1.076, 1.600e-5
-1.077, 2.539e-5
-1.078, 2.156e-5
-1.079, 1.858e-5
-1.080, 2.726e-5
-1.081, 1.632e-5
-1.082, 2.577e-5
-1.083, 2.187e-5
-1.084, 1.884e-5
-1.085, 2.762e-5
-1.086, 1.654e-5
-1.087, 2.598e-5
-1.088, 2.226e-5
-1.089, 1.913e-5
-1.090, 2.802e-5
-1.091, 1.700e-5
-1.092, 2.618e-5
-1.093, 2.257e-5
-1.094, 1.942e-5
-1.095, 2.841e-5
-1.096, 1.729e-5
-1.097, 2.655e-5
-1.098, 2.301e-5
-1.099, 1.968e-5
-1.100, 2.866e-5
-1.101, 1.779e-5
-1.102, 2.697e-5
-1.103, 2.340e-5
-1.104, 2.011e-5
-1.105, 2.913e-5
-1.106, 1.819e-5
-1.107, 2.724e-5
-1.108, 2.391e-5
-1.109, 2.045e-5
-1.110, 2.955e-5
-1.111, 1.856e-5
-1.112, 2.762e-5
-1.113, 2.403e-5
-1.114, 2.086e-5
-1.115, 2.984e-5
-1.116, 1.883e-5
-1.117, 2.814e-5
-1.118, 2.453e-5
-1.119, 2.122e-5
-1.120, 3.028e-5
-1.121, 1.915e-5
-1.122, 2.840e-5
-1.123, 2.477e-5
-1.124, 2.171e-5
-1.125, 3.057e-5
-1.126, 1.949e-5
-1.127, 2.914e-5
-1.128, 2.523e-5
-1.129, 2.191e-5
-1.130, 3.123e-5
-1.131, 1.986e-5
-1.132, 2.935e-5
-1.133, 2.574e-5
-1.134, 2.230e-5
-1.135, 3.153e-5
-1.136, 2.032e-5
-1.137, 2.966e-5
-1.138, 2.608e-5
-1.139, 2.299e-5
-1.140, 3.202e-5
-1.141, 2.083e-5
-1.142, 3.003e-5
-1.143, 2.676e-5
-1.144, 2.310e-5
-1.145, 3.247e-5
-1.146, 2.141e-5
-1.147, 3.044e-5
-1.148, 2.716e-5
-1.149, 2.359e-5
-1.150, 3.276e-5
-1.151, 2.171e-5
-1.152, 3.107e-5
-1.153, 2.760e-5
-1.154, 2.426e-5
-1.155, 3.331e-5
-1.156, 2.200e-5
-1.157, 3.155e-5
-1.158, 2.785e-5
-1.159, 2.447e-5
-1.160, 3.373e-5
-1.161, 2.243e-5
-1.162, 3.197e-5
-1.163, 2.819e-5
-1.164, 2.507e-5
-1.165, 3.431e-5
-1.166, 2.276e-5
-1.167, 3.240e-5
-1.168, 2.873e-5
-1.169, 2.542e-5
-1.170, 3.458e-5
-1.171, 2.333e-5
-1.172, 3.275e-5
-1.173, 2.911e-5
-1.174, 2.571e-5
-1.175, 3.516e-5
-1.176, 2.366e-5
-1.177, 3.312e-5
-1.178, 2.983e-5
-1.179, 2.612e-5
-1.180, 3.557e-5
-1.181, 2.419e-5
-1.182, 3.346e-5
-1.183, 3.015e-5
-1.184, 2.654e-5
-1.185, 3.596e-5
-1.186, 2.458e-5
-1.187, 3.385e-5
-1.188, 3.059e-5
-1.189, 2.695e-5
-1.190, 3.626e-5
-1.191, 2.523e-5
-1.192, 3.435e-5
-1.193, 3.101e-5
-1.194, 2.757e-5
-1.195, 3.683e-5
-1.196, 2.544e-5
-1.197, 3.493e-5
-1.198, 3.127e-5
-1.199, 2.795e-5
-1.200, 3.723e-5
-1.201, 2.598e-5
-1.202, 3.532e-5
-1.203, 3.185e-5
-1.204, 2.841e-5
-1.205, 3.789e-5
-1.206, 2.636e-5
-1.207, 3.591e-5
-1.208, 3.243e-5
-1.209, 2.873e-5
-1.210, 3.841e-5
-1.211, 2.696e-5
-1.212, 3.628e-5
-1.213, 3.285e-5
-1.214, 2.923e-5
-1.215, 3.883e-5
-1.216, 2.743e-5
-1.217, 3.674e-5
-1.218, 3.346e-5
-1.219, 2.972e-5
-1.220, 3.919e-5
-1.221, 2.796e-5
-1.222, 3.729e-5
-1.223, 3.410e-5
-1.224, 3.036e-5
-1.225, 3.960e-5
-1.226, 2.851e-5
-1.227, 3.760e-5
-1.228, 3.482e-5
-1.229, 3.102e-5
-1.230, 4.036e-5
-1.231, 2.934e-5
-1.232, 3.835e-5
-1.233, 3.510e-5
-1.234, 3.178e-5
-1.235, 4.089e-5
-1.236, 2.982e-5
-1.237, 3.909e-5
-1.238, 3.586e-5
-1.239, 3.244e-5
-1.240, 4.171e-5
-1.241, 3.046e-5
-1.242, 3.990e-5
-1.243, 3.657e-5
-1.244, 3.299e-5
-1.245, 4.251e-5
-1.246, 3.142e-5
-1.247, 4.052e-5
-1.248, 3.730e-5
-1.249, 3.386e-5
-1.250, 4.330e-5
-1.251, 3.217e-5
-1.252, 4.143e-5
-1.253, 3.849e-5
-1.254, 3.458e-5
-1.255, 4.432e-5
-1.256, 3.309e-5
-1.257, 4.244e-5
-1.258, 3.960e-5
-1.259, 3.576e-5
-1.260, 4.540e-5
-1.261, 3.446e-5
-1.262, 4.354e-5
-1.263, 4.072e-5
-1.264, 3.677e-5
-1.265, 4.646e-5
-1.266, 3.570e-5
-1.267, 4.450e-5
-1.268, 4.184e-5
-1.269, 3.827e-5
-1.270, 4.753e-5
-1.271, 3.721e-5
-1.272, 4.598e-5
-1.273, 4.325e-5
-1.274, 3.974e-5
-1.275, 4.906e-5
-1.276, 3.854e-5
-1.277, 4.754e-5
-1.278, 4.487e-5
-1.279, 4.134e-5
-1.280, 5.100e-5
-1.281, 4.035e-5
-1.282, 4.944e-5
-1.283, 4.683e-5
-1.284, 4.324e-5
-1.285, 5.280e-5
-1.286, 4.237e-5
-1.287, 5.131e-5
-1.288, 4.868e-5
-1.289, 4.540e-5
-1.290, 5.496e-5
-1.291, 4.462e-5
-1.292, 5.359e-5
-1.293, 5.101e-5
-1.294, 4.781e-5
-1.295, 5.741e-5
-1.296, 4.716e-5
-1.297, 5.610e-5
-1.298, 5.409e-5
-1.299, 5.073e-5
-1.300, 6.032e-5
-1.301, 5.044e-5
-1.302, 5.915e-5
-1.303, 5.742e-5
-1.304, 5.404e-5
-1.305, 6.351e-5
-1.306, 5.395e-5
-1.307, 6.289e-5
-1.308, 6.091e-5
-1.309, 5.794e-5
-1.310, 6.739e-5
-1.311, 5.808e-5
-1.312, 6.698e-5
-1.313, 6.499e-5
-1.314, 6.230e-5
-1.315, 7.185e-5
-1.316, 6.279e-5
-1.317, 7.163e-5
-1.318, 7.030e-5
-1.319, 6.767e-5
-1.320, 7.720e-5
-1.321, 6.844e-5
-1.322, 7.745e-5
-1.323, 7.606e-5
-1.324, 7.396e-5
-1.325, 8.361e-5
-1.326, 7.519e-5
-1.327, 8.454e-5
-1.328, 8.336e-5
-1.329, 8.120e-5
-1.330, 9.154e-5
-1.331, 8.327e-5
-1.332, 9.293e-5
-1.333, 9.234e-5
-1.334, 9.056e-5
-1.335, 1.012e-4
-1.336, 9.352e-5
-1.337, 1.035e-4
-1.338, 1.035e-4
-1.339, 1.024e-4
-1.340, 1.134e-4
-1.341, 1.067e-4
-1.342, 1.170e-4
-1.343, 1.182e-4
-1.344, 1.176e-4
-1.345, 1.295e-4
-1.346, 1.241e-4
-1.347, 1.357e-4
-1.348, 1.379e-4
-1.349, 1.389e-4
-1.350, 1.518e-4
-1.351, 1.483e-4
-1.352, 1.614e-4
-1.353, 1.654e-4
-1.354, 1.693e-4
-1.355, 1.846e-4
-1.356, 1.837e-4
-1.357, 2.003e-4
-1.358, 2.075e-4
-1.359, 2.156e-4
-1.360, 2.345e-4
-1.361, 2.387e-4
-1.362, 2.604e-4
-1.363, 2.730e-4
-1.364, 2.879e-4
-1.365, 3.136e-4
-1.366, 3.255e-4
-1.367, 3.555e-4
-1.368, 3.763e-4
-1.369, 4.009e-4
-1.370, 4.353e-4
-1.371, 4.570e-4
-1.372, 4.976e-4
-1.373, 5.282e-4
-1.374, 5.643e-4
-1.375, 6.084e-4
-1.376, 6.402e-4
-1.377, 6.904e-4
-1.378, 7.288e-4
-1.379, 7.738e-4
-1.380, 8.252e-4
-1.381, 8.638e-4
-1.382, 9.206e-4
-1.383, 9.626e-4
-1.384, 1.012e-3
-1.385, 1.064e-3
-1.386, 1.105e-3
-1.387, 1.163e-3
-1.388, 1.202e-3
-1.389, 1.250e-3
-1.390, 1.299e-3
-1.391, 1.336e-3
-1.392, 1.391e-3
-1.393, 1.427e-3
-1.394, 1.474e-3
-1.395, 1.522e-3
-1.396, 1.559e-3
-1.397, 1.613e-3
-1.398, 1.649e-3
-1.399, 1.697e-3
-1.400, 1.743e-3
-1.401, 1.778e-3
-1.402, 1.832e-3
-1.403, 1.866e-3
-1.404, 1.916e-3
-1.405, 1.964e-3
-1.406, 2.002e-3
-1.407, 2.062e-3
-1.408, 2.098e-3
-1.409, 2.151e-3
-1.410, 2.201e-3
-1.411, 2.241e-3
-1.412, 2.303e-3
-1.413, 2.342e-3
-1.414, 2.400e-3
-1.415, 2.453e-3
-1.416, 2.498e-3
-1.417, 2.568e-3
-1.418, 2.611e-3
-1.419, 2.671e-3
-1.420, 2.724e-3
-1.421, 2.768e-3
-1.422, 2.835e-3
-1.423, 2.879e-3
-1.424, 2.944e-3
-1.425, 2.999e-3
-1.426, 3.044e-3
-1.427, 3.113e-3
-1.428, 3.154e-3
-1.429, 3.219e-3
-1.430, 3.277e-3
-1.431, 3.328e-3
-1.432, 3.401e-3
-1.433, 3.445e-3
-1.434, 3.513e-3
-1.435, 3.574e-3
-1.436, 3.626e-3
-1.437, 3.703e-3
-1.438, 3.749e-3
-1.439, 3.824e-3
-1.440, 3.889e-3
-1.441, 3.941e-3
-1.442, 4.018e-3
-1.443, 4.061e-3
-1.444, 4.133e-3
-1.445, 4.196e-3
-1.446, 4.251e-3
-1.447, 4.330e-3
-1.448, 4.375e-3
-1.449, 4.448e-3
-1.450, 4.511e-3
-1.451, 4.564e-3
-1.452, 4.646e-3
-1.453, 4.697e-3
-1.454, 4.779e-3
-1.455, 4.850e-3
-1.456, 4.910e-3
-1.457, 4.998e-3
-1.458, 5.048e-3
-1.459, 5.129e-3
-1.460, 5.196e-3
-1.461, 5.249e-3
-1.462, 5.331e-3
-1.463, 5.376e-3
-1.464, 5.455e-3
-1.465, 5.518e-3
-1.466, 5.569e-3
-1.467, 5.650e-3
-1.468, 5.692e-3
-1.469, 5.767e-3
-1.470, 5.832e-3
-1.471, 5.886e-3
-1.472, 5.965e-3
-1.473, 6.008e-3
-1.474, 6.083e-3
-1.475, 6.150e-3
-1.476, 6.208e-3
-1.477, 6.297e-3
-1.478, 6.350e-3
-1.479, 6.439e-3
-1.480, 6.513e-3
-1.481, 6.573e-3
-1.482, 6.663e-3
-1.483, 6.707e-3
-1.484, 6.778e-3
-1.485, 6.842e-3
-1.486, 6.896e-3
-1.487, 6.983e-3
-1.488, 7.028e-3
-1.489, 7.121e-3
-1.490, 7.192e-3
-1.491, 7.253e-3
-1.492, 7.343e-3
-1.493, 7.392e-3
-1.494, 7.470e-3
-1.495, 7.536e-3
-1.496, 7.594e-3
-1.497, 7.673e-3
-1.498, 7.711e-3
-1.499, 7.780e-3
-1.500, 7.763e-3
-1.499, 7.651e-3
-1.498, 7.578e-3
-1.497, 7.468e-3
-1.496, 7.382e-3
-1.495, 7.285e-3
-1.494, 7.165e-3
-1.493, 7.085e-3
-1.492, 6.970e-3
-1.491, 6.893e-3
-1.490, 6.811e-3
-1.489, 6.704e-3
-1.488, 6.623e-3
-1.487, 6.504e-3
-1.486, 6.415e-3
-1.485, 6.324e-3
-1.484, 6.224e-3
-1.483, 6.163e-3
-1.482, 6.068e-3
-1.481, 5.996e-3
-1.480, 5.913e-3
-1.479, 5.813e-3
-1.478, 5.748e-3
-1.477, 5.658e-3
-1.476, 5.585e-3
-1.475, 5.505e-3
-1.474, 5.424e-3
-1.473, 5.372e-3
-1.472, 5.278e-3
-1.471, 5.200e-3
-1.470, 5.109e-3
-1.469, 5.020e-3
-1.468, 4.956e-3
-1.467, 4.861e-3
-1.466, 4.801e-3
-1.465, 4.725e-3
-1.464, 4.640e-3
-1.463, 4.580e-3
-1.462, 4.492e-3
-1.461, 4.428e-3
-1.460, 4.354e-3
-1.459, 4.268e-3
-1.458, 4.203e-3
-1.457, 4.115e-3
-1.456, 4.054e-3
-1.455, 3.980e-3
-1.454, 3.901e-3
-1.453, 3.855e-3
-1.452, 3.784e-3
-1.451, 3.728e-3
-1.450, 3.664e-3
-1.449, 3.595e-3
-1.448, 3.549e-3
-1.447, 3.470e-3
-1.446, 3.422e-3
-1.445, 3.361e-3
-1.444, 3.289e-3
-1.443, 3.239e-3
-1.442, 3.168e-3
-1.441, 3.119e-3
-1.440, 3.063e-3
-1.439, 2.999e-3
-1.438, 2.954e-3
-1.437, 2.893e-3
-1.436, 2.839e-3
-1.435, 2.786e-3
-1.434, 2.724e-3
-1.433, 2.681e-3
-1.432, 2.615e-3
-1.431, 2.570e-3
-1.430, 2.531e-3
-1.429, 2.472e-3
-1.428, 2.439e-3
-1.427, 2.387e-3
-1.426, 2.341e-3
-1.425, 2.295e-3
-1.424, 2.239e-3
-1.423, 2.201e-3
-1.422, 2.143e-3
-1.421, 2.100e-3
-1.420, 2.054e-3
-1.419, 2.002e-3
-1.418, 1.968e-3
-1.417, 1.913e-3
-1.416, 1.873e-3
-1.415, 1.835e-3
-1.414, 1.788e-3
-1.413, 1.760e-3
-1.412, 1.712e-3
-1.411, 1.677e-3
-1.410, 1.643e-3
-1.409, 1.597e-3
-1.408, 1.570e-3
-1.407, 1.525e-3
-1.406, 1.490e-3
-1.405, 1.459e-3
-1.404, 1.417e-3
-1.403, 1.391e-3
-1.402, 1.348e-3
-1.401, 1.315e-3
-1.400, 1.284e-3
-1.399, 1.242e-3
-1.398, 1.219e-3
-1.397, 1.182e-3
-1.396, 1.152e-3
-1.395, 1.126e-3
-1.394, 1.089e-3
-1.393, 1.068e-3
-1.392, 1.034e-3
-1.391, 1.007e-3
-1.390, 9.842e-4
-1.389, 9.497e-4
-1.388, 9.318e-4
-1.387, 9.010e-4
-1.386, 8.766e-4
-1.385, 8.565e-4
-1.384, 8.246e-4
-1.383, 8.080e-4
-1.382, 7.801e-4
-1.381, 7.575e-4
-1.380, 7.403e-4
-1.379, 7.113e-4
-1.378, 6.976e-4
-1.377, 6.731e-4
-1.376, 6.524e-4
-1.375, 6.383e-4
-1.374, 6.120e-4
-1.373, 6.009e-4
-1.372, 5.799e-4
-1.371, 5.611e-4
-1.370, 5.497e-4
-1.369, 5.256e-4
-1.368, 5.165e-4
-1.367, 4.979e-4
-1.366, 4.810e-4
-1.365, 4.719e-4
-1.364, 4.498e-4
-1.363, 4.420e-4
-1.362, 4.257e-4
-1.361, 4.107e-4
-1.360, 4.038e-4
-1.359, 3.840e-4
-1.358, 3.778e-4
-1.357, 3.634e-4
-1.356, 3.495e-4
-1.355, 3.444e-4
-1.354, 3.261e-4
-1.353, 3.213e-4
-1.352, 3.091e-4
-1.351, 2.965e-4
-1.350, 2.931e-4
-1.349, 2.763e-4
-1.348, 2.732e-4
-1.347, 2.622e-4
-1.346, 2.509e-4
-1.345, 2.489e-4
-1.344, 2.336e-4
-1.343, 2.314e-4
-1.342, 2.224e-4
-1.341, 2.121e-4
-1.340, 2.116e-4
-1.339, 1.969e-4
-1.338, 1.960e-4
-1.337, 1.879e-4
-1.336, 1.784e-4
-1.335, 1.791e-4
-1.334, 1.656e-4
-1.333, 1.655e-4
-1.332, 1.586e-4
-1.331, 1.495e-4
-1.330, 1.513e-4
-1.329, 1.387e-4
-1.328, 1.389e-4
-1.327, 1.333e-4
-1.326, 1.250e-4
-1.325, 1.277e-4
-1.324, 1.159e-4
-1.323, 1.170e-4
-1.322, 1.122e-4
-1.321, 1.043e-4
-1.320, 1.078e-4
-1.319, 9.632e-5
-1.318, 9.791e-5
-1.317, 9.376e-5
-1.316, 8.633e-5
-1.315, 9.033e-5
-1.314, 7.947e-5
-1.313, 8.170e-5
-1.312, 7.813e-5
-1.311, 7.098e-5
-1.310, 7.580e-5
-1.309, 6.531e-5
-1.308, 6.801e-5
-1.307, 6.468e-5
-1.306, 5.808e-5
-1.305, 6.323e-5
-1.304, 5.298e-5
-1.303, 5.620e-5
-1.302, 5.334e-5
-1.301, 4.700e-5
-1.300, 5.263e-5
-1.299, 4.261e-5
-1.298, 4.603e-5
-1.297, 4.363e-5
-1.296, 3.737e-5
-1.295, 4.348e-5
-1.294, 3.334e-5
-1.293, 3.752e-5
-1.292, 3.529e-5
-1.291, 2.880e-5
-1.290, 3.567e-5
-1.289, 2.574e-5
-1.288, 2.994e-5
-1.287, 2.809e-5
-1.286, 2.185e-5
-1.285, 2.906e-5
-1.284, 1.911e-5
-1.283, 2.347e-5
-1.282, 2.197e-5
-1.281, 1.585e-5
-1.280, 2.311e-5
-1.279, 1.351e-5
-1.278, 1.809e-5
-1.277, 1.664e-5
-1.276, 1.099e-5
-1.275, 1.819e-5
-1.274, 8.769e-6
-1.273, 1.334e-5
-1.272, 1.197e-5
-1.271, 6.460e-6
-1.270, 1.383e-5
-1.269, 4.803e-6
-1.268, 9.489e-6
-1.267, 8.256e-6
-1.266, 2.691e-6
-1.265, 1.040e-5
-1.264, 1.123e-6
-1.263, 6.283e-6
-1.262, 5.020e-6
-1.261, -5.545e-7
-1.260, 7.397e-6
-1.259, -1.906e-6
-1.258, 3.303e-6
-1.257, 2.366e-6
-1.256, -3.327e-6
-1.255, 4.872e-6
-1.254, -4.826e-6
-1.253, 7.281e-7
-1.252, -2.092e-7
-1.251, -5.764e-6
-1.250, 2.701e-6
-1.249, -6.977e-6
-1.248, -1.393e-6
-1.247, -2.350e-6
-1.246, -7.964e-6
-1.245, 5.801e-7
-1.244, -8.901e-6
-1.243, -3.406e-6
-1.242, -4.225e-6
-1.241, -9.789e-6
-1.240, -1.058e-6
-1.239, -1.063e-5
-1.238, -5.073e-6
-1.237, -5.852e-6
-1.236, -1.127e-5
-1.235, -2.676e-6
-1.234, -1.224e-5
-1.233, -6.474e-6
-1.232, -7.105e-6
-1.231, -1.289e-5
-1.230, -4.146e-6
-1.229, -1.412e-5
-1.228, -7.914e-6
-1.227, -8.664e-6
-1.226, -1.424e-5
-1.225, -5.270e-6
-1.224, -1.523e-5
-1.223, -8.832e-6
-1.222, -9.907e-6
-1.221, -1.532e-5
-1.220, -6.356e-6
-1.219, -1.621e-5
-1.218, -9.937e-6
-1.217, -1.088e-5
-1.216, -1.637e-5
-1.215, -7.194e-6
-1.214, -1.719e-5
-1.213, -1.084e-5
-1.212, -1.163e-5
-1.211, -1.726e-5
-1.210, -7.905e-6
-1.209, -1.813e-5
-1.208, -1.163e-5
-1.207, -1.241e-5
-1.206, -1.827e-5
-1.205, -8.694e-6
-1.204, -1.885e-5
-1.203, -1.260e-5
-1.202, -1.319e-5
-1.201, -1.910e-5
-1.200, -9.513e-6
-1.199, -1.964e-5
-1.198, -1.333e-5
-1.197, -1.399e-5
-1.196, -1.968e-5
-1.195, -1.013e-5
-1.194, -2.026e-5
-1.193, -1.381e-5
-1.192, -1.453e-5
-1.191, -2.026e-5
-1.190, -1.090e-5
-1.189, -2.083e-5
-1.188, -1.419e-5
-1.187, -1.532e-5
-1.186, -2.096e-5
-1.185, -1.126e-5
-1.184, -2.150e-5
-1.183, -1.472e-5
-1.182, -1.590e-5
-1.181, -2.146e-5
-1.180, -1.163e-5
-1.179, -2.235e-5
-1.178, -1.539e-5
-1.177, -1.641e-5
-1.176, -2.201e-5
-1.175, -1.225e-5
-1.174, -2.282e-5
-1.173, -1.581e-5
-1.172, -1.670e-5
-1.171, -2.257e-5
-1.170, -1.269e-5
-1.169, -2.317e-5
-1.168, -1.622e-5
-1.167, -1.713e-5
-1.166, -2.307e-5
-1.165, -1.306e-5
-1.164, -2.361e-5
-1.163, -1.674e-5
-1.162, -1.764e-5
-1.161, -2.347e-5
-1.160, -1.321e-5
-1.159, -2.401e-5
-1.158, -1.709e-5
-1.157, -1.791e-5
-1.156, -2.378e-5
-1.155, -1.388e-5
-1.154, -2.430e-5
-1.153, -1.747e-5
-1.152, -1.832e-5
-1.151, -2.418e-5
-1.150, -1.412e-5
-1.149, -2.481e-5
-1.148, -1.773e-5
-1.147, -1.885e-5
-1.146, -2.447e-5
-1.145, -1.464e-5
-1.144, -2.508e-5
-1.143, -1.809e-5
-1.142, -1.910e-5
-1.141, -2.496e-5
-1.140, -1.464e-5
-1.139, -2.566e-5
-1.138, -1.859e-5
-1.137, -1.960e-5
-1.136, -2.524e-5
-1.135, -1.500e-5
-1.134, -2.596e-5
-1.133, -1.881e-5
-1.132, -1.988e-5
-1.131, -2.580e-5
-1.130, -1.548e-5
-1.129, -2.628e-5
-1.128, -1.906e-5
-1.127, -2.014e-5
-1.126, -2.617e-5
-1.125, -1.573e-5
-1.124, -2.650e-5
-1.123, -1.977e-5
-1.122, -2.038e-5
-1.121, -2.637e-5
-1.120, -1.619e-5
-1.119, -2.694e-5
-1.118, -1.992e-5
-1.117, -2.071e-5
-1.116, -2.662e-5
-1.115, -1.652e-5
-1.114, -2.732e-5
-1.113, -2.038e-5
-1.112, -2.111e-5
-1.111, -2.693e-5
-1.110, -1.690e-5
-1.109, -2.754e-5
-1.108, -2.041e-5
-1.107, -2.149e-5
-1.106, -2.743e-5
-1.105, -1.723e-5
-1.104, -2.785e-5
-1.103, -2.082e-5
-1.102, -2.176e-5
-1.101, -2.766e-5
-1.100, -1.741e-5
-1.099, -2.835e-5
-1.098, -2.109e-5
-1.097, -2.216e-5
-1.096, -2.800e-5
-1.095, -1.767e-5
-1.094, -2.868e-5
-1.093, -2.147e-5
-1.092, -2.222e-5
-1.091, -2.857e-5
-1.090, -1.795e-5
-1.089, -2.914e-5
-1.088, -2.181e-5
-1.087, -2.276e-5
-1.086, -2.885e-5
-1.085, -1.836e-5
-1.084, -2.920e-5
-1.083, -2.219e-5
-1.082, -2.314e-5
-1.081, -2.909e-5
-1.080, -1.880e-5
-1.079, -2.958e-5
-1.078, -2.251e-5
-1.077, -2.331e-5
-1.076, -2.956e-5
-1.075, -1.916e-5
-1.074, -2.996e-5
-1.073, -2.292e-5
-1.072, -2.374e-5
-1.071, -2.978e-5
-1.070, -1.942e-5
-1.069, -3.045e-5
-1.068, -2.309e-5
-1.067, -2.415e-5
-1.066, -3.006e-5
-1.065, -1.996e-5
-1.064, -3.072e-5
-1.063, -2.363e-5
-1.062, -2.462e-5
-1.061, -3.061e-5
-1.060, -2.020e-5
-1.059, -3.125e-5
-1.058, -2.387e-5
-1.057, -2.493e-5
-1.056, -3.100e-5
-1.055, -2.047e-5
-1.054, -3.160e-5
-1.053, -2.430e-5
-1.052, -2.521e-5
-1.051, -3.148e-5
-1.050, -2.096e-5
-1.049, -3.221e-5
-1.048, -2.482e-5
-1.047, -2.559e-5
-1.046, -3.180e-5
-1.045, -2.128e-5
-1.044, -3.240e-5
-1.043, -2.537e-5
-1.042, -2.609e-5
-1.041, -3.251e-5
-1.040, -2.157e-5
-1.039, -3.294e-5
-1.038, -2.566e-5
-1.037, -2.660e-5
-1.036, -3.280e-5
-1.035, -2.223e-5
-1.034, -3.335e-5
-1.033, -2.623e-5
-1.032, -2.699e-5
-1.031, -3.317e-5
-1.030, -2.274e-5
-1.029, -3.386e-5
-1.028, -2.675e-5
-1.027, -2.759e-5
-1.026, -3.361e-5
-1.025, -2.323e-5
-1.024, -3.453e-5
-1.023, -2.732e-5
-1.022, -2.828e-5
-1.021, -3.433e-5
-1.020, -2.369e-5
-1.019, -3.514e-5
-1.018, -2.759e-5
-1.017, -2.891e-5
-1.016, -3.494e-5
-1.015, -2.419e-5
-1.014, -3.581e-5
-1.013, -2.819e-5
-1.012, -2.923e-5
-1.011, -3.567e-5
-1.010, -2.476e-5
-1.009, -3.658e-5
-1.008, -2.883e-5
-1.007, -2.989e-5
-1.006, -3.646e-5
-1.005, -2.537e-5
-1.004, -3.704e-5
-1.003, -2.959e-5
-1.002, -3.060e-5
-1.001, -3.701e-5
