Mar. 7, 2025   07:58:30
Linear Sweep Voltammetry
File: c:/users/guazh/data/banditlqround7_x0exp169_r20_3/2025-03-03-exp896\pre-regen-2025-03-07t07_55_27-lsvinphos\pre-regen_lsv_50mvs_efin_-1900mv.bin
Data Source:  Experiment
Instrument Model:  CHI760E
Header: LSV ran at 50 mVs with Efin at -1900mV
Note: 

Init E (V) = -0.6
Final E (V) = -1.9
Scan Rate (V/s) = 0.05
Sample Interval (V) = 0.001
Quiet Time (sec) = 2
Sensitivity (A/V) = 1e-4
Comp R (ohm) = 8.4

Results:

Channel 1:
Ep = -1.307V
ip = 4.787e-4A
Ah = 5.605e-4C

Potential/V, Current/A

-0.600, -6.199e-4
-0.601, -6.088e-4
-0.602, -5.948e-4
-0.603, -5.809e-4
-0.604, -5.674e-4
-0.605, -5.543e-4
-0.606, -5.415e-4
-0.607, -5.290e-4
-0.608, -5.168e-4
-0.609, -5.049e-4
-0.610, -4.932e-4
-0.611, -4.817e-4
-0.612, -4.704e-4
-0.613, -4.593e-4
-0.614, -4.483e-4
-0.615, -4.376e-4
-0.616, -4.270e-4
-0.617, -4.166e-4
-0.618, -4.064e-4
-0.619, -3.963e-4
-0.620, -3.864e-4
-0.621, -3.766e-4
-0.622, -3.670e-4
-0.623, -3.575e-4
-0.624, -3.481e-4
-0.625, -3.389e-4
-0.626, -3.297e-4
-0.627, -3.207e-4
-0.628, -3.119e-4
-0.629, -3.031e-4
-0.630, -2.945e-4
-0.631, -2.859e-4
-0.632, -2.775e-4
-0.633, -2.692e-4
-0.634, -2.610e-4
-0.635, -2.529e-4
-0.636, -2.449e-4
-0.637, -2.370e-4
-0.638, -2.292e-4
-0.639, -2.216e-4
-0.640, -2.139e-4
-0.641, -2.064e-4
-0.642, -1.990e-4
-0.643, -1.917e-4
-0.644, -1.845e-4
-0.645, -1.773e-4
-0.646, -1.702e-4
-0.647, -1.633e-4
-0.648, -1.564e-4
-0.649, -1.496e-4
-0.650, -1.429e-4
-0.651, -1.362e-4
-0.652, -1.297e-4
-0.653, -1.232e-4
-0.654, -1.168e-4
-0.655, -1.105e-4
-0.656, -1.042e-4
-0.657, -9.803e-5
-0.658, -9.193e-5
-0.659, -8.588e-5
-0.660, -7.995e-5
-0.661, -7.403e-5
-0.662, -6.820e-5
-0.663, -6.247e-5
-0.664, -5.678e-5
-0.665, -5.115e-5
-0.666, -4.554e-5
-0.667, -4.001e-5
-0.668, -3.458e-5
-0.669, -2.922e-5
-0.670, -2.394e-5
-0.671, -1.873e-5
-0.672, -1.354e-5
-0.673, -8.418e-6
-0.674, -3.377e-6
-0.675, 1.633e-6
-0.676, 6.547e-6
-0.677, 1.144e-5
-0.678, 1.626e-5
-0.679, 2.102e-5
-0.680, 2.575e-5
-0.681, 3.041e-5
-0.682, 3.501e-5
-0.683, 3.956e-5
-0.684, 4.402e-5
-0.685, 4.847e-5
-0.686, 5.288e-5
-0.687, 5.721e-5
-0.688, 6.151e-5
-0.689, 6.574e-5
-0.690, 6.996e-5
-0.691, 7.412e-5
-0.692, 7.820e-5
-0.693, 8.226e-5
-0.694, 8.626e-5
-0.695, 9.021e-5
-0.696, 9.413e-5
-0.697, 9.799e-5
-0.698, 1.018e-4
-0.699, 1.056e-4
-0.700, 1.093e-4
-0.701, 1.131e-4
-0.702, 1.168e-4
-0.703, 1.204e-4
-0.704, 1.240e-4
-0.705, 1.275e-4
-0.706, 1.311e-4
-0.707, 1.345e-4
-0.708, 1.380e-4
-0.709, 1.414e-4
-0.710, 1.447e-4
-0.711, 1.481e-4
-0.712, 1.514e-4
-0.713, 1.547e-4
-0.714, 1.579e-4
-0.715, 1.611e-4
-0.716, 1.643e-4
-0.717, 1.675e-4
-0.718, 1.706e-4
-0.719, 1.737e-4
-0.720, 1.768e-4
-0.721, 1.798e-4
-0.722, 1.828e-4
-0.723, 1.858e-4
-0.724, 1.888e-4
-0.725, 1.917e-4
-0.726, 1.947e-4
-0.727, 1.975e-4
-0.728, 2.004e-4
-0.729, 2.033e-4
-0.730, 2.061e-4
-0.731, 2.090e-4
-0.732, 2.117e-4
-0.733, 2.145e-4
-0.734, 2.173e-4
-0.735, 2.200e-4
-0.736, 2.228e-4
-0.737, 2.254e-4
-0.738, 2.281e-4
-0.739, 2.308e-4
-0.740, 2.334e-4
-0.741, 2.361e-4
-0.742, 2.387e-4
-0.743, 2.413e-4
-0.744, 2.439e-4
-0.745, 2.465e-4
-0.746, 2.491e-4
-0.747, 2.516e-4
-0.748, 2.542e-4
-0.749, 2.567e-4
-0.750, 2.592e-4
-0.751, 2.617e-4
-0.752, 2.642e-4
-0.753, 2.667e-4
-0.754, 2.692e-4
-0.755, 2.716e-4
-0.756, 2.741e-4
-0.757, 2.766e-4
-0.758, 2.790e-4
-0.759, 2.814e-4
-0.760, 2.838e-4
-0.761, 2.862e-4
-0.762, 2.886e-4
-0.763, 2.911e-4
-0.764, 2.934e-4
-0.765, 2.958e-4
-0.766, 2.982e-4
-0.767, 3.005e-4
-0.768, 3.030e-4
-0.769, 3.054e-4
-0.770, 3.077e-4
-0.771, 3.101e-4
-0.772, 3.124e-4
-0.773, 3.147e-4
-0.774, 3.170e-4
-0.775, 3.193e-4
-0.776, 3.216e-4
-0.777, 3.239e-4
-0.778, 3.261e-4
-0.779, 3.284e-4
-0.780, 3.307e-4
-0.781, 3.330e-4
-0.782, 3.352e-4
-0.783, 3.374e-4
-0.784, 3.397e-4
-0.785, 3.419e-4
-0.786, 3.441e-4
-0.787, 3.464e-4
-0.788, 3.486e-4
-0.789, 3.508e-4
-0.790, 3.530e-4
-0.791, 3.552e-4
-0.792, 3.574e-4
-0.793, 3.595e-4
-0.794, 3.617e-4
-0.795, 3.639e-4
-0.796, 3.661e-4
-0.797, 3.682e-4
-0.798, 3.704e-4
-0.799, 3.725e-4
-0.800, 3.746e-4
-0.801, 3.767e-4
-0.802, 3.789e-4
-0.803, 3.810e-4
-0.804, 3.831e-4
-0.805, 3.852e-4
-0.806, 3.873e-4
-0.807, 3.893e-4
-0.808, 3.914e-4
-0.809, 3.934e-4
-0.810, 3.955e-4
-0.811, 3.975e-4
-0.812, 3.995e-4
-0.813, 4.015e-4
-0.814, 4.035e-4
-0.815, 4.056e-4
-0.816, 4.076e-4
-0.817, 4.095e-4
-0.818, 4.115e-4
-0.819, 4.136e-4
-0.820, 4.158e-4
-0.821, 4.177e-4
-0.822, 4.196e-4
-0.823, 4.215e-4
-0.824, 4.234e-4
-0.825, 4.253e-4
-0.826, 4.272e-4
-0.827, 4.290e-4
-0.828, 4.309e-4
-0.829, 4.327e-4
-0.830, 4.345e-4
-0.831, 4.363e-4
-0.832, 4.381e-4
-0.833, 4.399e-4
-0.834, 4.417e-4
-0.835, 4.434e-4
-0.836, 4.452e-4
-0.837, 4.468e-4
-0.838, 4.485e-4
-0.839, 4.502e-4
-0.840, 4.519e-4
-0.841, 4.535e-4
-0.842, 4.552e-4
-0.843, 4.568e-4
-0.844, 4.584e-4
-0.845, 4.600e-4
-0.846, 4.615e-4
-0.847, 4.631e-4
-0.848, 4.646e-4
-0.849, 4.661e-4
-0.850, 4.676e-4
-0.851, 4.690e-4
-0.852, 4.705e-4
-0.853, 4.719e-4
-0.854, 4.733e-4
-0.855, 4.746e-4
-0.856, 4.760e-4
-0.857, 4.773e-4
-0.858, 4.786e-4
-0.859, 4.799e-4
-0.860, 4.812e-4
-0.861, 4.825e-4
-0.862, 4.837e-4
-0.863, 4.848e-4
-0.864, 4.860e-4
-0.865, 4.872e-4
-0.866, 4.883e-4
-0.867, 4.894e-4
-0.868, 4.904e-4
-0.869, 4.915e-4
-0.870, 4.925e-4
-0.871, 4.936e-4
-0.872, 4.946e-4
-0.873, 4.955e-4
-0.874, 4.964e-4
-0.875, 4.974e-4
-0.876, 4.982e-4
-0.877, 4.991e-4
-0.878, 4.999e-4
-0.879, 5.007e-4
-0.880, 5.015e-4
-0.881, 5.022e-4
-0.882, 5.029e-4
-0.883, 5.036e-4
-0.884, 5.043e-4
-0.885, 5.049e-4
-0.886, 5.056e-4
-0.887, 5.062e-4
-0.888, 5.067e-4
-0.889, 5.073e-4
-0.890, 5.078e-4
-0.891, 5.083e-4
-0.892, 5.088e-4
-0.893, 5.093e-4
-0.894, 5.097e-4
-0.895, 5.101e-4
-0.896, 5.106e-4
-0.897, 5.109e-4
-0.898, 5.113e-4
-0.899, 5.116e-4
-0.900, 5.119e-4
-0.901, 5.122e-4
-0.902, 5.125e-4
-0.903, 5.128e-4
-0.904, 5.130e-4
-0.905, 5.132e-4
-0.906, 5.134e-4
-0.907, 5.136e-4
-0.908, 5.138e-4
-0.909, 5.139e-4
-0.910, 5.141e-4
-0.911, 5.142e-4
-0.912, 5.143e-4
-0.913, 5.144e-4
-0.914, 5.144e-4
-0.915, 5.145e-4
-0.916, 5.145e-4
-0.917, 5.145e-4
-0.918, 5.146e-4
-0.919, 5.145e-4
-0.920, 5.146e-4
-0.921, 5.145e-4
-0.922, 5.145e-4
-0.923, 5.145e-4
-0.924, 5.144e-4
-0.925, 5.143e-4
-0.926, 5.143e-4
-0.927, 5.142e-4
-0.928, 5.141e-4
-0.929, 5.140e-4
-0.930, 5.139e-4
-0.931, 5.138e-4
-0.932, 5.137e-4
-0.933, 5.135e-4
-0.934, 5.134e-4
-0.935, 5.132e-4
-0.936, 5.132e-4
-0.937, 5.130e-4
-0.938, 5.128e-4
-0.939, 5.127e-4
-0.940, 5.125e-4
-0.941, 5.123e-4
-0.942, 5.121e-4
-0.943, 5.119e-4
-0.944, 5.117e-4
-0.945, 5.115e-4
-0.946, 5.113e-4
-0.947, 5.112e-4
-0.948, 5.110e-4
-0.949, 5.107e-4
-0.950, 5.105e-4
-0.951, 5.103e-4
-0.952, 5.101e-4
-0.953, 5.098e-4
-0.954, 5.096e-4
-0.955, 5.094e-4
-0.956, 5.092e-4
-0.957, 5.089e-4
-0.958, 5.087e-4
-0.959, 5.084e-4
-0.960, 5.082e-4
-0.961, 5.080e-4
-0.962, 5.077e-4
-0.963, 5.075e-4
-0.964, 5.072e-4
-0.965, 5.070e-4
-0.966, 5.068e-4
-0.967, 5.065e-4
-0.968, 5.063e-4
-0.969, 5.060e-4
-0.970, 5.058e-4
-0.971, 5.056e-4
-0.972, 5.054e-4
-0.973, 5.052e-4
-0.974, 5.051e-4
-0.975, 5.048e-4
-0.976, 5.046e-4
-0.977, 5.044e-4
-0.978, 5.042e-4
-0.979, 5.040e-4
-0.980, 5.038e-4
-0.981, 5.036e-4
-0.982, 5.034e-4
-0.983, 5.032e-4
-0.984, 5.031e-4
-0.985, 5.029e-4
-0.986, 5.028e-4
-0.987, 5.026e-4
-0.988, 5.025e-4
-0.989, 5.024e-4
-0.990, 5.022e-4
-0.991, 5.021e-4
-0.992, 5.020e-4
-0.993, 5.019e-4
-0.994, 5.018e-4
-0.995, 5.018e-4
-0.996, 5.017e-4
-0.997, 5.017e-4
-0.998, 5.016e-4
-0.999, 5.016e-4
-1.000, 5.016e-4
-1.001, 5.016e-4
-1.002, 5.016e-4
-1.003, 5.016e-4
-1.004, 5.015e-4
-1.005, 5.016e-4
-1.006, 5.017e-4
-1.007, 5.017e-4
-1.008, 5.017e-4
-1.009, 5.018e-4
-1.010, 5.018e-4
-1.011, 5.019e-4
-1.012, 5.020e-4
-1.013, 5.021e-4
-1.014, 5.022e-4
-1.015, 5.022e-4
-1.016, 5.024e-4
-1.017, 5.025e-4
-1.018, 5.026e-4
-1.019, 5.027e-4
-1.020, 5.028e-4
-1.021, 5.030e-4
-1.022, 5.031e-4
-1.023, 5.033e-4
-1.024, 5.034e-4
-1.025, 5.037e-4
-1.026, 5.038e-4
-1.027, 5.040e-4
-1.028, 5.041e-4
-1.029, 5.043e-4
-1.030, 5.044e-4
-1.031, 5.046e-4
-1.032, 5.048e-4
-1.033, 5.049e-4
-1.034, 5.051e-4
-1.035, 5.053e-4
-1.036, 5.055e-4
-1.037, 5.057e-4
-1.038, 5.059e-4
-1.039, 5.060e-4
-1.040, 5.062e-4
-1.041, 5.064e-4
-1.042, 5.066e-4
-1.043, 5.068e-4
-1.044, 5.069e-4
-1.045, 5.071e-4
-1.046, 5.073e-4
-1.047, 5.075e-4
-1.048, 5.076e-4
-1.049, 5.078e-4
-1.050, 5.080e-4
-1.051, 5.083e-4
-1.052, 5.084e-4
-1.053, 5.085e-4
-1.054, 5.087e-4
-1.055, 5.089e-4
-1.056, 5.091e-4
-1.057, 5.092e-4
-1.058, 5.093e-4
-1.059, 5.095e-4
-1.060, 5.096e-4
-1.061, 5.098e-4
-1.062, 5.100e-4
-1.063, 5.101e-4
-1.064, 5.103e-4
-1.065, 5.104e-4
-1.066, 5.105e-4
-1.067, 5.106e-4
-1.068, 5.107e-4
-1.069, 5.109e-4
-1.070, 5.110e-4
-1.071, 5.111e-4
-1.072, 5.112e-4
-1.073, 5.113e-4
-1.074, 5.114e-4
-1.075, 5.116e-4
-1.076, 5.117e-4
-1.077, 5.119e-4
-1.078, 5.119e-4
-1.079, 5.120e-4
-1.080, 5.121e-4
-1.081, 5.122e-4
-1.082, 5.122e-4
-1.083, 5.123e-4
-1.084, 5.124e-4
-1.085, 5.125e-4
-1.086, 5.126e-4
-1.087, 5.126e-4
-1.088, 5.127e-4
-1.089, 5.128e-4
-1.090, 5.129e-4
-1.091, 5.130e-4
-1.092, 5.130e-4
-1.093, 5.131e-4
-1.094, 5.131e-4
-1.095, 5.132e-4
-1.096, 5.133e-4
-1.097, 5.134e-4
-1.098, 5.135e-4
-1.099, 5.136e-4
-1.100, 5.137e-4
-1.101, 5.138e-4
-1.102, 5.139e-4
-1.103, 5.140e-4
-1.104, 5.141e-4
-1.105, 5.142e-4
-1.106, 5.144e-4
-1.107, 5.145e-4
-1.108, 5.146e-4
-1.109, 5.147e-4
-1.110, 5.149e-4
-1.111, 5.150e-4
-1.112, 5.152e-4
-1.113, 5.153e-4
-1.114, 5.155e-4
-1.115, 5.157e-4
-1.116, 5.159e-4
-1.117, 5.161e-4
-1.118, 5.163e-4
-1.119, 5.165e-4
-1.120, 5.167e-4
-1.121, 5.169e-4
-1.122, 5.171e-4
-1.123, 5.174e-4
-1.124, 5.176e-4
-1.125, 5.179e-4
-1.126, 5.182e-4
-1.127, 5.184e-4
-1.128, 5.187e-4
-1.129, 5.190e-4
-1.130, 5.193e-4
-1.131, 5.197e-4
-1.132, 5.200e-4
-1.133, 5.204e-4
-1.134, 5.207e-4
-1.135, 5.211e-4
-1.136, 5.215e-4
-1.137, 5.219e-4
-1.138, 5.223e-4
-1.139, 5.228e-4
-1.140, 5.233e-4
-1.141, 5.237e-4
-1.142, 5.242e-4
-1.143, 5.247e-4
-1.144, 5.253e-4
-1.145, 5.258e-4
-1.146, 5.264e-4
-1.147, 5.270e-4
-1.148, 5.275e-4
-1.149, 5.282e-4
-1.150, 5.289e-4
-1.151, 5.296e-4
-1.152, 5.303e-4
-1.153, 5.310e-4
-1.154, 5.318e-4
-1.155, 5.326e-4
-1.156, 5.333e-4
-1.157, 5.342e-4
-1.158, 5.351e-4
-1.159, 5.359e-4
-1.160, 5.369e-4
-1.161, 5.378e-4
-1.162, 5.387e-4
-1.163, 5.398e-4
-1.164, 5.408e-4
-1.165, 5.418e-4
-1.166, 5.429e-4
-1.167, 5.440e-4
-1.168, 5.451e-4
-1.169, 5.463e-4
-1.170, 5.475e-4
-1.171, 5.487e-4
-1.172, 5.500e-4
-1.173, 5.512e-4
-1.174, 5.525e-4
-1.175, 5.538e-4
-1.176, 5.553e-4
-1.177, 5.566e-4
-1.178, 5.581e-4
-1.179, 5.596e-4
-1.180, 5.611e-4
-1.181, 5.626e-4
-1.182, 5.641e-4
-1.183, 5.656e-4
-1.184, 5.672e-4
-1.185, 5.688e-4
-1.186, 5.705e-4
-1.187, 5.722e-4
-1.188, 5.738e-4
-1.189, 5.755e-4
-1.190, 5.773e-4
-1.191, 5.790e-4
-1.192, 5.808e-4
-1.193, 5.827e-4
-1.194, 5.845e-4
-1.195, 5.864e-4
-1.196, 5.883e-4
-1.197, 5.903e-4
-1.198, 5.922e-4
-1.199, 5.942e-4
-1.200, 5.962e-4
-1.201, 5.982e-4
-1.202, 6.003e-4
-1.203, 6.024e-4
-1.204, 6.045e-4
-1.205, 6.067e-4
-1.206, 6.089e-4
-1.207, 6.110e-4
-1.208, 6.132e-4
-1.209, 6.155e-4
-1.210, 6.178e-4
-1.211, 6.201e-4
-1.212, 6.224e-4
-1.213, 6.248e-4
-1.214, 6.272e-4
-1.215, 6.296e-4
-1.216, 6.321e-4
-1.217, 6.345e-4
-1.218, 6.370e-4
-1.219, 6.396e-4
-1.220, 6.421e-4
-1.221, 6.447e-4
-1.222, 6.473e-4
-1.223, 6.499e-4
-1.224, 6.527e-4
-1.225, 6.554e-4
-1.226, 6.581e-4
-1.227, 6.609e-4
-1.228, 6.637e-4
-1.229, 6.668e-4
-1.230, 6.698e-4
-1.231, 6.727e-4
-1.232, 6.757e-4
-1.233, 6.786e-4
-1.234, 6.816e-4
-1.235, 6.847e-4
-1.236, 6.877e-4
-1.237, 6.909e-4
-1.238, 6.941e-4
-1.239, 6.973e-4
-1.240, 7.005e-4
-1.241, 7.038e-4
-1.242, 7.071e-4
-1.243, 7.105e-4
-1.244, 7.139e-4
-1.245, 7.173e-4
-1.246, 7.208e-4
-1.247, 7.244e-4
-1.248, 7.280e-4
-1.249, 7.316e-4
-1.250, 7.353e-4
-1.251, 7.390e-4
-1.252, 7.427e-4
-1.253, 7.466e-4
-1.254, 7.504e-4
-1.255, 7.543e-4
-1.256, 7.583e-4
-1.257, 7.623e-4
-1.258, 7.663e-4
-1.259, 7.704e-4
-1.260, 7.745e-4
-1.261, 7.787e-4
-1.262, 7.830e-4
-1.263, 7.872e-4
-1.264, 7.916e-4
-1.265, 7.959e-4
-1.266, 8.003e-4
-1.267, 8.047e-4
-1.268, 8.092e-4
-1.269, 8.138e-4
-1.270, 8.184e-4
-1.271, 8.230e-4
-1.272, 8.277e-4
-1.273, 8.324e-4
-1.274, 8.372e-4
-1.275, 8.420e-4
-1.276, 8.469e-4
-1.277, 8.517e-4
-1.278, 8.567e-4
-1.279, 8.617e-4
-1.280, 8.667e-4
-1.281, 8.719e-4
-1.282, 8.770e-4
-1.283, 8.822e-4
-1.284, 8.873e-4
-1.285, 8.926e-4
-1.286, 8.978e-4
-1.287, 9.031e-4
-1.288, 9.084e-4
-1.289, 9.138e-4
-1.290, 9.193e-4
-1.291, 9.247e-4
-1.292, 9.302e-4
-1.293, 9.357e-4
-1.294, 9.414e-4
-1.295, 9.470e-4
-1.296, 9.526e-4
-1.297, 9.583e-4
-1.298, 9.640e-4
-1.299, 9.698e-4
-1.300, 9.756e-4
-1.301, 9.814e-4
-1.302, 9.873e-4
-1.303, 9.931e-4
-1.304, 9.991e-4
-1.305, 1.005e-3
-1.306, 1.010e-3
-1.307, 1.011e-3
-1.308, 1.011e-3
-1.309, 1.011e-3
-1.310, 1.011e-3
-1.311, 1.011e-3
-1.312, 1.011e-3
-1.313, 1.011e-3
-1.314, 1.011e-3
-1.315, 1.011e-3
-1.316, 1.011e-3
-1.317, 1.011e-3
-1.318, 1.011e-3
-1.319, 1.011e-3
-1.320, 1.011e-3
-1.321, 1.011e-3
-1.322, 1.011e-3
-1.323, 1.011e-3
-1.324, 1.011e-3
-1.325, 1.011e-3
-1.326, 1.011e-3
-1.327, 1.011e-3
-1.328, 1.011e-3
-1.329, 1.011e-3
-1.330, 1.011e-3
-1.331, 1.011e-3
-1.332, 1.011e-3
-1.333, 1.011e-3
-1.334, 1.011e-3
-1.335, 1.011e-3
-1.336, 1.011e-3
-1.337, 1.011e-3
-1.338, 1.011e-3
-1.339, 1.011e-3
-1.340, 1.011e-3
-1.341, 1.011e-3
-1.342, 1.011e-3
-1.343, 1.011e-3
-1.344, 1.011e-3
-1.345, 1.011e-3
-1.346, 1.011e-3
-1.347, 1.011e-3
-1.348, 1.011e-3
-1.349, 1.011e-3
-1.350, 1.011e-3
-1.351, 1.011e-3
-1.352, 1.011e-3
-1.353, 1.011e-3
-1.354, 1.011e-3
-1.355, 1.011e-3
-1.356, 1.011e-3
-1.357, 1.011e-3
-1.358, 1.011e-3
-1.359, 1.011e-3
-1.360, 1.011e-3
-1.361, 1.011e-3
-1.362, 1.011e-3
-1.363, 1.011e-3
-1.364, 1.011e-3
-1.365, 1.011e-3
-1.366, 1.011e-3
-1.367, 1.011e-3
-1.368, 1.011e-3
-1.369, 1.011e-3
-1.370, 1.011e-3
-1.371, 1.011e-3
-1.372, 1.011e-3
-1.373, 1.011e-3
-1.374, 1.011e-3
-1.375, 1.011e-3
-1.376, 1.011e-3
-1.377, 1.011e-3
-1.378, 1.011e-3
-1.379, 1.011e-3
-1.380, 1.011e-3
-1.381, 1.011e-3
-1.382, 1.011e-3
-1.383, 1.011e-3
-1.384, 1.011e-3
-1.385, 1.011e-3
-1.386, 1.011e-3
-1.387, 1.011e-3
-1.388, 1.011e-3
-1.389, 1.011e-3
-1.390, 1.011e-3
-1.391, 1.011e-3
-1.392, 1.011e-3
-1.393, 1.011e-3
-1.394, 1.011e-3
-1.395, 1.011e-3
-1.396, 1.011e-3
-1.397, 1.011e-3
-1.398, 1.011e-3
-1.399, 1.011e-3
-1.400, 1.011e-3
-1.401, 1.011e-3
-1.402, 1.011e-3
-1.403, 1.011e-3
-1.404, 1.011e-3
-1.405, 1.011e-3
-1.406, 1.011e-3
-1.407, 1.011e-3
-1.408, 1.011e-3
-1.409, 1.011e-3
-1.410, 1.011e-3
-1.411, 1.011e-3
-1.412, 1.011e-3
-1.413, 1.011e-3
-1.414, 1.011e-3
-1.415, 1.011e-3
-1.416, 1.011e-3
-1.417, 1.011e-3
-1.418, 1.011e-3
-1.419, 1.011e-3
-1.420, 1.011e-3
-1.421, 1.011e-3
-1.422, 1.011e-3
-1.423, 1.011e-3
-1.424, 1.011e-3
-1.425, 1.011e-3
-1.426, 1.011e-3
-1.427, 1.011e-3
-1.428, 1.011e-3
-1.429, 1.011e-3
-1.430, 1.011e-3
-1.431, 1.011e-3
-1.432, 1.011e-3
-1.433, 1.011e-3
-1.434, 1.011e-3
-1.435, 1.011e-3
-1.436, 1.011e-3
-1.437, 1.011e-3
-1.438, 1.011e-3
-1.439, 1.011e-3
-1.440, 1.011e-3
-1.441, 1.011e-3
-1.442, 1.011e-3
-1.443, 1.011e-3
-1.444, 1.011e-3
-1.445, 1.011e-3
-1.446, 1.011e-3
-1.447, 1.011e-3
-1.448, 1.011e-3
-1.449, 1.011e-3
-1.450, 1.011e-3
-1.451, 1.011e-3
-1.452, 1.011e-3
-1.453, 1.011e-3
-1.454, 1.011e-3
-1.455, 1.011e-3
-1.456, 1.011e-3
-1.457, 1.011e-3
-1.458, 1.011e-3
-1.459, 1.011e-3
-1.460, 1.011e-3
-1.461, 1.011e-3
-1.462, 1.011e-3
-1.463, 1.011e-3
-1.464, 1.011e-3
-1.465, 1.011e-3
-1.466, 1.011e-3
-1.467, 1.011e-3
-1.468, 1.011e-3
-1.469, 1.011e-3
-1.470, 1.011e-3
-1.471, 1.011e-3
-1.472, 1.011e-3
-1.473, 1.011e-3
-1.474, 1.011e-3
-1.475, 1.011e-3
-1.476, 1.011e-3
-1.477, 1.011e-3
-1.478, 1.011e-3
-1.479, 1.011e-3
-1.480, 1.011e-3
-1.481, 1.011e-3
-1.482, 1.011e-3
-1.483, 1.011e-3
-1.484, 1.011e-3
-1.485, 1.011e-3
-1.486, 1.011e-3
-1.487, 1.011e-3
-1.488, 1.011e-3
-1.489, 1.011e-3
-1.490, 1.011e-3
-1.491, 1.011e-3
-1.492, 1.011e-3
-1.493, 1.011e-3
-1.494, 1.011e-3
-1.495, 1.011e-3
-1.496, 1.011e-3
-1.497, 1.011e-3
-1.498, 1.011e-3
-1.499, 1.011e-3
-1.500, 1.011e-3
-1.501, 1.011e-3
-1.502, 1.011e-3
-1.503, 1.011e-3
-1.504, 1.011e-3
-1.505, 1.011e-3
-1.506, 1.011e-3
-1.507, 1.011e-3
-1.508, 1.011e-3
-1.509, 1.011e-3
-1.510, 1.011e-3
-1.511, 1.011e-3
-1.512, 1.011e-3
-1.513, 1.011e-3
-1.514, 1.011e-3
-1.515, 1.011e-3
-1.516, 1.011e-3
-1.517, 1.011e-3
-1.518, 1.011e-3
-1.519, 1.011e-3
-1.520, 1.011e-3
-1.521, 1.011e-3
-1.522, 1.011e-3
-1.523, 1.011e-3
-1.524, 1.011e-3
-1.525, 1.011e-3
-1.526, 1.011e-3
-1.527, 1.011e-3
-1.528, 1.011e-3
-1.529, 1.011e-3
-1.530, 1.011e-3
-1.531, 1.011e-3
-1.532, 1.011e-3
-1.533, 1.011e-3
-1.534, 1.011e-3
-1.535, 1.011e-3
-1.536, 1.011e-3
-1.537, 1.011e-3
-1.538, 1.011e-3
-1.539, 1.011e-3
-1.540, 1.011e-3
-1.541, 1.011e-3
-1.542, 1.011e-3
-1.543, 1.011e-3
-1.544, 1.011e-3
-1.545, 1.011e-3
-1.546, 1.011e-3
-1.547, 1.011e-3
-1.548, 1.011e-3
-1.549, 1.011e-3
-1.550, 1.011e-3
-1.551, 1.011e-3
-1.552, 1.011e-3
-1.553, 1.011e-3
-1.554, 1.011e-3
-1.555, 1.011e-3
-1.556, 1.011e-3
-1.557, 1.011e-3
-1.558, 1.011e-3
-1.559, 1.011e-3
-1.560, 1.011e-3
-1.561, 1.011e-3
-1.562, 1.011e-3
-1.563, 1.011e-3
-1.564, 1.011e-3
-1.565, 1.011e-3
-1.566, 1.011e-3
-1.567, 1.011e-3
-1.568, 1.011e-3
-1.569, 1.011e-3
-1.570, 1.011e-3
-1.571, 1.011e-3
-1.572, 1.011e-3
-1.573, 1.011e-3
-1.574, 1.011e-3
-1.575, 1.011e-3
-1.576, 1.011e-3
-1.577, 1.011e-3
-1.578, 1.011e-3
-1.579, 1.011e-3
-1.580, 1.011e-3
-1.581, 1.011e-3
-1.582, 1.011e-3
-1.583, 1.011e-3
-1.584, 1.011e-3
-1.585, 1.011e-3
-1.586, 1.011e-3
-1.587, 1.011e-3
-1.588, 1.011e-3
-1.589, 1.011e-3
-1.590, 1.011e-3
-1.591, 1.011e-3
-1.592, 1.011e-3
-1.593, 1.011e-3
-1.594, 1.011e-3
-1.595, 1.011e-3
-1.596, 1.011e-3
-1.597, 1.011e-3
-1.598, 1.011e-3
-1.599, 1.011e-3
-1.600, 1.011e-3
-1.601, 1.011e-3
-1.602, 1.011e-3
-1.603, 1.011e-3
-1.604, 1.011e-3
-1.605, 1.011e-3
-1.606, 1.011e-3
-1.607, 1.011e-3
-1.608, 1.011e-3
-1.609, 1.011e-3
-1.610, 1.011e-3
-1.611, 1.011e-3
-1.612, 1.011e-3
-1.613, 1.011e-3
-1.614, 1.011e-3
-1.615, 1.011e-3
-1.616, 1.011e-3
-1.617, 1.011e-3
-1.618, 1.011e-3
-1.619, 1.011e-3
-1.620, 1.011e-3
-1.621, 1.011e-3
-1.622, 1.011e-3
-1.623, 1.011e-3
-1.624, 1.011e-3
-1.625, 1.011e-3
-1.626, 1.011e-3
-1.627, 1.011e-3
-1.628, 1.011e-3
-1.629, 1.011e-3
-1.630, 1.011e-3
-1.631, 1.011e-3
-1.632, 1.011e-3
-1.633, 1.011e-3
-1.634, 1.011e-3
-1.635, 1.011e-3
-1.636, 1.011e-3
-1.637, 1.011e-3
-1.638, 1.011e-3
-1.639, 1.011e-3
-1.640, 1.011e-3
-1.641, 1.011e-3
-1.642, 1.011e-3
-1.643, 1.011e-3
-1.644, 1.011e-3
-1.645, 1.011e-3
-1.646, 1.011e-3
-1.647, 1.011e-3
-1.648, 1.011e-3
-1.649, 1.011e-3
-1.650, 1.011e-3
-1.651, 1.011e-3
-1.652, 1.011e-3
-1.653, 1.011e-3
-1.654, 1.011e-3
-1.655, 1.011e-3
-1.656, 1.011e-3
-1.657, 1.011e-3
-1.658, 1.011e-3
-1.659, 1.011e-3
-1.660, 1.011e-3
-1.661, 1.011e-3
-1.662, 1.011e-3
-1.663, 1.011e-3
-1.664, 1.011e-3
-1.665, 1.011e-3
-1.666, 1.011e-3
-1.667, 1.011e-3
-1.668, 1.011e-3
-1.669, 1.011e-3
-1.670, 1.011e-3
-1.671, 1.011e-3
-1.672, 1.011e-3
-1.673, 1.011e-3
-1.674, 1.011e-3
-1.675, 1.011e-3
-1.676, 1.011e-3
-1.677, 1.011e-3
-1.678, 1.011e-3
-1.679, 1.011e-3
-1.680, 1.011e-3
-1.681, 1.011e-3
-1.682, 1.011e-3
-1.683, 1.011e-3
-1.684, 1.011e-3
-1.685, 1.011e-3
-1.686, 1.011e-3
-1.687, 1.011e-3
-1.688, 1.011e-3
-1.689, 1.011e-3
-1.690, 1.011e-3
-1.691, 1.011e-3
-1.692, 1.011e-3
-1.693, 1.011e-3
-1.694, 1.011e-3
-1.695, 1.011e-3
-1.696, 1.011e-3
-1.697, 1.011e-3
-1.698, 1.011e-3
-1.699, 1.011e-3
-1.700, 1.011e-3
-1.701, 1.011e-3
-1.702, 1.011e-3
-1.703, 1.011e-3
-1.704, 1.011e-3
-1.705, 1.011e-3
-1.706, 1.011e-3
-1.707, 1.011e-3
-1.708, 1.011e-3
-1.709, 1.011e-3
-1.710, 1.011e-3
-1.711, 1.011e-3
-1.712, 1.011e-3
-1.713, 1.011e-3
-1.714, 1.011e-3
-1.715, 1.011e-3
-1.716, 1.011e-3
-1.717, 1.011e-3
-1.718, 1.011e-3
-1.719, 1.011e-3
-1.720, 1.011e-3
-1.721, 1.011e-3
-1.722, 1.011e-3
-1.723, 1.011e-3
-1.724, 1.011e-3
-1.725, 1.011e-3
-1.726, 1.011e-3
-1.727, 1.011e-3
-1.728, 1.011e-3
-1.729, 1.011e-3
-1.730, 1.011e-3
-1.731, 1.011e-3
-1.732, 1.011e-3
-1.733, 1.011e-3
-1.734, 1.011e-3
-1.735, 1.011e-3
-1.736, 1.011e-3
-1.737, 1.011e-3
-1.738, 1.011e-3
-1.739, 1.011e-3
-1.740, 1.011e-3
-1.741, 1.011e-3
-1.742, 1.011e-3
-1.743, 1.011e-3
-1.744, 1.011e-3
-1.745, 1.011e-3
-1.746, 1.011e-3
-1.747, 1.011e-3
-1.748, 1.011e-3
-1.749, 1.011e-3
-1.750, 1.011e-3
-1.751, 1.011e-3
-1.752, 1.011e-3
-1.753, 1.011e-3
-1.754, 1.011e-3
-1.755, 1.011e-3
-1.756, 1.011e-3
-1.757, 1.011e-3
-1.758, 1.011e-3
-1.759, 1.011e-3
-1.760, 1.011e-3
-1.761, 1.011e-3
-1.762, 1.011e-3
-1.763, 1.011e-3
-1.764, 1.011e-3
-1.765, 1.011e-3
-1.766, 1.011e-3
-1.767, 1.011e-3
-1.768, 1.011e-3
-1.769, 1.011e-3
-1.770, 1.011e-3
-1.771, 1.011e-3
-1.772, 1.011e-3
-1.773, 1.011e-3
-1.774, 1.011e-3
-1.775, 1.011e-3
-1.776, 1.011e-3
-1.777, 1.011e-3
-1.778, 1.011e-3
-1.779, 1.011e-3
-1.780, 1.011e-3
-1.781, 1.011e-3
-1.782, 1.011e-3
-1.783, 1.011e-3
-1.784, 1.011e-3
-1.785, 1.011e-3
-1.786, 1.011e-3
-1.787, 1.011e-3
-1.788, 1.011e-3
-1.789, 1.011e-3
-1.790, 1.011e-3
-1.791, 1.011e-3
-1.792, 1.011e-3
-1.793, 1.011e-3
-1.794, 1.011e-3
-1.795, 1.011e-3
-1.796, 1.011e-3
-1.797, 1.011e-3
-1.798, 1.011e-3
-1.799, 1.011e-3
-1.800, 1.011e-3
-1.801, 1.011e-3
-1.802, 1.011e-3
-1.803, 1.011e-3
-1.804, 1.011e-3
-1.805, 1.011e-3
-1.806, 1.011e-3
-1.807, 1.011e-3
-1.808, 1.011e-3
-1.809, 1.011e-3
-1.810, 1.011e-3
-1.811, 1.011e-3
-1.812, 1.011e-3
-1.813, 1.011e-3
-1.814, 1.011e-3
-1.815, 1.011e-3
-1.816, 1.011e-3
-1.817, 1.011e-3
-1.818, 1.011e-3
-1.819, 1.011e-3
-1.820, 1.011e-3
-1.821, 1.011e-3
-1.822, 1.011e-3
-1.823, 1.011e-3
-1.824, 1.011e-3
-1.825, 1.011e-3
-1.826, 1.011e-3
-1.827, 1.011e-3
-1.828, 1.011e-3
-1.829, 1.011e-3
-1.830, 1.011e-3
-1.831, 1.011e-3
-1.832, 1.011e-3
-1.833, 1.011e-3
-1.834, 1.011e-3
-1.835, 1.011e-3
-1.836, 1.011e-3
-1.837, 1.011e-3
-1.838, 1.011e-3
-1.839, 1.011e-3
-1.840, 1.011e-3
-1.841, 1.011e-3
-1.842, 1.011e-3
-1.843, 1.011e-3
-1.844, 1.011e-3
-1.845, 1.011e-3
-1.846, 1.011e-3
-1.847, 1.011e-3
-1.848, 1.011e-3
-1.849, 1.011e-3
-1.850, 1.011e-3
-1.851, 1.011e-3
-1.852, 1.011e-3
-1.853, 1.011e-3
-1.854, 1.011e-3
-1.855, 1.011e-3
-1.856, 1.011e-3
-1.857, 1.011e-3
-1.858, 1.011e-3
-1.859, 1.011e-3
-1.860, 1.011e-3
-1.861, 1.011e-3
-1.862, 1.011e-3
-1.863, 1.011e-3
-1.864, 1.011e-3
-1.865, 1.011e-3
-1.866, 1.011e-3
-1.867, 1.011e-3
-1.868, 1.011e-3
-1.869, 1.011e-3
-1.870, 1.011e-3
-1.871, 1.011e-3
-1.872, 1.011e-3
-1.873, 1.011e-3
-1.874, 1.011e-3
-1.875, 1.011e-3
-1.876, 1.011e-3
-1.877, 1.011e-3
-1.878, 1.011e-3
-1.879, 1.011e-3
-1.880, 1.011e-3
-1.881, 1.011e-3
-1.882, 1.011e-3
-1.883, 1.011e-3
-1.884, 1.011e-3
-1.885, 1.011e-3
-1.886, 1.011e-3
-1.887, 1.011e-3
-1.888, 1.011e-3
-1.889, 1.011e-3
-1.890, 1.011e-3
-1.891, 1.011e-3
-1.892, 1.011e-3
-1.893, 1.011e-3
-1.894, 1.011e-3
-1.895, 1.011e-3
-1.896, 1.011e-3
-1.897, 1.011e-3
-1.898, 1.011e-3
-1.899, 1.011e-3
