Potential V vs RHE, Current mA cm-2
0.013299999999999867,-0.3511313446265021
0.012299999999999978,-0.6564260431373771
0.011299999999999866,-0.7872868383748929
0.010299999999999976,-0.7872868383748929
0.009299999999999864,-0.7872868383748929
0.008299999999999974,-0.7872868383748929
0.007299999999999862,-0.7437137303390498
0.006299999999999972,-0.7872868383748929
0.00529999999999986,-0.7872868383748929
0.0042999999999999705,-0.9181476336124089
0.0032999999999998586,-0.9181476336124089
0.0022999999999999687,-0.9617207416482519
0.0012999999999998568,-1.0054353208140816
0.00029999999999996696,-0.9617207416482519
-0.000700000000000145,-1.0054353208140816
-0.0017000000000000348,-0.9181476336124089
-0.0027000000000001467,-0.9181476336124089
-0.0037000000000000366,-0.9181476336124089
-0.0047000000000001485,-0.9181476336124089
-0.005700000000000038,-0.9181476336124089
-0.00670000000000015,-0.9617207416482519
-0.00770000000000004,-1.0490084288499246
-0.008700000000000152,-1.0490084288499246
-0.009700000000000042,-1.0925815368857679
-0.010700000000000154,-1.0490084288499246
-0.011700000000000044,-1.0925815368857679
-0.012700000000000156,-1.0490084288499246
-0.013700000000000045,-1.0054353208140816
-0.014700000000000157,-1.0054353208140816
-0.015700000000000047,-0.9617207416482519
-0.01670000000000016,-0.9617207416482519
-0.01770000000000005,-0.9617207416482519
-0.01870000000000016,-1.0490084288499246
-0.01970000000000005,-1.0925815368857679
-0.020700000000000163,-1.1362961160515976
-0.021700000000000053,-1.1362961160515976
-0.022700000000000164,-1.0925815368857679
-0.023700000000000054,-1.1362961160515976
-0.024700000000000166,-1.0925815368857679
-0.025700000000000056,-1.0490084288499246
-0.026700000000000168,-1.0054353208140816
-0.027700000000000058,-1.0054353208140816
-0.02870000000000017,-1.0054353208140816
-0.02970000000000006,-1.0054353208140816
-0.03070000000000017,-1.0925815368857679
-0.03170000000000006,-1.0925815368857679
-0.03270000000000017,-1.1362961160515976
-0.03370000000000006,-1.1798692240874404
-0.034700000000000175,-1.1362961160515976
-0.035700000000000065,-1.1362961160515976
-0.03670000000000018,-1.0925815368857679
-0.03770000000000007,-1.0490084288499246
-0.03870000000000018,-1.0490084288499246
-0.03970000000000007,-1.0490084288499246
-0.04070000000000018,-1.0490084288499246
-0.04170000000000007,-1.0925815368857679
-0.04270000000000018,-1.1362961160515976
-0.04370000000000007,-1.1798692240874404
-0.044700000000000184,-1.1798692240874404
-0.045700000000000074,-1.1798692240874404
-0.046700000000000186,-1.1798692240874404
-0.047700000000000076,-1.1362961160515976
-0.04870000000000019,-1.0925815368857679
-0.04970000000000008,-1.0925815368857679
-0.05070000000000019,-1.0490084288499246
-0.05170000000000008,-1.0490084288499246
-0.05270000000000019,-1.0490084288499246
-0.05370000000000008,-1.0925815368857679
-0.05470000000000019,-1.1798692240874404
-0.05570000000000008,-1.1798692240874404
-0.056700000000000195,-1.2234423321232837
-0.057700000000000085,-1.1798692240874404
-0.058700000000000196,-1.1798692240874404
-0.059700000000000086,-1.1362961160515976
-0.0607000000000002,-1.0925815368857679
-0.06170000000000009,-1.0925815368857679
-0.0627000000000002,-1.0490084288499246
-0.06370000000000009,-1.0925815368857679
-0.0647000000000002,-1.0925815368857679
-0.06570000000000009,-1.1362961160515976
-0.0667000000000002,-1.1362961160515976
-0.0677000000000001,-1.1798692240874404
-0.0687000000000002,-1.2234423321232837
-0.0697000000000001,-1.1798692240874404
-0.07070000000000021,-1.1362961160515976
-0.0717000000000001,-1.0925815368857679
-0.07270000000000021,-1.0925815368857679
-0.0737000000000001,-1.0925815368857679
-0.07470000000000021,-1.0490084288499246
-0.0757000000000001,-1.0925815368857679
-0.07670000000000021,-1.0925815368857679
-0.0777000000000001,-1.1798692240874404
-0.07870000000000021,-1.1798692240874404
-0.0797000000000001,-1.2234423321232837
-0.08070000000000022,-1.2234423321232837
-0.0817000000000001,-1.1798692240874404
-0.08270000000000022,-1.1362961160515976
-0.08370000000000011,-1.1362961160515976
-0.08470000000000022,-1.0925815368857679
-0.08570000000000011,-1.0490084288499246
-0.08670000000000022,-1.0925815368857679
-0.08770000000000011,-1.0925815368857679
-0.08870000000000022,-1.1362961160515976
-0.08970000000000011,-1.1362961160515976
-0.09070000000000022,-1.1798692240874404
-0.09170000000000011,-1.2234423321232837
-0.09270000000000023,-1.2234423321232837
-0.09370000000000012,-1.1798692240874404
-0.09470000000000023,-1.1362961160515976
-0.09570000000000012,-1.0925815368857679
-0.09670000000000023,-1.0925815368857679
-0.09770000000000012,-1.0490084288499246
-0.09870000000000023,-1.0925815368857679
-0.09970000000000012,-1.0925815368857679
-0.10070000000000023,-1.1362961160515976
-0.10170000000000012,-1.1798692240874404
-0.10270000000000024,-1.2234423321232837
-0.10370000000000013,-1.2234423321232837
-0.10470000000000024,-1.2234423321232837
-0.10570000000000013,-1.1798692240874404
-0.10670000000000024,-1.1362961160515976
-0.10770000000000013,-1.0925815368857679
-0.10870000000000024,-1.0925815368857679
-0.10970000000000013,-1.0925815368857679
-0.11070000000000024,-1.0925815368857679
-0.11170000000000013,-1.1362961160515976
-0.11270000000000002,-1.1798692240874404
-0.11370000000000013,-1.1798692240874404
-0.11470000000000002,-1.2234423321232837
-0.11570000000000014,-1.2234423321232837
-0.11670000000000003,-1.2234423321232837
-0.11770000000000014,-1.1362961160515976
-0.11870000000000003,-1.1362961160515976
-0.11970000000000014,-1.0925815368857679
-0.12070000000000003,-1.0490084288499246
-0.12170000000000014,-1.0925815368857679
-0.12270000000000003,-1.0925815368857679
-0.12370000000000014,-1.1362961160515976
-0.12470000000000003,-1.1798692240874404
-0.12570000000000014,-1.2234423321232837
-0.12670000000000003,-1.2234423321232837
-0.12770000000000015,-1.2234423321232837
-0.12870000000000004,-1.2234423321232837
-0.12970000000000015,-1.1362961160515976
-0.13070000000000004,-1.1362961160515976
-0.13170000000000015,-1.0925815368857679
-0.13270000000000004,-1.0490084288499246
-0.13370000000000015,-1.0925815368857679
-0.13470000000000004,-1.1362961160515976
-0.13570000000000015,-1.1798692240874404
-0.13670000000000004,-1.1798692240874404
-0.13770000000000016,-1.2234423321232837
-0.13870000000000005,-1.2234423321232837
-0.13970000000000016,-1.2234423321232837
-0.14070000000000005,-1.1798692240874404
-0.14170000000000016,-1.1362961160515976
-0.14270000000000005,-1.0925815368857679
-0.14370000000000016,-1.0925815368857679
-0.14470000000000005,-1.0925815368857679
-0.14570000000000016,-1.0925815368857679
-0.14670000000000005,-1.1362961160515976
-0.14770000000000016,-1.1798692240874404
-0.14870000000000005,-1.2234423321232837
-0.14970000000000017,-1.2234423321232837
-0.15070000000000006,-1.2234423321232837
-0.15170000000000017,-1.2234423321232837
-0.15270000000000006,-1.1798692240874404
-0.15370000000000017,-1.1362961160515976
-0.15470000000000006,-1.0925815368857679
-0.15570000000000017,-1.0925815368857679
-0.15670000000000006,-1.0925815368857679
-0.15770000000000017,-1.0925815368857679
-0.15870000000000006,-1.1798692240874404
-0.15970000000000018,-1.1798692240874404
-0.16070000000000007,-1.2234423321232837
-0.16170000000000018,-1.2671569112891135
-0.16270000000000007,-1.2234423321232837
-0.16370000000000018,-1.2234423321232837
-0.16470000000000007,-1.1798692240874404
-0.16570000000000018,-1.1362961160515976
-0.16670000000000007,-1.1362961160515976
-0.16770000000000018,-1.0925815368857679
-0.16870000000000007,-1.1362961160515976
-0.16970000000000018,-1.1362961160515976
-0.17070000000000007,-1.1798692240874404
-0.17170000000000019,-1.2234423321232837
-0.17270000000000008,-1.2234423321232837
-0.1737000000000002,-1.2671569112891135
-0.17470000000000008,-1.2234423321232837
-0.1757000000000002,-1.2234423321232837
-0.17670000000000008,-1.1798692240874404
-0.1777000000000002,-1.1362961160515976
-0.17870000000000008,-1.1362961160515976
-0.1797000000000002,-1.1362961160515976
-0.18070000000000008,-1.1362961160515976
-0.1817000000000002,-1.1798692240874404
-0.18270000000000008,-1.2234423321232837
-0.1837000000000002,-1.2671569112891135
-0.1847000000000001,-1.2671569112891135
-0.1857000000000002,-1.2671569112891135
-0.1867000000000001,-1.2671569112891135
-0.1877000000000002,-1.2234423321232837
-0.1887000000000001,-1.1798692240874404
-0.1897000000000002,-1.1798692240874404
-0.1907000000000001,-1.1362961160515976
-0.1917000000000001,-1.1362961160515976
-0.19269999999999998,-1.1362961160515976
-0.1937000000000001,-1.1798692240874404
-0.19469999999999998,-1.2234423321232837
-0.1957000000000001,-1.2671569112891135
-0.19669999999999999,-1.3107300193249565
-0.1977000000000001,-1.2671569112891135
-0.1987,-1.2671569112891135
-0.1997000000000001,-1.2234423321232837
-0.2007,-1.2234423321232837
-0.2017000000000001,-1.1798692240874404
-0.2027,-1.1362961160515976
-0.2037000000000001,-1.1798692240874404
-0.2047,-1.1798692240874404
-0.2057000000000001,-1.2671569112891135
-0.2067,-1.2671569112891135
-0.2077000000000001,-1.3107300193249565
-0.2087,-1.3107300193249565
-0.2097000000000001,-1.3107300193249565
-0.2107,-1.2671569112891135
-0.2117000000000001,-1.2234423321232837
-0.2127,-1.2234423321232837
-0.2137000000000001,-1.2234423321232837
-0.2147,-1.2234423321232837
-0.2157000000000001,-1.2234423321232837
-0.2167,-1.2671569112891135
-0.21770000000000012,-1.3107300193249565
-0.2187,-1.3107300193249565
-0.21970000000000012,-1.3980177065266295
-0.2207,-1.3543031273607997
-0.22170000000000012,-1.3543031273607997
-0.2227,-1.3107300193249565
-0.22370000000000012,-1.2671569112891135
-0.2247,-1.2671569112891135
-0.22570000000000012,-1.2234423321232837
-0.2267,-1.2671569112891135
-0.22770000000000012,-1.2671569112891135
-0.22870000000000001,-1.3107300193249565
-0.22970000000000013,-1.3543031273607997
-0.23070000000000002,-1.3980177065266295
-0.23170000000000013,-1.4415908145624723
-0.23270000000000002,-1.3980177065266295
-0.23370000000000013,-1.3980177065266295
-0.23470000000000002,-1.3543031273607997
-0.23570000000000013,-1.3543031273607997
-0.23670000000000002,-1.3107300193249565
-0.2376999999999999,-1.2671569112891135
-0.23870000000000002,-1.3107300193249565
-0.2396999999999999,-1.3543031273607997
-0.24070000000000003,-1.3980177065266295
-0.24169999999999991,-1.3980177065266295
-0.24270000000000003,-1.4415908145624723
-0.24369999999999992,-1.4415908145624723
-0.24470000000000003,-1.4415908145624723
-0.24569999999999992,-1.4415908145624723
-0.24670000000000003,-1.3980177065266295
-0.24769999999999992,-1.3543031273607997
-0.24870000000000003,-1.3543031273607997
-0.24969999999999992,-1.3543031273607997
-0.25070000000000003,-1.3980177065266295
-0.2516999999999999,-1.4415908145624723
-0.25270000000000004,-1.4854468648582886
-0.2536999999999999,-1.5293029151541047
-0.25470000000000004,-1.5717442541500557
-0.2556999999999999,-1.5293029151541047
-0.25670000000000004,-1.5293029151541047
-0.25769999999999993,-1.5293029151541047
-0.25870000000000004,-1.4854468648582886
-0.25969999999999993,-1.4854468648582886
-0.26070000000000004,-1.4415908145624723
-0.26169999999999993,-1.4854468648582886
-0.26270000000000004,-1.4854468648582886
-0.26369999999999993,-1.5293029151541047
-0.26470000000000005,-1.6156003044458718
-0.26569999999999994,-1.6156003044458718
-0.26670000000000005,-1.6594563547416883
-0.26769999999999994,-1.6594563547416883
-0.26870000000000005,-1.6594563547416883
-0.26969999999999994,-1.6156003044458718
-0.27070000000000005,-1.5717442541500557
-0.27169999999999994,-1.5717442541500557
-0.27270000000000005,-1.5293029151541047
-0.27369999999999994,-1.6156003044458718
-0.27470000000000006,-1.6156003044458718
-0.27569999999999995,-1.7033124050375041
-0.27670000000000006,-1.7033124050375041
-0.27769999999999995,-1.7471684553333202
-0.27870000000000006,-1.7910245056291363
-0.27969999999999995,-1.7910245056291363
-0.28070000000000006,-1.7910245056291363
-0.28169999999999995,-1.7471684553333202
-0.28270000000000006,-1.7033124050375041
-0.28369999999999995,-1.7033124050375041
-0.28470000000000006,-1.7471684553333202
-0.28569999999999995,-1.7471684553333202
-0.28670000000000007,-1.7910245056291363
-0.28769999999999996,-1.8773218949209036
-0.28870000000000007,-1.8773218949209036
-0.28969999999999996,-1.92117794521672
-0.29070000000000007,-1.9650339955125358
-0.29169999999999996,-1.9650339955125358
-0.29270000000000007,-1.92117794521672
-0.29369999999999996,-1.92117794521672
-0.2947000000000001,-1.92117794521672
-0.29569999999999996,-1.8773218949209036
-0.2967000000000001,-1.92117794521672
-0.29769999999999996,-1.92117794521672
-0.2987000000000001,-2.008890045808352
-0.29969999999999997,-2.052746096104168
-0.3007000000000001,-2.095187435100119
-0.30169999999999997,-2.1828995356917518
-0.3027000000000001,-2.1390434853959355
-0.30369999999999997,-2.1828995356917518
-0.3047000000000001,-2.1390434853959355
-0.30569999999999997,-2.1390434853959355
-0.3067000000000001,-2.1390434853959355
-0.3077,-2.095187435100119
-0.3087000000000001,-2.1828995356917518
-0.3097,-2.1828995356917518
-0.3107000000000001,-2.2706116362833835
-0.3117,-2.3144676865791998
-0.3127000000000001,-2.4007650758709675
-0.3137,-2.4007650758709675
-0.3147000000000001,-2.4007650758709675
-0.3157,-2.4007650758709675
-0.3167000000000001,-2.4007650758709675
-0.3177,-2.4007650758709675
-0.3187000000000001,-2.4007650758709675
-0.3197,-2.4446211261667834
-0.3207000000000001,-2.4446211261667834
-0.3217,-2.532333226758415
-0.3227000000000001,-2.576189277054232
-0.3237,-2.662486666345999
-0.3247000000000001,-2.706342716641815
-0.3257,-2.706342716641815
-0.3267000000000001,-2.7501987669376318
-0.3277,-2.7501987669376318
-0.3287000000000001,-2.7501987669376318
-0.3297,-2.7501987669376318
-0.3307000000000001,-2.706342716641815
-0.3317,-2.7501987669376318
-0.3327000000000001,-2.794054817233447
-0.3337,-2.8803522065252145
-0.3347000000000001,-2.968064307116847
-0.3357,-3.0119203574126634
-0.3367000000000001,-3.0996324580042955
-0.3377,-3.0996324580042955
-0.3387000000000001,-3.0996324580042955
-0.3397,-3.0996324580042955
-0.3407000000000001,-3.0996324580042955
-0.3417,-3.0996324580042955
-0.3427000000000001,-3.1420737970002466
-0.3437,-3.1859298472960624
-0.3447000000000001,-3.2297858975918787
-0.3457,-3.317497998183511
-0.3467000000000001,-3.403795387475278
-0.3477,-3.4915074880669104
-0.3487000000000001,-3.4915074880669104
-0.3497,-3.5353635383627267
-0.3507000000000001,-3.5353635383627267
-0.3517,-3.5353635383627267
-0.3527000000000001,-3.579219588658543
-0.3537,-3.579219588658543
-0.3547000000000001,-3.623075638954359
-0.3557,-3.6655169779503103
-0.35670000000000013,-3.7532290785419424
-0.3577,-3.840941179133574
-0.35870000000000013,-3.927238568425342
-0.3597,-4.014950669016974
-0.36070000000000013,-4.0588067193127895
-0.3617,-4.102662769608606
-0.3626999999999999,-4.102662769608606
-0.3637,-4.102662769608606
-0.3646999999999999,-4.146518819904423
-0.3657,-4.102662769608606
-0.3666999999999999,-4.1889601589003735
-0.3677,-4.23281620919619
-0.3686999999999999,-4.364384360083638
-0.36970000000000003,-4.450681749375406
-0.3706999999999999,-4.538393849967037
-0.37170000000000003,-4.626105950558669
-0.3726999999999999,-4.668547289554621
-0.37370000000000003,-4.712403339850438
-0.3746999999999999,-4.712403339850438
-0.37570000000000003,-4.756259390146253
-0.3766999999999999,-4.800115440442069
-0.37770000000000004,-4.800115440442069
-0.3786999999999999,-4.887827541033701
-0.37970000000000004,-4.974124930325469
-0.3806999999999999,-5.0618370309171015
-0.38170000000000004,-5.149549131508733
-0.38269999999999993,-5.279702571096316
-0.38370000000000004,-5.323558621392133
-0.38469999999999993,-5.411270721983764
-0.38570000000000004,-5.453712060979717
-0.38669999999999993,-5.453712060979717
-0.38770000000000004,-5.497568111275533
-0.38869999999999993,-5.5414241615713475
-0.38970000000000005,-5.585280211867165
-0.39069999999999994,-5.672992312458796
-0.39170000000000005,-5.759289701750564
-0.39269999999999994,-5.890857852638012
-0.39370000000000005,-5.977155241929781
-0.39469999999999994,-6.108723392817228
-0.39570000000000005,-6.152579443113044
-0.39669999999999994,-6.238876832404812
-0.39770000000000005,-6.282732882700628
-0.39869999999999994,-6.282732882700628
-0.39970000000000006,-6.37044498329226
-0.40069999999999995,-6.37044498329226
-0.40170000000000006,-6.500598422879844
-0.40269999999999995,-6.54445447317566
-0.40370000000000006,-6.6760226240631075
-0.40469999999999995,-6.806176063650692
-0.40570000000000006,-6.893888164242324
-0.40669999999999995,-7.024041603829907
-0.40770000000000006,-7.111753704421539
-0.40869999999999995,-7.199465805013171
-0.40970000000000006,-7.243321855308987
-0.41069999999999995,-7.28576319430494
-0.41170000000000007,-7.329619244600755
-0.41269999999999996,-7.4173313451923875
-0.41370000000000007,-7.50504344578402
-0.41469999999999996,-7.591340835075788
-0.41570000000000007,-7.722908985963235
-0.41669999999999996,-7.853062425550818
-0.41770000000000007,-7.984630576438266
-0.41869999999999996,-8.070927965730034
-0.4197000000000001,-8.202496116617484
-0.42069999999999996,-8.246352166913299
-0.4217000000000001,-8.288793505909249
-0.42269999999999996,-8.376505606500881
-0.4237000000000001,-8.4203616567967
-0.42469999999999997,-8.55051509638428
-0.4257000000000001,-8.638227196975913
-0.42669999999999997,-8.769795347863363
-0.4277000000000001,-8.899948787450944
-0.42869999999999997,-9.031516938338395
-0.4297000000000001,-9.205526428221793
-0.43069999999999997,-9.293238528813426
-0.4317000000000001,-9.423391968401008
-0.4327,-9.467248018696827
-0.4337000000000001,-9.55496011928846
-0.4347,-9.641257508580225
-0.4357000000000001,-9.685113558876042
-0.4367,-9.81668170976349
-0.4377000000000001,-9.946835149351072
-0.4387,-10.120844639234473
-0.4397000000000001,-10.25241279012192
-0.4407,-10.42642228000532
-0.4417000000000001,-10.557990430892769
-0.4427,-10.688143870480351
-0.4437000000000001,-10.819712021367803
-0.4447,-10.863568071663616
-0.4457000000000001,-10.993721511251199
-0.4467,-11.081433611842833
-0.4477000000000001,-11.1677310011346
-0.4487,-11.299299152022046
-0.4497000000000001,-11.42945259160963
-0.4507,-11.604876792792895
-0.4517000000000001,-11.778886282676295
-0.4527,-11.952895772559694
-0.4537000000000001,-12.084463923447142
-0.4547,-12.258473413330542
-0.4557000000000001,-12.346185513922174
-0.4567,-12.476338953509758
-0.4577000000000001,-12.56405105410139
-0.4587,-12.651763154693022
-0.4597000000000001,-12.781916594280606
-0.4607,-12.913484745168056
-0.4617000000000001,-13.087494235051453
-0.4627,-13.261503724934855
-0.4637000000000001,-13.436927926118118
-0.4647,-13.610937416001518
-0.4657000000000001,-13.784946905884919
-0.4667,-13.916515056772363
-0.4677000000000001,-14.046668496359947
-0.4687,-14.175407224647667
-0.4697000000000001,-14.26028990263957
-0.4707,-14.401761032626075
-0.4717000000000001,-14.529085049613924
-0.4727,-14.65640906660178
-0.4737000000000001,-14.868615761581536
-0.4747,-15.05252823056399
-0.4757000000000001,-15.264734925543747
-0.4767,-15.491088733522153
-0.4777000000000001,-15.618412750510005
-0.4787,-15.78817810649381
-0.4797000000000001,-15.91550212348166
-0.4807,-16.056973253468165
-0.48170000000000013,-16.184297270456018
-0.4827,-16.269179948447924
-0.48370000000000013,-16.438945304431726
-0.4847,-16.622857773414182
-0.48570000000000013,-16.835064468393938
-0.4867,-17.061418276372343
-0.4876999999999999,-17.231183632356142
-0.4887,-17.4433903273359
-0.4896999999999999,-17.627302796318357
-0.4907,-17.797068152302163
-0.4916999999999999,-17.924392169290012
-0.4927,-18.10830463827247
-0.4936999999999999,-18.23562865526032
-0.49470000000000003,-18.40539401124413
-0.4956999999999999,-18.589306480226583
-0.49670000000000003,-18.759071836210385
-0.4976999999999999,-19.01371987018609
-0.49870000000000003,-19.2400736781645
-0.4996999999999999,-19.49472171214021
-0.5007,-19.678634181122664
-0.5016999999999999,-19.890840876102416
-0.5027,-20.06060623208622
-0.5036999999999999,-20.244518701068674
-0.5047,-20.371842718056527
-0.5056999999999999,-20.541608074040333
-0.5067,-20.76796188201874
-0.5076999999999999,-20.93772723800254
-0.5087,-21.2065223849769
-0.5096999999999999,-21.418729079956652
-0.5107,-21.67337711393236
-0.5116999999999999,-21.98461359990267
-0.5127,-22.15437895588647
-0.5136999999999999,-22.42317410286083
-0.5147,-22.592939458844636
-0.5156999999999999,-22.776851927827092
-0.5167,-22.946617283810895
-0.5176999999999999,-23.15882397879065
-0.5187,-23.385177786769056
-0.5196999999999999,-23.597384481748815
-0.5207,-23.86617962872317
-0.5216999999999999,-24.16326900169483
-0.5227,-24.432064148669184
-0.5236999999999999,-24.686712182644893
-0.5247,-24.9130659906233
-0.5257,-25.12527268560305
-0.5267000000000001,-25.295038041586857
-0.5277,-25.521391849565262
-0.5287000000000001,-25.691157205549064
-0.5297,-25.91751101352747
-0.5307000000000001,-26.129717708507226
-0.5317,-26.38436574248293
-0.5327000000000001,-26.65316088945729
-0.5337,-26.9643973754276
-0.5347000000000001,-27.261486748399253
-0.5357,-27.530281895373616
-0.5367000000000001,-27.827371268345274
-0.5377,-28.011283737327723
-0.5387000000000001,-28.22349043230748
-0.5397,-28.435697127287238
-0.5407000000000001,-28.662050935265643
-0.5417,-28.91669896924135
-0.5427000000000001,-29.18549411621571
-0.5437,-29.482583489187363
-0.5447000000000001,-29.793819975157668
-0.5457,-30.147497800123933
-0.5467000000000001,-30.487028512091538
-0.5477,-30.8407063370578
-0.5487000000000001,-31.137795710029454
-0.5497,-31.40659085700382
-0.5507000000000001,-31.717827342974125
-0.5517,-31.930034037953877
-0.5527000000000001,-32.24127052392419
-0.5537,-32.49591855789989
-0.5547000000000001,-32.807155043870196
-0.5557,-33.14668575583781
-0.5567000000000001,-33.54280491980002
-0.5577,-33.89648274476628
-0.5587000000000001,-34.278454795729836
-0.5597,-34.632132620696105
-0.5607000000000001,-34.94336910666641
-0.5617,-35.240458479638065
-0.5627000000000001,-35.55169496560837
-0.5637,-35.806342999584075
-0.5647000000000001,-36.16002082455034
-0.5657,-36.47125731052064
-0.5667000000000001,-36.8532293614842
-0.5677,-37.291789864442364
-0.5687000000000001,-37.687909028404576
-0.5697,-38.12646953136274
-0.5707000000000001,-38.522588695324956
-0.5717,-38.90456074628851
-0.5727000000000001,-39.258238571254765
-0.5737,-39.56947505722508
-0.5747000000000001,-39.90900576919269
-0.5757,-40.220242255162994
-0.5767000000000001,-40.616361419125205
-0.5777,-40.95589213109281
-0.5787000000000001,-41.39445263405098
-0.5797,-41.87545447600508
-0.5807000000000001,-42.31401497896325
-0.5817,-42.79501682091736
-0.5827000000000001,-43.17698887188092
-0.5837,-43.657990713835034
-0.5847000000000001,-44.054109877797245
-0.5857,-44.45022904175945
-0.5867000000000001,-44.84634820572166
-0.5877,-45.18587891768927
-0.5887000000000001,-45.581998081651484
-0.5897,-46.02055858460964
-0.5907000000000001,-46.501560426563756
-0.5917,-46.982562268517874
-0.5927000000000001,-47.506005449467935
-0.5937,-47.987007291422046
-0.5947000000000001,-48.45386202037751
-0.5957,-48.93486386233162
-0.5967000000000001,-49.373424365289786
-0.5977,-49.81198486824794
-0.5987000000000001,-50.1656626932142
-0.5997,-50.64666453516831
-0.6007000000000001,-51.127666377122424
-0.6017,-51.65110955807249
-0.6027000000000001,-52.17455273902255
-0.6037,-52.74043725896857
-0.6047000000000001,-53.30632177891458
-0.6057,-53.82976495986464
-0.6067000000000001,-54.39564947981066
-0.6077,-54.876651321764776
-0.6087000000000001,-55.31521182472294
-0.6097,-55.73962521468245
-0.6107000000000001,-56.1781857176406
-0.6117,-56.70162889859067
-0.6126999999999999,-57.22507207954074
-0.6137,-57.8333979384827
-0.6146999999999999,-58.39928245842871
-0.6157,-59.06419676936528
-0.6166999999999999,-59.7149639673032
-0.6177,-60.36573116524111
-0.6186999999999999,-60.974057024183075
-0.6197,-61.53994154412909
-0.6206999999999999,-62.06338472507916
-0.6217,-62.58682790602922
-0.6226999999999999,-63.15271242597524
-0.6237,-63.732744058919906
-0.6246999999999999,-64.38351125685783
-0.6257,-65.0767197937917
-0.6266999999999999,-65.7274869917296
-0.6277,-66.43484264166212
-0.6286999999999999,-67.08560983960004
-0.6297,-67.7788183765339
-0.6306999999999999,-68.38714423547587
-0.6317,-69.0096172074165
-0.6326999999999999,-69.57550172736251
-0.6337,-70.14138624730852
-0.6346999999999999,-70.74971210625048
-0.6357,-71.35803796519245
-0.6366999999999999,-72.00880516313036
-0.6377,-72.71616081306288
-0.6386999999999999,-73.45181068899271
-0.6397,-74.14501922592657
-0.6406999999999999,-74.8523748758591
-0.6417,-75.54558341279296
-0.6426999999999999,-76.15390927173492
-0.6437,-76.81882358267148
-0.6446999999999999,-77.38470810261751
-0.6457,-77.99303396155948
-0.6466999999999999,-78.64380115949739
-0.6477,-79.2945683574353
-0.6486999999999999,-80.04436534636378
-0.6497,-80.7800152222936
-0.6507,-81.61469488921396
-0.6517000000000001,-82.43522744313569
-0.6527,-83.22746577106011
-0.6537000000000001,-84.00555698598588
-0.6547,-84.75535397491434
-0.6557000000000001,-85.49100385084417
-0.6567,-86.22665372677399
-0.6577000000000001,-86.97645071570246
-0.6587,-87.71210059163228
-0.6597000000000001,-88.54678025855264
-0.6607,-89.42390126446898
-0.6617000000000001,-90.28687515738663
-0.6627,-91.20643750229891
-0.6637000000000001,-92.12599984721119
-0.6647,-92.98897374012887
-0.6657000000000001,-93.82365340704924
-0.6667,-94.601744621975
-0.6677000000000001,-95.43642428889537
-0.6687,-96.17207416482519
-0.6697000000000001,-97.00675383174556
-0.6707,-97.84143349866595
-0.6717000000000001,-98.7044073915836
-0.6727,-99.66641107549184
-0.6737000000000001,-100.58597342040412
-0.6747,-101.54797710431234
-0.6757000000000001,-102.4958336752219
-0.6767,-103.45783735913014
-0.6777000000000001,-104.33495836504645
-0.6787,-105.21207937096277
-0.6797000000000001,-106.0326119248845
-0.6807,-106.82485025280893
-0.6817000000000001,-107.68782414572658
-0.6827,-108.56494515164292
-0.6837000000000001,-109.4845074965552
-0.6847,-110.4465111804634
-0.6857000000000001,-111.394367751373
-0.6867,-111.74804557633925
-0.6857000000000001,-111.09727837840134
-0.6847,-110.53139385845533
-0.6837000000000001,-109.8806266605174
-0.6827,-109.21571234958083
-0.6817000000000001,-108.52250381264696
-0.6807,-107.87173661470905
-0.6797000000000001,-107.16438096477653
-0.6787,-106.51361376683862
-0.6777000000000001,-105.90528790789664
-0.6767,-105.25452070995874
-0.6757000000000001,-104.58960639902216
-0.6747,-103.89639786208829
-0.6737000000000001,-103.16074798615847
-0.6727,-102.41095099723
-0.6717000000000001,-101.59041844330828
-0.6707,-100.75573877638791
-0.6697000000000001,-99.97764756146215
-0.6687,-99.22785057253368
-0.6677000000000001,-98.5346420355998
-0.6667,-97.92631617665783
-0.6657000000000001,-97.36043165671182
-0.6647,-96.79454713676581
-0.6637000000000001,-96.21451550382113
-0.6627,-95.60618964487918
-0.6617000000000001,-94.99786378593721
-0.6607,-94.30465524900335
-0.6597000000000001,-93.55485826007487
-0.6587,-92.86164972314101
-0.6577000000000001,-92.12599984721119
-0.6567,-91.46108553627462
-0.6557000000000001,-90.76787699934074
-0.6547,-90.15955114039879
-0.6537000000000001,-89.50878394246087
-0.6527,-88.9004580835189
-0.6517000000000001,-88.32042645057423
-0.6507,-87.71210059163228
-0.6497,-87.10377473269031
-0.6486999999999999,-86.45300753475239
-0.6477,-85.80224033681448
-0.6466999999999999,-85.09488468688197
-0.6457,-84.40167614994809
-0.6446999999999999,-83.75090895201016
-0.6437,-83.18502443206415
-0.6426999999999999,-82.61913991211814
-0.6417,-82.09569673116808
-0.6406999999999999,-81.57225355021802
-0.6397,-81.04881036926795
-0.6386999999999999,-80.46877873632329
-0.6377,-79.86045287738132
-0.6366999999999999,-79.16724434044745
-0.6357,-78.47403580351359
-0.6346999999999999,-77.7242388145851
-0.6337,-77.03103027765125
-0.6326999999999999,-76.33782174071737
-0.6317,-75.71534876877676
-0.6306999999999999,-75.1070229098348
-0.6297,-74.54113838988879
-0.6286999999999999,-73.97525386994278
-0.6277,-73.3669280110008
-0.6266999999999999,-72.75860215205884
-0.6257,-72.10783495412092
-0.6246999999999999,-71.4004793041884
-0.6237,-70.74971210625048
-0.6226999999999999,-70.05650356931662
-0.6217,-69.39158925838004
-0.6206999999999999,-68.74082206044213
-0.6197,-68.17493754049613
-0.6186999999999999,-67.56661168155415
-0.6177,-67.00072716160814
-0.6166999999999999,-66.47728398065809
-0.6157,-65.91139946071206
-0.6146999999999999,-65.2464851497755
-0.6137,-64.63815929083353
-0.6126999999999999,-63.98739209289561
-0.6117,-63.29418355596174
-0.6107000000000001,-62.64341635802381
-0.6097,-61.97850204708726
-0.6087000000000001,-61.412617527141244
-0.6077,-60.889174346191176
-0.6067000000000001,-60.36573116524111
-0.6057,-59.884729323287
-0.6047000000000001,-59.36128614233694
-0.6037,-58.83784296138688
-0.6027000000000001,-58.27195844144086
-0.6017,-57.62119124350295
-0.6007000000000001,-57.012865384560975
-0.5997,-56.404539525619015
-0.5987000000000001,-55.7820665536784
-0.5977,-55.21618203373238
-0.5967000000000001,-54.69273885278232
-0.5957,-54.2117370108282
-0.5947000000000001,-53.7873236208687
-0.5937,-53.30632177891458
-0.5927000000000001,-52.78287859796452
-0.5917,-52.30187675601041
-0.5907000000000001,-51.73599223606439
-0.5897,-51.17010771611838
-0.5887000000000001,-50.64666453516831
-0.5877,-50.024191563227696
-0.5867000000000001,-49.458307043281685
-0.5857,-48.93486386233162
-0.5847000000000001,-48.45386202037751
-0.5837,-47.987007291422046
-0.5827000000000001,-47.506005449467935
-0.5817,-47.067444946509774
-0.5807000000000001,-46.586443104555656
-0.5797,-46.02055858460964
-0.5787000000000001,-45.497115403659585
-0.5777,-44.93123088371356
-0.5767000000000001,-44.4077877027635
-0.5757,-43.88434452181344
-0.5747000000000001,-43.36090134086337
-0.5737,-42.87989949890926
-0.5727000000000001,-42.4413389959511
-0.5717,-41.96033715399699
-0.5707000000000001,-41.56421799003478
-0.5697,-41.139804600075266
-0.5687000000000001,-40.701244097117105
-0.5677,-40.220242255162994
-0.5667000000000001,-39.696799074212926
-0.5657,-39.173355893262865
-0.5647000000000001,-38.6499127123128
-0.5637,-38.211352209354644
-0.5627000000000001,-37.73035036740053
-0.5617,-37.291789864442364
-0.5607000000000001,-36.89567070048016
-0.5597,-36.5136986495166
-0.5587000000000001,-36.16002082455034
-0.5577,-35.721460321592176
-0.5567000000000001,-35.32534115762997
-0.5557,-34.85848642867451
-0.5547000000000001,-34.41992592571634
-0.5537,-33.93892408376223
-0.5527000000000001,-33.45792224180811
-0.5517,-33.06180307784591
-0.5507000000000001,-32.62324257488775
-0.5497,-32.283711862920136
-0.5487000000000001,-31.887592698957924
-0.5477,-31.57635621298762
-0.5467000000000001,-31.23682550102001
-0.5457,-30.88314767605375
-0.5447000000000001,-30.487028512091538
-0.5437,-30.10505646112798
-0.5427000000000001,-29.66649595816982
-0.5417,-29.22793545521166
-0.5407000000000001,-28.8742576302454
-0.5397,-28.478138466283188
-0.5387000000000001,-28.13860775431558
-0.5377,-27.827371268345274
-0.5367000000000001,-27.530281895373616
-0.5357,-27.261486748399253
-0.5347000000000001,-26.907808923433
-0.5337,-26.61071955046134
-0.5327000000000001,-26.21460038649913
-0.5317,-25.86092256153287
-0.5307000000000001,-25.478950510569312
-0.5297,-25.0828313466071
-0.5287000000000001,-24.771594860636792
-0.5277,-24.432064148669184
-0.5267000000000001,-24.16326900169483
-0.5257,-23.908620967719123
-0.5247,-23.639825820744765
-0.5236999999999999,-23.385177786769056
-0.5227,-23.073941300798747
-0.5216999999999999,-22.776851927827092
-0.5207,-22.42317410286083
-0.5196999999999999,-22.111937616890522
-0.5187,-21.772406904922917
-0.5176999999999999,-21.418729079956652
-0.5167,-21.149933932982297
-0.5156999999999999,-20.89528589900659
-0.5147,-20.626490752032236
-0.5136999999999999,-20.414284057052477
-0.5127,-20.159636023076775
-0.5116999999999999,-19.93328221509837
-0.5107,-19.678634181122664
-0.5096999999999999,-19.367397695152352
-0.5087,-19.056161209182044
-0.5076999999999999,-18.759071836210385
-0.5067,-18.44783535024008
-0.5056999999999999,-18.19318731626437
-0.5047,-17.924392169290012
-0.5036999999999999,-17.71218547431026
-0.5027,-17.4433903273359
-0.5016999999999999,-17.2736249713521
-0.5007,-17.103859615368293
-0.4996999999999999,-16.835064468393938
-0.49870000000000003,-16.622857773414182
-0.4976999999999999,-16.354062626439823
-0.49670000000000003,-16.056973253468165
-0.4956999999999999,-15.830619445489761
-0.49470000000000003,-15.533530072518102
-0.4936999999999999,-15.264734925543747
-0.4927,-15.05252823056399
-0.4916999999999999,-14.826174422585586
-0.4907,-14.65640906660178
-0.4896999999999999,-14.529085049613924
-0.4887,-14.345172580631472
-0.4876999999999999,-14.13438059695158
-0.4867,-13.916515056772363
-0.48570000000000013,-13.654793466297335
-0.4847,-13.436927926118118
-0.48370000000000013,-13.217647674639037
-0.4827,-12.955926084164007
-0.48170000000000013,-12.73806054398479
-0.4807,-12.56405105410139
-0.4797000000000001,-12.432482903213943
-0.4787,-12.258473413330542
-0.4777000000000001,-12.12831997374296
-0.4767,-11.952895772559694
-0.4757000000000001,-11.73503023238048
-0.4747,-11.517164692201263
-0.4737000000000001,-11.343155202317865
-0.4727,-11.123874950838783
-0.4717000000000001,-10.863568071663616
-0.4707,-10.688143870480351
-0.4697000000000001,-10.514134380596953
-0.4687,-10.382566229709504
-0.4677000000000001,-10.25241279012192
-0.4667,-10.120844639234473
-0.4657000000000001,-9.99069119964689
-0.4647,-9.81668170976349
-0.4637000000000001,-9.685113558876042
-0.4627,-9.511104068992642
-0.4617000000000001,-9.24938247851761
-0.4607,-9.11781432763016
-0.4597000000000001,-8.899948787450944
-0.4587,-8.769795347863363
-0.4577000000000001,-8.594371146680096
-0.4567,-8.508073757388331
-0.4557000000000001,-8.376505606500881
-0.4547,-8.288793505909249
-0.4537000000000001,-8.202496116617484
-0.4527,-8.027071915434218
-0.4517000000000001,-7.896918475846635
-0.4507,-7.722908985963235
-0.4497000000000001,-7.5474847847799715
-0.4487,-7.37347529489657
-0.4477000000000001,-7.199465805013171
-0.4467,-7.111753704421539
-0.4457000000000001,-6.981600264833956
-0.4447,-6.893888164242324
-0.4437000000000001,-6.762320013354876
-0.4427,-6.6760226240631075
-0.4417000000000001,-6.588310523471475
-0.4407,-6.458157083883892
-0.4397000000000001,-6.326588932996443
-0.4387,-6.152579443113044
-0.4377000000000001,-6.021011292225596
-0.4367,-5.847001802342197
-0.4357000000000001,-5.759289701750564
-0.4347,-5.629136262162981
-0.4337000000000001,-5.5414241615713475
-0.4327,-5.497568111275533
-0.4317000000000001,-5.411270721983764
-0.43069999999999997,-5.323558621392133
-0.4297000000000001,-5.235846520800501
-0.42869999999999997,-5.105693081212917
-0.4277000000000001,-4.974124930325469
-0.42669999999999997,-4.800115440442069
-0.4257000000000001,-4.712403339850438
-0.42469999999999997,-4.538393849967037
-0.4237000000000001,-4.450681749375406
-0.42269999999999996,-4.3205283097878215
-0.4217000000000001,-4.3205283097878215
-0.42069999999999996,-4.23281620919619
-0.4197000000000001,-4.1889601589003735
-0.41869999999999996,-4.146518819904423
-0.41770000000000007,-4.014950669016974
-0.41669999999999996,-3.927238568425342
-0.41570000000000007,-3.7970851288377587
-0.41469999999999996,-3.6655169779503103
-0.41370000000000007,-3.5353635383627267
-0.41269999999999996,-3.447651437771094
-0.41170000000000007,-3.361354048479327
-0.41069999999999995,-3.273641947887695
-0.40970000000000006,-3.273641947887695
-0.40869999999999995,-3.1859298472960624
-0.40770000000000006,-3.1420737970002466
-0.40669999999999995,-3.0996324580042955
-0.40570000000000006,-3.0119203574126634
-0.40469999999999995,-2.8803522065252145
-0.40370000000000006,-2.7501987669376318
-0.40269999999999995,-2.662486666345999
-0.40170000000000006,-2.576189277054232
-0.40069999999999995,-2.4884771764625997
-0.39970000000000006,-2.4007650758709675
-0.39869999999999994,-2.4007650758709675
-0.39770000000000005,-2.3569090255751513
-0.39669999999999994,-2.3144676865791998
-0.39570000000000005,-2.2706116362833835
-0.39469999999999994,-2.1828995356917518
-0.39370000000000005,-2.1390434853959355
-0.39269999999999994,-2.052746096104168
-0.39170000000000005,-1.92117794521672
-0.39069999999999994,-1.8334658446250875
-0.38970000000000005,-1.7471684553333202
-0.38869999999999993,-1.6594563547416883
-0.38770000000000004,-1.6156003044458718
-0.38669999999999993,-1.6156003044458718
-0.38570000000000004,-1.5717442541500557
-0.38469999999999993,-1.5717442541500557
-0.38370000000000004,-1.5293029151541047
-0.38269999999999993,-1.4415908145624723
-0.38170000000000004,-1.3980177065266295
-0.3806999999999999,-1.3107300193249565
-0.37970000000000004,-1.2234423321232837
-0.3786999999999999,-1.1362961160515976
-0.37770000000000004,-1.0490084288499246
-0.3766999999999999,-1.0054353208140816
-0.37570000000000003,-1.0054353208140816
-0.3746999999999999,-1.0054353208140816
-0.37370000000000003,-0.9617207416482519
-0.3726999999999999,-0.9617207416482519
-0.37170000000000003,-0.8745745255765657
-0.3706999999999999,-0.8308599464107361
-0.36970000000000003,-0.7437137303390498
-0.3686999999999999,-0.7001406223032067
-0.3677,-0.6128529351015338
-0.3666999999999999,-0.5255652478998613
-0.3657,-0.48199213986401795
-0.3646999999999999,-0.48199213986401795
-0.3637,-0.4384190318281749
-0.3626999999999999,-0.4384190318281749
-0.3617,-0.4384190318281749
-0.36070000000000013,-0.4384190318281749
-0.3597,-0.3511313446265021
-0.35870000000000013,-0.30755823659065895
-0.3577,-0.26384365742482935
-0.35670000000000013,-0.1766974413531431
-0.3557,-0.1330535977523067
-0.3547000000000001,-0.002205534916489592
-0.3537,-0.002205534916489592
-0.3527000000000001,0.04140859974704963
-0.3517,-0.002205534916489592
-0.3507000000000001,-0.002205534916489592
-0.3497,-0.002205534916489592
-0.3487000000000001,-0.002205534916489592
-0.3477,0.08502414912188871
-0.3467000000000001,0.12863969849672777
-0.3457,0.21588494435940458
-0.3447000000000001,0.2594580523952477
-0.3437,0.3031726315610774
-0.3427000000000001,0.3467457395969205
-0.3417,0.3903188476327636
-0.3407000000000001,0.3903188476327636
-0.3397,0.3467457395969205
-0.3387000000000001,0.3467457395969205
-0.3377,0.3467457395969205
-0.3367000000000001,0.3903188476327636
-0.3357,0.43403342679859325
-0.3347000000000001,0.4776065348344364
-0.3337,0.5647527509061226
-0.3327000000000001,0.6084673300719523
-0.3317,0.6520404381077953
-0.3307000000000001,0.6520404381077953
-0.3297,0.6956135461436386
-0.3287000000000001,0.6956135461436386
-0.3277,0.6520404381077953
-0.3267000000000001,0.6520404381077953
-0.3257,0.6520404381077953
-0.3247000000000001,0.6956135461436386
-0.3237,0.6956135461436386
-0.3227000000000001,0.7829012333453113
-0.3217,0.8264743413811545
-0.3207000000000001,0.870188920546984
-0.3197,0.9573351366186703
-0.3187000000000001,0.9137620285828272
-0.3177,0.9573351366186703
-0.3167000000000001,0.9137620285828272
-0.3157,0.9137620285828272
-0.3147000000000001,0.870188920546984
-0.3137,0.870188920546984
-0.3127000000000001,0.9137620285828272
-0.3117,0.9573351366186703
-0.3107000000000001,1.0446228238203432
-0.3097,1.0446228238203432
-0.3087000000000001,1.0881959318561862
-0.3077,1.1317690398920295
-0.3067000000000001,1.1317690398920295
-0.30569999999999997,1.1317690398920295
-0.3047000000000001,1.0881959318561862
-0.30369999999999997,1.0881959318561862
-0.3027000000000001,1.0881959318561862
-0.30169999999999997,1.0881959318561862
-0.3007000000000001,1.0881959318561862
-0.29969999999999997,1.175483619057859
-0.2987000000000001,1.219056727093702
-0.29769999999999996,1.219056727093702
-0.2967000000000001,1.3063444142953748
-0.29569999999999996,1.2626298351295453
-0.2947000000000001,1.3063444142953748
-0.29369999999999996,1.2626298351295453
-0.29270000000000007,1.219056727093702
-0.29169999999999996,1.219056727093702
-0.29070000000000007,1.175483619057859
-0.28969999999999996,1.219056727093702
-0.28870000000000007,1.219056727093702
-0.28769999999999996,1.3063444142953748
-0.28670000000000007,1.349917522331218
-0.28569999999999995,1.349917522331218
-0.28470000000000006,1.4373466806628774
-0.28369999999999995,1.3934906303670611
-0.28270000000000006,1.3934906303670611
-0.28169999999999995,1.349917522331218
-0.28070000000000006,1.349917522331218
-0.27969999999999995,1.3063444142953748
-0.27870000000000006,1.3063444142953748
-0.27769999999999995,1.349917522331218
-0.27670000000000006,1.349917522331218
-0.27569999999999995,1.4373466806628774
-0.27470000000000006,1.4373466806628774
-0.27369999999999994,1.4812027309586933
-0.27270000000000005,1.4812027309586933
-0.27169999999999994,1.4812027309586933
-0.27070000000000005,1.4373466806628774
-0.26969999999999994,1.4373466806628774
-0.26870000000000005,1.3934906303670611
-0.26769999999999994,1.3934906303670611
-0.26670000000000005,1.3934906303670611
-0.26569999999999994,1.3934906303670611
-0.26470000000000005,1.4373466806628774
-0.26369999999999993,1.4812027309586933
-0.26270000000000004,1.5250587812545096
-0.26169999999999993,1.5675001202504606
-0.26070000000000004,1.5250587812545096
-0.25969999999999993,1.5675001202504606
-0.25870000000000004,1.5250587812545096
-0.25769999999999993,1.4812027309586933
-0.25670000000000004,1.4373466806628774
-0.2556999999999999,1.4373466806628774
-0.25470000000000004,1.4373466806628774
-0.2536999999999999,1.4373466806628774
-0.25270000000000004,1.4812027309586933
-0.2516999999999999,1.5250587812545096
-0.25070000000000003,1.5675001202504606
-0.24969999999999992,1.6113561705462767
-0.24870000000000003,1.5675001202504606
-0.24769999999999992,1.5675001202504606
-0.24670000000000003,1.5250587812545096
-0.24569999999999992,1.5250587812545096
-0.24470000000000003,1.4812027309586933
-0.24369999999999992,1.4812027309586933
-0.24270000000000003,1.4812027309586933
-0.24169999999999991,1.5250587812545096
-0.24070000000000003,1.5675001202504606
-0.2396999999999999,1.6113561705462767
-0.23870000000000002,1.6113561705462767
-0.2376999999999999,1.6113561705462767
-0.23670000000000002,1.6113561705462767
-0.23570000000000013,1.5675001202504606
-0.23470000000000002,1.5250587812545096
-0.23370000000000013,1.5250587812545096
-0.23270000000000002,1.4812027309586933
-0.23170000000000013,1.4812027309586933
-0.23070000000000002,1.5250587812545096
-0.22970000000000013,1.5675001202504606
-0.22870000000000001,1.6113561705462767
-0.22770000000000012,1.6113561705462767
-0.2267,1.655212220842093
-0.22570000000000012,1.655212220842093
-0.2247,1.655212220842093
-0.22370000000000012,1.6113561705462767
-0.2227,1.5675001202504606
-0.22170000000000012,1.5250587812545096
-0.2207,1.4812027309586933
-0.21970000000000012,1.5250587812545096
-0.2187,1.5250587812545096
-0.21770000000000012,1.5675001202504606
-0.2167,1.6113561705462767
-0.2157000000000001,1.655212220842093
-0.2147,1.6990682711379093
-0.2137000000000001,1.655212220842093
-0.2127,1.655212220842093
-0.2117000000000001,1.5675001202504606
-0.2107,1.5675001202504606
-0.2097000000000001,1.5250587812545096
-0.2087,1.5250587812545096
-0.2077000000000001,1.5675001202504606
-0.2067,1.5675001202504606
-0.2057000000000001,1.6113561705462767
-0.2047,1.655212220842093
-0.2037000000000001,1.655212220842093
-0.2027,1.655212220842093
-0.2017000000000001,1.655212220842093
-0.2007,1.6113561705462767
-0.1997000000000001,1.5675001202504606
-0.1987,1.5675001202504606
-0.1977000000000001,1.5250587812545096
-0.19669999999999999,1.5250587812545096
-0.1957000000000001,1.5250587812545096
-0.19469999999999998,1.6113561705462767
-0.1937000000000001,1.655212220842093
-0.19269999999999998,1.655212220842093
-0.1917000000000001,1.6990682711379093
-0.1907000000000001,1.655212220842093
-0.1897000000000002,1.655212220842093
-0.1887000000000001,1.6113561705462767
-0.1877000000000002,1.5675001202504606
-0.1867000000000001,1.5675001202504606
-0.1857000000000002,1.5250587812545096
-0.1847000000000001,1.5675001202504606
-0.1837000000000002,1.5675001202504606
-0.18270000000000008,1.6113561705462767
-0.1817000000000002,1.655212220842093
-0.18070000000000008,1.655212220842093
-0.1797000000000002,1.6990682711379093
-0.17870000000000008,1.655212220842093
-0.1777000000000002,1.655212220842093
-0.17670000000000008,1.6113561705462767
-0.1757000000000002,1.5675001202504606
-0.17470000000000008,1.5675001202504606
-0.1737000000000002,1.5250587812545096
-0.17270000000000008,1.5675001202504606
-0.17170000000000019,1.6113561705462767
-0.17070000000000007,1.655212220842093
-0.16970000000000018,1.655212220842093
-0.16870000000000007,1.6990682711379093
-0.16770000000000018,1.6990682711379093
-0.16670000000000007,1.655212220842093
-0.16570000000000018,1.6113561705462767
-0.16470000000000007,1.6113561705462767
-0.16370000000000018,1.5675001202504606
-0.16270000000000007,1.5250587812545096
-0.16170000000000018,1.5675001202504606
-0.16070000000000007,1.5675001202504606
-0.15970000000000018,1.6113561705462767
-0.15870000000000006,1.655212220842093
-0.15770000000000017,1.6990682711379093
-0.15670000000000006,1.6990682711379093
-0.15570000000000017,1.6990682711379093
-0.15470000000000006,1.655212220842093
-0.15370000000000017,1.6113561705462767
-0.15270000000000006,1.6113561705462767
-0.15170000000000017,1.5675001202504606
-0.15070000000000006,1.5250587812545096
-0.14970000000000017,1.5675001202504606
-0.14870000000000005,1.5675001202504606
-0.14770000000000016,1.6113561705462767
-0.14670000000000005,1.655212220842093
-0.14570000000000016,1.655212220842093
-0.14470000000000005,1.7429243214337253
-0.14370000000000016,1.655212220842093
-0.14270000000000005,1.655212220842093
-0.14170000000000016,1.6113561705462767
-0.14070000000000005,1.6113561705462767
-0.13970000000000016,1.5675001202504606
-0.13870000000000005,1.5675001202504606
-0.13770000000000016,1.6113561705462767
-0.13670000000000004,1.6113561705462767
-0.13570000000000015,1.655212220842093
-0.13470000000000004,1.6990682711379093
-0.13370000000000015,1.6990682711379093
-0.13270000000000004,1.6990682711379093
-0.13170000000000015,1.6990682711379093
-0.13070000000000004,1.655212220842093
-0.12970000000000015,1.6113561705462767
-0.12870000000000004,1.6113561705462767
-0.12770000000000015,1.5675001202504606
-0.12670000000000003,1.6113561705462767
-0.12570000000000014,1.5675001202504606
-0.12470000000000003,1.6113561705462767
-0.12370000000000014,1.6990682711379093
-0.12270000000000003,1.6990682711379093
-0.12170000000000014,1.7429243214337253
-0.12070000000000003,1.6990682711379093
-0.11970000000000014,1.6990682711379093
-0.11870000000000003,1.655212220842093
-0.11770000000000014,1.6113561705462767
-0.11670000000000003,1.6113561705462767
-0.11570000000000014,1.5675001202504606
-0.11470000000000002,1.6113561705462767
-0.11370000000000013,1.6113561705462767
-0.11270000000000002,1.655212220842093
-0.11170000000000013,1.6990682711379093
-0.11070000000000024,1.7429243214337253
-0.10970000000000013,1.7429243214337253
-0.10870000000000024,1.7429243214337253
-0.10770000000000013,1.7429243214337253
-0.10670000000000024,1.655212220842093
-0.10570000000000013,1.655212220842093
-0.10470000000000024,1.6113561705462767
-0.10370000000000013,1.6113561705462767
-0.10270000000000024,1.655212220842093
-0.10170000000000012,1.655212220842093
-0.10070000000000023,1.6990682711379093
-0.09970000000000012,1.7429243214337253
-0.09870000000000023,1.7429243214337253
-0.09770000000000012,1.7867803717295414
-0.09670000000000023,1.7867803717295414
-0.09570000000000012,1.7429243214337253
-0.09470000000000023,1.6990682711379093
-0.09370000000000012,1.655212220842093
-0.09270000000000023,1.6113561705462767
-0.09170000000000011,1.655212220842093
-0.09070000000000022,1.655212220842093
-0.08970000000000011,1.6990682711379093
-0.08870000000000022,1.7429243214337253
-0.08770000000000011,1.7867803717295414
-0.08670000000000022,1.8292217107254924
-0.08570000000000011,1.7867803717295414
-0.08470000000000022,1.7867803717295414
-0.08370000000000011,1.7429243214337253
-0.08270000000000022,1.7429243214337253
-0.0817000000000001,1.6990682711379093
-0.08070000000000022,1.655212220842093
-0.0797000000000001,1.6990682711379093
-0.07870000000000021,1.6990682711379093
-0.0777000000000001,1.7867803717295414
-0.07670000000000021,1.7867803717295414
-0.0757000000000001,1.8292217107254924
-0.07470000000000021,1.8730777610213083
-0.0737000000000001,1.8292217107254924
-0.07270000000000021,1.8292217107254924
-0.0717000000000001,1.7867803717295414
-0.07070000000000021,1.7867803717295414
-0.0697000000000001,1.7429243214337253
-0.0687000000000002,1.7429243214337253
-0.0677000000000001,1.7429243214337253
-0.0667000000000002,1.7867803717295414
-0.06570000000000009,1.8292217107254924
-0.0647000000000002,1.8730777610213083
-0.06370000000000009,1.8730777610213083
-0.0627000000000002,1.8730777610213083
-0.06170000000000009,1.8730777610213083
-0.0607000000000002,1.8730777610213083
-0.059700000000000086,1.8292217107254924
-0.058700000000000196,1.7867803717295414
-0.057700000000000085,1.7429243214337253
-0.056700000000000195,1.7867803717295414
-0.05570000000000008,1.8292217107254924
-0.05470000000000019,1.8730777610213083
-0.05370000000000008,1.9169338113171246
-0.05270000000000019,1.9169338113171246
-0.05170000000000008,1.9607898616129409
-0.05070000000000019,1.9607898616129409
-0.04970000000000008,1.9607898616129409
-0.04870000000000019,1.9169338113171246
-0.047700000000000076,1.8730777610213083
-0.046700000000000186,1.8730777610213083
-0.045700000000000074,1.8292217107254924
-0.044700000000000184,1.8730777610213083
-0.04370000000000007,1.8730777610213083
-0.04270000000000018,1.9607898616129409
-0.04170000000000007,2.004645911908757
-0.04070000000000018,2.004645911908757
-0.03970000000000007,2.048501962204573
-0.03870000000000018,2.004645911908757
-0.03770000000000007,2.004645911908757
-0.03670000000000018,2.004645911908757
-0.035700000000000065,1.9607898616129409
-0.034700000000000175,1.9169338113171246
-0.03370000000000006,1.9169338113171246
-0.03270000000000017,1.9607898616129409
-0.03170000000000006,2.004645911908757
-0.03070000000000017,2.048501962204573
-0.02970000000000006,2.0909433012005243
-0.02870000000000017,2.0909433012005243
-0.027700000000000058,2.0909433012005243
-0.026700000000000168,2.1347993514963406
-0.025700000000000056,2.0909433012005243
-0.024700000000000166,2.048501962204573
-0.023700000000000054,2.048501962204573
-0.022700000000000164,2.004645911908757
-0.021700000000000053,2.048501962204573
-0.020700000000000163,2.048501962204573
-0.01970000000000005,2.0909433012005243
-0.01870000000000016,2.1347993514963406
-0.01770000000000005,2.178655401792157
-0.01670000000000016,2.2225114520879723
-0.015700000000000047,2.2225114520879723
-0.014700000000000157,2.2225114520879723
-0.013700000000000045,2.178655401792157
-0.012700000000000156,2.178655401792157
-0.011700000000000044,2.1347993514963406
-0.010700000000000154,2.0909433012005243
-0.009700000000000042,2.1347993514963406
-0.008700000000000152,2.1347993514963406
-0.00770000000000004,2.2225114520879723
-0.00670000000000015,2.2663675023837886
-0.005700000000000038,2.30880884137974
-0.0047000000000001485,2.352664891675556
-0.0037000000000000366,2.352664891675556
-0.0027000000000001467,2.30880884137974
-0.0017000000000000348,2.2663675023837886
-0.000700000000000145,2.2663675023837886
0.00029999999999996696,2.2663675023837886
0.0012999999999998568,2.2663675023837886
0.0022999999999999687,2.2663675023837886
0.0032999999999998586,2.30880884137974
0.0042999999999999705,2.352664891675556
0.00529999999999986,2.396520941971372
0.006299999999999972,2.4842330425630044
0.007299999999999862,2.4842330425630044
0.008299999999999974,2.4842330425630044
0.009299999999999864,2.4403769922671885
0.010299999999999976,2.4403769922671885
0.011299999999999866,2.396520941971372
0.012299999999999978,2.396520941971372
