July 16, 2024   20:26:55
Cyclic Voltammetry
File: c:/users/guazh/data/20240709_batch67/2024-07-10-exp65\exp65-2024-07-16t20_15_55-h2koh\exp65_cv_sr_500mvs_efin_-1500mv.bin
Data Source:  Experiment
Instrument Model:  CHI760E
Header: CV ran at 500 mVs
Note: 

Init E (V) = -1
High E (V) = -1
Low E (V) = -1.5
Final E (V) = -1
Init P/N = N
Scan Rate (V/s) = 0.5
Segment = 3
Sample Interval (V) = 0.001
Quiet Time (sec) = 2
Sensitivity (A/V) = 0.01
Comp R (ohm) = 1.8

Results:

Channel 1:
Segment 1:

Segment 2:

Segment 3:

Potential/V, Current/A

-1.000, 1.249e-5
-1.001, 9.573e-5
-1.002, 1.481e-4
-1.003, 1.913e-4
-1.004, 2.283e-4
-1.005, 2.622e-4
-1.006, 2.931e-4
-1.007, 3.115e-4
-1.008, 3.270e-4
-1.009, 3.331e-4
-1.010, 3.362e-4
-1.011, 3.393e-4
-1.012, 3.455e-4
-1.013, 3.578e-4
-1.014, 3.732e-4
-1.015, 3.855e-4
-1.016, 3.917e-4
-1.017, 3.948e-4
-1.018, 3.886e-4
-1.019, 3.855e-4
-1.020, 3.886e-4
-1.021, 3.979e-4
-1.022, 4.102e-4
-1.023, 4.225e-4
-1.024, 4.256e-4
-1.025, 4.287e-4
-1.026, 4.225e-4
-1.027, 4.195e-4
-1.028, 4.195e-4
-1.029, 4.225e-4
-1.030, 4.349e-4
-1.031, 4.472e-4
-1.032, 4.503e-4
-1.033, 4.534e-4
-1.034, 4.503e-4
-1.035, 4.441e-4
-1.036, 4.441e-4
-1.037, 4.441e-4
-1.038, 4.534e-4
-1.039, 4.626e-4
-1.040, 4.719e-4
-1.041, 4.780e-4
-1.042, 4.719e-4
-1.043, 4.688e-4
-1.044, 4.626e-4
-1.045, 4.626e-4
-1.046, 4.688e-4
-1.047, 4.811e-4
-1.048, 4.904e-4
-1.049, 4.965e-4
-1.050, 4.935e-4
-1.051, 4.873e-4
-1.052, 4.811e-4
-1.053, 4.811e-4
-1.054, 4.873e-4
-1.055, 4.965e-4
-1.056, 5.058e-4
-1.057, 5.120e-4
-1.058, 5.150e-4
-1.059, 5.089e-4
-1.060, 5.027e-4
-1.061, 4.996e-4
-1.062, 4.996e-4
-1.063, 5.089e-4
-1.064, 5.181e-4
-1.065, 5.274e-4
-1.066, 5.274e-4
-1.067, 5.274e-4
-1.068, 5.212e-4
-1.069, 5.150e-4
-1.070, 5.120e-4
-1.071, 5.212e-4
-1.072, 5.274e-4
-1.073, 5.397e-4
-1.074, 5.428e-4
-1.075, 5.397e-4
-1.076, 5.335e-4
-1.077, 5.274e-4
-1.078, 5.243e-4
-1.079, 5.274e-4
-1.080, 5.366e-4
-1.081, 5.428e-4
-1.082, 5.489e-4
-1.083, 5.489e-4
-1.084, 5.428e-4
-1.085, 5.366e-4
-1.086, 5.335e-4
-1.087, 5.305e-4
-1.088, 5.397e-4
-1.089, 5.489e-4
-1.090, 5.551e-4
-1.091, 5.551e-4
-1.092, 5.489e-4
-1.093, 5.428e-4
-1.094, 5.335e-4
-1.095, 5.366e-4
-1.096, 5.397e-4
-1.097, 5.489e-4
-1.098, 5.551e-4
-1.099, 5.582e-4
-1.100, 5.551e-4
-1.101, 5.459e-4
-1.102, 5.397e-4
-1.103, 5.366e-4
-1.104, 5.366e-4
-1.105, 5.428e-4
-1.106, 5.520e-4
-1.107, 5.551e-4
-1.108, 5.551e-4
-1.109, 5.459e-4
-1.110, 5.397e-4
-1.111, 5.335e-4
-1.112, 5.335e-4
-1.113, 5.397e-4
-1.114, 5.459e-4
-1.115, 5.520e-4
-1.116, 5.520e-4
-1.117, 5.459e-4
-1.118, 5.397e-4
-1.119, 5.305e-4
-1.120, 5.274e-4
-1.121, 5.335e-4
-1.122, 5.397e-4
-1.123, 5.459e-4
-1.124, 5.489e-4
-1.125, 5.459e-4
-1.126, 5.397e-4
-1.127, 5.274e-4
-1.128, 5.243e-4
-1.129, 5.274e-4
-1.130, 5.335e-4
-1.131, 5.428e-4
-1.132, 5.459e-4
-1.133, 5.428e-4
-1.134, 5.366e-4
-1.135, 5.305e-4
-1.136, 5.243e-4
-1.137, 5.243e-4
-1.138, 5.305e-4
-1.139, 5.397e-4
-1.140, 5.459e-4
-1.141, 5.459e-4
-1.142, 5.397e-4
-1.143, 5.335e-4
-1.144, 5.243e-4
-1.145, 5.243e-4
-1.146, 5.305e-4
-1.147, 5.366e-4
-1.148, 5.459e-4
-1.149, 5.459e-4
-1.150, 5.428e-4
-1.151, 5.366e-4
-1.152, 5.274e-4
-1.153, 5.243e-4
-1.154, 5.305e-4
-1.155, 5.366e-4
-1.156, 5.459e-4
-1.157, 5.489e-4
-1.158, 5.489e-4
-1.159, 5.428e-4
-1.160, 5.335e-4
-1.161, 5.305e-4
-1.162, 5.305e-4
-1.163, 5.397e-4
-1.164, 5.459e-4
-1.165, 5.520e-4
-1.166, 5.551e-4
-1.167, 5.489e-4
-1.168, 5.428e-4
-1.169, 5.366e-4
-1.170, 5.366e-4
-1.171, 5.428e-4
-1.172, 5.520e-4
-1.173, 5.613e-4
-1.174, 5.644e-4
-1.175, 5.613e-4
-1.176, 5.520e-4
-1.177, 5.459e-4
-1.178, 5.459e-4
-1.179, 5.489e-4
-1.180, 5.582e-4
-1.181, 5.674e-4
-1.182, 5.736e-4
-1.183, 5.705e-4
-1.184, 5.674e-4
-1.185, 5.613e-4
-1.186, 5.551e-4
-1.187, 5.582e-4
-1.188, 5.644e-4
-1.189, 5.736e-4
-1.190, 5.829e-4
-1.191, 5.859e-4
-1.192, 5.798e-4
-1.193, 5.767e-4
-1.194, 5.674e-4
-1.195, 5.705e-4
-1.196, 5.767e-4
-1.197, 5.859e-4
-1.198, 5.952e-4
-1.199, 6.014e-4
-1.200, 5.983e-4
-1.201, 5.952e-4
-1.202, 5.859e-4
-1.203, 5.859e-4
-1.204, 5.921e-4
-1.205, 6.014e-4
-1.206, 6.106e-4
-1.207, 6.168e-4
-1.208, 6.199e-4
-1.209, 6.137e-4
-1.210, 6.106e-4
-1.211, 6.075e-4
-1.212, 6.106e-4
-1.213, 6.199e-4
-1.214, 6.322e-4
-1.215, 6.414e-4
-1.216, 6.445e-4
-1.217, 6.414e-4
-1.218, 6.384e-4
-1.219, 6.322e-4
-1.220, 6.353e-4
-1.221, 6.414e-4
-1.222, 6.538e-4
-1.223, 6.661e-4
-1.224, 6.692e-4
-1.225, 6.692e-4
-1.226, 6.661e-4
-1.227, 6.599e-4
-1.228, 6.630e-4
-1.229, 6.692e-4
-1.230, 6.815e-4
-1.231, 6.939e-4
-1.232, 7.000e-4
-1.233, 7.031e-4
-1.234, 7.000e-4
-1.235, 6.969e-4
-1.236, 6.939e-4
-1.237, 7.000e-4
-1.238, 7.093e-4
-1.239, 7.216e-4
-1.240, 7.309e-4
-1.241, 7.401e-4
-1.242, 7.370e-4
-1.243, 7.370e-4
-1.244, 7.339e-4
-1.245, 7.339e-4
-1.246, 7.463e-4
-1.247, 7.586e-4
-1.248, 7.709e-4
-1.249, 7.802e-4
-1.250, 7.802e-4
-1.251, 7.802e-4
-1.252, 7.771e-4
-1.253, 7.771e-4
-1.254, 7.894e-4
-1.255, 7.987e-4
-1.256, 8.141e-4
-1.257, 8.233e-4
-1.258, 8.295e-4
-1.259, 8.264e-4
-1.260, 8.264e-4
-1.261, 8.264e-4
-1.262, 8.326e-4
-1.263, 8.449e-4
-1.264, 8.573e-4
-1.265, 8.727e-4
-1.266, 8.788e-4
-1.267, 8.819e-4
-1.268, 8.788e-4
-1.269, 8.788e-4
-1.270, 8.819e-4
-1.271, 8.973e-4
-1.272, 9.097e-4
-1.273, 9.251e-4
-1.274, 9.343e-4
-1.275, 9.374e-4
-1.276, 9.374e-4
-1.277, 9.343e-4
-1.278, 9.405e-4
-1.279, 9.528e-4
-1.280, 9.683e-4
-1.281, 9.837e-4
-1.282, 9.929e-4
-1.283, 9.991e-4
-1.284, 1.002e-3
-1.285, 1.002e-3
-1.286, 1.005e-3
-1.287, 1.014e-3
-1.288, 1.030e-3
-1.289, 1.045e-3
-1.290, 1.058e-3
-1.291, 1.070e-3
-1.292, 1.070e-3
-1.293, 1.073e-3
-1.294, 1.073e-3
-1.295, 1.079e-3
-1.296, 1.095e-3
-1.297, 1.110e-3
-1.298, 1.125e-3
-1.299, 1.138e-3
-1.300, 1.144e-3
-1.301, 1.144e-3
-1.302, 1.144e-3
-1.303, 1.150e-3
-1.304, 1.166e-3
-1.305, 1.178e-3
-1.306, 1.196e-3
-1.307, 1.209e-3
-1.308, 1.218e-3
-1.309, 1.218e-3
-1.310, 1.221e-3
-1.311, 1.227e-3
-1.312, 1.236e-3
-1.313, 1.252e-3
-1.314, 1.267e-3
-1.315, 1.286e-3
-1.316, 1.298e-3
-1.317, 1.301e-3
-1.318, 1.304e-3
-1.319, 1.307e-3
-1.320, 1.317e-3
-1.321, 1.332e-3
-1.322, 1.351e-3
-1.323, 1.369e-3
-1.324, 1.384e-3
-1.325, 1.391e-3
-1.326, 1.394e-3
-1.327, 1.397e-3
-1.328, 1.403e-3
-1.329, 1.418e-3
-1.330, 1.437e-3
-1.331, 1.455e-3
-1.332, 1.471e-3
-1.333, 1.480e-3
-1.334, 1.486e-3
-1.335, 1.489e-3
-1.336, 1.495e-3
-1.337, 1.508e-3
-1.338, 1.526e-3
-1.339, 1.545e-3
-1.340, 1.563e-3
-1.341, 1.576e-3
-1.342, 1.582e-3
-1.343, 1.588e-3
-1.344, 1.591e-3
-1.345, 1.600e-3
-1.346, 1.619e-3
-1.347, 1.637e-3
-1.348, 1.659e-3
-1.349, 1.674e-3
-1.350, 1.684e-3
-1.351, 1.690e-3
-1.352, 1.693e-3
-1.353, 1.705e-3
-1.354, 1.721e-3
-1.355, 1.739e-3
-1.356, 1.764e-3
-1.357, 1.779e-3
-1.358, 1.795e-3
-1.359, 1.801e-3
-1.360, 1.807e-3
-1.361, 1.816e-3
-1.362, 1.832e-3
-1.363, 1.853e-3
-1.364, 1.875e-3
-1.365, 1.893e-3
-1.366, 1.909e-3
-1.367, 1.918e-3
-1.368, 1.927e-3
-1.369, 1.936e-3
-1.370, 1.949e-3
-1.371, 1.970e-3
-1.372, 1.989e-3
-1.373, 2.013e-3
-1.374, 2.029e-3
-1.375, 2.041e-3
-1.376, 2.050e-3
-1.377, 2.057e-3
-1.378, 2.069e-3
-1.379, 2.087e-3
-1.380, 2.112e-3
-1.381, 2.137e-3
-1.382, 2.155e-3
-1.383, 2.174e-3
-1.384, 2.183e-3
-1.385, 2.189e-3
-1.386, 2.205e-3
-1.387, 2.220e-3
-1.388, 2.245e-3
-1.389, 2.269e-3
-1.390, 2.291e-3
-1.391, 2.312e-3
-1.392, 2.325e-3
-1.393, 2.337e-3
-1.394, 2.346e-3
-1.395, 2.362e-3
-1.396, 2.390e-3
-1.397, 2.417e-3
-1.398, 2.445e-3
-1.399, 2.467e-3
-1.400, 2.482e-3
-1.401, 2.494e-3
-1.402, 2.504e-3
-1.403, 2.522e-3
-1.404, 2.544e-3
-1.405, 2.568e-3
-1.406, 2.599e-3
-1.407, 2.621e-3
-1.408, 2.639e-3
-1.409, 2.655e-3
-1.410, 2.664e-3
-1.411, 2.682e-3
-1.412, 2.701e-3
-1.413, 2.729e-3
-1.414, 2.756e-3
-1.415, 2.784e-3
-1.416, 2.806e-3
-1.417, 2.821e-3
-1.418, 2.837e-3
-1.419, 2.849e-3
-1.420, 2.867e-3
-1.421, 2.898e-3
-1.422, 2.926e-3
-1.423, 2.957e-3
-1.424, 2.982e-3
-1.425, 3.000e-3
-1.426, 3.019e-3
-1.427, 3.031e-3
-1.428, 3.052e-3
-1.429, 3.080e-3
-1.430, 3.111e-3
-1.431, 3.148e-3
-1.432, 3.176e-3
-1.433, 3.200e-3
-1.434, 3.222e-3
-1.435, 3.237e-3
-1.436, 3.262e-3
-1.437, 3.284e-3
-1.438, 3.318e-3
-1.439, 3.351e-3
-1.440, 3.385e-3
-1.441, 3.413e-3
-1.442, 3.435e-3
-1.443, 3.456e-3
-1.444, 3.472e-3
-1.445, 3.499e-3
-1.446, 3.530e-3
-1.447, 3.567e-3
-1.448, 3.598e-3
-1.449, 3.632e-3
-1.450, 3.654e-3
-1.451, 3.678e-3
-1.452, 3.700e-3
-1.453, 3.728e-3
-1.454, 3.758e-3
-1.455, 3.795e-3
-1.456, 3.832e-3
-1.457, 3.869e-3
-1.458, 3.897e-3
-1.459, 3.922e-3
-1.460, 3.947e-3
-1.461, 3.974e-3
-1.462, 4.005e-3
-1.463, 4.042e-3
-1.464, 4.079e-3
-1.465, 4.119e-3
-1.466, 4.153e-3
-1.467, 4.178e-3
-1.468, 4.206e-3
-1.469, 4.233e-3
-1.470, 4.267e-3
-1.471, 4.307e-3
-1.472, 4.350e-3
-1.473, 4.394e-3
-1.474, 4.434e-3
-1.475, 4.464e-3
-1.476, 4.498e-3
-1.477, 4.526e-3
-1.478, 4.560e-3
-1.479, 4.597e-3
-1.480, 4.643e-3
-1.481, 4.690e-3
-1.482, 4.730e-3
-1.483, 4.767e-3
-1.484, 4.801e-3
-1.485, 4.831e-3
-1.486, 4.865e-3
-1.487, 4.902e-3
-1.488, 4.945e-3
-1.489, 4.992e-3
-1.490, 5.038e-3
-1.491, 5.078e-3
-1.492, 5.112e-3
-1.493, 5.143e-3
-1.494, 5.171e-3
-1.495, 5.211e-3
-1.496, 5.257e-3
-1.497, 5.306e-3
-1.498, 5.352e-3
-1.499, 5.396e-3
-1.500, 5.346e-3
-1.499, 5.186e-3
-1.498, 5.066e-3
-1.497, 4.970e-3
-1.496, 4.893e-3
-1.495, 4.825e-3
-1.494, 4.767e-3
-1.493, 4.705e-3
-1.492, 4.646e-3
-1.491, 4.582e-3
-1.490, 4.517e-3
-1.489, 4.458e-3
-1.488, 4.403e-3
-1.487, 4.360e-3
-1.486, 4.313e-3
-1.485, 4.267e-3
-1.484, 4.218e-3
-1.483, 4.165e-3
-1.482, 4.107e-3
-1.481, 4.051e-3
-1.480, 4.002e-3
-1.479, 3.959e-3
-1.478, 3.916e-3
-1.477, 3.882e-3
-1.476, 3.836e-3
-1.475, 3.786e-3
-1.474, 3.734e-3
-1.473, 3.681e-3
-1.472, 3.635e-3
-1.471, 3.592e-3
-1.470, 3.555e-3
-1.469, 3.521e-3
-1.468, 3.478e-3
-1.467, 3.438e-3
-1.466, 3.388e-3
-1.465, 3.339e-3
-1.464, 3.296e-3
-1.463, 3.253e-3
-1.462, 3.219e-3
-1.461, 3.185e-3
-1.460, 3.151e-3
-1.459, 3.114e-3
-1.458, 3.068e-3
-1.457, 3.025e-3
-1.456, 2.982e-3
-1.455, 2.941e-3
-1.454, 2.911e-3
-1.453, 2.880e-3
-1.452, 2.852e-3
-1.451, 2.818e-3
-1.450, 2.778e-3
-1.449, 2.738e-3
-1.448, 2.695e-3
-1.447, 2.658e-3
-1.446, 2.627e-3
-1.445, 2.602e-3
-1.444, 2.578e-3
-1.443, 2.547e-3
-1.442, 2.513e-3
-1.441, 2.473e-3
-1.440, 2.433e-3
-1.439, 2.396e-3
-1.438, 2.362e-3
-1.437, 2.337e-3
-1.436, 2.316e-3
-1.435, 2.291e-3
-1.434, 2.257e-3
-1.433, 2.223e-3
-1.432, 2.183e-3
-1.431, 2.146e-3
-1.430, 2.115e-3
-1.429, 2.091e-3
-1.428, 2.069e-3
-1.427, 2.047e-3
-1.426, 2.020e-3
-1.425, 1.989e-3
-1.424, 1.952e-3
-1.423, 1.915e-3
-1.422, 1.887e-3
-1.421, 1.859e-3
-1.420, 1.841e-3
-1.419, 1.822e-3
-1.418, 1.798e-3
-1.417, 1.770e-3
-1.416, 1.739e-3
-1.415, 1.702e-3
-1.414, 1.674e-3
-1.413, 1.647e-3
-1.412, 1.628e-3
-1.411, 1.613e-3
-1.410, 1.594e-3
-1.409, 1.573e-3
-1.408, 1.542e-3
-1.407, 1.511e-3
-1.406, 1.480e-3
-1.405, 1.455e-3
-1.404, 1.437e-3
-1.403, 1.421e-3
-1.402, 1.406e-3
-1.401, 1.384e-3
-1.400, 1.360e-3
-1.399, 1.329e-3
-1.398, 1.298e-3
-1.397, 1.273e-3
-1.396, 1.252e-3
-1.395, 1.236e-3
-1.394, 1.227e-3
-1.393, 1.209e-3
-1.392, 1.187e-3
-1.391, 1.159e-3
-1.390, 1.129e-3
-1.389, 1.104e-3
-1.388, 1.082e-3
-1.387, 1.067e-3
-1.386, 1.055e-3
-1.385, 1.039e-3
-1.384, 1.021e-3
-1.383, 9.929e-4
-1.382, 9.652e-4
-1.381, 9.405e-4
-1.380, 9.189e-4
-1.379, 9.066e-4
-1.378, 8.943e-4
-1.377, 8.819e-4
-1.376, 8.665e-4
-1.375, 8.418e-4
-1.374, 8.172e-4
-1.373, 7.894e-4
-1.372, 7.679e-4
-1.371, 7.555e-4
-1.370, 7.432e-4
-1.369, 7.370e-4
-1.368, 7.216e-4
-1.367, 7.031e-4
-1.366, 6.784e-4
-1.365, 6.538e-4
-1.364, 6.322e-4
-1.363, 6.168e-4
-1.362, 6.075e-4
-1.361, 5.983e-4
-1.360, 5.890e-4
-1.359, 5.705e-4
-1.358, 5.489e-4
-1.357, 5.274e-4
-1.356, 5.027e-4
-1.355, 4.873e-4
-1.354, 4.750e-4
-1.353, 4.657e-4
-1.352, 4.595e-4
-1.351, 4.472e-4
-1.350, 4.256e-4
-1.349, 4.040e-4
-1.348, 3.825e-4
-1.347, 3.640e-4
-1.346, 3.516e-4
-1.345, 3.424e-4
-1.344, 3.393e-4
-1.343, 3.270e-4
-1.342, 3.115e-4
-1.341, 2.900e-4
-1.340, 2.684e-4
-1.339, 2.530e-4
-1.338, 2.376e-4
-1.337, 2.314e-4
-1.336, 2.252e-4
-1.335, 2.160e-4
-1.334, 2.036e-4
-1.333, 1.851e-4
-1.332, 1.636e-4
-1.331, 1.451e-4
-1.330, 1.296e-4
-1.329, 1.235e-4
-1.328, 1.173e-4
-1.327, 1.142e-4
-1.326, 1.019e-4
-1.325, 8.648e-5
-1.324, 6.490e-5
-1.323, 4.640e-5
-1.322, 3.099e-5
-1.321, 2.174e-5
-1.320, 1.865e-5
-1.319, 1.249e-5
-1.318, 3.239e-6
-1.317, -9.093e-6
-1.316, -2.759e-5
-1.315, -4.609e-5
-1.314, -6.151e-5
-1.313, -7.384e-5
-1.312, -7.692e-5
-1.311, -8.000e-5
-1.310, -8.617e-5
-1.309, -9.542e-5
-1.308, -1.139e-4
-1.307, -1.293e-4
-1.306, -1.478e-4
-1.305, -1.602e-4
-1.304, -1.663e-4
-1.303, -1.694e-4
-1.302, -1.694e-4
-1.301, -1.787e-4
-1.300, -1.941e-4
-1.299, -2.095e-4
-1.298, -2.311e-4
-1.297, -2.434e-4
-1.296, -2.465e-4
-1.295, -2.527e-4
-1.294, -2.527e-4
-1.293, -2.588e-4
-1.292, -2.712e-4
-1.291, -2.866e-4
-1.290, -3.051e-4
-1.289, -3.174e-4
-1.288, -3.267e-4
-1.287, -3.297e-4
-1.286, -3.328e-4
-1.285, -3.328e-4
-1.284, -3.421e-4
-1.283, -3.575e-4
-1.282, -3.729e-4
-1.281, -3.883e-4
-1.280, -4.006e-4
-1.279, -4.037e-4
-1.278, -4.037e-4
-1.277, -4.037e-4
-1.276, -4.099e-4
-1.275, -4.253e-4
-1.274, -4.376e-4
-1.273, -4.561e-4
-1.272, -4.654e-4
-1.271, -4.716e-4
-1.270, -4.716e-4
-1.269, -4.716e-4
-1.268, -4.777e-4
-1.267, -4.839e-4
-1.266, -4.993e-4
-1.265, -5.178e-4
-1.264, -5.271e-4
-1.263, -5.363e-4
-1.262, -5.394e-4
-1.261, -5.363e-4
-1.260, -5.394e-4
-1.259, -5.456e-4
-1.258, -5.610e-4
-1.257, -5.764e-4
-1.256, -5.887e-4
-1.255, -5.980e-4
-1.254, -6.011e-4
-1.253, -6.011e-4
-1.252, -5.980e-4
-1.251, -6.041e-4
-1.250, -6.134e-4
-1.249, -6.288e-4
-1.248, -6.442e-4
-1.247, -6.535e-4
-1.246, -6.565e-4
-1.245, -6.565e-4
-1.244, -6.535e-4
-1.243, -6.596e-4
-1.242, -6.658e-4
-1.241, -6.812e-4
-1.240, -6.966e-4
-1.239, -7.059e-4
-1.238, -7.151e-4
-1.237, -7.120e-4
-1.236, -7.120e-4
-1.235, -7.120e-4
-1.234, -7.182e-4
-1.233, -7.305e-4
-1.232, -7.460e-4
-1.231, -7.583e-4
-1.230, -7.675e-4
-1.229, -7.706e-4
-1.228, -7.706e-4
-1.227, -7.675e-4
-1.226, -7.737e-4
-1.225, -7.860e-4
-1.224, -7.984e-4
-1.223, -8.138e-4
-1.222, -8.200e-4
-1.221, -8.230e-4
-1.220, -8.230e-4
-1.219, -8.200e-4
-1.218, -8.230e-4
-1.217, -8.292e-4
-1.216, -8.446e-4
-1.215, -8.600e-4
-1.214, -8.662e-4
-1.213, -8.724e-4
-1.212, -8.724e-4
-1.211, -8.693e-4
-1.210, -8.693e-4
-1.209, -8.754e-4
-1.208, -8.878e-4
-1.207, -9.001e-4
-1.206, -9.124e-4
-1.205, -9.186e-4
-1.204, -9.217e-4
-1.203, -9.186e-4
-1.202, -9.155e-4
-1.201, -9.217e-4
-1.200, -9.279e-4
-1.199, -9.433e-4
-1.198, -9.556e-4
-1.197, -9.649e-4
-1.196, -9.649e-4
-1.195, -9.649e-4
-1.194, -9.618e-4
-1.193, -9.649e-4
-1.192, -9.741e-4
-1.191, -9.864e-4
-1.190, -9.988e-4
-1.189, -1.008e-3
-1.188, -1.014e-3
-1.187, -1.011e-3
-1.186, -1.011e-3
-1.185, -1.011e-3
-1.184, -1.014e-3
-1.183, -1.030e-3
-1.182, -1.039e-3
-1.181, -1.051e-3
-1.180, -1.060e-3
-1.179, -1.057e-3
-1.178, -1.057e-3
-1.177, -1.054e-3
-1.176, -1.057e-3
-1.175, -1.067e-3
-1.174, -1.079e-3
-1.173, -1.091e-3
-1.172, -1.097e-3
-1.171, -1.101e-3
-1.170, -1.097e-3
-1.169, -1.094e-3
-1.168, -1.094e-3
-1.167, -1.104e-3
-1.166, -1.113e-3
-1.165, -1.128e-3
-1.164, -1.138e-3
-1.163, -1.141e-3
-1.162, -1.138e-3
-1.161, -1.138e-3
-1.160, -1.134e-3
-1.159, -1.138e-3
-1.158, -1.153e-3
-1.157, -1.162e-3
-1.156, -1.175e-3
-1.155, -1.184e-3
-1.154, -1.184e-3
-1.153, -1.181e-3
-1.152, -1.175e-3
-1.151, -1.181e-3
-1.150, -1.190e-3
-1.149, -1.202e-3
-1.148, -1.215e-3
-1.147, -1.221e-3
-1.146, -1.221e-3
-1.145, -1.221e-3
-1.144, -1.215e-3
-1.143, -1.218e-3
-1.142, -1.224e-3
-1.141, -1.233e-3
-1.140, -1.249e-3
-1.139, -1.255e-3
-1.138, -1.261e-3
-1.137, -1.258e-3
-1.136, -1.252e-3
-1.135, -1.249e-3
-1.134, -1.255e-3
-1.133, -1.264e-3
-1.132, -1.273e-3
-1.131, -1.286e-3
-1.130, -1.292e-3
-1.129, -1.289e-3
-1.128, -1.286e-3
-1.127, -1.282e-3
-1.126, -1.282e-3
-1.125, -1.292e-3
-1.124, -1.301e-3
-1.123, -1.316e-3
-1.122, -1.319e-3
-1.121, -1.322e-3
-1.120, -1.319e-3
-1.119, -1.313e-3
-1.118, -1.316e-3
-1.117, -1.322e-3
-1.116, -1.332e-3
-1.115, -1.344e-3
-1.114, -1.350e-3
-1.113, -1.353e-3
-1.112, -1.350e-3
-1.111, -1.344e-3
-1.110, -1.344e-3
-1.109, -1.347e-3
-1.108, -1.356e-3
-1.107, -1.366e-3
-1.106, -1.375e-3
-1.105, -1.378e-3
-1.104, -1.375e-3
-1.103, -1.369e-3
-1.102, -1.366e-3
-1.101, -1.363e-3
-1.100, -1.372e-3
-1.099, -1.378e-3
-1.098, -1.387e-3
-1.097, -1.393e-3
-1.096, -1.387e-3
-1.095, -1.384e-3
-1.094, -1.375e-3
-1.093, -1.372e-3
-1.092, -1.375e-3
-1.091, -1.381e-3
-1.090, -1.390e-3
-1.089, -1.393e-3
-1.088, -1.393e-3
-1.087, -1.387e-3
-1.086, -1.381e-3
-1.085, -1.375e-3
-1.084, -1.372e-3
-1.083, -1.378e-3
-1.082, -1.381e-3
-1.081, -1.390e-3
-1.080, -1.387e-3
-1.079, -1.381e-3
-1.078, -1.372e-3
-1.077, -1.359e-3
-1.076, -1.359e-3
-1.075, -1.359e-3
-1.074, -1.363e-3
-1.073, -1.369e-3
-1.072, -1.366e-3
-1.071, -1.356e-3
-1.070, -1.344e-3
-1.069, -1.329e-3
-1.068, -1.322e-3
-1.067, -1.319e-3
-1.066, -1.319e-3
-1.065, -1.322e-3
-1.064, -1.316e-3
-1.063, -1.310e-3
-1.062, -1.295e-3
-1.061, -1.279e-3
-1.060, -1.267e-3
-1.059, -1.258e-3
-1.058, -1.255e-3
-1.057, -1.255e-3
-1.056, -1.252e-3
-1.055, -1.245e-3
-1.054, -1.230e-3
-1.053, -1.212e-3
-1.052, -1.196e-3
-1.051, -1.184e-3
-1.050, -1.178e-3
-1.049, -1.178e-3
-1.048, -1.175e-3
-1.047, -1.168e-3
-1.046, -1.156e-3
-1.045, -1.141e-3
-1.044, -1.122e-3
-1.043, -1.110e-3
-1.042, -1.104e-3
-1.041, -1.104e-3
-1.040, -1.101e-3
-1.039, -1.094e-3
-1.038, -1.088e-3
-1.037, -1.073e-3
-1.036, -1.057e-3
-1.035, -1.045e-3
-1.034, -1.039e-3
-1.033, -1.039e-3
-1.032, -1.036e-3
-1.031, -1.036e-3
-1.030, -1.033e-3
-1.029, -1.020e-3
-1.028, -1.005e-3
-1.027, -9.926e-4
-1.026, -9.864e-4
-1.025, -9.864e-4
-1.024, -9.895e-4
-1.023, -9.926e-4
-1.022, -9.926e-4
-1.021, -9.834e-4
-1.020, -9.741e-4
-1.019, -9.618e-4
-1.018, -9.556e-4
-1.017, -9.556e-4
-1.016, -9.618e-4
-1.015, -9.679e-4
-1.014, -9.679e-4
-1.013, -9.649e-4
-1.012, -9.587e-4
-1.011, -9.494e-4
-1.010, -9.433e-4
-1.009, -9.402e-4
-1.008, -9.464e-4
-1.007, -9.525e-4
-1.006, -9.587e-4
-1.005, -9.587e-4
-1.004, -9.556e-4
-1.003, -9.464e-4
-1.002, -9.371e-4
-1.001, -9.371e-4
