Apr. 22, 2025   20:05:21
Cyclic Voltammetry
File: c:/users/guazh/data/banditlqround7_x0exp590_r20/2025-04-16-exp1159\exp1159-2025-04-22t19_45_42-arkoh\exp1159_cv_sr_300mvs_efin_-1900mv.bin
Data Source:  Experiment
Instrument Model:  CHI760E
Header: CV ran at 300 mVs
Note: 

Init E (V) = -1
High E (V) = -1
Low E (V) = -1.9
Final E (V) = -1
Init P/N = N
Scan Rate (V/s) = 0.3
Segment = 3
Sample Interval (V) = 0.001
Quiet Time (sec) = 2
Sensitivity (A/V) = 0.01
Comp R (ohm) = 1.5

Results:

Channel 1:
Segment 1:

Segment 2:

Segment 3:

Potential/V, Current/A

-1.000, 3.239e-6
-1.001, 3.239e-6
-1.002, 3.239e-6
-1.003, 1.559e-7
-1.004, 3.239e-6
-1.005, 3.239e-6
-1.006, 1.559e-7
-1.007, 3.239e-6
-1.008, 3.239e-6
-1.009, 3.239e-6
-1.010, 3.239e-6
-1.011, 3.239e-6
-1.012, 3.239e-6
-1.013, 3.239e-6
-1.014, 3.239e-6
-1.015, 3.239e-6
-1.016, 3.239e-6
-1.017, 3.239e-6
-1.018, 3.239e-6
-1.019, 3.239e-6
-1.020, 3.239e-6
-1.021, 3.239e-6
-1.022, 3.239e-6
-1.023, 3.239e-6
-1.024, 3.239e-6
-1.025, 3.239e-6
-1.026, 3.239e-6
-1.027, 3.239e-6
-1.028, 3.239e-6
-1.029, 3.239e-6
-1.030, 3.239e-6
-1.031, 3.239e-6
-1.032, 3.239e-6
-1.033, 3.239e-6
-1.034, 3.239e-6
-1.035, 3.239e-6
-1.036, 3.239e-6
-1.037, 3.239e-6
-1.038, 3.239e-6
-1.039, 3.239e-6
-1.040, 3.239e-6
-1.041, 3.239e-6
-1.042, 3.239e-6
-1.043, 3.239e-6
-1.044, 3.239e-6
-1.045, 3.239e-6
-1.046, 3.239e-6
-1.047, 3.239e-6
-1.048, 3.239e-6
-1.049, 3.239e-6
-1.050, 3.239e-6
-1.051, 3.239e-6
-1.052, 3.239e-6
-1.053, 3.239e-6
-1.054, 3.239e-6
-1.055, 3.239e-6
-1.056, 3.239e-6
-1.057, 3.239e-6
-1.058, 3.239e-6
-1.059, 3.239e-6
-1.060, 3.239e-6
-1.061, 3.239e-6
-1.062, 3.239e-6
-1.063, 3.239e-6
-1.064, 3.239e-6
-1.065, 3.239e-6
-1.066, 3.239e-6
-1.067, 3.239e-6
-1.068, 3.239e-6
-1.069, 3.239e-6
-1.070, 3.239e-6
-1.071, 3.239e-6
-1.072, 3.239e-6
-1.073, 3.239e-6
-1.074, 3.239e-6
-1.075, 3.239e-6
-1.076, 3.239e-6
-1.077, 3.239e-6
-1.078, 3.239e-6
-1.079, 3.239e-6
-1.080, 3.239e-6
-1.081, 3.239e-6
-1.082, 3.239e-6
-1.083, 3.239e-6
-1.084, 3.239e-6
-1.085, 3.239e-6
-1.086, 3.239e-6
-1.087, 3.239e-6
-1.088, 3.239e-6
-1.089, 3.239e-6
-1.090, 6.322e-6
-1.091, 3.239e-6
-1.092, 3.239e-6
-1.093, 3.239e-6
-1.094, 3.239e-6
-1.095, 3.239e-6
-1.096, 3.239e-6
-1.097, 3.239e-6
-1.098, 3.239e-6
-1.099, 3.239e-6
-1.100, 3.239e-6
-1.101, 3.239e-6
-1.102, 3.239e-6
-1.103, 3.239e-6
-1.104, 3.239e-6
-1.105, 3.239e-6
-1.106, 3.239e-6
-1.107, 3.239e-6
-1.108, 3.239e-6
-1.109, 3.239e-6
-1.110, 6.322e-6
-1.111, 3.239e-6
-1.112, 6.322e-6
-1.113, 3.239e-6
-1.114, 3.239e-6
-1.115, 3.239e-6
-1.116, 3.239e-6
-1.117, 3.239e-6
-1.118, 3.239e-6
-1.119, 3.239e-6
-1.120, 6.322e-6
-1.121, 3.239e-6
-1.122, 3.239e-6
-1.123, 3.239e-6
-1.124, 3.239e-6
-1.125, 3.239e-6
-1.126, 3.239e-6
-1.127, 3.239e-6
-1.128, 3.239e-6
-1.129, 3.239e-6
-1.130, 3.239e-6
-1.131, 3.239e-6
-1.132, 3.239e-6
-1.133, 6.322e-6
-1.134, 3.239e-6
-1.135, 3.239e-6
-1.136, 6.322e-6
-1.137, 6.322e-6
-1.138, 3.239e-6
-1.139, 3.239e-6
-1.140, 3.239e-6
-1.141, 3.239e-6
-1.142, 3.239e-6
-1.143, 6.322e-6
-1.144, 3.239e-6
-1.145, 3.239e-6
-1.146, 6.322e-6
-1.147, 3.239e-6
-1.148, 3.239e-6
-1.149, 3.239e-6
-1.150, 6.322e-6
-1.151, 3.239e-6
-1.152, 6.322e-6
-1.153, 6.322e-6
-1.154, 3.239e-6
-1.155, 3.239e-6
-1.156, 3.239e-6
-1.157, 3.239e-6
-1.158, 3.239e-6
-1.159, 3.239e-6
-1.160, 3.239e-6
-1.161, 3.239e-6
-1.162, 3.239e-6
-1.163, 3.239e-6
-1.164, 3.239e-6
-1.165, 3.239e-6
-1.166, 3.239e-6
-1.167, 3.239e-6
-1.168, 6.322e-6
-1.169, 3.239e-6
-1.170, 3.239e-6
-1.171, 6.322e-6
-1.172, 3.239e-6
-1.173, 3.239e-6
-1.174, 3.239e-6
-1.175, 6.322e-6
-1.176, 3.239e-6
-1.177, 6.322e-6
-1.178, 6.322e-6
-1.179, 6.322e-6
-1.180, 3.239e-6
-1.181, 6.322e-6
-1.182, 6.322e-6
-1.183, 6.322e-6
-1.184, 3.239e-6
-1.185, 6.322e-6
-1.186, 6.322e-6
-1.187, 6.322e-6
-1.188, 6.322e-6
-1.189, 6.322e-6
-1.190, 6.322e-6
-1.191, 3.239e-6
-1.192, 6.322e-6
-1.193, 3.239e-6
-1.194, 3.239e-6
-1.195, 6.322e-6
-1.196, 3.239e-6
-1.197, 3.239e-6
-1.198, 6.322e-6
-1.199, 3.239e-6
-1.200, 6.322e-6
-1.201, 3.239e-6
-1.202, 6.322e-6
-1.203, 6.322e-6
-1.204, 3.239e-6
-1.205, 6.322e-6
-1.206, 6.322e-6
-1.207, 3.239e-6
-1.208, 6.322e-6
-1.209, 3.239e-6
-1.210, 6.322e-6
-1.211, 6.322e-6
-1.212, 6.322e-6
-1.213, 6.322e-6
-1.214, 6.322e-6
-1.215, 6.322e-6
-1.216, 6.322e-6
-1.217, 6.322e-6
-1.218, 6.322e-6
-1.219, 6.322e-6
-1.220, 6.322e-6
-1.221, 6.322e-6
-1.222, 6.322e-6
-1.223, 6.322e-6
-1.224, 3.239e-6
-1.225, 6.322e-6
-1.226, 6.322e-6
-1.227, 6.322e-6
-1.228, 3.239e-6
-1.229, 6.322e-6
-1.230, 6.322e-6
-1.231, 6.322e-6
-1.232, 6.322e-6
-1.233, 6.322e-6
-1.234, 6.322e-6
-1.235, 6.322e-6
-1.236, 6.322e-6
-1.237, 6.322e-6
-1.238, 6.322e-6
-1.239, 6.322e-6
-1.240, 6.322e-6
-1.241, 6.322e-6
-1.242, 6.322e-6
-1.243, 3.239e-6
-1.244, 3.239e-6
-1.245, 6.322e-6
-1.246, 3.239e-6
-1.247, 6.322e-6
-1.248, 6.322e-6
-1.249, 6.322e-6
-1.250, 3.239e-6
-1.251, 6.322e-6
-1.252, 6.322e-6
-1.253, 6.322e-6
-1.254, 6.322e-6
-1.255, 6.322e-6
-1.256, 6.322e-6
-1.257, 6.322e-6
-1.258, 6.322e-6
-1.259, 6.322e-6
-1.260, 6.322e-6
-1.261, 6.322e-6
-1.262, 6.322e-6
-1.263, 6.322e-6
-1.264, 6.322e-6
-1.265, 6.322e-6
-1.266, 6.322e-6
-1.267, 6.322e-6
-1.268, 6.322e-6
-1.269, 6.322e-6
-1.270, 6.322e-6
-1.271, 6.322e-6
-1.272, 3.239e-6
-1.273, 6.322e-6
-1.274, 6.322e-6
-1.275, 6.322e-6
-1.276, 6.322e-6
-1.277, 6.322e-6
-1.278, 6.322e-6
-1.279, 6.322e-6
-1.280, 6.322e-6
-1.281, 6.322e-6
-1.282, 6.322e-6
-1.283, 6.322e-6
-1.284, 6.322e-6
-1.285, 6.322e-6
-1.286, 6.322e-6
-1.287, 6.322e-6
-1.288, 6.322e-6
-1.289, 6.322e-6
-1.290, 6.322e-6
-1.291, 6.322e-6
-1.292, 6.322e-6
-1.293, 6.322e-6
-1.294, 6.322e-6
-1.295, 6.322e-6
-1.296, 6.322e-6
-1.297, 6.322e-6
-1.298, 6.322e-6
-1.299, 6.322e-6
-1.300, 6.322e-6
-1.301, 6.322e-6
-1.302, 6.322e-6
-1.303, 6.322e-6
-1.304, 6.322e-6
-1.305, 6.322e-6
-1.306, 6.322e-6
-1.307, 6.322e-6
-1.308, 6.322e-6
-1.309, 6.322e-6
-1.310, 6.322e-6
-1.311, 6.322e-6
-1.312, 6.322e-6
-1.313, 6.322e-6
-1.314, 6.322e-6
-1.315, 6.322e-6
-1.316, 6.322e-6
-1.317, 6.322e-6
-1.318, 6.322e-6
-1.319, 6.322e-6
-1.320, 6.322e-6
-1.321, 6.322e-6
-1.322, 6.322e-6
-1.323, 6.322e-6
-1.324, 6.322e-6
-1.325, 6.322e-6
-1.326, 6.322e-6
-1.327, 6.322e-6
-1.328, 6.322e-6
-1.329, 6.322e-6
-1.330, 6.322e-6
-1.331, 6.322e-6
-1.332, 6.322e-6
-1.333, 6.322e-6
-1.334, 6.322e-6
-1.335, 6.322e-6
-1.336, 6.322e-6
-1.337, 6.322e-6
-1.338, 6.322e-6
-1.339, 6.322e-6
-1.340, 6.322e-6
-1.341, 6.322e-6
-1.342, 6.322e-6
-1.343, 6.322e-6
-1.344, 6.322e-6
-1.345, 6.322e-6
-1.346, 6.322e-6
-1.347, 6.322e-6
-1.348, 6.322e-6
-1.349, 6.322e-6
-1.350, 6.322e-6
-1.351, 6.322e-6
-1.352, 6.322e-6
-1.353, 6.322e-6
-1.354, 6.322e-6
-1.355, 6.322e-6
-1.356, 6.322e-6
-1.357, 6.322e-6
-1.358, 6.322e-6
-1.359, 6.322e-6
-1.360, 6.322e-6
-1.361, 6.322e-6
-1.362, 6.322e-6
-1.363, 6.322e-6
-1.364, 6.322e-6
-1.365, 6.322e-6
-1.366, 6.322e-6
-1.367, 6.322e-6
-1.368, 6.322e-6
-1.369, 6.322e-6
-1.370, 6.322e-6
-1.371, 6.322e-6
-1.372, 6.322e-6
-1.373, 6.322e-6
-1.374, 6.322e-6
-1.375, 6.322e-6
-1.376, 6.322e-6
-1.377, 6.322e-6
-1.378, 6.322e-6
-1.379, 6.322e-6
-1.380, 6.322e-6
-1.381, 6.322e-6
-1.382, 6.322e-6
-1.383, 6.322e-6
-1.384, 6.322e-6
-1.385, 6.322e-6
-1.386, 6.322e-6
-1.387, 6.322e-6
-1.388, 6.322e-6
-1.389, 6.322e-6
-1.390, 6.322e-6
-1.391, 6.322e-6
-1.392, 6.322e-6
-1.393, 6.322e-6
-1.394, 6.322e-6
-1.395, 9.405e-6
-1.396, 6.322e-6
-1.397, 6.322e-6
-1.398, 6.322e-6
-1.399, 6.322e-6
-1.400, 9.405e-6
-1.401, 6.322e-6
-1.402, 6.322e-6
-1.403, 6.322e-6
-1.404, 6.322e-6
-1.405, 6.322e-6
-1.406, 6.322e-6
-1.407, 6.322e-6
-1.408, 6.322e-6
-1.409, 9.405e-6
-1.410, 6.322e-6
-1.411, 6.322e-6
-1.412, 6.322e-6
-1.413, 6.322e-6
-1.414, 6.322e-6
-1.415, 9.405e-6
-1.416, 6.322e-6
-1.417, 6.322e-6
-1.418, 6.322e-6
-1.419, 9.405e-6
-1.420, 6.322e-6
-1.421, 6.322e-6
-1.422, 6.322e-6
-1.423, 6.322e-6
-1.424, 6.322e-6
-1.425, 6.322e-6
-1.426, 6.322e-6
-1.427, 6.322e-6
-1.428, 6.322e-6
-1.429, 6.322e-6
-1.430, 9.405e-6
-1.431, 6.322e-6
-1.432, 6.322e-6
-1.433, 6.322e-6
-1.434, 6.322e-6
-1.435, 9.405e-6
-1.436, 6.322e-6
-1.437, 6.322e-6
-1.438, 6.322e-6
-1.439, 6.322e-6
-1.440, 6.322e-6
-1.441, 6.322e-6
-1.442, 6.322e-6
-1.443, 6.322e-6
-1.444, 6.322e-6
-1.445, 9.405e-6
-1.446, 6.322e-6
-1.447, 6.322e-6
-1.448, 6.322e-6
-1.449, 6.322e-6
-1.450, 6.322e-6
-1.451, 6.322e-6
-1.452, 6.322e-6
-1.453, 6.322e-6
-1.454, 9.405e-6
-1.455, 9.405e-6
-1.456, 9.405e-6
-1.457, 6.322e-6
-1.458, 9.405e-6
-1.459, 9.405e-6
-1.460, 6.322e-6
-1.461, 9.405e-6
-1.462, 9.405e-6
-1.463, 9.405e-6
-1.464, 9.405e-6
-1.465, 9.405e-6
-1.466, 6.322e-6
-1.467, 9.405e-6
-1.468, 9.405e-6
-1.469, 6.322e-6
-1.470, 9.405e-6
-1.471, 6.322e-6
-1.472, 6.322e-6
-1.473, 9.405e-6
-1.474, 6.322e-6
-1.475, 9.405e-6
-1.476, 6.322e-6
-1.477, 9.405e-6
-1.478, 6.322e-6
-1.479, 9.405e-6
-1.480, 9.405e-6
-1.481, 6.322e-6
-1.482, 9.405e-6
-1.483, 9.405e-6
-1.484, 9.405e-6
-1.485, 9.405e-6
-1.486, 9.405e-6
-1.487, 9.405e-6
-1.488, 6.322e-6
-1.489, 9.405e-6
-1.490, 9.405e-6
-1.491, 9.405e-6
-1.492, 9.405e-6
-1.493, 9.405e-6
-1.494, 9.405e-6
-1.495, 9.405e-6
-1.496, 9.405e-6
-1.497, 9.405e-6
-1.498, 9.405e-6
-1.499, 9.405e-6
-1.500, 9.405e-6
-1.501, 9.405e-6
-1.502, 9.405e-6
-1.503, 9.405e-6
-1.504, 9.405e-6
-1.505, 9.405e-6
-1.506, 9.405e-6
-1.507, 9.405e-6
-1.508, 9.405e-6
-1.509, 9.405e-6
-1.510, 9.405e-6
-1.511, 9.405e-6
-1.512, 9.405e-6
-1.513, 9.405e-6
-1.514, 9.405e-6
-1.515, 9.405e-6
-1.516, 9.405e-6
-1.517, 9.405e-6
-1.518, 9.405e-6
-1.519, 9.405e-6
-1.520, 9.405e-6
-1.521, 9.405e-6
-1.522, 9.405e-6
-1.523, 9.405e-6
-1.524, 9.405e-6
-1.525, 9.405e-6
-1.526, 9.405e-6
-1.527, 9.405e-6
-1.528, 9.405e-6
-1.529, 9.405e-6
-1.530, 9.405e-6
-1.531, 9.405e-6
-1.532, 9.405e-6
-1.533, 9.405e-6
-1.534, 9.405e-6
-1.535, 9.405e-6
-1.536, 9.405e-6
-1.537, 9.405e-6
-1.538, 9.405e-6
-1.539, 9.405e-6
-1.540, 9.405e-6
-1.541, 9.405e-6
-1.542, 1.249e-5
-1.543, 9.405e-6
-1.544, 9.405e-6
-1.545, 9.405e-6
-1.546, 9.405e-6
-1.547, 9.405e-6
-1.548, 9.405e-6
-1.549, 9.405e-6
-1.550, 1.249e-5
-1.551, 1.249e-5
-1.552, 9.405e-6
-1.553, 1.249e-5
-1.554, 9.405e-6
-1.555, 1.249e-5
-1.556, 1.249e-5
-1.557, 9.405e-6
-1.558, 1.249e-5
-1.559, 1.249e-5
-1.560, 1.249e-5
-1.561, 1.249e-5
-1.562, 1.249e-5
-1.563, 1.249e-5
-1.564, 9.405e-6
-1.565, 1.249e-5
-1.566, 1.249e-5
-1.567, 1.249e-5
-1.568, 1.249e-5
-1.569, 1.249e-5
-1.570, 1.249e-5
-1.571, 1.249e-5
-1.572, 1.249e-5
-1.573, 1.249e-5
-1.574, 1.249e-5
-1.575, 1.249e-5
-1.576, 1.249e-5
-1.577, 1.249e-5
-1.578, 1.249e-5
-1.579, 1.249e-5
-1.580, 1.249e-5
-1.581, 1.249e-5
-1.582, 1.249e-5
-1.583, 1.249e-5
-1.584, 1.249e-5
-1.585, 1.249e-5
-1.586, 1.249e-5
-1.587, 1.249e-5
-1.588, 1.249e-5
-1.589, 1.557e-5
-1.590, 1.557e-5
-1.591, 1.557e-5
-1.592, 1.557e-5
-1.593, 1.557e-5
-1.594, 1.557e-5
-1.595, 1.557e-5
-1.596, 1.557e-5
-1.597, 1.557e-5
-1.598, 1.557e-5
-1.599, 1.557e-5
-1.600, 1.557e-5
-1.601, 1.557e-5
-1.602, 1.557e-5
-1.603, 1.557e-5
-1.604, 1.557e-5
-1.605, 1.557e-5
-1.606, 1.557e-5
-1.607, 1.557e-5
-1.608, 1.557e-5
-1.609, 1.557e-5
-1.610, 1.557e-5
-1.611, 1.865e-5
-1.612, 1.557e-5
-1.613, 1.865e-5
-1.614, 1.865e-5
-1.615, 1.865e-5
-1.616, 1.865e-5
-1.617, 1.865e-5
-1.618, 1.865e-5
-1.619, 1.865e-5
-1.620, 1.865e-5
-1.621, 1.865e-5
-1.622, 2.174e-5
-1.623, 2.174e-5
-1.624, 2.174e-5
-1.625, 2.174e-5
-1.626, 2.174e-5
-1.627, 2.174e-5
-1.628, 2.174e-5
-1.629, 2.174e-5
-1.630, 2.174e-5
-1.631, 2.174e-5
-1.632, 2.482e-5
-1.633, 2.482e-5
-1.634, 2.482e-5
-1.635, 2.482e-5
-1.636, 2.482e-5
-1.637, 2.482e-5
-1.638, 2.482e-5
-1.639, 2.482e-5
-1.640, 2.482e-5
-1.641, 2.790e-5
-1.642, 2.482e-5
-1.643, 2.790e-5
-1.644, 2.790e-5
-1.645, 2.790e-5
-1.646, 2.790e-5
-1.647, 2.790e-5
-1.648, 2.790e-5
-1.649, 3.099e-5
-1.650, 3.099e-5
-1.651, 3.099e-5
-1.652, 3.099e-5
-1.653, 3.099e-5
-1.654, 3.099e-5
-1.655, 3.407e-5
-1.656, 3.407e-5
-1.657, 3.407e-5
-1.658, 3.407e-5
-1.659, 3.407e-5
-1.660, 3.715e-5
-1.661, 3.715e-5
-1.662, 3.715e-5
-1.663, 3.715e-5
-1.664, 4.024e-5
-1.665, 4.024e-5
-1.666, 4.024e-5
-1.667, 4.332e-5
-1.668, 4.332e-5
-1.669, 4.332e-5
-1.670, 4.640e-5
-1.671, 4.640e-5
-1.672, 4.640e-5
-1.673, 4.640e-5
-1.674, 4.640e-5
-1.675, 4.949e-5
-1.676, 4.949e-5
-1.677, 4.949e-5
-1.678, 5.257e-5
-1.679, 5.257e-5
-1.680, 5.257e-5
-1.681, 5.565e-5
-1.682, 5.565e-5
-1.683, 5.565e-5
-1.684, 5.873e-5
-1.685, 5.873e-5
-1.686, 6.182e-5
-1.687, 6.182e-5
-1.688, 6.182e-5
-1.689, 6.490e-5
-1.690, 6.490e-5
-1.691, 6.798e-5
-1.692, 6.798e-5
-1.693, 6.798e-5
-1.694, 7.107e-5
-1.695, 7.107e-5
-1.696, 7.415e-5
-1.697, 7.415e-5
-1.698, 7.723e-5
-1.699, 7.723e-5
-1.700, 8.032e-5
-1.701, 8.340e-5
-1.702, 8.340e-5
-1.703, 8.648e-5
-1.704, 8.648e-5
-1.705, 8.957e-5
-1.706, 8.957e-5
-1.707, 9.265e-5
-1.708, 9.573e-5
-1.709, 9.573e-5
-1.710, 9.882e-5
-1.711, 9.882e-5
-1.712, 1.019e-4
-1.713, 1.050e-4
-1.714, 1.050e-4
-1.715, 1.081e-4
-1.716, 1.111e-4
-1.717, 1.111e-4
-1.718, 1.142e-4
-1.719, 1.173e-4
-1.720, 1.204e-4
-1.721, 1.235e-4
-1.722, 1.235e-4
-1.723, 1.266e-4
-1.724, 1.296e-4
-1.725, 1.327e-4
-1.726, 1.358e-4
-1.727, 1.389e-4
-1.728, 1.420e-4
-1.729, 1.420e-4
-1.730, 1.481e-4
-1.731, 1.481e-4
-1.732, 1.512e-4
-1.733, 1.543e-4
-1.734, 1.574e-4
-1.735, 1.605e-4
-1.736, 1.636e-4
-1.737, 1.666e-4
-1.738, 1.697e-4
-1.739, 1.728e-4
-1.740, 1.790e-4
-1.741, 1.821e-4
-1.742, 1.851e-4
-1.743, 1.882e-4
-1.744, 1.913e-4
-1.745, 1.975e-4
-1.746, 2.006e-4
-1.747, 2.036e-4
-1.748, 2.067e-4
-1.749, 2.098e-4
-1.750, 2.160e-4
-1.751, 2.191e-4
-1.752, 2.221e-4
-1.753, 2.283e-4
-1.754, 2.314e-4
-1.755, 2.376e-4
-1.756, 2.406e-4
-1.757, 2.468e-4
-1.758, 2.499e-4
-1.759, 2.561e-4
-1.760, 2.622e-4
-1.761, 2.653e-4
-1.762, 2.715e-4
-1.763, 2.776e-4
-1.764, 2.807e-4
-1.765, 2.869e-4
-1.766, 2.931e-4
-1.767, 2.992e-4
-1.768, 3.023e-4
-1.769, 3.085e-4
-1.770, 3.146e-4
-1.771, 3.208e-4
-1.772, 3.270e-4
-1.773, 3.331e-4
-1.774, 3.393e-4
-1.775, 3.455e-4
-1.776, 3.547e-4
-1.777, 3.609e-4
-1.778, 3.670e-4
-1.779, 3.732e-4
-1.780, 3.794e-4
-1.781, 3.886e-4
-1.782, 3.948e-4
-1.783, 4.040e-4
-1.784, 4.102e-4
-1.785, 4.195e-4
-1.786, 4.256e-4
-1.787, 4.349e-4
-1.788, 4.410e-4
-1.789, 4.503e-4
-1.790, 4.595e-4
-1.791, 4.688e-4
-1.792, 4.780e-4
-1.793, 4.873e-4
-1.794, 4.935e-4
-1.795, 5.058e-4
-1.796, 5.150e-4
-1.797, 5.243e-4
-1.798, 5.335e-4
-1.799, 5.428e-4
-1.800, 5.551e-4
-1.801, 5.674e-4
-1.802, 5.767e-4
-1.803, 5.859e-4
-1.804, 5.983e-4
-1.805, 6.106e-4
-1.806, 6.199e-4
-1.807, 6.322e-4
-1.808, 6.445e-4
-1.809, 6.569e-4
-1.810, 6.692e-4
-1.811, 6.815e-4
-1.812, 6.969e-4
-1.813, 7.062e-4
-1.814, 7.216e-4
-1.815, 7.370e-4
-1.816, 7.494e-4
-1.817, 7.648e-4
-1.818, 7.802e-4
-1.819, 7.925e-4
-1.820, 8.079e-4
-1.821, 8.264e-4
-1.822, 8.418e-4
-1.823, 8.573e-4
-1.824, 8.727e-4
-1.825, 8.881e-4
-1.826, 9.066e-4
-1.827, 9.251e-4
-1.828, 9.405e-4
-1.829, 9.590e-4
-1.830, 9.744e-4
-1.831, 9.960e-4
-1.832, 1.014e-3
-1.833, 1.033e-3
-1.834, 1.051e-3
-1.835, 1.073e-3
-1.836, 1.092e-3
-1.837, 1.113e-3
-1.838, 1.135e-3
-1.839, 1.153e-3
-1.840, 1.178e-3
-1.841, 1.199e-3
-1.842, 1.221e-3
-1.843, 1.243e-3
-1.844, 1.264e-3
-1.845, 1.289e-3
-1.846, 1.314e-3
-1.847, 1.338e-3
-1.848, 1.363e-3
-1.849, 1.388e-3
-1.850, 1.415e-3
-1.851, 1.440e-3
-1.852, 1.468e-3
-1.853, 1.495e-3
-1.854, 1.520e-3
-1.855, 1.548e-3
-1.856, 1.579e-3
-1.857, 1.610e-3
-1.858, 1.637e-3
-1.859, 1.668e-3
-1.860, 1.699e-3
-1.861, 1.730e-3
-1.862, 1.761e-3
-1.863, 1.791e-3
-1.864, 1.822e-3
-1.865, 1.859e-3
-1.866, 1.890e-3
-1.867, 1.927e-3
-1.868, 1.961e-3
-1.869, 1.995e-3
-1.870, 2.029e-3
-1.871, 2.066e-3
-1.872, 2.103e-3
-1.873, 2.140e-3
-1.874, 2.177e-3
-1.875, 2.214e-3
-1.876, 2.254e-3
-1.877, 2.294e-3
-1.878, 2.331e-3
-1.879, 2.371e-3
-1.880, 2.414e-3
-1.881, 2.457e-3
-1.882, 2.501e-3
-1.883, 2.541e-3
-1.884, 2.581e-3
-1.885, 2.627e-3
-1.886, 2.673e-3
-1.887, 2.716e-3
-1.888, 2.763e-3
-1.889, 2.806e-3
-1.890, 2.855e-3
-1.891, 2.901e-3
-1.892, 2.951e-3
-1.893, 2.997e-3
-1.894, 3.043e-3
-1.895, 3.096e-3
-1.896, 3.148e-3
-1.897, 3.197e-3
-1.898, 3.250e-3
-1.899, 3.299e-3
-1.900, 3.327e-3
-1.899, 3.305e-3
-1.898, 3.281e-3
-1.897, 3.253e-3
-1.896, 3.228e-3
-1.895, 3.204e-3
-1.894, 3.176e-3
-1.893, 3.148e-3
-1.892, 3.117e-3
-1.891, 3.089e-3
-1.890, 3.062e-3
-1.889, 3.034e-3
-1.888, 3.003e-3
-1.887, 2.972e-3
-1.886, 2.945e-3
-1.885, 2.917e-3
-1.884, 2.886e-3
-1.883, 2.858e-3
-1.882, 2.827e-3
-1.881, 2.797e-3
-1.880, 2.769e-3
-1.879, 2.741e-3
-1.878, 2.710e-3
-1.877, 2.679e-3
-1.876, 2.649e-3
-1.875, 2.621e-3
-1.874, 2.593e-3
-1.873, 2.565e-3
-1.872, 2.534e-3
-1.871, 2.504e-3
-1.870, 2.476e-3
-1.869, 2.448e-3
-1.868, 2.420e-3
-1.867, 2.390e-3
-1.866, 2.359e-3
-1.865, 2.334e-3
-1.864, 2.303e-3
-1.863, 2.279e-3
-1.862, 2.248e-3
-1.861, 2.220e-3
-1.860, 2.195e-3
-1.859, 2.168e-3
-1.858, 2.143e-3
-1.857, 2.115e-3
-1.856, 2.087e-3
-1.855, 2.063e-3
-1.854, 2.035e-3
-1.853, 2.010e-3
-1.852, 1.986e-3
-1.851, 1.958e-3
-1.850, 1.933e-3
-1.849, 1.912e-3
-1.848, 1.887e-3
-1.847, 1.859e-3
-1.846, 1.835e-3
-1.845, 1.813e-3
-1.844, 1.788e-3
-1.843, 1.764e-3
-1.842, 1.742e-3
-1.841, 1.717e-3
-1.840, 1.696e-3
-1.839, 1.674e-3
-1.838, 1.650e-3
-1.837, 1.628e-3
-1.836, 1.603e-3
-1.835, 1.582e-3
-1.834, 1.560e-3
-1.833, 1.539e-3
-1.832, 1.517e-3
-1.831, 1.495e-3
-1.830, 1.477e-3
-1.829, 1.455e-3
-1.828, 1.437e-3
-1.827, 1.415e-3
-1.826, 1.397e-3
-1.825, 1.375e-3
-1.824, 1.357e-3
-1.823, 1.338e-3
-1.822, 1.317e-3
-1.821, 1.298e-3
-1.820, 1.280e-3
-1.819, 1.264e-3
-1.818, 1.246e-3
-1.817, 1.227e-3
-1.816, 1.209e-3
-1.815, 1.193e-3
-1.814, 1.175e-3
-1.813, 1.159e-3
-1.812, 1.141e-3
-1.811, 1.125e-3
-1.810, 1.107e-3
-1.809, 1.092e-3
-1.808, 1.076e-3
-1.807, 1.061e-3
-1.806, 1.045e-3
-1.805, 1.030e-3
-1.804, 1.014e-3
-1.803, 9.991e-4
-1.802, 9.837e-4
-1.801, 9.683e-4
-1.800, 9.528e-4
-1.799, 9.405e-4
-1.798, 9.251e-4
-1.797, 9.128e-4
-1.796, 8.973e-4
-1.795, 8.850e-4
-1.794, 8.727e-4
-1.793, 8.603e-4
-1.792, 8.449e-4
-1.791, 8.326e-4
-1.790, 8.203e-4
-1.789, 8.079e-4
-1.788, 7.956e-4
-1.787, 7.833e-4
-1.786, 7.709e-4
-1.785, 7.586e-4
-1.784, 7.463e-4
-1.783, 7.339e-4
-1.782, 7.247e-4
-1.781, 7.124e-4
-1.780, 7.000e-4
-1.779, 6.908e-4
-1.778, 6.784e-4
-1.777, 6.692e-4
-1.776, 6.569e-4
-1.775, 6.476e-4
-1.774, 6.384e-4
-1.773, 6.291e-4
-1.772, 6.168e-4
-1.771, 6.075e-4
-1.770, 5.983e-4
-1.769, 5.890e-4
-1.768, 5.798e-4
-1.767, 5.705e-4
-1.766, 5.613e-4
-1.765, 5.551e-4
-1.764, 5.459e-4
-1.763, 5.366e-4
-1.762, 5.274e-4
-1.761, 5.181e-4
-1.760, 5.089e-4
-1.759, 5.027e-4
-1.758, 4.935e-4
-1.757, 4.873e-4
-1.756, 4.780e-4
-1.755, 4.719e-4
-1.754, 4.626e-4
-1.753, 4.565e-4
-1.752, 4.472e-4
-1.751, 4.410e-4
-1.750, 4.349e-4
-1.749, 4.287e-4
-1.748, 4.195e-4
-1.747, 4.133e-4
-1.746, 4.071e-4
-1.745, 4.010e-4
-1.744, 3.948e-4
-1.743, 3.886e-4
-1.742, 3.825e-4
-1.741, 3.763e-4
-1.740, 3.701e-4
-1.739, 3.640e-4
-1.738, 3.578e-4
-1.737, 3.516e-4
-1.736, 3.455e-4
-1.735, 3.393e-4
-1.734, 3.362e-4
-1.733, 3.300e-4
-1.732, 3.239e-4
-1.731, 3.177e-4
-1.730, 3.146e-4
-1.729, 3.085e-4
-1.728, 3.023e-4
-1.727, 2.992e-4
-1.726, 2.931e-4
-1.725, 2.900e-4
-1.724, 2.838e-4
-1.723, 2.776e-4
-1.722, 2.746e-4
-1.721, 2.684e-4
-1.720, 2.653e-4
-1.719, 2.622e-4
-1.718, 2.561e-4
-1.717, 2.530e-4
-1.716, 2.468e-4
-1.715, 2.437e-4
-1.714, 2.406e-4
-1.713, 2.345e-4
-1.712, 2.314e-4
-1.711, 2.283e-4
-1.710, 2.252e-4
-1.709, 2.221e-4
-1.708, 2.191e-4
-1.707, 2.129e-4
-1.706, 2.098e-4
-1.705, 2.067e-4
-1.704, 2.036e-4
-1.703, 2.006e-4
-1.702, 1.975e-4
-1.701, 1.913e-4
-1.700, 1.882e-4
-1.699, 1.851e-4
-1.698, 1.821e-4
-1.697, 1.790e-4
-1.696, 1.759e-4
-1.695, 1.728e-4
-1.694, 1.728e-4
-1.693, 1.666e-4
-1.692, 1.666e-4
-1.691, 1.636e-4
-1.690, 1.605e-4
-1.689, 1.574e-4
-1.688, 1.543e-4
-1.687, 1.512e-4
-1.686, 1.481e-4
-1.685, 1.451e-4
-1.684, 1.420e-4
-1.683, 1.420e-4
-1.682, 1.389e-4
-1.681, 1.358e-4
-1.680, 1.358e-4
-1.679, 1.327e-4
-1.678, 1.296e-4
-1.677, 1.266e-4
-1.676, 1.235e-4
-1.675, 1.235e-4
-1.674, 1.204e-4
-1.673, 1.173e-4
-1.672, 1.173e-4
-1.671, 1.142e-4
-1.670, 1.111e-4
-1.669, 1.111e-4
-1.668, 1.081e-4
-1.667, 1.050e-4
-1.666, 1.050e-4
-1.665, 1.019e-4
-1.664, 9.882e-5
-1.663, 9.882e-5
-1.662, 9.882e-5
-1.661, 9.573e-5
-1.660, 9.573e-5
-1.659, 9.265e-5
-1.658, 8.957e-5
-1.657, 8.957e-5
-1.656, 8.648e-5
-1.655, 8.648e-5
-1.654, 8.340e-5
-1.653, 8.340e-5
-1.652, 8.032e-5
-1.651, 8.032e-5
-1.650, 7.723e-5
-1.649, 7.723e-5
-1.648, 7.415e-5
-1.647, 7.415e-5
-1.646, 7.415e-5
-1.645, 7.107e-5
-1.644, 7.107e-5
-1.643, 6.798e-5
-1.642, 6.798e-5
-1.641, 6.798e-5
-1.640, 6.490e-5
-1.639, 6.490e-5
-1.638, 6.182e-5
-1.637, 6.182e-5
-1.636, 5.873e-5
-1.635, 5.873e-5
-1.634, 5.873e-5
-1.633, 5.565e-5
-1.632, 5.565e-5
-1.631, 5.565e-5
-1.630, 5.565e-5
-1.629, 5.257e-5
-1.628, 5.257e-5
-1.627, 5.257e-5
-1.626, 4.949e-5
-1.625, 4.949e-5
-1.624, 4.949e-5
-1.623, 4.640e-5
-1.622, 4.640e-5
-1.621, 4.640e-5
-1.620, 4.332e-5
-1.619, 4.332e-5
-1.618, 4.332e-5
-1.617, 4.024e-5
-1.616, 4.024e-5
-1.615, 4.024e-5
-1.614, 4.024e-5
-1.613, 3.715e-5
-1.612, 3.715e-5
-1.611, 3.715e-5
-1.610, 3.715e-5
-1.609, 3.715e-5
-1.608, 3.407e-5
-1.607, 3.407e-5
-1.606, 3.407e-5
-1.605, 3.407e-5
-1.604, 3.407e-5
-1.603, 3.099e-5
-1.602, 3.099e-5
-1.601, 3.099e-5
-1.600, 3.099e-5
-1.599, 2.790e-5
-1.598, 2.790e-5
-1.597, 2.790e-5
-1.596, 2.790e-5
-1.595, 2.790e-5
-1.594, 2.482e-5
-1.593, 2.482e-5
-1.592, 2.482e-5
-1.591, 2.482e-5
-1.590, 2.482e-5
-1.589, 2.174e-5
-1.588, 2.174e-5
-1.587, 2.174e-5
-1.586, 2.174e-5
-1.585, 2.174e-5
-1.584, 2.174e-5
-1.583, 2.174e-5
-1.582, 2.174e-5
-1.581, 2.174e-5
-1.580, 1.865e-5
-1.579, 1.865e-5
-1.578, 1.865e-5
-1.577, 1.865e-5
-1.576, 1.865e-5
-1.575, 1.865e-5
-1.574, 1.865e-5
-1.573, 1.557e-5
-1.572, 1.557e-5
-1.571, 1.557e-5
-1.570, 1.557e-5
-1.569, 1.557e-5
-1.568, 1.557e-5
-1.567, 1.557e-5
-1.566, 1.557e-5
-1.565, 1.557e-5
-1.564, 1.557e-5
-1.563, 1.557e-5
-1.562, 1.557e-5
-1.561, 1.249e-5
-1.560, 1.249e-5
-1.559, 1.249e-5
-1.558, 1.249e-5
-1.557, 1.249e-5
-1.556, 1.249e-5
-1.555, 1.249e-5
-1.554, 1.249e-5
-1.553, 1.249e-5
-1.552, 1.249e-5
-1.551, 1.249e-5
-1.550, 1.249e-5
-1.549, 9.405e-6
-1.548, 9.405e-6
-1.547, 9.405e-6
-1.546, 9.405e-6
-1.545, 9.405e-6
-1.544, 9.405e-6
-1.543, 9.405e-6
-1.542, 9.405e-6
-1.541, 9.405e-6
-1.540, 9.405e-6
-1.539, 9.405e-6
-1.538, 6.322e-6
-1.537, 6.322e-6
-1.536, 9.405e-6
-1.535, 9.405e-6
-1.534, 6.322e-6
-1.533, 6.322e-6
-1.532, 6.322e-6
-1.531, 6.322e-6
-1.530, 6.322e-6
-1.529, 6.322e-6
-1.528, 6.322e-6
-1.527, 6.322e-6
-1.526, 6.322e-6
-1.525, 6.322e-6
-1.524, 6.322e-6
-1.523, 6.322e-6
-1.522, 6.322e-6
-1.521, 6.322e-6
-1.520, 6.322e-6
-1.519, 6.322e-6
-1.518, 6.322e-6
-1.517, 6.322e-6
-1.516, 6.322e-6
-1.515, 6.322e-6
-1.514, 6.322e-6
-1.513, 6.322e-6
-1.512, 6.322e-6
-1.511, 3.239e-6
-1.510, 6.322e-6
-1.509, 3.239e-6
-1.508, 3.239e-6
-1.507, 3.239e-6
-1.506, 3.239e-6
-1.505, 3.239e-6
-1.504, 3.239e-6
-1.503, 3.239e-6
-1.502, 3.239e-6
-1.501, 3.239e-6
-1.500, 3.239e-6
-1.499, 3.239e-6
-1.498, 3.239e-6
-1.497, 3.239e-6
-1.496, 3.239e-6
-1.495, 3.239e-6
-1.494, 3.239e-6
-1.493, 3.239e-6
-1.492, 3.239e-6
-1.491, 3.239e-6
-1.490, 3.239e-6
-1.489, 3.239e-6
-1.488, 3.239e-6
-1.487, 3.239e-6
-1.486, 3.239e-6
-1.485, 3.239e-6
-1.484, 3.239e-6
-1.483, 3.239e-6
-1.482, 3.239e-6
-1.481, 3.239e-6
-1.480, 3.239e-6
-1.479, 3.239e-6
-1.478, 3.239e-6
-1.477, 3.239e-6
-1.476, 3.239e-6
-1.475, 3.239e-6
-1.474, 1.559e-7
-1.473, 3.239e-6
-1.472, 1.559e-7
-1.471, 3.239e-6
-1.470, 3.239e-6
-1.469, 3.239e-6
-1.468, 1.559e-7
-1.467, 3.239e-6
-1.466, 3.239e-6
-1.465, 3.239e-6
-1.464, 3.239e-6
-1.463, 1.559e-7
-1.462, 1.559e-7
-1.461, 1.559e-7
-1.460, 1.559e-7
-1.459, 1.559e-7
-1.458, 1.559e-7
-1.457, 1.559e-7
-1.456, 1.559e-7
-1.455, 1.559e-7
-1.454, 1.559e-7
-1.453, 1.559e-7
-1.452, 1.559e-7
-1.451, 1.559e-7
-1.450, 1.559e-7
-1.449, 1.559e-7
-1.448, 1.559e-7
-1.447, 1.559e-7
-1.446, 1.559e-7
-1.445, 1.559e-7
-1.444, 1.559e-7
-1.443, 1.559e-7
-1.442, 3.239e-6
-1.441, 1.559e-7
-1.440, 1.559e-7
-1.439, 1.559e-7
-1.438, 1.559e-7
-1.437, 1.559e-7
-1.436, 1.559e-7
-1.435, 1.559e-7
-1.434, 1.559e-7
-1.433, 1.559e-7
-1.432, 1.559e-7
-1.431, 1.559e-7
-1.430, 1.559e-7
-1.429, 1.559e-7
-1.428, 1.559e-7
-1.427, 1.559e-7
-1.426, 1.559e-7
-1.425, 1.559e-7
-1.424, 1.559e-7
-1.423, 1.559e-7
-1.422, 1.559e-7
-1.421, 1.559e-7
-1.420, 1.559e-7
-1.419, 1.559e-7
-1.418, 1.559e-7
-1.417, 1.559e-7
-1.416, 1.559e-7
-1.415, 1.559e-7
-1.414, 1.559e-7
-1.413, 1.559e-7
-1.412, 1.559e-7
-1.411, 1.559e-7
-1.410, 1.559e-7
-1.409, 1.559e-7
-1.408, 1.559e-7
-1.407, 1.559e-7
-1.406, 1.559e-7
-1.405, 1.559e-7
-1.404, 1.559e-7
-1.403, 1.559e-7
-1.402, 1.559e-7
-1.401, 1.559e-7
-1.400, 1.559e-7
-1.399, 1.559e-7
-1.398, 1.559e-7
-1.397, 1.559e-7
-1.396, 1.559e-7
-1.395, 1.559e-7
-1.394, 1.559e-7
-1.393, 1.559e-7
-1.392, 1.559e-7
-1.391, 1.559e-7
-1.390, 1.559e-7
-1.389, 1.559e-7
-1.388, 1.559e-7
-1.387, 1.559e-7
-1.386, 1.559e-7
-1.385, 1.559e-7
-1.384, 1.559e-7
-1.383, 1.559e-7
-1.382, 1.559e-7
-1.381, 1.559e-7
-1.380, 1.559e-7
-1.379, 1.559e-7
-1.378, 1.559e-7
-1.377, 1.559e-7
-1.376, 1.559e-7
-1.375, 1.559e-7
-1.374, 1.559e-7
-1.373, 1.559e-7
-1.372, 1.559e-7
-1.371, 1.559e-7
-1.370, 1.559e-7
-1.369, 1.559e-7
-1.368, 1.559e-7
-1.367, 1.559e-7
-1.366, 1.559e-7
-1.365, 1.559e-7
-1.364, 1.559e-7
-1.363, 1.559e-7
-1.362, 1.559e-7
-1.361, 1.559e-7
-1.360, 1.559e-7
-1.359, 1.559e-7
-1.358, 1.559e-7
-1.357, 1.559e-7
-1.356, 1.559e-7
-1.355, 1.559e-7
-1.354, 1.559e-7
-1.353, 1.559e-7
-1.352, 1.559e-7
-1.351, 1.559e-7
-1.350, 1.559e-7
-1.349, 1.559e-7
-1.348, 1.559e-7
-1.347, 1.559e-7
-1.346, 1.559e-7
-1.345, 1.559e-7
-1.344, 1.559e-7
-1.343, 1.559e-7
-1.342, 1.559e-7
-1.341, 1.559e-7
-1.340, 1.559e-7
-1.339, 1.559e-7
-1.338, 1.559e-7
-1.337, 1.559e-7
-1.336, 1.559e-7
-1.335, 1.559e-7
-1.334, 1.559e-7
-1.333, 1.559e-7
-1.332, 1.559e-7
-1.331, 1.559e-7
-1.330, 1.559e-7
-1.329, 1.559e-7
-1.328, 1.559e-7
-1.327, 1.559e-7
-1.326, 1.559e-7
-1.325, 1.559e-7
-1.324, 1.559e-7
-1.323, 1.559e-7
-1.322, 1.559e-7
-1.321, 1.559e-7
-1.320, 1.559e-7
-1.319, 1.559e-7
-1.318, 1.559e-7
-1.317, 1.559e-7
-1.316, 1.559e-7
-1.315, 1.559e-7
-1.314, 1.559e-7
-1.313, 1.559e-7
-1.312, -2.927e-6
-1.311, -2.927e-6
-1.310, 1.559e-7
-1.309, 1.559e-7
-1.308, 1.559e-7
-1.307, 1.559e-7
-1.306, 1.559e-7
-1.305, 1.559e-7
-1.304, 1.559e-7
-1.303, 1.559e-7
-1.302, 1.559e-7
-1.301, 1.559e-7
-1.300, 1.559e-7
-1.299, 1.559e-7
-1.298, 1.559e-7
-1.297, 1.559e-7
-1.296, -2.927e-6
-1.295, 1.559e-7
-1.294, 1.559e-7
-1.293, 1.559e-7
-1.292, 1.559e-7
-1.291, 1.559e-7
-1.290, 1.559e-7
-1.289, 1.559e-7
-1.288, 1.559e-7
-1.287, 1.559e-7
-1.286, 1.559e-7
-1.285, 1.559e-7
-1.284, 1.559e-7
-1.283, 1.559e-7
-1.282, 1.559e-7
-1.281, 1.559e-7
-1.280, 1.559e-7
-1.279, 1.559e-7
-1.278, 1.559e-7
-1.277, 1.559e-7
-1.276, 1.559e-7
-1.275, 1.559e-7
-1.274, 1.559e-7
-1.273, 1.559e-7
-1.272, 1.559e-7
-1.271, 1.559e-7
-1.270, 1.559e-7
-1.269, -2.927e-6
-1.268, 1.559e-7
-1.267, 1.559e-7
-1.266, -2.927e-6
-1.265, 1.559e-7
-1.264, 1.559e-7
-1.263, 1.559e-7
-1.262, 1.559e-7
-1.261, 1.559e-7
-1.260, 1.559e-7
-1.259, -2.927e-6
-1.258, 1.559e-7
-1.257, 1.559e-7
-1.256, 1.559e-7
-1.255, 1.559e-7
-1.254, -2.927e-6
-1.253, -2.927e-6
-1.252, 1.559e-7
-1.251, 1.559e-7
-1.250, 1.559e-7
-1.249, 1.559e-7
-1.248, 1.559e-7
-1.247, 1.559e-7
-1.246, 1.559e-7
-1.245, 1.559e-7
-1.244, 1.559e-7
-1.243, 1.559e-7
-1.242, 1.559e-7
-1.241, -2.927e-6
-1.240, 1.559e-7
-1.239, 1.559e-7
-1.238, -2.927e-6
-1.237, 1.559e-7
-1.236, 1.559e-7
-1.235, 1.559e-7
-1.234, 1.559e-7
-1.233, -2.927e-6
-1.232, 1.559e-7
-1.231, -2.927e-6
-1.230, 1.559e-7
-1.229, 1.559e-7
-1.228, 1.559e-7
-1.227, 1.559e-7
-1.226, -2.927e-6
-1.225, 1.559e-7
-1.224, -2.927e-6
-1.223, 1.559e-7
-1.222, 1.559e-7
-1.221, -2.927e-6
-1.220, -2.927e-6
-1.219, 1.559e-7
-1.218, -2.927e-6
-1.217, 1.559e-7
-1.216, 1.559e-7
-1.215, 1.559e-7
-1.214, -2.927e-6
-1.213, 1.559e-7
-1.212, 1.559e-7
-1.211, -2.927e-6
-1.210, 1.559e-7
-1.209, -2.927e-6
-1.208, 1.559e-7
-1.207, 1.559e-7
-1.206, 1.559e-7
-1.205, 1.559e-7
-1.204, 1.559e-7
-1.203, 1.559e-7
-1.202, 1.559e-7
-1.201, -2.927e-6
-1.200, -2.927e-6
-1.199, -2.927e-6
-1.198, -2.927e-6
-1.197, 1.559e-7
-1.196, -2.927e-6
-1.195, -2.927e-6
-1.194, 1.559e-7
-1.193, -2.927e-6
-1.192, 1.559e-7
-1.191, 1.559e-7
-1.190, 1.559e-7
-1.189, 1.559e-7
-1.188, -2.927e-6
-1.187, 1.559e-7
-1.186, 1.559e-7
-1.185, 1.559e-7
-1.184, -2.927e-6
-1.183, 1.559e-7
-1.182, 1.559e-7
-1.181, -2.927e-6
-1.180, 1.559e-7
-1.179, 1.559e-7
-1.178, 1.559e-7
-1.177, -2.927e-6
-1.176, -2.927e-6
-1.175, 1.559e-7
-1.174, 1.559e-7
-1.173, -2.927e-6
-1.172, -2.927e-6
-1.171, -2.927e-6
-1.170, -2.927e-6
-1.169, 1.559e-7
-1.168, -2.927e-6
-1.167, 1.559e-7
-1.166, -2.927e-6
-1.165, 1.559e-7
-1.164, -2.927e-6
-1.163, 1.559e-7
-1.162, -2.927e-6
-1.161, -2.927e-6
-1.160, 1.559e-7
-1.159, 1.559e-7
-1.158, -2.927e-6
-1.157, 1.559e-7
-1.156, 1.559e-7
-1.155, -2.927e-6
-1.154, -2.927e-6
-1.153, 1.559e-7
-1.152, 1.559e-7
-1.151, 1.559e-7
-1.150, 1.559e-7
-1.149, -2.927e-6
-1.148, -2.927e-6
-1.147, 1.559e-7
-1.146, -2.927e-6
-1.145, 1.559e-7
-1.144, -2.927e-6
-1.143, 1.559e-7
-1.142, 1.559e-7
-1.141, 1.559e-7
-1.140, 1.559e-7
-1.139, -2.927e-6
-1.138, 1.559e-7
-1.137, 1.559e-7
-1.136, -2.927e-6
-1.135, 1.559e-7
-1.134, -2.927e-6
-1.133, -2.927e-6
-1.132, -2.927e-6
-1.131, 1.559e-7
-1.130, -2.927e-6
-1.129, -2.927e-6
-1.128, -2.927e-6
-1.127, -2.927e-6
-1.126, -2.927e-6
-1.125, 1.559e-7
-1.124, -2.927e-6
-1.123, -2.927e-6
-1.122, -2.927e-6
-1.121, -2.927e-6
-1.120, -2.927e-6
-1.119, 1.559e-7
-1.118, 1.559e-7
-1.117, -2.927e-6
-1.116, 1.559e-7
-1.115, -2.927e-6
-1.114, 1.559e-7
-1.113, 1.559e-7
-1.112, -2.927e-6
-1.111, -2.927e-6
-1.110, -2.927e-6
-1.109, -2.927e-6
-1.108, -2.927e-6
-1.107, -2.927e-6
-1.106, -2.927e-6
-1.105, 1.559e-7
-1.104, -2.927e-6
-1.103, -2.927e-6
-1.102, -2.927e-6
-1.101, 1.559e-7
-1.100, -2.927e-6
-1.099, -2.927e-6
-1.098, 1.559e-7
-1.097, -2.927e-6
-1.096, 1.559e-7
-1.095, -2.927e-6
-1.094, -2.927e-6
-1.093, 1.559e-7
-1.092, -2.927e-6
-1.091, -2.927e-6
-1.090, -2.927e-6
-1.089, 1.559e-7
-1.088, 1.559e-7
-1.087, -2.927e-6
-1.086, 1.559e-7
-1.085, -2.927e-6
-1.084, -2.927e-6
-1.083, 1.559e-7
-1.082, -2.927e-6
-1.081, 1.559e-7
-1.080, -2.927e-6
-1.079, 1.559e-7
-1.078, -2.927e-6
-1.077, -2.927e-6
-1.076, -2.927e-6
-1.075, -2.927e-6
-1.074, -2.927e-6
-1.073, -2.927e-6
-1.072, -2.927e-6
-1.071, -2.927e-6
-1.070, -2.927e-6
-1.069, -2.927e-6
-1.068, 1.559e-7
-1.067, 1.559e-7
-1.066, -2.927e-6
-1.065, -2.927e-6
-1.064, -2.927e-6
-1.063, -2.927e-6
-1.062, -2.927e-6
-1.061, -2.927e-6
-1.060, -2.927e-6
-1.059, 1.559e-7
-1.058, -2.927e-6
-1.057, 1.559e-7
-1.056, -2.927e-6
-1.055, 1.559e-7
-1.054, -2.927e-6
-1.053, -2.927e-6
-1.052, -2.927e-6
-1.051, 1.559e-7
-1.050, -2.927e-6
-1.049, 1.559e-7
-1.048, -2.927e-6
-1.047, -2.927e-6
-1.046, -2.927e-6
-1.045, -2.927e-6
-1.044, -2.927e-6
-1.043, -2.927e-6
-1.042, -2.927e-6
-1.041, -2.927e-6
-1.040, -2.927e-6
-1.039, -2.927e-6
-1.038, -2.927e-6
-1.037, -2.927e-6
-1.036, -2.927e-6
-1.035, -2.927e-6
-1.034, -2.927e-6
-1.033, -2.927e-6
-1.032, -2.927e-6
-1.031, -2.927e-6
-1.030, -2.927e-6
-1.029, -2.927e-6
-1.028, -2.927e-6
-1.027, -2.927e-6
-1.026, -2.927e-6
-1.025, 1.559e-7
-1.024, -2.927e-6
-1.023, -2.927e-6
-1.022, -2.927e-6
-1.021, -2.927e-6
-1.020, -2.927e-6
-1.019, -2.927e-6
-1.018, -2.927e-6
-1.017, 1.559e-7
-1.016, -2.927e-6
-1.015, -2.927e-6
-1.014, -2.927e-6
-1.013, -2.927e-6
-1.012, -2.927e-6
-1.011, -2.927e-6
-1.010, -2.927e-6
-1.009, -2.927e-6
-1.008, -2.927e-6
-1.007, -2.927e-6
-1.006, -2.927e-6
-1.005, -2.927e-6
-1.004, -2.927e-6
-1.003, -2.927e-6
-1.002, -2.927e-6
-1.001, -2.927e-6
