Aug. 6, 2024   14:52:37
Cyclic Voltammetry
File: c:/users/guazh/data/20240802_batch_500/2024-08-02-exp36\exp36-2024-08-06t14_27_25-h2koh\exp36_cv_sr_500mvs_efin_-2000mv.bin
Data Source:  Experiment
Instrument Model:  CHI760E
Header: CV ran at 500 mVs
Note: 

Init E (V) = -1
High E (V) = -1
Low E (V) = -2
Final E (V) = -1
Init P/N = N
Scan Rate (V/s) = 0.5
Segment = 3
Sample Interval (V) = 0.001
Quiet Time (sec) = 2
Sensitivity (A/V) = 0.01
Comp R (ohm) = 2.2

Results:

Channel 1:
Segment 1:

Segment 2:

Segment 3:

Potential/V, Current/A

-1.000, 3.239e-6
-1.001, 3.239e-6
-1.002, 3.239e-6
-1.003, 3.239e-6
-1.004, 3.239e-6
-1.005, 3.239e-6
-1.006, 3.239e-6
-1.007, 3.239e-6
-1.008, 3.239e-6
-1.009, 3.239e-6
-1.010, 3.239e-6
-1.011, 6.322e-6
-1.012, 3.239e-6
-1.013, 3.239e-6
-1.014, 3.239e-6
-1.015, 6.322e-6
-1.016, 3.239e-6
-1.017, 6.322e-6
-1.018, 3.239e-6
-1.019, 3.239e-6
-1.020, 3.239e-6
-1.021, 6.322e-6
-1.022, 3.239e-6
-1.023, 6.322e-6
-1.024, 6.322e-6
-1.025, 6.322e-6
-1.026, 6.322e-6
-1.027, 6.322e-6
-1.028, 6.322e-6
-1.029, 6.322e-6
-1.030, 6.322e-6
-1.031, 6.322e-6
-1.032, 6.322e-6
-1.033, 6.322e-6
-1.034, 6.322e-6
-1.035, 6.322e-6
-1.036, 6.322e-6
-1.037, 6.322e-6
-1.038, 6.322e-6
-1.039, 6.322e-6
-1.040, 6.322e-6
-1.041, 6.322e-6
-1.042, 6.322e-6
-1.043, 6.322e-6
-1.044, 6.322e-6
-1.045, 6.322e-6
-1.046, 6.322e-6
-1.047, 6.322e-6
-1.048, 6.322e-6
-1.049, 6.322e-6
-1.050, 6.322e-6
-1.051, 6.322e-6
-1.052, 6.322e-6
-1.053, 6.322e-6
-1.054, 6.322e-6
-1.055, 6.322e-6
-1.056, 6.322e-6
-1.057, 6.322e-6
-1.058, 6.322e-6
-1.059, 6.322e-6
-1.060, 6.322e-6
-1.061, 6.322e-6
-1.062, 6.322e-6
-1.063, 6.322e-6
-1.064, 6.322e-6
-1.065, 6.322e-6
-1.066, 6.322e-6
-1.067, 6.322e-6
-1.068, 6.322e-6
-1.069, 6.322e-6
-1.070, 6.322e-6
-1.071, 6.322e-6
-1.072, 6.322e-6
-1.073, 6.322e-6
-1.074, 6.322e-6
-1.075, 6.322e-6
-1.076, 6.322e-6
-1.077, 6.322e-6
-1.078, 6.322e-6
-1.079, 9.405e-6
-1.080, 6.322e-6
-1.081, 6.322e-6
-1.082, 6.322e-6
-1.083, 6.322e-6
-1.084, 6.322e-6
-1.085, 6.322e-6
-1.086, 6.322e-6
-1.087, 6.322e-6
-1.088, 6.322e-6
-1.089, 6.322e-6
-1.090, 6.322e-6
-1.091, 6.322e-6
-1.092, 6.322e-6
-1.093, 9.405e-6
-1.094, 6.322e-6
-1.095, 6.322e-6
-1.096, 6.322e-6
-1.097, 9.405e-6
-1.098, 9.405e-6
-1.099, 6.322e-6
-1.100, 6.322e-6
-1.101, 9.405e-6
-1.102, 9.405e-6
-1.103, 9.405e-6
-1.104, 9.405e-6
-1.105, 6.322e-6
-1.106, 6.322e-6
-1.107, 9.405e-6
-1.108, 9.405e-6
-1.109, 9.405e-6
-1.110, 6.322e-6
-1.111, 9.405e-6
-1.112, 9.405e-6
-1.113, 9.405e-6
-1.114, 9.405e-6
-1.115, 9.405e-6
-1.116, 9.405e-6
-1.117, 9.405e-6
-1.118, 9.405e-6
-1.119, 9.405e-6
-1.120, 9.405e-6
-1.121, 9.405e-6
-1.122, 9.405e-6
-1.123, 6.322e-6
-1.124, 9.405e-6
-1.125, 9.405e-6
-1.126, 9.405e-6
-1.127, 9.405e-6
-1.128, 6.322e-6
-1.129, 9.405e-6
-1.130, 9.405e-6
-1.131, 9.405e-6
-1.132, 9.405e-6
-1.133, 9.405e-6
-1.134, 9.405e-6
-1.135, 9.405e-6
-1.136, 9.405e-6
-1.137, 9.405e-6
-1.138, 9.405e-6
-1.139, 9.405e-6
-1.140, 9.405e-6
-1.141, 9.405e-6
-1.142, 9.405e-6
-1.143, 9.405e-6
-1.144, 9.405e-6
-1.145, 9.405e-6
-1.146, 9.405e-6
-1.147, 9.405e-6
-1.148, 9.405e-6
-1.149, 9.405e-6
-1.150, 9.405e-6
-1.151, 9.405e-6
-1.152, 9.405e-6
-1.153, 9.405e-6
-1.154, 9.405e-6
-1.155, 9.405e-6
-1.156, 9.405e-6
-1.157, 9.405e-6
-1.158, 9.405e-6
-1.159, 9.405e-6
-1.160, 9.405e-6
-1.161, 9.405e-6
-1.162, 9.405e-6
-1.163, 9.405e-6
-1.164, 9.405e-6
-1.165, 9.405e-6
-1.166, 9.405e-6
-1.167, 9.405e-6
-1.168, 9.405e-6
-1.169, 9.405e-6
-1.170, 9.405e-6
-1.171, 9.405e-6
-1.172, 9.405e-6
-1.173, 9.405e-6
-1.174, 9.405e-6
-1.175, 9.405e-6
-1.176, 9.405e-6
-1.177, 9.405e-6
-1.178, 9.405e-6
-1.179, 9.405e-6
-1.180, 1.249e-5
-1.181, 9.405e-6
-1.182, 9.405e-6
-1.183, 9.405e-6
-1.184, 9.405e-6
-1.185, 9.405e-6
-1.186, 9.405e-6
-1.187, 9.405e-6
-1.188, 9.405e-6
-1.189, 9.405e-6
-1.190, 9.405e-6
-1.191, 9.405e-6
-1.192, 9.405e-6
-1.193, 9.405e-6
-1.194, 9.405e-6
-1.195, 9.405e-6
-1.196, 9.405e-6
-1.197, 9.405e-6
-1.198, 9.405e-6
-1.199, 9.405e-6
-1.200, 1.249e-5
-1.201, 9.405e-6
-1.202, 9.405e-6
-1.203, 1.249e-5
-1.204, 1.249e-5
-1.205, 1.249e-5
-1.206, 9.405e-6
-1.207, 1.249e-5
-1.208, 1.249e-5
-1.209, 1.249e-5
-1.210, 1.249e-5
-1.211, 9.405e-6
-1.212, 9.405e-6
-1.213, 1.249e-5
-1.214, 9.405e-6
-1.215, 9.405e-6
-1.216, 1.249e-5
-1.217, 1.249e-5
-1.218, 1.249e-5
-1.219, 9.405e-6
-1.220, 9.405e-6
-1.221, 1.249e-5
-1.222, 1.249e-5
-1.223, 1.249e-5
-1.224, 9.405e-6
-1.225, 1.249e-5
-1.226, 1.249e-5
-1.227, 1.249e-5
-1.228, 1.249e-5
-1.229, 9.405e-6
-1.230, 1.249e-5
-1.231, 1.249e-5
-1.232, 1.249e-5
-1.233, 1.249e-5
-1.234, 1.249e-5
-1.235, 1.249e-5
-1.236, 1.249e-5
-1.237, 1.249e-5
-1.238, 1.249e-5
-1.239, 1.249e-5
-1.240, 1.249e-5
-1.241, 1.249e-5
-1.242, 1.249e-5
-1.243, 1.249e-5
-1.244, 1.249e-5
-1.245, 1.249e-5
-1.246, 1.249e-5
-1.247, 1.249e-5
-1.248, 1.249e-5
-1.249, 1.249e-5
-1.250, 1.249e-5
-1.251, 1.249e-5
-1.252, 1.249e-5
-1.253, 1.249e-5
-1.254, 1.249e-5
-1.255, 1.249e-5
-1.256, 1.249e-5
-1.257, 1.249e-5
-1.258, 1.249e-5
-1.259, 1.249e-5
-1.260, 1.249e-5
-1.261, 1.249e-5
-1.262, 1.249e-5
-1.263, 1.249e-5
-1.264, 1.249e-5
-1.265, 1.249e-5
-1.266, 1.249e-5
-1.267, 1.249e-5
-1.268, 1.249e-5
-1.269, 1.249e-5
-1.270, 1.249e-5
-1.271, 1.249e-5
-1.272, 1.249e-5
-1.273, 1.249e-5
-1.274, 1.249e-5
-1.275, 1.249e-5
-1.276, 1.249e-5
-1.277, 1.249e-5
-1.278, 1.249e-5
-1.279, 1.249e-5
-1.280, 1.249e-5
-1.281, 1.249e-5
-1.282, 1.249e-5
-1.283, 1.249e-5
-1.284, 1.249e-5
-1.285, 1.249e-5
-1.286, 1.249e-5
-1.287, 1.557e-5
-1.288, 1.249e-5
-1.289, 1.249e-5
-1.290, 1.249e-5
-1.291, 1.249e-5
-1.292, 1.557e-5
-1.293, 1.249e-5
-1.294, 1.557e-5
-1.295, 1.249e-5
-1.296, 1.557e-5
-1.297, 1.249e-5
-1.298, 1.249e-5
-1.299, 1.557e-5
-1.300, 1.557e-5
-1.301, 1.557e-5
-1.302, 1.249e-5
-1.303, 1.249e-5
-1.304, 1.557e-5
-1.305, 1.557e-5
-1.306, 1.249e-5
-1.307, 1.557e-5
-1.308, 1.249e-5
-1.309, 1.557e-5
-1.310, 1.557e-5
-1.311, 1.249e-5
-1.312, 1.557e-5
-1.313, 1.557e-5
-1.314, 1.557e-5
-1.315, 1.557e-5
-1.316, 1.249e-5
-1.317, 1.557e-5
-1.318, 1.557e-5
-1.319, 1.557e-5
-1.320, 1.557e-5
-1.321, 1.557e-5
-1.322, 1.557e-5
-1.323, 1.557e-5
-1.324, 1.557e-5
-1.325, 1.557e-5
-1.326, 1.557e-5
-1.327, 1.557e-5
-1.328, 1.557e-5
-1.329, 1.557e-5
-1.330, 1.557e-5
-1.331, 1.557e-5
-1.332, 1.557e-5
-1.333, 1.557e-5
-1.334, 1.557e-5
-1.335, 1.557e-5
-1.336, 1.557e-5
-1.337, 1.557e-5
-1.338, 1.557e-5
-1.339, 1.557e-5
-1.340, 1.557e-5
-1.341, 1.557e-5
-1.342, 1.557e-5
-1.343, 1.557e-5
-1.344, 1.557e-5
-1.345, 1.557e-5
-1.346, 1.557e-5
-1.347, 1.557e-5
-1.348, 1.557e-5
-1.349, 1.557e-5
-1.350, 1.557e-5
-1.351, 1.557e-5
-1.352, 1.557e-5
-1.353, 1.557e-5
-1.354, 1.557e-5
-1.355, 1.865e-5
-1.356, 1.557e-5
-1.357, 1.557e-5
-1.358, 1.557e-5
-1.359, 1.557e-5
-1.360, 1.557e-5
-1.361, 1.557e-5
-1.362, 1.557e-5
-1.363, 1.557e-5
-1.364, 1.557e-5
-1.365, 1.865e-5
-1.366, 1.557e-5
-1.367, 1.557e-5
-1.368, 1.865e-5
-1.369, 1.865e-5
-1.370, 1.865e-5
-1.371, 1.557e-5
-1.372, 1.557e-5
-1.373, 1.865e-5
-1.374, 1.865e-5
-1.375, 1.865e-5
-1.376, 1.557e-5
-1.377, 1.557e-5
-1.378, 1.557e-5
-1.379, 1.865e-5
-1.380, 1.865e-5
-1.381, 1.557e-5
-1.382, 1.557e-5
-1.383, 1.865e-5
-1.384, 1.865e-5
-1.385, 1.865e-5
-1.386, 1.557e-5
-1.387, 1.865e-5
-1.388, 1.865e-5
-1.389, 1.865e-5
-1.390, 1.557e-5
-1.391, 1.557e-5
-1.392, 1.865e-5
-1.393, 1.865e-5
-1.394, 1.557e-5
-1.395, 1.865e-5
-1.396, 1.865e-5
-1.397, 1.865e-5
-1.398, 1.865e-5
-1.399, 1.865e-5
-1.400, 1.865e-5
-1.401, 1.865e-5
-1.402, 1.865e-5
-1.403, 1.865e-5
-1.404, 1.865e-5
-1.405, 1.865e-5
-1.406, 1.865e-5
-1.407, 1.865e-5
-1.408, 1.865e-5
-1.409, 1.865e-5
-1.410, 1.865e-5
-1.411, 1.865e-5
-1.412, 1.865e-5
-1.413, 1.865e-5
-1.414, 1.865e-5
-1.415, 1.865e-5
-1.416, 1.865e-5
-1.417, 1.865e-5
-1.418, 1.865e-5
-1.419, 1.865e-5
-1.420, 1.865e-5
-1.421, 1.865e-5
-1.422, 1.865e-5
-1.423, 1.865e-5
-1.424, 1.865e-5
-1.425, 1.865e-5
-1.426, 1.865e-5
-1.427, 1.865e-5
-1.428, 1.865e-5
-1.429, 2.174e-5
-1.430, 2.174e-5
-1.431, 1.865e-5
-1.432, 1.865e-5
-1.433, 2.174e-5
-1.434, 2.174e-5
-1.435, 1.865e-5
-1.436, 1.865e-5
-1.437, 2.174e-5
-1.438, 1.865e-5
-1.439, 1.865e-5
-1.440, 1.865e-5
-1.441, 2.174e-5
-1.442, 2.174e-5
-1.443, 1.865e-5
-1.444, 2.174e-5
-1.445, 2.174e-5
-1.446, 2.174e-5
-1.447, 2.174e-5
-1.448, 2.174e-5
-1.449, 1.865e-5
-1.450, 2.174e-5
-1.451, 2.174e-5
-1.452, 2.174e-5
-1.453, 2.174e-5
-1.454, 2.174e-5
-1.455, 2.174e-5
-1.456, 2.174e-5
-1.457, 2.174e-5
-1.458, 2.174e-5
-1.459, 2.174e-5
-1.460, 2.174e-5
-1.461, 2.174e-5
-1.462, 2.174e-5
-1.463, 2.174e-5
-1.464, 2.174e-5
-1.465, 2.174e-5
-1.466, 2.174e-5
-1.467, 2.174e-5
-1.468, 2.174e-5
-1.469, 2.174e-5
-1.470, 2.174e-5
-1.471, 2.174e-5
-1.472, 2.174e-5
-1.473, 2.174e-5
-1.474, 2.174e-5
-1.475, 2.174e-5
-1.476, 2.174e-5
-1.477, 2.174e-5
-1.478, 2.174e-5
-1.479, 2.174e-5
-1.480, 2.174e-5
-1.481, 2.174e-5
-1.482, 2.174e-5
-1.483, 2.174e-5
-1.484, 2.174e-5
-1.485, 2.174e-5
-1.486, 2.174e-5
-1.487, 2.174e-5
-1.488, 2.482e-5
-1.489, 2.174e-5
-1.490, 2.174e-5
-1.491, 2.174e-5
-1.492, 2.482e-5
-1.493, 2.482e-5
-1.494, 2.174e-5
-1.495, 2.174e-5
-1.496, 2.174e-5
-1.497, 2.482e-5
-1.498, 2.174e-5
-1.499, 2.174e-5
-1.500, 2.174e-5
-1.501, 2.174e-5
-1.502, 2.482e-5
-1.503, 2.482e-5
-1.504, 2.482e-5
-1.505, 2.174e-5
-1.506, 2.174e-5
-1.507, 2.174e-5
-1.508, 2.482e-5
-1.509, 2.174e-5
-1.510, 2.174e-5
-1.511, 2.482e-5
-1.512, 2.482e-5
-1.513, 2.482e-5
-1.514, 2.482e-5
-1.515, 2.482e-5
-1.516, 2.482e-5
-1.517, 2.482e-5
-1.518, 2.174e-5
-1.519, 2.482e-5
-1.520, 2.482e-5
-1.521, 2.482e-5
-1.522, 2.482e-5
-1.523, 2.482e-5
-1.524, 2.482e-5
-1.525, 2.482e-5
-1.526, 2.482e-5
-1.527, 2.482e-5
-1.528, 2.482e-5
-1.529, 2.482e-5
-1.530, 2.482e-5
-1.531, 2.482e-5
-1.532, 2.482e-5
-1.533, 2.482e-5
-1.534, 2.482e-5
-1.535, 2.482e-5
-1.536, 2.482e-5
-1.537, 2.482e-5
-1.538, 2.482e-5
-1.539, 2.482e-5
-1.540, 2.482e-5
-1.541, 2.482e-5
-1.542, 2.482e-5
-1.543, 2.482e-5
-1.544, 2.482e-5
-1.545, 2.482e-5
-1.546, 2.482e-5
-1.547, 2.482e-5
-1.548, 2.482e-5
-1.549, 2.482e-5
-1.550, 2.482e-5
-1.551, 2.482e-5
-1.552, 2.482e-5
-1.553, 2.482e-5
-1.554, 2.482e-5
-1.555, 2.482e-5
-1.556, 2.482e-5
-1.557, 2.482e-5
-1.558, 2.482e-5
-1.559, 2.482e-5
-1.560, 2.482e-5
-1.561, 2.482e-5
-1.562, 2.482e-5
-1.563, 2.790e-5
-1.564, 2.482e-5
-1.565, 2.790e-5
-1.566, 2.482e-5
-1.567, 2.790e-5
-1.568, 2.790e-5
-1.569, 2.482e-5
-1.570, 2.790e-5
-1.571, 2.790e-5
-1.572, 2.790e-5
-1.573, 2.790e-5
-1.574, 2.790e-5
-1.575, 2.790e-5
-1.576, 2.790e-5
-1.577, 2.790e-5
-1.578, 2.790e-5
-1.579, 2.790e-5
-1.580, 2.790e-5
-1.581, 2.790e-5
-1.582, 2.790e-5
-1.583, 2.790e-5
-1.584, 2.790e-5
-1.585, 2.790e-5
-1.586, 2.790e-5
-1.587, 2.790e-5
-1.588, 2.790e-5
-1.589, 2.790e-5
-1.590, 2.790e-5
-1.591, 2.790e-5
-1.592, 2.790e-5
-1.593, 2.790e-5
-1.594, 2.790e-5
-1.595, 2.790e-5
-1.596, 2.790e-5
-1.597, 2.790e-5
-1.598, 2.790e-5
-1.599, 2.790e-5
-1.600, 2.790e-5
-1.601, 2.790e-5
-1.602, 2.790e-5
-1.603, 2.790e-5
-1.604, 2.790e-5
-1.605, 3.099e-5
-1.606, 2.790e-5
-1.607, 2.790e-5
-1.608, 3.099e-5
-1.609, 3.099e-5
-1.610, 2.790e-5
-1.611, 3.099e-5
-1.612, 3.099e-5
-1.613, 3.099e-5
-1.614, 3.099e-5
-1.615, 3.099e-5
-1.616, 3.099e-5
-1.617, 3.099e-5
-1.618, 3.099e-5
-1.619, 3.099e-5
-1.620, 3.099e-5
-1.621, 3.099e-5
-1.622, 3.099e-5
-1.623, 3.099e-5
-1.624, 3.099e-5
-1.625, 3.099e-5
-1.626, 3.099e-5
-1.627, 3.099e-5
-1.628, 3.099e-5
-1.629, 3.099e-5
-1.630, 3.099e-5
-1.631, 3.099e-5
-1.632, 3.099e-5
-1.633, 3.099e-5
-1.634, 3.099e-5
-1.635, 3.099e-5
-1.636, 3.407e-5
-1.637, 3.099e-5
-1.638, 3.407e-5
-1.639, 3.407e-5
-1.640, 3.407e-5
-1.641, 3.407e-5
-1.642, 3.407e-5
-1.643, 3.407e-5
-1.644, 3.407e-5
-1.645, 3.407e-5
-1.646, 3.407e-5
-1.647, 3.407e-5
-1.648, 3.407e-5
-1.649, 3.407e-5
-1.650, 3.407e-5
-1.651, 3.407e-5
-1.652, 3.407e-5
-1.653, 3.407e-5
-1.654, 3.715e-5
-1.655, 3.715e-5
-1.656, 3.715e-5
-1.657, 3.715e-5
-1.658, 3.715e-5
-1.659, 3.715e-5
-1.660, 3.715e-5
-1.661, 3.715e-5
-1.662, 3.715e-5
-1.663, 4.024e-5
-1.664, 3.715e-5
-1.665, 4.024e-5
-1.666, 4.024e-5
-1.667, 4.024e-5
-1.668, 4.024e-5
-1.669, 4.024e-5
-1.670, 4.024e-5
-1.671, 4.024e-5
-1.672, 4.024e-5
-1.673, 4.024e-5
-1.674, 4.024e-5
-1.675, 4.024e-5
-1.676, 4.332e-5
-1.677, 4.332e-5
-1.678, 4.332e-5
-1.679, 4.332e-5
-1.680, 4.332e-5
-1.681, 4.332e-5
-1.682, 4.332e-5
-1.683, 4.640e-5
-1.684, 4.640e-5
-1.685, 4.640e-5
-1.686, 4.640e-5
-1.687, 4.640e-5
-1.688, 4.640e-5
-1.689, 4.640e-5
-1.690, 4.949e-5
-1.691, 4.949e-5
-1.692, 4.949e-5
-1.693, 4.949e-5
-1.694, 4.949e-5
-1.695, 4.949e-5
-1.696, 4.949e-5
-1.697, 5.257e-5
-1.698, 5.257e-5
-1.699, 5.257e-5
-1.700, 5.257e-5
-1.701, 5.257e-5
-1.702, 5.257e-5
-1.703, 5.565e-5
-1.704, 5.565e-5
-1.705, 5.873e-5
-1.706, 5.565e-5
-1.707, 5.873e-5
-1.708, 5.873e-5
-1.709, 6.182e-5
-1.710, 5.873e-5
-1.711, 6.182e-5
-1.712, 6.182e-5
-1.713, 6.490e-5
-1.714, 6.490e-5
-1.715, 6.490e-5
-1.716, 6.490e-5
-1.717, 6.798e-5
-1.718, 6.798e-5
-1.719, 6.798e-5
-1.720, 7.107e-5
-1.721, 7.107e-5
-1.722, 7.415e-5
-1.723, 7.415e-5
-1.724, 7.415e-5
-1.725, 7.723e-5
-1.726, 7.723e-5
-1.727, 7.723e-5
-1.728, 8.032e-5
-1.729, 8.032e-5
-1.730, 8.340e-5
-1.731, 8.340e-5
-1.732, 8.648e-5
-1.733, 8.648e-5
-1.734, 8.648e-5
-1.735, 8.957e-5
-1.736, 9.265e-5
-1.737, 9.265e-5
-1.738, 9.573e-5
-1.739, 9.573e-5
-1.740, 9.882e-5
-1.741, 1.019e-4
-1.742, 1.019e-4
-1.743, 1.050e-4
-1.744, 1.050e-4
-1.745, 1.081e-4
-1.746, 1.111e-4
-1.747, 1.142e-4
-1.748, 1.173e-4
-1.749, 1.173e-4
-1.750, 1.204e-4
-1.751, 1.235e-4
-1.752, 1.266e-4
-1.753, 1.266e-4
-1.754, 1.296e-4
-1.755, 1.358e-4
-1.756, 1.358e-4
-1.757, 1.389e-4
-1.758, 1.420e-4
-1.759, 1.451e-4
-1.760, 1.481e-4
-1.761, 1.512e-4
-1.762, 1.574e-4
-1.763, 1.605e-4
-1.764, 1.636e-4
-1.765, 1.666e-4
-1.766, 1.697e-4
-1.767, 1.759e-4
-1.768, 1.790e-4
-1.769, 1.821e-4
-1.770, 1.882e-4
-1.771, 1.913e-4
-1.772, 1.975e-4
-1.773, 2.036e-4
-1.774, 2.067e-4
-1.775, 2.129e-4
-1.776, 2.160e-4
-1.777, 2.221e-4
-1.778, 2.283e-4
-1.779, 2.314e-4
-1.780, 2.406e-4
-1.781, 2.468e-4
-1.782, 2.530e-4
-1.783, 2.561e-4
-1.784, 2.653e-4
-1.785, 2.715e-4
-1.786, 2.776e-4
-1.787, 2.838e-4
-1.788, 2.931e-4
-1.789, 2.992e-4
-1.790, 3.085e-4
-1.791, 3.146e-4
-1.792, 3.239e-4
-1.793, 3.331e-4
-1.794, 3.393e-4
-1.795, 3.485e-4
-1.796, 3.578e-4
-1.797, 3.670e-4
-1.798, 3.794e-4
-1.799, 3.886e-4
-1.800, 3.979e-4
-1.801, 4.071e-4
-1.802, 4.195e-4
-1.803, 4.287e-4
-1.804, 4.410e-4
-1.805, 4.534e-4
-1.806, 4.657e-4
-1.807, 4.780e-4
-1.808, 4.904e-4
-1.809, 5.027e-4
-1.810, 5.181e-4
-1.811, 5.305e-4
-1.812, 5.459e-4
-1.813, 5.613e-4
-1.814, 5.767e-4
-1.815, 5.921e-4
-1.816, 6.075e-4
-1.817, 6.229e-4
-1.818, 6.384e-4
-1.819, 6.569e-4
-1.820, 6.723e-4
-1.821, 6.908e-4
-1.822, 7.093e-4
-1.823, 7.278e-4
-1.824, 7.494e-4
-1.825, 7.679e-4
-1.826, 7.894e-4
-1.827, 8.079e-4
-1.828, 8.295e-4
-1.829, 8.511e-4
-1.830, 8.758e-4
-1.831, 8.973e-4
-1.832, 9.220e-4
-1.833, 9.467e-4
-1.834, 9.683e-4
-1.835, 9.929e-4
-1.836, 1.021e-3
-1.837, 1.045e-3
-1.838, 1.073e-3
-1.839, 1.101e-3
-1.840, 1.129e-3
-1.841, 1.156e-3
-1.842, 1.184e-3
-1.843, 1.212e-3
-1.844, 1.243e-3
-1.845, 1.273e-3
-1.846, 1.304e-3
-1.847, 1.338e-3
-1.848, 1.372e-3
-1.849, 1.406e-3
-1.850, 1.440e-3
-1.851, 1.471e-3
-1.852, 1.505e-3
-1.853, 1.542e-3
-1.854, 1.579e-3
-1.855, 1.619e-3
-1.856, 1.656e-3
-1.857, 1.696e-3
-1.858, 1.736e-3
-1.859, 1.773e-3
-1.860, 1.813e-3
-1.861, 1.853e-3
-1.862, 1.896e-3
-1.863, 1.939e-3
-1.864, 1.983e-3
-1.865, 2.026e-3
-1.866, 2.072e-3
-1.867, 2.118e-3
-1.868, 2.164e-3
-1.869, 2.208e-3
-1.870, 2.254e-3
-1.871, 2.303e-3
-1.872, 2.353e-3
-1.873, 2.405e-3
-1.874, 2.454e-3
-1.875, 2.504e-3
-1.876, 2.553e-3
-1.877, 2.602e-3
-1.878, 2.655e-3
-1.879, 2.710e-3
-1.880, 2.766e-3
-1.881, 2.818e-3
-1.882, 2.874e-3
-1.883, 2.929e-3
-1.884, 2.982e-3
-1.885, 3.037e-3
-1.886, 3.093e-3
-1.887, 3.148e-3
-1.888, 3.207e-3
-1.889, 3.268e-3
-1.890, 3.327e-3
-1.891, 3.385e-3
-1.892, 3.447e-3
-1.893, 3.506e-3
-1.894, 3.567e-3
-1.895, 3.629e-3
-1.896, 3.691e-3
-1.897, 3.755e-3
-1.898, 3.820e-3
-1.899, 3.885e-3
-1.900, 3.950e-3
-1.901, 4.014e-3
-1.902, 4.079e-3
-1.903, 4.144e-3
-1.904, 4.212e-3
-1.905, 4.283e-3
-1.906, 4.350e-3
-1.907, 4.421e-3
-1.908, 4.489e-3
-1.909, 4.557e-3
-1.910, 4.622e-3
-1.911, 4.686e-3
-1.912, 4.754e-3
-1.913, 4.825e-3
-1.914, 4.899e-3
-1.915, 4.967e-3
-1.916, 5.038e-3
-1.917, 5.109e-3
-1.918, 5.180e-3
-1.919, 5.251e-3
-1.920, 5.325e-3
-1.921, 5.402e-3
-1.922, 5.479e-3
-1.923, 5.556e-3
-1.924, 5.633e-3
-1.925, 5.704e-3
-1.926, 5.778e-3
-1.927, 5.855e-3
-1.928, 5.929e-3
-1.929, 6.006e-3
-1.930, 6.086e-3
-1.931, 6.166e-3
-1.932, 6.243e-3
-1.933, 6.321e-3
-1.934, 6.401e-3
-1.935, 6.475e-3
-1.936, 6.555e-3
-1.937, 6.638e-3
-1.938, 6.721e-3
-1.939, 6.808e-3
-1.940, 6.891e-3
-1.941, 6.968e-3
-1.942, 7.045e-3
-1.943, 7.119e-3
-1.944, 7.196e-3
-1.945, 7.273e-3
-1.946, 7.350e-3
-1.947, 7.430e-3
-1.948, 7.511e-3
-1.949, 7.588e-3
-1.950, 7.665e-3
-1.951, 7.742e-3
-1.952, 7.819e-3
-1.953, 7.902e-3
-1.954, 7.985e-3
-1.955, 8.075e-3
-1.956, 8.164e-3
-1.957, 8.251e-3
-1.958, 8.337e-3
-1.959, 8.423e-3
-1.960, 8.506e-3
-1.961, 8.590e-3
-1.962, 8.676e-3
-1.963, 8.765e-3
-1.964, 8.858e-3
-1.965, 8.947e-3
-1.966, 9.037e-3
-1.967, 9.120e-3
-1.968, 9.200e-3
-1.969, 9.286e-3
-1.970, 9.370e-3
-1.971, 9.453e-3
-1.972, 9.539e-3
-1.973, 9.629e-3
-1.974, 9.709e-3
-1.975, 9.789e-3
-1.976, 9.866e-3
-1.977, 9.946e-3
-1.978, 1.002e-2
-1.979, 1.011e-2
-1.980, 1.019e-2
-1.981, 1.027e-2
-1.982, 1.035e-2
-1.983, 1.043e-2
-1.984, 1.051e-2
-1.985, 1.059e-2
-1.986, 1.067e-2
-1.987, 1.076e-2
-1.988, 1.086e-2
-1.989, 1.095e-2
-1.990, 1.104e-2
-1.991, 1.113e-2
-1.992, 1.122e-2
-1.993, 1.130e-2
-1.994, 1.139e-2
-1.995, 1.148e-2
-1.996, 1.158e-2
-1.997, 1.168e-2
-1.998, 1.177e-2
-1.999, 1.187e-2
-2.000, 1.191e-2
-1.999, 1.186e-2
-1.998, 1.181e-2
-1.997, 1.175e-2
-1.996, 1.169e-2
-1.995, 1.163e-2
-1.994, 1.157e-2
-1.993, 1.151e-2
-1.992, 1.144e-2
-1.991, 1.136e-2
-1.990, 1.129e-2
-1.989, 1.122e-2
-1.988, 1.115e-2
-1.987, 1.108e-2
-1.986, 1.101e-2
-1.985, 1.094e-2
-1.984, 1.087e-2
-1.983, 1.080e-2
-1.982, 1.073e-2
-1.981, 1.066e-2
-1.980, 1.059e-2
-1.979, 1.053e-2
-1.978, 1.046e-2
-1.977, 1.040e-2
-1.976, 1.033e-2
-1.975, 1.026e-2
-1.974, 1.019e-2
-1.973, 1.012e-2
-1.972, 1.005e-2
-1.971, 9.983e-3
-1.970, 9.922e-3
-1.969, 9.857e-3
-1.968, 9.795e-3
-1.967, 9.727e-3
-1.966, 9.660e-3
-1.965, 9.589e-3
-1.964, 9.515e-3
-1.963, 9.447e-3
-1.962, 9.379e-3
-1.961, 9.311e-3
-1.960, 9.243e-3
-1.959, 9.172e-3
-1.958, 9.101e-3
-1.957, 9.028e-3
-1.956, 8.954e-3
-1.955, 8.880e-3
-1.954, 8.812e-3
-1.953, 8.744e-3
-1.952, 8.676e-3
-1.951, 8.608e-3
-1.950, 8.540e-3
-1.949, 8.469e-3
-1.948, 8.399e-3
-1.947, 8.331e-3
-1.946, 8.263e-3
-1.945, 8.198e-3
-1.944, 8.133e-3
-1.943, 8.066e-3
-1.942, 7.998e-3
-1.941, 7.930e-3
-1.940, 7.862e-3
-1.939, 7.794e-3
-1.938, 7.730e-3
-1.937, 7.668e-3
-1.936, 7.609e-3
-1.935, 7.548e-3
-1.934, 7.486e-3
-1.933, 7.421e-3
-1.932, 7.353e-3
-1.931, 7.289e-3
-1.930, 7.224e-3
-1.929, 7.162e-3
-1.928, 7.097e-3
-1.927, 7.036e-3
-1.926, 6.971e-3
-1.925, 6.906e-3
-1.924, 6.838e-3
-1.923, 6.774e-3
-1.922, 6.712e-3
-1.921, 6.650e-3
-1.920, 6.589e-3
-1.919, 6.530e-3
-1.918, 6.469e-3
-1.917, 6.407e-3
-1.916, 6.345e-3
-1.915, 6.280e-3
-1.914, 6.219e-3
-1.913, 6.163e-3
-1.912, 6.108e-3
-1.911, 6.049e-3
-1.910, 5.994e-3
-1.909, 5.935e-3
-1.908, 5.877e-3
-1.907, 5.815e-3
-1.906, 5.756e-3
-1.905, 5.698e-3
-1.904, 5.645e-3
-1.903, 5.593e-3
-1.902, 5.537e-3
-1.901, 5.482e-3
-1.900, 5.426e-3
-1.899, 5.368e-3
-1.898, 5.309e-3
-1.897, 5.254e-3
-1.896, 5.198e-3
-1.895, 5.146e-3
-1.894, 5.090e-3
-1.893, 5.035e-3
-1.892, 4.979e-3
-1.891, 4.924e-3
-1.890, 4.865e-3
-1.889, 4.810e-3
-1.888, 4.757e-3
-1.887, 4.705e-3
-1.886, 4.656e-3
-1.885, 4.606e-3
-1.884, 4.554e-3
-1.883, 4.501e-3
-1.882, 4.446e-3
-1.881, 4.397e-3
-1.880, 4.347e-3
-1.879, 4.301e-3
-1.878, 4.252e-3
-1.877, 4.206e-3
-1.876, 4.159e-3
-1.875, 4.110e-3
-1.874, 4.061e-3
-1.873, 4.011e-3
-1.872, 3.962e-3
-1.871, 3.916e-3
-1.870, 3.873e-3
-1.869, 3.829e-3
-1.868, 3.780e-3
-1.867, 3.737e-3
-1.866, 3.688e-3
-1.865, 3.641e-3
-1.864, 3.595e-3
-1.863, 3.549e-3
-1.862, 3.506e-3
-1.861, 3.462e-3
-1.860, 3.419e-3
-1.859, 3.376e-3
-1.858, 3.330e-3
-1.857, 3.287e-3
-1.856, 3.244e-3
-1.855, 3.200e-3
-1.854, 3.160e-3
-1.853, 3.120e-3
-1.852, 3.080e-3
-1.851, 3.040e-3
-1.850, 2.997e-3
-1.849, 2.957e-3
-1.848, 2.917e-3
-1.847, 2.877e-3
-1.846, 2.840e-3
-1.845, 2.803e-3
-1.844, 2.766e-3
-1.843, 2.729e-3
-1.842, 2.692e-3
-1.841, 2.655e-3
-1.840, 2.615e-3
-1.839, 2.581e-3
-1.838, 2.544e-3
-1.837, 2.513e-3
-1.836, 2.476e-3
-1.835, 2.442e-3
-1.834, 2.408e-3
-1.833, 2.374e-3
-1.832, 2.337e-3
-1.831, 2.303e-3
-1.830, 2.269e-3
-1.829, 2.235e-3
-1.828, 2.205e-3
-1.827, 2.171e-3
-1.826, 2.140e-3
-1.825, 2.109e-3
-1.824, 2.075e-3
-1.823, 2.044e-3
-1.822, 2.013e-3
-1.821, 1.986e-3
-1.820, 1.955e-3
-1.819, 1.927e-3
-1.818, 1.896e-3
-1.817, 1.869e-3
-1.816, 1.841e-3
-1.815, 1.810e-3
-1.814, 1.782e-3
-1.813, 1.754e-3
-1.812, 1.727e-3
-1.811, 1.702e-3
-1.810, 1.674e-3
-1.809, 1.647e-3
-1.808, 1.622e-3
-1.807, 1.594e-3
-1.806, 1.566e-3
-1.805, 1.545e-3
-1.804, 1.517e-3
-1.803, 1.495e-3
-1.802, 1.471e-3
-1.801, 1.446e-3
-1.800, 1.421e-3
-1.799, 1.400e-3
-1.798, 1.375e-3
-1.797, 1.351e-3
-1.796, 1.329e-3
-1.795, 1.307e-3
-1.794, 1.286e-3
-1.793, 1.264e-3
-1.792, 1.243e-3
-1.791, 1.221e-3
-1.790, 1.199e-3
-1.789, 1.178e-3
-1.788, 1.159e-3
-1.787, 1.141e-3
-1.786, 1.122e-3
-1.785, 1.101e-3
-1.784, 1.082e-3
-1.783, 1.064e-3
-1.782, 1.042e-3
-1.781, 1.024e-3
-1.780, 1.005e-3
-1.779, 9.898e-4
-1.778, 9.744e-4
-1.777, 9.559e-4
-1.776, 9.374e-4
-1.775, 9.220e-4
-1.774, 9.035e-4
-1.773, 8.881e-4
-1.772, 8.696e-4
-1.771, 8.542e-4
-1.770, 8.418e-4
-1.769, 8.233e-4
-1.768, 8.079e-4
-1.767, 7.925e-4
-1.766, 7.802e-4
-1.765, 7.617e-4
-1.764, 7.463e-4
-1.763, 7.339e-4
-1.762, 7.216e-4
-1.761, 7.062e-4
-1.760, 6.939e-4
-1.759, 6.815e-4
-1.758, 6.692e-4
-1.757, 6.538e-4
-1.756, 6.414e-4
-1.755, 6.291e-4
-1.754, 6.168e-4
-1.753, 6.044e-4
-1.752, 5.952e-4
-1.751, 5.829e-4
-1.750, 5.736e-4
-1.749, 5.613e-4
-1.748, 5.489e-4
-1.747, 5.366e-4
-1.746, 5.274e-4
-1.745, 5.181e-4
-1.744, 5.058e-4
-1.743, 4.965e-4
-1.742, 4.873e-4
-1.741, 4.780e-4
-1.740, 4.657e-4
-1.739, 4.565e-4
-1.738, 4.472e-4
-1.737, 4.410e-4
-1.736, 4.318e-4
-1.735, 4.225e-4
-1.734, 4.133e-4
-1.733, 4.040e-4
-1.732, 3.979e-4
-1.731, 3.886e-4
-1.730, 3.825e-4
-1.729, 3.732e-4
-1.728, 3.670e-4
-1.727, 3.578e-4
-1.726, 3.516e-4
-1.725, 3.424e-4
-1.724, 3.362e-4
-1.723, 3.300e-4
-1.722, 3.239e-4
-1.721, 3.146e-4
-1.720, 3.085e-4
-1.719, 3.023e-4
-1.718, 2.961e-4
-1.717, 2.900e-4
-1.716, 2.838e-4
-1.715, 2.776e-4
-1.714, 2.715e-4
-1.713, 2.653e-4
-1.712, 2.622e-4
-1.711, 2.561e-4
-1.710, 2.499e-4
-1.709, 2.468e-4
-1.708, 2.406e-4
-1.707, 2.345e-4
-1.706, 2.283e-4
-1.705, 2.252e-4
-1.704, 2.221e-4
-1.703, 2.160e-4
-1.702, 2.129e-4
-1.701, 2.067e-4
-1.700, 2.036e-4
-1.699, 1.975e-4
-1.698, 1.944e-4
-1.697, 1.882e-4
-1.696, 1.851e-4
-1.695, 1.821e-4
-1.694, 1.790e-4
-1.693, 1.728e-4
-1.692, 1.697e-4
-1.691, 1.666e-4
-1.690, 1.636e-4
-1.689, 1.574e-4
-1.688, 1.543e-4
-1.687, 1.512e-4
-1.686, 1.481e-4
-1.685, 1.451e-4
-1.684, 1.420e-4
-1.683, 1.389e-4
-1.682, 1.358e-4
-1.681, 1.327e-4
-1.680, 1.296e-4
-1.679, 1.266e-4
-1.678, 1.235e-4
-1.677, 1.235e-4
-1.676, 1.173e-4
-1.675, 1.173e-4
-1.674, 1.142e-4
-1.673, 1.111e-4
-1.672, 1.081e-4
-1.671, 1.050e-4
-1.670, 1.050e-4
-1.669, 1.019e-4
-1.668, 9.882e-5
-1.667, 9.882e-5
-1.666, 9.573e-5
-1.665, 9.265e-5
-1.664, 9.265e-5
-1.663, 8.957e-5
-1.662, 8.648e-5
-1.661, 8.648e-5
-1.660, 8.340e-5
-1.659, 8.340e-5
-1.658, 8.032e-5
-1.657, 7.723e-5
-1.656, 7.723e-5
-1.655, 7.415e-5
-1.654, 7.415e-5
-1.653, 7.107e-5
-1.652, 7.107e-5
-1.651, 6.798e-5
-1.650, 6.798e-5
-1.649, 6.490e-5
-1.648, 6.490e-5
-1.647, 6.182e-5
-1.646, 6.182e-5
-1.645, 6.182e-5
-1.644, 5.873e-5
-1.643, 5.873e-5
-1.642, 5.565e-5
-1.641, 5.565e-5
-1.640, 5.257e-5
-1.639, 5.257e-5
-1.638, 5.257e-5
-1.637, 4.949e-5
-1.636, 4.949e-5
-1.635, 4.640e-5
-1.634, 4.640e-5
-1.633, 4.640e-5
-1.632, 4.332e-5
-1.631, 4.332e-5
-1.630, 4.332e-5
-1.629, 4.332e-5
-1.628, 4.024e-5
-1.627, 4.024e-5
-1.626, 4.024e-5
-1.625, 4.024e-5
-1.624, 3.715e-5
-1.623, 3.715e-5
-1.622, 3.715e-5
-1.621, 3.407e-5
-1.620, 3.407e-5
-1.619, 3.407e-5
-1.618, 3.099e-5
-1.617, 3.099e-5
-1.616, 3.099e-5
-1.615, 3.099e-5
-1.614, 2.790e-5
-1.613, 2.790e-5
-1.612, 2.790e-5
-1.611, 2.790e-5
-1.610, 2.482e-5
-1.609, 2.482e-5
-1.608, 2.482e-5
-1.607, 2.482e-5
-1.606, 2.482e-5
-1.605, 2.482e-5
-1.604, 2.174e-5
-1.603, 2.174e-5
-1.602, 2.482e-5
-1.601, 2.174e-5
-1.600, 2.174e-5
-1.599, 2.174e-5
-1.598, 2.174e-5
-1.597, 1.865e-5
-1.596, 1.865e-5
-1.595, 1.865e-5
-1.594, 1.865e-5
-1.593, 1.865e-5
-1.592, 1.865e-5
-1.591, 1.557e-5
-1.590, 1.557e-5
-1.589, 1.557e-5
-1.588, 1.557e-5
-1.587, 1.557e-5
-1.586, 1.557e-5
-1.585, 1.557e-5
-1.584, 1.557e-5
-1.583, 1.557e-5
-1.582, 1.249e-5
-1.581, 1.249e-5
-1.580, 1.249e-5
-1.579, 1.249e-5
-1.578, 1.249e-5
-1.577, 1.249e-5
-1.576, 1.249e-5
-1.575, 1.249e-5
-1.574, 1.249e-5
-1.573, 1.249e-5
-1.572, 9.405e-6
-1.571, 9.405e-6
-1.570, 9.405e-6
-1.569, 9.405e-6
-1.568, 9.405e-6
-1.567, 9.405e-6
-1.566, 9.405e-6
-1.565, 9.405e-6
-1.564, 9.405e-6
-1.563, 9.405e-6
-1.562, 6.322e-6
-1.561, 6.322e-6
-1.560, 6.322e-6
-1.559, 9.405e-6
-1.558, 6.322e-6
-1.557, 6.322e-6
-1.556, 6.322e-6
-1.555, 6.322e-6
-1.554, 6.322e-6
-1.553, 6.322e-6
-1.552, 6.322e-6
-1.551, 6.322e-6
-1.550, 6.322e-6
-1.549, 3.239e-6
-1.548, 6.322e-6
-1.547, 6.322e-6
-1.546, 6.322e-6
-1.545, 3.239e-6
-1.544, 3.239e-6
-1.543, 6.322e-6
-1.542, 3.239e-6
-1.541, 3.239e-6
-1.540, 3.239e-6
-1.539, 3.239e-6
-1.538, 3.239e-6
-1.537, 3.239e-6
-1.536, 3.239e-6
-1.535, 3.239e-6
-1.534, 3.239e-6
-1.533, 3.239e-6
-1.532, 3.239e-6
-1.531, 3.239e-6
-1.530, 3.239e-6
-1.529, 3.239e-6
-1.528, 3.239e-6
-1.527, 3.239e-6
-1.526, 3.239e-6
-1.525, 3.239e-6
-1.524, 3.239e-6
-1.523, 1.559e-7
-1.522, 3.239e-6
-1.521, 1.559e-7
-1.520, 3.239e-6
-1.519, 1.559e-7
-1.518, 1.559e-7
-1.517, 1.559e-7
-1.516, 1.559e-7
-1.515, 3.239e-6
-1.514, 1.559e-7
-1.513, 3.239e-6
-1.512, 1.559e-7
-1.511, 1.559e-7
-1.510, 1.559e-7
-1.509, 1.559e-7
-1.508, 1.559e-7
-1.507, 1.559e-7
-1.506, 1.559e-7
-1.505, 1.559e-7
-1.504, 1.559e-7
-1.503, 1.559e-7
-1.502, 1.559e-7
-1.501, 1.559e-7
-1.500, 1.559e-7
-1.499, 1.559e-7
-1.498, 1.559e-7
-1.497, 1.559e-7
-1.496, 1.559e-7
-1.495, 1.559e-7
-1.494, 1.559e-7
-1.493, 1.559e-7
-1.492, 1.559e-7
-1.491, 1.559e-7
-1.490, 1.559e-7
-1.489, -2.927e-6
-1.488, 1.559e-7
-1.487, 1.559e-7
-1.486, 1.559e-7
-1.485, 1.559e-7
-1.484, 1.559e-7
-1.483, -2.927e-6
-1.482, 1.559e-7
-1.481, 1.559e-7
-1.480, 1.559e-7
-1.479, -2.927e-6
-1.478, 1.559e-7
-1.477, 1.559e-7
-1.476, -2.927e-6
-1.475, -2.927e-6
-1.474, 1.559e-7
-1.473, 1.559e-7
-1.472, 1.559e-7
-1.471, -2.927e-6
-1.470, -2.927e-6
-1.469, -2.927e-6
-1.468, -2.927e-6
-1.467, -2.927e-6
-1.466, -2.927e-6
-1.465, 1.559e-7
-1.464, 1.559e-7
-1.463, -2.927e-6
-1.462, -2.927e-6
-1.461, -2.927e-6
-1.460, -2.927e-6
-1.459, -2.927e-6
-1.458, -2.927e-6
-1.457, -2.927e-6
-1.456, -2.927e-6
-1.455, -2.927e-6
-1.454, -2.927e-6
-1.453, -2.927e-6
-1.452, -2.927e-6
-1.451, -2.927e-6
-1.450, -2.927e-6
-1.449, -2.927e-6
-1.448, -2.927e-6
-1.447, -2.927e-6
-1.446, -2.927e-6
-1.445, -2.927e-6
-1.444, -2.927e-6
-1.443, -2.927e-6
-1.442, -2.927e-6
-1.441, -2.927e-6
-1.440, -2.927e-6
-1.439, -2.927e-6
-1.438, -2.927e-6
-1.437, -2.927e-6
-1.436, -2.927e-6
-1.435, -2.927e-6
-1.434, -2.927e-6
-1.433, -2.927e-6
-1.432, -2.927e-6
-1.431, -2.927e-6
-1.430, -2.927e-6
-1.429, -2.927e-6
-1.428, -2.927e-6
-1.427, -2.927e-6
-1.426, -2.927e-6
-1.425, -2.927e-6
-1.424, -2.927e-6
-1.423, -2.927e-6
-1.422, -2.927e-6
-1.421, -2.927e-6
-1.420, -2.927e-6
-1.419, -2.927e-6
-1.418, -2.927e-6
-1.417, -2.927e-6
-1.416, -2.927e-6
-1.415, -2.927e-6
-1.414, -2.927e-6
-1.413, -2.927e-6
-1.412, -2.927e-6
-1.411, -2.927e-6
-1.410, -2.927e-6
-1.409, -2.927e-6
-1.408, -2.927e-6
-1.407, -2.927e-6
-1.406, -2.927e-6
-1.405, -2.927e-6
-1.404, -2.927e-6
-1.403, -2.927e-6
-1.402, -2.927e-6
-1.401, -2.927e-6
-1.400, -2.927e-6
-1.399, -2.927e-6
-1.398, -2.927e-6
-1.397, -2.927e-6
-1.396, -2.927e-6
-1.395, -2.927e-6
-1.394, -2.927e-6
-1.393, -2.927e-6
-1.392, -2.927e-6
-1.391, -2.927e-6
-1.390, -2.927e-6
-1.389, -2.927e-6
-1.388, -2.927e-6
-1.387, -2.927e-6
-1.386, -6.010e-6
-1.385, -2.927e-6
-1.384, -2.927e-6
-1.383, -2.927e-6
-1.382, -2.927e-6
-1.381, -2.927e-6
-1.380, -2.927e-6
-1.379, -2.927e-6
-1.378, -2.927e-6
-1.377, -2.927e-6
-1.376, -2.927e-6
-1.375, -2.927e-6
-1.374, -2.927e-6
-1.373, -2.927e-6
-1.372, -2.927e-6
-1.371, -2.927e-6
-1.370, -2.927e-6
-1.369, -6.010e-6
-1.368, -6.010e-6
-1.367, -2.927e-6
-1.366, -2.927e-6
-1.365, -2.927e-6
-1.364, -2.927e-6
-1.363, -2.927e-6
-1.362, -2.927e-6
-1.361, -2.927e-6
-1.360, -2.927e-6
-1.359, -2.927e-6
-1.358, -2.927e-6
-1.357, -2.927e-6
-1.356, -2.927e-6
-1.355, -6.010e-6
-1.354, -2.927e-6
-1.353, -2.927e-6
-1.352, -2.927e-6
-1.351, -6.010e-6
-1.350, -6.010e-6
-1.349, -2.927e-6
-1.348, -2.927e-6
-1.347, -6.010e-6
-1.346, -2.927e-6
-1.345, -2.927e-6
-1.344, -2.927e-6
-1.343, -6.010e-6
-1.342, -2.927e-6
-1.341, -2.927e-6
-1.340, -6.010e-6
-1.339, -6.010e-6
-1.338, -2.927e-6
-1.337, -2.927e-6
-1.336, -6.010e-6
-1.335, -6.010e-6
-1.334, -2.927e-6
-1.333, -2.927e-6
-1.332, -6.010e-6
-1.331, -6.010e-6
-1.330, -6.010e-6
-1.329, -2.927e-6
-1.328, -2.927e-6
-1.327, -2.927e-6
-1.326, -6.010e-6
-1.325, -6.010e-6
-1.324, -6.010e-6
-1.323, -6.010e-6
-1.322, -6.010e-6
-1.321, -6.010e-6
-1.320, -2.927e-6
-1.319, -6.010e-6
-1.318, -6.010e-6
-1.317, -6.010e-6
-1.316, -6.010e-6
-1.315, -2.927e-6
-1.314, -6.010e-6
-1.313, -2.927e-6
-1.312, -2.927e-6
-1.311, -2.927e-6
-1.310, -6.010e-6
-1.309, -6.010e-6
-1.308, -6.010e-6
-1.307, -2.927e-6
-1.306, -2.927e-6
-1.305, -2.927e-6
-1.304, -6.010e-6
-1.303, -6.010e-6
-1.302, -2.927e-6
-1.301, -2.927e-6
-1.300, -6.010e-6
-1.299, -6.010e-6
-1.298, -6.010e-6
-1.297, -2.927e-6
-1.296, -6.010e-6
-1.295, -6.010e-6
-1.294, -6.010e-6
-1.293, -6.010e-6
-1.292, -6.010e-6
-1.291, -6.010e-6
-1.290, -6.010e-6
-1.289, -2.927e-6
-1.288, -6.010e-6
-1.287, -2.927e-6
-1.286, -6.010e-6
-1.285, -6.010e-6
-1.284, -2.927e-6
-1.283, -6.010e-6
-1.282, -2.927e-6
-1.281, -6.010e-6
-1.280, -6.010e-6
-1.279, -2.927e-6
-1.278, -2.927e-6
-1.277, -2.927e-6
-1.276, -6.010e-6
-1.275, -6.010e-6
-1.274, -2.927e-6
-1.273, -2.927e-6
-1.272, -2.927e-6
-1.271, -6.010e-6
-1.270, -2.927e-6
-1.269, -6.010e-6
-1.268, -6.010e-6
-1.267, -6.010e-6
-1.266, -6.010e-6
-1.265, -6.010e-6
-1.264, -6.010e-6
-1.263, -6.010e-6
-1.262, -2.927e-6
-1.261, -6.010e-6
-1.260, -6.010e-6
-1.259, -2.927e-6
-1.258, -6.010e-6
-1.257, -6.010e-6
-1.256, -2.927e-6
-1.255, -2.927e-6
-1.254, -6.010e-6
-1.253, -6.010e-6
-1.252, -6.010e-6
-1.251, -6.010e-6
-1.250, -6.010e-6
-1.249, -6.010e-6
-1.248, -6.010e-6
-1.247, -6.010e-6
-1.246, -6.010e-6
-1.245, -6.010e-6
-1.244, -6.010e-6
-1.243, -6.010e-6
-1.242, -6.010e-6
-1.241, -6.010e-6
-1.240, -6.010e-6
-1.239, -6.010e-6
-1.238, -6.010e-6
-1.237, -2.927e-6
-1.236, -6.010e-6
-1.235, -6.010e-6
-1.234, -6.010e-6
-1.233, -6.010e-6
-1.232, -6.010e-6
-1.231, -2.927e-6
-1.230, -6.010e-6
-1.229, -6.010e-6
-1.228, -6.010e-6
-1.227, -6.010e-6
-1.226, -6.010e-6
-1.225, -6.010e-6
-1.224, -6.010e-6
-1.223, -6.010e-6
-1.222, -6.010e-6
-1.221, -6.010e-6
-1.220, -6.010e-6
-1.219, -6.010e-6
-1.218, -6.010e-6
-1.217, -6.010e-6
-1.216, -6.010e-6
-1.215, -6.010e-6
-1.214, -6.010e-6
-1.213, -6.010e-6
-1.212, -2.927e-6
-1.211, -6.010e-6
-1.210, -6.010e-6
-1.209, -6.010e-6
-1.208, -6.010e-6
-1.207, -6.010e-6
-1.206, -2.927e-6
-1.205, -6.010e-6
-1.204, -2.927e-6
-1.203, -6.010e-6
-1.202, -6.010e-6
-1.201, -6.010e-6
-1.200, -6.010e-6
-1.199, -2.927e-6
-1.198, -6.010e-6
-1.197, -6.010e-6
-1.196, -6.010e-6
-1.195, -2.927e-6
-1.194, -6.010e-6
-1.193, -6.010e-6
-1.192, -6.010e-6
-1.191, -6.010e-6
-1.190, -6.010e-6
-1.189, -6.010e-6
-1.188, -6.010e-6
-1.187, -6.010e-6
-1.186, -6.010e-6
-1.185, -6.010e-6
-1.184, -6.010e-6
-1.183, -6.010e-6
-1.182, -6.010e-6
-1.181, -6.010e-6
-1.180, -6.010e-6
-1.179, -6.010e-6
-1.178, -6.010e-6
-1.177, -6.010e-6
-1.176, -6.010e-6
-1.175, -6.010e-6
-1.174, -6.010e-6
-1.173, -6.010e-6
-1.172, -6.010e-6
-1.171, -6.010e-6
-1.170, -6.010e-6
-1.169, -6.010e-6
-1.168, -6.010e-6
-1.167, -6.010e-6
-1.166, -6.010e-6
-1.165, -6.010e-6
-1.164, -6.010e-6
-1.163, -6.010e-6
-1.162, -2.927e-6
-1.161, -6.010e-6
-1.160, -6.010e-6
-1.159, -6.010e-6
-1.158, -6.010e-6
-1.157, -6.010e-6
-1.156, -6.010e-6
-1.155, -6.010e-6
-1.154, -6.010e-6
-1.153, -6.010e-6
-1.152, -6.010e-6
-1.151, -6.010e-6
-1.150, -6.010e-6
-1.149, -6.010e-6
-1.148, -6.010e-6
-1.147, -6.010e-6
-1.146, -6.010e-6
-1.145, -6.010e-6
-1.144, -6.010e-6
-1.143, -6.010e-6
-1.142, -6.010e-6
-1.141, -6.010e-6
-1.140, -6.010e-6
-1.139, -6.010e-6
-1.138, -6.010e-6
-1.137, -6.010e-6
-1.136, -6.010e-6
-1.135, -6.010e-6
-1.134, -6.010e-6
-1.133, -6.010e-6
-1.132, -6.010e-6
-1.131, -6.010e-6
-1.130, -6.010e-6
-1.129, -6.010e-6
-1.128, -6.010e-6
-1.127, -6.010e-6
-1.126, -6.010e-6
-1.125, -6.010e-6
-1.124, -6.010e-6
-1.123, -6.010e-6
-1.122, -6.010e-6
-1.121, -6.010e-6
-1.120, -6.010e-6
-1.119, -6.010e-6
-1.118, -6.010e-6
-1.117, -6.010e-6
-1.116, -6.010e-6
-1.115, -6.010e-6
-1.114, -6.010e-6
-1.113, -6.010e-6
-1.112, -2.927e-6
-1.111, -6.010e-6
-1.110, -6.010e-6
-1.109, -6.010e-6
-1.108, -6.010e-6
-1.107, -6.010e-6
-1.106, -6.010e-6
-1.105, -6.010e-6
-1.104, -6.010e-6
-1.103, -6.010e-6
-1.102, -6.010e-6
-1.101, -6.010e-6
-1.100, -6.010e-6
-1.099, -6.010e-6
-1.098, -6.010e-6
-1.097, -6.010e-6
-1.096, -6.010e-6
-1.095, -6.010e-6
-1.094, -6.010e-6
-1.093, -6.010e-6
-1.092, -6.010e-6
-1.091, -6.010e-6
-1.090, -6.010e-6
-1.089, -6.010e-6
-1.088, -6.010e-6
-1.087, -6.010e-6
-1.086, -6.010e-6
-1.085, -6.010e-6
-1.084, -6.010e-6
-1.083, -6.010e-6
-1.082, -6.010e-6
-1.081, -6.010e-6
-1.080, -6.010e-6
-1.079, -6.010e-6
-1.078, -6.010e-6
-1.077, -6.010e-6
-1.076, -9.093e-6
-1.075, -6.010e-6
-1.074, -6.010e-6
-1.073, -6.010e-6
-1.072, -6.010e-6
-1.071, -6.010e-6
-1.070, -6.010e-6
-1.069, -6.010e-6
-1.068, -6.010e-6
-1.067, -6.010e-6
-1.066, -6.010e-6
-1.065, -6.010e-6
-1.064, -6.010e-6
-1.063, -6.010e-6
-1.062, -6.010e-6
-1.061, -6.010e-6
-1.060, -6.010e-6
-1.059, -6.010e-6
-1.058, -6.010e-6
-1.057, -6.010e-6
-1.056, -6.010e-6
-1.055, -6.010e-6
-1.054, -6.010e-6
-1.053, -6.010e-6
-1.052, -6.010e-6
-1.051, -6.010e-6
-1.050, -6.010e-6
-1.049, -6.010e-6
-1.048, -6.010e-6
-1.047, -6.010e-6
-1.046, -6.010e-6
-1.045, -9.093e-6
-1.044, -6.010e-6
-1.043, -6.010e-6
-1.042, -6.010e-6
-1.041, -6.010e-6
-1.040, -9.093e-6
-1.039, -6.010e-6
-1.038, -6.010e-6
-1.037, -6.010e-6
-1.036, -6.010e-6
-1.035, -6.010e-6
-1.034, -6.010e-6
-1.033, -6.010e-6
-1.032, -6.010e-6
-1.031, -6.010e-6
-1.030, -9.093e-6
-1.029, -6.010e-6
-1.028, -6.010e-6
-1.027, -6.010e-6
-1.026, -9.093e-6
-1.025, -6.010e-6
-1.024, -6.010e-6
-1.023, -6.010e-6
-1.022, -9.093e-6
-1.021, -6.010e-6
-1.020, -6.010e-6
-1.019, -6.010e-6
-1.018, -6.010e-6
-1.017, -9.093e-6
-1.016, -6.010e-6
-1.015, -6.010e-6
-1.014, -6.010e-6
-1.013, -6.010e-6
-1.012, -6.010e-6
-1.011, -6.010e-6
-1.010, -6.010e-6
-1.009, -6.010e-6
-1.008, -9.093e-6
-1.007, -9.093e-6
-1.006, -6.010e-6
-1.005, -6.010e-6
-1.004, -6.010e-6
-1.003, -6.010e-6
-1.002, -9.093e-6
-1.001, -9.093e-6
