Potential V vs RHE, Current mA cm-2
0.4132999999999999,-0.009610133859983196
0.4122999999999999,-0.011271004926024748
0.4112999999999999,-0.011720883119381829
0.4102999999999999,-0.011950066349959966
0.4092999999999999,-0.01210285517034539
0.4082999999999999,-0.012223105630833916
0.4072999999999999,-0.012363162049520557
0.4062999999999999,-0.012479168376109488
0.4052999999999999,-0.012593759991398557
0.4042999999999999,-0.012672983824190999
0.4032999999999999,-0.012743719389184251
0.4022999999999999,-0.012838505046275208
0.4012999999999999,-0.012924802435566976
0.4002999999999999,-0.012998367423159957
0.3992999999999999,-0.01308325010115186
0.3982999999999999,-0.013168132779143762
0.3972999999999999,-0.013223306519838498
0.3962999999999999,-0.01331384804302986
0.3952999999999999,-0.013377510051523787
0.3942999999999999,-0.01344541619391731
0.39329999999999987,-0.013520395892810155
0.39229999999999987,-0.013545860696207725
0.39129999999999987,-0.01364206106459855
0.39029999999999987,-0.01372128489739099
0.38929999999999987,-0.013765140947686808
0.38829999999999987,-0.013825973533581002
0.38729999999999987,-0.013861341316077629
0.38629999999999987,-0.013949053416669261
0.38529999999999986,-0.014005641868663864
0.38429999999999986,-0.014035350805961029
0.38329999999999986,-0.014115989350053336
0.38229999999999986,-0.014161260111649017
0.38129999999999986,-0.01424614278964092
0.38029999999999986,-0.014345172580631472
0.37929999999999986,-0.014345172580631472
0.37829999999999986,-0.014401761032626074
0.37729999999999986,-0.014430055258623373
0.37629999999999986,-0.014486643710617976
0.37529999999999986,-0.014557379275611227
0.37429999999999986,-0.014599820614607179
0.37329999999999985,-0.014642261953603129
0.37229999999999985,-0.014684703292599082
0.37129999999999985,-0.014741291744593682
0.37029999999999985,-0.014812027309586936
0.36929999999999985,-0.014840321535584235
0.36829999999999985,-0.014868615761581536
0.36729999999999985,-0.014939351326574786
0.36629999999999985,-0.014981792665570736
0.36529999999999985,-0.01505252823056399
0.36429999999999985,-0.015080822456561293
0.36329999999999985,-0.015123263795557243
0.36229999999999984,-0.015151558021554544
0.36129999999999984,-0.015236440699546445
0.36029999999999984,-0.015278882038542396
0.35929999999999984,-0.015307176264539698
0.35829999999999984,-0.015349617603535646
0.35729999999999984,-0.015392058942531598
0.35629999999999984,-0.015448647394526203
0.35529999999999984,-0.015491088733522153
0.35429999999999984,-0.015533530072518101
0.35329999999999984,-0.015575971411514053
0.35229999999999984,-0.015604265637511355
0.35129999999999983,-0.015660854089505957
0.35029999999999983,-0.015717442541500558
0.34929999999999983,-0.015774030993495156
0.34829999999999983,-0.01581647233249111
0.34729999999999983,-0.015873060784485714
0.34629999999999983,-0.01588720789748436
0.34529999999999983,-0.015943796349478963
0.34429999999999983,-0.015957943462477614
0.3432999999999998,-0.015986237688474913
0.3422999999999998,-0.016028679027470863
0.3412999999999998,-0.016071120366466816
0.3402999999999998,-0.016170150157457368
0.3392999999999998,-0.016170150157457368
0.3382999999999998,-0.016212591496453318
0.3372999999999998,-0.01625503283544927
0.3362999999999998,-0.016269179948447923
0.3352999999999998,-0.016354062626439823
0.3342999999999998,-0.016368209739438477
0.3332999999999998,-0.016396503965435776
0.3322999999999998,-0.016438945304431726
0.3312999999999998,-0.01648138664342768
0.3302999999999998,-0.016552122208420932
0.3292999999999998,-0.01658041643441823
0.3282999999999998,-0.01660871066041553
0.3272999999999998,-0.01665115199941148
0.3262999999999998,-0.016679446225408782
0.3252999999999999,-0.016750181790402035
0.3242999999999999,-0.016806770242396636
0.3232999999999999,-0.016806770242396636
0.3222999999999999,-0.016849211581392583
0.3212999999999999,-0.01691994714638584
0.3202999999999999,-0.016962388485381792
0.3192999999999999,-0.01699068271137909
0.3182999999999999,-0.017018976937376393
0.3172999999999999,-0.017047271163373692
0.3162999999999999,-0.017103859615368294
0.3152999999999999,-0.017160448067362895
0.3142999999999999,-0.017188742293360197
0.3132999999999999,-0.017217036519357496
0.3122999999999999,-0.017259477858353446
0.3112999999999999,-0.01731606631034805
0.3102999999999999,-0.017358507649344
0.3092999999999999,-0.017372654762342652
0.3082999999999999,-0.0174150961013386
0.3072999999999999,-0.017429243214337253
0.3062999999999999,-0.017499978779330502
0.3052999999999999,-0.017556567231325104
0.3042999999999999,-0.017570714344323755
0.3032999999999999,-0.017627302796318356
0.3022999999999999,-0.017641449909317007
0.3012999999999999,-0.01768389124831296
0.3002999999999999,-0.01774047970030756
0.2992999999999999,-0.01776877392630486
0.2982999999999999,-0.017825362378299462
0.2972999999999999,-0.017867803717295416
0.2962999999999999,-0.017910245056291362
0.2952999999999999,-0.017980980621284618
0.2942999999999999,-0.017995127734283266
0.2932999999999999,-0.018009274847281917
0.2922999999999999,-0.018051716186277867
0.2912999999999999,-0.018080010412275173
0.2902999999999999,-0.01813659886426977
0.2892999999999999,-0.01817904020326572
0.2882999999999999,-0.018193187316264375
0.2872999999999999,-0.018249775768258973
0.2862999999999999,-0.018292217107254923
0.2852999999999999,-0.018362952672248176
0.2842999999999999,-0.018419541124242777
0.2832999999999999,-0.01847612957623738
0.2822999999999999,-0.01851857091523333
0.2812999999999999,-0.018575159367227933
0.2802999999999999,-0.018617600706223883
0.2792999999999999,-0.018631747819222534
0.2782999999999999,-0.018645894932221182
0.2772999999999999,-0.018660042045219833
0.2762999999999999,-0.018730777610213082
0.2752999999999999,-0.018787366062207687
0.2742999999999999,-0.018801513175206338
0.2732999999999999,-0.018843954514202284
0.2722999999999999,-0.01885810162720094
0.2712999999999999,-0.018900542966196893
0.2702999999999999,-0.01897127853119014
0.2692999999999999,-0.018985425644188793
0.26829999999999987,-0.019013719870186095
0.26729999999999987,-0.019056161209182042
0.26629999999999987,-0.019098602548177995
0.26529999999999987,-0.019141043887173945
0.26429999999999987,-0.019169338113171244
0.26329999999999987,-0.019197632339168547
0.26229999999999987,-0.01922592656516585
0.26129999999999987,-0.01928251501716045
0.26029999999999986,-0.01933910346915505
0.25929999999999986,-0.01933910346915505
0.25829999999999986,-0.019395691921149656
0.25729999999999986,-0.019423986147146955
0.25629999999999986,-0.019452280373144254
0.25529999999999986,-0.01950886882513886
0.25429999999999986,-0.019537163051136158
0.25329999999999986,-0.019551310164134805
0.25229999999999986,-0.019622045729128058
0.25129999999999986,-0.01963619284212671
0.25029999999999986,-0.01970692840711996
0.24929999999999986,-0.019721075520118612
0.24829999999999985,-0.019721075520118612
0.24729999999999985,-0.019777663972113214
0.24629999999999985,-0.019820105311109164
0.24529999999999985,-0.019919135102099715
0.24429999999999985,-0.019961576441095665
0.24329999999999985,-0.019989870667092968
0.24229999999999985,-0.02003231200608892
0.24129999999999985,-0.02006060623208622
0.24029999999999985,-0.02008890045808352
0.23929999999999985,-0.02011719468408082
0.23829999999999985,-0.020145488910078124
0.23729999999999984,-0.020173783136075422
0.23629999999999984,-0.020230371588070024
0.23529999999999984,-0.020258665814067326
0.23429999999999984,-0.02032940137906058
0.23329999999999984,-0.02032940137906058
0.23229999999999984,-0.020357695605057877
0.23129999999999984,-0.02041428405705248
0.23029999999999984,-0.020470872509047083
0.22929999999999984,-0.020499166735044382
0.22829999999999984,-0.02052746096104168
0.22729999999999984,-0.02055575518703898
0.22629999999999983,-0.020584049413036282
0.22529999999999983,-0.020654784978029535
0.22429999999999983,-0.020683079204026837
0.22329999999999983,-0.020697226317025485
0.22229999999999983,-0.02073966765602144
0.22129999999999983,-0.020767961882018737
0.22029999999999983,-0.020838697447011986
0.21929999999999983,-0.02088113878600794
0.21829999999999983,-0.02088113878600794
0.21729999999999983,-0.020937727238002544
0.21629999999999983,-0.020951874351001196
0.21529999999999982,-0.021022609915994445
0.21429999999999982,-0.021050904141991744
0.21329999999999982,-0.021050904141991744
0.21229999999999982,-0.021121639706984996
0.21129999999999982,-0.021135786819983647
0.21029999999999982,-0.02119237527197825
0.20929999999999982,-0.0212348166109742
0.20829999999999982,-0.02124896372397285
0.20729999999999982,-0.021305552175967454
0.20629999999999982,-0.021319699288966102
0.20529999999999982,-0.021390434853959358
0.20429999999999982,-0.021418729079956657
0.20329999999999981,-0.021432876192955305
0.2022999999999998,-0.021475317531951258
0.2012999999999998,-0.02153190598394586
0.20029999999999992,-0.021560200209943158
0.19929999999999992,-0.021602641548939108
0.19829999999999992,-0.02163093577493641
0.19729999999999992,-0.02165923000093371
0.19629999999999992,-0.021701671339929663
0.19529999999999992,-0.021758259791924264
0.19429999999999992,-0.021843142469916164
0.19329999999999992,-0.021885583808912118
0.19229999999999992,-0.021871436695913467
0.19129999999999991,-0.021913878034909417
0.1902999999999999,-0.021956319373905367
0.1892999999999999,-0.022012907825899968
0.1882999999999999,-0.02205534916489592
0.1872999999999999,-0.02208364339089322
0.1862999999999999,-0.022126084729889174
0.1852999999999999,-0.022168526068885124
0.1842999999999999,-0.022196820294882423
0.1832999999999999,-0.022196820294882423
0.1822999999999999,-0.022239261633878377
0.1812999999999999,-0.022281702972874327
0.1802999999999999,-0.02235243853786758
0.1792999999999999,-0.02235243853786758
0.1782999999999999,-0.02238073276386488
0.1772999999999999,-0.02242317410286083
0.1762999999999999,-0.022465615441856785
0.1752999999999999,-0.022522203893851383
0.1742999999999999,-0.022564645232847336
0.1732999999999999,-0.022578792345845984
0.1722999999999999,-0.022635380797840585
0.1712999999999999,-0.02264952791083924
0.1702999999999999,-0.02270611636283384
0.1692999999999999,-0.02274855770182979
0.1682999999999999,-0.02277685192782709
0.1672999999999999,-0.022819293266823044
0.1662999999999999,-0.022847587492820343
0.1652999999999999,-0.022890028831816296
0.1642999999999999,-0.022946617283810897
0.1632999999999999,-0.022946617283810897
0.1622999999999999,-0.0230032057358055
0.1612999999999999,-0.023031499961802798
0.1602999999999999,-0.023073941300798748
0.1592999999999999,-0.023144676865792004
0.15829999999999989,-0.023172971091789302
0.15729999999999988,-0.02318711820478795
0.15629999999999988,-0.02324370665678255
0.15529999999999988,-0.023286147995778505
0.15429999999999988,-0.023314442221775804
0.15329999999999988,-0.023356883560771757
0.15229999999999988,-0.023399324899767704
0.15129999999999988,-0.02345591335176231
0.15029999999999988,-0.023512501803756906
0.14929999999999988,-0.02355494314275286
0.14829999999999988,-0.02359738448174881
0.14729999999999988,-0.023625678707746112
0.14629999999999987,-0.02365397293374341
0.14529999999999987,-0.023710561385738016
0.14429999999999987,-0.02378129695073127
0.14329999999999987,-0.02385203251572452
0.14229999999999987,-0.02390862096771912
0.14129999999999987,-0.02390862096771912
0.14029999999999987,-0.023965209419713723
0.13929999999999987,-0.02400765075870967
0.13829999999999987,-0.024021797871708325
0.13729999999999987,-0.024064239210704275
0.13629999999999987,-0.024092533436701577
0.13529999999999986,-0.024163269001694826
0.13429999999999986,-0.024191563227692125
0.13329999999999986,-0.024219857453689427
0.13229999999999986,-0.02426229879268538
0.13129999999999986,-0.02429059301868268
0.13029999999999986,-0.02434718147067728
0.12929999999999986,-0.024417917035670533
0.12829999999999986,-0.024432064148669184
0.12729999999999986,-0.02447450548766513
0.12629999999999986,-0.024502799713662437
0.12529999999999986,-0.024587682391654337
0.12429999999999986,-0.024630123730650287
0.12329999999999985,-0.024644270843648942
0.12229999999999985,-0.02468671218264489
0.12129999999999985,-0.024729153521640842
0.12029999999999985,-0.024785741973635443
0.11929999999999985,-0.02482818331263139
0.11829999999999985,-0.024842330425630044
0.11729999999999985,-0.024884771764625994
0.11629999999999985,-0.0249413602166206
0.11529999999999985,-0.024983801555616546
0.11429999999999985,-0.0250545371206098
0.11329999999999985,-0.0250545371206098
0.11229999999999984,-0.0250828313466071
0.11129999999999984,-0.025139419798601705
0.11029999999999984,-0.025196008250596303
0.10929999999999984,-0.025238449589592253
0.10829999999999984,-0.025280890928588207
0.10729999999999984,-0.025323332267584157
0.10629999999999984,-0.02537992071957876
0.10529999999999984,-0.02543650917157336
0.10429999999999984,-0.025493097623567964
0.10329999999999984,-0.025521391849565263
0.10229999999999984,-0.02554968607556256
0.10129999999999983,-0.025592127414558512
0.10029999999999983,-0.025662862979551764
0.09929999999999983,-0.025719451431546365
0.09829999999999983,-0.02576189277054232
0.09729999999999983,-0.02580433410953827
0.09629999999999983,-0.025818481222536924
0.09529999999999983,-0.025889216787530173
0.09429999999999983,-0.02594580523952477
0.09329999999999983,-0.025988246578520724
0.09229999999999983,-0.026058982143513973
0.09129999999999983,-0.026101423482509926
0.09029999999999982,-0.026158011934504528
0.08929999999999982,-0.02621460038649913
0.08829999999999982,-0.02621460038649913
0.08729999999999982,-0.02627118883849373
0.08629999999999982,-0.02629948306449103
0.08529999999999982,-0.026370218629484285
0.08429999999999982,-0.026426807081478886
0.08329999999999982,-0.02645510130747619
0.08229999999999982,-0.02649754264647214
0.08129999999999982,-0.026539983985468085
0.08029999999999982,-0.02658242532446404
0.07929999999999982,-0.02668145511545459
0.07829999999999981,-0.026709749341451892
0.07729999999999981,-0.02673804356744919
0.07629999999999981,-0.026780484906445145
0.07529999999999992,-0.026837073358439746
0.07429999999999992,-0.026893661810434347
0.07329999999999992,-0.026936103149430297
0.07229999999999992,-0.026978544488426247
0.07129999999999992,-0.026992691601424906
0.07029999999999992,-0.027063427166418155
0.06929999999999992,-0.027120015618412752
0.06829999999999992,-0.027162456957408702
0.06729999999999992,-0.027190751183406005
0.06629999999999991,-0.027247339635400606
0.06529999999999991,-0.027332222313392506
0.06429999999999991,-0.02736051653938981
0.06329999999999991,-0.02741710499138441
0.06229999999999991,-0.027459546330380363
0.06129999999999991,-0.027487840556377662
0.06029999999999991,-0.027544429008372267
0.05929999999999991,-0.027615164573365516
0.05829999999999991,-0.027671753025360117
0.05729999999999991,-0.027714194364356067
0.056299999999999906,-0.027770782816350672
0.055299999999999905,-0.027841518381343924
0.054299999999999904,-0.027912253946337173
0.0532999999999999,-0.027940548172334476
0.0522999999999999,-0.027982989511330426
0.0512999999999999,-0.028011283737327728
0.0502999999999999,-0.028082019302320977
0.0492999999999999,-0.02813860775431558
0.0482999999999999,-0.028181049093311532
0.0472999999999999,-0.028223490432307482
0.0462999999999999,-0.028265931771303435
0.045299999999999896,-0.028336667336296688
0.044299999999999895,-0.028379108675292634
0.043299999999999894,-0.028407402901289937
0.04229999999999989,-0.02847813846628319
0.04129999999999989,-0.02854887403127644
0.04029999999999989,-0.028647903822266993
0.03929999999999989,-0.028690345161262943
0.03829999999999989,-0.028704492274261594
0.03729999999999989,-0.028775227839254847
0.03629999999999989,-0.028817669178250797
0.03529999999999989,-0.02888840474324405
0.034299999999999886,-0.028973287421235953
0.033299999999999885,-0.029001581647233248
0.032299999999999884,-0.029044022986229205
0.031299999999999883,-0.029086464325225152
0.030299999999999883,-0.02912890566422111
0.02929999999999988,-0.029199641229214358
0.02829999999999988,-0.029284523907206258
0.02729999999999988,-0.029341112359200863
0.02629999999999988,-0.02939770081119546
0.025299999999999878,-0.02945428926319007
0.024299999999999877,-0.029482583489187364
0.023299999999999876,-0.029553319054180613
0.022299999999999875,-0.02959576039317657
0.021299999999999875,-0.029652348845171168
0.020299999999999874,-0.02972308441016442
0.019299999999999873,-0.029765525749160374
0.018299999999999872,-0.029836261314153626
0.01729999999999987,-0.029878702653149573
0.01629999999999987,-0.029921143992145526
0.01529999999999987,-0.029991879557138775
0.014299999999999868,-0.03006261512213203
0.013299999999999867,-0.03011920357412663
0.012299999999999978,-0.030175792026121234
0.011299999999999866,-0.030218233365117184
0.010299999999999976,-0.030303116043109087
0.009299999999999864,-0.03040214583409964
0.008299999999999974,-0.03047288139909289
0.007299999999999862,-0.03055776407708479
0.006299999999999972,-0.030600205416080745
0.00529999999999986,-0.030642646755076695
0.0042999999999999705,-0.030699235207071292
0.0032999999999998586,-0.030713382320069947
0.0022999999999999687,-0.030784117885063196
0.0012999999999998568,-0.030840706337057794
0.00029999999999996696,-0.0308690005630551
-0.000700000000000145,-0.030968030354045658
-0.0017000000000000348,-0.030982177467044306
-0.0027000000000001467,-0.03103876591903891
-0.0037000000000000366,-0.031095354371033508
-0.0047000000000001485,-0.031151942823028106
-0.005700000000000038,-0.031250972614018664
-0.00670000000000015,-0.03127926684001596
-0.00770000000000004,-0.03132170817901191
-0.008700000000000152,-0.03137829663100652
-0.009700000000000042,-0.031434885083001116
-0.010700000000000154,-0.03154806198699031
-0.011700000000000044,-0.03159050332598627
-0.012700000000000156,-0.03160465043898492
-0.013700000000000045,-0.03166123889097952
-0.014700000000000157,-0.031731974455972776
-0.015700000000000047,-0.03181685713396468
-0.01670000000000016,-0.031887592698957926
-0.01770000000000005,-0.03193003403795388
-0.01870000000000016,-0.031972475376949826
-0.01970000000000005,-0.03202906382894443
-0.020700000000000163,-0.032085652280939035
-0.021700000000000053,-0.03212809361993498
-0.022700000000000164,-0.03217053495893094
-0.023700000000000054,-0.03224127052392419
-0.024700000000000166,-0.03229785897591879
-0.025700000000000056,-0.03236859454091204
-0.026700000000000168,-0.032425182992906636
-0.027700000000000058,-0.03248177144490124
-0.02870000000000017,-0.032524212783897194
-0.02970000000000006,-0.03258080123589179
-0.03070000000000017,-0.0326656839138837
-0.03170000000000006,-0.032722272365878304
-0.03270000000000017,-0.03276471370487424
-0.03370000000000006,-0.032807155043870204
-0.034700000000000175,-0.03287789060886345
-0.035700000000000065,-0.03294862617385671
-0.03670000000000018,-0.033005214625851306
-0.03770000000000007,-0.03303350885184861
-0.03870000000000018,-0.033090097303843206
-0.03970000000000007,-0.033146685755837804
-0.04070000000000018,-0.03321742132083106
-0.04170000000000007,-0.03325986265982701
-0.04270000000000018,-0.03330230399882296
-0.04370000000000007,-0.03340133378981351
-0.044700000000000184,-0.03347206935480676
-0.045700000000000074,-0.03355695203279867
-0.046700000000000186,-0.03361354048479327
-0.047700000000000076,-0.03364183471079057
-0.04870000000000019,-0.033726717388782475
-0.04970000000000008,-0.033740864501781126
-0.05070000000000019,-0.033825747179773026
-0.05170000000000008,-0.03388233563176763
-0.05270000000000019,-0.033924776970763584
-0.05370000000000008,-0.03399551253575683
-0.05470000000000019,-0.03403795387475279
-0.05570000000000008,-0.03412283655274468
-0.056700000000000195,-0.034193572117737936
-0.057700000000000085,-0.03425016056973254
-0.058700000000000196,-0.03436333747372174
-0.059700000000000086,-0.03443407303871499
-0.0607000000000002,-0.034476514377710946
-0.06170000000000009,-0.03451895571670689
-0.0627000000000002,-0.0345755441687015
-0.06370000000000009,-0.03458969128170015
-0.0647000000000002,-0.03464627973369475
-0.06570000000000009,-0.034717015298688
-0.0667000000000002,-0.0347736037506826
-0.0677000000000001,-0.03481604508967855
-0.0687000000000002,-0.0348301922026772
-0.0697000000000001,-0.03490092776767045
-0.07070000000000021,-0.0349716633326637
-0.0717000000000001,-0.034999957558661005
-0.07270000000000021,-0.03504239889765696
-0.0737000000000001,-0.03509898734965156
-0.07470000000000021,-0.03515557580164616
-0.0757000000000001,-0.03524045847963807
-0.07670000000000021,-0.035282899818634014
-0.0777000000000001,-0.03532534115762996
-0.07870000000000021,-0.035381929609624566
-0.0797000000000001,-0.03542437094862052
-0.08070000000000022,-0.03552340073961108
-0.0817000000000001,-0.035551694965608366
-0.08270000000000022,-0.03562243053060162
-0.08370000000000011,-0.035664871869597575
-0.08470000000000022,-0.03570731320859352
-0.08570000000000011,-0.03579219588658543
-0.08670000000000022,-0.03583463722558138
-0.08770000000000011,-0.03589122567757598
-0.08870000000000022,-0.035947814129570585
-0.08970000000000011,-0.03599025546856653
-0.09070000000000022,-0.036117579485554385
-0.09170000000000011,-0.036216609276544943
-0.09270000000000023,-0.03624490350254224
-0.09370000000000012,-0.03631563906753549
-0.09470000000000023,-0.03632978618053414
-0.09570000000000012,-0.03637222751953009
-0.09670000000000023,-0.03644296308452335
-0.09770000000000012,-0.036471257310520644
-0.09870000000000023,-0.03652784576251525
-0.09970000000000012,-0.036598581327508505
-0.10070000000000023,-0.0366551697795031
-0.10170000000000012,-0.03671175823149771
-0.10270000000000024,-0.036782493796490956
-0.10370000000000013,-0.03679664090948961
-0.10470000000000024,-0.036853229361484205
-0.10570000000000013,-0.036923964926477454
-0.10670000000000024,-0.03702299471746801
-0.10770000000000013,-0.03706543605646396
-0.10870000000000024,-0.03709373028246127
-0.10970000000000013,-0.03713617162145721
-0.11070000000000024,-0.03719276007345181
-0.11170000000000013,-0.03726349563844507
-0.11270000000000002,-0.03733423120343832
-0.11370000000000013,-0.037390819655432915
-0.11470000000000002,-0.03744740810742752
-0.11570000000000014,-0.037518143672420776
-0.11670000000000003,-0.03756058501141672
-0.11770000000000014,-0.03758887923741403
-0.11870000000000003,-0.03764546768940863
-0.11970000000000014,-0.037673761915405925
-0.12070000000000003,-0.03775864459339783
-0.12170000000000014,-0.03782938015839108
-0.12270000000000003,-0.03785767438438838
-0.12370000000000014,-0.03792840994938163
-0.12470000000000003,-0.03794255706238028
-0.12570000000000014,-0.038055733966369486
-0.12670000000000003,-0.03809817530536544
-0.12770000000000015,-0.038126469531362735
-0.12870000000000004,-0.03818305798335734
-0.12970000000000015,-0.03822549932235329
-0.13070000000000004,-0.0383103820003452
-0.13170000000000015,-0.038409411791335744
-0.13270000000000004,-0.038423558904334396
-0.13370000000000015,-0.03846600024333035
-0.13470000000000004,-0.038522588695324954
-0.13570000000000015,-0.03855088292132225
-0.13670000000000004,-0.038635765599314156
-0.13770000000000016,-0.0386499127123128
-0.13870000000000005,-0.03872064827730605
-0.13970000000000016,-0.03880553095529796
-0.14070000000000005,-0.03887626652029121
-0.14170000000000016,-0.038961149198283106
-0.14270000000000005,-0.039003590537279066
-0.14370000000000016,-0.039003590537279066
-0.14470000000000005,-0.039046031876275006
-0.14570000000000016,-0.03910262032826961
-0.14670000000000005,-0.039173355893262866
-0.14770000000000016,-0.03922994434525747
-0.14870000000000005,-0.03925823857125477
-0.14970000000000017,-0.03930067991025072
-0.15070000000000006,-0.03937141547524397
-0.15170000000000017,-0.03941385681423992
-0.15270000000000006,-0.03947044526623452
-0.15370000000000017,-0.03951288660523048
-0.15470000000000006,-0.03954118083122777
-0.15570000000000017,-0.039626063509219676
-0.15670000000000006,-0.03966850484821563
-0.15770000000000017,-0.03973924041320888
-0.15870000000000006,-0.03978168175220483
-0.15970000000000018,-0.03980997597820213
-0.16070000000000007,-0.039894858656194035
-0.16170000000000018,-0.03995144710818864
-0.16270000000000007,-0.039965594221187284
-0.16370000000000018,-0.04005047689917919
-0.16470000000000007,-0.04012121246417244
-0.16570000000000018,-0.04020609514216435
-0.16670000000000007,-0.04029097782015625
-0.16770000000000018,-0.040361713385149496
-0.16870000000000007,-0.04043244895014275
-0.16970000000000018,-0.04043244895014275
-0.17070000000000007,-0.04047489028913869
-0.17170000000000019,-0.040531478741133296
-0.17270000000000008,-0.040531478741133296
-0.1737000000000002,-0.04058806719312791
-0.17470000000000008,-0.040644655645122506
-0.1757000000000002,-0.04070124409711711
-0.17670000000000008,-0.04078612677510901
-0.1777000000000002,-0.040814421001106306
-0.17870000000000008,-0.04082856811410496
-0.1797000000000002,-0.040899303679098206
-0.18070000000000008,-0.04094174501809417
-0.1817000000000002,-0.04104077480908471
-0.18270000000000008,-0.04108321614808067
-0.1837000000000002,-0.04111151037407796
-0.1847000000000001,-0.041168098826072565
-0.1857000000000002,-0.04119639305206987
-0.1867000000000001,-0.04126712861706312
-0.1877000000000002,-0.04130956995605907
-0.1887000000000001,-0.04132371706905772
-0.1897000000000002,-0.04139445263405097
-0.1907000000000001,-0.041465188199044226
-0.1917000000000001,-0.041550070877036126
-0.19269999999999998,-0.04159251221603208
-0.1937000000000001,-0.04163495355502803
-0.19469999999999998,-0.04170568912002128
-0.1957000000000001,-0.04176227757201588
-0.19669999999999999,-0.04180471891101184
-0.1977000000000001,-0.04184716025000779
-0.1987,-0.04187545447600509
-0.1997000000000001,-0.04190374870200239
-0.2007,-0.04197448426699564
-0.2017000000000001,-0.04204521983198889
-0.2027,-0.04210180828398349
-0.2037000000000001,-0.042130102509980796
-0.2047,-0.04217254384897674
-0.2057000000000001,-0.04224327941396999
-0.2067,-0.04232816209196189
-0.2077000000000001,-0.0423564563179592
-0.2087,-0.0424130447699538
-0.2097000000000001,-0.0424696332219484
-0.2107,-0.042554515899940304
-0.2117000000000001,-0.04262525146493356
-0.2127,-0.042639398577932204
-0.2137000000000001,-0.04269598702992681
-0.2147,-0.04275257548192141
-0.2157000000000001,-0.04289404661190791
-0.2167,-0.042922340837905214
-0.21770000000000012,-0.042936487950903865
-0.2187,-0.04296478217690116
-0.21970000000000012,-0.043021370628895765
-0.2207,-0.04307795908089037
-0.22170000000000012,-0.04314869464588362
-0.2227,-0.04316284175888227
-0.22370000000000012,-0.043205283097878217
-0.2247,-0.04324772443687417
-0.22570000000000012,-0.04334675422786472
-0.2267,-0.043403342679859326
-0.22770000000000012,-0.043459931131853924
-0.22870000000000001,-0.04348822535785123
-0.22970000000000013,-0.04354481380984583
-0.23070000000000002,-0.04362969648783773
-0.23170000000000013,-0.04365799071383503
-0.23270000000000002,-0.04371457916582964
-0.23370000000000013,-0.043757020504825585
-0.23470000000000002,-0.04381360895682019
-0.23570000000000013,-0.04388434452181344
-0.23670000000000002,-0.04392678586080939
-0.2376999999999999,-0.04398337431280399
-0.23870000000000002,-0.04401166853880129
-0.2396999999999999,-0.044039962764798594
-0.24070000000000003,-0.044138992555789146
-0.24169999999999991,-0.0442097281207824
-0.24270000000000003,-0.04425216945977835
-0.24369999999999992,-0.04428046368577565
-0.24470000000000003,-0.044308757911772946
-0.24569999999999992,-0.04436534636376756
-0.24670000000000003,-0.04443608192876081
-0.24769999999999992,-0.044492670380755404
-0.24870000000000003,-0.04454925883275
-0.24969999999999992,-0.04460584728474461
-0.25070000000000003,-0.044676582849737856
-0.2516999999999999,-0.04476146552772976
-0.25270000000000004,-0.044775612640728414
-0.2536999999999999,-0.04484634820572166
-0.25470000000000004,-0.044874642431718965
-0.2556999999999999,-0.044945377996712214
-0.25670000000000004,-0.045044407787702766
-0.25769999999999993,-0.045072702013700075
-0.25870000000000004,-0.04508684912669872
-0.25969999999999993,-0.04517173180469062
-0.26070000000000004,-0.04518587891768927
-0.26169999999999993,-0.04528490870867982
-0.26270000000000004,-0.04536979138667173
-0.26369999999999993,-0.04542637983866633
-0.26470000000000005,-0.045511262516658234
-0.26569999999999994,-0.04555370385565418
-0.26670000000000005,-0.04563858653364609
-0.26769999999999994,-0.04565273364664474
-0.26870000000000005,-0.04563858653364609
-0.26969999999999994,-0.045681027872642034
-0.27070000000000005,-0.04573761632463663
-0.27169999999999994,-0.04580835188962989
-0.27270000000000005,-0.04585079322862584
-0.27369999999999994,-0.04586494034162449
-0.27470000000000006,-0.04592152879361909
-0.27569999999999995,-0.04597811724561369
-0.27670000000000006,-0.04603470569760829
-0.27769999999999995,-0.046077147036604246
-0.27870000000000006,-0.0461195883756002
-0.27969999999999995,-0.046162029714596146
-0.28070000000000006,-0.046232765279589395
-0.28169999999999995,-0.046317647957581295
-0.28270000000000006,-0.046345942183578605
-0.28369999999999995,-0.0463742364095759
-0.28470000000000006,-0.0464025306355732
-0.28569999999999995,-0.0464591190875678
-0.28670000000000007,-0.04655814887855836
-0.28769999999999996,-0.04657229599155701
-0.28870000000000007,-0.04664303155655026
-0.28969999999999996,-0.04665717866954891
-0.29070000000000007,-0.04674206134754081
-0.29169999999999996,-0.04685523825153001
-0.29270000000000007,-0.046869385364528664
-0.29369999999999996,-0.04692597381652327
-0.2947000000000001,-0.046968415155519215
-0.29569999999999996,-0.04701085649451517
-0.2967000000000001,-0.04709573917250707
-0.29769999999999996,-0.04715232762450167
-0.2987000000000001,-0.04718062185049897
-0.29969999999999997,-0.047237210302493574
-0.3007000000000001,-0.04730794586748682
-0.30169999999999997,-0.04743526988447468
-0.3027000000000001,-0.04749185833646928
-0.30369999999999997,-0.047520152562466576
-0.3047000000000001,-0.04760503524045848
-0.30569999999999997,-0.04766162369245308
-0.3067000000000001,-0.04773235925744633
-0.3077,-0.04778894770944094
-0.3087000000000001,-0.04781724193543824
-0.3097,-0.04788797750043149
-0.3107000000000001,-0.04795871306542474
-0.3117,-0.048086037082412596
-0.3127000000000001,-0.048170919760404496
-0.3137,-0.048199213986401805
-0.3147000000000001,-0.0482558024383964
-0.3157,-0.04829824377739235
-0.3167000000000001,-0.04835483222938696
-0.3177,-0.048439714907378854
-0.3187000000000001,-0.04848215624637481
-0.3197,-0.048538744698369406
-0.3207000000000001,-0.04859533315036401
-0.3217,-0.04866606871535726
-0.3227000000000001,-0.04870851005435321
-0.3237,-0.04879339273234512
-0.3247000000000001,-0.048821686958342415
-0.3257,-0.04890656963633432
-0.3267000000000001,-0.04899145231432622
-0.3277,-0.04906218787931948
-0.3287000000000001,-0.04910462921831542
-0.3297,-0.04913292344431273
-0.3307000000000001,-0.04923195323530328
-0.3317,-0.04933098302629382
-0.3327000000000001,-0.04937342436528978
-0.3337,-0.04943001281728438
-0.3347000000000001,-0.04950074838227764
-0.3357,-0.04955733683427224
-0.3367000000000001,-0.04965636662526278
-0.3377,-0.049727102190256035
-0.3387000000000001,-0.04978369064225065
-0.3397,-0.049854426207243896
-0.3407000000000001,-0.0498827204332412
-0.3417,-0.0499958973372304
-0.3427000000000001,-0.05006663290222365
-0.3437,-0.0501090742412196
-0.3447000000000001,-0.050208104032210155
-0.3457,-0.05023639825820745
-0.3467000000000001,-0.050377869388193955
-0.3477,-0.050491046292183164
-0.3487000000000001,-0.050533487631179104
-0.3497,-0.05064666453516831
-0.3507000000000001,-0.050745694326158865
-0.3517,-0.05080228277815346
-0.3527000000000001,-0.05088716545614537
-0.3537,-0.05092960679514132
-0.3547000000000001,-0.05098619524713593
-0.3557,-0.05107107792512782
-0.35670000000000013,-0.051184254829117024
-0.3577,-0.05128328462010758
-0.35870000000000013,-0.05133987307210218
-0.3597,-0.051410608637095435
-0.36070000000000013,-0.051495491315087336
-0.3617,-0.05160866821907654
-0.3626999999999999,-0.051721845123065734
-0.3637,-0.0518491691400536
-0.3646999999999999,-0.0519057575920482
-0.3657,-0.0519906402700401
-0.3666999999999999,-0.05206137583503335
-0.3677,-0.052117964287027946
-0.3686999999999999,-0.05220284696501985
-0.36970000000000003,-0.05228772964301176
-0.3706999999999999,-0.052344318095006365
-0.37170000000000003,-0.05245749499899556
-0.3726999999999999,-0.052514083450990165
-0.37370000000000003,-0.05259896612898206
-0.3746999999999999,-0.05265555458097666
-0.37570000000000003,-0.05271214303297127
-0.3766999999999999,-0.05286776127595642
-0.37770000000000004,-0.052938496840949666
-0.3786999999999999,-0.05300923240594292
-0.37970000000000004,-0.05309411508393482
-0.3806999999999999,-0.05312240930993213
-0.38170000000000004,-0.05326388043991863
-0.38269999999999993,-0.05336291023090918
-0.38370000000000004,-0.053405351569905134
-0.38469999999999993,-0.053518528473894336
-0.38570000000000004,-0.053589264038887585
-0.38669999999999993,-0.05371658805587544
-0.38770000000000004,-0.0538439120728633
-0.38869999999999993,-0.0539005005248579
-0.38970000000000005,-0.05399953031584845
-0.39069999999999994,-0.0540702658808417
-0.39170000000000005,-0.0541834427848309
-0.39269999999999994,-0.05428247257582146
-0.39370000000000005,-0.054324913914817405
-0.39469999999999994,-0.05440979659280931
-0.39570000000000005,-0.05452297349679851
-0.39669999999999994,-0.05457956194879311
-0.39770000000000005,-0.05470688596578097
-0.39869999999999994,-0.054791768643772866
-0.39970000000000006,-0.05484835709576747
-0.40069999999999995,-0.054975681112755324
-0.40170000000000006,-0.055074710903745876
-0.40269999999999995,-0.05515959358173778
-0.40370000000000006,-0.05524447625972968
-0.40469999999999995,-0.05528691759872562
-0.40570000000000006,-0.05538594738971618
-0.40669999999999995,-0.05549912429370539
-0.40770000000000006,-0.055598154084695935
-0.40869999999999995,-0.05568303676268785
-0.40970000000000006,-0.0557537723276811
-0.41069999999999995,-0.05582450789267435
-0.41170000000000007,-0.05596597902266085
-0.41269999999999996,-0.05605086170065276
-0.41370000000000007,-0.056149891491643296
-0.41469999999999996,-0.05622062705663656
-0.41570000000000007,-0.0563196568476271
-0.41669999999999996,-0.05643283375161631
-0.41770000000000007,-0.05650356931660957
-0.41869999999999996,-0.05657430488160282
-0.4197000000000001,-0.05668748178559202
-0.42069999999999996,-0.05678651157658257
-0.4217000000000001,-0.05688554136757313
-0.42269999999999996,-0.05697042404556502
-0.4237000000000001,-0.05704115961055828
-0.42469999999999997,-0.05711189517555153
-0.4257000000000001,-0.05716848362754613
-0.42669999999999997,-0.057295807644533986
-0.4277000000000001,-0.05743727877452049
-0.42869999999999997,-0.057479720113516444
-0.4297000000000001,-0.05759289701750564
-0.43069999999999997,-0.05767777969549755
-0.4317000000000001,-0.0577768094864881
-0.4327,-0.0579182806164746
-0.4337000000000001,-0.05798901618146785
-0.4347,-0.05808804597245841
-0.4357000000000001,-0.058172928650450303
-0.4367,-0.05827195844144086
-0.4377000000000001,-0.058399282458428715
-0.4387,-0.058484165136420616
-0.4397000000000001,-0.05851245936241791
-0.4407,-0.05861148915340847
-0.4417000000000001,-0.05869637183140037
-0.4427,-0.05879540162239092
-0.4437000000000001,-0.05889443141338147
-0.4447,-0.05895101986537608
-0.4457000000000001,-0.059050049656366635
-0.4467,-0.05917737367335448
-0.4477000000000001,-0.059233962125349086
-0.4487,-0.05933299191633964
-0.4497000000000001,-0.05934713902933829
-0.4507,-0.05943202170733019
-0.4517000000000001,-0.05954519861131939
-0.4527,-0.05965837551530859
-0.4537000000000001,-0.059771552419297796
-0.4547,-0.059870582210288355
-0.4557000000000001,-0.05994131777528161
-0.4567,-0.06008278890526811
-0.4577000000000001,-0.06018181869625867
-0.4587,-0.06022426003525461
-0.4597000000000001,-0.060337436939243816
-0.4607,-0.06037987827823976
-0.4617000000000001,-0.060507202295227616
-0.4627,-0.060606232086218174
-0.4637000000000001,-0.06069111476421007
-0.4647,-0.06080429166819928
-0.4657000000000001,-0.060846733007195224
-0.4667,-0.060959909911184426
-0.4677000000000001,-0.061087233928172294
-0.4687,-0.06117211660616418
-0.4697000000000001,-0.06127114639715474
-0.4707,-0.061370176188145296
-0.4717000000000001,-0.06153994154412909
-0.4727,-0.06163897133511965
-0.4737000000000001,-0.06169555978711426
-0.4747,-0.061780442465106146
-0.4757000000000001,-0.06189361936909534
-0.4767,-0.062006796273084565
-0.4777000000000001,-0.06214826740307107
-0.4787,-0.06221900296806432
-0.4797000000000001,-0.06230388564605621
-0.4807,-0.06243120966304407
-0.48170000000000013,-0.06255853368003192
-0.4827,-0.06270000481001843
-0.48370000000000013,-0.06279903460100898
-0.4847,-0.06286977016600223
-0.48570000000000013,-0.06301124129598873
-0.4867,-0.06316685953897387
-0.4876999999999999,-0.0633083306689604
-0.4887,-0.06346394891194555
-0.4896999999999999,-0.06352053736394014
-0.4907,-0.0636195671549307
-0.4916999999999999,-0.0638176267369118
-0.4927,-0.06395909786689832
-0.4936999999999999,-0.06407227477088752
-0.49470000000000003,-0.06417130456187807
-0.4956999999999999,-0.06429862857886592
-0.49670000000000003,-0.06448254104784838
-0.4976999999999999,-0.06466645351683083
-0.49870000000000003,-0.06479377753381868
-0.4996999999999999,-0.06497769000280114
-0.5007,-0.06509086690679033
-0.5016999999999999,-0.06526063226277413
-0.5027,-0.06540210339276065
-0.5036999999999999,-0.06551528029674986
-0.5047,-0.06568504565273366
-0.5056999999999999,-0.0658123696697215
-0.5067,-0.06599628213870397
-0.5076999999999999,-0.06618019460768641
-0.5087,-0.06630751862467427
-0.5096999999999999,-0.06647728398065808
-0.5107,-0.06661875511064458
-0.5116999999999999,-0.0668168146926257
-0.5127,-0.06701487427460678
-0.5136999999999999,-0.06714219829159464
-0.5147,-0.06732611076057708
-0.5156999999999999,-0.06748172900356225
-0.5167,-0.06765149435954605
-0.5176999999999999,-0.06790614239352176
-0.5187,-0.06803346641050961
-0.5196999999999999,-0.06818908465349477
-0.5207,-0.06838714423547587
-0.5216999999999999,-0.06858520381745697
-0.5227,-0.06882570473843404
-0.5236999999999999,-0.06899547009441785
-0.5247,-0.06916523545040164
-0.5257,-0.06936329503238275
-0.5267000000000001,-0.06960379595335982
-0.5277,-0.06981600264833956
-0.5287000000000001,-0.07002820934331933
-0.5297,-0.07024041603829907
-0.5307000000000001,-0.07045262273327882
-0.5317,-0.07072141788025317
-0.5327000000000001,-0.07091947746223429
-0.5337,-0.07115997838321135
-0.5347000000000001,-0.07140047930418841
-0.5357,-0.07164098022516545
-0.5367000000000001,-0.07190977537213981
-0.5377,-0.07216442340611552
-0.5387000000000001,-0.07241907144009123
-0.5397,-0.07264542524806963
-0.5407000000000001,-0.07287177905604804
-0.5417,-0.07316886842901969
-0.5427000000000001,-0.07346595780199136
-0.5437,-0.07372060583596705
-0.5447000000000001,-0.07404598943493602
-0.5457,-0.07428649035591307
-0.5467000000000001,-0.07458357972888473
-0.5477,-0.0749089633278537
-0.5487000000000001,-0.0751919055878267
-0.5497,-0.07546070073480106
-0.5507000000000001,-0.07575779010777271
-0.5517,-0.07604073236774572
-0.5527000000000001,-0.07643685153170793
-0.5537,-0.07671979379168092
-0.5547000000000001,-0.07701688316465259
-0.5557,-0.07737056098961885
-0.5567000000000001,-0.07769594458858782
-0.5577,-0.07806376952655272
-0.5587000000000001,-0.07840330023852032
-0.5597,-0.07871453672449064
-0.5607000000000001,-0.07909650877545421
-0.5617,-0.07947848082641776
-0.5627000000000001,-0.07984630576438266
-0.5637,-0.08024242492834488
-0.5647000000000001,-0.08055366141431519
-0.5657,-0.08094978057827738
-0.5667000000000001,-0.0813458997422396
-0.5677,-0.08179860735819641
-0.5687000000000001,-0.08225131497415322
-0.5697,-0.08274646392910599
-0.5707000000000001,-0.08318502443206416
-0.5717,-0.08362358493502231
-0.5727000000000001,-0.08401970409898453
-0.5737,-0.0844582646019427
-0.5747000000000001,-0.0848826779919022
-0.5757,-0.08523635581686846
-0.5767000000000001,-0.0857597989978185
-0.5777,-0.08625494795277128
-0.5787000000000001,-0.08669350845572944
-0.5797,-0.08716036318468491
-0.5807000000000001,-0.08757062946164577
-0.5817,-0.08807992552959719
-0.5827000000000001,-0.0885892215975486
-0.5837,-0.0890985176655
-0.5847000000000001,-0.08960781373345142
-0.5857,-0.09013125691440148
-0.5867000000000001,-0.09071128854734616
-0.5877,-0.09129132018029082
-0.5887000000000001,-0.09181476336124088
-0.5897,-0.09239479499418554
-0.5907000000000001,-0.09296067951413156
-0.5917,-0.09354071114707624
-0.5927000000000001,-0.09419147834501414
-0.5937,-0.0947715099779588
-0.5947000000000001,-0.09540813006289808
-0.5957,-0.09607304437383464
-0.5967000000000001,-0.09673795868477121
-0.5977,-0.09743116722170508
-0.5987000000000001,-0.09809608153264164
-0.5997,-0.09873270161758091
-0.6007000000000001,-0.09945420438051207
-0.6017,-0.10014741291744596
-0.6027000000000001,-0.10092550413237171
-0.6037,-0.10166115400830154
-0.6047000000000001,-0.1023826567712327
-0.6057,-0.10314660087315983
-0.6067000000000001,-0.10393883920108424
-0.6077,-0.10475937175500598
-0.6087000000000001,-0.1056364927609223
-0.6097,-0.1064004368628494
-0.6107000000000001,-0.10720682230377249
-0.6117,-0.1081405317616834
-0.6126999999999999,-0.10901765276759973
-0.6137,-0.10992306799951335
-0.6146999999999999,-0.11084263034442562
-0.6157,-0.11173389846334059
-0.6166999999999999,-0.11273834348624477
-0.6177,-0.113700347170153
-0.6186999999999999,-0.11467649796705988
-0.6197,-0.11575167855495731
-0.6206999999999999,-0.11677027069086011
-0.6217,-0.11785959839175622
-0.6226999999999999,-0.11899136743164823
-0.6237,-0.12003825379354836
-0.6246999999999999,-0.121226611285435
-0.6257,-0.12245741011631758
-0.6266999999999999,-0.12353259070421502
-0.6277,-0.12480583087409354
-0.6286999999999999,-0.12596589413998285
-0.6297,-0.12716839874486813
-0.6306999999999999,-0.12842749180174803
-0.6317,-0.12974317331062254
-0.6326999999999999,-0.1311720317234862
-0.6337,-0.13247356611936204
-0.6346999999999999,-0.13383168896723246
-0.6357,-0.1352746944930948
-0.6366999999999999,-0.1366752586799612
-0.6377,-0.13824558822281138
-0.6386999999999999,-0.13973103508766968
-0.6397,-0.14120233483952932
-0.6406999999999999,-0.1427443701563822
-0.6417,-0.14444202371622025
-0.6426999999999999,-0.14599820614607179
-0.6437,-0.14769585970590982
-0.6446999999999999,-0.14939351326574787
-0.6457,-0.1510911668255859
-0.6466999999999999,-0.15293029151541046
-0.6477,-0.15476941620523502
-0.6486999999999999,-0.15675001202504607
-0.6497,-0.1585891367148706
-0.6507,-0.16056973253468165
-0.6517000000000001,-0.1625503283544927
-0.6527,-0.16453092417430376
-0.6537000000000001,-0.1666529911241013
-0.6547,-0.16877505807389886
-0.6557000000000001,-0.17061418276372342
-0.6567,-0.172736249713521
-0.6577000000000001,-0.17499978779330505
-0.6587,-0.1774047970030756
-0.6597000000000001,-0.17966833508285968
-0.6607,-0.18193187316264373
-0.6617000000000001,-0.1843368823724143
-0.6627,-0.18660042045219835
-0.6637000000000001,-0.18928837192194192
-0.6647,-0.19183485226169897
-0.6657000000000001,-0.19438133260145604
-0.6667,-0.19692781294121312
-0.6677000000000001,-0.19947429328097016
-0.6687,-0.20216224475071373
-0.6697000000000001,-0.20485019622045733
-0.6707,-0.2076796188201874
-0.6717000000000001,-0.21050904141991747
-0.6727,-0.21362140627962053
-0.6737000000000001,-0.21659230000933713
-0.6747,-0.2195631937390537
-0.6757000000000001,-0.2228170297287433
-0.6767,-0.22621233684841938
-0.6777000000000001,-0.22946617283810894
-0.6787,-0.23272000882779853
-0.6797000000000001,-0.23611531594747462
-0.6807,-0.2395106230671507
-0.6817000000000001,-0.24304740131681332
-0.6827,-0.2468671218264489
-0.6837000000000001,-0.25068684233608446
-0.6847,-0.25436509171573357
-0.6857000000000001,-0.2583262833553557
