Jan. 14, 2025   08:02:45
Cyclic Voltammetry
File: c:/users/guazh/data/banditlqround7_x0exp772_r5/2025-01-10-exp841\exp841-2025-01-14t07_50_07-arkoh\exp841_cv_sr_900mvs_efin_-1500mv.bin
Data Source:  Experiment
Instrument Model:  CHI760E
Header: CV ran at 900 mVs
Note: 

Init E (V) = -1
High E (V) = -1
Low E (V) = -1.5
Final E (V) = -1
Init P/N = N
Scan Rate (V/s) = 0.9
Segment = 3
Sample Interval (V) = 0.001
Quiet Time (sec) = 2
Sensitivity (A/V) = 0.01
Comp R (ohm) = 1.5

Results:

Channel 1:
Segment 1:
Ep = -1.365V
ip = 1.265e-3A
Ah = 1.380e-4C

Segment 2:

Segment 3:

Potential/V, Current/A

-1.000, -6.010e-6
-1.001, 9.882e-5
-1.002, 1.821e-4
-1.003, 2.561e-4
-1.004, 3.146e-4
-1.005, 3.701e-4
-1.006, 4.164e-4
-1.007, 4.565e-4
-1.008, 4.965e-4
-1.009, 5.305e-4
-1.010, 5.613e-4
-1.011, 5.921e-4
-1.012, 6.229e-4
-1.013, 6.507e-4
-1.014, 6.784e-4
-1.015, 7.062e-4
-1.016, 7.309e-4
-1.017, 7.524e-4
-1.018, 7.740e-4
-1.019, 7.925e-4
-1.020, 8.110e-4
-1.021, 8.264e-4
-1.022, 8.418e-4
-1.023, 8.542e-4
-1.024, 8.665e-4
-1.025, 8.819e-4
-1.026, 8.973e-4
-1.027, 9.158e-4
-1.028, 9.343e-4
-1.029, 9.498e-4
-1.030, 9.683e-4
-1.031, 9.898e-4
-1.032, 1.005e-3
-1.033, 1.021e-3
-1.034, 1.030e-3
-1.035, 1.045e-3
-1.036, 1.058e-3
-1.037, 1.070e-3
-1.038, 1.079e-3
-1.039, 1.088e-3
-1.040, 1.104e-3
-1.041, 1.116e-3
-1.042, 1.132e-3
-1.043, 1.150e-3
-1.044, 1.169e-3
-1.045, 1.184e-3
-1.046, 1.206e-3
-1.047, 1.221e-3
-1.048, 1.236e-3
-1.049, 1.252e-3
-1.050, 1.267e-3
-1.051, 1.280e-3
-1.052, 1.292e-3
-1.053, 1.304e-3
-1.054, 1.320e-3
-1.055, 1.332e-3
-1.056, 1.347e-3
-1.057, 1.366e-3
-1.058, 1.384e-3
-1.059, 1.403e-3
-1.060, 1.421e-3
-1.061, 1.443e-3
-1.062, 1.462e-3
-1.063, 1.480e-3
-1.064, 1.495e-3
-1.065, 1.514e-3
-1.066, 1.529e-3
-1.067, 1.542e-3
-1.068, 1.557e-3
-1.069, 1.573e-3
-1.070, 1.588e-3
-1.071, 1.606e-3
-1.072, 1.625e-3
-1.073, 1.647e-3
-1.074, 1.668e-3
-1.075, 1.687e-3
-1.076, 1.711e-3
-1.077, 1.730e-3
-1.078, 1.751e-3
-1.079, 1.767e-3
-1.080, 1.785e-3
-1.081, 1.801e-3
-1.082, 1.816e-3
-1.083, 1.832e-3
-1.084, 1.847e-3
-1.085, 1.865e-3
-1.086, 1.881e-3
-1.087, 1.902e-3
-1.088, 1.924e-3
-1.089, 1.946e-3
-1.090, 1.967e-3
-1.091, 1.989e-3
-1.092, 2.010e-3
-1.093, 2.029e-3
-1.094, 2.047e-3
-1.095, 2.066e-3
-1.096, 2.081e-3
-1.097, 2.097e-3
-1.098, 2.112e-3
-1.099, 2.128e-3
-1.100, 2.146e-3
-1.101, 2.161e-3
-1.102, 2.183e-3
-1.103, 2.201e-3
-1.104, 2.223e-3
-1.105, 2.245e-3
-1.106, 2.266e-3
-1.107, 2.288e-3
-1.108, 2.306e-3
-1.109, 2.325e-3
-1.110, 2.340e-3
-1.111, 2.356e-3
-1.112, 2.371e-3
-1.113, 2.383e-3
-1.114, 2.399e-3
-1.115, 2.417e-3
-1.116, 2.433e-3
-1.117, 2.451e-3
-1.118, 2.473e-3
-1.119, 2.491e-3
-1.120, 2.510e-3
-1.121, 2.534e-3
-1.122, 2.550e-3
-1.123, 2.571e-3
-1.124, 2.590e-3
-1.125, 2.602e-3
-1.126, 2.618e-3
-1.127, 2.633e-3
-1.128, 2.642e-3
-1.129, 2.658e-3
-1.130, 2.673e-3
-1.131, 2.689e-3
-1.132, 2.707e-3
-1.133, 2.726e-3
-1.134, 2.744e-3
-1.135, 2.763e-3
-1.136, 2.784e-3
-1.137, 2.803e-3
-1.138, 2.821e-3
-1.139, 2.834e-3
-1.140, 2.852e-3
-1.141, 2.864e-3
-1.142, 2.880e-3
-1.143, 2.889e-3
-1.144, 2.904e-3
-1.145, 2.920e-3
-1.146, 2.932e-3
-1.147, 2.951e-3
-1.148, 2.966e-3
-1.149, 2.985e-3
-1.150, 3.003e-3
-1.151, 3.025e-3
-1.152, 3.043e-3
-1.153, 3.059e-3
-1.154, 3.077e-3
-1.155, 3.093e-3
-1.156, 3.108e-3
-1.157, 3.120e-3
-1.158, 3.130e-3
-1.159, 3.145e-3
-1.160, 3.157e-3
-1.161, 3.173e-3
-1.162, 3.191e-3
-1.163, 3.207e-3
-1.164, 3.228e-3
-1.165, 3.244e-3
-1.166, 3.265e-3
-1.167, 3.284e-3
-1.168, 3.299e-3
-1.169, 3.314e-3
-1.170, 3.333e-3
-1.171, 3.345e-3
-1.172, 3.358e-3
-1.173, 3.370e-3
-1.174, 3.385e-3
-1.175, 3.401e-3
-1.176, 3.413e-3
-1.177, 3.432e-3
-1.178, 3.450e-3
-1.179, 3.469e-3
-1.180, 3.490e-3
-1.181, 3.512e-3
-1.182, 3.530e-3
-1.183, 3.549e-3
-1.184, 3.564e-3
-1.185, 3.583e-3
-1.186, 3.595e-3
-1.187, 3.610e-3
-1.188, 3.623e-3
-1.189, 3.638e-3
-1.190, 3.654e-3
-1.191, 3.669e-3
-1.192, 3.688e-3
-1.193, 3.706e-3
-1.194, 3.728e-3
-1.195, 3.749e-3
-1.196, 3.771e-3
-1.197, 3.789e-3
-1.198, 3.811e-3
-1.199, 3.829e-3
-1.200, 3.848e-3
-1.201, 3.863e-3
-1.202, 3.882e-3
-1.203, 3.897e-3
-1.204, 3.916e-3
-1.205, 3.931e-3
-1.206, 3.950e-3
-1.207, 3.971e-3
-1.208, 3.993e-3
-1.209, 4.014e-3
-1.210, 4.036e-3
-1.211, 4.061e-3
-1.212, 4.085e-3
-1.213, 4.107e-3
-1.214, 4.125e-3
-1.215, 4.144e-3
-1.216, 4.162e-3
-1.217, 4.178e-3
-1.218, 4.196e-3
-1.219, 4.212e-3
-1.220, 4.230e-3
-1.221, 4.249e-3
-1.222, 4.276e-3
-1.223, 4.301e-3
-1.224, 4.326e-3
-1.225, 4.350e-3
-1.226, 4.378e-3
-1.227, 4.403e-3
-1.228, 4.428e-3
-1.229, 4.455e-3
-1.230, 4.477e-3
-1.231, 4.501e-3
-1.232, 4.520e-3
-1.233, 4.538e-3
-1.234, 4.560e-3
-1.235, 4.582e-3
-1.236, 4.603e-3
-1.237, 4.628e-3
-1.238, 4.656e-3
-1.239, 4.683e-3
-1.240, 4.708e-3
-1.241, 4.742e-3
-1.242, 4.770e-3
-1.243, 4.801e-3
-1.244, 4.825e-3
-1.245, 4.850e-3
-1.246, 4.875e-3
-1.247, 4.899e-3
-1.248, 4.921e-3
-1.249, 4.945e-3
-1.250, 4.970e-3
-1.251, 4.992e-3
-1.252, 5.019e-3
-1.253, 5.047e-3
-1.254, 5.078e-3
-1.255, 5.109e-3
-1.256, 5.143e-3
-1.257, 5.171e-3
-1.258, 5.201e-3
-1.259, 5.229e-3
-1.260, 5.257e-3
-1.261, 5.285e-3
-1.262, 5.306e-3
-1.263, 5.331e-3
-1.264, 5.356e-3
-1.265, 5.383e-3
-1.266, 5.408e-3
-1.267, 5.439e-3
-1.268, 5.470e-3
-1.269, 5.500e-3
-1.270, 5.531e-3
-1.271, 5.565e-3
-1.272, 5.593e-3
-1.273, 5.627e-3
-1.274, 5.655e-3
-1.275, 5.682e-3
-1.276, 5.710e-3
-1.277, 5.735e-3
-1.278, 5.756e-3
-1.279, 5.784e-3
-1.280, 5.812e-3
-1.281, 5.836e-3
-1.282, 5.864e-3
-1.283, 5.898e-3
-1.284, 5.929e-3
-1.285, 5.963e-3
-1.286, 6.000e-3
-1.287, 6.031e-3
-1.288, 6.065e-3
-1.289, 6.095e-3
-1.290, 6.123e-3
-1.291, 6.151e-3
-1.292, 6.176e-3
-1.293, 6.200e-3
-1.294, 6.225e-3
-1.295, 6.253e-3
-1.296, 6.277e-3
-1.297, 6.305e-3
-1.298, 6.336e-3
-1.299, 6.367e-3
-1.300, 6.398e-3
-1.301, 6.428e-3
-1.302, 6.456e-3
-1.303, 6.487e-3
-1.304, 6.512e-3
-1.305, 6.539e-3
-1.306, 6.564e-3
-1.307, 6.592e-3
-1.308, 6.617e-3
-1.309, 6.641e-3
-1.310, 6.666e-3
-1.311, 6.691e-3
-1.312, 6.721e-3
-1.313, 6.752e-3
-1.314, 6.783e-3
-1.315, 6.811e-3
-1.316, 6.842e-3
-1.317, 6.866e-3
-1.318, 6.894e-3
-1.319, 6.916e-3
-1.320, 6.940e-3
-1.321, 6.962e-3
-1.322, 6.983e-3
-1.323, 7.005e-3
-1.324, 7.027e-3
-1.325, 7.045e-3
-1.326, 7.067e-3
-1.327, 7.094e-3
-1.328, 7.119e-3
-1.329, 7.147e-3
-1.330, 7.171e-3
-1.331, 7.199e-3
-1.332, 7.227e-3
-1.333, 7.249e-3
-1.334, 7.270e-3
-1.335, 7.289e-3
-1.336, 7.310e-3
-1.337, 7.323e-3
-1.338, 7.341e-3
-1.339, 7.360e-3
-1.340, 7.375e-3
-1.341, 7.393e-3
-1.342, 7.415e-3
-1.343, 7.437e-3
-1.344, 7.455e-3
-1.345, 7.474e-3
-1.346, 7.495e-3
-1.347, 7.511e-3
-1.348, 7.526e-3
-1.349, 7.535e-3
-1.350, 7.551e-3
-1.351, 7.563e-3
-1.352, 7.569e-3
-1.353, 7.578e-3
-1.354, 7.588e-3
-1.355, 7.597e-3
-1.356, 7.609e-3
-1.357, 7.622e-3
-1.358, 7.634e-3
-1.359, 7.646e-3
-1.360, 7.659e-3
-1.361, 7.674e-3
-1.362, 7.683e-3
-1.363, 7.693e-3
-1.364, 7.699e-3
-1.365, 7.705e-3
-1.366, 7.702e-3
-1.367, 7.702e-3
-1.368, 7.699e-3
-1.369, 7.699e-3
-1.370, 7.696e-3
-1.371, 7.696e-3
-1.372, 7.696e-3
-1.373, 7.696e-3
-1.374, 7.699e-3
-1.375, 7.699e-3
-1.376, 7.702e-3
-1.377, 7.696e-3
-1.378, 7.696e-3
-1.379, 7.689e-3
-1.380, 7.683e-3
-1.381, 7.674e-3
-1.382, 7.665e-3
-1.383, 7.652e-3
-1.384, 7.643e-3
-1.385, 7.634e-3
-1.386, 7.625e-3
-1.387, 7.615e-3
-1.388, 7.606e-3
-1.389, 7.594e-3
-1.390, 7.582e-3
-1.391, 7.572e-3
-1.392, 7.557e-3
-1.393, 7.541e-3
-1.394, 7.526e-3
-1.395, 7.508e-3
-1.396, 7.486e-3
-1.397, 7.464e-3
-1.398, 7.443e-3
-1.399, 7.421e-3
-1.400, 7.397e-3
-1.401, 7.372e-3
-1.402, 7.353e-3
-1.403, 7.335e-3
-1.404, 7.316e-3
-1.405, 7.298e-3
-1.406, 7.279e-3
-1.407, 7.255e-3
-1.408, 7.233e-3
-1.409, 7.205e-3
-1.410, 7.181e-3
-1.411, 7.150e-3
-1.412, 7.119e-3
-1.413, 7.088e-3
-1.414, 7.060e-3
-1.415, 7.033e-3
-1.416, 7.005e-3
-1.417, 6.983e-3
-1.418, 6.959e-3
-1.419, 6.937e-3
-1.420, 6.916e-3
-1.421, 6.891e-3
-1.422, 6.869e-3
-1.423, 6.842e-3
-1.424, 6.814e-3
-1.425, 6.789e-3
-1.426, 6.758e-3
-1.427, 6.731e-3
-1.428, 6.703e-3
-1.429, 6.675e-3
-1.430, 6.647e-3
-1.431, 6.623e-3
-1.432, 6.601e-3
-1.433, 6.580e-3
-1.434, 6.558e-3
-1.435, 6.536e-3
-1.436, 6.518e-3
-1.437, 6.502e-3
-1.438, 6.481e-3
-1.439, 6.462e-3
-1.440, 6.441e-3
-1.441, 6.422e-3
-1.442, 6.401e-3
-1.443, 6.382e-3
-1.444, 6.367e-3
-1.445, 6.348e-3
-1.446, 6.336e-3
-1.447, 6.327e-3
-1.448, 6.317e-3
-1.449, 6.308e-3
-1.450, 6.299e-3
-1.451, 6.296e-3
-1.452, 6.290e-3
-1.453, 6.284e-3
-1.454, 6.277e-3
-1.455, 6.271e-3
-1.456, 6.265e-3
-1.457, 6.259e-3
-1.458, 6.250e-3
-1.459, 6.247e-3
-1.460, 6.243e-3
-1.461, 6.243e-3
-1.462, 6.247e-3
-1.463, 6.250e-3
-1.464, 6.259e-3
-1.465, 6.268e-3
-1.466, 6.280e-3
-1.467, 6.290e-3
-1.468, 6.299e-3
-1.469, 6.302e-3
-1.470, 6.311e-3
-1.471, 6.321e-3
-1.472, 6.324e-3
-1.473, 6.330e-3
-1.474, 6.339e-3
-1.475, 6.348e-3
-1.476, 6.361e-3
-1.477, 6.373e-3
-1.478, 6.388e-3
-1.479, 6.407e-3
-1.480, 6.422e-3
-1.481, 6.447e-3
-1.482, 6.462e-3
-1.483, 6.481e-3
-1.484, 6.496e-3
-1.485, 6.512e-3
-1.486, 6.527e-3
-1.487, 6.539e-3
-1.488, 6.552e-3
-1.489, 6.573e-3
-1.490, 6.589e-3
-1.491, 6.607e-3
-1.492, 6.629e-3
-1.493, 6.654e-3
-1.494, 6.678e-3
-1.495, 6.703e-3
-1.496, 6.728e-3
-1.497, 6.749e-3
-1.498, 6.774e-3
-1.499, 6.792e-3
-1.500, 6.728e-3
-1.499, 6.524e-3
-1.498, 6.336e-3
-1.497, 6.163e-3
-1.496, 6.009e-3
-1.495, 5.864e-3
-1.494, 5.725e-3
-1.493, 5.596e-3
-1.492, 5.476e-3
-1.491, 5.359e-3
-1.490, 5.245e-3
-1.489, 5.134e-3
-1.488, 5.023e-3
-1.487, 4.921e-3
-1.486, 4.816e-3
-1.485, 4.714e-3
-1.484, 4.609e-3
-1.483, 4.514e-3
-1.482, 4.418e-3
-1.481, 4.323e-3
-1.480, 4.230e-3
-1.479, 4.141e-3
-1.478, 4.054e-3
-1.477, 3.971e-3
-1.476, 3.891e-3
-1.475, 3.811e-3
-1.474, 3.734e-3
-1.473, 3.654e-3
-1.472, 3.580e-3
-1.471, 3.499e-3
-1.470, 3.422e-3
-1.469, 3.345e-3
-1.468, 3.271e-3
-1.467, 3.194e-3
-1.466, 3.120e-3
-1.465, 3.052e-3
-1.464, 2.982e-3
-1.463, 2.917e-3
-1.462, 2.852e-3
-1.461, 2.790e-3
-1.460, 2.729e-3
-1.459, 2.670e-3
-1.458, 2.608e-3
-1.457, 2.550e-3
-1.456, 2.485e-3
-1.455, 2.423e-3
-1.454, 2.365e-3
-1.453, 2.303e-3
-1.452, 2.242e-3
-1.451, 2.186e-3
-1.450, 2.131e-3
-1.449, 2.075e-3
-1.448, 2.026e-3
-1.447, 1.976e-3
-1.446, 1.924e-3
-1.445, 1.878e-3
-1.444, 1.832e-3
-1.443, 1.785e-3
-1.442, 1.739e-3
-1.441, 1.684e-3
-1.440, 1.637e-3
-1.439, 1.588e-3
-1.438, 1.539e-3
-1.437, 1.489e-3
-1.436, 1.443e-3
-1.435, 1.397e-3
-1.434, 1.351e-3
-1.433, 1.310e-3
-1.432, 1.270e-3
-1.431, 1.230e-3
-1.430, 1.196e-3
-1.429, 1.159e-3
-1.428, 1.119e-3
-1.427, 1.082e-3
-1.426, 1.042e-3
-1.425, 1.002e-3
-1.424, 9.652e-4
-1.423, 9.251e-4
-1.422, 8.819e-4
-1.421, 8.449e-4
-1.420, 8.048e-4
-1.419, 7.709e-4
-1.418, 7.401e-4
-1.417, 7.062e-4
-1.416, 6.754e-4
-1.415, 6.476e-4
-1.414, 6.168e-4
-1.413, 5.859e-4
-1.412, 5.551e-4
-1.411, 5.212e-4
-1.410, 4.904e-4
-1.409, 4.565e-4
-1.408, 4.225e-4
-1.407, 3.886e-4
-1.406, 3.609e-4
-1.405, 3.270e-4
-1.404, 2.992e-4
-1.403, 2.715e-4
-1.402, 2.468e-4
-1.401, 2.221e-4
-1.400, 1.975e-4
-1.399, 1.759e-4
-1.398, 1.512e-4
-1.397, 1.266e-4
-1.396, 9.882e-5
-1.395, 7.107e-5
-1.394, 4.332e-5
-1.393, 1.557e-5
-1.392, -1.218e-5
-1.391, -3.992e-5
-1.390, -6.459e-5
-1.389, -8.925e-5
-1.388, -1.108e-4
-1.387, -1.293e-4
-1.386, -1.478e-4
-1.385, -1.694e-4
-1.384, -1.848e-4
-1.383, -2.064e-4
-1.382, -2.280e-4
-1.381, -2.527e-4
-1.380, -2.742e-4
-1.379, -2.958e-4
-1.378, -3.205e-4
-1.377, -3.421e-4
-1.376, -3.637e-4
-1.375, -3.852e-4
-1.374, -4.099e-4
-1.373, -4.253e-4
-1.372, -4.407e-4
-1.371, -4.561e-4
-1.370, -4.716e-4
-1.369, -4.870e-4
-1.368, -5.024e-4
-1.367, -5.178e-4
-1.366, -5.394e-4
-1.365, -5.579e-4
-1.364, -5.764e-4
-1.363, -5.980e-4
-1.362, -6.165e-4
-1.361, -6.350e-4
-1.360, -6.535e-4
-1.359, -6.750e-4
-1.358, -6.843e-4
-1.357, -6.997e-4
-1.356, -7.151e-4
-1.355, -7.275e-4
-1.354, -7.367e-4
-1.353, -7.490e-4
-1.352, -7.614e-4
-1.351, -7.799e-4
-1.350, -7.984e-4
-1.349, -8.138e-4
-1.348, -8.323e-4
-1.347, -8.508e-4
-1.346, -8.662e-4
-1.345, -8.816e-4
-1.344, -9.001e-4
-1.343, -9.094e-4
-1.342, -9.217e-4
-1.341, -9.309e-4
-1.340, -9.433e-4
-1.339, -9.494e-4
-1.338, -9.618e-4
-1.337, -9.772e-4
-1.336, -9.895e-4
-1.335, -1.002e-3
-1.334, -1.017e-3
-1.333, -1.036e-3
-1.332, -1.054e-3
-1.331, -1.067e-3
-1.330, -1.082e-3
-1.329, -1.094e-3
-1.328, -1.107e-3
-1.327, -1.116e-3
-1.326, -1.125e-3
-1.325, -1.134e-3
-1.324, -1.144e-3
-1.323, -1.153e-3
-1.322, -1.165e-3
-1.321, -1.181e-3
-1.320, -1.190e-3
-1.319, -1.205e-3
-1.318, -1.221e-3
-1.317, -1.239e-3
-1.316, -1.252e-3
-1.315, -1.264e-3
-1.314, -1.279e-3
-1.313, -1.289e-3
-1.312, -1.298e-3
-1.311, -1.304e-3
-1.310, -1.313e-3
-1.309, -1.322e-3
-1.308, -1.332e-3
-1.307, -1.341e-3
-1.306, -1.353e-3
-1.305, -1.369e-3
-1.304, -1.381e-3
-1.303, -1.396e-3
-1.302, -1.415e-3
-1.301, -1.427e-3
-1.300, -1.443e-3
-1.299, -1.455e-3
-1.298, -1.464e-3
-1.297, -1.474e-3
-1.296, -1.480e-3
-1.295, -1.489e-3
-1.294, -1.498e-3
-1.293, -1.507e-3
-1.292, -1.517e-3
-1.291, -1.532e-3
-1.290, -1.544e-3
-1.289, -1.560e-3
-1.288, -1.575e-3
-1.287, -1.594e-3
-1.286, -1.606e-3
-1.285, -1.622e-3
-1.284, -1.634e-3
-1.283, -1.646e-3
-1.282, -1.655e-3
-1.281, -1.665e-3
-1.280, -1.674e-3
-1.279, -1.683e-3
-1.278, -1.692e-3
-1.277, -1.705e-3
-1.276, -1.720e-3
-1.275, -1.733e-3
-1.274, -1.748e-3
-1.273, -1.763e-3
-1.272, -1.782e-3
-1.271, -1.797e-3
-1.270, -1.813e-3
-1.269, -1.825e-3
-1.268, -1.840e-3
-1.267, -1.850e-3
-1.266, -1.859e-3
-1.265, -1.868e-3
-1.264, -1.877e-3
-1.263, -1.893e-3
-1.262, -1.902e-3
-1.261, -1.918e-3
-1.260, -1.933e-3
-1.259, -1.948e-3
-1.258, -1.964e-3
-1.257, -1.985e-3
-1.256, -2.001e-3
-1.255, -2.016e-3
-1.254, -2.032e-3
-1.253, -2.044e-3
-1.252, -2.056e-3
-1.251, -2.066e-3
-1.250, -2.081e-3
-1.249, -2.090e-3
-1.248, -2.103e-3
-1.247, -2.118e-3
-1.246, -2.133e-3
-1.245, -2.149e-3
-1.244, -2.170e-3
-1.243, -2.186e-3
-1.242, -2.207e-3
-1.241, -2.226e-3
-1.240, -2.247e-3
-1.239, -2.263e-3
-1.238, -2.278e-3
-1.237, -2.291e-3
-1.236, -2.303e-3
-1.235, -2.318e-3
-1.234, -2.331e-3
-1.233, -2.346e-3
-1.232, -2.358e-3
-1.231, -2.380e-3
-1.230, -2.399e-3
-1.229, -2.420e-3
-1.228, -2.445e-3
-1.227, -2.466e-3
-1.226, -2.485e-3
-1.225, -2.506e-3
-1.224, -2.525e-3
-1.223, -2.543e-3
-1.222, -2.559e-3
-1.221, -2.577e-3
-1.220, -2.593e-3
-1.219, -2.608e-3
-1.218, -2.624e-3
-1.217, -2.642e-3
-1.216, -2.661e-3
-1.215, -2.682e-3
-1.214, -2.704e-3
-1.213, -2.728e-3
-1.212, -2.753e-3
-1.211, -2.778e-3
-1.210, -2.799e-3
-1.209, -2.821e-3
-1.208, -2.842e-3
-1.207, -2.861e-3
-1.206, -2.879e-3
-1.205, -2.895e-3
-1.204, -2.913e-3
-1.203, -2.935e-3
-1.202, -2.957e-3
-1.201, -2.981e-3
-1.200, -3.003e-3
-1.199, -3.031e-3
-1.198, -3.058e-3
-1.197, -3.089e-3
-1.196, -3.114e-3
-1.195, -3.138e-3
-1.194, -3.163e-3
-1.193, -3.188e-3
-1.192, -3.209e-3
-1.191, -3.231e-3
-1.190, -3.253e-3
-1.189, -3.271e-3
-1.188, -3.296e-3
-1.187, -3.320e-3
-1.186, -3.348e-3
-1.185, -3.376e-3
-1.184, -3.404e-3
-1.183, -3.438e-3
-1.182, -3.468e-3
-1.181, -3.496e-3
-1.180, -3.524e-3
-1.179, -3.552e-3
-1.178, -3.579e-3
-1.177, -3.604e-3
-1.176, -3.626e-3
-1.175, -3.653e-3
-1.174, -3.678e-3
-1.173, -3.706e-3
-1.172, -3.730e-3
-1.171, -3.761e-3
-1.170, -3.789e-3
-1.169, -3.820e-3
-1.168, -3.851e-3
-1.167, -3.885e-3
-1.166, -3.915e-3
-1.165, -3.949e-3
-1.164, -3.980e-3
-1.163, -4.008e-3
-1.162, -4.036e-3
-1.161, -4.060e-3
-1.160, -4.088e-3
-1.159, -4.113e-3
-1.158, -4.144e-3
-1.157, -4.165e-3
-1.156, -4.199e-3
-1.155, -4.230e-3
-1.154, -4.261e-3
-1.153, -4.295e-3
-1.152, -4.329e-3
-1.151, -4.359e-3
-1.150, -4.393e-3
-1.149, -4.424e-3
-1.148, -4.452e-3
-1.147, -4.480e-3
-1.146, -4.507e-3
-1.145, -4.535e-3
-1.144, -4.560e-3
-1.143, -4.591e-3
-1.142, -4.615e-3
-1.141, -4.649e-3
-1.140, -4.680e-3
-1.139, -4.714e-3
-1.138, -4.748e-3
-1.137, -4.785e-3
-1.136, -4.816e-3
-1.135, -4.846e-3
-1.134, -4.874e-3
-1.133, -4.902e-3
-1.132, -4.930e-3
-1.131, -4.954e-3
-1.130, -4.982e-3
-1.129, -5.010e-3
-1.128, -5.038e-3
-1.127, -5.068e-3
-1.126, -5.102e-3
-1.125, -5.133e-3
-1.124, -5.167e-3
-1.123, -5.201e-3
-1.122, -5.232e-3
-1.121, -5.263e-3
-1.120, -5.290e-3
-1.119, -5.315e-3
-1.118, -5.340e-3
-1.117, -5.361e-3
-1.116, -5.383e-3
-1.115, -5.405e-3
-1.114, -5.426e-3
-1.113, -5.451e-3
-1.112, -5.472e-3
-1.111, -5.506e-3
-1.110, -5.534e-3
-1.109, -5.565e-3
-1.108, -5.599e-3
-1.107, -5.630e-3
-1.106, -5.657e-3
-1.105, -5.688e-3
-1.104, -5.713e-3
-1.103, -5.738e-3
-1.102, -5.756e-3
-1.101, -5.775e-3
-1.100, -5.793e-3
-1.099, -5.812e-3
-1.098, -5.830e-3
-1.097, -5.852e-3
-1.096, -5.873e-3
-1.095, -5.895e-3
-1.094, -5.922e-3
-1.093, -5.947e-3
-1.092, -5.975e-3
-1.091, -6.000e-3
-1.090, -6.024e-3
-1.089, -6.049e-3
-1.088, -6.067e-3
-1.087, -6.086e-3
-1.086, -6.101e-3
-1.085, -6.117e-3
-1.084, -6.135e-3
-1.083, -6.148e-3
-1.082, -6.166e-3
-1.081, -6.185e-3
-1.080, -6.203e-3
-1.079, -6.225e-3
-1.078, -6.243e-3
-1.077, -6.265e-3
-1.076, -6.283e-3
-1.075, -6.302e-3
-1.074, -6.320e-3
-1.073, -6.339e-3
-1.072, -6.351e-3
-1.071, -6.363e-3
-1.070, -6.376e-3
-1.069, -6.391e-3
-1.068, -6.403e-3
-1.067, -6.416e-3
-1.066, -6.431e-3
-1.065, -6.447e-3
-1.064, -6.462e-3
-1.063, -6.477e-3
-1.062, -6.496e-3
-1.061, -6.511e-3
-1.060, -6.527e-3
-1.059, -6.539e-3
-1.058, -6.551e-3
-1.057, -6.561e-3
-1.056, -6.567e-3
-1.055, -6.576e-3
-1.054, -6.582e-3
-1.053, -6.588e-3
-1.052, -6.598e-3
-1.051, -6.610e-3
-1.050, -6.619e-3
-1.049, -6.635e-3
-1.048, -6.644e-3
-1.047, -6.659e-3
-1.046, -6.669e-3
-1.045, -6.678e-3
-1.044, -6.684e-3
-1.043, -6.687e-3
-1.042, -6.690e-3
-1.041, -6.696e-3
-1.040, -6.696e-3
-1.039, -6.699e-3
-1.038, -6.703e-3
-1.037, -6.709e-3
-1.036, -6.718e-3
-1.035, -6.727e-3
-1.034, -6.736e-3
-1.033, -6.746e-3
-1.032, -6.755e-3
-1.031, -6.761e-3
-1.030, -6.767e-3
-1.029, -6.770e-3
-1.028, -6.773e-3
-1.027, -6.770e-3
-1.026, -6.767e-3
-1.025, -6.767e-3
-1.024, -6.764e-3
-1.023, -6.764e-3
-1.022, -6.767e-3
-1.021, -6.773e-3
-1.020, -6.777e-3
-1.019, -6.783e-3
-1.018, -6.789e-3
-1.017, -6.795e-3
-1.016, -6.798e-3
-1.015, -6.801e-3
-1.014, -6.801e-3
-1.013, -6.801e-3
-1.012, -6.801e-3
-1.011, -6.798e-3
-1.010, -6.795e-3
-1.009, -6.792e-3
-1.008, -6.789e-3
-1.007, -6.786e-3
-1.006, -6.786e-3
-1.005, -6.786e-3
-1.004, -6.786e-3
-1.003, -6.783e-3
-1.002, -6.786e-3
-1.001, -6.786e-3
