Potential V vs RHE, Current mA cm-2
0.013299999999999867,-0.04582249900262853
0.012299999999999978,-0.26384365742482935
0.011299999999999866,-0.3511313446265021
0.010299999999999976,-0.4384190318281749
0.009299999999999864,-0.5255652478998613
0.008299999999999974,-0.5692798270656908
0.007299999999999862,-0.6564260431373771
0.006299999999999972,-0.6564260431373771
0.00529999999999986,-0.7001406223032067
0.0042999999999999705,-0.7001406223032067
0.0032999999999998586,-0.7437137303390498
0.0022999999999999687,-0.7872868383748929
0.0012999999999998568,-0.7872868383748929
0.00029999999999996696,-0.7872868383748929
-0.000700000000000145,-0.8308599464107361
-0.0017000000000000348,-0.8308599464107361
-0.0027000000000001467,-0.8308599464107361
-0.0037000000000000366,-0.8308599464107361
-0.0047000000000001485,-0.8745745255765657
-0.005700000000000038,-0.8745745255765657
-0.00670000000000015,-0.8745745255765657
-0.00770000000000004,-0.8745745255765657
-0.008700000000000152,-0.9181476336124089
-0.009700000000000042,-0.9181476336124089
-0.010700000000000154,-0.9181476336124089
-0.011700000000000044,-0.9181476336124089
-0.012700000000000156,-0.9181476336124089
-0.013700000000000045,-0.9181476336124089
-0.014700000000000157,-0.9617207416482519
-0.015700000000000047,-0.9617207416482519
-0.01670000000000016,-0.9617207416482519
-0.01770000000000005,-0.9617207416482519
-0.01870000000000016,-0.9617207416482519
-0.01970000000000005,-0.9617207416482519
-0.020700000000000163,-1.0054353208140816
-0.021700000000000053,-1.0054353208140816
-0.022700000000000164,-1.0054353208140816
-0.023700000000000054,-1.0054353208140816
-0.024700000000000166,-1.0054353208140816
-0.025700000000000056,-1.0054353208140816
-0.026700000000000168,-1.0054353208140816
-0.027700000000000058,-1.0054353208140816
-0.02870000000000017,-1.0054353208140816
-0.02970000000000006,-1.0490084288499246
-0.03070000000000017,-1.0490084288499246
-0.03170000000000006,-1.0490084288499246
-0.03270000000000017,-1.0490084288499246
-0.03370000000000006,-1.0490084288499246
-0.034700000000000175,-1.0490084288499246
-0.035700000000000065,-1.0490084288499246
-0.03670000000000018,-1.0490084288499246
-0.03770000000000007,-1.0490084288499246
-0.03870000000000018,-1.0490084288499246
-0.03970000000000007,-1.0925815368857679
-0.04070000000000018,-1.0925815368857679
-0.04170000000000007,-1.0925815368857679
-0.04270000000000018,-1.0925815368857679
-0.04370000000000007,-1.0925815368857679
-0.044700000000000184,-1.0925815368857679
-0.045700000000000074,-1.0925815368857679
-0.046700000000000186,-1.0925815368857679
-0.047700000000000076,-1.0925815368857679
-0.04870000000000019,-1.1362961160515976
-0.04970000000000008,-1.0925815368857679
-0.05070000000000019,-1.1362961160515976
-0.05170000000000008,-1.1362961160515976
-0.05270000000000019,-1.1362961160515976
-0.05370000000000008,-1.1362961160515976
-0.05470000000000019,-1.1362961160515976
-0.05570000000000008,-1.1362961160515976
-0.056700000000000195,-1.1362961160515976
-0.057700000000000085,-1.1362961160515976
-0.058700000000000196,-1.1362961160515976
-0.059700000000000086,-1.1362961160515976
-0.0607000000000002,-1.1362961160515976
-0.06170000000000009,-1.1362961160515976
-0.0627000000000002,-1.1362961160515976
-0.06370000000000009,-1.1798692240874404
-0.0647000000000002,-1.1798692240874404
-0.06570000000000009,-1.1798692240874404
-0.0667000000000002,-1.1798692240874404
-0.0677000000000001,-1.1798692240874404
-0.0687000000000002,-1.1798692240874404
-0.0697000000000001,-1.1798692240874404
-0.07070000000000021,-1.1798692240874404
-0.0717000000000001,-1.1798692240874404
-0.07270000000000021,-1.1798692240874404
-0.0737000000000001,-1.1798692240874404
-0.07470000000000021,-1.1798692240874404
-0.0757000000000001,-1.2234423321232837
-0.07670000000000021,-1.1798692240874404
-0.0777000000000001,-1.2234423321232837
-0.07870000000000021,-1.2234423321232837
-0.0797000000000001,-1.2234423321232837
-0.08070000000000022,-1.2234423321232837
-0.0817000000000001,-1.2234423321232837
-0.08270000000000022,-1.2234423321232837
-0.08370000000000011,-1.2234423321232837
-0.08470000000000022,-1.2234423321232837
-0.08570000000000011,-1.2234423321232837
-0.08670000000000022,-1.2234423321232837
-0.08770000000000011,-1.2234423321232837
-0.08870000000000022,-1.2234423321232837
-0.08970000000000011,-1.2234423321232837
-0.09070000000000022,-1.2234423321232837
-0.09170000000000011,-1.2234423321232837
-0.09270000000000023,-1.2234423321232837
-0.09370000000000012,-1.2234423321232837
-0.09470000000000023,-1.2671569112891135
-0.09570000000000012,-1.2671569112891135
-0.09670000000000023,-1.2671569112891135
-0.09770000000000012,-1.2671569112891135
-0.09870000000000023,-1.2671569112891135
-0.09970000000000012,-1.2671569112891135
-0.10070000000000023,-1.2671569112891135
-0.10170000000000012,-1.2671569112891135
-0.10270000000000024,-1.2671569112891135
-0.10370000000000013,-1.2671569112891135
-0.10470000000000024,-1.2671569112891135
-0.10570000000000013,-1.2671569112891135
-0.10670000000000024,-1.2671569112891135
-0.10770000000000013,-1.2671569112891135
-0.10870000000000024,-1.2671569112891135
-0.10970000000000013,-1.2671569112891135
-0.11070000000000024,-1.2671569112891135
-0.11170000000000013,-1.2671569112891135
-0.11270000000000002,-1.2671569112891135
-0.11370000000000013,-1.2671569112891135
-0.11470000000000002,-1.2671569112891135
-0.11570000000000014,-1.2671569112891135
-0.11670000000000003,-1.2671569112891135
-0.11770000000000014,-1.3107300193249565
-0.11870000000000003,-1.2671569112891135
-0.11970000000000014,-1.2671569112891135
-0.12070000000000003,-1.3107300193249565
-0.12170000000000014,-1.3107300193249565
-0.12270000000000003,-1.3107300193249565
-0.12370000000000014,-1.3107300193249565
-0.12470000000000003,-1.3107300193249565
-0.12570000000000014,-1.3107300193249565
-0.12670000000000003,-1.3107300193249565
-0.12770000000000015,-1.3107300193249565
-0.12870000000000004,-1.3107300193249565
-0.12970000000000015,-1.3107300193249565
-0.13070000000000004,-1.3107300193249565
-0.13170000000000015,-1.3107300193249565
-0.13270000000000004,-1.3107300193249565
-0.13370000000000015,-1.3107300193249565
-0.13470000000000004,-1.3107300193249565
-0.13570000000000015,-1.3107300193249565
-0.13670000000000004,-1.3107300193249565
-0.13770000000000016,-1.3107300193249565
-0.13870000000000005,-1.3107300193249565
-0.13970000000000016,-1.3107300193249565
-0.14070000000000005,-1.3107300193249565
-0.14170000000000016,-1.3107300193249565
-0.14270000000000005,-1.3107300193249565
-0.14370000000000016,-1.3107300193249565
-0.14470000000000005,-1.3107300193249565
-0.14570000000000016,-1.3107300193249565
-0.14670000000000005,-1.3107300193249565
-0.14770000000000016,-1.3107300193249565
-0.14870000000000005,-1.3107300193249565
-0.14970000000000017,-1.3107300193249565
-0.15070000000000006,-1.3543031273607997
-0.15170000000000017,-1.3107300193249565
-0.15270000000000006,-1.3107300193249565
-0.15370000000000017,-1.3543031273607997
-0.15470000000000006,-1.3543031273607997
-0.15570000000000017,-1.3543031273607997
-0.15670000000000006,-1.3543031273607997
-0.15770000000000017,-1.3107300193249565
-0.15870000000000006,-1.3107300193249565
-0.15970000000000018,-1.3543031273607997
-0.16070000000000007,-1.3543031273607997
-0.16170000000000018,-1.3543031273607997
-0.16270000000000007,-1.3543031273607997
-0.16370000000000018,-1.3107300193249565
-0.16470000000000007,-1.3543031273607997
-0.16570000000000018,-1.3543031273607997
-0.16670000000000007,-1.3543031273607997
-0.16770000000000018,-1.3543031273607997
-0.16870000000000007,-1.3543031273607997
-0.16970000000000018,-1.3543031273607997
-0.17070000000000007,-1.3543031273607997
-0.17170000000000019,-1.3543031273607997
-0.17270000000000008,-1.3543031273607997
-0.1737000000000002,-1.3543031273607997
-0.17470000000000008,-1.3543031273607997
-0.1757000000000002,-1.3543031273607997
-0.17670000000000008,-1.3543031273607997
-0.1777000000000002,-1.3543031273607997
-0.17870000000000008,-1.3543031273607997
-0.1797000000000002,-1.3543031273607997
-0.18070000000000008,-1.3543031273607997
-0.1817000000000002,-1.3543031273607997
-0.18270000000000008,-1.3543031273607997
-0.1837000000000002,-1.3543031273607997
-0.1847000000000001,-1.3543031273607997
-0.1857000000000002,-1.3543031273607997
-0.1867000000000001,-1.3543031273607997
-0.1877000000000002,-1.3543031273607997
-0.1887000000000001,-1.3543031273607997
-0.1897000000000002,-1.3543031273607997
-0.1907000000000001,-1.3543031273607997
-0.1917000000000001,-1.3543031273607997
-0.19269999999999998,-1.3543031273607997
-0.1937000000000001,-1.3543031273607997
-0.19469999999999998,-1.3543031273607997
-0.1957000000000001,-1.3543031273607997
-0.19669999999999999,-1.3543031273607997
-0.1977000000000001,-1.3543031273607997
-0.1987,-1.3543031273607997
-0.1997000000000001,-1.3543031273607997
-0.2007,-1.3543031273607997
-0.2017000000000001,-1.3543031273607997
-0.2027,-1.3543031273607997
-0.2037000000000001,-1.3543031273607997
-0.2047,-1.3543031273607997
-0.2057000000000001,-1.3980177065266295
-0.2067,-1.3543031273607997
-0.2077000000000001,-1.3543031273607997
-0.2087,-1.3543031273607997
-0.2097000000000001,-1.3543031273607997
-0.2107,-1.3543031273607997
-0.2117000000000001,-1.3980177065266295
-0.2127,-1.3543031273607997
-0.2137000000000001,-1.3543031273607997
-0.2147,-1.3543031273607997
-0.2157000000000001,-1.3543031273607997
-0.2167,-1.3980177065266295
-0.21770000000000012,-1.3980177065266295
-0.2187,-1.3980177065266295
-0.21970000000000012,-1.3543031273607997
-0.2207,-1.3543031273607997
-0.22170000000000012,-1.3543031273607997
-0.2227,-1.3980177065266295
-0.22370000000000012,-1.3543031273607997
-0.2247,-1.3543031273607997
-0.22570000000000012,-1.3980177065266295
-0.2267,-1.3980177065266295
-0.22770000000000012,-1.3980177065266295
-0.22870000000000001,-1.3980177065266295
-0.22970000000000013,-1.3543031273607997
-0.23070000000000002,-1.3980177065266295
-0.23170000000000013,-1.3980177065266295
-0.23270000000000002,-1.3980177065266295
-0.23370000000000013,-1.3980177065266295
-0.23470000000000002,-1.3980177065266295
-0.23570000000000013,-1.3543031273607997
-0.23670000000000002,-1.3980177065266295
-0.2376999999999999,-1.3543031273607997
-0.23870000000000002,-1.3980177065266295
-0.2396999999999999,-1.3980177065266295
-0.24070000000000003,-1.3980177065266295
-0.24169999999999991,-1.3980177065266295
-0.24270000000000003,-1.3980177065266295
-0.24369999999999992,-1.3980177065266295
-0.24470000000000003,-1.3980177065266295
-0.24569999999999992,-1.3980177065266295
-0.24670000000000003,-1.3980177065266295
-0.24769999999999992,-1.3980177065266295
-0.24870000000000003,-1.3980177065266295
-0.24969999999999992,-1.3980177065266295
-0.25070000000000003,-1.3980177065266295
-0.2516999999999999,-1.3980177065266295
-0.25270000000000004,-1.3980177065266295
-0.2536999999999999,-1.3980177065266295
-0.25470000000000004,-1.3980177065266295
-0.2556999999999999,-1.3980177065266295
-0.25670000000000004,-1.3980177065266295
-0.25769999999999993,-1.3980177065266295
-0.25870000000000004,-1.3980177065266295
-0.25969999999999993,-1.3980177065266295
-0.26070000000000004,-1.3980177065266295
-0.26169999999999993,-1.3980177065266295
-0.26270000000000004,-1.3980177065266295
-0.26369999999999993,-1.3980177065266295
-0.26470000000000005,-1.3980177065266295
-0.26569999999999994,-1.3980177065266295
-0.26670000000000005,-1.4415908145624723
-0.26769999999999994,-1.3980177065266295
-0.26870000000000005,-1.3980177065266295
-0.26969999999999994,-1.3980177065266295
-0.27070000000000005,-1.3980177065266295
-0.27169999999999994,-1.3980177065266295
-0.27270000000000005,-1.3980177065266295
-0.27369999999999994,-1.3980177065266295
-0.27470000000000006,-1.4415908145624723
-0.27569999999999995,-1.3980177065266295
-0.27670000000000006,-1.4415908145624723
-0.27769999999999995,-1.4415908145624723
-0.27870000000000006,-1.3980177065266295
-0.27969999999999995,-1.3980177065266295
-0.28070000000000006,-1.3980177065266295
-0.28169999999999995,-1.3980177065266295
-0.28270000000000006,-1.4415908145624723
-0.28369999999999995,-1.4415908145624723
-0.28470000000000006,-1.4415908145624723
-0.28569999999999995,-1.3980177065266295
-0.28670000000000007,-1.3980177065266295
-0.28769999999999996,-1.4415908145624723
-0.28870000000000007,-1.4415908145624723
-0.28969999999999996,-1.4415908145624723
-0.29070000000000007,-1.4415908145624723
-0.29169999999999996,-1.4415908145624723
-0.29270000000000007,-1.4415908145624723
-0.29369999999999996,-1.4415908145624723
-0.2947000000000001,-1.4415908145624723
-0.29569999999999996,-1.4415908145624723
-0.2967000000000001,-1.4415908145624723
-0.29769999999999996,-1.4415908145624723
-0.2987000000000001,-1.4415908145624723
-0.29969999999999997,-1.4854468648582886
-0.3007000000000001,-1.4415908145624723
-0.30169999999999997,-1.4854468648582886
-0.3027000000000001,-1.4415908145624723
-0.30369999999999997,-1.4415908145624723
-0.3047000000000001,-1.4854468648582886
-0.30569999999999997,-1.4854468648582886
-0.3067000000000001,-1.4415908145624723
-0.3077,-1.4415908145624723
-0.3087000000000001,-1.4854468648582886
-0.3097,-1.4415908145624723
-0.3107000000000001,-1.4854468648582886
-0.3117,-1.4854468648582886
-0.3127000000000001,-1.4854468648582886
-0.3137,-1.4854468648582886
-0.3147000000000001,-1.4854468648582886
-0.3157,-1.4854468648582886
-0.3167000000000001,-1.4854468648582886
-0.3177,-1.4854468648582886
-0.3187000000000001,-1.4854468648582886
-0.3197,-1.4854468648582886
-0.3207000000000001,-1.4854468648582886
-0.3217,-1.4854468648582886
-0.3227000000000001,-1.4854468648582886
-0.3237,-1.5293029151541047
-0.3247000000000001,-1.4854468648582886
-0.3257,-1.4854468648582886
-0.3267000000000001,-1.5293029151541047
-0.3277,-1.5293029151541047
-0.3287000000000001,-1.5293029151541047
-0.3297,-1.5293029151541047
-0.3307000000000001,-1.5293029151541047
-0.3317,-1.5293029151541047
-0.3327000000000001,-1.5293029151541047
-0.3337,-1.5293029151541047
-0.3347000000000001,-1.5293029151541047
-0.3357,-1.5293029151541047
-0.3367000000000001,-1.5293029151541047
-0.3377,-1.5293029151541047
-0.3387000000000001,-1.5717442541500557
-0.3397,-1.5717442541500557
-0.3407000000000001,-1.5717442541500557
-0.3417,-1.5717442541500557
-0.3427000000000001,-1.5717442541500557
-0.3437,-1.5717442541500557
-0.3447000000000001,-1.5717442541500557
-0.3457,-1.5717442541500557
-0.3467000000000001,-1.5717442541500557
-0.3477,-1.5717442541500557
-0.3487000000000001,-1.5717442541500557
-0.3497,-1.5717442541500557
-0.3507000000000001,-1.6156003044458718
-0.3517,-1.5717442541500557
-0.3527000000000001,-1.6156003044458718
-0.3537,-1.6156003044458718
-0.3547000000000001,-1.6156003044458718
-0.3557,-1.6156003044458718
-0.35670000000000013,-1.6156003044458718
-0.3577,-1.6594563547416883
-0.35870000000000013,-1.6156003044458718
-0.3597,-1.6594563547416883
-0.36070000000000013,-1.6594563547416883
-0.3617,-1.6594563547416883
-0.3626999999999999,-1.6594563547416883
-0.3637,-1.6594563547416883
-0.3646999999999999,-1.6594563547416883
-0.3657,-1.6594563547416883
-0.3666999999999999,-1.7033124050375041
-0.3677,-1.7033124050375041
-0.3686999999999999,-1.7033124050375041
-0.36970000000000003,-1.7033124050375041
-0.3706999999999999,-1.7033124050375041
-0.37170000000000003,-1.7033124050375041
-0.3726999999999999,-1.7033124050375041
-0.37370000000000003,-1.7471684553333202
-0.3746999999999999,-1.7471684553333202
-0.37570000000000003,-1.7471684553333202
-0.3766999999999999,-1.7471684553333202
-0.37770000000000004,-1.7471684553333202
-0.3786999999999999,-1.7910245056291363
-0.37970000000000004,-1.7910245056291363
-0.3806999999999999,-1.7910245056291363
-0.38170000000000004,-1.7910245056291363
-0.38269999999999993,-1.8334658446250875
-0.38370000000000004,-1.7910245056291363
-0.38469999999999993,-1.8334658446250875
-0.38570000000000004,-1.8334658446250875
-0.38669999999999993,-1.8334658446250875
-0.38770000000000004,-1.8334658446250875
-0.38869999999999993,-1.8773218949209036
-0.38970000000000005,-1.8773218949209036
-0.39069999999999994,-1.8773218949209036
-0.39170000000000005,-1.8773218949209036
-0.39269999999999994,-1.8773218949209036
-0.39370000000000005,-1.92117794521672
-0.39469999999999994,-1.92117794521672
-0.39570000000000005,-1.92117794521672
-0.39669999999999994,-1.92117794521672
-0.39770000000000005,-1.92117794521672
-0.39869999999999994,-1.92117794521672
-0.39970000000000006,-1.9650339955125358
-0.40069999999999995,-2.008890045808352
-0.40170000000000006,-1.9650339955125358
-0.40269999999999995,-2.008890045808352
-0.40370000000000006,-2.008890045808352
-0.40469999999999995,-2.008890045808352
-0.40570000000000006,-2.052746096104168
-0.40669999999999995,-2.052746096104168
-0.40770000000000006,-2.052746096104168
-0.40869999999999995,-2.095187435100119
-0.40970000000000006,-2.095187435100119
-0.41069999999999995,-2.095187435100119
-0.41170000000000007,-2.1390434853959355
-0.41269999999999996,-2.1390434853959355
-0.41370000000000007,-2.1390434853959355
-0.41469999999999996,-2.1390434853959355
-0.41570000000000007,-2.1828995356917518
-0.41669999999999996,-2.1828995356917518
-0.41770000000000007,-2.226755585987568
-0.41869999999999996,-2.226755585987568
-0.4197000000000001,-2.226755585987568
-0.42069999999999996,-2.2706116362833835
-0.4217000000000001,-2.2706116362833835
-0.42269999999999996,-2.3144676865791998
-0.4237000000000001,-2.3144676865791998
-0.42469999999999997,-2.3144676865791998
-0.4257000000000001,-2.3144676865791998
-0.42669999999999997,-2.3569090255751513
-0.4277000000000001,-2.3569090255751513
-0.42869999999999997,-2.4007650758709675
-0.4297000000000001,-2.4446211261667834
-0.43069999999999997,-2.4446211261667834
-0.4317000000000001,-2.4446211261667834
-0.4327,-2.4884771764625997
-0.4337000000000001,-2.4884771764625997
-0.4347,-2.532333226758415
-0.4357000000000001,-2.532333226758415
-0.4367,-2.576189277054232
-0.4377000000000001,-2.576189277054232
-0.4387,-2.618630616050183
-0.4397000000000001,-2.618630616050183
-0.4407,-2.662486666345999
-0.4417000000000001,-2.662486666345999
-0.4427,-2.706342716641815
-0.4437000000000001,-2.706342716641815
-0.4447,-2.7501987669376318
-0.4457000000000001,-2.7501987669376318
-0.4467,-2.794054817233447
-0.4477000000000001,-2.794054817233447
-0.4487,-2.8379108675292635
-0.4497000000000001,-2.8803522065252145
-0.4507,-2.924208256821031
-0.4517000000000001,-2.924208256821031
-0.4527,-2.968064307116847
-0.4537000000000001,-3.0119203574126634
-0.4547,-3.0119203574126634
-0.4557000000000001,-3.055776407708479
-0.4567,-3.0996324580042955
-0.4577000000000001,-3.0996324580042955
-0.4587,-3.1420737970002466
-0.4597000000000001,-3.1859298472960624
-0.4607,-3.2297858975918787
-0.4617000000000001,-3.2297858975918787
-0.4627,-3.273641947887695
-0.4637000000000001,-3.317497998183511
-0.4647,-3.361354048479327
-0.4657000000000001,-3.403795387475278
-0.4667,-3.447651437771094
-0.4677000000000001,-3.4915074880669104
-0.4687,-3.4915074880669104
-0.4697000000000001,-3.5353635383627267
-0.4707,-3.579219588658543
-0.4717000000000001,-3.623075638954359
-0.4727,-3.6655169779503103
-0.4737000000000001,-3.7093730282461257
-0.4747,-3.7532290785419424
-0.4757000000000001,-3.7970851288377587
-0.4767,-3.840941179133574
-0.4777000000000001,-3.884797229429391
-0.4787,-3.971094618721158
-0.4797000000000001,-4.014950669016974
-0.4807,-4.0588067193127895
-0.48170000000000013,-4.102662769608606
-0.4827,-4.146518819904423
-0.48370000000000013,-4.1889601589003735
-0.4847,-4.276672259492005
-0.48570000000000013,-4.276672259492005
-0.4867,-4.364384360083638
-0.4876999999999999,-4.406825699079589
-0.4887,-4.450681749375406
-0.4896999999999999,-4.538393849967037
-0.4907,-4.582249900262854
-0.4916999999999999,-4.668547289554621
-0.4927,-4.712403339850438
-0.4936999999999999,-4.756259390146253
-0.49470000000000003,-4.843971490737885
-0.4956999999999999,-4.887827541033701
-0.49670000000000003,-4.974124930325469
-0.4976999999999999,-5.017980980621284
-0.49870000000000003,-5.105693081212917
-0.4996999999999999,-5.191990470504685
-0.5007,-5.279702571096316
-0.5016999999999999,-5.323558621392133
-0.5027,-5.411270721983764
-0.5036999999999999,-5.453712060979717
-0.5047,-5.5414241615713475
-0.5056999999999999,-5.629136262162981
-0.5067,-5.715433651454749
-0.5076999999999999,-5.80314575204638
-0.5087,-5.847001802342197
-0.5096999999999999,-5.9347139029338285
-0.5107,-6.021011292225596
-0.5116999999999999,-6.108723392817228
-0.5127,-6.196435493408861
-0.5136999999999999,-6.282732882700628
-0.5147,-6.37044498329226
-0.5156999999999999,-6.458157083883892
-0.5167,-6.54445447317566
-0.5176999999999999,-6.6760226240631075
-0.5187,-6.762320013354876
-0.5196999999999999,-6.850032113946507
-0.5207,-6.93774421453814
-0.5216999999999999,-7.067897654125724
-0.5227,-7.155609754717355
-0.5236999999999999,-7.243321855308987
-0.5247,-7.37347529489657
-0.5257,-7.461187395488204
-0.5267000000000001,-7.5474847847799715
-0.5277,-7.679052935667419
-0.5287000000000001,-7.7653503249591855
-0.5297,-7.896918475846635
-0.5307000000000001,-7.984630576438266
-0.5317,-8.11478401602585
-0.5327000000000001,-8.202496116617484
-0.5337,-8.376505606500881
-0.5347000000000001,-8.464217707092514
-0.5357,-8.594371146680096
-0.5367000000000001,-8.725939297567548
-0.5377,-8.812236686859313
-0.5387000000000001,-8.943804837746763
-0.5397,-9.073958277334345
-0.5407000000000001,-9.205526428221793
-0.5417,-9.335679867809377
-0.5427000000000001,-9.467248018696827
-0.5437,-9.59740145828441
-0.5447000000000001,-9.728969609171857
-0.5457,-9.85912304875944
-0.5467000000000001,-10.034547249942705
-0.5477,-10.164700689530287
-0.5487000000000001,-10.25241279012192
-0.5497,-10.42642228000532
-0.5507000000000001,-10.557990430892769
-0.5517,-10.731999920776168
-0.5527000000000001,-10.863568071663616
-0.5537,-10.993721511251199
-0.5547000000000001,-11.1677310011346
-0.5557,-11.255443101726232
-0.5567000000000001,-11.42945259160963
-0.5577,-11.604876792792895
-0.5587000000000001,-11.778886282676295
-0.5597,-11.909039722263879
-0.5607000000000001,-12.084463923447142
-0.5617,-12.214617363034726
-0.5627000000000001,-12.476338953509758
-0.5637,-12.651763154693022
-0.5647000000000001,-12.825772644576423
-0.5657,-12.99978213445982
-0.5667000000000001,-13.043638184755638
-0.5677,-13.261503724934855
-0.5687000000000001,-13.3930718758223
-0.5697,-13.567081365705702
-0.5707000000000001,-13.784946905884919
-0.5717,-13.960371107068182
-0.5727000000000001,-14.13438059695158
-0.5737,-14.30273124163552
-0.5747000000000001,-14.69885040559773
-0.5757,-14.967645552572087
-0.5767000000000001,-15.05252823056399
-0.5777,-15.137410908555893
-0.5787000000000001,-15.264734925543747
-0.5797,-15.349617603535648
-0.5807000000000001,-15.533530072518102
-0.5817,-15.70329542850191
-0.5827000000000001,-15.87306078448571
-0.5837,-16.056973253468165
-0.5847000000000001,-16.22673860945197
-0.5857,-16.438945304431726
-0.5867000000000001,-16.622857773414182
-0.5877,-16.750181790402035
-0.5887000000000001,-16.962388485381787
-0.5897,-17.146300954364243
-0.5907000000000001,-17.316066310348052
-0.5917,-17.48583166633185
-0.5927000000000001,-17.71218547431026
-0.5937,-17.881950830294063
-0.5947000000000001,-18.10830463827247
-0.5957,-18.27806999425627
-0.5967000000000001,-18.49027668923603
-0.5977,-18.674189158218486
-0.5987000000000001,-18.843954514202288
-0.5997,-19.056161209182044
-0.6007000000000001,-19.2400736781645
-0.6017,-19.452280373144255
-0.6027000000000001,-19.636192842126707
-0.6037,-19.848399537106463
-0.6047000000000001,-20.01816489309027
-0.6057,-20.244518701068674
-0.6067000000000001,-20.414284057052477
-0.6077,-20.626490752032236
-0.6087000000000001,-20.810403221014692
-0.6097,-21.022609915994444
-0.6107000000000001,-21.248963723972853
-0.6117,-21.418729079956652
-0.6126999999999999,-21.58849443594046
-0.6137,-21.814848243918867
-0.6146999999999999,-21.98461359990267
-0.6157,-22.196820294882425
-0.6166999999999999,-22.42317410286083
-0.6177,-22.592939458844636
-0.6186999999999999,-22.819293266823045
-0.6197,-23.031499961802798
-0.6206999999999999,-23.24370665678255
-0.6217,-23.47006046476096
-0.6226999999999999,-23.639825820744765
-0.6237,-23.86617962872317
-0.6246999999999999,-24.035944984706973
-0.6257,-24.24815167968673
-0.6266999999999999,-24.474505487665134
-0.6277,-24.686712182644893
-0.6286999999999999,-24.870624651627345
-0.6297,-25.0828313466071
-0.6306999999999999,-25.337479380582806
-0.6317,-25.521391849565262
-0.6326999999999999,-25.691157205549064
-0.6337,-25.91751101352747
-0.6346999999999999,-26.129717708507226
-0.6357,-26.34192440348698
-0.6366999999999999,-26.525836872469437
-0.6377,-26.738043567449193
-0.6386999999999999,-26.9643973754276
-0.6397,-27.176604070407354
-0.6406999999999999,-27.34636942639116
-0.6417,-27.530281895373616
-0.6426999999999999,-27.869812607341224
-0.6437,-28.011283737327723
-0.6446999999999999,-28.18104909331153
-0.6457,-28.350814449295335
-0.6466999999999999,-28.478138466283188
-0.6477,-28.662050935265643
-0.6486999999999999,-28.8742576302454
-0.6497,-29.058170099227848
-0.6507,-29.31281813320356
-0.6517000000000001,-29.482583489187363
-0.6527,-29.66649595816982
-0.6537000000000001,-29.836261314153624
-0.6547,-30.00602667013743
-0.6557000000000001,-30.232380478115836
-0.6567,-30.402145834099635
-0.6577000000000001,-30.614352529079397
-0.6587,-30.8407063370578
-0.6597000000000001,-31.095354371033505
-0.6607,-31.27926684001596
-0.6617000000000001,-31.533914873991666
-0.6627,-31.618797551983565
-0.6637000000000001,-31.84515135996197
-0.6647,-32.01491671594578
-0.6657000000000001,-32.24127052392419
-0.6667,-32.49591855789989
-0.6677000000000001,-32.66568391388369
-0.6687,-33.01936173884996
-0.6697000000000001,-33.18912709483376
-0.6707,-33.41548090281216
-0.6717000000000001,-33.627687597791926
-0.6727,-34.02380676175414
-0.6737000000000001,-34.193572117737936
-0.6747,-34.462367264712285
-0.6757000000000001,-34.5472499427042
-0.6767,-34.75945663768395
-0.6777000000000001,-35.02825178465831
-0.6787,-35.282899818634014
-0.6797000000000001,-35.594136304604326
-0.6807,-35.848784338580025
-0.6817000000000001,-36.07513814655844
-0.6827,-36.329786180534136
-0.6837000000000001,-36.37222751953009
-0.6847,-36.64102266650445
-0.6857000000000001,-36.89567070048016
-0.6867,-37.164465847454515
-0.6877000000000001,-37.334231203438314
-0.6887,-37.645467689408626
-0.6897000000000001,-37.94255706238028
-0.6907,-38.253793548350586
-0.6917000000000001,-38.5650300343209
-0.6927,-38.81967806829661
-0.6937000000000001,-38.94700208528445
-0.6947,-39.21579723225882
-0.6957000000000001,-39.42800392723857
-0.6967,-39.654357735216976
-0.6977000000000001,-39.90900576919269
-0.6987,-40.177800916167044
-0.6997000000000001,-40.3900076111468
-0.7007,-40.65880275812115
-0.7017000000000001,-40.95589213109281
-0.7027,-41.30956995605907
-0.7037000000000001,-41.606659329030734
-0.7047,-41.96033715399699
-0.7057000000000001,-42.087661170984845
-0.7067,-42.229132300971344
-0.7077000000000001,-42.4413389959511
-0.7087,-42.752575481921404
-0.7097000000000001,-43.04966485489307
-0.7107,-43.57310803584313
-0.7117000000000001,-43.92678586080939
-0.7127,-44.4077877027635
-0.7137000000000001,-44.66243573673921
-0.7147,-45.10099623969737
-0.7157000000000001,-45.412232725667685
-0.7167,-45.624439420647434
-0.7177000000000001,-45.85079322862584
-0.7187,-45.581998081651484
-0.7197000000000001,-46.501560426563756
-0.7207,-46.75620846053947
-0.7217000000000001,-47.067444946509774
-0.7227,-47.23721030249357
-0.7237000000000001,-47.67577080545174
-0.7247,-47.987007291422046
-0.7257000000000001,-48.2840966643937
-0.7267,-48.63777448935996
-0.7277000000000001,-48.89242252333566
-0.7287,-49.16121767031002
-0.7297000000000001,-49.41586570428573
-0.7307,-49.85442620724389
-0.7317000000000001,-50.20810403221015
-0.7327,-50.64666453516831
-0.7337000000000001,-51.21254905511432
-0.7347,-51.73599223606439
-0.7357000000000001,-52.17455273902255
-0.7367,-52.59896612898206
-0.7376999999999999,-53.12240930993213
-0.7387,-53.603411151886235
-0.7396999999999999,-54.2117370108282
-0.7407,-54.43809081880661
-0.7416999999999999,-54.791768643772876
-0.7427,-55.17374069473642
-0.7436999999999999,-55.484977180706736
-0.7447,-56.008420361656796
-0.7456999999999999,-56.57430488160282
-0.7467,-57.182630740544774
-0.7476999999999999,-57.70607392149485
-0.7487,-58.39928245842871
-0.7496999999999999,-58.92272563937878
-0.7507,-59.44616882032884
-0.7516999999999999,-59.884729323287
-0.7527,-60.63452631221547
-0.7536999999999999,-61.242852171157445
-0.7547,-61.89361936909536
-0.7556999999999999,-62.68585769701977
-0.7567,-63.46394891194555
-0.7576999999999999,-64.15715744887942
-0.7587,-64.82207175981598
-0.7596999999999999,-65.4728389577539
-0.7607,-66.20848883368372
-0.7616999999999999,-66.64704933664189
-0.7627,-67.25537519558385
-0.7636999999999999,-67.96273084551636
-0.7647,-68.65593938245023
-0.7656999999999999,-69.3491479193841
-0.7667,-70.09894490831257
-0.7676999999999999,-70.91947746223428
-0.7687,-71.7117157901587
-0.7696999999999999,-72.53224834408043
-0.7707,-73.3669280110008
-0.7716999999999999,-73.93281253094682
-0.7727,-74.80993353686314
-0.7736999999999999,-75.63046609078486
-0.7747,-76.38026307971333
-0.7757,-77.34226676362155
-0.7767000000000001,-78.16279931754329
-0.7777,-79.1248030014515
-0.7787000000000001,-80.12924802435568
-0.7797,-80.99222191727335
-0.7807000000000001,-81.91178426218562
-0.7817,-82.9162292850898
-0.7827000000000001,-83.83579163000208
-0.7837,-84.61388284492786
-0.7847000000000001,-85.61832786783202
-0.7857,-86.6227728907362
-0.7867000000000001,-86.75009690772404
-0.7857,-85.92956435380233
-0.7847000000000001,-86.45300753475239
-0.7837,-86.7076555687281
-0.7827000000000001,-86.45300753475239
-0.7817,-85.80224033681448
-0.7807000000000001,-85.27879715586442
-0.7797,-84.7977953139103
-0.7787000000000001,-84.35923481095215
-0.7777,-84.04799832498183
-0.7767000000000001,-83.60943782202366
-0.7757,-83.04355330207765
-0.7747,-82.61913991211814
-0.7736999999999999,-82.13813807016405
-0.7727,-81.78446024519776
-0.7716999999999999,-81.30345840324367
-0.7707,-80.86489790028548
-0.7696999999999999,-80.82245656128954
-0.7687,-80.38389605833139
-0.7676999999999999,-79.90289421637728
-0.7667,-79.47848082641775
-0.7656999999999999,-79.1248030014515
-0.7647,-78.68624249849334
-0.7636999999999999,-78.29012333453113
-0.7627,-77.68179747558916
-0.7616999999999999,-76.94614759965934
-0.7607,-76.33782174071737
-0.7596999999999999,-75.77193722077136
-0.7587,-75.2484940398213
-0.7576999999999999,-74.72505085887124
-0.7567,-74.24404901691713
-0.7556999999999999,-73.80548851395896
-0.7547,-73.49425202798865
-0.7536999999999999,-73.0556915250305
-0.7527,-72.48980700508447
-0.7516999999999999,-72.00880516313036
-0.7507,-71.58439177317086
-0.7496999999999999,-71.10338993121674
-0.7487,-70.66482942825859
-0.7476999999999999,-70.26871026429637
-0.7467,-69.74526708334632
-0.7456999999999999,-69.22182390239624
-0.7447,-68.74082206044213
-0.7436999999999999,-68.13249620150016
-0.7427,-67.693935698542
-0.7416999999999999,-67.17049251759194
-0.7407,-67.00072716160814
-0.7396999999999999,-66.43484264166212
-0.7387,-65.91139946071206
-0.7376999999999999,-65.38795627976201
-0.7367,-64.90695443780788
-0.7357000000000001,-64.0722747708875
-0.7347,-63.54883158993744
-0.7337000000000001,-63.11027108697928
-0.7327,-62.64341635802381
-0.7317000000000001,-62.11997317707376
-0.7307,-61.49750020513315
-0.7297000000000001,-61.01649836317903
-0.7287,-60.54964363422357
-0.7277000000000001,-60.15352447026136
-0.7267,-59.54519861131939
-0.7257000000000001,-59.31884480334099
-0.7247,-58.92272563937878
-0.7237000000000001,-58.31439978043681
-0.7227,-57.87583927747865
-0.7217000000000001,-57.45142588751914
-0.7207,-57.012865384560975
-0.7197000000000001,-56.36209818662306
-0.7187,-55.484977180706736
-0.7177000000000001,-55.7820665536784
-0.7167,-55.442535841710786
-0.7157000000000001,-54.919092660760725
-0.7147,-54.39564947981066
-0.7137000000000001,-53.9570889768525
-0.7127,-53.433645795902436
-0.7117000000000001,-52.95264395394832
-0.7107,-52.42920077299826
-0.7097000000000001,-51.90575759204819
-0.7087,-51.21254905511432
-0.7077000000000001,-50.73154721316022
-0.7067,-50.20810403221015
-0.7057000000000001,-49.72710219025603
-0.7047,-49.373424365289786
-0.7037000000000001,-49.03389365332217
-0.7027,-48.59533315036401
-0.7017000000000001,-48.1992139864018
-0.7007,-47.80309482243959
-0.6997000000000001,-47.40697565847737
-0.6987,-46.982562268517874
-0.6977000000000001,-46.586443104555656
-0.6967,-46.147882601597495
-0.6957000000000001,-45.75176343763528
-0.6947,-45.27076159568118
-0.6937000000000001,-44.704877075735155
-0.6927,-44.181433894785094
-0.6917000000000001,-43.70043205283099
-0.6907,-43.27601866287147
-0.6897000000000001,-42.79501682091736
-0.6887,-42.2715736399673
-0.6877000000000001,-41.83301313700913
-0.6867,-41.352011295055014
-0.6857000000000001,-40.91345079209687
-0.6847,-40.616361419125205
-0.6837000000000001,-40.26268359415894
-0.6827,-39.95144710818864
-0.6817000000000001,-39.56947505722508
-0.6807,-39.30067991025072
-0.6797000000000001,-38.98944342428042
-0.6787,-38.692354051308754
-0.6777000000000001,-38.211352209354644
-0.6767,-37.687909028404576
-0.6757000000000001,-37.376672542434264
-0.6747,-37.07958316946261
-0.6737000000000001,-36.81078802248826
-0.6727,-36.4288159715247
-0.6717000000000001,-36.03269680756248
-0.6707,-35.806342999584075
-0.6697000000000001,-35.38192960962457
-0.6687,-34.98581044566235
-0.6677000000000001,-34.58969128170015
-0.6667,-34.278454795729836
-0.6657000000000001,-33.98136542275818
-0.6647,-33.670128936787876
-0.6637000000000001,-33.330598224820264
-0.6627,-32.97692039985401
-0.6617000000000001,-32.70812525287965
-0.6607,-32.368594540912035
-0.6597000000000001,-31.930034037953877
-0.6587,-31.57635621298762
-0.6577000000000001,-31.321708179011907
-0.6567,-31.19438416202406
-0.6557000000000001,-31.095354371033505
-0.6547,-30.7558236590659
-0.6537000000000001,-30.402145834099635
-0.6527,-30.10505646112798
-0.6517000000000001,-29.793819975157668
-0.6507,-29.35525947219951
-0.6497,-29.058170099227848
-0.6486999999999999,-28.746933613257543
-0.6477,-28.53472691827779
-0.6466999999999999,-28.265931771303435
-0.6457,-27.869812607341224
-0.6446999999999999,-27.572723234369565
-0.6437,-27.303928087395207
-0.6426999999999999,-27.091721392415455
-0.6417,-26.780484906445146
-0.6406999999999999,-26.525836872469437
-0.6397,-26.257041725495082
-0.6386999999999999,-25.959952352523427
-0.6377,-25.91751101352747
-0.6366999999999999,-26.002393691519377
-0.6357,-25.81848122253692
-0.6346999999999999,-25.563833188561212
-0.6337,-25.252596702590903
-0.6326999999999999,-24.997948668615198
-0.6317,-24.64427084364894
-0.6306999999999999,-24.432064148669184
-0.6297,-24.24815167968673
-0.6286999999999999,-23.908620967719123
-0.6277,-23.639825820744765
-0.6266999999999999,-23.385177786769056
-0.6257,-23.1163826397947
-0.6246999999999999,-22.861734605818995
-0.6237,-22.72026347583249
-0.6226999999999999,-22.42317410286083
-0.6217,-22.069496277894572
-0.6206999999999999,-21.899730921910766
-0.6197,-21.461170418952605
-0.6186999999999999,-21.065051254990397
-0.6177,-21.022609915994444
-0.6166999999999999,-20.810403221014692
-0.6157,-20.541608074040333
-0.6146999999999999,-20.329401379060574
-0.6137,-20.159636023076775
-0.6126999999999999,-19.890840876102416
-0.6117,-19.721075520118614
-0.6107000000000001,-19.721075520118614
-0.6097,-19.537163051136158
-0.6087000000000001,-19.3249563561564
-0.6077,-19.112749661176647
-0.6067000000000001,-18.92883719219419
-0.6057,-18.716630497214435
-0.6047000000000001,-18.53271802823198
-0.6037,-18.362952672248177
-0.6027000000000001,-18.15074597726842
-0.6017,-17.966833508285966
-0.6007000000000001,-17.797068152302163
-0.5997,-17.669744135314307
-0.5987000000000001,-17.4433903273359
-0.5977,-17.2736249713521
-0.5967000000000001,-17.061418276372343
-0.5957,-16.835064468393938
-0.5947000000000001,-16.665299112410132
-0.5937,-16.438945304431726
-0.5927000000000001,-16.22673860945197
-0.5917,-16.014531914472215
-0.5907000000000001,-15.830619445489761
-0.5897,-15.618412750510005
-0.5887000000000001,-15.448647394526201
-0.5877,-15.222293586547794
-0.5867000000000001,-15.05252823056399
-0.5857,-14.925204213576137
-0.5847000000000001,-14.69885040559773
-0.5837,-14.57152638860988
-0.5827000000000001,-14.401761032626075
-0.5817,-14.26028990263957
-0.5807000000000001,-14.090524546655764
-0.5797,-13.916515056772363
-0.5787000000000001,-13.741090855589102
-0.5777,-13.567081365705702
-0.5767000000000001,-13.3930718758223
-0.5757,-13.261503724934855
-0.5747000000000001,-13.043638184755638
-0.5737,-12.825772644576423
-0.5727000000000001,-12.651763154693022
-0.5717,-12.476338953509758
-0.5707000000000001,-12.302329463626359
-0.5697,-12.12831997374296
-0.5687000000000001,-11.996751822855511
-0.5677,-11.82274233297211
-0.5667000000000001,-11.647318131788847
-0.5657,-11.517164692201263
-0.5647000000000001,-11.343155202317865
-0.5637,-11.211587051430415
-0.5627000000000001,-11.081433611842833
-0.5617,-10.949865460955383
-0.5607000000000001,-10.819712021367803
-0.5597,-10.644287820184536
-0.5587000000000001,-10.514134380596953
-0.5577,-10.382566229709504
-0.5567000000000001,-10.208556739826104
-0.5557,-10.078403300238522
-0.5547000000000001,-9.946835149351072
-0.5537,-9.81668170976349
-0.5527000000000001,-9.685113558876042
-0.5517,-9.55496011928846
-0.5507000000000001,-9.467248018696827
-0.5497,-9.335679867809377
-0.5487000000000001,-9.24938247851761
-0.5477,-9.11781432763016
-0.5467000000000001,-8.987660888042578
-0.5457,-8.85609273715513
-0.5447000000000001,-8.769795347863363
-0.5437,-8.638227196975913
-0.5427000000000001,-8.55051509638428
-0.5417,-8.4203616567967
-0.5407000000000001,-8.288793505909249
-0.5397,-8.202496116617484
-0.5387000000000001,-8.070927965730034
-0.5377,-7.940774526142452
-0.5367000000000001,-7.853062425550818
-0.5357,-7.722908985963235
-0.5347000000000001,-7.591340835075788
-0.5337,-7.50504344578402
-0.5327000000000001,-7.4173313451923875
-0.5317,-7.28576319430494
-0.5307000000000001,-7.199465805013171
-0.5297,-7.111753704421539
-0.5287000000000001,-6.981600264833956
-0.5277,-6.893888164242324
-0.5267000000000001,-6.762320013354876
-0.5257,-6.6760226240631075
-0.5247,-6.588310523471475
-0.5236999999999999,-6.500598422879844
-0.5227,-6.500598422879844
-0.5216999999999999,-6.414301033588076
-0.5207,-6.414301033588076
-0.5196999999999999,-6.196435493408861
-0.5187,-6.064867342521412
-0.5176999999999999,-5.977155241929781
-0.5167,-5.847001802342197
-0.5156999999999999,-5.759289701750564
-0.5147,-5.629136262162981
-0.5136999999999999,-5.5414241615713475
-0.5127,-5.453712060979717
-0.5116999999999999,-5.367414671687949
-0.5107,-5.279702571096316
-0.5096999999999999,-5.191990470504685
-0.5087,-5.105693081212917
-0.5076999999999999,-5.017980980621284
-0.5067,-4.9302688800296535
-0.5056999999999999,-4.843971490737885
-0.5047,-4.756259390146253
-0.5036999999999999,-4.756259390146253
-0.5027,-4.712403339850438
-0.5016999999999999,-4.582249900262854
-0.5007,-4.494537799671222
-0.4996999999999999,-4.494537799671222
-0.49870000000000003,-4.450681749375406
-0.4976999999999999,-4.364384360083638
-0.49670000000000003,-4.276672259492005
-0.4956999999999999,-4.1889601589003735
-0.49470000000000003,-4.102662769608606
-0.4936999999999999,-4.0588067193127895
-0.4927,-3.971094618721158
-0.4916999999999999,-3.884797229429391
-0.4907,-3.7970851288377587
-0.4896999999999999,-3.7532290785419424
-0.4887,-3.6655169779503103
-0.4876999999999999,-3.623075638954359
-0.4867,-3.5353635383627267
-0.48570000000000013,-3.4915074880669104
-0.4847,-3.447651437771094
-0.48370000000000013,-3.317497998183511
-0.4827,-3.273641947887695
-0.48170000000000013,-3.2297858975918787
-0.4807,-3.1859298472960624
-0.4797000000000001,-3.0996324580042955
-0.4787,-3.055776407708479
-0.4777000000000001,-2.968064307116847
-0.4767,-2.924208256821031
-0.4757000000000001,-2.8379108675292635
-0.4747,-2.794054817233447
-0.4737000000000001,-2.8379108675292635
-0.4727,-2.7501987669376318
-0.4717000000000001,-2.706342716641815
-0.4707,-2.618630616050183
-0.4697000000000001,-2.576189277054232
-0.4687,-2.532333226758415
-0.4677000000000001,-2.4446211261667834
-0.4667,-2.4007650758709675
-0.4657000000000001,-2.3569090255751513
-0.4647,-2.3144676865791998
-0.4637000000000001,-2.2706116362833835
-0.4627,-2.226755585987568
-0.4617000000000001,-2.1390434853959355
-0.4607,-2.095187435100119
-0.4597000000000001,-2.095187435100119
-0.4587,-2.052746096104168
-0.4577000000000001,-2.008890045808352
-0.4567,-1.92117794521672
-0.4557000000000001,-1.92117794521672
-0.4547,-1.8334658446250875
-0.4537000000000001,-1.7910245056291363
-0.4527,-1.7471684553333202
-0.4517000000000001,-1.7033124050375041
-0.4507,-1.6594563547416883
-0.4497000000000001,-1.6156003044458718
-0.4487,-1.6156003044458718
-0.4477000000000001,-1.5717442541500557
-0.4467,-1.5293029151541047
-0.4457000000000001,-1.4854468648582886
-0.4447,-1.4415908145624723
-0.4437000000000001,-1.4415908145624723
-0.4427,-1.3980177065266295
-0.4417000000000001,-1.3543031273607997
-0.4407,-1.3107300193249565
-0.4397000000000001,-1.2671569112891135
-0.4387,-1.2234423321232837
-0.4377000000000001,-1.2234423321232837
-0.4367,-1.1798692240874404
-0.4357000000000001,-1.1362961160515976
-0.4347,-1.0925815368857679
-0.4337000000000001,-1.0925815368857679
-0.4327,-1.0490084288499246
-0.4317000000000001,-1.0054353208140816
-0.43069999999999997,-1.0054353208140816
-0.4297000000000001,-0.9617207416482519
-0.42869999999999997,-0.9617207416482519
-0.4277000000000001,-0.9181476336124089
-0.42669999999999997,-0.9181476336124089
-0.4257000000000001,-0.8745745255765657
-0.42469999999999997,-0.8745745255765657
-0.4237000000000001,-0.8308599464107361
-0.42269999999999996,-0.7872868383748929
-0.4217000000000001,-0.7872868383748929
-0.42069999999999996,-0.7437137303390498
-0.4197000000000001,-0.7437137303390498
-0.41869999999999996,-0.7001406223032067
-0.41770000000000007,-0.6564260431373771
-0.41669999999999996,-0.6564260431373771
-0.41570000000000007,-0.6128529351015338
-0.41469999999999996,-0.6128529351015338
-0.41370000000000007,-0.5692798270656908
-0.41269999999999996,-0.5692798270656908
-0.41170000000000007,-0.5255652478998613
-0.41069999999999995,-0.5255652478998613
-0.40970000000000006,-0.48199213986401795
-0.40869999999999995,-0.48199213986401795
-0.40770000000000006,-0.4384190318281749
-0.40669999999999995,-0.4384190318281749
-0.40570000000000006,-0.3947044526623452
-0.40469999999999995,-0.3947044526623452
-0.40370000000000006,-0.3511313446265021
-0.40269999999999995,-0.3511313446265021
-0.40170000000000006,-0.3511313446265021
-0.40069999999999995,-0.30755823659065895
-0.39970000000000006,-0.30755823659065895
-0.39869999999999994,-0.26384365742482935
-0.39770000000000005,-0.26384365742482935
-0.39669999999999994,-0.26384365742482935
-0.39570000000000005,-0.2202705493889862
-0.39469999999999994,-0.2202705493889862
-0.39370000000000005,-0.1766974413531431
-0.39269999999999994,-0.1766974413531431
-0.39170000000000005,-0.1766974413531431
-0.39069999999999994,-0.1330535977523067
-0.38970000000000005,-0.1330535977523067
-0.38869999999999993,-0.1330535977523067
-0.38770000000000004,-0.08943804837746762
-0.38669999999999993,-0.08943804837746762
-0.38570000000000004,-0.08943804837746762
-0.38469999999999993,-0.08943804837746762
-0.38370000000000004,-0.04582249900262853
-0.38269999999999993,-0.04582249900262853
-0.38170000000000004,-0.04582249900262853
-0.3806999999999999,-0.002205534916489592
-0.37970000000000004,-0.002205534916489592
-0.3786999999999999,-0.002205534916489592
-0.37770000000000004,0.04140859974704963
-0.3766999999999999,0.04140859974704963
-0.37570000000000003,0.04140859974704963
-0.3746999999999999,0.04140859974704963
-0.37370000000000003,0.08502414912188871
-0.3726999999999999,0.08502414912188871
-0.37170000000000003,0.12863969849672777
-0.3706999999999999,0.08502414912188871
-0.36970000000000003,0.12863969849672777
-0.3686999999999999,0.12863969849672777
-0.3677,0.12863969849672777
-0.3666999999999999,0.12863969849672777
-0.3657,0.17231183632356148
-0.3646999999999999,0.17231183632356148
-0.3637,0.17231183632356148
-0.3626999999999999,0.17231183632356148
-0.3617,0.17231183632356148
-0.36070000000000013,0.21588494435940458
-0.3597,0.21588494435940458
-0.35870000000000013,0.21588494435940458
-0.3577,0.21588494435940458
-0.35670000000000013,0.21588494435940458
-0.3557,0.2594580523952477
-0.3547000000000001,0.2594580523952477
-0.3537,0.2594580523952477
-0.3527000000000001,0.2594580523952477
-0.3517,0.3031726315610774
-0.3507000000000001,0.3031726315610774
-0.3497,0.3031726315610774
-0.3487000000000001,0.3031726315610774
-0.3477,0.3031726315610774
-0.3467000000000001,0.3031726315610774
-0.3457,0.3467457395969205
-0.3447000000000001,0.3467457395969205
-0.3437,0.3467457395969205
-0.3427000000000001,0.3467457395969205
-0.3417,0.3467457395969205
-0.3407000000000001,0.3467457395969205
-0.3397,0.3903188476327636
-0.3387000000000001,0.3903188476327636
-0.3377,0.3903188476327636
-0.3367000000000001,0.3903188476327636
-0.3357,0.3903188476327636
-0.3347000000000001,0.43403342679859325
-0.3337,0.3903188476327636
-0.3327000000000001,0.43403342679859325
-0.3317,0.43403342679859325
-0.3307000000000001,0.43403342679859325
-0.3297,0.43403342679859325
-0.3287000000000001,0.43403342679859325
-0.3277,0.43403342679859325
-0.3267000000000001,0.43403342679859325
-0.3257,0.4776065348344364
-0.3247000000000001,0.4776065348344364
-0.3237,0.4776065348344364
-0.3227000000000001,0.4776065348344364
-0.3217,0.4776065348344364
-0.3207000000000001,0.4776065348344364
-0.3197,0.4776065348344364
-0.3187000000000001,0.4776065348344364
-0.3177,0.4776065348344364
-0.3167000000000001,0.5211796428702795
-0.3157,0.5211796428702795
-0.3147000000000001,0.5211796428702795
-0.3137,0.5211796428702795
-0.3127000000000001,0.5211796428702795
-0.3117,0.5211796428702795
-0.3107000000000001,0.5647527509061226
-0.3097,0.5647527509061226
-0.3087000000000001,0.5647527509061226
-0.3077,0.5211796428702795
-0.3067000000000001,0.5647527509061226
-0.30569999999999997,0.5647527509061226
-0.3047000000000001,0.5647527509061226
-0.30369999999999997,0.5647527509061226
-0.3027000000000001,0.5647527509061226
-0.30169999999999997,0.6084673300719523
-0.3007000000000001,0.5647527509061226
-0.29969999999999997,0.6084673300719523
-0.2987000000000001,0.5647527509061226
-0.29769999999999996,0.6084673300719523
-0.2967000000000001,0.6084673300719523
-0.29569999999999996,0.6084673300719523
-0.2947000000000001,0.6084673300719523
-0.29369999999999996,0.6084673300719523
-0.29270000000000007,0.6084673300719523
-0.29169999999999996,0.6084673300719523
-0.29070000000000007,0.6084673300719523
-0.28969999999999996,0.6084673300719523
-0.28870000000000007,0.6084673300719523
-0.28769999999999996,0.6084673300719523
-0.28670000000000007,0.6520404381077953
-0.28569999999999995,0.6520404381077953
-0.28470000000000006,0.6520404381077953
-0.28369999999999995,0.6520404381077953
-0.28270000000000006,0.6520404381077953
-0.28169999999999995,0.6520404381077953
-0.28070000000000006,0.6520404381077953
-0.27969999999999995,0.6520404381077953
-0.27870000000000006,0.6520404381077953
-0.27769999999999995,0.6520404381077953
-0.27670000000000006,0.6520404381077953
-0.27569999999999995,0.6520404381077953
-0.27470000000000006,0.6520404381077953
-0.27369999999999994,0.6520404381077953
-0.27270000000000005,0.6520404381077953
-0.27169999999999994,0.6956135461436386
-0.27070000000000005,0.6956135461436386
-0.26969999999999994,0.6956135461436386
-0.26870000000000005,0.6520404381077953
-0.26769999999999994,0.6956135461436386
-0.26670000000000005,0.6956135461436386
-0.26569999999999994,0.6956135461436386
-0.26470000000000005,0.6956135461436386
-0.26369999999999993,0.6956135461436386
-0.26270000000000004,0.6956135461436386
-0.26169999999999993,0.6956135461436386
-0.26070000000000004,0.6956135461436386
-0.25969999999999993,0.6956135461436386
-0.25870000000000004,0.6956135461436386
-0.25769999999999993,0.6956135461436386
-0.25670000000000004,0.6956135461436386
-0.2556999999999999,0.6956135461436386
-0.25470000000000004,0.7393281253094681
-0.2536999999999999,0.7393281253094681
-0.25270000000000004,0.7393281253094681
-0.2516999999999999,0.7393281253094681
-0.25070000000000003,0.6956135461436386
-0.24969999999999992,0.7393281253094681
-0.24870000000000003,0.7393281253094681
-0.24769999999999992,0.7393281253094681
-0.24670000000000003,0.7393281253094681
-0.24569999999999992,0.7393281253094681
-0.24470000000000003,0.7393281253094681
-0.24369999999999992,0.7393281253094681
-0.24270000000000003,0.7393281253094681
-0.24169999999999991,0.7393281253094681
-0.24070000000000003,0.7393281253094681
-0.2396999999999999,0.7393281253094681
-0.23870000000000002,0.7829012333453113
-0.2376999999999999,0.7393281253094681
-0.23670000000000002,0.7829012333453113
-0.23570000000000013,0.7829012333453113
-0.23470000000000002,0.7829012333453113
-0.23370000000000013,0.7829012333453113
-0.23270000000000002,0.7829012333453113
-0.23170000000000013,0.7829012333453113
-0.23070000000000002,0.7829012333453113
-0.22970000000000013,0.7829012333453113
-0.22870000000000001,0.7829012333453113
-0.22770000000000012,0.7829012333453113
-0.2267,0.7829012333453113
-0.22570000000000012,0.7829012333453113
-0.2247,0.7829012333453113
-0.22370000000000012,0.7829012333453113
-0.2227,0.7829012333453113
-0.22170000000000012,0.7829012333453113
-0.2207,0.8264743413811545
-0.21970000000000012,0.7829012333453113
-0.2187,0.8264743413811545
-0.21770000000000012,0.8264743413811545
-0.2167,0.8264743413811545
-0.2157000000000001,0.8264743413811545
-0.2147,0.8264743413811545
-0.2137000000000001,0.8264743413811545
-0.2127,0.8264743413811545
-0.2117000000000001,0.8264743413811545
-0.2107,0.8264743413811545
-0.2097000000000001,0.8264743413811545
-0.2087,0.870188920546984
-0.2077000000000001,0.8264743413811545
-0.2067,0.8264743413811545
-0.2057000000000001,0.8264743413811545
-0.2047,0.870188920546984
-0.2037000000000001,0.870188920546984
-0.2027,0.870188920546984
-0.2017000000000001,0.870188920546984
-0.2007,0.870188920546984
-0.1997000000000001,0.870188920546984
-0.1987,0.870188920546984
-0.1977000000000001,0.870188920546984
-0.19669999999999999,0.870188920546984
-0.1957000000000001,0.870188920546984
-0.19469999999999998,0.870188920546984
-0.1937000000000001,0.9137620285828272
-0.19269999999999998,0.870188920546984
-0.1917000000000001,0.9137620285828272
-0.1907000000000001,0.870188920546984
-0.1897000000000002,0.9137620285828272
-0.1887000000000001,0.9137620285828272
-0.1877000000000002,0.9137620285828272
-0.1867000000000001,0.9137620285828272
-0.1857000000000002,0.9137620285828272
-0.1847000000000001,0.9137620285828272
-0.1837000000000002,0.9137620285828272
-0.18270000000000008,0.9137620285828272
-0.1817000000000002,0.9137620285828272
-0.18070000000000008,0.9137620285828272
-0.1797000000000002,0.9137620285828272
-0.17870000000000008,0.9137620285828272
-0.1777000000000002,0.9137620285828272
-0.17670000000000008,0.9137620285828272
-0.1757000000000002,0.9137620285828272
-0.17470000000000008,0.9137620285828272
-0.1737000000000002,0.9137620285828272
-0.17270000000000008,0.9573351366186703
-0.17170000000000019,0.9573351366186703
-0.17070000000000007,0.9573351366186703
-0.16970000000000018,0.9573351366186703
-0.16870000000000007,0.9573351366186703
-0.16770000000000018,0.9573351366186703
-0.16670000000000007,0.9573351366186703
-0.16570000000000018,0.9573351366186703
-0.16470000000000007,0.9573351366186703
-0.16370000000000018,0.9573351366186703
-0.16270000000000007,1.0010497157844997
-0.16170000000000018,1.0010497157844997
-0.16070000000000007,0.9573351366186703
-0.15970000000000018,1.0010497157844997
-0.15870000000000006,1.0010497157844997
-0.15770000000000017,1.0010497157844997
-0.15670000000000006,1.0010497157844997
-0.15570000000000017,1.0010497157844997
-0.15470000000000006,1.0010497157844997
-0.15370000000000017,1.0010497157844997
-0.15270000000000006,1.0010497157844997
-0.15170000000000017,1.0010497157844997
-0.15070000000000006,1.0446228238203432
-0.14970000000000017,1.0446228238203432
-0.14870000000000005,1.0446228238203432
-0.14770000000000016,1.0446228238203432
-0.14670000000000005,1.0446228238203432
-0.14570000000000016,1.0446228238203432
-0.14470000000000005,1.0446228238203432
-0.14370000000000016,1.0446228238203432
-0.14270000000000005,1.0446228238203432
-0.14170000000000016,1.0881959318561862
-0.14070000000000005,1.0446228238203432
-0.13970000000000016,1.0446228238203432
-0.13870000000000005,1.0881959318561862
-0.13770000000000016,1.0881959318561862
-0.13670000000000004,1.0881959318561862
-0.13570000000000015,1.0881959318561862
-0.13470000000000004,1.0881959318561862
-0.13370000000000015,1.0881959318561862
-0.13270000000000004,1.0881959318561862
-0.13170000000000015,1.1317690398920295
-0.13070000000000004,1.1317690398920295
-0.12970000000000015,1.0881959318561862
-0.12870000000000004,1.0881959318561862
-0.12770000000000015,1.0881959318561862
-0.12670000000000003,1.1317690398920295
-0.12570000000000014,1.1317690398920295
-0.12470000000000003,1.1317690398920295
-0.12370000000000014,1.1317690398920295
-0.12270000000000003,1.1317690398920295
-0.12170000000000014,1.175483619057859
-0.12070000000000003,1.175483619057859
-0.11970000000000014,1.175483619057859
-0.11870000000000003,1.175483619057859
-0.11770000000000014,1.175483619057859
-0.11670000000000003,1.175483619057859
-0.11570000000000014,1.175483619057859
-0.11470000000000002,1.175483619057859
-0.11370000000000013,1.175483619057859
-0.11270000000000002,1.219056727093702
-0.11170000000000013,1.175483619057859
-0.11070000000000024,1.219056727093702
-0.10970000000000013,1.219056727093702
-0.10870000000000024,1.2626298351295453
-0.10770000000000013,1.2626298351295453
-0.10670000000000024,1.219056727093702
-0.10570000000000013,1.219056727093702
-0.10470000000000024,1.219056727093702
-0.10370000000000013,1.2626298351295453
-0.10270000000000024,1.2626298351295453
-0.10170000000000012,1.2626298351295453
-0.10070000000000023,1.2626298351295453
-0.09970000000000012,1.2626298351295453
-0.09870000000000023,1.3063444142953748
-0.09770000000000012,1.3063444142953748
-0.09670000000000023,1.3063444142953748
-0.09570000000000012,1.3063444142953748
-0.09470000000000023,1.3063444142953748
-0.09370000000000012,1.3063444142953748
-0.09270000000000023,1.349917522331218
-0.09170000000000011,1.349917522331218
-0.09070000000000022,1.349917522331218
-0.08970000000000011,1.349917522331218
-0.08870000000000022,1.349917522331218
-0.08770000000000011,1.349917522331218
-0.08670000000000022,1.349917522331218
-0.08570000000000011,1.3934906303670611
-0.08470000000000022,1.349917522331218
-0.08370000000000011,1.3934906303670611
-0.08270000000000022,1.3934906303670611
-0.0817000000000001,1.3934906303670611
-0.08070000000000022,1.4373466806628774
-0.0797000000000001,1.4373466806628774
-0.07870000000000021,1.4373466806628774
-0.0777000000000001,1.4373466806628774
-0.07670000000000021,1.4373466806628774
-0.0757000000000001,1.4812027309586933
-0.07470000000000021,1.4812027309586933
-0.0737000000000001,1.4812027309586933
-0.07270000000000021,1.4812027309586933
-0.0717000000000001,1.4812027309586933
-0.07070000000000021,1.4812027309586933
-0.0697000000000001,1.5250587812545096
-0.0687000000000002,1.5250587812545096
-0.0677000000000001,1.5250587812545096
-0.0667000000000002,1.5250587812545096
-0.06570000000000009,1.5675001202504606
-0.0647000000000002,1.5675001202504606
-0.06370000000000009,1.5675001202504606
-0.0627000000000002,1.5675001202504606
-0.06170000000000009,1.5675001202504606
-0.0607000000000002,1.6113561705462767
-0.059700000000000086,1.6113561705462767
-0.058700000000000196,1.6113561705462767
-0.057700000000000085,1.6113561705462767
-0.056700000000000195,1.655212220842093
-0.05570000000000008,1.655212220842093
-0.05470000000000019,1.655212220842093
-0.05370000000000008,1.655212220842093
-0.05270000000000019,1.655212220842093
-0.05170000000000008,1.6990682711379093
-0.05070000000000019,1.6990682711379093
-0.04970000000000008,1.6990682711379093
-0.04870000000000019,1.6990682711379093
-0.047700000000000076,1.7429243214337253
-0.046700000000000186,1.7429243214337253
-0.045700000000000074,1.7429243214337253
-0.044700000000000184,1.7429243214337253
-0.04370000000000007,1.7867803717295414
-0.04270000000000018,1.7867803717295414
-0.04170000000000007,1.7867803717295414
-0.04070000000000018,1.8292217107254924
-0.03970000000000007,1.8292217107254924
-0.03870000000000018,1.8292217107254924
-0.03770000000000007,1.8292217107254924
-0.03670000000000018,1.8730777610213083
-0.035700000000000065,1.8730777610213083
-0.034700000000000175,1.8730777610213083
-0.03370000000000006,1.9169338113171246
-0.03270000000000017,1.9169338113171246
-0.03170000000000006,1.9607898616129409
-0.03070000000000017,1.9607898616129409
-0.02970000000000006,1.9607898616129409
-0.02870000000000017,1.9607898616129409
-0.027700000000000058,1.9607898616129409
-0.026700000000000168,2.004645911908757
-0.025700000000000056,2.004645911908757
-0.024700000000000166,2.004645911908757
-0.023700000000000054,2.004645911908757
-0.022700000000000164,2.048501962204573
-0.021700000000000053,2.048501962204573
-0.020700000000000163,2.048501962204573
-0.01970000000000005,2.0909433012005243
-0.01870000000000016,2.0909433012005243
-0.01770000000000005,2.0909433012005243
-0.01670000000000016,2.1347993514963406
-0.015700000000000047,2.1347993514963406
-0.014700000000000157,2.1347993514963406
-0.013700000000000045,2.178655401792157
-0.012700000000000156,2.178655401792157
-0.011700000000000044,2.178655401792157
-0.010700000000000154,2.2225114520879723
-0.009700000000000042,2.2225114520879723
-0.008700000000000152,2.2663675023837886
-0.00770000000000004,2.2663675023837886
-0.00670000000000015,2.2663675023837886
-0.005700000000000038,2.2663675023837886
-0.0047000000000001485,2.30880884137974
-0.0037000000000000366,2.30880884137974
-0.0027000000000001467,2.30880884137974
-0.0017000000000000348,2.352664891675556
-0.000700000000000145,2.352664891675556
0.00029999999999996696,2.352664891675556
0.0012999999999998568,2.352664891675556
0.0022999999999999687,2.396520941971372
0.0032999999999998586,2.396520941971372
0.0042999999999999705,2.4403769922671885
0.00529999999999986,2.4403769922671885
0.006299999999999972,2.4842330425630044
0.007299999999999862,2.4842330425630044
0.008299999999999974,2.4842330425630044
0.009299999999999864,2.5280890928588207
0.010299999999999976,2.5280890928588207
0.011299999999999866,2.5280890928588207
0.012299999999999978,2.5280890928588207
