Aug. 30, 2024   14:56:20
Cyclic Voltammetry
File: c:/users/guazh/data/20240829_batch_215_500/2024-08-29-exp221\exp221-2024-08-30t14_43_24-arkoh\exp221_cv_50mvs_efin_-1800mv.bin
Data Source:  Experiment
Instrument Model:  CHI760E
Header: CV ran at 50 mVs
Note: 

Init E (V) = -1
High E (V) = -1
Low E (V) = -1.8
Final E (V) = -1
Init P/N = N
Scan Rate (V/s) = 0.05
Segment = 7
Sample Interval (V) = 0.001
Quiet Time (sec) = 60
Sensitivity (A/V) = 0.001
Comp R (ohm) = 1.5

Results:

Channel 1:
Segment 1:

Segment 2:

Segment 3:

Segment 4:

Segment 5:

Segment 6:

Segment 7:

Potential/V, Current/A

-1.000, 2.545e-8
-1.001, 1.409e-7
-1.002, 1.675e-7
-1.003, 1.754e-7
-1.004, 2.336e-7
-1.005, 2.465e-7
-1.006, 2.336e-7
-1.007, 2.632e-7
-1.008, 2.899e-7
-1.009, 2.622e-7
-1.010, 2.978e-7
-1.011, 3.323e-7
-1.012, 3.214e-7
-1.013, 3.195e-7
-1.014, 3.747e-7
-1.015, 3.491e-7
-1.016, 3.382e-7
-1.017, 3.895e-7
-1.018, 4.092e-7
-1.019, 3.796e-7
-1.020, 3.629e-7
-1.021, 4.300e-7
-1.022, 3.737e-7
-1.023, 4.221e-7
-1.024, 4.556e-7
-1.025, 4.240e-7
-1.026, 4.240e-7
-1.027, 4.013e-7
-1.028, 3.875e-7
-1.029, 4.142e-7
-1.030, 4.221e-7
-1.031, 4.724e-7
-1.032, 4.714e-7
-1.033, 4.822e-7
-1.034, 4.822e-7
-1.035, 4.961e-7
-1.036, 4.892e-7
-1.037, 5.257e-7
-1.038, 5.118e-7
-1.039, 5.513e-7
-1.040, 4.901e-7
-1.041, 5.069e-7
-1.042, 5.503e-7
-1.043, 5.296e-7
-1.044, 5.296e-7
-1.045, 5.345e-7
-1.046, 5.345e-7
-1.047, 5.296e-7
-1.048, 5.602e-7
-1.049, 5.849e-7
-1.050, 5.691e-7
-1.051, 5.779e-7
-1.052, 5.779e-7
-1.053, 5.710e-7
-1.054, 5.799e-7
-1.055, 6.056e-7
-1.056, 6.085e-7
-1.057, 5.977e-7
-1.058, 6.085e-7
-1.059, 6.431e-7
-1.060, 5.967e-7
-1.061, 5.779e-7
-1.062, 5.562e-7
-1.063, 5.710e-7
-1.064, 5.849e-7
-1.065, 5.918e-7
-1.066, 6.677e-7
-1.067, 6.056e-7
-1.068, 6.579e-7
-1.069, 6.253e-7
-1.070, 6.194e-7
-1.071, 6.845e-7
-1.072, 6.559e-7
-1.073, 6.431e-7
-1.074, 6.796e-7
-1.075, 6.431e-7
-1.076, 7.013e-7
-1.077, 7.013e-7
-1.078, 6.983e-7
-1.079, 6.618e-7
-1.080, 7.102e-7
-1.081, 7.032e-7
-1.082, 7.180e-7
-1.083, 7.032e-7
-1.084, 7.072e-7
-1.085, 7.299e-7
-1.086, 7.092e-7
-1.087, 7.240e-7
-1.088, 7.713e-7
-1.089, 7.190e-7
-1.090, 7.427e-7
-1.091, 7.319e-7
-1.092, 6.825e-7
-1.093, 6.963e-7
-1.094, 7.102e-7
-1.095, 7.200e-7
-1.096, 7.358e-7
-1.097, 7.407e-7
-1.098, 7.644e-7
-1.099, 8.384e-7
-1.100, 7.832e-7
-1.101, 8.019e-7
-1.102, 8.068e-7
-1.103, 7.861e-7
-1.104, 7.595e-7
-1.105, 8.424e-7
-1.106, 8.197e-7
-1.107, 7.881e-7
-1.108, 7.980e-7
-1.109, 8.542e-7
-1.110, 8.315e-7
-1.111, 8.246e-7
-1.112, 8.197e-7
-1.113, 8.088e-7
-1.114, 8.118e-7
-1.115, 8.236e-7
-1.116, 8.641e-7
-1.117, 8.305e-7
-1.118, 8.226e-7
-1.119, 8.631e-7
-1.120, 8.394e-7
-1.121, 8.868e-7
-1.122, 8.828e-7
-1.123, 8.779e-7
-1.124, 8.384e-7
-1.125, 8.927e-7
-1.126, 8.414e-7
-1.127, 9.124e-7
-1.128, 9.006e-7
-1.129, 8.789e-7
-1.130, 8.927e-7
-1.131, 9.114e-7
-1.132, 9.075e-7
-1.133, 9.213e-7
-1.134, 9.193e-7
-1.135, 9.114e-7
-1.136, 8.927e-7
-1.137, 8.996e-7
-1.138, 9.163e-7
-1.139, 9.154e-7
-1.140, 9.341e-7
-1.141, 9.242e-7
-1.142, 9.667e-7
-1.143, 9.292e-7
-1.144, 9.252e-7
-1.145, 9.351e-7
-1.146, 9.489e-7
-1.147, 9.430e-7
-1.148, 9.607e-7
-1.149, 9.923e-7
-1.150, 9.627e-7
-1.151, 9.706e-7
-1.152, 9.973e-7
-1.153, 9.864e-7
-1.154, 1.001e-6
-1.155, 1.006e-6
-1.156, 9.667e-7
-1.157, 9.598e-7
-1.158, 1.008e-6
-1.159, 1.020e-6
-1.160, 9.953e-7
-1.161, 9.864e-7
-1.162, 1.019e-6
-1.163, 1.030e-6
-1.164, 9.933e-7
-1.165, 1.002e-6
-1.166, 1.069e-6
-1.167, 1.026e-6
-1.168, 1.021e-6
-1.169, 1.051e-6
-1.170, 1.022e-6
-1.171, 1.027e-6
-1.172, 1.079e-6
-1.173, 1.064e-6
-1.174, 1.043e-6
-1.175, 1.066e-6
-1.176, 1.054e-6
-1.177, 1.080e-6
-1.178, 1.078e-6
-1.179, 1.099e-6
-1.180, 1.100e-6
-1.181, 1.048e-6
-1.182, 1.121e-6
-1.183, 1.087e-6
-1.184, 1.066e-6
-1.185, 1.115e-6
-1.186, 1.106e-6
-1.187, 1.079e-6
-1.188, 1.114e-6
-1.189, 1.121e-6
-1.190, 1.110e-6
-1.191, 1.118e-6
-1.192, 1.139e-6
-1.193, 1.122e-6
-1.194, 1.109e-6
-1.195, 1.116e-6
-1.196, 1.154e-6
-1.197, 1.129e-6
-1.198, 1.163e-6
-1.199, 1.163e-6
-1.200, 1.166e-6
-1.201, 1.138e-6
-1.202, 1.187e-6
-1.203, 1.172e-6
-1.204, 1.154e-6
-1.205, 1.137e-6
-1.206, 1.181e-6
-1.207, 1.192e-6
-1.208, 1.183e-6
-1.209, 1.177e-6
-1.210, 1.208e-6
-1.211, 1.204e-6
-1.212, 1.200e-6
-1.213, 1.226e-6
-1.214, 1.228e-6
-1.215, 1.222e-6
-1.216, 1.237e-6
-1.217, 1.229e-6
-1.218, 1.225e-6
-1.219, 1.225e-6
-1.220, 1.257e-6
-1.221, 1.243e-6
-1.222, 1.229e-6
-1.223, 1.265e-6
-1.224, 1.262e-6
-1.225, 1.245e-6
-1.226, 1.261e-6
-1.227, 1.276e-6
-1.228, 1.264e-6
-1.229, 1.254e-6
-1.230, 1.283e-6
-1.231, 1.288e-6
-1.232, 1.317e-6
-1.233, 1.322e-6
-1.234, 1.296e-6
-1.235, 1.294e-6
-1.236, 1.347e-6
-1.237, 1.301e-6
-1.238, 1.288e-6
-1.239, 1.357e-6
-1.240, 1.289e-6
-1.241, 1.318e-6
-1.242, 1.345e-6
-1.243, 1.336e-6
-1.244, 1.319e-6
-1.245, 1.371e-6
-1.246, 1.369e-6
-1.247, 1.374e-6
-1.248, 1.351e-6
-1.249, 1.380e-6
-1.250, 1.348e-6
-1.251, 1.370e-6
-1.252, 1.362e-6
-1.253, 1.369e-6
-1.254, 1.378e-6
-1.255, 1.396e-6
-1.256, 1.362e-6
-1.257, 1.420e-6
-1.258, 1.423e-6
-1.259, 1.382e-6
-1.260, 1.379e-6
-1.261, 1.415e-6
-1.262, 1.408e-6
-1.263, 1.419e-6
-1.264, 1.452e-6
-1.265, 1.414e-6
-1.266, 1.419e-6
-1.267, 1.427e-6
-1.268, 1.440e-6
-1.269, 1.458e-6
-1.270, 1.445e-6
-1.271, 1.433e-6
-1.272, 1.461e-6
-1.273, 1.468e-6
-1.274, 1.447e-6
-1.275, 1.468e-6
-1.276, 1.464e-6
-1.277, 1.495e-6
-1.278, 1.481e-6
-1.279, 1.497e-6
-1.280, 1.516e-6
-1.281, 1.475e-6
-1.282, 1.469e-6
-1.283, 1.518e-6
-1.284, 1.520e-6
-1.285, 1.465e-6
-1.286, 1.514e-6
-1.287, 1.518e-6
-1.288, 1.510e-6
-1.289, 1.517e-6
-1.290, 1.520e-6
-1.291, 1.528e-6
-1.292, 1.525e-6
-1.293, 1.568e-6
-1.294, 1.534e-6
-1.295, 1.533e-6
-1.296, 1.543e-6
-1.297, 1.574e-6
-1.298, 1.534e-6
-1.299, 1.599e-6
-1.300, 1.570e-6
-1.301, 1.552e-6
-1.302, 1.590e-6
-1.303, 1.571e-6
-1.304, 1.546e-6
-1.305, 1.568e-6
-1.306, 1.604e-6
-1.307, 1.623e-6
-1.308, 1.568e-6
-1.309, 1.622e-6
-1.310, 1.612e-6
-1.311, 1.563e-6
-1.312, 1.662e-6
-1.313, 1.603e-6
-1.314, 1.596e-6
-1.315, 1.621e-6
-1.316, 1.616e-6
-1.317, 1.657e-6
-1.318, 1.608e-6
-1.319, 1.657e-6
-1.320, 1.652e-6
-1.321, 1.627e-6
-1.322, 1.639e-6
-1.323, 1.657e-6
-1.324, 1.650e-6
-1.325, 1.678e-6
-1.326, 1.648e-6
-1.327, 1.674e-6
-1.328, 1.688e-6
-1.329, 1.709e-6
-1.330, 1.702e-6
-1.331, 1.703e-6
-1.332, 1.736e-6
-1.333, 1.723e-6
-1.334, 1.710e-6
-1.335, 1.722e-6
-1.336, 1.719e-6
-1.337, 1.717e-6
-1.338, 1.710e-6
-1.339, 1.715e-6
-1.340, 1.736e-6
-1.341, 1.731e-6
-1.342, 1.752e-6
-1.343, 1.711e-6
-1.344, 1.766e-6
-1.345, 1.721e-6
-1.346, 1.767e-6
-1.347, 1.783e-6
-1.348, 1.750e-6
-1.349, 1.767e-6
-1.350, 1.785e-6
-1.351, 1.762e-6
-1.352, 1.748e-6
-1.353, 1.768e-6
-1.354, 1.768e-6
-1.355, 1.773e-6
-1.356, 1.774e-6
-1.357, 1.783e-6
-1.358, 1.803e-6
-1.359, 1.829e-6
-1.360, 1.800e-6
-1.361, 1.813e-6
-1.362, 1.817e-6
-1.363, 1.837e-6
-1.364, 1.820e-6
-1.365, 1.807e-6
-1.366, 1.831e-6
-1.367, 1.853e-6
-1.368, 1.808e-6
-1.369, 1.850e-6
-1.370, 1.867e-6
-1.371, 1.854e-6
-1.372, 1.855e-6
-1.373, 1.877e-6
-1.374, 1.875e-6
-1.375, 1.829e-6
-1.376, 1.880e-6
-1.377, 1.859e-6
-1.378, 1.879e-6
-1.379, 1.889e-6
-1.380, 1.909e-6
-1.381, 1.890e-6
-1.382, 1.913e-6
-1.383, 1.900e-6
-1.384, 1.919e-6
-1.385, 1.938e-6
-1.386, 1.938e-6
-1.387, 1.938e-6
-1.388, 1.959e-6
-1.389, 1.937e-6
-1.390, 1.917e-6
-1.391, 1.974e-6
-1.392, 1.944e-6
-1.393, 1.925e-6
-1.394, 1.929e-6
-1.395, 1.973e-6
-1.396, 2.005e-6
-1.397, 2.026e-6
-1.398, 2.022e-6
-1.399, 2.007e-6
-1.400, 2.000e-6
-1.401, 2.000e-6
-1.402, 2.024e-6
-1.403, 2.043e-6
-1.404, 2.038e-6
-1.405, 1.992e-6
-1.406, 2.046e-6
-1.407, 2.067e-6
-1.408, 2.026e-6
-1.409, 2.061e-6
-1.410, 2.072e-6
-1.411, 2.093e-6
-1.412, 2.046e-6
-1.413, 2.058e-6
-1.414, 2.113e-6
-1.415, 2.098e-6
-1.416, 2.093e-6
-1.417, 2.141e-6
-1.418, 2.112e-6
-1.419, 2.106e-6
-1.420, 2.111e-6
-1.421, 2.132e-6
-1.422, 2.121e-6
-1.423, 2.129e-6
-1.424, 2.144e-6
-1.425, 2.170e-6
-1.426, 2.188e-6
-1.427, 2.145e-6
-1.428, 2.205e-6
-1.429, 2.206e-6
-1.430, 2.189e-6
-1.431, 2.230e-6
-1.432, 2.195e-6
-1.433, 2.240e-6
-1.434, 2.250e-6
-1.435, 2.240e-6
-1.436, 2.255e-6
-1.437, 2.264e-6
-1.438, 2.252e-6
-1.439, 2.264e-6
-1.440, 2.319e-6
-1.441, 2.301e-6
-1.442, 2.281e-6
-1.443, 2.286e-6
-1.444, 2.344e-6
-1.445, 2.304e-6
-1.446, 2.299e-6
-1.447, 2.337e-6
-1.448, 2.360e-6
-1.449, 2.351e-6
-1.450, 2.340e-6
-1.451, 2.368e-6
-1.452, 2.379e-6
-1.453, 2.352e-6
-1.454, 2.417e-6
-1.455, 2.414e-6
-1.456, 2.386e-6
-1.457, 2.388e-6
-1.458, 2.429e-6
-1.459, 2.442e-6
-1.460, 2.436e-6
-1.461, 2.450e-6
-1.462, 2.465e-6
-1.463, 2.477e-6
-1.464, 2.547e-6
-1.465, 2.468e-6
-1.466, 2.465e-6
-1.467, 2.568e-6
-1.468, 2.549e-6
-1.469, 2.529e-6
-1.470, 2.525e-6
-1.471, 2.558e-6
-1.472, 2.548e-6
-1.473, 2.605e-6
-1.474, 2.595e-6
-1.475, 2.618e-6
-1.476, 2.593e-6
-1.477, 2.623e-6
-1.478, 2.645e-6
-1.479, 2.664e-6
-1.480, 2.652e-6
-1.481, 2.668e-6
-1.482, 2.705e-6
-1.483, 2.668e-6
-1.484, 2.726e-6
-1.485, 2.722e-6
-1.486, 2.742e-6
-1.487, 2.769e-6
-1.488, 2.733e-6
-1.489, 2.759e-6
-1.490, 2.801e-6
-1.491, 2.783e-6
-1.492, 2.784e-6
-1.493, 2.810e-6
-1.494, 2.836e-6
-1.495, 2.868e-6
-1.496, 2.829e-6
-1.497, 2.870e-6
-1.498, 2.904e-6
-1.499, 2.889e-6
-1.500, 2.881e-6
-1.501, 2.936e-6
-1.502, 2.912e-6
-1.503, 2.942e-6
-1.504, 2.975e-6
-1.505, 2.978e-6
-1.506, 2.982e-6
-1.507, 3.012e-6
-1.508, 3.034e-6
-1.509, 3.045e-6
-1.510, 3.048e-6
-1.511, 3.094e-6
-1.512, 3.072e-6
-1.513, 3.098e-6
-1.514, 3.153e-6
-1.515, 3.124e-6
-1.516, 3.117e-6
-1.517, 3.171e-6
-1.518, 3.182e-6
-1.519, 3.175e-6
-1.520, 3.208e-6
-1.521, 3.255e-6
-1.522, 3.232e-6
-1.523, 3.268e-6
-1.524, 3.290e-6
-1.525, 3.351e-6
-1.526, 3.316e-6
-1.527, 3.358e-6
-1.528, 3.373e-6
-1.529, 3.357e-6
-1.530, 3.391e-6
-1.531, 3.417e-6
-1.532, 3.440e-6
-1.533, 3.482e-6
-1.534, 3.522e-6
-1.535, 3.489e-6
-1.536, 3.506e-6
-1.537, 3.597e-6
-1.538, 3.518e-6
-1.539, 3.621e-6
-1.540, 3.620e-6
-1.541, 3.639e-6
-1.542, 3.670e-6
-1.543, 3.671e-6
-1.544, 3.734e-6
-1.545, 3.785e-6
-1.546, 3.723e-6
-1.547, 3.787e-6
-1.548, 3.820e-6
-1.549, 3.871e-6
-1.550, 3.854e-6
-1.551, 3.888e-6
-1.552, 3.937e-6
-1.553, 3.955e-6
-1.554, 4.023e-6
-1.555, 4.020e-6
-1.556, 4.027e-6
-1.557, 4.095e-6
-1.558, 4.119e-6
-1.559, 4.118e-6
-1.560, 4.155e-6
-1.561, 4.240e-6
-1.562, 4.245e-6
-1.563, 4.300e-6
-1.564, 4.343e-6
-1.565, 4.416e-6
-1.566, 4.382e-6
-1.567, 4.414e-6
-1.568, 4.480e-6
-1.569, 4.507e-6
-1.570, 4.521e-6
-1.571, 4.597e-6
-1.572, 4.598e-6
-1.573, 4.662e-6
-1.574, 4.724e-6
-1.575, 4.750e-6
-1.576, 4.786e-6
-1.577, 4.861e-6
-1.578, 4.869e-6
-1.579, 4.939e-6
-1.580, 4.988e-6
-1.581, 5.041e-6
-1.582, 5.111e-6
-1.583, 5.152e-6
-1.584, 5.176e-6
-1.585, 5.261e-6
-1.586, 5.279e-6
-1.587, 5.428e-6
-1.588, 5.427e-6
-1.589, 5.479e-6
-1.590, 5.581e-6
-1.591, 5.691e-6
-1.592, 5.770e-6
-1.593, 5.864e-6
-1.594, 5.965e-6
-1.595, 6.028e-6
-1.596, 6.091e-6
-1.597, 6.034e-6
-1.598, 6.074e-6
-1.599, 6.185e-6
-1.600, 6.258e-6
-1.601, 6.341e-6
-1.602, 6.441e-6
-1.603, 6.552e-6
-1.604, 6.648e-6
-1.605, 6.686e-6
-1.606, 6.794e-6
-1.607, 6.918e-6
-1.608, 7.008e-6
-1.609, 7.115e-6
-1.610, 7.192e-6
-1.611, 7.325e-6
-1.612, 7.423e-6
-1.613, 7.505e-6
-1.614, 7.683e-6
-1.615, 7.757e-6
-1.616, 7.907e-6
-1.617, 7.995e-6
-1.618, 8.162e-6
-1.619, 8.281e-6
-1.620, 8.434e-6
-1.621, 8.562e-6
-1.622, 8.673e-6
-1.623, 8.833e-6
-1.624, 8.996e-6
-1.625, 9.134e-6
-1.626, 9.294e-6
-1.627, 9.458e-6
-1.628, 9.604e-6
-1.629, 9.778e-6
-1.630, 9.972e-6
-1.631, 1.016e-5
-1.632, 1.040e-5
-1.633, 1.051e-5
-1.634, 1.075e-5
-1.635, 1.097e-5
-1.636, 1.117e-5
-1.637, 1.139e-5
-1.638, 1.173e-5
-1.639, 1.194e-5
-1.640, 1.223e-5
-1.641, 1.250e-5
-1.642, 1.272e-5
-1.643, 1.303e-5
-1.644, 1.329e-5
-1.645, 1.397e-5
-1.646, 1.411e-5
-1.647, 1.451e-5
-1.648, 1.476e-5
-1.649, 1.490e-5
-1.650, 1.543e-5
-1.651, 1.652e-5
-1.652, 1.649e-5
-1.653, 1.685e-5
-1.654, 1.673e-5
-1.655, 1.715e-5
-1.656, 1.758e-5
-1.657, 1.806e-5
-1.658, 1.854e-5
-1.659, 1.905e-5
-1.660, 1.957e-5
-1.661, 2.008e-5
-1.662, 2.066e-5
-1.663, 2.124e-5
-1.664, 2.183e-5
-1.665, 2.247e-5
-1.666, 2.312e-5
-1.667, 2.380e-5
-1.668, 2.455e-5
-1.669, 2.522e-5
-1.670, 2.601e-5
-1.671, 2.684e-5
-1.672, 2.769e-5
-1.673, 2.854e-5
-1.674, 2.950e-5
-1.675, 3.046e-5
-1.676, 3.148e-5
-1.677, 3.252e-5
-1.678, 3.362e-5
-1.679, 3.496e-5
-1.680, 3.595e-5
-1.681, 3.716e-5
-1.682, 3.845e-5
-1.683, 3.982e-5
-1.684, 4.115e-5
-1.685, 4.309e-5
-1.686, 4.405e-5
-1.687, 4.567e-5
-1.688, 4.733e-5
-1.689, 4.908e-5
-1.690, 5.148e-5
-1.691, 5.338e-5
-1.692, 5.568e-5
-1.693, 5.715e-5
-1.694, 5.917e-5
-1.695, 6.122e-5
-1.696, 6.310e-5
-1.697, 6.570e-5
-1.698, 6.825e-5
-1.699, 7.095e-5
-1.700, 7.341e-5
-1.701, 7.638e-5
-1.702, 7.954e-5
-1.703, 8.266e-5
-1.704, 8.609e-5
-1.705, 8.952e-5
-1.706, 9.323e-5
-1.707, 9.724e-5
-1.708, 1.013e-4
-1.709, 1.057e-4
-1.710, 1.101e-4
-1.711, 1.148e-4
-1.712, 1.198e-4
-1.713, 1.248e-4
-1.714, 1.302e-4
-1.715, 1.359e-4
-1.716, 1.416e-4
-1.717, 1.476e-4
-1.718, 1.543e-4
-1.719, 1.610e-4
-1.720, 1.679e-4
-1.721, 1.752e-4
-1.722, 1.830e-4
-1.723, 1.911e-4
-1.724, 1.995e-4
-1.725, 2.082e-4
-1.726, 2.174e-4
-1.727, 2.267e-4
-1.728, 2.365e-4
-1.729, 2.463e-4
-1.730, 2.551e-4
-1.731, 2.651e-4
-1.732, 2.757e-4
-1.733, 2.870e-4
-1.734, 3.003e-4
-1.735, 3.135e-4
-1.736, 3.264e-4
-1.737, 3.407e-4
-1.738, 3.541e-4
-1.739, 3.677e-4
-1.740, 3.821e-4
-1.741, 3.970e-4
-1.742, 4.134e-4
-1.743, 4.291e-4
-1.744, 4.465e-4
-1.745, 4.659e-4
-1.746, 4.837e-4
-1.747, 5.037e-4
-1.748, 5.199e-4
-1.749, 5.381e-4
-1.750, 5.586e-4
-1.751, 5.803e-4
-1.752, 6.017e-4
-1.753, 6.218e-4
-1.754, 6.441e-4
-1.755, 6.659e-4
-1.756, 6.897e-4
-1.757, 7.145e-4
-1.758, 7.391e-4
-1.759, 7.645e-4
-1.760, 7.906e-4
-1.761, 8.181e-4
-1.762, 8.470e-4
-1.763, 8.732e-4
-1.764, 9.007e-4
-1.765, 9.281e-4
-1.766, 9.584e-4
-1.767, 9.878e-4
-1.768, 1.019e-3
-1.769, 1.051e-3
-1.770, 1.082e-3
-1.771, 1.114e-3
-1.772, 1.145e-3
-1.773, 1.179e-3
-1.774, 1.214e-3
-1.775, 1.247e-3
-1.776, 1.280e-3
-1.777, 1.317e-3
-1.778, 1.348e-3
-1.779, 1.380e-3
-1.780, 1.417e-3
-1.781, 1.455e-3
-1.782, 1.493e-3
-1.783, 1.529e-3
-1.784, 1.567e-3
-1.785, 1.603e-3
-1.786, 1.642e-3
-1.787, 1.685e-3
-1.788, 1.724e-3
-1.789, 1.765e-3
-1.790, 1.806e-3
-1.791, 1.846e-3
-1.792, 1.889e-3
-1.793, 1.936e-3
-1.794, 1.983e-3
-1.795, 2.026e-3
-1.796, 2.071e-3
-1.797, 2.116e-3
-1.798, 2.167e-3
-1.799, 2.216e-3
-1.800, 2.244e-3
-1.799, 2.241e-3
-1.798, 2.233e-3
-1.797, 2.221e-3
-1.796, 2.211e-3
-1.795, 2.200e-3
-1.794, 2.183e-3
-1.793, 2.165e-3
-1.792, 2.147e-3
-1.791, 2.126e-3
-1.790, 2.101e-3
-1.789, 2.081e-3
-1.788, 2.058e-3
-1.787, 2.027e-3
-1.786, 1.993e-3
-1.785, 1.967e-3
-1.784, 1.946e-3
-1.783, 1.926e-3
-1.782, 1.903e-3
-1.781, 1.881e-3
-1.780, 1.857e-3
-1.779, 1.832e-3
-1.778, 1.805e-3
-1.777, 1.769e-3
-1.776, 1.732e-3
-1.775, 1.696e-3
-1.774, 1.664e-3
-1.773, 1.634e-3
-1.772, 1.603e-3
-1.771, 1.388e-3
-1.770, 8.892e-4
-1.769, 9.227e-4
-1.768, 1.397e-3
-1.767, 1.416e-3
-1.766, 1.424e-3
-1.765, 1.421e-3
-1.764, 1.408e-3
-1.763, 1.391e-3
-1.762, 1.374e-3
-1.761, 1.356e-3
-1.760, 1.335e-3
-1.759, 1.313e-3
-1.758, 1.293e-3
-1.757, 1.269e-3
-1.756, 1.248e-3
-1.755, 1.226e-3
-1.754, 1.204e-3
-1.753, 1.183e-3
-1.752, 1.162e-3
-1.751, 1.141e-3
-1.750, 1.123e-3
-1.749, 1.104e-3
-1.748, 1.084e-3
-1.747, 1.064e-3
-1.746, 1.045e-3
-1.745, 1.026e-3
-1.744, 1.010e-3
-1.743, 9.905e-4
-1.742, 9.697e-4
-1.741, 9.513e-4
-1.740, 9.328e-4
-1.739, 9.137e-4
-1.738, 8.960e-4
-1.737, 8.777e-4
-1.736, 8.592e-4
-1.735, 8.409e-4
-1.734, 8.243e-4
-1.733, 8.072e-4
-1.732, 7.908e-4
-1.731, 7.744e-4
-1.730, 7.575e-4
-1.729, 7.409e-4
-1.728, 7.254e-4
-1.727, 7.098e-4
-1.726, 6.945e-4
-1.725, 6.795e-4
-1.724, 6.645e-4
-1.723, 6.500e-4
-1.722, 6.358e-4
-1.721, 6.215e-4
-1.720, 6.075e-4
-1.719, 5.943e-4
-1.718, 5.811e-4
-1.717, 5.682e-4
-1.716, 5.555e-4
-1.715, 5.432e-4
-1.714, 5.307e-4
-1.713, 5.184e-4
-1.712, 5.059e-4
-1.711, 4.943e-4
-1.710, 4.829e-4
-1.709, 4.714e-4
-1.708, 4.599e-4
-1.707, 4.488e-4
-1.706, 4.380e-4
-1.705, 4.270e-4
-1.704, 4.165e-4
-1.703, 4.056e-4
-1.702, 3.951e-4
-1.701, 3.852e-4
-1.700, 3.754e-4
-1.699, 3.660e-4
-1.698, 3.570e-4
-1.697, 3.479e-4
-1.696, 3.389e-4
-1.695, 3.300e-4
-1.694, 3.214e-4
-1.693, 3.128e-4
-1.692, 3.045e-4
-1.691, 2.967e-4
-1.690, 2.882e-4
-1.689, 2.805e-4
-1.688, 2.723e-4
-1.687, 2.645e-4
-1.686, 2.573e-4
-1.685, 2.506e-4
-1.684, 2.438e-4
-1.683, 2.374e-4
-1.682, 2.307e-4
-1.681, 2.246e-4
-1.680, 2.184e-4
-1.679, 2.123e-4
-1.678, 2.062e-4
-1.677, 2.006e-4
-1.676, 1.948e-4
-1.675, 1.895e-4
-1.674, 1.843e-4
-1.673, 1.790e-4
-1.672, 1.737e-4
-1.671, 1.693e-4
-1.670, 1.643e-4
-1.669, 1.595e-4
-1.668, 1.550e-4
-1.667, 1.504e-4
-1.666, 1.463e-4
-1.665, 1.419e-4
-1.664, 1.376e-4
-1.663, 1.336e-4
-1.662, 1.295e-4
-1.661, 1.258e-4
-1.660, 1.222e-4
-1.659, 1.185e-4
-1.658, 1.150e-4
-1.657, 1.116e-4
-1.656, 1.084e-4
-1.655, 1.052e-4
-1.654, 1.021e-4
-1.653, 9.903e-5
-1.652, 9.617e-5
-1.651, 9.329e-5
-1.650, 9.054e-5
-1.649, 8.783e-5
-1.648, 8.521e-5
-1.647, 8.271e-5
-1.646, 8.024e-5
-1.645, 7.787e-5
-1.644, 7.555e-5
-1.643, 7.324e-5
-1.642, 7.107e-5
-1.641, 6.889e-5
-1.640, 6.687e-5
-1.639, 6.477e-5
-1.638, 6.285e-5
-1.637, 6.100e-5
-1.636, 5.942e-5
-1.635, 5.753e-5
-1.634, 5.577e-5
-1.633, 5.474e-5
-1.632, 5.251e-5
-1.631, 5.081e-5
-1.630, 4.930e-5
-1.629, 4.786e-5
-1.628, 4.637e-5
-1.627, 4.495e-5
-1.626, 4.359e-5
-1.625, 4.235e-5
-1.624, 4.107e-5
-1.623, 3.987e-5
-1.622, 3.861e-5
-1.621, 3.745e-5
-1.620, 3.632e-5
-1.619, 3.523e-5
-1.618, 3.419e-5
-1.617, 3.316e-5
-1.616, 3.217e-5
-1.615, 3.121e-5
-1.614, 3.023e-5
-1.613, 2.937e-5
-1.612, 2.846e-5
-1.611, 2.757e-5
-1.610, 2.673e-5
-1.609, 2.589e-5
-1.608, 2.511e-5
-1.607, 2.441e-5
-1.606, 2.371e-5
-1.605, 2.301e-5
-1.604, 2.231e-5
-1.603, 2.170e-5
-1.602, 2.107e-5
-1.601, 2.037e-5
-1.600, 1.984e-5
-1.599, 1.915e-5
-1.598, 1.860e-5
-1.597, 1.811e-5
-1.596, 1.751e-5
-1.595, 1.694e-5
-1.594, 1.656e-5
-1.593, 1.610e-5
-1.592, 1.558e-5
-1.591, 1.510e-5
-1.590, 1.459e-5
-1.589, 1.416e-5
-1.588, 1.373e-5
-1.587, 1.337e-5
-1.586, 1.297e-5
-1.585, 1.253e-5
-1.584, 1.220e-5
-1.583, 1.186e-5
-1.582, 1.152e-5
-1.581, 1.117e-5
-1.580, 1.086e-5
-1.579, 1.057e-5
-1.578, 1.027e-5
-1.577, 9.975e-6
-1.576, 9.671e-6
-1.575, 9.391e-6
-1.574, 9.080e-6
-1.573, 8.821e-6
-1.572, 8.559e-6
-1.571, 8.320e-6
-1.570, 8.120e-6
-1.569, 7.867e-6
-1.568, 7.630e-6
-1.567, 7.395e-6
-1.566, 7.194e-6
-1.565, 6.993e-6
-1.564, 6.792e-6
-1.563, 6.614e-6
-1.562, 6.406e-6
-1.561, 6.213e-6
-1.560, 6.046e-6
-1.559, 5.868e-6
-1.558, 5.700e-6
-1.557, 5.545e-6
-1.556, 5.395e-6
-1.555, 5.217e-6
-1.554, 5.048e-6
-1.553, 4.932e-6
-1.552, 4.788e-6
-1.551, 4.630e-6
-1.550, 4.534e-6
-1.549, 4.349e-6
-1.548, 4.228e-6
-1.547, 4.147e-6
-1.546, 4.061e-6
-1.545, 3.916e-6
-1.544, 3.813e-6
-1.543, 3.701e-6
-1.542, 3.572e-6
-1.541, 3.456e-6
-1.540, 3.375e-6
-1.539, 3.291e-6
-1.538, 3.166e-6
-1.537, 3.102e-6
-1.536, 2.989e-6
-1.535, 2.882e-6
-1.534, 2.785e-6
-1.533, 2.743e-6
-1.532, 2.667e-6
-1.531, 2.575e-6
-1.530, 2.512e-6
-1.529, 2.416e-6
-1.528, 2.351e-6
-1.527, 2.302e-6
-1.526, 2.231e-6
-1.525, 2.124e-6
-1.524, 2.072e-6
-1.523, 1.999e-6
-1.522, 1.958e-6
-1.521, 1.901e-6
-1.520, 1.832e-6
-1.519, 1.787e-6
-1.518, 1.688e-6
-1.517, 1.653e-6
-1.516, 1.623e-6
-1.515, 1.530e-6
-1.514, 1.500e-6
-1.513, 1.481e-6
-1.512, 1.365e-6
-1.511, 1.354e-6
-1.510, 1.303e-6
-1.509, 1.257e-6
-1.508, 1.205e-6
-1.507, 1.177e-6
-1.506, 1.155e-6
-1.505, 1.129e-6
-1.504, 1.056e-6
-1.503, 1.033e-6
-1.502, 9.677e-7
-1.501, 9.321e-7
-1.500, 9.183e-7
-1.499, 9.144e-7
-1.498, 8.433e-7
-1.497, 7.723e-7
-1.496, 8.118e-7
-1.495, 7.595e-7
-1.494, 7.102e-7
-1.493, 7.180e-7
-1.492, 6.549e-7
-1.491, 6.510e-7
-1.490, 6.243e-7
-1.489, 5.888e-7
-1.488, 5.414e-7
-1.487, 5.345e-7
-1.486, 4.901e-7
-1.485, 4.615e-7
-1.484, 4.073e-7
-1.483, 3.589e-7
-1.482, 3.007e-7
-1.481, 2.603e-7
-1.480, 2.415e-7
-1.479, 2.968e-7
-1.478, 3.234e-7
-1.477, 2.652e-7
-1.476, 2.632e-7
-1.475, 2.465e-7
-1.474, 2.553e-7
-1.473, 2.514e-7
-1.472, 2.356e-7
-1.471, 1.794e-7
-1.470, 1.764e-7
-1.469, 1.665e-7
-1.468, 1.261e-7
-1.467, 1.320e-7
-1.466, 1.034e-7
-1.465, 7.380e-8
-1.464, 9.649e-8
-1.463, 4.617e-8
-1.462, 3.039e-8
-1.461, -8.090e-9
-1.460, -1.973e-10
-1.459, -3.571e-8
-1.458, -6.827e-8
-1.457, -6.334e-8
-1.456, -7.814e-8
-1.455, -8.110e-8
-1.454, -8.800e-8
-1.453, -1.294e-7
-1.452, -1.186e-7
-1.451, -1.857e-7
-1.450, -1.571e-7
-1.449, -1.462e-7
-1.448, -9.077e-9
-1.447, -1.127e-7
-1.446, -7.814e-8
-1.445, 6.393e-8
-1.444, -8.406e-8
-1.443, -1.502e-7
-1.442, -1.571e-7
-1.441, -1.946e-7
-1.440, -2.015e-7
-1.439, -2.242e-7
-1.438, -1.186e-7
-1.437, -1.620e-7
-1.436, -2.163e-7
-1.435, -2.024e-7
-1.434, -1.146e-7
-1.433, -9.096e-8
-1.432, -1.077e-7
-1.431, -1.383e-7
-1.430, -1.669e-7
-1.429, -1.857e-7
-1.428, -2.024e-7
-1.427, -1.500e-8
-1.426, -7.321e-8
-1.425, -2.656e-7
-1.424, -5.249e-8
-1.423, -4.205e-7
-1.422, -4.530e-7
-1.421, -4.698e-7
-1.420, -4.984e-7
-1.419, -5.428e-7
-1.418, -5.527e-7
-1.417, -5.803e-7
-1.416, -5.389e-7
-1.415, -4.491e-7
-1.414, -4.866e-7
-1.413, -4.935e-7
-1.412, -5.132e-7
-1.411, -4.866e-7
-1.410, -5.132e-7
-1.409, -5.122e-7
-1.408, -5.616e-7
-1.407, -5.339e-7
-1.406, -5.290e-7
-1.405, -5.191e-7
-1.404, -5.675e-7
-1.403, -5.744e-7
-1.402, -5.576e-7
-1.401, -5.616e-7
-1.400, -5.803e-7
-1.399, -5.695e-7
-1.398, -6.079e-7
-1.397, -2.202e-7
-1.396, -2.518e-7
-1.395, -3.850e-7
-1.394, -3.929e-7
-1.393, -5.557e-7
-1.392, -6.148e-7
-1.391, -6.148e-7
-1.390, -6.336e-7
-1.389, -2.133e-7
-1.388, -4.037e-7
-1.387, -4.136e-7
-1.386, -4.639e-7
-1.385, -4.452e-7
-1.384, -5.547e-7
-1.383, -6.454e-7
-1.382, -6.514e-7
-1.381, -3.623e-7
-1.380, -4.777e-7
-1.379, -5.320e-7
-1.378, -5.034e-7
-1.377, -5.162e-7
-1.376, -6.296e-7
-1.375, -6.721e-7
-1.374, -6.948e-7
-1.373, -4.205e-7
-1.372, -5.359e-7
-1.371, -5.379e-7
-1.370, -5.852e-7
-1.369, -5.922e-7
-1.368, -6.060e-7
-1.367, -7.184e-7
-1.366, -6.928e-7
-1.365, -7.204e-7
-1.364, -7.786e-7
-1.363, -7.313e-7
-1.362, -7.293e-7
-1.361, -7.500e-7
-1.360, -7.816e-7
-1.359, -7.411e-7
-1.358, -7.362e-7
-1.357, -7.559e-7
-1.356, -4.688e-7
-1.355, -6.208e-7
-1.354, -6.563e-7
-1.353, -6.888e-7
-1.352, -6.642e-7
-1.351, -6.632e-7
-1.350, -6.681e-7
-1.349, -6.642e-7
-1.348, -6.731e-7
-1.347, -6.967e-7
-1.346, -6.790e-7
-1.345, -6.967e-7
-1.344, -7.628e-7
-1.343, -7.076e-7
-1.342, -7.411e-7
-1.341, -7.490e-7
-1.340, -7.323e-7
-1.339, -7.964e-7
-1.338, -7.609e-7
-1.337, -8.043e-7
-1.336, -8.102e-7
-1.335, -7.766e-7
-1.334, -8.053e-7
-1.333, -8.033e-7
-1.332, -7.964e-7
-1.331, -7.806e-7
-1.330, -8.102e-7
-1.329, -7.993e-7
-1.328, -7.934e-7
-1.327, -7.934e-7
-1.326, -7.865e-7
-1.325, -7.352e-7
-1.324, -7.885e-7
-1.323, -8.003e-7
-1.322, -7.836e-7
-1.321, -7.727e-7
-1.320, -7.806e-7
-1.319, -8.250e-7
-1.318, -8.082e-7
-1.317, -8.260e-7
-1.316, -7.944e-7
-1.315, -7.993e-7
-1.314, -7.964e-7
-1.313, -8.447e-7
-1.312, -8.033e-7
-1.311, -8.062e-7
-1.310, -8.329e-7
-1.309, -8.723e-7
-1.308, -8.082e-7
-1.307, -8.299e-7
-1.306, -8.487e-7
-1.305, -8.319e-7
-1.304, -8.309e-7
-1.303, -8.497e-7
-1.302, -8.368e-7
-1.301, -8.319e-7
-1.300, -8.368e-7
-1.299, -8.260e-7
-1.298, -8.556e-7
-1.297, -8.625e-7
-1.296, -8.566e-7
-1.295, -8.319e-7
-1.294, -8.595e-7
-1.293, -8.714e-7
-1.292, -8.605e-7
-1.291, -8.566e-7
-1.290, -8.388e-7
-1.289, -8.753e-7
-1.288, -8.566e-7
-1.287, -8.911e-7
-1.286, -8.645e-7
-1.285, -8.289e-7
-1.284, -8.654e-7
-1.283, -9.098e-7
-1.282, -8.585e-7
-1.281, -8.704e-7
-1.280, -8.793e-7
-1.279, -8.783e-7
-1.278, -8.941e-7
-1.277, -9.167e-7
-1.276, -8.773e-7
-1.275, -8.793e-7
-1.274, -8.970e-7
-1.273, -9.118e-7
-1.272, -9.079e-7
-1.271, -8.793e-7
-1.270, -8.842e-7
-1.269, -8.921e-7
-1.268, -8.980e-7
-1.267, -8.832e-7
-1.266, -9.089e-7
-1.265, -8.793e-7
-1.264, -8.911e-7
-1.263, -9.177e-7
-1.262, -9.197e-7
-1.261, -9.010e-7
-1.260, -9.049e-7
-1.259, -9.089e-7
-1.258, -8.862e-7
-1.257, -9.335e-7
-1.256, -9.266e-7
-1.255, -8.891e-7
-1.254, -9.256e-7
-1.253, -9.158e-7
-1.252, -9.414e-7
-1.251, -9.325e-7
-1.250, -9.246e-7
-1.249, -9.207e-7
-1.248, -9.108e-7
-1.247, -9.463e-7
-1.246, -9.532e-7
-1.245, -9.108e-7
-1.244, -9.384e-7
-1.243, -9.325e-7
-1.242, -9.335e-7
-1.241, -9.276e-7
-1.240, -9.513e-7
-1.239, -9.434e-7
-1.238, -9.138e-7
-1.237, -9.394e-7
-1.236, -9.621e-7
-1.235, -9.197e-7
-1.234, -9.237e-7
-1.233, -9.483e-7
-1.232, -9.759e-7
-1.231, -9.671e-7
-1.230, -9.828e-7
-1.229, -1.014e-6
-1.228, -1.044e-6
-1.227, -1.044e-6
-1.226, -1.025e-6
-1.225, -9.434e-7
-1.224, -9.848e-7
-1.223, -9.582e-7
-1.222, -9.572e-7
-1.221, -9.868e-7
-1.220, -9.454e-7
-1.219, -9.602e-7
-1.218, -9.454e-7
-1.217, -9.444e-7
-1.216, -9.789e-7
-1.215, -9.483e-7
-1.214, -9.463e-7
-1.213, -1.004e-6
-1.212, -9.562e-7
-1.211, -9.394e-7
-1.210, -1.024e-6
-1.209, -9.325e-7
-1.208, -9.680e-7
-1.207, -9.690e-7
-1.206, -9.947e-7
-1.205, -1.009e-6
-1.204, -9.740e-7
-1.203, -1.006e-6
-1.202, -1.021e-6
-1.201, -1.024e-6
-1.200, -1.019e-6
-1.199, -9.641e-7
-1.198, -9.542e-7
-1.197, -9.878e-7
-1.196, -1.021e-6
-1.195, -9.898e-7
-1.194, -9.562e-7
-1.193, -9.937e-7
-1.192, -9.631e-7
-1.191, -9.838e-7
-1.190, -1.005e-6
-1.189, -9.789e-7
-1.188, -9.819e-7
-1.187, -9.858e-7
-1.186, -9.838e-7
-1.185, -9.720e-7
-1.184, -9.996e-7
-1.183, -9.947e-7
-1.182, -9.927e-7
-1.181, -9.523e-7
-1.180, -1.010e-6
-1.179, -1.011e-6
-1.178, -9.907e-7
-1.177, -9.927e-7
-1.176, -1.008e-6
-1.175, -9.878e-7
-1.174, -9.967e-7
-1.173, -1.031e-6
-1.172, -9.602e-7
-1.171, -1.015e-6
-1.170, -1.022e-6
-1.169, -1.017e-6
-1.168, -9.927e-7
-1.167, -9.898e-7
-1.166, -1.030e-6
-1.165, -1.014e-6
-1.164, -9.996e-7
-1.163, -1.051e-6
-1.162, -1.004e-6
-1.161, -1.037e-6
-1.160, -1.027e-6
-1.159, -1.044e-6
-1.158, -1.036e-6
-1.157, -1.004e-6
-1.156, -1.030e-6
-1.155, -1.036e-6
-1.154, -1.023e-6
-1.153, -1.022e-6
-1.152, -1.044e-6
-1.151, -1.046e-6
-1.150, -1.007e-6
-1.149, -1.059e-6
-1.148, -1.008e-6
-1.147, -9.927e-7
-1.146, -1.051e-6
-1.145, -1.025e-6
-1.144, -1.051e-6
-1.143, -1.041e-6
-1.142, -1.056e-6
-1.141, -1.057e-6
-1.140, -1.037e-6
-1.139, -1.071e-6
-1.138, -1.026e-6
-1.137, -1.033e-6
-1.136, -1.055e-6
-1.135, -1.086e-6
-1.134, -1.043e-6
-1.133, -1.062e-6
-1.132, -1.048e-6
-1.131, -1.058e-6
-1.130, -1.044e-6
-1.129, -1.119e-6
-1.128, -1.036e-6
-1.127, -1.051e-6
-1.126, -1.106e-6
-1.125, -1.054e-6
-1.124, -1.058e-6
-1.123, -1.091e-6
-1.122, -1.082e-6
-1.121, -1.078e-6
-1.120, -1.062e-6
-1.119, -1.091e-6
-1.118, -1.081e-6
-1.117, -1.039e-6
-1.116, -1.081e-6
-1.115, -1.082e-6
-1.114, -1.062e-6
-1.113, -1.122e-6
-1.112, -1.046e-6
-1.111, -1.067e-6
-1.110, -1.091e-6
-1.109, -1.110e-6
-1.108, -1.089e-6
-1.107, -1.052e-6
-1.106, -1.081e-6
-1.105, -1.071e-6
-1.104, -1.110e-6
-1.103, -1.086e-6
-1.102, -1.109e-6
-1.101, -1.099e-6
-1.100, -1.122e-6
-1.099, -1.122e-6
-1.098, -1.098e-6
-1.097, -1.115e-6
-1.096, -1.093e-6
-1.095, -1.098e-6
-1.094, -1.115e-6
-1.093, -1.098e-6
-1.092, -1.089e-6
-1.091, -1.107e-6
-1.090, -1.105e-6
-1.089, -1.131e-6
-1.088, -1.160e-6
-1.087, -1.117e-6
-1.086, -1.117e-6
-1.085, -1.141e-6
-1.084, -1.159e-6
-1.083, -1.130e-6
-1.082, -1.142e-6
-1.081, -1.135e-6
-1.080, -1.114e-6
-1.079, -1.144e-6
-1.078, -1.157e-6
-1.077, -1.145e-6
-1.076, -1.155e-6
-1.075, -1.179e-6
-1.074, -1.144e-6
-1.073, -1.153e-6
-1.072, -1.190e-6
-1.071, -1.191e-6
-1.070, -1.140e-6
-1.069, -1.174e-6
-1.068, -1.185e-6
-1.067, -1.167e-6
-1.066, -1.175e-6
-1.065, -1.193e-6
-1.064, -1.128e-6
-1.063, -1.197e-6
-1.062, -1.202e-6
-1.061, -1.190e-6
-1.060, -1.201e-6
-1.059, -1.178e-6
-1.058, -1.191e-6
-1.057, -1.167e-6
-1.056, -1.188e-6
-1.055, -1.154e-6
-1.054, -1.194e-6
-1.053, -1.215e-6
-1.052, -1.210e-6
-1.051, -1.223e-6
-1.050, -1.230e-6
-1.049, -1.280e-6
-1.048, -1.286e-6
-1.047, -1.297e-6
-1.046, -1.218e-6
-1.045, -1.216e-6
-1.044, -1.215e-6
-1.043, -1.200e-6
-1.042, -1.195e-6
-1.041, -1.201e-6
-1.040, -1.234e-6
-1.039, -1.215e-6
-1.038, -1.228e-6
-1.037, -1.240e-6
-1.036, -1.246e-6
-1.035, -1.228e-6
-1.034, -1.250e-6
-1.033, -1.233e-6
-1.032, -1.231e-6
-1.031, -1.229e-6
-1.030, -1.250e-6
-1.029, -1.293e-6
-1.028, -1.248e-6
-1.027, -1.229e-6
-1.026, -1.285e-6
-1.025, -1.273e-6
-1.024, -1.315e-6
-1.023, -1.287e-6
-1.022, -1.308e-6
-1.021, -1.329e-6
-1.020, -1.329e-6
-1.019, -1.285e-6
-1.018, -1.316e-6
-1.017, -1.283e-6
-1.016, -1.288e-6
-1.015, -1.312e-6
-1.014, -1.306e-6
-1.013, -1.279e-6
-1.012, -1.305e-6
-1.011, -1.331e-6
-1.010, -1.321e-6
-1.009, -1.332e-6
-1.008, -1.345e-6
-1.007, -1.338e-6
-1.006, -1.335e-6
-1.005, -1.358e-6
-1.004, -1.332e-6
-1.003, -1.359e-6
-1.002, -1.336e-6
-1.001, -1.364e-6
-1.000, -1.089e-6
-1.001, -9.917e-7
-1.002, -8.398e-7
-1.003, -7.323e-7
-1.004, -7.096e-7
-1.005, -6.454e-7
-1.006, -5.833e-7
-1.007, -5.428e-7
-1.008, -5.113e-7
-1.009, -4.511e-7
-1.010, -3.909e-7
-1.011, -4.077e-7
-1.012, -3.534e-7
-1.013, -3.169e-7
-1.014, -2.508e-7
-1.015, -3.110e-7
-1.016, -2.340e-7
-1.017, -2.320e-7
-1.018, -1.877e-7
-1.019, -1.729e-7
-1.020, -1.294e-7
-1.021, -1.433e-7
-1.022, -1.304e-7
-1.023, -9.491e-8
-1.024, -8.899e-8
-1.025, -4.854e-8
-1.026, -3.867e-8
-1.027, -6.117e-9
-1.028, 2.447e-8
-1.029, 4.736e-9
-1.030, 3.828e-8
-1.031, 5.407e-8
-1.032, 4.913e-8
-1.033, 7.873e-8
-1.034, 8.366e-8
-1.035, 7.972e-8
-1.036, 1.320e-7
-1.037, 1.330e-7
-1.038, 1.310e-7
-1.039, 1.577e-7
-1.040, 1.823e-7
-1.041, 1.813e-7
-1.042, 1.656e-7
-1.043, 1.971e-7
-1.044, 2.139e-7
-1.045, 2.050e-7
-1.046, 2.030e-7
-1.047, 2.415e-7
-1.048, 2.178e-7
-1.049, 2.317e-7
-1.050, 2.760e-7
-1.051, 2.948e-7
-1.052, 2.918e-7
-1.053, 2.997e-7
-1.054, 2.889e-7
-1.055, 2.928e-7
-1.056, 3.293e-7
-1.057, 3.224e-7
-1.058, 3.491e-7
-1.059, 3.362e-7
-1.060, 3.402e-7
-1.061, 3.540e-7
-1.062, 3.372e-7
-1.063, 3.629e-7
-1.064, 3.905e-7
-1.065, 3.629e-7
-1.066, 3.944e-7
-1.067, 3.964e-7
-1.068, 3.915e-7
-1.069, 3.875e-7
-1.070, 4.477e-7
-1.071, 4.191e-7
-1.072, 4.013e-7
-1.073, 4.369e-7
-1.074, 4.438e-7
-1.075, 4.418e-7
-1.076, 4.586e-7
-1.077, 4.507e-7
-1.078, 4.388e-7
-1.079, 4.763e-7
-1.080, 4.615e-7
-1.081, 5.069e-7
-1.082, 5.030e-7
-1.083, 4.911e-7
-1.084, 5.010e-7
-1.085, 5.099e-7
-1.086, 5.227e-7
-1.087, 5.049e-7
-1.088, 5.197e-7
-1.089, 5.207e-7
-1.090, 5.355e-7
-1.091, 5.395e-7
-1.092, 5.395e-7
-1.093, 5.612e-7
-1.094, 5.641e-7
-1.095, 5.671e-7
-1.096, 6.036e-7
-1.097, 5.355e-7
-1.098, 5.760e-7
-1.099, 5.701e-7
-1.100, 5.809e-7
-1.101, 6.066e-7
-1.102, 5.819e-7
-1.103, 5.977e-7
-1.104, 6.401e-7
-1.105, 5.977e-7
-1.106, 5.868e-7
-1.107, 6.164e-7
-1.108, 6.401e-7
-1.109, 6.184e-7
-1.110, 6.322e-7
-1.111, 6.125e-7
-1.112, 5.947e-7
-1.113, 6.381e-7
-1.114, 6.865e-7
-1.115, 6.559e-7
-1.116, 6.214e-7
-1.117, 6.707e-7
-1.118, 6.924e-7
-1.119, 6.914e-7
-1.120, 6.954e-7
-1.121, 6.855e-7
-1.122, 6.648e-7
-1.123, 7.102e-7
-1.124, 7.151e-7
-1.125, 6.894e-7
-1.126, 7.032e-7
-1.127, 7.269e-7
-1.128, 7.269e-7
-1.129, 7.151e-7
-1.130, 7.190e-7
-1.131, 7.319e-7
-1.132, 7.131e-7
-1.133, 7.615e-7
-1.134, 7.526e-7
-1.135, 7.536e-7
-1.136, 7.289e-7
-1.137, 8.039e-7
-1.138, 7.644e-7
-1.139, 7.417e-7
-1.140, 8.019e-7
-1.141, 7.812e-7
-1.142, 7.624e-7
-1.143, 7.950e-7
-1.144, 7.486e-7
-1.145, 7.624e-7
-1.146, 7.851e-7
-1.147, 7.980e-7
-1.148, 7.950e-7
-1.149, 7.871e-7
-1.150, 8.137e-7
-1.151, 7.496e-7
-1.152, 7.476e-7
-1.153, 7.684e-7
-1.154, 8.019e-7
-1.155, 7.772e-7
-1.156, 8.493e-7
-1.157, 8.157e-7
-1.158, 8.601e-7
-1.159, 8.187e-7
-1.160, 8.463e-7
-1.161, 8.512e-7
-1.162, 8.729e-7
-1.163, 8.601e-7
-1.164, 8.512e-7
-1.165, 8.739e-7
-1.166, 8.680e-7
-1.167, 8.532e-7
-1.168, 9.006e-7
-1.169, 8.512e-7
-1.170, 8.877e-7
-1.171, 8.858e-7
-1.172, 8.838e-7
-1.173, 8.739e-7
-1.174, 9.075e-7
-1.175, 9.016e-7
-1.176, 8.976e-7
-1.177, 9.094e-7
-1.178, 9.282e-7
-1.179, 9.094e-7
-1.180, 9.065e-7
-1.181, 9.390e-7
-1.182, 8.996e-7
-1.183, 8.966e-7
-1.184, 9.341e-7
-1.185, 9.381e-7
-1.186, 9.154e-7
-1.187, 9.311e-7
-1.188, 9.390e-7
-1.189, 9.331e-7
-1.190, 9.617e-7
-1.191, 9.607e-7
-1.192, 9.548e-7
-1.193, 9.341e-7
-1.194, 9.844e-7
-1.195, 9.706e-7
-1.196, 1.008e-6
-1.197, 9.469e-7
-1.198, 9.765e-7
-1.199, 9.805e-7
-1.200, 9.844e-7
-1.201, 1.002e-6
-1.202, 9.933e-7
-1.203, 1.003e-6
-1.204, 1.003e-6
-1.205, 1.003e-6
-1.206, 1.015e-6
-1.207, 1.012e-6
-1.208, 1.011e-6
-1.209, 1.028e-6
-1.210, 1.024e-6
-1.211, 1.011e-6
-1.212, 1.018e-6
-1.213, 1.009e-6
-1.214, 1.041e-6
-1.215, 1.033e-6
-1.216, 1.047e-6
-1.217, 1.051e-6
-1.218, 1.061e-6
-1.219, 1.025e-6
-1.220, 1.074e-6
-1.221, 1.049e-6
-1.222, 1.048e-6
-1.223, 1.049e-6
-1.224, 1.050e-6
-1.225, 1.085e-6
-1.226, 1.073e-6
-1.227, 1.072e-6
-1.228, 1.064e-6
-1.229, 1.077e-6
-1.230, 1.124e-6
-1.231, 1.138e-6
-1.232, 1.102e-6
-1.233, 1.069e-6
-1.234, 1.107e-6
-1.235, 1.127e-6
-1.236, 1.116e-6
-1.237, 1.111e-6
-1.238, 1.145e-6
-1.239, 1.085e-6
-1.240, 1.122e-6
-1.241, 1.131e-6
-1.242, 1.117e-6
-1.243, 1.131e-6
-1.244, 1.107e-6
-1.245, 1.121e-6
-1.246, 1.177e-6
-1.247, 1.132e-6
-1.248, 1.154e-6
-1.249, 1.150e-6
-1.250, 1.124e-6
-1.251, 1.197e-6
-1.252, 1.167e-6
-1.253, 1.157e-6
-1.254, 1.195e-6
-1.255, 1.186e-6
-1.256, 1.194e-6
-1.257, 1.164e-6
-1.258, 1.189e-6
-1.259, 1.155e-6
-1.260, 1.202e-6
-1.261, 1.203e-6
-1.262, 1.192e-6
-1.263, 1.197e-6
-1.264, 1.213e-6
-1.265, 1.163e-6
-1.266, 1.230e-6
-1.267, 1.188e-6
-1.268, 1.246e-6
-1.269, 1.182e-6
-1.270, 1.165e-6
-1.271, 1.216e-6
-1.272, 1.220e-6
-1.273, 1.242e-6
-1.274, 1.262e-6
-1.275, 1.209e-6
-1.276, 1.244e-6
-1.277, 1.213e-6
-1.278, 1.259e-6
-1.279, 1.231e-6
-1.280, 1.235e-6
-1.281, 1.300e-6
-1.282, 1.273e-6
-1.283, 1.291e-6
-1.284, 1.268e-6
-1.285, 1.288e-6
-1.286, 1.284e-6
-1.287, 1.278e-6
-1.288, 1.270e-6
-1.289, 1.273e-6
-1.290, 1.239e-6
-1.291, 1.279e-6
-1.292, 1.291e-6
-1.293, 1.320e-6
-1.294, 1.306e-6
-1.295, 1.313e-6
-1.296, 1.324e-6
-1.297, 1.318e-6
-1.298, 1.299e-6
-1.299, 1.316e-6
-1.300, 1.315e-6
-1.301, 1.335e-6
-1.302, 1.371e-6
-1.303, 1.297e-6
-1.304, 1.323e-6
-1.305, 1.345e-6
-1.306, 1.305e-6
-1.307, 1.288e-6
-1.308, 1.331e-6
-1.309, 1.353e-6
-1.310, 1.366e-6
-1.311, 1.379e-6
-1.312, 1.388e-6
-1.313, 1.382e-6
-1.314, 1.347e-6
-1.315, 1.363e-6
-1.316, 1.365e-6
-1.317, 1.384e-6
-1.318, 1.392e-6
-1.319, 1.410e-6
-1.320, 1.395e-6
-1.321, 1.411e-6
-1.322, 1.408e-6
-1.323, 1.408e-6
-1.324, 1.413e-6
-1.325, 1.423e-6
-1.326, 1.410e-6
-1.327, 1.419e-6
-1.328, 1.430e-6
-1.329, 1.424e-6
-1.330, 1.438e-6
-1.331, 1.409e-6
-1.332, 1.465e-6
-1.333, 1.424e-6
-1.334, 1.424e-6
-1.335, 1.462e-6
-1.336, 1.474e-6
-1.337, 1.445e-6
-1.338, 1.484e-6
-1.339, 1.460e-6
-1.340, 1.464e-6
-1.341, 1.511e-6
-1.342, 1.493e-6
-1.343, 1.496e-6
-1.344, 1.525e-6
-1.345, 1.486e-6
-1.346, 1.447e-6
-1.347, 1.474e-6
-1.348, 1.493e-6
-1.349, 1.528e-6
-1.350, 1.541e-6
-1.351, 1.555e-6
-1.352, 1.545e-6
-1.353, 1.525e-6
-1.354, 1.514e-6
-1.355, 1.560e-6
-1.356, 1.561e-6
-1.357, 1.502e-6
-1.358, 1.596e-6
-1.359, 1.552e-6
-1.360, 1.553e-6
-1.361, 1.569e-6
-1.362, 1.568e-6
-1.363, 1.568e-6
-1.364, 1.573e-6
-1.365, 1.593e-6
-1.366, 1.597e-6
-1.367, 1.594e-6
-1.368, 1.589e-6
-1.369, 1.601e-6
-1.370, 1.567e-6
-1.371, 1.660e-6
-1.372, 1.612e-6
-1.373, 1.623e-6
-1.374, 1.576e-6
-1.375, 1.588e-6
-1.376, 1.627e-6
-1.377, 1.654e-6
-1.378, 1.671e-6
-1.379, 1.679e-6
-1.380, 1.671e-6
-1.381, 1.688e-6
-1.382, 1.652e-6
-1.383, 1.661e-6
-1.384, 1.668e-6
-1.385, 1.679e-6
-1.386, 1.718e-6
-1.387, 1.667e-6
-1.388, 1.704e-6
-1.389, 1.732e-6
-1.390, 1.718e-6
-1.391, 1.747e-6
-1.392, 1.685e-6
-1.393, 1.731e-6
-1.394, 1.740e-6
-1.395, 1.769e-6
-1.396, 1.753e-6
-1.397, 1.735e-6
-1.398, 1.769e-6
-1.399, 1.768e-6
-1.400, 1.787e-6
-1.401, 1.763e-6
-1.402, 1.788e-6
-1.403, 1.766e-6
-1.404, 1.782e-6
-1.405, 1.795e-6
-1.406, 1.814e-6
-1.407, 1.784e-6
-1.408, 1.834e-6
-1.409, 1.827e-6
-1.410, 1.829e-6
-1.411, 1.799e-6
-1.412, 1.809e-6
-1.413, 1.863e-6
-1.414, 1.844e-6
-1.415, 1.872e-6
-1.416, 1.869e-6
-1.417, 1.884e-6
-1.418, 1.862e-6
-1.419, 1.906e-6
-1.420, 1.883e-6
-1.421, 1.931e-6
-1.422, 1.892e-6
-1.423, 1.926e-6
-1.424, 1.908e-6
-1.425, 1.960e-6
-1.426, 1.930e-6
-1.427, 1.953e-6
-1.428, 1.935e-6
-1.429, 1.967e-6
-1.430, 1.970e-6
-1.431, 2.004e-6
-1.432, 1.968e-6
-1.433, 1.996e-6
-1.434, 1.992e-6
-1.435, 2.048e-6
-1.436, 2.016e-6
-1.437, 2.058e-6
-1.438, 2.017e-6
-1.439, 2.057e-6
-1.440, 2.047e-6
-1.441, 2.084e-6
-1.442, 2.067e-6
-1.443, 2.043e-6
-1.444, 2.072e-6
-1.445, 2.122e-6
-1.446, 2.084e-6
-1.447, 2.144e-6
-1.448, 2.112e-6
-1.449, 2.111e-6
-1.450, 2.145e-6
-1.451, 2.136e-6
-1.452, 2.142e-6
-1.453, 2.168e-6
-1.454, 2.159e-6
-1.455, 2.176e-6
-1.456, 2.193e-6
-1.457, 2.193e-6
-1.458, 2.181e-6
-1.459, 2.236e-6
-1.460, 2.218e-6
-1.461, 2.252e-6
-1.462, 2.244e-6
-1.463, 2.278e-6
-1.464, 2.266e-6
-1.465, 2.268e-6
-1.466, 2.299e-6
-1.467, 2.300e-6
-1.468, 2.345e-6
-1.469, 2.359e-6
-1.470, 2.322e-6
-1.471, 2.314e-6
-1.472, 2.378e-6
-1.473, 2.380e-6
-1.474, 2.389e-6
-1.475, 2.392e-6
-1.476, 2.407e-6
-1.477, 2.401e-6
-1.478, 2.443e-6
-1.479, 2.465e-6
-1.480, 2.452e-6
-1.481, 2.451e-6
-1.482, 2.471e-6
-1.483, 2.513e-6
-1.484, 2.502e-6
-1.485, 2.571e-6
-1.486, 2.535e-6
-1.487, 2.546e-6
-1.488, 2.613e-6
-1.489, 2.558e-6
-1.490, 2.565e-6
-1.491, 2.591e-6
-1.492, 2.630e-6
-1.493, 2.674e-6
-1.494, 2.710e-6
-1.495, 2.737e-6
-1.496, 2.668e-6
-1.497, 2.683e-6
-1.498, 2.681e-6
-1.499, 2.701e-6
-1.500, 2.743e-6
-1.501, 2.735e-6
-1.502, 2.747e-6
-1.503, 2.760e-6
-1.504, 2.768e-6
-1.505, 2.824e-6
-1.506, 2.809e-6
-1.507, 2.794e-6
-1.508, 2.862e-6
-1.509, 2.876e-6
-1.510, 2.855e-6
-1.511, 2.932e-6
-1.512, 2.916e-6
-1.513, 2.959e-6
-1.514, 2.957e-6
-1.515, 3.017e-6
-1.516, 3.008e-6
-1.517, 3.033e-6
-1.518, 3.009e-6
-1.519, 3.052e-6
-1.520, 3.066e-6
-1.521, 3.098e-6
-1.522, 3.097e-6
-1.523, 3.111e-6
-1.524, 3.113e-6
-1.525, 3.217e-6
-1.526, 3.193e-6
-1.527, 3.197e-6
-1.528, 3.236e-6
-1.529, 3.245e-6
-1.530, 3.273e-6
-1.531, 3.327e-6
-1.532, 3.305e-6
-1.533, 3.352e-6
-1.534, 3.410e-6
-1.535, 3.416e-6
-1.536, 3.439e-6
-1.537, 3.426e-6
-1.538, 3.479e-6
-1.539, 3.534e-6
-1.540, 3.555e-6
-1.541, 3.549e-6
-1.542, 3.578e-6
-1.543, 3.679e-6
-1.544, 3.659e-6
-1.545, 3.702e-6
-1.546, 3.685e-6
-1.547, 3.732e-6
-1.548, 3.793e-6
-1.549, 3.843e-6
-1.550, 3.843e-6
-1.551, 3.900e-6
-1.552, 3.908e-6
-1.553, 3.936e-6
-1.554, 3.996e-6
-1.555, 4.021e-6
-1.556, 4.044e-6
-1.557, 4.097e-6
-1.558, 4.169e-6
-1.559, 4.191e-6
-1.560, 4.198e-6
-1.561, 4.276e-6
-1.562, 4.324e-6
-1.563, 4.337e-6
-1.564, 4.399e-6
-1.565, 4.467e-6
-1.566, 4.519e-6
-1.567, 4.532e-6
-1.568, 4.597e-6
-1.569, 4.668e-6
-1.570, 4.671e-6
-1.571, 4.728e-6
-1.572, 4.785e-6
-1.573, 4.846e-6
-1.574, 4.906e-6
-1.575, 4.995e-6
-1.576, 5.076e-6
-1.577, 5.103e-6
-1.578, 5.181e-6
-1.579, 5.213e-6
-1.580, 5.298e-6
-1.581, 5.373e-6
-1.582, 5.483e-6
-1.583, 5.531e-6
-1.584, 5.576e-6
-1.585, 5.714e-6
-1.586, 5.771e-6
-1.587, 5.825e-6
-1.588, 5.954e-6
-1.589, 6.022e-6
-1.590, 6.130e-6
-1.591, 6.233e-6
-1.592, 6.281e-6
-1.593, 6.376e-6
-1.594, 6.500e-6
-1.595, 6.598e-6
-1.596, 6.695e-6
-1.597, 6.819e-6
-1.598, 6.906e-6
-1.599, 7.040e-6
-1.600, 7.140e-6
-1.601, 7.306e-6
-1.602, 7.411e-6
-1.603, 7.527e-6
-1.604, 7.708e-6
-1.605, 7.840e-6
-1.606, 7.957e-6
-1.607, 8.098e-6
-1.608, 8.255e-6
-1.609, 8.463e-6
-1.610, 8.552e-6
-1.611, 8.741e-6
-1.612, 8.908e-6
-1.613, 9.126e-6
-1.614, 9.271e-6
-1.615, 9.443e-6
-1.616, 9.677e-6
-1.617, 9.887e-6
-1.618, 1.007e-5
-1.619, 1.029e-5
-1.620, 1.046e-5
-1.621, 1.071e-5
-1.622, 1.097e-5
-1.623, 1.122e-5
-1.624, 1.147e-5
-1.625, 1.176e-5
-1.626, 1.203e-5
-1.627, 1.228e-5
-1.628, 1.254e-5
-1.629, 1.286e-5
-1.630, 1.318e-5
-1.631, 1.349e-5
-1.632, 1.380e-5
-1.633, 1.412e-5
-1.634, 1.445e-5
-1.635, 1.488e-5
-1.636, 1.521e-5
-1.637, 1.555e-5
-1.638, 1.599e-5
-1.639, 1.644e-5
-1.640, 1.687e-5
-1.641, 1.728e-5
-1.642, 1.774e-5
-1.643, 1.825e-5
-1.644, 1.878e-5
-1.645, 1.931e-5
-1.646, 1.983e-5
-1.647, 2.030e-5
-1.648, 2.085e-5
-1.649, 2.141e-5
-1.650, 2.206e-5
-1.651, 2.265e-5
-1.652, 2.332e-5
-1.653, 2.399e-5
-1.654, 2.468e-5
-1.655, 2.540e-5
-1.656, 2.615e-5
-1.657, 2.694e-5
-1.658, 2.776e-5
-1.659, 2.862e-5
-1.660, 2.945e-5
-1.661, 3.037e-5
-1.662, 3.134e-5
-1.663, 3.228e-5
-1.664, 3.331e-5
-1.665, 3.436e-5
-1.666, 3.544e-5
-1.667, 3.657e-5
-1.668, 3.778e-5
-1.669, 3.901e-5
-1.670, 4.031e-5
-1.671, 4.163e-5
-1.672, 4.305e-5
-1.673, 4.442e-5
-1.674, 4.597e-5
-1.675, 4.755e-5
-1.676, 4.917e-5
-1.677, 5.091e-5
-1.678, 5.263e-5
-1.679, 5.447e-5
-1.680, 5.636e-5
-1.681, 5.836e-5
-1.682, 6.049e-5
-1.683, 6.264e-5
-1.684, 6.493e-5
-1.685, 6.728e-5
-1.686, 6.985e-5
-1.687, 7.237e-5
-1.688, 7.497e-5
-1.689, 7.815e-5
-1.690, 8.070e-5
-1.691, 8.371e-5
-1.692, 8.696e-5
-1.693, 9.033e-5
-1.694, 9.370e-5
-1.695, 9.732e-5
-1.696, 1.011e-4
-1.697, 1.049e-4
-1.698, 1.090e-4
-1.699, 1.134e-4
-1.700, 1.178e-4
-1.701, 1.225e-4
-1.702, 1.273e-4
-1.703, 1.322e-4
-1.704, 1.373e-4
-1.705, 1.428e-4
-1.706, 1.483e-4
-1.707, 1.543e-4
-1.708, 1.603e-4
-1.709, 1.668e-4
-1.710, 1.734e-4
-1.711, 1.811e-4
-1.712, 1.883e-4
-1.713, 1.960e-4
-1.714, 2.040e-4
-1.715, 2.123e-4
-1.716, 2.209e-4
-1.717, 2.298e-4
-1.718, 2.394e-4
-1.719, 2.491e-4
-1.720, 2.591e-4
-1.721, 2.697e-4
-1.722, 2.808e-4
-1.723, 2.921e-4
-1.724, 3.039e-4
-1.725, 3.163e-4
-1.726, 3.290e-4
-1.727, 3.422e-4
-1.728, 3.560e-4
-1.729, 3.708e-4
-1.730, 3.853e-4
-1.731, 4.004e-4
-1.732, 4.161e-4
-1.733, 4.326e-4
-1.734, 4.497e-4
-1.735, 4.668e-4
-1.736, 4.846e-4
-1.737, 5.026e-4
-1.738, 5.205e-4
-1.739, 5.413e-4
-1.740, 5.628e-4
-1.741, 5.840e-4
-1.742, 6.050e-4
-1.743, 6.269e-4
-1.744, 6.519e-4
-1.745, 6.754e-4
-1.746, 7.004e-4
-1.747, 7.257e-4
-1.748, 7.518e-4
-1.749, 7.786e-4
-1.750, 8.058e-4
-1.751, 8.336e-4
-1.752, 8.613e-4
-1.753, 8.917e-4
-1.754, 9.219e-4
-1.755, 9.526e-4
-1.756, 9.838e-4
-1.757, 1.016e-3
-1.758, 1.050e-3
-1.759, 1.084e-3
-1.760, 1.119e-3
-1.761, 1.153e-3
-1.762, 1.189e-3
-1.763, 1.225e-3
-1.764, 1.263e-3
-1.765, 1.302e-3
-1.766, 1.341e-3
-1.767, 1.381e-3
-1.768, 1.422e-3
-1.769, 1.464e-3
-1.770, 1.507e-3
-1.771, 1.548e-3
-1.772, 1.590e-3
-1.773, 1.635e-3
-1.774, 1.681e-3
-1.775, 1.727e-3
-1.776, 1.775e-3
-1.777, 1.824e-3
-1.778, 1.872e-3
-1.779, 1.921e-3
-1.780, 1.971e-3
-1.781, 2.020e-3
-1.782, 2.061e-3
-1.783, 2.090e-3
-1.784, 2.125e-3
-1.785, 2.168e-3
-1.786, 2.211e-3
-1.787, 1.798e-3
-1.788, 9.014e-4
-1.789, 5.332e-4
-1.790, 4.038e-4
-1.791, 9.342e-4
-1.792, 2.030e-3
-1.793, 2.215e-3
-1.794, 2.343e-3
-1.795, 2.444e-3
-1.796, 2.541e-3
-1.797, 2.635e-3
-1.798, 2.720e-3
-1.799, 2.800e-3
-1.800, 2.859e-3
-1.799, 2.877e-3
-1.798, 2.857e-3
-1.797, 2.805e-3
-1.796, 2.776e-3
-1.795, 2.756e-3
-1.794, 2.450e-3
-1.793, 1.061e-3
-1.792, 4.241e-4
-1.791, 2.860e-4
-1.790, 7.642e-4
-1.789, 2.078e-3
-1.788, 2.199e-3
-1.787, 2.280e-3
-1.786, 2.331e-3
-1.785, 2.363e-3
-1.784, 2.373e-3
-1.783, 2.368e-3
-1.782, 2.364e-3
-1.781, 2.365e-3
-1.780, 2.357e-3
-1.779, 2.342e-3
-1.778, 2.322e-3
-1.777, 2.294e-3
-1.776, 2.284e-3
-1.775, 2.265e-3
-1.774, 2.242e-3
-1.773, 2.215e-3
-1.772, 2.194e-3
-1.771, 2.176e-3
-1.770, 2.156e-3
-1.769, 2.132e-3
-1.768, 2.109e-3
-1.767, 2.084e-3
-1.766, 2.055e-3
-1.765, 2.027e-3
-1.764, 2.000e-3
-1.763, 1.976e-3
-1.762, 1.951e-3
-1.761, 1.927e-3
-1.760, 1.901e-3
-1.759, 1.874e-3
-1.758, 1.846e-3
-1.757, 1.821e-3
-1.756, 1.796e-3
-1.755, 1.771e-3
-1.754, 1.743e-3
-1.753, 1.716e-3
-1.752, 1.691e-3
-1.751, 1.666e-3
-1.750, 1.641e-3
-1.749, 1.616e-3
-1.748, 1.590e-3
-1.747, 1.565e-3
-1.746, 1.542e-3
-1.745, 1.519e-3
-1.744, 1.494e-3
-1.743, 1.474e-3
-1.742, 1.446e-3
-1.741, 1.421e-3
-1.740, 1.401e-3
-1.739, 1.375e-3
-1.738, 1.352e-3
-1.737, 1.332e-3
-1.736, 1.307e-3
-1.735, 1.285e-3
-1.734, 1.266e-3
-1.733, 1.241e-3
-1.732, 1.218e-3
-1.731, 1.198e-3
-1.730, 1.175e-3
-1.729, 1.148e-3
-1.728, 1.121e-3
-1.727, 1.100e-3
-1.726, 1.073e-3
-1.725, 1.049e-3
-1.724, 1.029e-3
-1.723, 9.942e-4
-1.722, 8.063e-4
-1.721, 9.658e-4
-1.720, 9.499e-4
-1.719, 9.349e-4
-1.718, 9.144e-4
-1.717, 8.973e-4
-1.716, 8.802e-4
-1.715, 8.646e-4
-1.714, 8.489e-4
-1.713, 8.281e-4
-1.712, 8.120e-4
-1.711, 7.960e-4
-1.710, 7.785e-4
-1.709, 7.606e-4
-1.708, 7.447e-4
-1.707, 7.322e-4
-1.706, 7.140e-4
-1.705, 6.973e-4
-1.704, 6.820e-4
-1.703, 6.673e-4
-1.702, 6.528e-4
-1.701, 6.387e-4
-1.700, 6.248e-4
-1.699, 6.132e-4
-1.698, 5.983e-4
-1.697, 5.833e-4
-1.696, 5.703e-4
-1.695, 5.556e-4
-1.694, 5.398e-4
-1.693, 5.266e-4
-1.692, 5.135e-4
-1.691, 5.013e-4
-1.690, 4.883e-4
-1.689, 4.758e-4
-1.688, 4.684e-4
-1.687, 4.553e-4
-1.686, 4.467e-4
-1.685, 4.351e-4
-1.684, 4.236e-4
-1.683, 4.130e-4
-1.682, 4.031e-4
-1.681, 3.933e-4
-1.680, 3.837e-4
-1.679, 3.737e-4
-1.678, 3.667e-4
-1.677, 3.588e-4
-1.676, 3.463e-4
-1.675, 3.369e-4
-1.674, 3.289e-4
-1.673, 3.204e-4
-1.672, 3.115e-4
-1.671, 3.032e-4
-1.670, 2.954e-4
-1.669, 2.875e-4
-1.668, 2.799e-4
-1.667, 2.727e-4
-1.666, 2.652e-4
-1.665, 2.581e-4
-1.664, 2.544e-4
-1.663, 2.467e-4
-1.662, 2.387e-4
-1.661, 2.322e-4
-1.660, 2.258e-4
-1.659, 2.198e-4
-1.658, 2.135e-4
-1.657, 2.076e-4
-1.656, 2.018e-4
-1.655, 1.963e-4
-1.654, 1.910e-4
-1.653, 1.857e-4
-1.652, 1.805e-4
-1.651, 1.754e-4
-1.650, 1.706e-4
-1.649, 1.659e-4
-1.648, 1.613e-4
-1.647, 1.567e-4
-1.646, 1.523e-4
-1.645, 1.480e-4
-1.644, 1.438e-4
-1.643, 1.398e-4
-1.642, 1.355e-4
-1.641, 1.316e-4
-1.640, 1.279e-4
-1.639, 1.244e-4
-1.638, 1.207e-4
-1.637, 1.174e-4
-1.636, 1.141e-4
-1.635, 1.107e-4
-1.634, 1.074e-4
-1.633, 1.043e-4
-1.632, 1.012e-4
-1.631, 9.805e-5
-1.630, 9.529e-5
-1.629, 9.263e-5
-1.628, 8.995e-5
-1.627, 8.735e-5
-1.626, 8.483e-5
-1.625, 8.230e-5
-1.624, 7.974e-5
-1.623, 7.736e-5
-1.622, 7.666e-5
-1.621, 7.290e-5
-1.620, 7.075e-5
-1.619, 6.861e-5
-1.618, 6.651e-5
-1.617, 6.452e-5
-1.616, 6.257e-5
-1.615, 6.070e-5
-1.614, 5.883e-5
-1.613, 5.707e-5
-1.612, 5.536e-5
-1.611, 5.367e-5
-1.610, 5.205e-5
-1.609, 5.049e-5
-1.608, 4.896e-5
-1.607, 4.749e-5
-1.606, 4.605e-5
-1.605, 4.467e-5
-1.604, 4.330e-5
-1.603, 4.195e-5
-1.602, 4.073e-5
-1.601, 3.947e-5
-1.600, 3.835e-5
-1.599, 3.719e-5
-1.598, 3.605e-5
-1.597, 3.506e-5
-1.596, 3.409e-5
-1.595, 3.305e-5
-1.594, 3.195e-5
-1.593, 3.071e-5
-1.592, 2.972e-5
-1.591, 2.884e-5
-1.590, 2.793e-5
-1.589, 2.710e-5
-1.588, 2.624e-5
-1.587, 2.548e-5
-1.586, 2.481e-5
-1.585, 2.398e-5
-1.584, 2.324e-5
-1.583, 2.257e-5
-1.582, 2.191e-5
-1.581, 2.129e-5
-1.580, 2.060e-5
-1.579, 2.008e-5
-1.578, 1.946e-5
-1.577, 1.897e-5
-1.576, 1.841e-5
-1.575, 1.784e-5
-1.574, 1.733e-5
-1.573, 1.678e-5
-1.572, 1.632e-5
-1.571, 1.585e-5
-1.570, 1.535e-5
-1.569, 1.486e-5
-1.568, 1.445e-5
-1.567, 1.396e-5
-1.566, 1.359e-5
-1.565, 1.316e-5
-1.564, 1.277e-5
-1.563, 1.241e-5
-1.562, 1.207e-5
-1.561, 1.162e-5
-1.560, 1.128e-5
-1.559, 1.097e-5
-1.558, 1.068e-5
-1.557, 1.030e-5
-1.556, 9.968e-6
-1.555, 9.660e-6
-1.554, 9.389e-6
-1.553, 9.390e-6
-1.552, 8.999e-6
-1.551, 8.675e-6
-1.550, 8.361e-6
-1.549, 8.139e-6
-1.548, 7.890e-6
-1.547, 7.650e-6
-1.546, 7.413e-6
-1.545, 7.185e-6
-1.544, 7.034e-6
-1.543, 6.851e-6
-1.542, 6.684e-6
-1.541, 6.323e-6
-1.540, 6.196e-6
-1.539, 6.004e-6
-1.538, 5.788e-6
-1.537, 5.652e-6
-1.536, 5.512e-6
-1.535, 5.313e-6
-1.534, 5.142e-6
-1.533, 5.071e-6
-1.532, 4.900e-6
-1.531, 4.731e-6
-1.530, 4.570e-6
-1.529, 4.422e-6
-1.528, 4.305e-6
-1.527, 4.184e-6
-1.526, 4.075e-6
-1.525, 3.921e-6
-1.524, 3.891e-6
-1.523, 3.814e-6
-1.522, 3.590e-6
-1.521, 3.492e-6
-1.520, 3.390e-6
-1.519, 3.388e-6
-1.518, 3.331e-6
-1.517, 3.060e-6
-1.516, 3.052e-6
-1.515, 2.937e-6
-1.514, 2.882e-6
-1.513, 2.734e-6
-1.512, 2.618e-6
-1.511, 2.576e-6
-1.510, 2.572e-6
-1.509, 2.474e-6
-1.508, 2.334e-6
-1.507, 2.187e-6
-1.506, 2.272e-6
-1.505, 2.271e-6
-1.504, 2.095e-6
-1.503, 2.035e-6
-1.502, 1.951e-6
-1.501, 1.911e-6
-1.500, 1.842e-6
-1.499, 1.802e-6
-1.498, 1.721e-6
-1.497, 1.619e-6
-1.496, 1.618e-6
-1.495, 1.548e-6
-1.494, 1.458e-6
-1.493, 1.454e-6
-1.492, 1.477e-6
-1.491, 1.401e-6
-1.490, 1.334e-6
-1.489, 1.248e-6
-1.488, 1.194e-6
-1.487, 1.220e-6
-1.486, 1.149e-6
-1.485, 1.114e-6
-1.484, 1.015e-6
-1.483, 9.716e-7
-1.482, 9.755e-7
-1.481, 9.519e-7
-1.480, 9.825e-7
-1.479, 9.094e-7
-1.478, 8.631e-7
-1.477, 7.792e-7
-1.476, 7.565e-7
-1.475, 6.815e-7
-1.474, 7.092e-7
-1.473, 6.164e-7
-1.472, 5.572e-7
-1.471, 5.316e-7
-1.470, 4.803e-7
-1.469, 4.576e-7
-1.468, 4.990e-7
-1.467, 5.197e-7
-1.466, 4.803e-7
-1.465, 4.477e-7
-1.464, 4.349e-7
-1.463, 3.846e-7
-1.462, 3.915e-7
-1.461, 3.096e-7
-1.460, 2.948e-7
-1.459, 2.691e-7
-1.458, 3.293e-7
-1.457, 2.839e-7
-1.456, 2.632e-7
-1.455, 2.159e-7
-1.454, 2.119e-7
-1.453, 1.912e-7
-1.452, 1.803e-7
-1.451, 1.212e-7
-1.450, 1.369e-7
-1.449, 1.290e-7
-1.448, 1.468e-7
-1.447, 5.703e-8
-1.446, 5.505e-8
-1.445, 2.249e-8
-1.444, 2.151e-8
-1.443, 7.893e-10
-1.442, -3.374e-8
-1.441, -2.881e-8
-1.440, -6.137e-8
-1.439, -3.769e-8
-1.438, -6.433e-8
-1.437, -8.406e-8
-1.436, -9.195e-8
-1.435, -1.038e-7
-1.434, -1.107e-7
-1.433, -1.304e-7
-1.432, -1.659e-7
-1.431, -1.354e-7
-1.430, -1.482e-7
-1.429, -1.926e-7
-1.428, -1.640e-7
-1.427, -2.320e-7
-1.426, -2.034e-7
-1.425, -1.916e-7
-1.424, -2.271e-7
-1.423, -2.390e-7
-1.422, -2.459e-7
-1.421, -2.784e-7
-1.420, -2.695e-7
-1.419, -2.903e-7
-1.418, -2.912e-7
-1.417, -3.534e-7
-1.416, -3.455e-7
-1.415, -3.070e-7
-1.414, -3.692e-7
-1.413, -3.199e-7
-1.412, -3.652e-7
-1.411, -4.136e-7
-1.410, -3.968e-7
-1.409, -4.175e-7
-1.408, -4.363e-7
-1.407, -4.826e-7
-1.406, -4.965e-7
-1.405, -4.846e-7
-1.404, -4.244e-7
-1.403, -3.998e-7
-1.402, -4.412e-7
-1.401, -4.708e-7
-1.400, -4.738e-7
-1.399, -4.382e-7
-1.398, -4.580e-7
-1.397, -4.955e-7
-1.396, -4.965e-7
-1.395, -4.718e-7
-1.394, -4.955e-7
-1.393, -4.925e-7
-1.392, -5.251e-7
-1.391, -5.201e-7
-1.390, -5.409e-7
-1.389, -5.113e-7
-1.388, -5.290e-7
-1.387, -5.468e-7
-1.386, -5.478e-7
-1.385, -5.290e-7
-1.384, -5.596e-7
-1.383, -5.448e-7
-1.382, -5.557e-7
-1.381, -5.596e-7
-1.380, -5.941e-7
-1.379, -5.793e-7
-1.378, -5.961e-7
-1.377, -5.744e-7
-1.376, -5.862e-7
-1.375, -5.941e-7
-1.374, -5.931e-7
-1.373, -5.892e-7
-1.372, -6.079e-7
-1.371, -5.872e-7
-1.370, -6.326e-7
-1.369, -6.109e-7
-1.368, -6.366e-7
-1.367, -6.652e-7
-1.366, -7.105e-7
-1.365, -7.056e-7
-1.364, -6.938e-7
-1.363, -6.375e-7
-1.362, -6.375e-7
-1.361, -6.257e-7
-1.360, -6.602e-7
-1.359, -6.336e-7
-1.358, -6.227e-7
-1.357, -6.583e-7
-1.356, -6.780e-7
-1.355, -6.632e-7
-1.354, -6.395e-7
-1.353, -6.721e-7
-1.352, -6.652e-7
-1.351, -6.839e-7
-1.350, -6.800e-7
-1.349, -6.592e-7
-1.348, -6.691e-7
-1.347, -6.879e-7
-1.346, -6.888e-7
-1.345, -6.494e-7
-1.344, -7.007e-7
-1.343, -7.234e-7
-1.342, -6.731e-7
-1.341, -6.839e-7
-1.340, -7.086e-7
-1.339, -7.194e-7
-1.338, -7.125e-7
-1.337, -7.076e-7
-1.336, -7.263e-7
-1.335, -7.342e-7
-1.334, -7.115e-7
-1.333, -7.224e-7
-1.332, -7.500e-7
-1.331, -7.204e-7
-1.330, -7.559e-7
-1.329, -7.303e-7
-1.328, -7.451e-7
-1.327, -7.490e-7
-1.326, -7.382e-7
-1.325, -7.115e-7
-1.324, -7.747e-7
-1.323, -7.510e-7
-1.322, -7.086e-7
-1.321, -7.441e-7
-1.320, -7.688e-7
-1.319, -7.323e-7
-1.318, -7.510e-7
-1.317, -7.332e-7
-1.316, -7.875e-7
-1.315, -7.559e-7
-1.314, -7.323e-7
-1.313, -7.776e-7
-1.312, -7.776e-7
-1.311, -7.609e-7
-1.310, -7.697e-7
-1.309, -8.003e-7
-1.308, -7.589e-7
-1.307, -7.678e-7
-1.306, -7.628e-7
-1.305, -7.747e-7
-1.304, -7.786e-7
-1.303, -7.984e-7
-1.302, -7.757e-7
-1.301, -8.250e-7
-1.300, -7.954e-7
-1.299, -7.954e-7
-1.298, -7.648e-7
-1.297, -8.141e-7
-1.296, -8.112e-7
-1.295, -7.993e-7
-1.294, -7.747e-7
-1.293, -8.349e-7
-1.292, -8.181e-7
-1.291, -7.816e-7
-1.290, -8.053e-7
-1.289, -8.132e-7
-1.288, -7.954e-7
-1.287, -8.043e-7
-1.286, -8.339e-7
-1.285, -8.181e-7
-1.284, -7.914e-7
-1.283, -8.349e-7
-1.282, -8.210e-7
-1.281, -8.132e-7
-1.280, -8.378e-7
-1.279, -8.289e-7
-1.278, -8.270e-7
-1.277, -8.743e-7
-1.276, -8.398e-7
-1.275, -8.062e-7
-1.274, -8.793e-7
-1.273, -8.418e-7
-1.272, -8.023e-7
-1.271, -8.388e-7
-1.270, -8.437e-7
-1.269, -8.566e-7
-1.268, -8.694e-7
-1.267, -8.497e-7
-1.266, -8.694e-7
-1.265, -8.398e-7
-1.264, -8.546e-7
-1.263, -8.654e-7
-1.262, -8.447e-7
-1.261, -8.457e-7
-1.260, -8.487e-7
-1.259, -8.615e-7
-1.258, -8.427e-7
-1.257, -8.418e-7
-1.256, -8.635e-7
-1.255, -8.694e-7
-1.254, -8.714e-7
-1.253, -8.447e-7
-1.252, -8.605e-7
-1.251, -8.723e-7
-1.250, -8.516e-7
-1.249, -8.635e-7
-1.248, -8.635e-7
-1.247, -8.763e-7
-1.246, -8.714e-7
-1.245, -8.783e-7
-1.244, -8.773e-7
-1.243, -8.990e-7
-1.242, -8.763e-7
-1.241, -8.852e-7
-1.240, -8.694e-7
-1.239, -8.773e-7
-1.238, -8.743e-7
-1.237, -8.497e-7
-1.236, -8.753e-7
-1.235, -8.931e-7
-1.234, -8.911e-7
-1.233, -8.960e-7
-1.232, -9.148e-7
-1.231, -9.039e-7
-1.230, -8.822e-7
-1.229, -8.862e-7
-1.228, -8.980e-7
-1.227, -9.059e-7
-1.226, -9.019e-7
-1.225, -8.605e-7
-1.224, -8.941e-7
-1.223, -9.158e-7
-1.222, -8.931e-7
-1.221, -8.931e-7
-1.220, -9.286e-7
-1.219, -8.960e-7
-1.218, -9.049e-7
-1.217, -8.822e-7
-1.216, -9.345e-7
-1.215, -8.743e-7
-1.214, -9.187e-7
-1.213, -9.463e-7
-1.212, -9.384e-7
-1.211, -9.335e-7
-1.210, -9.463e-7
-1.209, -9.384e-7
-1.208, -9.000e-7
-1.207, -9.148e-7
-1.206, -9.049e-7
-1.205, -9.158e-7
-1.204, -9.207e-7
-1.203, -9.463e-7
-1.202, -9.227e-7
-1.201, -9.404e-7
-1.200, -9.276e-7
-1.199, -9.286e-7
-1.198, -9.335e-7
-1.197, -9.562e-7
-1.196, -9.355e-7
-1.195, -8.980e-7
-1.194, -9.355e-7
-1.193, -9.444e-7
-1.192, -9.138e-7
-1.191, -9.306e-7
-1.190, -9.532e-7
-1.189, -9.384e-7
-1.188, -9.177e-7
-1.187, -9.286e-7
-1.186, -9.513e-7
-1.185, -9.217e-7
-1.184, -9.661e-7
-1.183, -9.651e-7
-1.182, -9.750e-7
-1.181, -9.246e-7
-1.180, -9.828e-7
-1.179, -9.641e-7
-1.178, -9.759e-7
-1.177, -9.917e-7
-1.176, -1.002e-6
-1.175, -1.002e-6
-1.174, -9.740e-7
-1.173, -9.404e-7
-1.172, -9.740e-7
-1.171, -9.868e-7
-1.170, -9.483e-7
-1.169, -9.898e-7
-1.168, -9.680e-7
-1.167, -9.799e-7
-1.166, -9.562e-7
-1.165, -9.759e-7
-1.164, -9.503e-7
-1.163, -9.878e-7
-1.162, -9.750e-7
-1.161, -9.424e-7
-1.160, -9.641e-7
-1.159, -9.957e-7
-1.158, -9.621e-7
-1.157, -9.503e-7
-1.156, -9.976e-7
-1.155, -1.005e-6
-1.154, -9.641e-7
-1.153, -9.799e-7
-1.152, -9.769e-7
-1.151, -1.003e-6
-1.150, -1.003e-6
-1.149, -9.730e-7
-1.148, -9.976e-7
-1.147, -9.976e-7
-1.146, -9.888e-7
-1.145, -1.006e-6
-1.144, -1.003e-6
-1.143, -9.996e-7
-1.142, -9.828e-7
-1.141, -9.828e-7
-1.140, -1.015e-6
-1.139, -9.986e-7
-1.138, -1.003e-6
-1.137, -9.957e-7
-1.136, -1.016e-6
-1.135, -1.024e-6
-1.134, -9.937e-7
-1.133, -1.022e-6
-1.132, -1.033e-6
-1.131, -1.013e-6
-1.130, -1.009e-6
-1.129, -1.062e-6
-1.128, -9.957e-7
-1.127, -1.029e-6
-1.126, -1.024e-6
-1.125, -1.032e-6
-1.124, -1.030e-6
-1.123, -9.967e-7
-1.122, -1.032e-6
-1.121, -1.050e-6
-1.120, -1.021e-6
-1.119, -1.014e-6
-1.118, -1.043e-6
-1.117, -1.016e-6
-1.116, -1.065e-6
-1.115, -1.048e-6
-1.114, -1.047e-6
-1.113, -1.078e-6
-1.112, -1.104e-6
-1.111, -1.131e-6
-1.110, -1.138e-6
-1.109, -1.098e-6
-1.108, -1.059e-6
-1.107, -1.039e-6
-1.106, -1.084e-6
-1.105, -1.067e-6
-1.104, -1.065e-6
-1.103, -1.074e-6
-1.102, -1.097e-6
-1.101, -1.063e-6
-1.100, -1.074e-6
-1.099, -1.099e-6
-1.098, -1.064e-6
-1.097, -1.072e-6
-1.096, -1.119e-6
-1.095, -1.075e-6
-1.094, -1.088e-6
-1.093, -1.083e-6
-1.092, -1.092e-6
-1.091, -1.086e-6
-1.090, -1.105e-6
-1.089, -1.099e-6
-1.088, -1.097e-6
-1.087, -1.095e-6
-1.086, -1.121e-6
-1.085, -1.108e-6
-1.084, -1.104e-6
-1.083, -1.100e-6
-1.082, -1.116e-6
-1.081, -1.126e-6
-1.080, -1.128e-6
-1.079, -1.114e-6
-1.078, -1.131e-6
-1.077, -1.119e-6
-1.076, -1.116e-6
-1.075, -1.156e-6
-1.074, -1.143e-6
-1.073, -1.142e-6
-1.072, -1.123e-6
-1.071, -1.147e-6
-1.070, -1.146e-6
-1.069, -1.171e-6
-1.068, -1.156e-6
-1.067, -1.137e-6
-1.066, -1.169e-6
-1.065, -1.173e-6
-1.064, -1.162e-6
-1.063, -1.186e-6
-1.062, -1.153e-6
-1.061, -1.177e-6
-1.060, -1.164e-6
-1.059, -1.178e-6
-1.058, -1.195e-6
-1.057, -1.209e-6
-1.056, -1.202e-6
-1.055, -1.199e-6
-1.054, -1.229e-6
-1.053, -1.218e-6
-1.052, -1.215e-6
-1.051, -1.210e-6
-1.050, -1.199e-6
-1.049, -1.240e-6
-1.048, -1.209e-6
-1.047, -1.230e-6
-1.046, -1.268e-6
-1.045, -1.245e-6
-1.044, -1.224e-6
-1.043, -1.237e-6
-1.042, -1.257e-6
-1.041, -1.257e-6
-1.040, -1.263e-6
-1.039, -1.271e-6
-1.038, -1.257e-6
-1.037, -1.258e-6
-1.036, -1.272e-6
-1.035, -1.284e-6
-1.034, -1.268e-6
-1.033, -1.283e-6
-1.032, -1.287e-6
-1.031, -1.277e-6
-1.030, -1.266e-6
-1.029, -1.307e-6
-1.028, -1.291e-6
-1.027, -1.264e-6
-1.026, -1.323e-6
-1.025, -1.343e-6
-1.024, -1.297e-6
-1.023, -1.313e-6
-1.022, -1.367e-6
-1.021, -1.333e-6
-1.020, -1.345e-6
-1.019, -1.333e-6
-1.018, -1.386e-6
-1.017, -1.328e-6
-1.016, -1.376e-6
-1.015, -1.355e-6
-1.014, -1.379e-6
-1.013, -1.355e-6
-1.012, -1.379e-6
-1.011, -1.385e-6
-1.010, -1.411e-6
-1.009, -1.374e-6
-1.008, -1.400e-6
-1.007, -1.395e-6
-1.006, -1.427e-6
-1.005, -1.428e-6
-1.004, -1.410e-6
-1.003, -1.413e-6
-1.002, -1.449e-6
-1.001, -1.440e-6
-1.000, -1.229e-6
-1.001, -1.025e-6
-1.002, -9.325e-7
-1.003, -8.082e-7
-1.004, -7.323e-7
-1.005, -6.987e-7
-1.006, -6.474e-7
-1.007, -5.596e-7
-1.008, -5.043e-7
-1.009, -5.073e-7
-1.010, -4.323e-7
-1.011, -3.850e-7
-1.012, -3.771e-7
-1.013, -3.317e-7
-1.014, -3.100e-7
-1.015, -2.666e-7
-1.016, -2.528e-7
-1.017, -2.320e-7
-1.018, -1.906e-7
-1.019, -1.571e-7
-1.020, -1.127e-7
-1.021, -1.502e-7
-1.022, -1.097e-7
-1.023, -6.926e-8
-1.024, -7.715e-8
-1.025, -5.643e-8
-1.026, 3.749e-9
-1.027, 2.052e-8
-1.028, 2.940e-8
-1.029, 4.617e-8
-1.030, 9.353e-8
-1.031, 6.788e-8
-1.032, 8.465e-8
-1.033, 1.202e-7
-1.034, 1.281e-7
-1.035, 1.271e-7
-1.036, 1.596e-7
-1.037, 1.350e-7
-1.038, 1.961e-7
-1.039, 1.922e-7
-1.040, 1.942e-7
-1.041, 1.922e-7
-1.042, 2.159e-7
-1.043, 2.317e-7
-1.044, 2.583e-7
-1.045, 2.386e-7
-1.046, 2.672e-7
-1.047, 2.899e-7
-1.048, 2.908e-7
-1.049, 2.849e-7
-1.050, 3.589e-7
-1.051, 3.244e-7
-1.052, 3.491e-7
-1.053, 3.589e-7
-1.054, 3.520e-7
-1.055, 3.195e-7
-1.056, 3.106e-7
-1.057, 3.333e-7
-1.058, 3.708e-7
-1.059, 3.717e-7
-1.060, 3.599e-7
-1.061, 4.023e-7
-1.062, 4.379e-7
-1.063, 4.280e-7
-1.064, 4.280e-7
-1.065, 4.369e-7
-1.066, 4.240e-7
-1.067, 4.921e-7
-1.068, 4.674e-7
-1.069, 4.773e-7
-1.070, 4.921e-7
-1.071, 4.921e-7
-1.072, 4.832e-7
-1.073, 4.990e-7
-1.074, 5.128e-7
-1.075, 5.207e-7
-1.076, 5.128e-7
-1.077, 5.079e-7
-1.078, 5.257e-7
-1.079, 5.326e-7
-1.080, 5.750e-7
-1.081, 5.483e-7
-1.082, 5.750e-7
-1.083, 5.967e-7
-1.084, 5.641e-7
-1.085, 5.829e-7
-1.086, 6.016e-7
-1.087, 6.194e-7
-1.088, 6.194e-7
-1.089, 6.036e-7
-1.090, 6.145e-7
-1.091, 6.322e-7
-1.092, 5.868e-7
-1.093, 6.362e-7
-1.094, 6.667e-7
-1.095, 6.253e-7
-1.096, 6.460e-7
-1.097, 6.825e-7
-1.098, 6.579e-7
-1.099, 6.736e-7
-1.100, 6.727e-7
-1.101, 6.756e-7
-1.102, 7.023e-7
-1.103, 7.131e-7
-1.104, 6.845e-7
-1.105, 6.924e-7
-1.106, 7.269e-7
-1.107, 7.328e-7
-1.108, 7.368e-7
-1.109, 6.944e-7
-1.110, 7.319e-7
-1.111, 7.575e-7
-1.112, 7.032e-7
-1.113, 7.526e-7
-1.114, 7.753e-7
-1.115, 7.555e-7
-1.116, 7.486e-7
-1.117, 7.368e-7
-1.118, 7.575e-7
-1.119, 7.930e-7
-1.120, 7.703e-7
-1.121, 7.684e-7
-1.122, 7.802e-7
-1.123, 8.137e-7
-1.124, 8.059e-7
-1.125, 8.118e-7
-1.126, 7.782e-7
-1.127, 8.384e-7
-1.128, 8.433e-7
-1.129, 7.911e-7
-1.130, 7.999e-7
-1.131, 8.621e-7
-1.132, 8.276e-7
-1.133, 8.562e-7
-1.134, 8.581e-7
-1.135, 8.631e-7
-1.136, 8.354e-7
-1.137, 8.394e-7
-1.138, 8.739e-7
-1.139, 8.631e-7
-1.140, 8.729e-7
-1.141, 8.897e-7
-1.142, 8.562e-7
-1.143, 8.986e-7
-1.144, 8.877e-7
-1.145, 8.641e-7
-1.146, 8.798e-7
-1.147, 9.213e-7
-1.148, 9.025e-7
-1.149, 8.818e-7
-1.150, 9.124e-7
-1.151, 9.124e-7
-1.152, 9.223e-7
-1.153, 9.065e-7
-1.154, 9.085e-7
-1.155, 9.430e-7
-1.156, 9.459e-7
-1.157, 9.223e-7
-1.158, 9.538e-7
-1.159, 9.381e-7
-1.160, 9.381e-7
-1.161, 9.479e-7
-1.162, 9.657e-7
-1.163, 9.430e-7
-1.164, 9.637e-7
-1.165, 9.272e-7
-1.166, 9.548e-7
-1.167, 9.765e-7
-1.168, 9.568e-7
-1.169, 9.647e-7
-1.170, 9.795e-7
-1.171, 9.874e-7
-1.172, 1.000e-6
-1.173, 9.647e-7
-1.174, 9.815e-7
-1.175, 9.825e-7
-1.176, 9.933e-7
-1.177, 9.706e-7
-1.178, 1.016e-6
-1.179, 1.021e-6
-1.180, 1.002e-6
-1.181, 1.001e-6
-1.182, 9.953e-7
-1.183, 1.010e-6
-1.184, 1.025e-6
-1.185, 1.033e-6
-1.186, 1.041e-6
-1.187, 1.025e-6
-1.188, 1.035e-6
-1.189, 1.026e-6
-1.190, 1.039e-6
-1.191, 1.065e-6
-1.192, 1.025e-6
-1.193, 1.030e-6
-1.194, 1.058e-6
-1.195, 1.088e-6
-1.196, 1.034e-6
-1.197, 1.041e-6
-1.198, 1.081e-6
-1.199, 1.082e-6
-1.200, 1.055e-6
-1.201, 1.085e-6
-1.202, 1.075e-6
-1.203, 1.082e-6
-1.204, 1.099e-6
-1.205, 1.088e-6
-1.206, 1.080e-6
-1.207, 1.102e-6
-1.208, 1.110e-6
-1.209, 1.098e-6
-1.210, 1.114e-6
-1.211, 1.110e-6
-1.212, 1.086e-6
-1.213, 1.091e-6
-1.214, 1.140e-6
-1.215, 1.118e-6
-1.216, 1.109e-6
-1.217, 1.122e-6
-1.218, 1.137e-6
-1.219, 1.119e-6
-1.220, 1.096e-6
-1.221, 1.160e-6
-1.222, 1.124e-6
-1.223, 1.121e-6
-1.224, 1.124e-6
-1.225, 1.155e-6
-1.226, 1.138e-6
-1.227, 1.158e-6
-1.228, 1.148e-6
-1.229, 1.159e-6
-1.230, 1.182e-6
-1.231, 1.158e-6
-1.232, 1.164e-6
-1.233, 1.176e-6
-1.234, 1.177e-6
-1.235, 1.162e-6
-1.236, 1.173e-6
-1.237, 1.172e-6
-1.238, 1.207e-6
-1.239, 1.182e-6
-1.240, 1.195e-6
-1.241, 1.204e-6
-1.242, 1.213e-6
-1.243, 1.206e-6
-1.244, 1.235e-6
-1.245, 1.214e-6
-1.246, 1.227e-6
-1.247, 1.198e-6
-1.248, 1.206e-6
-1.249, 1.221e-6
-1.250, 1.215e-6
-1.251, 1.230e-6
-1.252, 1.269e-6
-1.253, 1.224e-6
-1.254, 1.216e-6
-1.255, 1.257e-6
-1.256, 1.248e-6
-1.257, 1.224e-6
-1.258, 1.262e-6
-1.259, 1.259e-6
-1.260, 1.247e-6
-1.261, 1.259e-6
-1.262, 1.256e-6
-1.263, 1.215e-6
-1.264, 1.283e-6
-1.265, 1.246e-6
-1.266, 1.243e-6
-1.267, 1.273e-6
-1.268, 1.279e-6
-1.269, 1.267e-6
-1.270, 1.294e-6
-1.271, 1.320e-6
-1.272, 1.272e-6
-1.273, 1.289e-6
-1.274, 1.320e-6
-1.275, 1.297e-6
-1.276, 1.292e-6
-1.277, 1.294e-6
-1.278, 1.307e-6
-1.279, 1.308e-6
-1.280, 1.297e-6
-1.281, 1.311e-6
-1.282, 1.324e-6
-1.283, 1.332e-6
-1.284, 1.324e-6
-1.285, 1.313e-6
-1.286, 1.346e-6
-1.287, 1.322e-6
-1.288, 1.350e-6
-1.289, 1.349e-6
-1.290, 1.328e-6
-1.291, 1.309e-6
-1.292, 1.304e-6
-1.293, 1.366e-6
-1.294, 1.369e-6
-1.295, 1.383e-6
-1.296, 1.401e-6
-1.297, 1.388e-6
-1.298, 1.368e-6
-1.299, 1.372e-6
-1.300, 1.377e-6
-1.301, 1.389e-6
-1.302, 1.363e-6
-1.303, 1.384e-6
-1.304, 1.373e-6
-1.305, 1.407e-6
-1.306, 1.416e-6
-1.307, 1.417e-6
-1.308, 1.406e-6
-1.309, 1.437e-6
-1.310, 1.401e-6
-1.311, 1.415e-6
-1.312, 1.446e-6
-1.313, 1.434e-6
-1.314, 1.431e-6
-1.315, 1.452e-6
-1.316, 1.458e-6
-1.317, 1.433e-6
-1.318, 1.451e-6
-1.319, 1.476e-6
-1.320, 1.469e-6
-1.321, 1.465e-6
-1.322, 1.494e-6
-1.323, 1.479e-6
-1.324, 1.436e-6
-1.325, 1.453e-6
-1.326, 1.473e-6
-1.327, 1.494e-6
-1.328, 1.509e-6
-1.329, 1.512e-6
-1.330, 1.487e-6
-1.331, 1.481e-6
-1.332, 1.529e-6
-1.333, 1.521e-6
-1.334, 1.482e-6
-1.335, 1.512e-6
-1.336, 1.522e-6
-1.337, 1.514e-6
-1.338, 1.526e-6
-1.339, 1.558e-6
-1.340, 1.544e-6
-1.341, 1.558e-6
-1.342, 1.557e-6
-1.343, 1.574e-6
-1.344, 1.575e-6
-1.345, 1.552e-6
-1.346, 1.586e-6
-1.347, 1.577e-6
-1.348, 1.547e-6
-1.349, 1.601e-6
-1.350, 1.578e-6
-1.351, 1.577e-6
-1.352, 1.610e-6
-1.353, 1.606e-6
-1.354, 1.585e-6
-1.355, 1.619e-6
-1.356, 1.658e-6
-1.357, 1.636e-6
-1.358, 1.661e-6
-1.359, 1.671e-6
-1.360, 1.662e-6
-1.361, 1.635e-6
-1.362, 1.643e-6
-1.363, 1.681e-6
-1.364, 1.674e-6
-1.365, 1.663e-6
-1.366, 1.708e-6
-1.367, 1.664e-6
-1.368, 1.682e-6
-1.369, 1.693e-6
-1.370, 1.710e-6
-1.371, 1.701e-6
-1.372, 1.744e-6
-1.373, 1.710e-6
-1.374, 1.714e-6
-1.375, 1.760e-6
-1.376, 1.732e-6
-1.377, 1.728e-6
-1.378, 1.731e-6
-1.379, 1.742e-6
-1.380, 1.770e-6
-1.381, 1.715e-6
-1.382, 1.783e-6
-1.383, 1.804e-6
-1.384, 1.755e-6
-1.385, 1.767e-6
-1.386, 1.804e-6
-1.387, 1.795e-6
-1.388, 1.812e-6
-1.389, 1.822e-6
-1.390, 1.814e-6
-1.391, 1.820e-6
-1.392, 1.836e-6
-1.393, 1.811e-6
-1.394, 1.824e-6
-1.395, 1.863e-6
-1.396, 1.875e-6
-1.397, 1.882e-6
-1.398, 1.876e-6
-1.399, 1.887e-6
-1.400, 1.887e-6
-1.401, 1.871e-6
-1.402, 1.903e-6
-1.403, 1.904e-6
-1.404, 1.922e-6
-1.405, 1.931e-6
-1.406, 1.917e-6
-1.407, 1.939e-6
-1.408, 1.946e-6
-1.409, 1.940e-6
-1.410, 1.943e-6
-1.411, 1.961e-6
-1.412, 1.951e-6
-1.413, 1.975e-6
-1.414, 1.967e-6
-1.415, 2.019e-6
-1.416, 2.024e-6
-1.417, 2.011e-6
-1.418, 1.995e-6
-1.419, 2.008e-6
-1.420, 2.025e-6
-1.421, 2.009e-6
-1.422, 2.051e-6
-1.423, 2.082e-6
-1.424, 2.042e-6
-1.425, 2.044e-6
-1.426, 2.091e-6
-1.427, 2.098e-6
-1.428, 2.071e-6
-1.429, 2.090e-6
-1.430, 2.125e-6
-1.431, 2.087e-6
-1.432, 2.139e-6
-1.433, 2.133e-6
-1.434, 2.163e-6
-1.435, 2.147e-6
-1.436, 2.141e-6
-1.437, 2.197e-6
-1.438, 2.166e-6
-1.439, 2.213e-6
-1.440, 2.194e-6
-1.441, 2.195e-6
-1.442, 2.306e-6
-1.443, 2.256e-6
-1.444, 2.241e-6
-1.445, 2.206e-6
-1.446, 2.251e-6
-1.447, 2.294e-6
-1.448, 2.358e-6
-1.449, 2.357e-6
-1.450, 2.364e-6
-1.451, 2.363e-6
-1.452, 2.365e-6
-1.453, 2.386e-6
-1.454, 2.378e-6
-1.455, 2.376e-6
-1.456, 2.352e-6
-1.457, 2.373e-6
-1.458, 2.461e-6
-1.459, 2.419e-6
-1.460, 2.395e-6
-1.461, 2.426e-6
-1.462, 2.467e-6
-1.463, 2.476e-6
-1.464, 2.470e-6
-1.465, 2.439e-6
-1.466, 2.516e-6
-1.467, 2.539e-6
-1.468, 2.525e-6
-1.469, 2.503e-6
-1.470, 2.532e-6
-1.471, 2.568e-6
-1.472, 2.570e-6
-1.473, 2.599e-6
-1.474, 2.600e-6
-1.475, 2.611e-6
-1.476, 2.631e-6
-1.477, 2.678e-6
-1.478, 2.642e-6
-1.479, 2.616e-6
-1.480, 2.703e-6
-1.481, 2.676e-6
-1.482, 2.726e-6
-1.483, 2.757e-6
-1.484, 2.785e-6
-1.485, 2.735e-6
-1.486, 2.763e-6
-1.487, 2.781e-6
-1.488, 2.808e-6
-1.489, 2.773e-6
-1.490, 2.810e-6
-1.491, 2.855e-6
-1.492, 2.871e-6
-1.493, 2.864e-6
-1.494, 2.949e-6
-1.495, 2.869e-6
-1.496, 2.914e-6
-1.497, 2.982e-6
-1.498, 2.988e-6
-1.499, 2.994e-6
-1.500, 3.069e-6
-1.501, 3.010e-6
-1.502, 3.054e-6
-1.503, 3.096e-6
-1.504, 3.117e-6
-1.505, 3.103e-6
-1.506, 3.139e-6
-1.507, 3.166e-6
-1.508, 3.182e-6
-1.509, 3.210e-6
-1.510, 3.272e-6
-1.511, 3.286e-6
-1.512, 3.306e-6
-1.513, 3.334e-6
-1.514, 3.352e-6
-1.515, 3.382e-6
-1.516, 3.417e-6
-1.517, 3.404e-6
-1.518, 3.439e-6
-1.519, 3.496e-6
-1.520, 3.535e-6
-1.521, 3.550e-6
-1.522, 3.569e-6
-1.523, 3.513e-6
-1.524, 3.546e-6
-1.525, 3.588e-6
-1.526, 3.598e-6
-1.527, 3.606e-6
-1.528, 3.675e-6
-1.529, 3.699e-6
-1.530, 3.738e-6
-1.531, 3.753e-6
-1.532, 3.745e-6
-1.533, 3.768e-6
-1.534, 3.864e-6
-1.535, 3.871e-6
-1.536, 3.904e-6
-1.537, 3.974e-6
-1.538, 4.041e-6
-1.539, 4.015e-6
-1.540, 4.118e-6
-1.541, 4.167e-6
-1.542, 4.197e-6
-1.543, 4.191e-6
-1.544, 4.214e-6
-1.545, 4.211e-6
-1.546, 4.267e-6
-1.547, 4.318e-6
-1.548, 4.365e-6
-1.549, 4.392e-6
-1.550, 4.516e-6
-1.551, 4.549e-6
-1.552, 4.538e-6
-1.553, 4.608e-6
-1.554, 4.720e-6
-1.555, 4.706e-6
-1.556, 4.733e-6
-1.557, 4.811e-6
-1.558, 4.919e-6
-1.559, 4.922e-6
-1.560, 4.977e-6
-1.561, 5.096e-6
-1.562, 5.125e-6
-1.563, 5.168e-6
-1.564, 5.223e-6
-1.565, 5.348e-6
-1.566, 5.543e-6
-1.567, 5.553e-6
-1.568, 5.522e-6
-1.569, 5.636e-6
-1.570, 5.714e-6
-1.571, 5.786e-6
-1.572, 5.843e-6
-1.573, 5.924e-6
-1.574, 5.972e-6
-1.575, 6.172e-6
-1.576, 6.242e-6
-1.577, 6.346e-6
-1.578, 6.335e-6
-1.579, 6.439e-6
-1.580, 6.534e-6
-1.581, 6.575e-6
-1.582, 6.661e-6
-1.583, 6.816e-6
-1.584, 6.869e-6
-1.585, 7.061e-6
-1.586, 7.102e-6
-1.587, 7.305e-6
-1.588, 7.427e-6
-1.589, 7.479e-6
-1.590, 7.587e-6
-1.591, 7.894e-6
-1.592, 8.076e-6
-1.593, 8.118e-6
-1.594, 8.187e-6
-1.595, 8.276e-6
-1.596, 8.461e-6
-1.597, 8.613e-6
-1.598, 8.809e-6
-1.599, 8.996e-6
-1.600, 9.156e-6
-1.601, 9.289e-6
-1.602, 9.523e-6
-1.603, 9.687e-6
-1.604, 9.894e-6
-1.605, 1.009e-5
-1.606, 1.031e-5
-1.607, 1.057e-5
-1.608, 1.073e-5
-1.609, 1.096e-5
-1.610, 1.124e-5
-1.611, 1.155e-5
-1.612, 1.166e-5
-1.613, 1.197e-5
-1.614, 1.246e-5
-1.615, 1.255e-5
-1.616, 1.288e-5
-1.617, 1.314e-5
-1.618, 1.356e-5
-1.619, 1.385e-5
-1.620, 1.412e-5
-1.621, 1.437e-5
-1.622, 1.469e-5
-1.623, 1.504e-5
-1.624, 1.546e-5
-1.625, 1.585e-5
-1.626, 1.624e-5
-1.627, 1.673e-5
-1.628, 1.699e-5
-1.629, 1.745e-5
-1.630, 1.792e-5
-1.631, 1.842e-5
-1.632, 1.885e-5
-1.633, 1.938e-5
-1.634, 1.996e-5
-1.635, 2.037e-5
-1.636, 2.096e-5
-1.637, 2.147e-5
-1.638, 2.212e-5
-1.639, 2.276e-5
-1.640, 2.333e-5
-1.641, 2.404e-5
-1.642, 2.473e-5
-1.643, 2.539e-5
-1.644, 2.608e-5
-1.645, 2.681e-5
-1.646, 2.758e-5
-1.647, 2.839e-5
-1.648, 2.925e-5
-1.649, 3.019e-5
-1.650, 3.095e-5
-1.651, 3.190e-5
-1.652, 3.287e-5
-1.653, 3.382e-5
-1.654, 3.478e-5
-1.655, 3.588e-5
-1.656, 3.694e-5
-1.657, 3.814e-5
-1.658, 3.938e-5
-1.659, 4.062e-5
-1.660, 4.183e-5
-1.661, 4.320e-5
-1.662, 4.467e-5
-1.663, 4.589e-5
-1.664, 4.755e-5
-1.665, 4.918e-5
-1.666, 5.047e-5
-1.667, 5.209e-5
-1.668, 5.376e-5
-1.669, 5.548e-5
-1.670, 5.729e-5
-1.671, 5.939e-5
-1.672, 6.127e-5
-1.673, 6.324e-5
-1.674, 6.535e-5
-1.675, 6.749e-5
-1.676, 6.976e-5
-1.677, 7.225e-5
-1.678, 7.485e-5
-1.679, 7.740e-5
-1.680, 8.010e-5
-1.681, 8.299e-5
-1.682, 8.608e-5
-1.683, 8.895e-5
-1.684, 9.202e-5
-1.685, 9.534e-5
-1.686, 9.860e-5
-1.687, 1.022e-4
-1.688, 1.059e-4
-1.689, 1.097e-4
-1.690, 1.139e-4
-1.691, 1.178e-4
-1.692, 1.221e-4
-1.693, 1.266e-4
-1.694, 1.313e-4
-1.695, 1.361e-4
-1.696, 1.409e-4
-1.697, 1.462e-4
-1.698, 1.517e-4
-1.699, 1.574e-4
-1.700, 1.635e-4
-1.701, 1.697e-4
-1.702, 1.762e-4
-1.703, 1.831e-4
-1.704, 1.901e-4
-1.705, 1.971e-4
-1.706, 2.046e-4
-1.707, 2.124e-4
-1.708, 2.205e-4
-1.709, 2.288e-4
-1.710, 2.377e-4
-1.711, 2.470e-4
-1.712, 2.563e-4
-1.713, 2.660e-4
-1.714, 2.762e-4
-1.715, 2.863e-4
-1.716, 2.972e-4
-1.717, 3.087e-4
-1.718, 3.206e-4
-1.719, 3.328e-4
-1.720, 3.452e-4
-1.721, 3.583e-4
-1.722, 3.716e-4
-1.723, 3.857e-4
-1.724, 4.002e-4
-1.725, 4.151e-4
-1.726, 4.304e-4
-1.727, 4.462e-4
-1.728, 4.627e-4
-1.729, 4.799e-4
-1.730, 4.978e-4
-1.731, 5.163e-4
-1.732, 5.347e-4
-1.733, 5.535e-4
-1.734, 5.735e-4
-1.735, 5.936e-4
-1.736, 6.157e-4
-1.737, 6.374e-4
-1.738, 6.600e-4
-1.739, 6.834e-4
-1.740, 7.067e-4
-1.741, 7.311e-4
-1.742, 7.570e-4
-1.743, 7.820e-4
-1.744, 8.090e-4
-1.745, 8.361e-4
-1.746, 8.644e-4
-1.747, 8.930e-4
-1.748, 9.225e-4
-1.749, 9.518e-4
-1.750, 9.780e-4
-1.751, 1.003e-3
-1.752, 1.029e-3
-1.753, 1.058e-3
-1.754, 1.087e-3
-1.755, 1.115e-3
-1.756, 1.111e-3
-1.757, 8.228e-4
-1.758, 6.558e-4
-1.759, 1.131e-3
-1.760, 1.221e-3
-1.761, 1.285e-3
-1.762, 1.340e-3
-1.763, 1.386e-3
-1.764, 1.428e-3
-1.765, 1.469e-3
-1.766, 1.514e-3
-1.767, 1.564e-3
-1.768, 1.607e-3
-1.769, 1.654e-3
-1.770, 1.696e-3
-1.771, 1.742e-3
-1.772, 1.793e-3
-1.773, 1.840e-3
-1.774, 1.887e-3
-1.775, 1.937e-3
-1.776, 1.990e-3
-1.777, 2.039e-3
-1.778, 2.083e-3
-1.779, 2.139e-3
-1.780, 2.191e-3
-1.781, 2.245e-3
-1.782, 2.301e-3
-1.783, 2.356e-3
-1.784, 2.409e-3
-1.785, 2.466e-3
-1.786, 2.528e-3
-1.787, 2.585e-3
-1.788, 2.640e-3
-1.789, 2.694e-3
-1.790, 2.752e-3
-1.791, 2.814e-3
-1.792, 2.879e-3
-1.793, 2.945e-3
-1.794, 3.009e-3
-1.795, 3.070e-3
-1.796, 3.131e-3
-1.797, 3.194e-3
-1.798, 3.261e-3
-1.799, 3.303e-3
-1.800, 3.249e-3
-1.799, 3.214e-3
-1.798, 2.827e-3
-1.797, 1.120e-3
-1.796, 3.670e-4
-1.795, 2.658e-4
-1.794, 2.458e-4
-1.793, 2.168e-3
-1.792, 2.521e-3
-1.791, 2.634e-3
-1.790, 2.711e-3
-1.789, 2.740e-3
-1.788, 2.742e-3
-1.787, 2.757e-3
-1.786, 2.767e-3
-1.785, 2.768e-3
-1.784, 2.758e-3
-1.783, 2.743e-3
-1.782, 2.727e-3
-1.781, 2.708e-3
-1.780, 2.693e-3
-1.779, 2.676e-3
-1.778, 2.657e-3
-1.777, 2.639e-3
-1.776, 2.622e-3
-1.775, 2.598e-3
-1.774, 2.574e-3
-1.773, 2.549e-3
-1.772, 2.522e-3
-1.771, 2.486e-3
-1.770, 2.432e-3
-1.769, 2.384e-3
-1.768, 2.345e-3
-1.767, 2.315e-3
-1.766, 1.638e-3
-1.765, 7.242e-4
-1.764, 4.351e-4
-1.763, 2.672e-4
-1.762, 1.751e-3
-1.761, 1.816e-3
-1.760, 1.854e-3
-1.759, 1.857e-3
-1.758, 1.855e-3
-1.757, 1.857e-3
-1.756, 1.849e-3
-1.755, 1.838e-3
-1.754, 1.825e-3
-1.753, 1.814e-3
-1.752, 1.802e-3
-1.751, 1.783e-3
-1.750, 1.764e-3
-1.749, 1.735e-3
-1.748, 1.712e-3
-1.747, 1.689e-3
-1.746, 1.667e-3
-1.745, 1.647e-3
-1.744, 1.626e-3
-1.743, 1.606e-3
-1.742, 1.581e-3
-1.741, 1.559e-3
-1.740, 1.535e-3
-1.739, 1.511e-3
-1.738, 1.491e-3
-1.737, 1.469e-3
-1.736, 1.446e-3
-1.735, 1.424e-3
-1.734, 1.402e-3
-1.733, 1.379e-3
-1.732, 1.358e-3
-1.731, 1.334e-3
-1.730, 1.310e-3
-1.729, 1.288e-3
-1.728, 1.266e-3
-1.727, 1.245e-3
-1.726, 1.224e-3
-1.725, 1.204e-3
-1.724, 1.182e-3
-1.723, 1.161e-3
-1.722, 1.140e-3
-1.721, 1.117e-3
-1.720, 1.095e-3
-1.719, 1.075e-3
-1.718, 1.056e-3
-1.717, 1.035e-3
-1.716, 1.015e-3
-1.715, 9.946e-4
-1.714, 9.757e-4
-1.713, 9.568e-4
-1.712, 9.387e-4
-1.711, 9.209e-4
-1.710, 9.030e-4
-1.709, 8.848e-4
-1.708, 8.669e-4
-1.707, 8.484e-4
-1.706, 8.297e-4
-1.705, 8.114e-4
-1.704, 7.943e-4
-1.703, 7.731e-4
-1.702, 7.554e-4
-1.701, 7.403e-4
-1.700, 7.268e-4
-1.699, 7.113e-4
-1.698, 6.942e-4
-1.697, 6.778e-4
-1.696, 6.635e-4
-1.695, 6.492e-4
-1.694, 6.356e-4
-1.693, 6.213e-4
-1.692, 6.044e-4
-1.691, 5.877e-4
-1.690, 5.738e-4
-1.689, 5.591e-4
-1.688, 5.457e-4
-1.687, 5.325e-4
-1.686, 5.192e-4
-1.685, 5.064e-4
-1.684, 4.945e-4
-1.683, 4.833e-4
-1.682, 4.726e-4
-1.681, 4.656e-4
-1.680, 4.548e-4
-1.679, 4.443e-4
-1.678, 4.336e-4
-1.677, 4.236e-4
-1.676, 4.131e-4
-1.675, 4.027e-4
-1.674, 3.929e-4
-1.673, 3.830e-4
-1.672, 3.736e-4
-1.671, 3.636e-4
-1.670, 3.542e-4
-1.669, 3.457e-4
-1.668, 3.370e-4
-1.667, 3.284e-4
-1.666, 3.202e-4
-1.665, 3.122e-4
-1.664, 3.039e-4
-1.663, 2.961e-4
-1.662, 2.885e-4
-1.661, 2.808e-4
-1.660, 2.733e-4
-1.659, 2.660e-4
-1.658, 2.591e-4
-1.657, 2.522e-4
-1.656, 2.456e-4
-1.655, 2.391e-4
-1.654, 2.327e-4
-1.653, 2.266e-4
-1.652, 2.202e-4
-1.651, 2.142e-4
-1.650, 2.085e-4
-1.649, 2.029e-4
-1.648, 1.976e-4
-1.647, 1.920e-4
-1.646, 1.874e-4
-1.645, 1.823e-4
-1.644, 1.774e-4
-1.643, 1.724e-4
-1.642, 1.675e-4
-1.641, 1.632e-4
-1.640, 1.583e-4
-1.639, 1.539e-4
-1.638, 1.498e-4
-1.637, 1.454e-4
-1.636, 1.415e-4
-1.635, 1.372e-4
-1.634, 1.334e-4
-1.633, 1.297e-4
-1.632, 1.261e-4
-1.631, 1.226e-4
-1.630, 1.190e-4
-1.629, 1.156e-4
-1.628, 1.124e-4
-1.627, 1.091e-4
-1.626, 1.058e-4
-1.625, 1.027e-4
-1.624, 1.000e-4
-1.623, 9.697e-5
-1.622, 9.444e-5
-1.621, 9.162e-5
-1.620, 8.877e-5
-1.619, 8.648e-5
-1.618, 8.369e-5
-1.617, 8.118e-5
-1.616, 7.881e-5
-1.615, 7.677e-5
-1.614, 7.419e-5
-1.613, 7.200e-5
-1.612, 6.992e-5
-1.611, 6.802e-5
-1.610, 6.593e-5
-1.609, 6.404e-5
-1.608, 6.211e-5
-1.607, 6.026e-5
-1.606, 5.851e-5
-1.605, 5.674e-5
-1.604, 5.507e-5
-1.603, 5.351e-5
-1.602, 5.197e-5
-1.601, 5.048e-5
-1.600, 4.901e-5
-1.599, 4.745e-5
-1.598, 4.611e-5
-1.597, 4.479e-5
-1.596, 4.353e-5
-1.595, 4.220e-5
-1.594, 4.095e-5
-1.593, 3.979e-5
-1.592, 3.856e-5
-1.591, 3.744e-5
-1.590, 3.629e-5
-1.589, 3.529e-5
-1.588, 3.421e-5
-1.587, 3.327e-5
-1.586, 3.225e-5
-1.585, 3.133e-5
-1.584, 3.036e-5
-1.583, 2.940e-5
-1.582, 2.848e-5
-1.581, 2.769e-5
-1.580, 2.690e-5
-1.579, 2.605e-5
-1.578, 2.528e-5
-1.577, 2.458e-5
-1.576, 2.383e-5
-1.575, 2.322e-5
-1.574, 2.248e-5
-1.573, 2.187e-5
-1.572, 2.120e-5
-1.571, 2.058e-5
-1.570, 1.991e-5
-1.569, 1.941e-5
-1.568, 1.881e-5
-1.567, 1.822e-5
-1.566, 1.773e-5
-1.565, 1.724e-5
-1.564, 1.679e-5
-1.563, 1.624e-5
-1.562, 1.583e-5
-1.561, 1.528e-5
-1.560, 1.483e-5
-1.559, 1.444e-5
-1.558, 1.402e-5
-1.557, 1.363e-5
-1.556, 1.329e-5
-1.555, 1.289e-5
-1.554, 1.238e-5
-1.553, 1.209e-5
-1.552, 1.171e-5
-1.551, 1.140e-5
-1.550, 1.111e-5
-1.549, 1.079e-5
-1.548, 1.047e-5
-1.547, 1.012e-5
-1.546, 9.873e-6
-1.545, 9.599e-6
-1.544, 9.302e-6
-1.543, 9.068e-6
-1.542, 8.748e-6
-1.541, 8.553e-6
-1.540, 8.287e-6
-1.539, 8.040e-6
-1.538, 7.851e-6
-1.537, 7.635e-6
-1.536, 7.412e-6
-1.535, 7.197e-6
-1.534, 7.010e-6
-1.533, 6.795e-6
-1.532, 6.564e-6
-1.531, 6.392e-6
-1.530, 6.247e-6
-1.529, 6.047e-6
-1.528, 5.869e-6
-1.527, 5.713e-6
-1.526, 5.547e-6
-1.525, 5.345e-6
-1.524, 5.207e-6
-1.523, 5.062e-6
-1.522, 4.944e-6
-1.521, 4.755e-6
-1.520, 4.676e-6
-1.519, 4.555e-6
-1.518, 4.421e-6
-1.517, 4.279e-6
-1.516, 4.127e-6
-1.515, 3.986e-6
-1.514, 3.851e-6
-1.513, 3.755e-6
-1.512, 3.729e-6
-1.511, 3.607e-6
-1.510, 3.434e-6
-1.509, 3.338e-6
-1.508, 3.239e-6
-1.507, 3.162e-6
-1.506, 3.084e-6
-1.505, 3.046e-6
-1.504, 2.888e-6
-1.503, 2.817e-6
-1.502, 2.727e-6
-1.501, 2.627e-6
-1.500, 2.597e-6
-1.499, 2.598e-6
-1.498, 2.460e-6
-1.497, 2.329e-6
-1.496, 2.228e-6
-1.495, 2.145e-6
-1.494, 2.067e-6
-1.493, 2.057e-6
-1.492, 1.998e-6
-1.491, 1.945e-6
-1.490, 1.888e-6
-1.489, 1.829e-6
-1.488, 1.767e-6
-1.487, 1.731e-6
-1.486, 1.660e-6
-1.485, 1.605e-6
-1.484, 1.538e-6
-1.483, 1.477e-6
-1.482, 1.474e-6
-1.481, 1.399e-6
-1.480, 1.371e-6
-1.479, 1.321e-6
-1.478, 1.253e-6
-1.477, 1.226e-6
-1.476, 1.205e-6
-1.475, 1.182e-6
-1.474, 1.094e-6
-1.473, 1.097e-6
-1.472, 1.044e-6
-1.471, 1.033e-6
-1.470, 9.558e-7
-1.469, 9.173e-7
-1.468, 9.154e-7
-1.467, 8.572e-7
-1.466, 8.394e-7
-1.465, 8.285e-7
-1.464, 7.605e-7
-1.463, 7.190e-7
-1.462, 7.013e-7
-1.461, 7.171e-7
-1.460, 6.263e-7
-1.459, 5.947e-7
-1.458, 6.204e-7
-1.457, 5.750e-7
-1.456, 5.178e-7
-1.455, 4.921e-7
-1.454, 5.197e-7
-1.453, 4.556e-7
-1.452, 4.290e-7
-1.451, 4.053e-7
-1.450, 3.984e-7
-1.449, 3.570e-7
-1.448, 3.451e-7
-1.447, 3.343e-7
-1.446, 3.352e-7
-1.445, 2.711e-7
-1.444, 2.563e-7
-1.443, 2.524e-7
-1.442, 2.425e-7
-1.441, 1.971e-7
-1.440, 1.833e-7
-1.439, 1.744e-7
-1.438, 1.596e-7
-1.437, 1.221e-7
-1.436, 1.162e-7
-1.435, 1.083e-7
-1.434, 1.024e-7
-1.433, 3.729e-8
-1.432, 5.012e-8
-1.431, 3.039e-8
-1.430, 1.657e-8
-1.429, -1.697e-8
-1.428, -2.486e-8
-1.427, 1.066e-8
-1.426, -4.361e-8
-1.425, -6.433e-8
-1.424, -5.347e-8
-1.423, -7.814e-8
-1.422, -8.998e-8
-1.421, -9.984e-8
-1.420, -1.245e-7
-1.419, -1.344e-7
-1.418, -1.156e-7
-1.417, -1.640e-7
-1.416, -1.689e-7
-1.415, -1.975e-7
-1.414, -1.985e-7
-1.413, -2.044e-7
-1.412, -2.005e-7
-1.411, -2.311e-7
-1.410, -2.172e-7
-1.409, -2.390e-7
-1.408, -2.735e-7
-1.407, -2.616e-7
-1.406, -2.725e-7
-1.405, -2.636e-7
-1.404, -3.159e-7
-1.403, -2.922e-7
-1.402, -2.962e-7
-1.401, -3.386e-7
-1.400, -3.544e-7
-1.399, -3.120e-7
-1.398, -3.386e-7
-1.397, -3.435e-7
-1.396, -3.830e-7
-1.395, -3.781e-7
-1.394, -3.583e-7
-1.393, -3.800e-7
-1.392, -3.850e-7
-1.391, -3.682e-7
-1.390, -3.603e-7
-1.389, -4.205e-7
-1.388, -4.096e-7
-1.387, -4.146e-7
-1.386, -4.254e-7
-1.385, -4.619e-7
-1.384, -4.304e-7
-1.383, -4.501e-7
-1.382, -4.708e-7
-1.381, -4.590e-7
-1.380, -4.777e-7
-1.379, -4.777e-7
-1.378, -4.659e-7
-1.377, -4.925e-7
-1.376, -4.905e-7
-1.375, -4.984e-7
-1.374, -5.083e-7
-1.373, -5.310e-7
-1.372, -5.113e-7
-1.371, -5.172e-7
-1.370, -5.448e-7
-1.369, -5.418e-7
-1.368, -5.191e-7
-1.367, -5.754e-7
-1.366, -5.261e-7
-1.365, -5.576e-7
-1.364, -5.724e-7
-1.363, -5.714e-7
-1.362, -5.685e-7
-1.361, -5.783e-7
-1.360, -5.645e-7
-1.359, -5.892e-7
-1.358, -5.764e-7
-1.357, -5.971e-7
-1.356, -5.892e-7
-1.355, -6.148e-7
-1.354, -5.892e-7
-1.353, -6.257e-7
-1.352, -6.385e-7
-1.351, -6.336e-7
-1.350, -6.148e-7
-1.349, -6.484e-7
-1.348, -6.030e-7
-1.347, -6.079e-7
-1.346, -6.060e-7
-1.345, -6.583e-7
-1.344, -6.474e-7
-1.343, -6.267e-7
-1.342, -6.504e-7
-1.341, -6.375e-7
-1.340, -6.523e-7
-1.339, -6.701e-7
-1.338, -6.543e-7
-1.337, -6.869e-7
-1.336, -6.938e-7
-1.335, -6.405e-7
-1.334, -6.829e-7
-1.333, -6.780e-7
-1.332, -6.898e-7
-1.331, -6.691e-7
-1.330, -6.800e-7
-1.329, -7.017e-7
-1.328, -6.770e-7
-1.327, -6.908e-7
-1.326, -7.036e-7
-1.325, -6.977e-7
-1.324, -7.234e-7
-1.323, -6.928e-7
-1.322, -7.303e-7
-1.321, -7.056e-7
-1.320, -6.869e-7
-1.319, -7.135e-7
-1.318, -7.036e-7
-1.317, -6.918e-7
-1.316, -6.987e-7
-1.315, -7.303e-7
-1.314, -7.303e-7
-1.313, -7.135e-7
-1.312, -7.332e-7
-1.311, -7.540e-7
-1.310, -7.441e-7
-1.309, -7.392e-7
-1.308, -7.757e-7
-1.307, -7.490e-7
-1.306, -7.303e-7
-1.305, -7.372e-7
-1.304, -7.579e-7
-1.303, -7.441e-7
-1.302, -7.303e-7
-1.301, -7.461e-7
-1.300, -7.697e-7
-1.299, -7.717e-7
-1.298, -7.757e-7
-1.297, -7.480e-7
-1.296, -7.796e-7
-1.295, -7.895e-7
-1.294, -7.638e-7
-1.293, -7.559e-7
-1.292, -7.786e-7
-1.291, -7.855e-7
-1.290, -7.530e-7
-1.289, -7.944e-7
-1.288, -8.062e-7
-1.287, -7.678e-7
-1.286, -7.747e-7
-1.285, -8.122e-7
-1.284, -7.678e-7
-1.283, -7.855e-7
-1.282, -7.836e-7
-1.281, -7.895e-7
-1.280, -7.845e-7
-1.279, -7.914e-7
-1.278, -7.895e-7
-1.277, -8.230e-7
-1.276, -7.865e-7
-1.275, -8.053e-7
-1.274, -7.836e-7
-1.273, -8.062e-7
-1.272, -8.516e-7
-1.271, -7.855e-7
-1.270, -7.717e-7
-1.269, -8.339e-7
-1.268, -7.865e-7
-1.267, -8.112e-7
-1.266, -7.875e-7
-1.265, -8.319e-7
-1.264, -8.250e-7
-1.263, -8.043e-7
-1.262, -8.349e-7
-1.261, -8.378e-7
-1.260, -8.033e-7
-1.259, -8.072e-7
-1.258, -8.299e-7
-1.257, -8.358e-7
-1.256, -8.240e-7
-1.255, -8.339e-7
-1.254, -8.418e-7
-1.253, -8.250e-7
-1.252, -8.388e-7
-1.251, -8.191e-7
-1.250, -8.585e-7
-1.249, -8.280e-7
-1.248, -8.388e-7
-1.247, -8.664e-7
-1.246, -8.437e-7
-1.245, -8.043e-7
-1.244, -8.654e-7
-1.243, -8.368e-7
-1.242, -8.536e-7
-1.241, -8.753e-7
-1.240, -8.191e-7
-1.239, -8.763e-7
-1.238, -8.595e-7
-1.237, -8.358e-7
-1.236, -8.487e-7
-1.235, -8.852e-7
-1.234, -8.852e-7
-1.233, -8.832e-7
-1.232, -8.674e-7
-1.231, -9.049e-7
-1.230, -8.635e-7
-1.229, -8.714e-7
-1.228, -8.950e-7
-1.227, -8.704e-7
-1.226, -8.832e-7
-1.225, -8.743e-7
-1.224, -9.148e-7
-1.223, -8.526e-7
-1.222, -8.743e-7
-1.221, -8.674e-7
-1.220, -8.931e-7
-1.219, -8.970e-7
-1.218, -8.871e-7
-1.217, -9.029e-7
-1.216, -8.743e-7
-1.215, -8.793e-7
-1.214, -8.832e-7
-1.213, -9.197e-7
-1.212, -9.089e-7
-1.211, -8.793e-7
-1.210, -8.901e-7
-1.209, -8.931e-7
-1.208, -8.931e-7
-1.207, -8.546e-7
-1.206, -8.733e-7
-1.205, -9.177e-7
-1.204, -8.802e-7
-1.203, -9.167e-7
-1.202, -8.960e-7
-1.201, -9.237e-7
-1.200, -8.990e-7
-1.199, -8.960e-7
-1.198, -9.069e-7
-1.197, -9.306e-7
-1.196, -9.246e-7
-1.195, -9.138e-7
-1.194, -9.582e-7
-1.193, -9.069e-7
-1.192, -9.138e-7
-1.191, -9.414e-7
-1.190, -9.444e-7
-1.189, -9.010e-7
-1.188, -9.286e-7
-1.187, -9.187e-7
-1.186, -9.404e-7
-1.185, -9.098e-7
-1.184, -9.237e-7
-1.183, -9.108e-7
-1.182, -9.207e-7
-1.181, -9.355e-7
-1.180, -9.049e-7
-1.179, -9.384e-7
-1.178, -9.424e-7
-1.177, -9.394e-7
-1.176, -9.227e-7
-1.175, -9.483e-7
-1.174, -9.552e-7
-1.173, -9.325e-7
-1.172, -9.237e-7
-1.171, -9.552e-7
-1.170, -9.217e-7
-1.169, -9.375e-7
-1.168, -9.365e-7
-1.167, -9.424e-7
-1.166, -9.355e-7
-1.165, -9.237e-7
-1.164, -9.621e-7
-1.163, -9.631e-7
-1.162, -9.463e-7
-1.161, -9.414e-7
-1.160, -9.315e-7
-1.159, -9.690e-7
-1.158, -9.306e-7
-1.157, -9.237e-7
-1.156, -9.493e-7
-1.155, -9.621e-7
-1.154, -9.631e-7
-1.153, -9.690e-7
-1.152, -9.631e-7
-1.151, -9.848e-7
-1.150, -9.878e-7
-1.149, -1.008e-6
-1.148, -9.917e-7
-1.147, -9.671e-7
-1.146, -9.819e-7
-1.145, -9.434e-7
-1.144, -9.898e-7
-1.143, -1.003e-6
-1.142, -9.532e-7
-1.141, -9.700e-7
-1.140, -9.680e-7
-1.139, -9.996e-7
-1.138, -9.661e-7
-1.137, -9.779e-7
-1.136, -9.986e-7
-1.135, -9.690e-7
-1.134, -9.769e-7
-1.133, -9.927e-7
-1.132, -9.325e-7
-1.131, -9.947e-7
-1.130, -9.878e-7
-1.129, -9.671e-7
-1.128, -1.003e-6
-1.127, -9.937e-7
-1.126, -9.967e-7
-1.125, -9.799e-7
-1.124, -1.015e-6
-1.123, -1.009e-6
-1.122, -9.858e-7
-1.121, -9.947e-7
-1.120, -1.031e-6
-1.119, -1.028e-6
-1.118, -9.799e-7
-1.117, -9.680e-7
-1.116, -1.014e-6
-1.115, -9.957e-7
-1.114, -1.008e-6
-1.113, -1.022e-6
-1.112, -1.018e-6
-1.111, -1.009e-6
-1.110, -1.018e-6
-1.109, -1.020e-6
-1.108, -1.035e-6
-1.107, -1.034e-6
-1.106, -1.034e-6
-1.105, -1.038e-6
-1.104, -1.046e-6
-1.103, -1.059e-6
-1.102, -1.031e-6
-1.101, -1.067e-6
-1.100, -1.066e-6
-1.099, -1.035e-6
-1.098, -1.051e-6
-1.097, -1.084e-6
-1.096, -1.065e-6
-1.095, -1.042e-6
-1.094, -1.051e-6
-1.093, -1.086e-6
-1.092, -1.062e-6
-1.091, -1.070e-6
-1.090, -1.077e-6
-1.089, -1.107e-6
-1.088, -1.098e-6
-1.087, -1.076e-6
-1.086, -1.104e-6
-1.085, -1.090e-6
-1.084, -1.092e-6
-1.083, -1.095e-6
-1.082, -1.098e-6
-1.081, -1.096e-6
-1.080, -1.124e-6
-1.079, -1.109e-6
-1.078, -1.101e-6
-1.077, -1.129e-6
-1.076, -1.135e-6
-1.075, -1.124e-6
-1.074, -1.115e-6
-1.073, -1.156e-6
-1.072, -1.152e-6
-1.071, -1.129e-6
-1.070, -1.135e-6
-1.069, -1.156e-6
-1.068, -1.156e-6
-1.067, -1.171e-6
-1.066, -1.161e-6
-1.065, -1.154e-6
-1.064, -1.187e-6
-1.063, -1.158e-6
-1.062, -1.158e-6
-1.061, -1.189e-6
-1.060, -1.181e-6
-1.059, -1.196e-6
-1.058, -1.164e-6
-1.057, -1.203e-6
-1.056, -1.192e-6
-1.055, -1.187e-6
-1.054, -1.192e-6
-1.053, -1.214e-6
-1.052, -1.205e-6
-1.051, -1.200e-6
-1.050, -1.229e-6
-1.049, -1.235e-6
-1.048, -1.238e-6
-1.047, -1.215e-6
-1.046, -1.229e-6
-1.045, -1.231e-6
-1.044, -1.265e-6
-1.043, -1.253e-6
-1.042, -1.248e-6
-1.041, -1.266e-6
-1.040, -1.267e-6
-1.039, -1.275e-6
-1.038, -1.278e-6
-1.037, -1.303e-6
-1.036, -1.301e-6
-1.035, -1.290e-6
-1.034, -1.276e-6
-1.033, -1.321e-6
-1.032, -1.297e-6
-1.031, -1.307e-6
-1.030, -1.344e-6
-1.029, -1.341e-6
-1.028, -1.331e-6
-1.027, -1.320e-6
-1.026, -1.354e-6
-1.025, -1.357e-6
-1.024, -1.351e-6
-1.023, -1.378e-6
-1.022, -1.372e-6
-1.021, -1.371e-6
-1.020, -1.387e-6
-1.019, -1.395e-6
-1.018, -1.411e-6
-1.017, -1.386e-6
-1.016, -1.425e-6
-1.015, -1.405e-6
-1.014, -1.445e-6
-1.013, -1.457e-6
-1.012, -1.433e-6
-1.011, -1.475e-6
-1.010, -1.452e-6
-1.009, -1.470e-6
-1.008, -1.499e-6
-1.007, -1.524e-6
-1.006, -1.549e-6
-1.005, -1.537e-6
-1.004, -1.504e-6
-1.003, -1.477e-6
-1.002, -1.509e-6
-1.001, -1.491e-6
