Apr. 9, 2025   09:32:43
Cyclic Voltammetry
File: c:/users/guazh/data/banditlqround7_x0exp994_r5/2025-03-28-exp1027\exp1027-2025-04-09t09_11_43-h2koh\exp1027_cv_sr_600mvs_efin_-1900mv.bin
Data Source:  Experiment
Instrument Model:  CHI760E
Header: CV ran at 600 mVs
Note: 

Init E (V) = -1
High E (V) = -1
Low E (V) = -1.9
Final E (V) = -1
Init P/N = N
Scan Rate (V/s) = 0.6
Segment = 3
Sample Interval (V) = 0.001
Quiet Time (sec) = 2
Sensitivity (A/V) = 0.01
Comp R (ohm) = 1.8

Results:

Channel 1:
Segment 1:
Ep = -1.374V
ip = 5.077e-6A
Ah = 2.730e-7C

Segment 2:

Segment 3:

Potential/V, Current/A

-1.000, 3.239e-6
-1.001, 1.559e-7
-1.002, 3.239e-6
-1.003, 3.239e-6
-1.004, 3.239e-6
-1.005, 3.239e-6
-1.006, 3.239e-6
-1.007, 3.239e-6
-1.008, 3.239e-6
-1.009, 3.239e-6
-1.010, 3.239e-6
-1.011, 3.239e-6
-1.012, 3.239e-6
-1.013, 3.239e-6
-1.014, 3.239e-6
-1.015, 3.239e-6
-1.016, 3.239e-6
-1.017, 3.239e-6
-1.018, 3.239e-6
-1.019, 3.239e-6
-1.020, 3.239e-6
-1.021, 3.239e-6
-1.022, 3.239e-6
-1.023, 3.239e-6
-1.024, 3.239e-6
-1.025, 6.322e-6
-1.026, 3.239e-6
-1.027, 3.239e-6
-1.028, 3.239e-6
-1.029, 3.239e-6
-1.030, 3.239e-6
-1.031, 3.239e-6
-1.032, 6.322e-6
-1.033, 3.239e-6
-1.034, 6.322e-6
-1.035, 3.239e-6
-1.036, 3.239e-6
-1.037, 3.239e-6
-1.038, 3.239e-6
-1.039, 3.239e-6
-1.040, 3.239e-6
-1.041, 3.239e-6
-1.042, 3.239e-6
-1.043, 3.239e-6
-1.044, 3.239e-6
-1.045, 3.239e-6
-1.046, 3.239e-6
-1.047, 3.239e-6
-1.048, 3.239e-6
-1.049, 3.239e-6
-1.050, 3.239e-6
-1.051, 6.322e-6
-1.052, 6.322e-6
-1.053, 3.239e-6
-1.054, 6.322e-6
-1.055, 3.239e-6
-1.056, 3.239e-6
-1.057, 6.322e-6
-1.058, 3.239e-6
-1.059, 3.239e-6
-1.060, 6.322e-6
-1.061, 3.239e-6
-1.062, 6.322e-6
-1.063, 6.322e-6
-1.064, 6.322e-6
-1.065, 6.322e-6
-1.066, 6.322e-6
-1.067, 3.239e-6
-1.068, 6.322e-6
-1.069, 6.322e-6
-1.070, 3.239e-6
-1.071, 6.322e-6
-1.072, 3.239e-6
-1.073, 3.239e-6
-1.074, 6.322e-6
-1.075, 3.239e-6
-1.076, 6.322e-6
-1.077, 6.322e-6
-1.078, 6.322e-6
-1.079, 6.322e-6
-1.080, 6.322e-6
-1.081, 6.322e-6
-1.082, 6.322e-6
-1.083, 6.322e-6
-1.084, 6.322e-6
-1.085, 6.322e-6
-1.086, 6.322e-6
-1.087, 6.322e-6
-1.088, 6.322e-6
-1.089, 6.322e-6
-1.090, 6.322e-6
-1.091, 6.322e-6
-1.092, 6.322e-6
-1.093, 3.239e-6
-1.094, 6.322e-6
-1.095, 6.322e-6
-1.096, 6.322e-6
-1.097, 6.322e-6
-1.098, 6.322e-6
-1.099, 6.322e-6
-1.100, 6.322e-6
-1.101, 6.322e-6
-1.102, 6.322e-6
-1.103, 6.322e-6
-1.104, 6.322e-6
-1.105, 6.322e-6
-1.106, 6.322e-6
-1.107, 6.322e-6
-1.108, 6.322e-6
-1.109, 6.322e-6
-1.110, 6.322e-6
-1.111, 6.322e-6
-1.112, 6.322e-6
-1.113, 6.322e-6
-1.114, 6.322e-6
-1.115, 6.322e-6
-1.116, 6.322e-6
-1.117, 6.322e-6
-1.118, 6.322e-6
-1.119, 6.322e-6
-1.120, 6.322e-6
-1.121, 6.322e-6
-1.122, 6.322e-6
-1.123, 6.322e-6
-1.124, 6.322e-6
-1.125, 6.322e-6
-1.126, 6.322e-6
-1.127, 6.322e-6
-1.128, 6.322e-6
-1.129, 6.322e-6
-1.130, 6.322e-6
-1.131, 6.322e-6
-1.132, 6.322e-6
-1.133, 6.322e-6
-1.134, 6.322e-6
-1.135, 6.322e-6
-1.136, 6.322e-6
-1.137, 6.322e-6
-1.138, 6.322e-6
-1.139, 6.322e-6
-1.140, 6.322e-6
-1.141, 6.322e-6
-1.142, 6.322e-6
-1.143, 6.322e-6
-1.144, 6.322e-6
-1.145, 6.322e-6
-1.146, 6.322e-6
-1.147, 6.322e-6
-1.148, 6.322e-6
-1.149, 6.322e-6
-1.150, 6.322e-6
-1.151, 6.322e-6
-1.152, 6.322e-6
-1.153, 6.322e-6
-1.154, 9.405e-6
-1.155, 6.322e-6
-1.156, 6.322e-6
-1.157, 6.322e-6
-1.158, 6.322e-6
-1.159, 6.322e-6
-1.160, 6.322e-6
-1.161, 6.322e-6
-1.162, 6.322e-6
-1.163, 6.322e-6
-1.164, 6.322e-6
-1.165, 6.322e-6
-1.166, 9.405e-6
-1.167, 6.322e-6
-1.168, 9.405e-6
-1.169, 6.322e-6
-1.170, 6.322e-6
-1.171, 9.405e-6
-1.172, 6.322e-6
-1.173, 6.322e-6
-1.174, 9.405e-6
-1.175, 6.322e-6
-1.176, 6.322e-6
-1.177, 6.322e-6
-1.178, 6.322e-6
-1.179, 9.405e-6
-1.180, 9.405e-6
-1.181, 6.322e-6
-1.182, 9.405e-6
-1.183, 6.322e-6
-1.184, 6.322e-6
-1.185, 9.405e-6
-1.186, 6.322e-6
-1.187, 6.322e-6
-1.188, 6.322e-6
-1.189, 6.322e-6
-1.190, 6.322e-6
-1.191, 9.405e-6
-1.192, 6.322e-6
-1.193, 6.322e-6
-1.194, 9.405e-6
-1.195, 6.322e-6
-1.196, 6.322e-6
-1.197, 6.322e-6
-1.198, 6.322e-6
-1.199, 9.405e-6
-1.200, 9.405e-6
-1.201, 6.322e-6
-1.202, 9.405e-6
-1.203, 9.405e-6
-1.204, 9.405e-6
-1.205, 9.405e-6
-1.206, 9.405e-6
-1.207, 9.405e-6
-1.208, 9.405e-6
-1.209, 6.322e-6
-1.210, 9.405e-6
-1.211, 9.405e-6
-1.212, 6.322e-6
-1.213, 9.405e-6
-1.214, 9.405e-6
-1.215, 9.405e-6
-1.216, 9.405e-6
-1.217, 9.405e-6
-1.218, 6.322e-6
-1.219, 9.405e-6
-1.220, 9.405e-6
-1.221, 9.405e-6
-1.222, 9.405e-6
-1.223, 9.405e-6
-1.224, 9.405e-6
-1.225, 9.405e-6
-1.226, 9.405e-6
-1.227, 6.322e-6
-1.228, 9.405e-6
-1.229, 9.405e-6
-1.230, 9.405e-6
-1.231, 9.405e-6
-1.232, 9.405e-6
-1.233, 9.405e-6
-1.234, 9.405e-6
-1.235, 9.405e-6
-1.236, 9.405e-6
-1.237, 9.405e-6
-1.238, 9.405e-6
-1.239, 9.405e-6
-1.240, 9.405e-6
-1.241, 9.405e-6
-1.242, 9.405e-6
-1.243, 9.405e-6
-1.244, 9.405e-6
-1.245, 9.405e-6
-1.246, 9.405e-6
-1.247, 9.405e-6
-1.248, 9.405e-6
-1.249, 9.405e-6
-1.250, 9.405e-6
-1.251, 9.405e-6
-1.252, 9.405e-6
-1.253, 9.405e-6
-1.254, 9.405e-6
-1.255, 9.405e-6
-1.256, 9.405e-6
-1.257, 9.405e-6
-1.258, 9.405e-6
-1.259, 9.405e-6
-1.260, 9.405e-6
-1.261, 9.405e-6
-1.262, 9.405e-6
-1.263, 9.405e-6
-1.264, 9.405e-6
-1.265, 9.405e-6
-1.266, 9.405e-6
-1.267, 9.405e-6
-1.268, 9.405e-6
-1.269, 9.405e-6
-1.270, 9.405e-6
-1.271, 9.405e-6
-1.272, 9.405e-6
-1.273, 9.405e-6
-1.274, 9.405e-6
-1.275, 9.405e-6
-1.276, 9.405e-6
-1.277, 9.405e-6
-1.278, 9.405e-6
-1.279, 9.405e-6
-1.280, 9.405e-6
-1.281, 9.405e-6
-1.282, 9.405e-6
-1.283, 1.249e-5
-1.284, 9.405e-6
-1.285, 9.405e-6
-1.286, 9.405e-6
-1.287, 9.405e-6
-1.288, 9.405e-6
-1.289, 9.405e-6
-1.290, 9.405e-6
-1.291, 9.405e-6
-1.292, 9.405e-6
-1.293, 9.405e-6
-1.294, 1.249e-5
-1.295, 9.405e-6
-1.296, 1.249e-5
-1.297, 1.249e-5
-1.298, 9.405e-6
-1.299, 1.249e-5
-1.300, 1.249e-5
-1.301, 9.405e-6
-1.302, 1.249e-5
-1.303, 9.405e-6
-1.304, 9.405e-6
-1.305, 1.249e-5
-1.306, 1.249e-5
-1.307, 9.405e-6
-1.308, 1.249e-5
-1.309, 1.249e-5
-1.310, 9.405e-6
-1.311, 1.249e-5
-1.312, 1.249e-5
-1.313, 9.405e-6
-1.314, 1.249e-5
-1.315, 9.405e-6
-1.316, 1.249e-5
-1.317, 1.249e-5
-1.318, 1.249e-5
-1.319, 1.249e-5
-1.320, 1.249e-5
-1.321, 1.249e-5
-1.322, 1.249e-5
-1.323, 1.249e-5
-1.324, 1.249e-5
-1.325, 1.249e-5
-1.326, 1.249e-5
-1.327, 1.249e-5
-1.328, 1.249e-5
-1.329, 1.249e-5
-1.330, 1.249e-5
-1.331, 1.249e-5
-1.332, 1.249e-5
-1.333, 1.249e-5
-1.334, 1.249e-5
-1.335, 1.249e-5
-1.336, 1.249e-5
-1.337, 1.249e-5
-1.338, 1.249e-5
-1.339, 1.249e-5
-1.340, 1.249e-5
-1.341, 1.249e-5
-1.342, 1.249e-5
-1.343, 1.249e-5
-1.344, 1.249e-5
-1.345, 1.249e-5
-1.346, 1.249e-5
-1.347, 1.249e-5
-1.348, 1.249e-5
-1.349, 1.249e-5
-1.350, 1.249e-5
-1.351, 1.249e-5
-1.352, 1.249e-5
-1.353, 1.249e-5
-1.354, 1.249e-5
-1.355, 1.249e-5
-1.356, 1.249e-5
-1.357, 1.249e-5
-1.358, 1.249e-5
-1.359, 1.249e-5
-1.360, 1.249e-5
-1.361, 1.249e-5
-1.362, 1.249e-5
-1.363, 1.249e-5
-1.364, 1.249e-5
-1.365, 1.249e-5
-1.366, 1.249e-5
-1.367, 1.249e-5
-1.368, 1.249e-5
-1.369, 1.249e-5
-1.370, 1.249e-5
-1.371, 1.249e-5
-1.372, 1.249e-5
-1.373, 1.249e-5
-1.374, 1.557e-5
-1.375, 1.249e-5
-1.376, 1.557e-5
-1.377, 1.249e-5
-1.378, 1.249e-5
-1.379, 1.557e-5
-1.380, 1.557e-5
-1.381, 1.557e-5
-1.382, 1.249e-5
-1.383, 1.249e-5
-1.384, 1.249e-5
-1.385, 1.249e-5
-1.386, 1.249e-5
-1.387, 1.249e-5
-1.388, 1.557e-5
-1.389, 1.249e-5
-1.390, 1.557e-5
-1.391, 1.557e-5
-1.392, 1.557e-5
-1.393, 1.557e-5
-1.394, 1.557e-5
-1.395, 1.249e-5
-1.396, 1.557e-5
-1.397, 1.557e-5
-1.398, 1.249e-5
-1.399, 1.557e-5
-1.400, 1.557e-5
-1.401, 1.557e-5
-1.402, 1.557e-5
-1.403, 1.557e-5
-1.404, 1.557e-5
-1.405, 1.557e-5
-1.406, 1.557e-5
-1.407, 1.557e-5
-1.408, 1.557e-5
-1.409, 1.557e-5
-1.410, 1.557e-5
-1.411, 1.557e-5
-1.412, 1.557e-5
-1.413, 1.557e-5
-1.414, 1.557e-5
-1.415, 1.557e-5
-1.416, 1.557e-5
-1.417, 1.557e-5
-1.418, 1.557e-5
-1.419, 1.557e-5
-1.420, 1.557e-5
-1.421, 1.557e-5
-1.422, 1.557e-5
-1.423, 1.557e-5
-1.424, 1.557e-5
-1.425, 1.557e-5
-1.426, 1.557e-5
-1.427, 1.557e-5
-1.428, 1.865e-5
-1.429, 1.557e-5
-1.430, 1.557e-5
-1.431, 1.865e-5
-1.432, 1.557e-5
-1.433, 1.557e-5
-1.434, 1.865e-5
-1.435, 1.557e-5
-1.436, 1.865e-5
-1.437, 1.865e-5
-1.438, 1.865e-5
-1.439, 1.865e-5
-1.440, 1.865e-5
-1.441, 1.557e-5
-1.442, 1.865e-5
-1.443, 1.865e-5
-1.444, 1.865e-5
-1.445, 1.865e-5
-1.446, 1.865e-5
-1.447, 1.865e-5
-1.448, 1.865e-5
-1.449, 1.865e-5
-1.450, 1.865e-5
-1.451, 1.865e-5
-1.452, 1.865e-5
-1.453, 1.865e-5
-1.454, 1.865e-5
-1.455, 1.865e-5
-1.456, 1.865e-5
-1.457, 1.865e-5
-1.458, 1.865e-5
-1.459, 2.174e-5
-1.460, 1.865e-5
-1.461, 1.865e-5
-1.462, 2.174e-5
-1.463, 2.174e-5
-1.464, 2.174e-5
-1.465, 2.174e-5
-1.466, 2.174e-5
-1.467, 2.174e-5
-1.468, 2.174e-5
-1.469, 2.174e-5
-1.470, 2.174e-5
-1.471, 2.174e-5
-1.472, 2.174e-5
-1.473, 2.174e-5
-1.474, 2.174e-5
-1.475, 2.174e-5
-1.476, 2.174e-5
-1.477, 2.174e-5
-1.478, 2.174e-5
-1.479, 2.174e-5
-1.480, 2.174e-5
-1.481, 2.174e-5
-1.482, 2.482e-5
-1.483, 2.482e-5
-1.484, 2.174e-5
-1.485, 2.482e-5
-1.486, 2.482e-5
-1.487, 2.482e-5
-1.488, 2.482e-5
-1.489, 2.482e-5
-1.490, 2.482e-5
-1.491, 2.482e-5
-1.492, 2.482e-5
-1.493, 2.482e-5
-1.494, 2.482e-5
-1.495, 2.482e-5
-1.496, 2.482e-5
-1.497, 2.482e-5
-1.498, 2.482e-5
-1.499, 2.790e-5
-1.500, 2.790e-5
-1.501, 2.482e-5
-1.502, 2.790e-5
-1.503, 2.790e-5
-1.504, 2.790e-5
-1.505, 2.790e-5
-1.506, 2.790e-5
-1.507, 2.790e-5
-1.508, 2.790e-5
-1.509, 2.790e-5
-1.510, 2.790e-5
-1.511, 3.099e-5
-1.512, 3.099e-5
-1.513, 2.790e-5
-1.514, 3.099e-5
-1.515, 2.790e-5
-1.516, 3.099e-5
-1.517, 3.099e-5
-1.518, 3.099e-5
-1.519, 3.099e-5
-1.520, 3.099e-5
-1.521, 3.099e-5
-1.522, 3.407e-5
-1.523, 3.407e-5
-1.524, 3.407e-5
-1.525, 3.407e-5
-1.526, 3.407e-5
-1.527, 3.407e-5
-1.528, 3.407e-5
-1.529, 3.407e-5
-1.530, 3.407e-5
-1.531, 3.407e-5
-1.532, 3.407e-5
-1.533, 3.715e-5
-1.534, 3.715e-5
-1.535, 3.715e-5
-1.536, 3.715e-5
-1.537, 3.715e-5
-1.538, 3.715e-5
-1.539, 4.024e-5
-1.540, 4.024e-5
-1.541, 4.024e-5
-1.542, 4.024e-5
-1.543, 4.024e-5
-1.544, 4.024e-5
-1.545, 4.024e-5
-1.546, 4.024e-5
-1.547, 4.024e-5
-1.548, 4.332e-5
-1.549, 4.332e-5
-1.550, 4.332e-5
-1.551, 4.332e-5
-1.552, 4.332e-5
-1.553, 4.640e-5
-1.554, 4.640e-5
-1.555, 4.640e-5
-1.556, 4.640e-5
-1.557, 4.949e-5
-1.558, 4.640e-5
-1.559, 4.949e-5
-1.560, 4.949e-5
-1.561, 4.949e-5
-1.562, 4.949e-5
-1.563, 5.257e-5
-1.564, 5.257e-5
-1.565, 5.257e-5
-1.566, 5.257e-5
-1.567, 5.257e-5
-1.568, 5.565e-5
-1.569, 5.565e-5
-1.570, 5.565e-5
-1.571, 5.565e-5
-1.572, 5.565e-5
-1.573, 5.873e-5
-1.574, 5.873e-5
-1.575, 5.873e-5
-1.576, 6.182e-5
-1.577, 6.182e-5
-1.578, 6.182e-5
-1.579, 6.490e-5
-1.580, 6.490e-5
-1.581, 6.490e-5
-1.582, 6.490e-5
-1.583, 6.798e-5
-1.584, 6.798e-5
-1.585, 7.107e-5
-1.586, 7.107e-5
-1.587, 7.107e-5
-1.588, 7.415e-5
-1.589, 7.415e-5
-1.590, 7.723e-5
-1.591, 7.723e-5
-1.592, 7.723e-5
-1.593, 8.032e-5
-1.594, 8.032e-5
-1.595, 8.340e-5
-1.596, 8.340e-5
-1.597, 8.648e-5
-1.598, 8.648e-5
-1.599, 8.957e-5
-1.600, 8.957e-5
-1.601, 8.957e-5
-1.602, 9.265e-5
-1.603, 9.265e-5
-1.604, 9.573e-5
-1.605, 9.882e-5
-1.606, 9.882e-5
-1.607, 1.019e-4
-1.608, 1.050e-4
-1.609, 1.050e-4
-1.610, 1.050e-4
-1.611, 1.081e-4
-1.612, 1.111e-4
-1.613, 1.111e-4
-1.614, 1.173e-4
-1.615, 1.173e-4
-1.616, 1.204e-4
-1.617, 1.235e-4
-1.618, 1.235e-4
-1.619, 1.266e-4
-1.620, 1.296e-4
-1.621, 1.296e-4
-1.622, 1.327e-4
-1.623, 1.358e-4
-1.624, 1.389e-4
-1.625, 1.420e-4
-1.626, 1.451e-4
-1.627, 1.481e-4
-1.628, 1.512e-4
-1.629, 1.543e-4
-1.630, 1.574e-4
-1.631, 1.605e-4
-1.632, 1.636e-4
-1.633, 1.666e-4
-1.634, 1.728e-4
-1.635, 1.728e-4
-1.636, 1.759e-4
-1.637, 1.821e-4
-1.638, 1.851e-4
-1.639, 1.913e-4
-1.640, 1.944e-4
-1.641, 1.975e-4
-1.642, 2.006e-4
-1.643, 2.067e-4
-1.644, 2.098e-4
-1.645, 2.160e-4
-1.646, 2.221e-4
-1.647, 2.221e-4
-1.648, 2.283e-4
-1.649, 2.345e-4
-1.650, 2.406e-4
-1.651, 2.437e-4
-1.652, 2.499e-4
-1.653, 2.561e-4
-1.654, 2.622e-4
-1.655, 2.653e-4
-1.656, 2.746e-4
-1.657, 2.807e-4
-1.658, 2.869e-4
-1.659, 2.931e-4
-1.660, 2.992e-4
-1.661, 3.054e-4
-1.662, 3.115e-4
-1.663, 3.208e-4
-1.664, 3.270e-4
-1.665, 3.331e-4
-1.666, 3.424e-4
-1.667, 3.485e-4
-1.668, 3.578e-4
-1.669, 3.640e-4
-1.670, 3.732e-4
-1.671, 3.825e-4
-1.672, 3.886e-4
-1.673, 3.979e-4
-1.674, 4.102e-4
-1.675, 4.195e-4
-1.676, 4.287e-4
-1.677, 4.380e-4
-1.678, 4.472e-4
-1.679, 4.565e-4
-1.680, 4.688e-4
-1.681, 4.780e-4
-1.682, 4.904e-4
-1.683, 4.996e-4
-1.684, 5.120e-4
-1.685, 5.243e-4
-1.686, 5.366e-4
-1.687, 5.489e-4
-1.688, 5.613e-4
-1.689, 5.736e-4
-1.690, 5.890e-4
-1.691, 6.014e-4
-1.692, 6.137e-4
-1.693, 6.291e-4
-1.694, 6.445e-4
-1.695, 6.599e-4
-1.696, 6.754e-4
-1.697, 6.908e-4
-1.698, 7.062e-4
-1.699, 7.247e-4
-1.700, 7.401e-4
-1.701, 7.555e-4
-1.702, 7.740e-4
-1.703, 7.894e-4
-1.704, 8.079e-4
-1.705, 8.264e-4
-1.706, 8.480e-4
-1.707, 8.665e-4
-1.708, 8.850e-4
-1.709, 9.066e-4
-1.710, 9.251e-4
-1.711, 9.467e-4
-1.712, 9.683e-4
-1.713, 9.898e-4
-1.714, 1.011e-3
-1.715, 1.033e-3
-1.716, 1.058e-3
-1.717, 1.082e-3
-1.718, 1.107e-3
-1.719, 1.132e-3
-1.720, 1.156e-3
-1.721, 1.181e-3
-1.722, 1.206e-3
-1.723, 1.230e-3
-1.724, 1.258e-3
-1.725, 1.286e-3
-1.726, 1.314e-3
-1.727, 1.341e-3
-1.728, 1.372e-3
-1.729, 1.400e-3
-1.730, 1.431e-3
-1.731, 1.462e-3
-1.732, 1.492e-3
-1.733, 1.523e-3
-1.734, 1.557e-3
-1.735, 1.591e-3
-1.736, 1.625e-3
-1.737, 1.659e-3
-1.738, 1.693e-3
-1.739, 1.730e-3
-1.740, 1.764e-3
-1.741, 1.801e-3
-1.742, 1.838e-3
-1.743, 1.875e-3
-1.744, 1.915e-3
-1.745, 1.955e-3
-1.746, 1.995e-3
-1.747, 2.035e-3
-1.748, 2.075e-3
-1.749, 2.118e-3
-1.750, 2.158e-3
-1.751, 2.201e-3
-1.752, 2.245e-3
-1.753, 2.291e-3
-1.754, 2.337e-3
-1.755, 2.383e-3
-1.756, 2.430e-3
-1.757, 2.476e-3
-1.758, 2.525e-3
-1.759, 2.575e-3
-1.760, 2.624e-3
-1.761, 2.673e-3
-1.762, 2.723e-3
-1.763, 2.775e-3
-1.764, 2.824e-3
-1.765, 2.880e-3
-1.766, 2.932e-3
-1.767, 2.988e-3
-1.768, 3.040e-3
-1.769, 3.096e-3
-1.770, 3.151e-3
-1.771, 3.207e-3
-1.772, 3.265e-3
-1.773, 3.321e-3
-1.774, 3.379e-3
-1.775, 3.438e-3
-1.776, 3.499e-3
-1.777, 3.558e-3
-1.778, 3.617e-3
-1.779, 3.678e-3
-1.780, 3.737e-3
-1.781, 3.799e-3
-1.782, 3.860e-3
-1.783, 3.925e-3
-1.784, 3.990e-3
-1.785, 4.054e-3
-1.786, 4.122e-3
-1.787, 4.190e-3
-1.788, 4.261e-3
-1.789, 4.329e-3
-1.790, 4.397e-3
-1.791, 4.464e-3
-1.792, 4.535e-3
-1.793, 4.609e-3
-1.794, 4.683e-3
-1.795, 4.757e-3
-1.796, 4.834e-3
-1.797, 4.908e-3
-1.798, 4.982e-3
-1.799, 5.060e-3
-1.800, 5.134e-3
-1.801, 5.208e-3
-1.802, 5.285e-3
-1.803, 5.362e-3
-1.804, 5.442e-3
-1.805, 5.522e-3
-1.806, 5.602e-3
-1.807, 5.682e-3
-1.808, 5.762e-3
-1.809, 5.843e-3
-1.810, 5.923e-3
-1.811, 6.003e-3
-1.812, 6.083e-3
-1.813, 6.166e-3
-1.814, 6.250e-3
-1.815, 6.336e-3
-1.816, 6.422e-3
-1.817, 6.512e-3
-1.818, 6.598e-3
-1.819, 6.687e-3
-1.820, 6.774e-3
-1.821, 6.863e-3
-1.822, 6.949e-3
-1.823, 7.039e-3
-1.824, 7.128e-3
-1.825, 7.221e-3
-1.826, 7.310e-3
-1.827, 7.400e-3
-1.828, 7.492e-3
-1.829, 7.578e-3
-1.830, 7.671e-3
-1.831, 7.763e-3
-1.832, 7.859e-3
-1.833, 7.958e-3
-1.834, 8.056e-3
-1.835, 8.155e-3
-1.836, 8.257e-3
-1.837, 8.355e-3
-1.838, 8.451e-3
-1.839, 8.547e-3
-1.840, 8.642e-3
-1.841, 8.738e-3
-1.842, 8.833e-3
-1.843, 8.929e-3
-1.844, 9.021e-3
-1.845, 9.111e-3
-1.846, 9.203e-3
-1.847, 9.296e-3
-1.848, 9.391e-3
-1.849, 9.487e-3
-1.850, 9.586e-3
-1.851, 9.687e-3
-1.852, 9.792e-3
-1.853, 9.900e-3
-1.854, 1.001e-2
-1.855, 1.011e-2
-1.856, 1.021e-2
-1.857, 1.031e-2
-1.858, 1.041e-2
-1.859, 1.050e-2
-1.860, 1.060e-2
-1.861, 1.070e-2
-1.862, 1.079e-2
-1.863, 1.089e-2
-1.864, 1.100e-2
-1.865, 1.111e-2
-1.866, 1.122e-2
-1.867, 1.132e-2
-1.868, 1.143e-2
-1.869, 1.154e-2
-1.870, 1.165e-2
-1.871, 1.176e-2
-1.872, 1.187e-2
-1.873, 1.198e-2
-1.874, 1.209e-2
-1.875, 1.219e-2
-1.876, 1.230e-2
-1.877, 1.240e-2
-1.878, 1.251e-2
-1.879, 1.261e-2
-1.880, 1.272e-2
-1.881, 1.282e-2
-1.882, 1.293e-2
-1.883, 1.303e-2
-1.884, 1.313e-2
-1.885, 1.324e-2
-1.886, 1.334e-2
-1.887, 1.345e-2
-1.888, 1.356e-2
-1.889, 1.366e-2
-1.890, 1.377e-2
-1.891, 1.388e-2
-1.892, 1.399e-2
-1.893, 1.411e-2
-1.894, 1.422e-2
-1.895, 1.434e-2
-1.896, 1.446e-2
-1.897, 1.458e-2
-1.898, 1.469e-2
-1.899, 1.481e-2
-1.900, 1.486e-2
-1.899, 1.481e-2
-1.898, 1.476e-2
-1.897, 1.471e-2
-1.896, 1.465e-2
-1.895, 1.458e-2
-1.894, 1.452e-2
-1.893, 1.446e-2
-1.892, 1.439e-2
-1.891, 1.433e-2
-1.890, 1.426e-2
-1.889, 1.420e-2
-1.888, 1.413e-2
-1.887, 1.407e-2
-1.886, 1.400e-2
-1.885, 1.393e-2
-1.884, 1.386e-2
-1.883, 1.379e-2
-1.882, 1.372e-2
-1.881, 1.365e-2
-1.880, 1.357e-2
-1.879, 1.349e-2
-1.878, 1.342e-2
-1.877, 1.335e-2
-1.876, 1.328e-2
-1.875, 1.321e-2
-1.874, 1.314e-2
-1.873, 1.307e-2
-1.872, 1.300e-2
-1.871, 1.292e-2
-1.870, 1.284e-2
-1.869, 1.276e-2
-1.868, 1.268e-2
-1.867, 1.260e-2
-1.866, 1.252e-2
-1.865, 1.244e-2
-1.864, 1.236e-2
-1.863, 1.227e-2
-1.862, 1.219e-2
-1.861, 1.210e-2
-1.860, 1.202e-2
-1.859, 1.194e-2
-1.858, 1.186e-2
-1.857, 1.179e-2
-1.856, 1.171e-2
-1.855, 1.163e-2
-1.854, 1.156e-2
-1.853, 1.148e-2
-1.852, 1.140e-2
-1.851, 1.132e-2
-1.850, 1.124e-2
-1.849, 1.116e-2
-1.848, 1.108e-2
-1.847, 1.100e-2
-1.846, 1.093e-2
-1.845, 1.085e-2
-1.844, 1.078e-2
-1.843, 1.070e-2
-1.842, 1.062e-2
-1.841, 1.055e-2
-1.840, 1.047e-2
-1.839, 1.040e-2
-1.838, 1.034e-2
-1.837, 1.027e-2
-1.836, 1.020e-2
-1.835, 1.013e-2
-1.834, 1.006e-2
-1.833, 9.996e-3
-1.832, 9.928e-3
-1.831, 9.854e-3
-1.830, 9.783e-3
-1.829, 9.712e-3
-1.828, 9.638e-3
-1.827, 9.567e-3
-1.826, 9.493e-3
-1.825, 9.422e-3
-1.824, 9.354e-3
-1.823, 9.283e-3
-1.822, 9.212e-3
-1.821, 9.145e-3
-1.820, 9.074e-3
-1.819, 9.003e-3
-1.818, 8.935e-3
-1.817, 8.867e-3
-1.816, 8.799e-3
-1.815, 8.732e-3
-1.814, 8.664e-3
-1.813, 8.596e-3
-1.812, 8.525e-3
-1.811, 8.454e-3
-1.810, 8.383e-3
-1.809, 8.312e-3
-1.808, 8.244e-3
-1.807, 8.177e-3
-1.806, 8.109e-3
-1.805, 8.044e-3
-1.804, 7.976e-3
-1.803, 7.911e-3
-1.802, 7.844e-3
-1.801, 7.779e-3
-1.800, 7.714e-3
-1.799, 7.646e-3
-1.798, 7.578e-3
-1.797, 7.514e-3
-1.796, 7.449e-3
-1.795, 7.384e-3
-1.794, 7.319e-3
-1.793, 7.255e-3
-1.792, 7.190e-3
-1.791, 7.125e-3
-1.790, 7.057e-3
-1.789, 6.993e-3
-1.788, 6.928e-3
-1.787, 6.863e-3
-1.786, 6.798e-3
-1.785, 6.737e-3
-1.784, 6.675e-3
-1.783, 6.610e-3
-1.782, 6.549e-3
-1.781, 6.487e-3
-1.780, 6.425e-3
-1.779, 6.364e-3
-1.778, 6.305e-3
-1.777, 6.243e-3
-1.776, 6.182e-3
-1.775, 6.123e-3
-1.774, 6.062e-3
-1.773, 6.003e-3
-1.772, 5.941e-3
-1.771, 5.877e-3
-1.770, 5.815e-3
-1.769, 5.753e-3
-1.768, 5.695e-3
-1.767, 5.633e-3
-1.766, 5.578e-3
-1.765, 5.516e-3
-1.764, 5.460e-3
-1.763, 5.405e-3
-1.762, 5.346e-3
-1.761, 5.288e-3
-1.760, 5.229e-3
-1.759, 5.171e-3
-1.758, 5.118e-3
-1.757, 5.063e-3
-1.756, 5.007e-3
-1.755, 4.955e-3
-1.754, 4.899e-3
-1.753, 4.847e-3
-1.752, 4.791e-3
-1.751, 4.739e-3
-1.750, 4.683e-3
-1.749, 4.631e-3
-1.748, 4.579e-3
-1.747, 4.526e-3
-1.746, 4.474e-3
-1.745, 4.424e-3
-1.744, 4.372e-3
-1.743, 4.326e-3
-1.742, 4.276e-3
-1.741, 4.230e-3
-1.740, 4.181e-3
-1.739, 4.132e-3
-1.738, 4.085e-3
-1.737, 4.039e-3
-1.736, 3.993e-3
-1.735, 3.947e-3
-1.734, 3.900e-3
-1.733, 3.854e-3
-1.732, 3.808e-3
-1.731, 3.762e-3
-1.730, 3.715e-3
-1.729, 3.669e-3
-1.728, 3.623e-3
-1.727, 3.577e-3
-1.726, 3.533e-3
-1.725, 3.490e-3
-1.724, 3.447e-3
-1.723, 3.404e-3
-1.722, 3.361e-3
-1.721, 3.318e-3
-1.720, 3.274e-3
-1.719, 3.231e-3
-1.718, 3.188e-3
-1.717, 3.148e-3
-1.716, 3.108e-3
-1.715, 3.068e-3
-1.714, 3.028e-3
-1.713, 2.988e-3
-1.712, 2.948e-3
-1.711, 2.908e-3
-1.710, 2.867e-3
-1.709, 2.827e-3
-1.708, 2.790e-3
-1.707, 2.753e-3
-1.706, 2.713e-3
-1.705, 2.676e-3
-1.704, 2.639e-3
-1.703, 2.602e-3
-1.702, 2.565e-3
-1.701, 2.528e-3
-1.700, 2.491e-3
-1.699, 2.457e-3
-1.698, 2.423e-3
-1.697, 2.386e-3
-1.696, 2.353e-3
-1.695, 2.319e-3
-1.694, 2.285e-3
-1.693, 2.251e-3
-1.692, 2.217e-3
-1.691, 2.186e-3
-1.690, 2.152e-3
-1.689, 2.121e-3
-1.688, 2.087e-3
-1.687, 2.057e-3
-1.686, 2.026e-3
-1.685, 1.998e-3
-1.684, 1.967e-3
-1.683, 1.936e-3
-1.682, 1.909e-3
-1.681, 1.878e-3
-1.680, 1.847e-3
-1.679, 1.816e-3
-1.678, 1.788e-3
-1.677, 1.761e-3
-1.676, 1.733e-3
-1.675, 1.705e-3
-1.674, 1.677e-3
-1.673, 1.653e-3
-1.672, 1.625e-3
-1.671, 1.597e-3
-1.670, 1.573e-3
-1.669, 1.545e-3
-1.668, 1.520e-3
-1.667, 1.495e-3
-1.666, 1.471e-3
-1.665, 1.446e-3
-1.664, 1.421e-3
-1.663, 1.400e-3
-1.662, 1.375e-3
-1.661, 1.351e-3
-1.660, 1.329e-3
-1.659, 1.304e-3
-1.658, 1.283e-3
-1.657, 1.258e-3
-1.656, 1.240e-3
-1.655, 1.215e-3
-1.654, 1.196e-3
-1.653, 1.175e-3
-1.652, 1.153e-3
-1.651, 1.135e-3
-1.650, 1.113e-3
-1.649, 1.092e-3
-1.648, 1.073e-3
-1.647, 1.055e-3
-1.646, 1.033e-3
-1.645, 1.014e-3
-1.644, 9.960e-4
-1.643, 9.775e-4
-1.642, 9.621e-4
-1.641, 9.436e-4
-1.640, 9.251e-4
-1.639, 9.066e-4
-1.638, 8.912e-4
-1.637, 8.727e-4
-1.636, 8.573e-4
-1.635, 8.388e-4
-1.634, 8.233e-4
-1.633, 8.079e-4
-1.632, 7.894e-4
-1.631, 7.771e-4
-1.630, 7.617e-4
-1.629, 7.463e-4
-1.628, 7.309e-4
-1.627, 7.154e-4
-1.626, 7.031e-4
-1.625, 6.877e-4
-1.624, 6.754e-4
-1.623, 6.599e-4
-1.622, 6.476e-4
-1.621, 6.322e-4
-1.620, 6.199e-4
-1.619, 6.075e-4
-1.618, 5.952e-4
-1.617, 5.829e-4
-1.616, 5.705e-4
-1.615, 5.582e-4
-1.614, 5.489e-4
-1.613, 5.366e-4
-1.612, 5.243e-4
-1.611, 5.150e-4
-1.610, 5.027e-4
-1.609, 4.904e-4
-1.608, 4.811e-4
-1.607, 4.719e-4
-1.606, 4.626e-4
-1.605, 4.534e-4
-1.604, 4.410e-4
-1.603, 4.318e-4
-1.602, 4.225e-4
-1.601, 4.133e-4
-1.600, 4.040e-4
-1.599, 3.948e-4
-1.598, 3.855e-4
-1.597, 3.763e-4
-1.596, 3.701e-4
-1.595, 3.609e-4
-1.594, 3.516e-4
-1.593, 3.455e-4
-1.592, 3.362e-4
-1.591, 3.300e-4
-1.590, 3.208e-4
-1.589, 3.146e-4
-1.588, 3.085e-4
-1.587, 2.992e-4
-1.586, 2.931e-4
-1.585, 2.869e-4
-1.584, 2.807e-4
-1.583, 2.715e-4
-1.582, 2.653e-4
-1.581, 2.591e-4
-1.580, 2.530e-4
-1.579, 2.468e-4
-1.578, 2.406e-4
-1.577, 2.376e-4
-1.576, 2.314e-4
-1.575, 2.252e-4
-1.574, 2.191e-4
-1.573, 2.160e-4
-1.572, 2.098e-4
-1.571, 2.036e-4
-1.570, 2.006e-4
-1.569, 1.944e-4
-1.568, 1.913e-4
-1.567, 1.851e-4
-1.566, 1.821e-4
-1.565, 1.759e-4
-1.564, 1.728e-4
-1.563, 1.666e-4
-1.562, 1.636e-4
-1.561, 1.605e-4
-1.560, 1.543e-4
-1.559, 1.512e-4
-1.558, 1.481e-4
-1.557, 1.451e-4
-1.556, 1.420e-4
-1.555, 1.358e-4
-1.554, 1.327e-4
-1.553, 1.296e-4
-1.552, 1.266e-4
-1.551, 1.235e-4
-1.550, 1.204e-4
-1.549, 1.173e-4
-1.548, 1.142e-4
-1.547, 1.111e-4
-1.546, 1.081e-4
-1.545, 1.050e-4
-1.544, 1.019e-4
-1.543, 1.019e-4
-1.542, 9.882e-5
-1.541, 9.573e-5
-1.540, 9.265e-5
-1.539, 8.957e-5
-1.538, 8.648e-5
-1.537, 8.648e-5
-1.536, 8.340e-5
-1.535, 8.032e-5
-1.534, 8.032e-5
-1.533, 7.723e-5
-1.532, 7.415e-5
-1.531, 7.415e-5
-1.530, 7.107e-5
-1.529, 6.798e-5
-1.528, 6.798e-5
-1.527, 6.490e-5
-1.526, 6.490e-5
-1.525, 6.182e-5
-1.524, 5.873e-5
-1.523, 5.873e-5
-1.522, 5.565e-5
-1.521, 5.565e-5
-1.520, 5.257e-5
-1.519, 5.257e-5
-1.518, 4.949e-5
-1.517, 4.949e-5
-1.516, 4.949e-5
-1.515, 4.640e-5
-1.514, 4.640e-5
-1.513, 4.332e-5
-1.512, 4.332e-5
-1.511, 4.332e-5
-1.510, 4.024e-5
-1.509, 4.024e-5
-1.508, 3.715e-5
-1.507, 3.715e-5
-1.506, 3.715e-5
-1.505, 3.407e-5
-1.504, 3.407e-5
-1.503, 3.407e-5
-1.502, 3.099e-5
-1.501, 3.099e-5
-1.500, 3.099e-5
-1.499, 3.099e-5
-1.498, 2.790e-5
-1.497, 2.790e-5
-1.496, 2.790e-5
-1.495, 2.790e-5
-1.494, 2.790e-5
-1.493, 2.482e-5
-1.492, 2.482e-5
-1.491, 2.482e-5
-1.490, 2.174e-5
-1.489, 2.174e-5
-1.488, 2.174e-5
-1.487, 2.174e-5
-1.486, 2.174e-5
-1.485, 1.865e-5
-1.484, 1.865e-5
-1.483, 1.865e-5
-1.482, 1.865e-5
-1.481, 1.865e-5
-1.480, 1.865e-5
-1.479, 1.557e-5
-1.478, 1.557e-5
-1.477, 1.557e-5
-1.476, 1.557e-5
-1.475, 1.249e-5
-1.474, 1.557e-5
-1.473, 1.249e-5
-1.472, 1.249e-5
-1.471, 1.249e-5
-1.470, 1.249e-5
-1.469, 1.249e-5
-1.468, 1.249e-5
-1.467, 1.249e-5
-1.466, 1.249e-5
-1.465, 9.405e-6
-1.464, 9.405e-6
-1.463, 9.405e-6
-1.462, 9.405e-6
-1.461, 9.405e-6
-1.460, 9.405e-6
-1.459, 9.405e-6
-1.458, 9.405e-6
-1.457, 9.405e-6
-1.456, 9.405e-6
-1.455, 6.322e-6
-1.454, 9.405e-6
-1.453, 6.322e-6
-1.452, 6.322e-6
-1.451, 6.322e-6
-1.450, 6.322e-6
-1.449, 6.322e-6
-1.448, 6.322e-6
-1.447, 6.322e-6
-1.446, 6.322e-6
-1.445, 6.322e-6
-1.444, 6.322e-6
-1.443, 6.322e-6
-1.442, 6.322e-6
-1.441, 3.239e-6
-1.440, 6.322e-6
-1.439, 6.322e-6
-1.438, 3.239e-6
-1.437, 3.239e-6
-1.436, 3.239e-6
-1.435, 3.239e-6
-1.434, 3.239e-6
-1.433, 3.239e-6
-1.432, 3.239e-6
-1.431, 3.239e-6
-1.430, 3.239e-6
-1.429, 3.239e-6
-1.428, 3.239e-6
-1.427, 3.239e-6
-1.426, 3.239e-6
-1.425, 3.239e-6
-1.424, 1.559e-7
-1.423, 3.239e-6
-1.422, 3.239e-6
-1.421, 1.559e-7
-1.420, 3.239e-6
-1.419, 3.239e-6
-1.418, 3.239e-6
-1.417, 1.559e-7
-1.416, 3.239e-6
-1.415, 1.559e-7
-1.414, 1.559e-7
-1.413, 1.559e-7
-1.412, 1.559e-7
-1.411, 1.559e-7
-1.410, 1.559e-7
-1.409, 1.559e-7
-1.408, 1.559e-7
-1.407, 1.559e-7
-1.406, 1.559e-7
-1.405, 1.559e-7
-1.404, 1.559e-7
-1.403, 1.559e-7
-1.402, 1.559e-7
-1.401, 1.559e-7
-1.400, 1.559e-7
-1.399, 1.559e-7
-1.398, 1.559e-7
-1.397, 1.559e-7
-1.396, 1.559e-7
-1.395, 1.559e-7
-1.394, 1.559e-7
-1.393, 1.559e-7
-1.392, 1.559e-7
-1.391, 1.559e-7
-1.390, 1.559e-7
-1.389, 1.559e-7
-1.388, 1.559e-7
-1.387, 1.559e-7
-1.386, 1.559e-7
-1.385, 1.559e-7
-1.384, 1.559e-7
-1.383, 1.559e-7
-1.382, 1.559e-7
-1.381, -2.927e-6
-1.380, 1.559e-7
-1.379, -2.927e-6
-1.378, -2.927e-6
-1.377, 1.559e-7
-1.376, 1.559e-7
-1.375, 1.559e-7
-1.374, 1.559e-7
-1.373, -2.927e-6
-1.372, -2.927e-6
-1.371, 1.559e-7
-1.370, -2.927e-6
-1.369, -2.927e-6
-1.368, -2.927e-6
-1.367, -2.927e-6
-1.366, 1.559e-7
-1.365, 1.559e-7
-1.364, -2.927e-6
-1.363, -2.927e-6
-1.362, -2.927e-6
-1.361, -2.927e-6
-1.360, -2.927e-6
-1.359, -2.927e-6
-1.358, -2.927e-6
-1.357, -2.927e-6
-1.356, -2.927e-6
-1.355, -2.927e-6
-1.354, -2.927e-6
-1.353, -2.927e-6
-1.352, 1.559e-7
-1.351, -2.927e-6
-1.350, -2.927e-6
-1.349, -2.927e-6
-1.348, -2.927e-6
-1.347, -2.927e-6
-1.346, -2.927e-6
-1.345, -2.927e-6
-1.344, -2.927e-6
-1.343, -2.927e-6
-1.342, -2.927e-6
-1.341, -2.927e-6
-1.340, -2.927e-6
-1.339, -2.927e-6
-1.338, -2.927e-6
-1.337, -2.927e-6
-1.336, -2.927e-6
-1.335, -2.927e-6
-1.334, -2.927e-6
-1.333, -2.927e-6
-1.332, -2.927e-6
-1.331, -2.927e-6
-1.330, -2.927e-6
-1.329, -2.927e-6
-1.328, -2.927e-6
-1.327, -2.927e-6
-1.326, -2.927e-6
-1.325, -2.927e-6
-1.324, -2.927e-6
-1.323, -2.927e-6
-1.322, -2.927e-6
-1.321, -2.927e-6
-1.320, -2.927e-6
-1.319, -2.927e-6
-1.318, -2.927e-6
-1.317, -2.927e-6
-1.316, -2.927e-6
-1.315, -2.927e-6
-1.314, -2.927e-6
-1.313, -2.927e-6
-1.312, -2.927e-6
-1.311, -2.927e-6
-1.310, -2.927e-6
-1.309, -2.927e-6
-1.308, -2.927e-6
-1.307, -2.927e-6
-1.306, -2.927e-6
-1.305, -2.927e-6
-1.304, -2.927e-6
-1.303, -2.927e-6
-1.302, -2.927e-6
-1.301, -2.927e-6
-1.300, -2.927e-6
-1.299, -2.927e-6
-1.298, -2.927e-6
-1.297, -2.927e-6
-1.296, -2.927e-6
-1.295, -2.927e-6
-1.294, -2.927e-6
-1.293, -2.927e-6
-1.292, -2.927e-6
-1.291, -2.927e-6
-1.290, -6.010e-6
-1.289, -2.927e-6
-1.288, -2.927e-6
-1.287, -2.927e-6
-1.286, -2.927e-6
-1.285, -2.927e-6
-1.284, -2.927e-6
-1.283, -2.927e-6
-1.282, -2.927e-6
-1.281, -2.927e-6
-1.280, -2.927e-6
-1.279, -2.927e-6
-1.278, -2.927e-6
-1.277, -2.927e-6
-1.276, -2.927e-6
-1.275, -2.927e-6
-1.274, -2.927e-6
-1.273, -2.927e-6
-1.272, -2.927e-6
-1.271, -2.927e-6
-1.270, -2.927e-6
-1.269, -2.927e-6
-1.268, -2.927e-6
-1.267, -6.010e-6
-1.266, -2.927e-6
-1.265, -6.010e-6
-1.264, -2.927e-6
-1.263, -2.927e-6
-1.262, -6.010e-6
-1.261, -2.927e-6
-1.260, -2.927e-6
-1.259, -6.010e-6
-1.258, -2.927e-6
-1.257, -2.927e-6
-1.256, -2.927e-6
-1.255, -2.927e-6
-1.254, -2.927e-6
-1.253, -6.010e-6
-1.252, -2.927e-6
-1.251, -2.927e-6
-1.250, -2.927e-6
-1.249, -2.927e-6
-1.248, -2.927e-6
-1.247, -6.010e-6
-1.246, -2.927e-6
-1.245, -2.927e-6
-1.244, -2.927e-6
-1.243, -2.927e-6
-1.242, -6.010e-6
-1.241, -2.927e-6
-1.240, -2.927e-6
-1.239, -6.010e-6
-1.238, -2.927e-6
-1.237, -6.010e-6
-1.236, -6.010e-6
-1.235, -2.927e-6
-1.234, -2.927e-6
-1.233, -6.010e-6
-1.232, -2.927e-6
-1.231, -2.927e-6
-1.230, -6.010e-6
-1.229, -2.927e-6
-1.228, -2.927e-6
-1.227, -6.010e-6
-1.226, -2.927e-6
-1.225, -6.010e-6
-1.224, -2.927e-6
-1.223, -2.927e-6
-1.222, -2.927e-6
-1.221, -2.927e-6
-1.220, -2.927e-6
-1.219, -6.010e-6
-1.218, -2.927e-6
-1.217, -2.927e-6
-1.216, -6.010e-6
-1.215, -2.927e-6
-1.214, -6.010e-6
-1.213, -6.010e-6
-1.212, -6.010e-6
-1.211, -6.010e-6
-1.210, -6.010e-6
-1.209, -2.927e-6
-1.208, -6.010e-6
-1.207, -6.010e-6
-1.206, -2.927e-6
-1.205, -6.010e-6
-1.204, -6.010e-6
-1.203, -2.927e-6
-1.202, -6.010e-6
-1.201, -6.010e-6
-1.200, -6.010e-6
-1.199, -6.010e-6
-1.198, -2.927e-6
-1.197, -6.010e-6
-1.196, -6.010e-6
-1.195, -6.010e-6
-1.194, -6.010e-6
-1.193, -6.010e-6
-1.192, -6.010e-6
-1.191, -6.010e-6
-1.190, -6.010e-6
-1.189, -2.927e-6
-1.188, -6.010e-6
-1.187, -6.010e-6
-1.186, -2.927e-6
-1.185, -6.010e-6
-1.184, -6.010e-6
-1.183, -6.010e-6
-1.182, -6.010e-6
-1.181, -6.010e-6
-1.180, -6.010e-6
-1.179, -6.010e-6
-1.178, -6.010e-6
-1.177, -6.010e-6
-1.176, -6.010e-6
-1.175, -6.010e-6
-1.174, -2.927e-6
-1.173, -6.010e-6
-1.172, -6.010e-6
-1.171, -6.010e-6
-1.170, -6.010e-6
-1.169, -6.010e-6
-1.168, -6.010e-6
-1.167, -6.010e-6
-1.166, -2.927e-6
-1.165, -6.010e-6
-1.164, -6.010e-6
-1.163, -6.010e-6
-1.162, -6.010e-6
-1.161, -6.010e-6
-1.160, -6.010e-6
-1.159, -6.010e-6
-1.158, -6.010e-6
-1.157, -6.010e-6
-1.156, -6.010e-6
-1.155, -6.010e-6
-1.154, -6.010e-6
-1.153, -6.010e-6
-1.152, -6.010e-6
-1.151, -6.010e-6
-1.150, -6.010e-6
-1.149, -6.010e-6
-1.148, -6.010e-6
-1.147, -6.010e-6
-1.146, -6.010e-6
-1.145, -6.010e-6
-1.144, -6.010e-6
-1.143, -6.010e-6
-1.142, -6.010e-6
-1.141, -6.010e-6
-1.140, -6.010e-6
-1.139, -6.010e-6
-1.138, -6.010e-6
-1.137, -6.010e-6
-1.136, -6.010e-6
-1.135, -6.010e-6
-1.134, -6.010e-6
-1.133, -6.010e-6
-1.132, -6.010e-6
-1.131, -6.010e-6
-1.130, -6.010e-6
-1.129, -6.010e-6
-1.128, -6.010e-6
-1.127, -6.010e-6
-1.126, -6.010e-6
-1.125, -6.010e-6
-1.124, -6.010e-6
-1.123, -6.010e-6
-1.122, -6.010e-6
-1.121, -6.010e-6
-1.120, -6.010e-6
-1.119, -6.010e-6
-1.118, -6.010e-6
-1.117, -6.010e-6
-1.116, -6.010e-6
-1.115, -6.010e-6
-1.114, -6.010e-6
-1.113, -6.010e-6
-1.112, -6.010e-6
-1.111, -6.010e-6
-1.110, -6.010e-6
-1.109, -6.010e-6
-1.108, -6.010e-6
-1.107, -6.010e-6
-1.106, -6.010e-6
-1.105, -6.010e-6
-1.104, -6.010e-6
-1.103, -6.010e-6
-1.102, -6.010e-6
-1.101, -6.010e-6
-1.100, -6.010e-6
-1.099, -6.010e-6
-1.098, -6.010e-6
-1.097, -6.010e-6
-1.096, -6.010e-6
-1.095, -6.010e-6
-1.094, -6.010e-6
-1.093, -6.010e-6
-1.092, -6.010e-6
-1.091, -6.010e-6
-1.090, -6.010e-6
-1.089, -6.010e-6
-1.088, -6.010e-6
-1.087, -6.010e-6
-1.086, -6.010e-6
-1.085, -6.010e-6
-1.084, -6.010e-6
-1.083, -6.010e-6
-1.082, -6.010e-6
-1.081, -6.010e-6
-1.080, -6.010e-6
-1.079, -6.010e-6
-1.078, -6.010e-6
-1.077, -6.010e-6
-1.076, -6.010e-6
-1.075, -6.010e-6
-1.074, -6.010e-6
-1.073, -9.093e-6
-1.072, -6.010e-6
-1.071, -9.093e-6
-1.070, -6.010e-6
-1.069, -6.010e-6
-1.068, -9.093e-6
-1.067, -6.010e-6
-1.066, -6.010e-6
-1.065, -9.093e-6
-1.064, -6.010e-6
-1.063, -6.010e-6
-1.062, -9.093e-6
-1.061, -6.010e-6
-1.060, -6.010e-6
-1.059, -9.093e-6
-1.058, -6.010e-6
-1.057, -9.093e-6
-1.056, -9.093e-6
-1.055, -6.010e-6
-1.054, -9.093e-6
-1.053, -9.093e-6
-1.052, -9.093e-6
-1.051, -9.093e-6
-1.050, -6.010e-6
-1.049, -6.010e-6
-1.048, -9.093e-6
-1.047, -6.010e-6
-1.046, -6.010e-6
-1.045, -9.093e-6
-1.044, -9.093e-6
-1.043, -6.010e-6
-1.042, -9.093e-6
-1.041, -6.010e-6
-1.040, -9.093e-6
-1.039, -9.093e-6
-1.038, -6.010e-6
-1.037, -9.093e-6
-1.036, -9.093e-6
-1.035, -9.093e-6
-1.034, -9.093e-6
-1.033, -9.093e-6
-1.032, -9.093e-6
-1.031, -9.093e-6
-1.030, -6.010e-6
-1.029, -9.093e-6
-1.028, -9.093e-6
-1.027, -9.093e-6
-1.026, -9.093e-6
-1.025, -9.093e-6
-1.024, -9.093e-6
-1.023, -9.093e-6
-1.022, -9.093e-6
-1.021, -9.093e-6
-1.020, -9.093e-6
-1.019, -9.093e-6
-1.018, -9.093e-6
-1.017, -9.093e-6
-1.016, -9.093e-6
-1.015, -9.093e-6
-1.014, -9.093e-6
-1.013, -6.010e-6
-1.012, -9.093e-6
-1.011, -9.093e-6
-1.010, -9.093e-6
-1.009, -9.093e-6
-1.008, -9.093e-6
-1.007, -9.093e-6
-1.006, -9.093e-6
-1.005, -9.093e-6
-1.004, -9.093e-6
-1.003, -9.093e-6
-1.002, -9.093e-6
-1.001, -9.093e-6
