Aug. 30, 2024   12:16:35
Cyclic Voltammetry
File: c:/users/guazh/data/20240829_batch_215_500/2024-08-29-exp220\exp220-2024-08-30t11_58_11-arkoh\exp220_cv_sr_100mvs_efin_-1800mv.bin
Data Source:  Experiment
Instrument Model:  CHI760E
Header: CV ran at 100 mVs
Note: 

Init E (V) = -1
High E (V) = -1
Low E (V) = -1.8
Final E (V) = -1
Init P/N = N
Scan Rate (V/s) = 0.1
Segment = 3
Sample Interval (V) = 0.001
Quiet Time (sec) = 2
Sensitivity (A/V) = 0.01
Comp R (ohm) = 1.5

Results:

Channel 1:
Segment 1:

Segment 2:

Segment 3:

Potential/V, Current/A

-1.000, -7.518e-7
-1.001, -4.755e-7
-1.002, -2.684e-7
-1.003, -8.090e-8
-1.004, -7.103e-8
-1.005, -2.171e-8
-1.006, 2.644e-7
-1.007, 3.039e-7
-1.008, 1.559e-7
-1.009, 3.631e-7
-1.010, 3.927e-7
-1.011, 3.729e-7
-1.012, 4.815e-7
-1.013, 4.223e-7
-1.014, 5.209e-7
-1.015, 5.505e-7
-1.016, 6.590e-7
-1.017, 6.788e-7
-1.018, 7.281e-7
-1.019, 6.886e-7
-1.020, 8.169e-7
-1.021, 8.958e-7
-1.022, 8.070e-7
-1.023, 7.676e-7
-1.024, 9.649e-7
-1.025, 9.452e-7
-1.026, 1.123e-6
-1.027, 1.162e-6
-1.028, 1.073e-6
-1.029, 1.162e-6
-1.030, 1.073e-6
-1.031, 1.241e-6
-1.032, 1.271e-6
-1.033, 1.192e-6
-1.034, 1.340e-6
-1.035, 1.172e-6
-1.036, 1.241e-6
-1.037, 1.438e-6
-1.038, 1.389e-6
-1.039, 1.438e-6
-1.040, 1.340e-6
-1.041, 1.508e-6
-1.042, 1.488e-6
-1.043, 1.468e-6
-1.044, 1.478e-6
-1.045, 1.508e-6
-1.046, 1.468e-6
-1.047, 1.498e-6
-1.048, 1.458e-6
-1.049, 1.498e-6
-1.050, 1.636e-6
-1.051, 1.774e-6
-1.052, 1.626e-6
-1.053, 1.725e-6
-1.054, 1.596e-6
-1.055, 1.626e-6
-1.056, 1.823e-6
-1.057, 1.695e-6
-1.058, 1.675e-6
-1.059, 1.725e-6
-1.060, 1.715e-6
-1.061, 1.784e-6
-1.062, 1.823e-6
-1.063, 1.823e-6
-1.064, 1.794e-6
-1.065, 1.882e-6
-1.066, 1.971e-6
-1.067, 1.813e-6
-1.068, 1.912e-6
-1.069, 1.873e-6
-1.070, 1.922e-6
-1.071, 1.961e-6
-1.072, 1.981e-6
-1.073, 2.001e-6
-1.074, 1.902e-6
-1.075, 2.050e-6
-1.076, 2.090e-6
-1.077, 2.080e-6
-1.078, 2.040e-6
-1.079, 2.109e-6
-1.080, 1.981e-6
-1.081, 2.021e-6
-1.082, 2.198e-6
-1.083, 2.099e-6
-1.084, 2.139e-6
-1.085, 2.080e-6
-1.086, 2.080e-6
-1.087, 2.099e-6
-1.088, 2.198e-6
-1.089, 2.188e-6
-1.090, 2.238e-6
-1.091, 2.169e-6
-1.092, 2.188e-6
-1.093, 2.198e-6
-1.094, 2.218e-6
-1.095, 2.297e-6
-1.096, 2.238e-6
-1.097, 2.277e-6
-1.098, 2.336e-6
-1.099, 2.307e-6
-1.100, 2.425e-6
-1.101, 2.317e-6
-1.102, 2.346e-6
-1.103, 2.386e-6
-1.104, 2.484e-6
-1.105, 2.297e-6
-1.106, 2.326e-6
-1.107, 2.415e-6
-1.108, 2.553e-6
-1.109, 2.435e-6
-1.110, 2.435e-6
-1.111, 2.425e-6
-1.112, 2.474e-6
-1.113, 2.494e-6
-1.114, 2.494e-6
-1.115, 2.445e-6
-1.116, 2.524e-6
-1.117, 2.563e-6
-1.118, 2.613e-6
-1.119, 2.435e-6
-1.120, 2.543e-6
-1.121, 2.563e-6
-1.122, 2.563e-6
-1.123, 2.553e-6
-1.124, 2.583e-6
-1.125, 2.504e-6
-1.126, 2.622e-6
-1.127, 2.622e-6
-1.128, 2.642e-6
-1.129, 2.652e-6
-1.130, 2.672e-6
-1.131, 2.642e-6
-1.132, 2.682e-6
-1.133, 2.760e-6
-1.134, 2.760e-6
-1.135, 2.741e-6
-1.136, 2.830e-6
-1.137, 2.741e-6
-1.138, 2.701e-6
-1.139, 2.701e-6
-1.140, 2.632e-6
-1.141, 2.859e-6
-1.142, 2.751e-6
-1.143, 2.830e-6
-1.144, 2.859e-6
-1.145, 2.849e-6
-1.146, 2.899e-6
-1.147, 2.820e-6
-1.148, 2.928e-6
-1.149, 2.790e-6
-1.150, 2.810e-6
-1.151, 2.987e-6
-1.152, 2.997e-6
-1.153, 2.889e-6
-1.154, 2.849e-6
-1.155, 2.879e-6
-1.156, 2.830e-6
-1.157, 2.918e-6
-1.158, 2.928e-6
-1.159, 2.968e-6
-1.160, 3.007e-6
-1.161, 2.948e-6
-1.162, 2.928e-6
-1.163, 2.810e-6
-1.164, 2.889e-6
-1.165, 2.948e-6
-1.166, 3.056e-6
-1.167, 3.037e-6
-1.168, 3.007e-6
-1.169, 2.987e-6
-1.170, 2.997e-6
-1.171, 3.185e-6
-1.172, 3.076e-6
-1.173, 3.195e-6
-1.174, 2.987e-6
-1.175, 3.165e-6
-1.176, 3.165e-6
-1.177, 3.244e-6
-1.178, 3.076e-6
-1.179, 3.165e-6
-1.180, 3.106e-6
-1.181, 3.234e-6
-1.182, 3.165e-6
-1.183, 3.165e-6
-1.184, 3.106e-6
-1.185, 3.254e-6
-1.186, 3.126e-6
-1.187, 3.274e-6
-1.188, 3.126e-6
-1.189, 3.254e-6
-1.190, 3.204e-6
-1.191, 3.431e-6
-1.192, 3.293e-6
-1.193, 3.303e-6
-1.194, 3.431e-6
-1.195, 3.244e-6
-1.196, 3.293e-6
-1.197, 3.451e-6
-1.198, 3.274e-6
-1.199, 3.303e-6
-1.200, 3.293e-6
-1.201, 3.402e-6
-1.202, 3.402e-6
-1.203, 3.431e-6
-1.204, 3.392e-6
-1.205, 3.599e-6
-1.206, 3.471e-6
-1.207, 3.530e-6
-1.208, 3.422e-6
-1.209, 3.500e-6
-1.210, 3.491e-6
-1.211, 3.540e-6
-1.212, 3.451e-6
-1.213, 3.431e-6
-1.214, 3.461e-6
-1.215, 3.560e-6
-1.216, 3.629e-6
-1.217, 3.491e-6
-1.218, 3.589e-6
-1.219, 3.619e-6
-1.220, 3.639e-6
-1.221, 3.619e-6
-1.222, 3.668e-6
-1.223, 3.560e-6
-1.224, 3.609e-6
-1.225, 3.599e-6
-1.226, 3.609e-6
-1.227, 3.757e-6
-1.228, 3.698e-6
-1.229, 3.944e-6
-1.230, 3.905e-6
-1.231, 3.865e-6
-1.232, 3.895e-6
-1.233, 3.757e-6
-1.234, 3.944e-6
-1.235, 3.895e-6
-1.236, 3.885e-6
-1.237, 3.875e-6
-1.238, 3.915e-6
-1.239, 3.925e-6
-1.240, 3.935e-6
-1.241, 4.013e-6
-1.242, 4.043e-6
-1.243, 3.974e-6
-1.244, 3.994e-6
-1.245, 4.063e-6
-1.246, 4.004e-6
-1.247, 4.043e-6
-1.248, 4.013e-6
-1.249, 4.112e-6
-1.250, 4.211e-6
-1.251, 4.191e-6
-1.252, 4.201e-6
-1.253, 4.152e-6
-1.254, 4.231e-6
-1.255, 4.280e-6
-1.256, 4.388e-6
-1.257, 4.260e-6
-1.258, 4.280e-6
-1.259, 4.171e-6
-1.260, 4.280e-6
-1.261, 4.517e-6
-1.262, 4.329e-6
-1.263, 4.270e-6
-1.264, 4.329e-6
-1.265, 4.309e-6
-1.266, 4.487e-6
-1.267, 4.556e-6
-1.268, 4.556e-6
-1.269, 4.388e-6
-1.270, 4.526e-6
-1.271, 4.635e-6
-1.272, 4.605e-6
-1.273, 4.605e-6
-1.274, 4.576e-6
-1.275, 4.714e-6
-1.276, 4.773e-6
-1.277, 4.714e-6
-1.278, 4.556e-6
-1.279, 4.635e-6
-1.280, 4.822e-6
-1.281, 4.901e-6
-1.282, 4.901e-6
-1.283, 4.872e-6
-1.284, 4.911e-6
-1.285, 4.832e-6
-1.286, 5.069e-6
-1.287, 5.069e-6
-1.288, 4.970e-6
-1.289, 5.109e-6
-1.290, 5.109e-6
-1.291, 5.158e-6
-1.292, 5.118e-6
-1.293, 5.138e-6
-1.294, 5.188e-6
-1.295, 5.237e-6
-1.296, 5.395e-6
-1.297, 5.395e-6
-1.298, 5.237e-6
-1.299, 5.424e-6
-1.300, 5.454e-6
-1.301, 5.395e-6
-1.302, 5.434e-6
-1.303, 5.375e-6
-1.304, 5.434e-6
-1.305, 5.355e-6
-1.306, 5.602e-6
-1.307, 5.681e-6
-1.308, 5.710e-6
-1.309, 5.641e-6
-1.310, 5.779e-6
-1.311, 6.006e-6
-1.312, 5.947e-6
-1.313, 5.849e-6
-1.314, 5.957e-6
-1.315, 5.997e-6
-1.316, 6.016e-6
-1.317, 6.135e-6
-1.318, 6.164e-6
-1.319, 6.135e-6
-1.320, 6.204e-6
-1.321, 6.322e-6
-1.322, 6.283e-6
-1.323, 6.352e-6
-1.324, 6.421e-6
-1.325, 6.510e-6
-1.326, 6.579e-6
-1.327, 6.658e-6
-1.328, 6.510e-6
-1.329, 6.756e-6
-1.330, 6.618e-6
-1.331, 6.914e-6
-1.332, 6.993e-6
-1.333, 6.934e-6
-1.334, 7.131e-6
-1.335, 6.983e-6
-1.336, 7.230e-6
-1.337, 7.250e-6
-1.338, 7.309e-6
-1.339, 7.348e-6
-1.340, 7.299e-6
-1.341, 7.486e-6
-1.342, 7.644e-6
-1.343, 7.437e-6
-1.344, 7.802e-6
-1.345, 7.841e-6
-1.346, 8.039e-6
-1.347, 7.989e-6
-1.348, 8.098e-6
-1.349, 8.167e-6
-1.350, 8.147e-6
-1.351, 8.493e-6
-1.352, 8.345e-6
-1.353, 8.483e-6
-1.354, 8.552e-6
-1.355, 8.542e-6
-1.356, 8.690e-6
-1.357, 8.877e-6
-1.358, 8.946e-6
-1.359, 9.035e-6
-1.360, 9.154e-6
-1.361, 9.223e-6
-1.362, 9.321e-6
-1.363, 9.489e-6
-1.364, 9.538e-6
-1.365, 9.736e-6
-1.366, 9.864e-6
-1.367, 9.923e-6
-1.368, 9.913e-6
-1.369, 1.021e-5
-1.370, 1.036e-5
-1.371, 1.044e-5
-1.372, 1.043e-5
-1.373, 1.060e-5
-1.374, 1.077e-5
-1.375, 1.094e-5
-1.376, 1.108e-5
-1.377, 1.120e-5
-1.378, 1.129e-5
-1.379, 1.142e-5
-1.380, 1.161e-5
-1.381, 1.170e-5
-1.382, 1.186e-5
-1.383, 1.201e-5
-1.384, 1.218e-5
-1.385, 1.237e-5
-1.386, 1.270e-5
-1.387, 1.277e-5
-1.388, 1.285e-5
-1.389, 1.311e-5
-1.390, 1.313e-5
-1.391, 1.338e-5
-1.392, 1.358e-5
-1.393, 1.378e-5
-1.394, 1.378e-5
-1.395, 1.403e-5
-1.396, 1.439e-5
-1.397, 1.447e-5
-1.398, 1.474e-5
-1.399, 1.502e-5
-1.400, 1.511e-5
-1.401, 1.547e-5
-1.402, 1.559e-5
-1.403, 1.575e-5
-1.404, 1.586e-5
-1.405, 1.619e-5
-1.406, 1.641e-5
-1.407, 1.658e-5
-1.408, 1.679e-5
-1.409, 1.713e-5
-1.410, 1.736e-5
-1.411, 1.777e-5
-1.412, 1.790e-5
-1.413, 1.809e-5
-1.414, 1.831e-5
-1.415, 1.856e-5
-1.416, 1.891e-5
-1.417, 1.917e-5
-1.418, 1.948e-5
-1.419, 1.971e-5
-1.420, 1.994e-5
-1.421, 2.037e-5
-1.422, 2.061e-5
-1.423, 2.092e-5
-1.424, 2.121e-5
-1.425, 2.160e-5
-1.426, 2.177e-5
-1.427, 2.205e-5
-1.428, 2.252e-5
-1.429, 2.279e-5
-1.430, 2.310e-5
-1.431, 2.347e-5
-1.432, 2.382e-5
-1.433, 2.418e-5
-1.434, 2.459e-5
-1.435, 2.496e-5
-1.436, 2.539e-5
-1.437, 2.577e-5
-1.438, 2.611e-5
-1.439, 2.639e-5
-1.440, 2.690e-5
-1.441, 2.742e-5
-1.442, 2.767e-5
-1.443, 2.799e-5
-1.444, 2.846e-5
-1.445, 2.887e-5
-1.446, 2.950e-5
-1.447, 2.998e-5
-1.448, 3.035e-5
-1.449, 3.066e-5
-1.450, 3.120e-5
-1.451, 3.160e-5
-1.452, 3.221e-5
-1.453, 3.284e-5
-1.454, 3.303e-5
-1.455, 3.371e-5
-1.456, 3.421e-5
-1.457, 3.481e-5
-1.458, 3.527e-5
-1.459, 3.588e-5
-1.460, 3.632e-5
-1.461, 3.686e-5
-1.462, 3.756e-5
-1.463, 3.795e-5
-1.464, 3.859e-5
-1.465, 3.921e-5
-1.466, 4.000e-5
-1.467, 4.047e-5
-1.468, 4.104e-5
-1.469, 4.182e-5
-1.470, 4.239e-5
-1.471, 4.313e-5
-1.472, 4.382e-5
-1.473, 4.443e-5
-1.474, 4.522e-5
-1.475, 4.587e-5
-1.476, 4.659e-5
-1.477, 4.736e-5
-1.478, 4.788e-5
-1.479, 4.867e-5
-1.480, 4.940e-5
-1.481, 5.039e-5
-1.482, 5.112e-5
-1.483, 5.193e-5
-1.484, 5.268e-5
-1.485, 5.360e-5
-1.486, 5.448e-5
-1.487, 5.522e-5
-1.488, 5.610e-5
-1.489, 5.702e-5
-1.490, 5.788e-5
-1.491, 5.892e-5
-1.492, 5.982e-5
-1.493, 6.069e-5
-1.494, 6.150e-5
-1.495, 6.264e-5
-1.496, 6.361e-5
-1.497, 6.475e-5
-1.498, 6.563e-5
-1.499, 6.658e-5
-1.500, 6.774e-5
-1.501, 6.883e-5
-1.502, 6.990e-5
-1.503, 7.105e-5
-1.504, 7.212e-5
-1.505, 7.328e-5
-1.506, 7.442e-5
-1.507, 7.566e-5
-1.508, 7.694e-5
-1.509, 7.799e-5
-1.510, 7.933e-5
-1.511, 8.064e-5
-1.512, 8.181e-5
-1.513, 8.318e-5
-1.514, 8.450e-5
-1.515, 8.578e-5
-1.516, 8.730e-5
-1.517, 8.865e-5
-1.518, 9.006e-5
-1.519, 9.138e-5
-1.520, 9.280e-5
-1.521, 9.429e-5
-1.522, 9.586e-5
-1.523, 9.722e-5
-1.524, 9.889e-5
-1.525, 1.005e-4
-1.526, 1.021e-4
-1.527, 1.036e-4
-1.528, 1.053e-4
-1.529, 1.068e-4
-1.530, 1.086e-4
-1.531, 1.104e-4
-1.532, 1.121e-4
-1.533, 1.138e-4
-1.534, 1.155e-4
-1.535, 1.174e-4
-1.536, 1.193e-4
-1.537, 1.212e-4
-1.538, 1.229e-4
-1.539, 1.251e-4
-1.540, 1.270e-4
-1.541, 1.289e-4
-1.542, 1.308e-4
-1.543, 1.330e-4
-1.544, 1.350e-4
-1.545, 1.370e-4
-1.546, 1.394e-4
-1.547, 1.415e-4
-1.548, 1.438e-4
-1.549, 1.461e-4
-1.550, 1.483e-4
-1.551, 1.506e-4
-1.552, 1.529e-4
-1.553, 1.553e-4
-1.554, 1.577e-4
-1.555, 1.601e-4
-1.556, 1.627e-4
-1.557, 1.653e-4
-1.558, 1.678e-4
-1.559, 1.701e-4
-1.560, 1.728e-4
-1.561, 1.758e-4
-1.562, 1.784e-4
-1.563, 1.811e-4
-1.564, 1.839e-4
-1.565, 1.868e-4
-1.566, 1.900e-4
-1.567, 1.926e-4
-1.568, 1.956e-4
-1.569, 1.985e-4
-1.570, 2.017e-4
-1.571, 2.048e-4
-1.572, 2.079e-4
-1.573, 2.111e-4
-1.574, 2.144e-4
-1.575, 2.177e-4
-1.576, 2.212e-4
-1.577, 2.245e-4
-1.578, 2.279e-4
-1.579, 2.312e-4
-1.580, 2.347e-4
-1.581, 2.384e-4
-1.582, 2.421e-4
-1.583, 2.458e-4
-1.584, 2.496e-4
-1.585, 2.534e-4
-1.586, 2.574e-4
-1.587, 2.613e-4
-1.588, 2.654e-4
-1.589, 2.698e-4
-1.590, 2.737e-4
-1.591, 2.780e-4
-1.592, 2.823e-4
-1.593, 2.867e-4
-1.594, 2.912e-4
-1.595, 2.956e-4
-1.596, 3.002e-4
-1.597, 3.047e-4
-1.598, 3.094e-4
-1.599, 3.141e-4
-1.600, 3.188e-4
-1.601, 3.239e-4
-1.602, 3.288e-4
-1.603, 3.339e-4
-1.604, 3.390e-4
-1.605, 3.441e-4
-1.606, 3.494e-4
-1.607, 3.547e-4
-1.608, 3.600e-4
-1.609, 3.655e-4
-1.610, 3.712e-4
-1.611, 3.772e-4
-1.612, 3.832e-4
-1.613, 3.890e-4
-1.614, 3.951e-4
-1.615, 4.009e-4
-1.616, 4.071e-4
-1.617, 4.132e-4
-1.618, 4.193e-4
-1.619, 4.257e-4
-1.620, 4.322e-4
-1.621, 4.388e-4
-1.622, 4.455e-4
-1.623, 4.523e-4
-1.624, 4.590e-4
-1.625, 4.658e-4
-1.626, 4.730e-4
-1.627, 4.803e-4
-1.628, 4.877e-4
-1.629, 4.950e-4
-1.630, 5.025e-4
-1.631, 5.099e-4
-1.632, 5.177e-4
-1.633, 5.257e-4
-1.634, 5.339e-4
-1.635, 5.419e-4
-1.636, 5.503e-4
-1.637, 5.588e-4
-1.638, 5.676e-4
-1.639, 5.766e-4
-1.640, 5.852e-4
-1.641, 5.941e-4
-1.642, 6.031e-4
-1.643, 6.120e-4
-1.644, 6.211e-4
-1.645, 6.298e-4
-1.646, 6.393e-4
-1.647, 6.494e-4
-1.648, 6.590e-4
-1.649, 6.692e-4
-1.650, 6.796e-4
-1.651, 6.896e-4
-1.652, 6.999e-4
-1.653, 7.095e-4
-1.654, 7.205e-4
-1.655, 7.313e-4
-1.656, 7.422e-4
-1.657, 7.535e-4
-1.658, 7.644e-4
-1.659, 7.765e-4
-1.660, 7.886e-4
-1.661, 8.005e-4
-1.662, 8.125e-4
-1.663, 8.248e-4
-1.664, 8.372e-4
-1.665, 8.498e-4
-1.666, 8.619e-4
-1.667, 8.748e-4
-1.668, 8.880e-4
-1.669, 9.006e-4
-1.670, 9.140e-4
-1.671, 9.276e-4
-1.672, 9.411e-4
-1.673, 9.552e-4
-1.674, 9.690e-4
-1.675, 9.830e-4
-1.676, 9.976e-4
-1.677, 1.012e-3
-1.678, 1.027e-3
-1.679, 1.042e-3
-1.680, 1.056e-3
-1.681, 1.071e-3
-1.682, 1.087e-3
-1.683, 1.103e-3
-1.684, 1.119e-3
-1.685, 1.135e-3
-1.686, 1.150e-3
-1.687, 1.167e-3
-1.688, 1.184e-3
-1.689, 1.201e-3
-1.690, 1.217e-3
-1.691, 1.233e-3
-1.692, 1.250e-3
-1.693, 1.268e-3
-1.694, 1.286e-3
-1.695, 1.305e-3
-1.696, 1.324e-3
-1.697, 1.342e-3
-1.698, 1.360e-3
-1.699, 1.378e-3
-1.700, 1.398e-3
-1.701, 1.418e-3
-1.702, 1.438e-3
-1.703, 1.457e-3
-1.704, 1.477e-3
-1.705, 1.499e-3
-1.706, 1.520e-3
-1.707, 1.541e-3
-1.708, 1.562e-3
-1.709, 1.584e-3
-1.710, 1.605e-3
-1.711, 1.627e-3
-1.712, 1.651e-3
-1.713, 1.673e-3
-1.714, 1.696e-3
-1.715, 1.719e-3
-1.716, 1.742e-3
-1.717, 1.766e-3
-1.718, 1.792e-3
-1.719, 1.815e-3
-1.720, 1.839e-3
-1.721, 1.864e-3
-1.722, 1.888e-3
-1.723, 1.913e-3
-1.724, 1.940e-3
-1.725, 1.966e-3
-1.726, 1.991e-3
-1.727, 2.017e-3
-1.728, 2.043e-3
-1.729, 2.069e-3
-1.730, 2.097e-3
-1.731, 2.123e-3
-1.732, 2.150e-3
-1.733, 2.178e-3
-1.734, 2.205e-3
-1.735, 2.234e-3
-1.736, 2.263e-3
-1.737, 2.290e-3
-1.738, 2.319e-3
-1.739, 2.348e-3
-1.740, 2.380e-3
-1.741, 2.410e-3
-1.742, 2.440e-3
-1.743, 2.468e-3
-1.744, 2.497e-3
-1.745, 2.531e-3
-1.746, 2.563e-3
-1.747, 2.595e-3
-1.748, 2.626e-3
-1.749, 2.658e-3
-1.750, 2.688e-3
-1.751, 2.721e-3
-1.752, 2.753e-3
-1.753, 2.784e-3
-1.754, 2.814e-3
-1.755, 2.846e-3
-1.756, 2.881e-3
-1.757, 2.918e-3
-1.758, 2.953e-3
-1.759, 2.983e-3
-1.760, 3.016e-3
-1.761, 3.051e-3
-1.762, 3.088e-3
-1.763, 3.124e-3
-1.764, 3.158e-3
-1.765, 3.191e-3
-1.766, 3.227e-3
-1.767, 3.266e-3
-1.768, 3.303e-3
-1.769, 3.340e-3
-1.770, 3.372e-3
-1.771, 3.409e-3
-1.772, 3.449e-3
-1.773, 3.487e-3
-1.774, 3.522e-3
-1.775, 3.557e-3
-1.776, 3.594e-3
-1.777, 3.633e-3
-1.778, 3.675e-3
-1.779, 3.717e-3
-1.780, 3.757e-3
-1.781, 3.793e-3
-1.782, 3.829e-3
-1.783, 3.870e-3
-1.784, 3.912e-3
-1.785, 3.954e-3
-1.786, 3.994e-3
-1.787, 4.032e-3
-1.788, 4.079e-3
-1.789, 4.123e-3
-1.790, 4.163e-3
-1.791, 4.198e-3
-1.792, 4.241e-3
-1.793, 4.286e-3
-1.794, 4.329e-3
-1.795, 4.367e-3
-1.796, 4.404e-3
-1.797, 4.446e-3
-1.798, 4.487e-3
-1.799, 4.530e-3
-1.800, 4.548e-3
-1.799, 4.526e-3
-1.798, 4.498e-3
-1.797, 4.465e-3
-1.796, 4.430e-3
-1.795, 4.404e-3
-1.794, 4.376e-3
-1.793, 4.347e-3
-1.792, 4.310e-3
-1.791, 4.273e-3
-1.790, 4.243e-3
-1.789, 4.212e-3
-1.788, 4.180e-3
-1.787, 4.145e-3
-1.786, 4.110e-3
-1.785, 4.079e-3
-1.784, 4.042e-3
-1.783, 4.008e-3
-1.782, 3.976e-3
-1.781, 3.942e-3
-1.780, 3.908e-3
-1.779, 3.874e-3
-1.778, 3.840e-3
-1.777, 3.808e-3
-1.776, 3.773e-3
-1.775, 3.737e-3
-1.774, 3.703e-3
-1.773, 3.671e-3
-1.772, 3.638e-3
-1.771, 3.605e-3
-1.770, 3.573e-3
-1.769, 3.537e-3
-1.768, 3.507e-3
-1.767, 3.479e-3
-1.766, 3.448e-3
-1.765, 3.417e-3
-1.764, 3.382e-3
-1.763, 3.344e-3
-1.762, 3.312e-3
-1.761, 3.280e-3
-1.760, 3.248e-3
-1.759, 3.214e-3
-1.758, 3.181e-3
-1.757, 3.150e-3
-1.756, 3.122e-3
-1.755, 3.095e-3
-1.754, 3.067e-3
-1.753, 3.035e-3
-1.752, 3.003e-3
-1.751, 2.974e-3
-1.750, 2.946e-3
-1.749, 2.917e-3
-1.748, 2.887e-3
-1.747, 2.859e-3
-1.746, 2.831e-3
-1.745, 2.806e-3
-1.744, 2.779e-3
-1.743, 2.750e-3
-1.742, 2.720e-3
-1.741, 2.693e-3
-1.740, 2.666e-3
-1.739, 2.641e-3
-1.738, 2.614e-3
-1.737, 2.587e-3
-1.736, 2.563e-3
-1.735, 2.537e-3
-1.734, 2.511e-3
-1.733, 2.485e-3
-1.732, 2.456e-3
-1.731, 2.428e-3
-1.730, 2.403e-3
-1.729, 2.377e-3
-1.728, 2.352e-3
-1.727, 2.326e-3
-1.726, 2.300e-3
-1.725, 2.274e-3
-1.724, 2.251e-3
-1.723, 2.227e-3
-1.722, 2.204e-3
-1.721, 2.177e-3
-1.720, 2.152e-3
-1.719, 2.128e-3
-1.718, 2.105e-3
-1.717, 2.082e-3
-1.716, 2.060e-3
-1.715, 2.036e-3
-1.714, 2.014e-3
-1.713, 1.992e-3
-1.712, 1.969e-3
-1.711, 1.946e-3
-1.710, 1.921e-3
-1.709, 1.898e-3
-1.708, 1.877e-3
-1.707, 1.856e-3
-1.706, 1.834e-3
-1.705, 1.813e-3
-1.704, 1.794e-3
-1.703, 1.772e-3
-1.702, 1.751e-3
-1.701, 1.731e-3
-1.700, 1.712e-3
-1.699, 1.692e-3
-1.698, 1.670e-3
-1.697, 1.650e-3
-1.696, 1.631e-3
-1.695, 1.612e-3
-1.694, 1.592e-3
-1.693, 1.571e-3
-1.692, 1.551e-3
-1.691, 1.532e-3
-1.690, 1.513e-3
-1.689, 1.494e-3
-1.688, 1.476e-3
-1.687, 1.457e-3
-1.686, 1.439e-3
-1.685, 1.422e-3
-1.684, 1.405e-3
-1.683, 1.388e-3
-1.682, 1.371e-3
-1.681, 1.353e-3
-1.680, 1.337e-3
-1.679, 1.320e-3
-1.678, 1.303e-3
-1.677, 1.286e-3
-1.676, 1.269e-3
-1.675, 1.253e-3
-1.674, 1.238e-3
-1.673, 1.222e-3
-1.672, 1.207e-3
-1.671, 1.192e-3
-1.670, 1.176e-3
-1.669, 1.161e-3
-1.668, 1.146e-3
-1.667, 1.132e-3
-1.666, 1.117e-3
-1.665, 1.102e-3
-1.664, 1.087e-3
-1.663, 1.073e-3
-1.662, 1.059e-3
-1.661, 1.045e-3
-1.660, 1.031e-3
-1.659, 1.017e-3
-1.658, 1.004e-3
-1.657, 9.908e-4
-1.656, 9.775e-4
-1.655, 9.646e-4
-1.654, 9.516e-4
-1.653, 9.382e-4
-1.652, 9.257e-4
-1.651, 9.134e-4
-1.650, 9.014e-4
-1.649, 8.892e-4
-1.648, 8.766e-4
-1.647, 8.646e-4
-1.646, 8.527e-4
-1.645, 8.411e-4
-1.644, 8.293e-4
-1.643, 8.174e-4
-1.642, 8.050e-4
-1.641, 7.932e-4
-1.640, 7.824e-4
-1.639, 7.712e-4
-1.638, 7.601e-4
-1.637, 7.497e-4
-1.636, 7.391e-4
-1.635, 7.284e-4
-1.634, 7.182e-4
-1.633, 7.080e-4
-1.632, 6.976e-4
-1.631, 6.875e-4
-1.630, 6.773e-4
-1.629, 6.671e-4
-1.628, 6.573e-4
-1.627, 6.480e-4
-1.626, 6.384e-4
-1.625, 6.290e-4
-1.624, 6.197e-4
-1.623, 6.108e-4
-1.622, 6.022e-4
-1.621, 5.938e-4
-1.620, 5.851e-4
-1.619, 5.763e-4
-1.618, 5.673e-4
-1.617, 5.591e-4
-1.616, 5.508e-4
-1.615, 5.427e-4
-1.614, 5.346e-4
-1.613, 5.262e-4
-1.612, 5.182e-4
-1.611, 5.104e-4
-1.610, 5.025e-4
-1.609, 4.951e-4
-1.608, 4.878e-4
-1.607, 4.800e-4
-1.606, 4.725e-4
-1.605, 4.654e-4
-1.604, 4.583e-4
-1.603, 4.513e-4
-1.602, 4.445e-4
-1.601, 4.374e-4
-1.600, 4.306e-4
-1.599, 4.240e-4
-1.598, 4.177e-4
-1.597, 4.113e-4
-1.596, 4.050e-4
-1.595, 3.986e-4
-1.594, 3.924e-4
-1.593, 3.862e-4
-1.592, 3.802e-4
-1.591, 3.741e-4
-1.590, 3.679e-4
-1.589, 3.621e-4
-1.588, 3.561e-4
-1.587, 3.505e-4
-1.586, 3.450e-4
-1.585, 3.394e-4
-1.584, 3.337e-4
-1.583, 3.283e-4
-1.582, 3.231e-4
-1.581, 3.179e-4
-1.580, 3.127e-4
-1.579, 3.078e-4
-1.578, 3.027e-4
-1.577, 2.979e-4
-1.576, 2.929e-4
-1.575, 2.880e-4
-1.574, 2.833e-4
-1.573, 2.785e-4
-1.572, 2.740e-4
-1.571, 2.693e-4
-1.570, 2.647e-4
-1.569, 2.605e-4
-1.568, 2.560e-4
-1.567, 2.518e-4
-1.566, 2.476e-4
-1.565, 2.435e-4
-1.564, 2.394e-4
-1.563, 2.354e-4
-1.562, 2.315e-4
-1.561, 2.274e-4
-1.560, 2.238e-4
-1.559, 2.201e-4
-1.558, 2.163e-4
-1.557, 2.127e-4
-1.556, 2.090e-4
-1.555, 2.054e-4
-1.554, 2.021e-4
-1.553, 1.983e-4
-1.552, 1.951e-4
-1.551, 1.916e-4
-1.550, 1.884e-4
-1.549, 1.851e-4
-1.548, 1.818e-4
-1.547, 1.787e-4
-1.546, 1.757e-4
-1.545, 1.725e-4
-1.544, 1.696e-4
-1.543, 1.665e-4
-1.542, 1.635e-4
-1.541, 1.607e-4
-1.540, 1.579e-4
-1.539, 1.551e-4
-1.538, 1.523e-4
-1.537, 1.495e-4
-1.536, 1.468e-4
-1.535, 1.441e-4
-1.534, 1.416e-4
-1.533, 1.390e-4
-1.532, 1.365e-4
-1.531, 1.340e-4
-1.530, 1.315e-4
-1.529, 1.292e-4
-1.528, 1.268e-4
-1.527, 1.245e-4
-1.526, 1.223e-4
-1.525, 1.200e-4
-1.524, 1.180e-4
-1.523, 1.156e-4
-1.522, 1.135e-4
-1.521, 1.115e-4
-1.520, 1.094e-4
-1.519, 1.076e-4
-1.518, 1.055e-4
-1.517, 1.034e-4
-1.516, 1.015e-4
-1.515, 9.963e-5
-1.514, 9.792e-5
-1.513, 9.587e-5
-1.512, 9.419e-5
-1.511, 9.237e-5
-1.510, 9.060e-5
-1.509, 8.902e-5
-1.508, 8.719e-5
-1.507, 8.549e-5
-1.506, 8.389e-5
-1.505, 8.244e-5
-1.504, 8.073e-5
-1.503, 7.919e-5
-1.502, 7.756e-5
-1.501, 7.603e-5
-1.500, 7.470e-5
-1.499, 7.337e-5
-1.498, 7.179e-5
-1.497, 7.040e-5
-1.496, 6.910e-5
-1.495, 6.771e-5
-1.494, 6.651e-5
-1.493, 6.516e-5
-1.492, 6.383e-5
-1.491, 6.261e-5
-1.490, 6.138e-5
-1.489, 6.023e-5
-1.488, 5.902e-5
-1.487, 5.771e-5
-1.486, 5.665e-5
-1.485, 5.544e-5
-1.484, 5.438e-5
-1.483, 5.319e-5
-1.482, 5.212e-5
-1.481, 5.106e-5
-1.480, 5.011e-5
-1.479, 4.911e-5
-1.478, 4.799e-5
-1.477, 4.717e-5
-1.476, 4.629e-5
-1.475, 4.512e-5
-1.474, 4.431e-5
-1.473, 4.337e-5
-1.472, 4.235e-5
-1.471, 4.156e-5
-1.470, 4.060e-5
-1.469, 3.981e-5
-1.468, 3.884e-5
-1.467, 3.814e-5
-1.466, 3.735e-5
-1.465, 3.651e-5
-1.464, 3.593e-5
-1.463, 3.500e-5
-1.462, 3.417e-5
-1.461, 3.350e-5
-1.460, 3.270e-5
-1.459, 3.200e-5
-1.458, 3.128e-5
-1.457, 3.057e-5
-1.456, 2.990e-5
-1.455, 2.917e-5
-1.454, 2.875e-5
-1.453, 2.790e-5
-1.452, 2.746e-5
-1.451, 2.674e-5
-1.450, 2.611e-5
-1.449, 2.561e-5
-1.448, 2.501e-5
-1.447, 2.431e-5
-1.446, 2.376e-5
-1.445, 2.328e-5
-1.444, 2.261e-5
-1.443, 2.217e-5
-1.442, 2.191e-5
-1.441, 2.118e-5
-1.440, 2.069e-5
-1.439, 2.015e-5
-1.438, 1.976e-5
-1.437, 1.933e-5
-1.436, 1.889e-5
-1.435, 1.825e-5
-1.434, 1.783e-5
-1.433, 1.725e-5
-1.432, 1.697e-5
-1.431, 1.651e-5
-1.430, 1.612e-5
-1.429, 1.590e-5
-1.428, 1.536e-5
-1.427, 1.499e-5
-1.426, 1.456e-5
-1.425, 1.419e-5
-1.424, 1.394e-5
-1.423, 1.350e-5
-1.422, 1.303e-5
-1.421, 1.267e-5
-1.420, 1.234e-5
-1.419, 1.213e-5
-1.418, 1.179e-5
-1.417, 1.141e-5
-1.416, 1.126e-5
-1.415, 1.082e-5
-1.414, 1.053e-5
-1.413, 1.029e-5
-1.412, 9.825e-6
-1.411, 9.637e-6
-1.410, 9.400e-6
-1.409, 9.272e-6
-1.408, 8.670e-6
-1.407, 8.562e-6
-1.406, 8.335e-6
-1.405, 8.118e-6
-1.404, 7.822e-6
-1.403, 7.555e-6
-1.402, 7.417e-6
-1.401, 7.220e-6
-1.400, 6.786e-6
-1.399, 6.756e-6
-1.398, 6.579e-6
-1.397, 6.342e-6
-1.396, 6.046e-6
-1.395, 5.888e-6
-1.394, 5.720e-6
-1.393, 5.316e-6
-1.392, 5.168e-6
-1.391, 5.059e-6
-1.390, 4.892e-6
-1.389, 4.753e-6
-1.388, 4.526e-6
-1.387, 4.260e-6
-1.386, 4.260e-6
-1.385, 3.964e-6
-1.384, 4.033e-6
-1.383, 3.727e-6
-1.382, 3.510e-6
-1.381, 3.402e-6
-1.380, 3.224e-6
-1.379, 3.086e-6
-1.378, 2.879e-6
-1.377, 2.770e-6
-1.376, 2.583e-6
-1.375, 2.435e-6
-1.374, 2.524e-6
-1.373, 2.287e-6
-1.372, 2.188e-6
-1.371, 2.011e-6
-1.370, 1.882e-6
-1.369, 1.932e-6
-1.368, 1.656e-6
-1.367, 1.517e-6
-1.366, 1.429e-6
-1.365, 1.350e-6
-1.364, 1.300e-6
-1.363, 9.945e-7
-1.362, 9.748e-7
-1.361, 1.044e-6
-1.360, 8.268e-7
-1.359, 8.958e-7
-1.358, 5.900e-7
-1.357, 5.012e-7
-1.356, 3.433e-7
-1.355, 3.433e-7
-1.354, 3.137e-7
-1.353, 9.669e-8
-1.352, 7.695e-8
-1.351, -1.973e-9
-1.350, -1.204e-7
-1.349, -1.204e-7
-1.348, -3.374e-7
-1.347, -3.177e-7
-1.346, -4.459e-7
-1.345, -4.262e-7
-1.344, -5.742e-7
-1.343, -5.742e-7
-1.342, -7.025e-7
-1.341, -8.110e-7
-1.340, -8.208e-7
-1.339, -6.926e-7
-1.338, -8.998e-7
-1.337, -1.127e-6
-1.336, -1.077e-6
-1.335, -1.117e-6
-1.334, -1.067e-6
-1.333, -1.324e-6
-1.332, -1.275e-6
-1.331, -1.344e-6
-1.330, -1.502e-6
-1.329, -1.314e-6
-1.328, -1.551e-6
-1.327, -1.561e-6
-1.326, -1.561e-6
-1.325, -1.699e-6
-1.324, -1.551e-6
-1.323, -1.867e-6
-1.322, -1.837e-6
-1.321, -1.827e-6
-1.320, -1.896e-6
-1.319, -1.807e-6
-1.318, -1.926e-6
-1.317, -1.955e-6
-1.316, -2.143e-6
-1.315, -2.172e-6
-1.314, -2.034e-6
-1.313, -2.182e-6
-1.312, -2.251e-6
-1.311, -2.202e-6
-1.310, -2.261e-6
-1.309, -2.172e-6
-1.308, -2.409e-6
-1.307, -2.340e-6
-1.306, -2.478e-6
-1.305, -2.459e-6
-1.304, -2.518e-6
-1.303, -2.577e-6
-1.302, -2.646e-6
-1.301, -2.646e-6
-1.300, -2.725e-6
-1.299, -2.616e-6
-1.298, -2.764e-6
-1.297, -2.607e-6
-1.296, -2.715e-6
-1.295, -2.656e-6
-1.294, -2.686e-6
-1.293, -2.755e-6
-1.292, -2.745e-6
-1.291, -2.745e-6
-1.290, -2.932e-6
-1.289, -2.824e-6
-1.288, -2.922e-6
-1.287, -2.962e-6
-1.286, -2.952e-6
-1.285, -3.021e-6
-1.284, -2.962e-6
-1.283, -3.021e-6
-1.282, -3.041e-6
-1.281, -3.001e-6
-1.280, -3.139e-6
-1.279, -3.070e-6
-1.278, -3.287e-6
-1.277, -3.169e-6
-1.276, -3.268e-6
-1.275, -3.208e-6
-1.274, -3.238e-6
-1.273, -3.228e-6
-1.272, -3.218e-6
-1.271, -3.268e-6
-1.270, -3.248e-6
-1.269, -3.268e-6
-1.268, -3.347e-6
-1.267, -3.386e-6
-1.266, -3.376e-6
-1.265, -3.485e-6
-1.264, -3.307e-6
-1.263, -3.514e-6
-1.262, -3.416e-6
-1.261, -3.465e-6
-1.260, -3.475e-6
-1.259, -3.406e-6
-1.258, -3.593e-6
-1.257, -3.504e-6
-1.256, -3.613e-6
-1.255, -3.495e-6
-1.254, -3.573e-6
-1.253, -3.573e-6
-1.252, -3.554e-6
-1.251, -3.712e-6
-1.250, -3.672e-6
-1.249, -3.623e-6
-1.248, -3.643e-6
-1.247, -3.682e-6
-1.246, -3.761e-6
-1.245, -3.643e-6
-1.244, -3.554e-6
-1.243, -3.771e-6
-1.242, -3.741e-6
-1.241, -3.869e-6
-1.240, -3.830e-6
-1.239, -3.672e-6
-1.238, -3.830e-6
-1.237, -3.800e-6
-1.236, -3.721e-6
-1.235, -3.850e-6
-1.234, -3.800e-6
-1.233, -3.889e-6
-1.232, -3.899e-6
-1.231, -3.830e-6
-1.230, -3.830e-6
-1.229, -3.978e-6
-1.228, -4.106e-6
-1.227, -4.086e-6
-1.226, -4.017e-6
-1.225, -4.067e-6
-1.224, -3.948e-6
-1.223, -4.067e-6
-1.222, -4.067e-6
-1.221, -4.146e-6
-1.220, -4.156e-6
-1.219, -3.988e-6
-1.218, -4.077e-6
-1.217, -4.067e-6
-1.216, -4.126e-6
-1.215, -4.116e-6
-1.214, -4.047e-6
-1.213, -4.175e-6
-1.212, -4.136e-6
-1.211, -4.116e-6
-1.210, -4.274e-6
-1.209, -4.136e-6
-1.208, -4.205e-6
-1.207, -4.284e-6
-1.206, -4.205e-6
-1.205, -4.274e-6
-1.204, -4.175e-6
-1.203, -4.392e-6
-1.202, -4.452e-6
-1.201, -4.274e-6
-1.200, -4.254e-6
-1.199, -4.304e-6
-1.198, -4.402e-6
-1.197, -4.304e-6
-1.196, -4.313e-6
-1.195, -4.471e-6
-1.194, -4.225e-6
-1.193, -4.442e-6
-1.192, -4.382e-6
-1.191, -4.323e-6
-1.190, -4.432e-6
-1.189, -4.442e-6
-1.188, -4.511e-6
-1.187, -4.471e-6
-1.186, -4.382e-6
-1.185, -4.560e-6
-1.184, -4.363e-6
-1.183, -4.511e-6
-1.182, -4.491e-6
-1.181, -4.442e-6
-1.180, -4.402e-6
-1.179, -4.422e-6
-1.178, -4.619e-6
-1.177, -4.570e-6
-1.176, -4.609e-6
-1.175, -4.619e-6
-1.174, -4.471e-6
-1.173, -4.550e-6
-1.172, -4.639e-6
-1.171, -4.600e-6
-1.170, -4.609e-6
-1.169, -4.452e-6
-1.168, -4.619e-6
-1.167, -4.619e-6
-1.166, -4.540e-6
-1.165, -4.521e-6
-1.164, -4.619e-6
-1.163, -4.669e-6
-1.162, -4.738e-6
-1.161, -4.649e-6
-1.160, -4.757e-6
-1.159, -4.511e-6
-1.158, -4.669e-6
-1.157, -4.698e-6
-1.156, -4.669e-6
-1.155, -4.669e-6
-1.154, -4.669e-6
-1.153, -4.747e-6
-1.152, -4.836e-6
-1.151, -4.846e-6
-1.150, -4.836e-6
-1.149, -4.767e-6
-1.148, -4.886e-6
-1.147, -4.807e-6
-1.146, -4.876e-6
-1.145, -4.905e-6
-1.144, -4.767e-6
-1.143, -4.886e-6
-1.142, -4.935e-6
-1.141, -4.807e-6
-1.140, -4.777e-6
-1.139, -4.767e-6
-1.138, -4.876e-6
-1.137, -4.994e-6
-1.136, -4.866e-6
-1.135, -4.886e-6
-1.134, -4.945e-6
-1.133, -4.984e-6
-1.132, -4.925e-6
-1.131, -4.955e-6
-1.130, -4.935e-6
-1.129, -4.836e-6
-1.128, -4.925e-6
-1.127, -4.955e-6
-1.126, -5.053e-6
-1.125, -5.004e-6
-1.124, -5.024e-6
-1.123, -5.004e-6
-1.122, -5.063e-6
-1.121, -5.083e-6
-1.120, -5.053e-6
-1.119, -4.925e-6
-1.118, -5.043e-6
-1.117, -5.162e-6
-1.116, -5.063e-6
-1.115, -5.162e-6
-1.114, -5.053e-6
-1.113, -5.201e-6
-1.112, -5.083e-6
-1.111, -5.201e-6
-1.110, -5.132e-6
-1.109, -5.132e-6
-1.108, -5.300e-6
-1.107, -5.103e-6
-1.106, -5.310e-6
-1.105, -5.162e-6
-1.104, -5.241e-6
-1.103, -5.320e-6
-1.102, -5.231e-6
-1.101, -5.369e-6
-1.100, -5.438e-6
-1.099, -5.221e-6
-1.098, -5.349e-6
-1.097, -5.310e-6
-1.096, -5.399e-6
-1.095, -5.339e-6
-1.094, -5.251e-6
-1.093, -5.418e-6
-1.092, -5.349e-6
-1.091, -5.310e-6
-1.090, -5.527e-6
-1.089, -5.142e-6
-1.088, -5.497e-6
-1.087, -5.438e-6
-1.086, -5.438e-6
-1.085, -5.478e-6
-1.084, -5.409e-6
-1.083, -5.418e-6
-1.082, -5.478e-6
-1.081, -5.487e-6
-1.080, -5.438e-6
-1.079, -5.418e-6
-1.078, -5.566e-6
-1.077, -5.497e-6
-1.076, -5.418e-6
-1.075, -5.399e-6
-1.074, -5.507e-6
-1.073, -5.744e-6
-1.072, -5.635e-6
-1.071, -5.764e-6
-1.070, -5.566e-6
-1.069, -5.596e-6
-1.068, -5.714e-6
-1.067, -5.783e-6
-1.066, -5.606e-6
-1.065, -5.645e-6
-1.064, -5.557e-6
-1.063, -5.862e-6
-1.062, -5.872e-6
-1.061, -5.793e-6
-1.060, -5.813e-6
-1.059, -5.774e-6
-1.058, -5.744e-6
-1.057, -5.764e-6
-1.056, -5.813e-6
-1.055, -5.645e-6
-1.054, -5.793e-6
-1.053, -5.902e-6
-1.052, -5.981e-6
-1.051, -5.833e-6
-1.050, -5.912e-6
-1.049, -5.862e-6
-1.048, -6.070e-6
-1.047, -6.000e-6
-1.046, -6.030e-6
-1.045, -5.931e-6
-1.044, -5.951e-6
-1.043, -6.119e-6
-1.042, -6.119e-6
-1.041, -6.109e-6
-1.040, -6.089e-6
-1.039, -6.040e-6
-1.038, -6.070e-6
-1.037, -6.148e-6
-1.036, -6.188e-6
-1.035, -6.188e-6
-1.034, -6.070e-6
-1.033, -6.218e-6
-1.032, -6.218e-6
-1.031, -6.237e-6
-1.030, -6.237e-6
-1.029, -6.060e-6
-1.028, -6.287e-6
-1.027, -6.356e-6
-1.026, -6.296e-6
-1.025, -6.346e-6
-1.024, -6.405e-6
-1.023, -6.504e-6
-1.022, -6.533e-6
-1.021, -6.573e-6
-1.020, -6.563e-6
-1.019, -6.514e-6
-1.018, -6.652e-6
-1.017, -6.553e-6
-1.016, -6.681e-6
-1.015, -6.563e-6
-1.014, -6.573e-6
-1.013, -6.602e-6
-1.012, -6.602e-6
-1.011, -6.691e-6
-1.010, -6.721e-6
-1.009, -6.661e-6
-1.008, -6.819e-6
-1.007, -6.829e-6
-1.006, -6.839e-6
-1.005, -6.809e-6
-1.004, -6.869e-6
-1.003, -6.809e-6
-1.002, -6.898e-6
-1.001, -6.928e-6
