Potential V vs RHE, Current mA cm-2
0.013299999999999867,2.0909433012005243
0.012299999999999978,1.175483619057859
0.011299999999999866,0.2594580523952477
0.010299999999999976,-0.5692798270656908
0.009299999999999864,-1.3980177065266295
0.008299999999999974,-2.1828995356917518
0.007299999999999862,-2.968064307116847
0.006299999999999972,-3.6655169779503103
0.00529999999999986,-4.364384360083638
0.0042999999999999705,-5.105693081212917
0.0032999999999998586,-5.759289701750564
0.0022999999999999687,-6.414301033588076
0.0012999999999998568,-7.024041603829907
0.00029999999999996696,-7.679052935667419
-0.000700000000000145,-8.288793505909249
-0.0017000000000000348,-8.85609273715513
-0.0027000000000001467,-9.467248018696827
-0.0037000000000000366,-10.034547249942705
-0.0047000000000001485,-10.557990430892769
-0.005700000000000038,-11.081433611842833
-0.00670000000000015,-11.604876792792895
-0.00770000000000004,-12.12831997374296
-0.008700000000000152,-12.651763154693022
-0.009700000000000042,-13.13135028534727
-0.010700000000000154,-13.654793466297335
-0.011700000000000044,-14.13438059695158
-0.012700000000000156,-14.57152638860988
-0.013700000000000045,-15.05252823056399
-0.014700000000000157,-15.491088733522153
-0.015700000000000047,-15.91550212348166
-0.01670000000000016,-16.354062626439823
-0.01770000000000005,-16.792623129397985
-0.01870000000000016,-17.188742293360193
-0.01970000000000005,-17.584861457322408
-0.020700000000000163,-17.966833508285966
-0.021700000000000053,-18.40539401124413
-0.022700000000000164,-18.759071836210385
-0.023700000000000054,-19.155191000172596
-0.024700000000000166,-19.49472171214021
-0.025700000000000056,-19.890840876102416
-0.026700000000000168,-20.244518701068674
-0.027700000000000058,-20.584049413036283
-0.02870000000000017,-20.93772723800254
-0.02970000000000006,-21.333846401964752
-0.03070000000000017,-21.63093577493641
-0.03170000000000006,-21.98461359990267
-0.03270000000000017,-22.33829142486893
-0.03370000000000006,-22.67782213683654
-0.034700000000000175,-22.989058622806844
-0.035700000000000065,-23.342736447773106
-0.03670000000000018,-23.597384481748815
-0.03770000000000007,-23.86617962872317
-0.03870000000000018,-24.120827662698876
-0.03970000000000007,-24.432064148669184
-0.04070000000000018,-24.729153521640843
-0.04170000000000007,-25.04039000761115
-0.04270000000000018,-25.337479380582806
-0.04370000000000007,-25.648715866553115
-0.044700000000000184,-25.91751101352747
-0.045700000000000074,-26.17215904750318
-0.046700000000000186,-26.38436574248293
-0.047700000000000076,-26.61071955046134
-0.04870000000000019,-26.907808923433
-0.04970000000000008,-27.134162731411404
-0.05070000000000019,-27.43125210438306
-0.05170000000000008,-27.700047251357418
-0.05270000000000019,-27.954695285333123
-0.05370000000000008,-28.18104909331153
-0.05470000000000019,-28.435697127287238
-0.05570000000000008,-28.662050935265643
-0.056700000000000195,-28.831816291249446
-0.057700000000000085,-29.001581647233255
-0.058700000000000196,-29.22793545521166
-0.059700000000000086,-29.482583489187363
-0.0607000000000002,-29.708937297165768
-0.06170000000000009,-29.921143992145527
-0.0627000000000002,-30.189939139119886
-0.06370000000000009,-30.402145834099635
-0.0647000000000002,-30.571911190083444
-0.06570000000000009,-30.7558236590659
-0.0667000000000002,-30.925589015049702
-0.0677000000000001,-31.095354371033505
-0.0687000000000002,-31.23682550102001
-0.0697000000000001,-31.449032195999767
-0.07070000000000021,-31.661238890979522
-0.0717000000000001,-31.887592698957924
-0.07270000000000021,-32.09979939393769
-0.0737000000000001,-32.32615320191609
-0.07470000000000021,-32.53835989689585
-0.0757000000000001,-32.70812525287965
-0.07670000000000021,-32.84959638286615
-0.0777000000000001,-33.01936173884996
-0.07870000000000021,-33.14668575583781
-0.0797000000000001,-33.288156885824314
-0.08070000000000022,-33.50036358080407
-0.0817000000000001,-33.670128936787876
-0.08270000000000022,-33.89648274476628
-0.08370000000000011,-34.15113077874198
-0.08470000000000022,-34.33504324772444
-0.08570000000000011,-34.5472499427042
-0.08670000000000022,-34.67457395969205
-0.08770000000000011,-34.8018979766799
-0.08870000000000022,-34.94336910666641
-0.08970000000000011,-35.11313446265021
-0.09070000000000022,-35.240458479638065
-0.09170000000000011,-35.42437094862052
-0.09270000000000023,-35.594136304604326
-0.09370000000000012,-35.806342999584075
-0.09470000000000023,-36.03269680756248
-0.09570000000000012,-36.20246216354629
-0.09670000000000023,-36.4288159715247
-0.09770000000000012,-36.55613998851254
-0.09870000000000023,-36.64102266650445
-0.09970000000000012,-36.725905344496354
-0.10070000000000023,-36.81078802248826
-0.10170000000000012,-36.95225915247476
-0.10270000000000024,-37.122024508458566
-0.10370000000000013,-37.249348525446415
-0.10470000000000024,-37.47570233342482
-0.10570000000000013,-37.645467689408626
-0.10670000000000024,-37.81523304539243
-0.10770000000000013,-37.99914551437489
-0.10870000000000024,-38.08402819236679
-0.10970000000000013,-38.16891087035869
-0.11070000000000024,-38.29623488734655
-0.11170000000000013,-38.33867622634249
-0.11270000000000002,-38.46600024333035
-0.11370000000000013,-38.607471373316855
-0.11470000000000002,-38.734795390304704
-0.11570000000000014,-38.90456074628851
-0.11670000000000003,-39.046031876275016
-0.11770000000000014,-39.173355893262865
-0.11870000000000003,-39.30067991025072
-0.11970000000000014,-39.42800392723857
-0.12070000000000003,-39.51288660523048
-0.12170000000000014,-39.61191639622103
-0.12270000000000003,-39.739240413208876
-0.12370000000000014,-39.86656443019674
-0.12470000000000003,-39.95144710818864
-0.12570000000000014,-40.135359577171094
-0.12670000000000003,-40.26268359415894
-0.12770000000000015,-40.3900076111468
-0.12870000000000004,-40.51733162813464
-0.12970000000000015,-40.616361419125205
-0.13070000000000004,-40.743685436113054
-0.13170000000000015,-40.828568114104954
-0.13270000000000004,-40.91345079209687
-0.13370000000000015,-41.083216148080666
-0.13470000000000004,-41.22468727806717
-0.13570000000000015,-41.352011295055014
-0.13670000000000004,-41.52177665103883
-0.13770000000000016,-41.66324778102533
-0.13870000000000005,-41.83301313700913
-0.13970000000000016,-41.91789581500104
-0.14070000000000005,-42.00277849299294
-0.14170000000000016,-42.087661170984845
-0.14270000000000005,-42.229132300971344
-0.14370000000000016,-42.31401497896325
-0.14470000000000005,-42.483780334947056
-0.14570000000000016,-42.653545690930855
-0.14670000000000005,-42.79501682091736
-0.14770000000000016,-42.96478217690117
-0.14870000000000005,-43.134547532884966
-0.14970000000000017,-43.31846000186743
-0.15070000000000006,-43.40334267985933
-0.15170000000000017,-43.48822535785123
-0.15270000000000006,-43.61554937483908
-0.15370000000000017,-43.75702050482558
-0.15470000000000006,-43.84190318281749
-0.15570000000000017,-44.011668538801295
-0.15670000000000006,-44.096551216793195
-0.15770000000000017,-44.28046368577565
-0.15870000000000006,-44.4077877027635
-0.15970000000000018,-44.4926703807554
-0.16070000000000007,-44.577553058747306
-0.16170000000000018,-44.619994397743255
-0.16270000000000007,-44.74731841473111
-0.16370000000000018,-44.80390686672572
-0.16470000000000007,-44.93123088371356
-0.16570000000000018,-45.01611356170547
-0.16670000000000007,-45.10099623969737
-0.16770000000000018,-45.22832025668522
-0.16870000000000007,-45.36979138667173
-0.16970000000000018,-45.45467406466363
-0.17070000000000007,-45.53955674265553
-0.17170000000000019,-45.624439420647434
-0.17270000000000008,-45.70932209863933
-0.1737000000000002,-45.79420477663124
-0.17470000000000008,-45.93567590661774
-0.1757000000000002,-46.02055858460964
-0.17670000000000008,-46.147882601597495
-0.1777000000000002,-46.27520661858535
-0.17870000000000008,-46.37423640957591
-0.1797000000000002,-46.501560426563756
-0.18070000000000008,-46.586443104555656
-0.1817000000000002,-46.67132578254756
-0.18270000000000008,-46.75620846053947
-0.1837000000000002,-46.88353247752732
-0.1847000000000001,-46.982562268517874
-0.1857000000000002,-47.10988628550572
-0.1867000000000001,-47.19476896349763
-0.1877000000000002,-47.32209298048547
-0.1887000000000001,-47.36453431948143
-0.1897000000000002,-47.46356411047198
-0.1907000000000001,-47.54844678846388
-0.1917000000000001,-47.590888127459834
-0.19269999999999998,-47.67577080545174
-0.1937000000000001,-47.76065348344364
-0.19469999999999998,-47.8879775004315
-0.1957000000000001,-47.987007291422046
-0.19669999999999999,-48.071889969413945
-0.1977000000000001,-48.1992139864018
-0.1987,-48.2840966643937
-0.1997000000000001,-48.32653800338966
-0.2007,-48.45386202037751
-0.2017000000000001,-48.55289181136806
-0.2027,-48.68021582835591
-0.2037000000000001,-48.76509850634781
-0.2047,-48.84998118433972
-0.2057000000000001,-48.97730520132757
-0.2067,-49.076334992318124
-0.2077000000000001,-49.20365900930597
-0.2087,-49.28854168729788
-0.2097000000000001,-49.41586570428573
-0.2107,-49.458307043281685
-0.2117000000000001,-49.557336834272235
-0.2127,-49.68466085126009
-0.2137000000000001,-49.76954352925199
-0.2147,-49.85442620724389
-0.2157000000000001,-50.024191563227696
-0.2167,-50.1656626932142
-0.21770000000000012,-50.20810403221015
-0.2187,-50.29298671020206
-0.21970000000000012,-50.335428049198
-0.2207,-50.42031072718991
-0.22170000000000012,-50.46275206618586
-0.2227,-50.64666453516831
-0.22370000000000012,-50.77398855215617
-0.2247,-50.85887123014807
-0.22570000000000012,-50.90131256914402
-0.2267,-50.943753908139975
-0.22770000000000012,-50.98619524713592
-0.22870000000000001,-51.071077925127824
-0.22970000000000013,-51.17010771611838
-0.23070000000000002,-51.29743173310623
-0.23170000000000013,-51.424755750094086
-0.23270000000000002,-51.509638428085985
-0.23370000000000013,-51.55207976708194
-0.23470000000000002,-51.594521106077885
-0.23570000000000013,-51.65110955807249
-0.23670000000000002,-51.65110955807249
-0.2376999999999999,-51.69355089706845
-0.23870000000000002,-51.73599223606439
-0.2396999999999999,-51.82087491405629
-0.24070000000000003,-51.948198931044146
-0.24169999999999991,-52.075522948032
-0.24270000000000003,-52.2169940780185
-0.24369999999999992,-52.34431809500636
-0.24470000000000003,-52.386759434002315
-0.24569999999999992,-52.471642111994214
-0.24670000000000003,-52.55652478998611
-0.24769999999999992,-52.64140746797801
-0.24870000000000003,-52.78287859796452
-0.24969999999999992,-52.86776127595642
-0.25070000000000003,-52.95264395394832
-0.2516999999999999,-53.079967970936174
-0.25270000000000004,-53.16485064892808
-0.2536999999999999,-53.30632177891458
-0.25470000000000004,-53.476087134898386
-0.2556999999999999,-53.518528473894335
-0.25670000000000004,-53.56096981289029
-0.25769999999999993,-53.603411151886235
-0.25870000000000004,-53.56096981289029
-0.25969999999999993,-53.56096981289029
-0.26070000000000004,-53.603411151886235
-0.26169999999999993,-53.74488228187274
-0.26270000000000004,-53.872206298860604
-0.26369999999999993,-53.9570889768525
-0.26470000000000005,-54.0419716548444
-0.26569999999999994,-54.08441299384035
-0.26670000000000005,-54.1268543328363
-0.26769999999999994,-54.1268543328363
-0.26870000000000005,-54.16929567183226
-0.26969999999999994,-54.31076680181876
-0.27070000000000005,-54.43809081880661
-0.27169999999999994,-54.56541483579447
-0.27270000000000005,-54.73518019177827
-0.27369999999999994,-54.876651321764776
-0.27470000000000006,-54.919092660760725
-0.27569999999999995,-55.046416677748574
-0.27670000000000006,-55.046416677748574
-0.27769999999999995,-55.088858016744524
-0.27870000000000006,-55.088858016744524
-0.27969999999999995,-55.13129935574048
-0.28070000000000006,-55.21618203373238
-0.28169999999999995,-55.25862337272834
-0.28270000000000006,-55.357653163718886
-0.28369999999999995,-55.442535841710786
-0.28470000000000006,-55.527418519702685
-0.28569999999999995,-55.527418519702685
-0.28670000000000007,-55.527418519702685
-0.28769999999999996,-55.56985985869864
-0.28870000000000007,-55.612301197694585
-0.28969999999999996,-55.65474253669055
-0.29070000000000007,-55.73962521468245
-0.29169999999999996,-55.881096344668954
-0.29270000000000007,-56.05086170065276
-0.29369999999999996,-56.13574437864466
-0.2947000000000001,-56.30550973462846
-0.29569999999999996,-56.404539525619015
-0.2967000000000001,-56.489422203610914
-0.29769999999999996,-56.53186354260687
-0.2987000000000001,-56.61674622059877
-0.29969999999999997,-56.65918755959472
-0.3007000000000001,-56.786511576582576
-0.30169999999999997,-56.927982706569075
-0.3027000000000001,-57.05530672355693
-0.30369999999999997,-57.182630740544774
-0.3047000000000001,-57.30995475753264
-0.30569999999999997,-57.408984548523186
-0.3067000000000001,-57.493867226515086
-0.3077,-57.53630856551105
-0.3087000000000001,-57.53630856551105
-0.3097,-57.57874990450699
-0.3107000000000001,-57.66363258249889
-0.3117,-57.7485152604908
-0.3127000000000001,-57.87583927747865
-0.3137,-58.10219308545706
-0.3147000000000001,-58.27195844144086
-0.3157,-58.45587091042332
-0.3167000000000001,-58.54075358841522
-0.3177,-58.66807760540307
-0.3187000000000001,-58.75296028339497
-0.3197,-58.71051894439902
-0.3207000000000001,-58.66807760540307
-0.3217,-58.66807760540307
-0.3227000000000001,-58.66807760540307
-0.3237,-58.75296028339497
-0.3247000000000001,-58.83784296138688
-0.3257,-58.92272563937878
-0.3267000000000001,-59.02175543036933
-0.3277,-59.19152078635314
-0.3287000000000001,-59.44616882032884
-0.3297,-59.757405306299155
-0.3307000000000001,-60.06864179226946
-0.3317,-60.36573116524111
-0.3327000000000001,-60.67696765121143
-0.3337,-60.974057024183075
-0.3347000000000001,-61.11552815416958
-0.3357,-61.242852171157445
-0.3367000000000001,-61.28529351015339
-0.3377,-61.28529351015339
-0.3387000000000001,-61.28529351015339
-0.3397,-61.242852171157445
-0.3407000000000001,-61.15796949316553
-0.3417,-61.01649836317903
-0.3427000000000001,-60.974057024183075
-0.3437,-60.974057024183075
-0.3447000000000001,-61.07308681517363
-0.3457,-61.11552815416958
-0.3467000000000001,-61.242852171157445
-0.3477,-61.412617527141244
-0.3487000000000001,-61.63897133511965
-0.3497,-61.7662953521075
-0.3507000000000001,-61.97850204708726
-0.3517,-62.24729719406162
-0.3527000000000001,-62.544386567033264
-0.3537,-62.89806439199953
-0.3547000000000001,-63.251742216965795
-0.3557,-63.633714267929356
-0.35670000000000013,-63.944950753899654
-0.3577,-64.25618723986996
-0.35870000000000013,-64.42595259585376
-0.3597,-64.55327661284163
-0.36070000000000013,-64.59571795183757
-0.3617,-64.63815929083353
-0.3626999999999999,-64.72304196882543
-0.3637,-64.77963042082003
-0.3646999999999999,-64.82207175981598
-0.3657,-64.90695443780788
-0.3666999999999999,-65.03427845479574
-0.3677,-65.11916113278764
-0.3686999999999999,-65.20404381077954
-0.36970000000000003,-65.20404381077954
-0.3706999999999999,-65.2464851497755
-0.37170000000000003,-65.3030736017701
-0.3726999999999999,-65.38795627976201
-0.37370000000000003,-65.60016297474175
-0.3746999999999999,-65.86895812171612
-0.37570000000000003,-66.12360615569182
-0.3766999999999999,-66.47728398065809
-0.37770000000000004,-66.87340314462028
-0.3786999999999999,-67.25537519558385
-0.37970000000000004,-67.56661168155415
-0.3806999999999999,-67.82125971552985
-0.38170000000000004,-68.04761352350828
-0.38269999999999993,-68.30226155748396
-0.38370000000000004,-68.52861536546239
-0.38469999999999993,-68.78326339943808
-0.38570000000000004,-69.0944998854084
-0.38669999999999993,-69.3491479193841
-0.38770000000000004,-69.61794306635846
-0.38869999999999993,-69.8301497613382
-0.38970000000000005,-70.01406223032066
-0.39069999999999994,-70.18382758630447
-0.39170000000000005,-70.31115160329232
-0.39269999999999994,-70.43847562028017
-0.39370000000000005,-70.66482942825859
-0.39469999999999994,-70.8345947842424
-0.39570000000000005,-71.10338993121674
-0.39669999999999994,-71.35803796519245
-0.39770000000000005,-71.66927445116276
-0.39869999999999994,-71.92392248513846
-0.39970000000000006,-72.27760031010472
-0.40069999999999995,-72.63127813507097
-0.40170000000000006,-72.92836750804264
-0.40269999999999995,-73.2820453330089
-0.40370000000000006,-73.72060583596706
-0.40469999999999995,-74.10257788693062
-0.40570000000000006,-74.58357972888473
-0.40669999999999995,-74.93725755385098
-0.40770000000000006,-75.29093537881725
-0.40869999999999995,-75.63046609078486
-0.40970000000000006,-75.85681989876326
-0.41069999999999995,-76.11146793273898
-0.41170000000000007,-76.29538040172143
-0.41269999999999996,-76.50758709670117
-0.41370000000000007,-76.67735245268499
-0.41469999999999996,-76.86126492166746
-0.41570000000000007,-77.11591295564315
-0.41669999999999996,-77.34226676362155
-0.41770000000000007,-77.59691479759726
-0.41869999999999996,-77.86570994457162
-0.4197000000000001,-78.16279931754329
-0.42069999999999996,-78.51647714250953
-0.4217000000000001,-78.8135665154812
-0.42269999999999996,-79.20968567944341
-0.4237000000000001,-79.60580484340561
-0.42469999999999997,-80.04436534636378
-0.4257000000000001,-80.52536718831789
-0.42669999999999997,-81.09125170826391
-0.4277000000000001,-81.57225355021802
-0.42869999999999997,-82.09569673116808
-0.4297000000000001,-82.56255146012353
-0.43069999999999997,-82.95867062408576
-0.4317000000000001,-83.31234844905201
-0.4327,-83.70846761301424
-0.4337000000000001,-83.96311564698992
-0.4347,-84.27435213296022
-0.4357000000000001,-84.52900016693594
-0.4367,-84.84023665290624
-0.4377000000000001,-85.17976736487385
-0.4387,-85.44856251184822
-0.4397000000000001,-85.70321054582392
-0.4407,-85.97200569279828
-0.4417000000000001,-86.22665372677399
-0.4427,-86.5378902127443
-0.4437000000000001,-86.89156803771054
-0.4447,-87.33012854066871
-0.4457000000000001,-87.85357172161878
-0.4467,-88.37701490256885
-0.4477000000000001,-88.8438696315243
-0.4487,-89.28243013448247
-0.4497000000000001,-89.80587331543254
-0.4507,-90.32931649638259
-0.4517000000000001,-90.89520101632861
-0.4527,-91.51767398826922
-0.4537000000000001,-92.08355850821525
-0.4547,-92.6070016891653
-0.4557000000000001,-93.03141507912481
-0.4567,-93.38509290409107
-0.4577000000000001,-93.69632939006138
-0.4587,-93.95097742403709
-0.4597000000000001,-94.30465524900335
-0.4607,-94.6583330739696
-0.4617000000000001,-95.08274646392913
-0.4627,-95.56374830588322
-0.4637000000000001,-96.0871914868333
-0.4647,-96.5681933287874
-0.4657000000000001,-97.00675383174556
-0.4667,-97.40287299570777
-0.4677000000000001,-97.84143349866595
-0.4687,-98.26584688862545
-0.4697000000000001,-98.74684873057957
-0.4707,-99.35517458952152
-0.4717000000000001,-100.10497157844999
-0.4727,-100.84062145437981
-0.4737000000000001,-101.59041844330828
-0.4747,-102.24118564124619
-0.4757000000000001,-102.80707016119221
-0.4767,-103.24563066415038
-0.4777000000000001,-103.64174982811258
-0.4787,-104.06616321807209
-0.4797000000000001,-104.46228238203432
-0.4807,-104.94328422398843
-0.48170000000000013,-105.42428606594254
-0.4827,-105.99017058588855
-0.48370000000000013,-106.51361376683862
-0.4847,-106.90973293080083
-0.48570000000000013,-107.30585209476303
-0.4867,-106.86729159180487
-0.48570000000000013,-105.33940338795064
-0.4847,-103.98128054008019
-0.48370000000000013,-102.84951150018817
-0.4827,-101.92994915527588
-0.48170000000000013,-101.06697526235823
-0.4807,-100.2747369344338
-0.4797000000000001,-99.58152839749994
-0.4787,-98.7892900695755
-0.4777000000000001,-97.96875751565379
-0.4767,-97.09163650973747
-0.4757000000000001,-96.27110395581576
-0.4747,-95.47886562789132
-0.4737000000000001,-94.7432157519615
-0.4727,-94.03586010202899
-0.4717000000000001,-93.34265156509512
-0.4707,-92.50797189817473
-0.4697000000000001,-91.68743934425302
-0.4687,-90.76787699934074
-0.4677000000000001,-89.89075599342443
-0.4667,-88.9853407615108
-0.4657000000000001,-88.10821975559449
-0.4647,-87.23109874967815
-0.4637000000000001,-86.49544887374834
-0.4627,-85.70321054582392
-0.4617000000000001,-84.92511933089816
-0.4607,-84.23191079396429
-0.4597000000000001,-83.48211380503581
-0.4587,-82.70402259011003
-0.4577000000000001,-81.95422560118158
-0.4567,-81.1761343862558
-0.4557000000000001,-80.46877873632329
-0.4547,-79.7755701993894
-0.4537000000000001,-79.20968567944341
-0.4527,-78.64380115949739
-0.4517000000000001,-78.03547530055542
-0.4507,-77.42714944161345
-0.4497000000000001,-76.7622351306769
-0.4487,-76.11146793273898
-0.4477000000000001,-75.37581805680915
-0.4467,-74.58357972888473
-0.4457000000000001,-73.8479298529549
-0.4447,-73.09813286402644
-0.4437000000000001,-72.32004164910067
-0.4427,-71.58439177317086
-0.4417000000000001,-70.87703612323833
-0.4407,-70.18382758630447
-0.4397000000000001,-69.53306038836655
-0.4387,-68.82570473843404
-0.4377000000000001,-68.13249620150016
-0.4367,-67.39684632557035
-0.4357000000000001,-66.64704933664189
-0.4347,-65.95384079970802
-0.4337000000000001,-65.3030736017701
-0.4327,-64.63815929083353
-0.4317000000000001,-64.02983343189156
-0.43069999999999997,-63.5063902509415
-0.4297000000000001,-62.98294706999144
-0.42869999999999997,-62.41706255004542
-0.4277000000000001,-61.80873669110345
-0.42669999999999997,-61.20041083216149
-0.4257000000000001,-60.59208497321952
-0.42469999999999997,-59.884729323287
-0.4237000000000001,-59.19152078635314
-0.42269999999999996,-58.54075358841522
-0.4217000000000001,-57.87583927747865
-0.42069999999999996,-57.22507207954074
-0.4197000000000001,-56.61674622059877
-0.41869999999999996,-56.008420361656796
-0.41770000000000007,-55.357653163718886
-0.41669999999999996,-54.69273885278232
-0.41570000000000007,-54.0419716548444
-0.41469999999999996,-53.39120445690648
-0.41370000000000007,-52.74043725896857
-0.41269999999999996,-52.075522948032
-0.41170000000000007,-51.509638428085985
-0.41069999999999995,-50.98619524713592
-0.40970000000000006,-50.46275206618586
-0.40869999999999995,-49.939308885235796
-0.40770000000000006,-49.458307043281685
-0.40669999999999995,-48.89242252333566
-0.40570000000000006,-48.41142068138156
-0.40469999999999995,-47.8879775004315
-0.40370000000000006,-47.32209298048547
-0.40269999999999995,-46.84109113853137
-0.40170000000000006,-46.2327652795894
-0.40069999999999995,-45.75176343763528
-0.39970000000000006,-45.22832025668522
-0.39869999999999994,-44.66243573673921
-0.39770000000000005,-44.138992555789144
-0.39669999999999994,-43.53066669684718
-0.39570000000000005,-43.007223515897124
-0.39469999999999994,-42.39889765695515
-0.39370000000000005,-41.79057179801318
-0.39269999999999994,-41.22468727806717
-0.39170000000000005,-40.65880275812115
-0.39069999999999994,-40.092918238175145
-0.38970000000000005,-39.61191639622103
-0.38869999999999993,-39.130914554266916
-0.38770000000000004,-38.607471373316855
-0.38669999999999993,-38.12646953136274
-0.38570000000000004,-37.60302635041268
-0.38469999999999993,-37.07958316946261
-0.38370000000000004,-36.55613998851254
-0.38269999999999993,-36.03269680756248
-0.38170000000000004,-35.55169496560837
-0.3806999999999999,-35.07069312365426
-0.37970000000000004,-34.58969128170015
-0.3786999999999999,-34.10868943974604
-0.37770000000000004,-33.670128936787876
-0.3766999999999999,-33.18912709483376
-0.37570000000000003,-32.70812525287965
-0.3746999999999999,-32.24127052392419
-0.37370000000000003,-31.76026868197007
-0.3726999999999999,-31.27926684001596
-0.37170000000000003,-30.7558236590659
-0.3706999999999999,-30.317263156107735
-0.36970000000000003,-29.836261314153624
-0.3686999999999999,-29.35525947219951
-0.3677,-28.91669896924135
-0.3666999999999999,-28.435697127287238
-0.3657,-27.954695285333123
-0.3646999999999999,-27.487840556377662
-0.3637,-27.00683871442355
-0.3626999999999999,-26.525836872469437
-0.3617,-26.044835030515326
-0.36070000000000013,-25.60627452755716
-0.3597,-25.167714024599
-0.35870000000000013,-24.814036199632742
-0.3577,-24.389622809673234
-0.35670000000000013,-23.993503645711023
-0.3557,-23.55494314275286
-0.3547000000000001,-23.15882397879065
-0.3537,-22.67782213683654
-0.3527000000000001,-22.253408746877028
-0.3517,-21.814848243918867
-0.3507000000000001,-21.376287740960702
-0.3497,-20.93772723800254
-0.3487000000000001,-20.541608074040333
-0.3477,-20.159636023076775
-0.3467000000000001,-19.763516859114564
-0.3457,-19.3249563561564
-0.3447000000000001,-18.92883719219419
-0.3437,-18.49027668923603
-0.3427000000000001,-18.10830463827247
-0.3417,-17.627302796318357
-0.3407000000000001,-17.2736249713521
-0.3397,-16.877505807389888
-0.3387000000000001,-16.495533756426326
-0.3377,-16.099414592464115
-0.3367000000000001,-15.74573676749786
-0.3357,-15.3920589425316
-0.3347000000000001,-15.05252823056399
-0.3337,-14.69885040559773
-0.3327000000000001,-14.345172580631472
-0.3317,-14.002812446064135
-0.3307000000000001,-13.610937416001518
-0.3297,-13.261503724934855
-0.3287000000000001,-12.913484745168056
-0.3277,-12.56405105410139
-0.3267000000000001,-12.258473413330542
-0.3257,-11.952895772559694
-0.3247000000000001,-11.604876792792895
-0.3237,-11.211587051430415
-0.3227000000000001,-10.906009410659568
-0.3217,-10.557990430892769
-0.3207000000000001,-10.208556739826104
-0.3197,-9.85912304875944
-0.3187000000000001,-9.55496011928846
-0.3177,-9.24938247851761
-0.3167000000000001,-8.899948787450944
-0.3157,-8.594371146680096
-0.3147000000000001,-8.332649556205066
-0.3137,-8.027071915434218
-0.3127000000000001,-7.722908985963235
-0.3117,-7.37347529489657
-0.3107000000000001,-7.111753704421539
-0.3097,-6.806176063650692
-0.3087000000000001,-6.500598422879844
-0.3077,-6.196435493408861
-0.3067000000000001,-5.977155241929781
-0.30569999999999997,-5.672992312458796
-0.3047000000000001,-5.367414671687949
-0.30369999999999997,-5.105693081212917
-0.3027000000000001,-4.800115440442069
-0.30169999999999997,-4.538393849967037
-0.3007000000000001,-4.23281620919619
-0.29969999999999997,-3.971094618721158
-0.2987000000000001,-3.7093730282461257
-0.29769999999999996,-3.447651437771094
-0.2967000000000001,-3.1859298472960624
-0.29569999999999996,-2.924208256821031
-0.2947000000000001,-2.662486666345999
-0.29369999999999996,-2.4007650758709675
-0.29270000000000007,-2.1390434853959355
-0.29169999999999996,-1.8773218949209036
-0.29070000000000007,-1.6156003044458718
-0.28969999999999996,-1.3543031273607997
-0.28870000000000007,-1.0925815368857679
-0.28769999999999996,-0.8745745255765657
-0.28670000000000007,-0.6128529351015338
-0.28569999999999995,-0.3511313446265021
-0.28470000000000006,-0.1330535977523067
-0.28369999999999995,0.08502414912188871
-0.28270000000000006,0.3031726315610774
-0.28169999999999995,0.5647527509061226
-0.28070000000000006,0.7829012333453113
-0.27969999999999995,1.0446228238203432
-0.27870000000000006,1.3063444142953748
-0.27769999999999995,1.5250587812545096
-0.27670000000000006,1.7429243214337253
-0.27569999999999995,1.9607898616129409
-0.27470000000000006,2.178655401792157
-0.27369999999999994,2.396520941971372
-0.27270000000000005,2.6143864821505876
-0.27169999999999994,2.8322520223298033
-0.27070000000000005,3.0515322738088844
-0.26969999999999994,3.2693978139880997
-0.26870000000000005,3.4434073038714996
-0.26769999999999994,3.661272844050715
-0.26670000000000005,3.8791383842299307
-0.26569999999999994,4.098418635709011
-0.26470000000000005,4.272428125592412
-0.26369999999999993,4.534149716067443
-0.26270000000000004,4.708159205950842
-0.26169999999999993,4.926024746130058
-0.26070000000000004,5.101448947313322
-0.25969999999999993,5.319314487492538
-0.25870000000000004,5.493323977375938
-0.25769999999999993,5.7111895175551535
-0.25670000000000004,5.886613718738418
-0.2556999999999999,6.060623208621817
-0.25470000000000004,6.278488748801033
-0.2536999999999999,6.410056899688482
-0.25270000000000004,6.627922439867697
-0.2516999999999999,6.801931929751096
-0.25070000000000003,6.975941419634496
-0.24969999999999992,7.15136562081776
-0.24870000000000003,7.369231160996977
-0.24769999999999992,7.49938460058456
-0.24670000000000003,7.674808801767824
-0.24569999999999992,7.848818291651225
-0.24470000000000003,8.022827781534623
-0.24369999999999992,8.198251982717888
-0.24270000000000003,8.372261472601286
-0.24169999999999991,8.546270962484687
-0.24070000000000003,8.764136502663902
-0.2396999999999999,8.939560703847167
-0.23870000000000002,9.113570193730567
-0.2376999999999999,9.245138344618015
-0.23670000000000002,9.419147834501414
-0.23570000000000013,9.549301274088998
-0.23470000000000002,9.724725475272262
-0.23370000000000013,9.898734965155663
-0.23270000000000002,10.116600505334876
-0.23170000000000013,10.248168656222326
-0.23070000000000002,10.422178146105725
-0.22970000000000013,10.596187635989125
-0.22870000000000001,10.771611837172388
-0.22770000000000012,10.94562132705579
-0.2267,11.077189477943236
-0.22570000000000012,11.20734291753082
-0.2247,11.38135240741422
-0.22370000000000012,11.51292055830167
-0.2227,11.686930048185067
-0.22170000000000012,11.818498199072517
-0.2207,11.992507688955916
-0.21970000000000012,12.122661128543498
-0.2187,12.298085329726765
-0.21770000000000012,12.472094819610163
-0.2167,12.603662970497613
-0.2157000000000001,12.77767246038101
-0.2147,12.995538000560227
-0.2137000000000001,13.127106151447675
-0.2127,13.301115641331073
-0.2117000000000001,13.518981181510291
-0.2107,13.65054933239774
-0.2097000000000001,13.824558822281137
-0.2087,13.954712261868721
-0.2077000000000001,14.08628041275617
-0.2067,14.26028990263957
-0.2057000000000001,14.387613919627421
-0.2047,14.529085049613924
-0.2037000000000001,14.69885040559773
-0.2027,14.868615761581536
-0.2017000000000001,15.05252823056399
-0.2007,15.179852247551842
-0.1997000000000001,15.3920589425316
-0.1987,15.519382959519453
-0.1977000000000001,15.660854089505953
-0.19669999999999999,15.78817810649381
-0.1957000000000001,15.957943462477614
-0.19469999999999998,16.099414592464115
-0.1937000000000001,16.22673860945197
-0.19269999999999998,16.396503965435777
-0.1917000000000001,16.56626932141958
-0.1907000000000001,16.750181790402035
-0.1897000000000002,16.919947146385837
-0.1887000000000001,17.089712502369647
-0.1877000000000002,17.231183632356142
-0.1867000000000001,17.358507649344002
-0.1857000000000002,17.528273005327804
-0.1847000000000001,17.669744135314307
-0.1837000000000002,17.839509491298113
-0.18270000000000008,17.966833508285966
-0.1817000000000002,18.13659886426977
-0.18070000000000008,18.27806999425627
-0.1797000000000002,18.49027668923603
-0.17870000000000008,18.617600706223882
-0.1777000000000002,18.80151317520634
-0.17670000000000008,18.97127853119014
-0.1757000000000002,19.056161209182044
-0.17470000000000008,19.1834852261699
-0.1737000000000002,19.367397695152352
-0.17270000000000008,19.49472171214021
-0.17170000000000019,19.664487068124007
-0.17070000000000007,19.805958198110513
-0.16970000000000018,20.01816489309027
-0.16870000000000007,20.187930249074075
-0.16770000000000018,20.371842718056527
-0.16670000000000007,20.541608074040333
-0.16570000000000018,20.711373430024135
-0.16470000000000007,20.85284456001064
-0.16370000000000018,21.022609915994444
-0.16270000000000007,21.149933932982297
-0.16170000000000018,21.376287740960702
-0.16070000000000007,21.54605309694451
-0.15970000000000018,21.71581845292831
-0.15870000000000006,21.94217226090672
-0.15770000000000017,22.111937616890522
-0.15670000000000006,22.36658565086623
-0.15570000000000017,22.508056780852733
-0.15470000000000006,22.67782213683654
-0.15370000000000017,22.84758749282034
-0.15270000000000006,23.031499961802798
-0.15170000000000017,23.24370665678255
-0.15070000000000006,23.47006046476096
-0.14970000000000017,23.682267159740714
-0.14870000000000005,23.852032515724517
-0.14770000000000016,24.120827662698876
-0.14670000000000005,24.290593018682678
-0.14570000000000016,24.460358374666487
-0.14470000000000005,24.601829504652986
-0.14370000000000016,24.771594860636792
-0.14270000000000005,24.941360216620595
-0.14170000000000016,25.12527268560305
-0.14070000000000005,25.295038041586857
-0.13970000000000016,25.507244736566612
-0.13870000000000005,25.691157205549064
-0.13770000000000016,25.90336390052882
-0.13670000000000004,26.129717708507226
-0.13570000000000015,26.257041725495082
-0.13470000000000004,26.426807081478888
-0.13370000000000015,26.61071955046134
-0.13270000000000004,26.738043567449193
-0.13170000000000015,26.95025026242895
-0.13070000000000004,27.134162731411404
-0.12970000000000015,27.34636942639116
-0.12870000000000004,27.516134782374962
-0.12770000000000015,27.742488590353368
-0.12670000000000003,27.954695285333123
-0.12570000000000014,28.12446064131693
-0.12470000000000003,28.350814449295335
-0.12370000000000014,28.52057980527914
-0.12270000000000003,28.704492274261593
-0.12170000000000014,28.91669896924135
-0.12070000000000003,29.086464325225155
-0.11970000000000014,29.31281813320356
-0.11870000000000003,29.482583489187363
-0.11770000000000014,29.694790184167122
-0.11670000000000003,29.878702653149578
-0.11570000000000014,30.04846800913338
-0.11470000000000002,30.21823336511718
-0.11370000000000013,30.444587173095588
-0.11270000000000002,30.656793868075347
-0.11170000000000013,30.8407063370578
-0.11070000000000024,31.052913032037555
-0.10970000000000013,31.22267838802136
-0.10870000000000024,31.449032195999767
-0.10770000000000013,31.618797551983565
-0.10670000000000024,31.788562907967375
-0.10570000000000013,31.972475376949827
-0.10470000000000024,32.184682071929586
-0.10370000000000013,32.41103587990799
-0.10270000000000024,32.58080123589179
-0.10170000000000012,32.8354492698675
-0.10070000000000023,33.01936173884996
-0.09970000000000012,33.231568433829715
-0.09870000000000023,33.41548090281216
-0.09770000000000012,33.58524625879597
-0.09670000000000023,33.712570275783825
-0.09570000000000012,33.88233563176763
-0.09470000000000023,34.10868943974604
-0.09370000000000012,34.36333747372174
-0.09270000000000023,34.632132620696105
-0.09170000000000011,34.8867806546718
-0.09070000000000022,35.15557580164616
-0.08970000000000011,35.367782496625914
-0.08870000000000022,35.594136304604326
-0.08770000000000011,35.763901660588125
-0.08670000000000022,35.97610835556789
-0.08570000000000011,36.244903502542236
-0.08470000000000022,36.45711019752199
-0.08370000000000011,36.768346683492304
-0.08270000000000022,37.02299471746801
-0.0817000000000001,37.206907186450465
-0.08070000000000022,37.41911388143023
-0.0797000000000001,37.645467689408626
-0.07870000000000021,37.90011572338433
-0.0777000000000001,38.06988107936814
-0.07670000000000021,38.33867622634249
-0.0757000000000001,38.55088292132225
-0.07470000000000021,38.734795390304704
-0.0737000000000001,38.94700208528445
-0.07270000000000021,39.116767441268266
-0.0717000000000001,39.34312124924667
-0.07070000000000021,39.55532794422642
-0.0697000000000001,39.739240413208876
-0.0687000000000002,39.99388844718459
-0.0677000000000001,40.26268359415894
-0.0667000000000002,40.51733162813464
-0.06570000000000009,40.78612677510901
-0.0647000000000002,40.99833347008877
-0.06370000000000009,41.168098826072566
-0.0627000000000002,41.39445263405098
-0.06170000000000009,41.606659329030734
-0.0607000000000002,41.83301313700913
-0.059700000000000086,42.04521983198889
-0.058700000000000196,42.29986786596459
-0.057700000000000085,42.568663012938956
-0.056700000000000195,42.82331104691466
-0.05570000000000008,43.04966485489307
-0.05470000000000019,43.26187154987282
-0.05370000000000008,43.53066669684718
-0.05270000000000019,43.70043205283099
-0.05170000000000008,43.96922719980534
-0.05070000000000019,44.181433894785094
-0.04970000000000008,44.45022904175945
-0.04870000000000019,44.74731841473111
-0.047700000000000076,45.05855490070142
-0.046700000000000186,45.39808561266902
-0.045700000000000074,45.666880759643384
-0.044700000000000184,45.963970132615046
-0.04370000000000007,46.2327652795894
-0.04270000000000018,46.44497197456916
-0.04170000000000007,46.75620846053947
-0.04070000000000018,46.96841515551922
-0.03970000000000007,47.23721030249357
-0.03870000000000018,47.534299675465235
-0.03770000000000007,47.80309482243959
-0.03670000000000018,48.057742856415295
-0.035700000000000065,48.32653800338966
-0.034700000000000175,48.581186037365356
-0.03370000000000006,48.80753984534376
-0.03270000000000017,49.062187879319474
-0.03170000000000006,49.28854168729788
-0.03070000000000017,49.543189721273585
-0.02970000000000006,49.76954352925199
-0.02870000000000017,49.98175022423175
-0.027700000000000058,50.29298671020206
-0.026700000000000168,50.59007608317371
-0.025700000000000056,50.943753908139975
-0.024700000000000166,51.24084328111163
-0.023700000000000054,51.594521106077885
-0.022700000000000164,51.948198931044146
-0.021700000000000053,52.20284696501985
-0.020700000000000163,52.514083450990164
-0.01970000000000005,52.76873148496586
-0.01870000000000016,52.995085292944275
-0.01770000000000005,53.24973332691998
-0.01670000000000016,53.476087134898386
-0.015700000000000047,53.68829382987814
-0.014700000000000157,53.9570889768525
-0.013700000000000045,54.25417834982416
-0.012700000000000156,54.52297349679851
-0.011700000000000044,54.77762153077422
-0.010700000000000154,55.003975338752625
-0.009700000000000042,55.21618203373238
-0.008700000000000152,55.428388728712136
-0.00770000000000004,55.6971838756865
-0.00670000000000015,55.951831909662204
-0.005700000000000038,56.22062705663656
-0.0047000000000001485,56.57430488160282
-0.0037000000000000366,56.91383559357042
-0.0027000000000001467,57.352396096528594
-0.0017000000000000348,57.7485152604908
-0.000700000000000145,58.10219308545706
0.00029999999999996696,58.39928245842871
0.0012999999999998568,58.71051894439902
0.0022999999999999687,59.00760831737068
0.0032999999999998586,59.27640346434504
0.0042999999999999705,59.5734928373167
0.00529999999999986,59.842287984291055
0.006299999999999972,60.13937735726271
0.007299999999999862,60.45061384323302
0.008299999999999974,60.71940899020737
0.009299999999999864,60.93161568518713
0.010299999999999976,61.14382238016689
0.011299999999999866,61.412617527141244
0.012299999999999978,61.58238288312505
