Sept. 8, 2024   14:38:40
Cyclic Voltammetry
File: c:/users/guazh/data/20240903_batch_252_500/2024-09-03-exp298\exp298-2024-09-08t14_33_47-arkoh\exp298_cv_50mvs_efin_-1400mv.bin
Data Source:  Experiment
Instrument Model:  CHI760E
Header: CV ran at 50 mVs
Note: 

Init E (V) = -1
High E (V) = -1
Low E (V) = -1.4
Final E (V) = -1
Init P/N = N
Scan Rate (V/s) = 0.05
Segment = 7
Sample Interval (V) = 0.001
Quiet Time (sec) = 60
Sensitivity (A/V) = 0.001
Comp R (ohm) = 1.6

Results:

Channel 1:
Segment 1:

Segment 2:

Segment 3:

Segment 4:

Segment 5:

Segment 6:

Segment 7:

Potential/V, Current/A

-1.000, 1.971e-7
-1.001, 3.865e-7
-1.002, 4.763e-7
-1.003, 5.908e-7
-1.004, 6.480e-7
-1.005, 7.013e-7
-1.006, 7.467e-7
-1.007, 7.960e-7
-1.008, 8.335e-7
-1.009, 8.828e-7
-1.010, 9.519e-7
-1.011, 9.834e-7
-1.012, 1.008e-6
-1.013, 1.057e-6
-1.014, 1.075e-6
-1.015, 1.126e-6
-1.016, 1.141e-6
-1.017, 1.144e-6
-1.018, 1.214e-6
-1.019, 1.231e-6
-1.020, 1.261e-6
-1.021, 1.264e-6
-1.022, 1.269e-6
-1.023, 1.325e-6
-1.024, 1.347e-6
-1.025, 1.372e-6
-1.026, 1.388e-6
-1.027, 1.425e-6
-1.028, 1.466e-6
-1.029, 1.473e-6
-1.030, 1.503e-6
-1.031, 1.486e-6
-1.032, 1.513e-6
-1.033, 1.527e-6
-1.034, 1.562e-6
-1.035, 1.613e-6
-1.036, 1.595e-6
-1.037, 1.605e-6
-1.038, 1.647e-6
-1.039, 1.637e-6
-1.040, 1.670e-6
-1.041, 1.663e-6
-1.042, 1.681e-6
-1.043, 1.698e-6
-1.044, 1.735e-6
-1.045, 1.764e-6
-1.046, 1.734e-6
-1.047, 1.774e-6
-1.048, 1.780e-6
-1.049, 1.803e-6
-1.050, 1.819e-6
-1.051, 1.811e-6
-1.052, 1.831e-6
-1.053, 1.848e-6
-1.054, 1.862e-6
-1.055, 1.876e-6
-1.056, 1.928e-6
-1.057, 1.909e-6
-1.058, 1.949e-6
-1.059, 1.936e-6
-1.060, 1.980e-6
-1.061, 1.950e-6
-1.062, 1.942e-6
-1.063, 2.006e-6
-1.064, 2.043e-6
-1.065, 2.031e-6
-1.066, 2.001e-6
-1.067, 2.001e-6
-1.068, 2.054e-6
-1.069, 2.048e-6
-1.070, 2.084e-6
-1.071, 2.090e-6
-1.072, 2.100e-6
-1.073, 2.104e-6
-1.074, 2.119e-6
-1.075, 2.151e-6
-1.076, 2.146e-6
-1.077, 2.169e-6
-1.078, 2.153e-6
-1.079, 2.204e-6
-1.080, 2.170e-6
-1.081, 2.203e-6
-1.082, 2.220e-6
-1.083, 2.234e-6
-1.084, 2.234e-6
-1.085, 2.261e-6
-1.086, 2.250e-6
-1.087, 2.283e-6
-1.088, 2.297e-6
-1.089, 2.304e-6
-1.090, 2.301e-6
-1.091, 2.316e-6
-1.092, 2.349e-6
-1.093, 2.352e-6
-1.094, 2.348e-6
-1.095, 2.385e-6
-1.096, 2.371e-6
-1.097, 2.378e-6
-1.098, 2.425e-6
-1.099, 2.398e-6
-1.100, 2.415e-6
-1.101, 2.420e-6
-1.102, 2.433e-6
-1.103, 2.453e-6
-1.104, 2.463e-6
-1.105, 2.460e-6
-1.106, 2.445e-6
-1.107, 2.490e-6
-1.108, 2.485e-6
-1.109, 2.471e-6
-1.110, 2.522e-6
-1.111, 2.507e-6
-1.112, 2.509e-6
-1.113, 2.537e-6
-1.114, 2.552e-6
-1.115, 2.527e-6
-1.116, 2.524e-6
-1.117, 2.524e-6
-1.118, 2.562e-6
-1.119, 2.528e-6
-1.120, 2.526e-6
-1.121, 2.533e-6
-1.122, 2.547e-6
-1.123, 2.572e-6
-1.124, 2.567e-6
-1.125, 2.560e-6
-1.126, 2.549e-6
-1.127, 2.566e-6
-1.128, 2.607e-6
-1.129, 2.590e-6
-1.130, 2.622e-6
-1.131, 2.607e-6
-1.132, 2.617e-6
-1.133, 2.598e-6
-1.134, 2.604e-6
-1.135, 2.636e-6
-1.136, 2.614e-6
-1.137, 2.640e-6
-1.138, 2.624e-6
-1.139, 2.631e-6
-1.140, 2.641e-6
-1.141, 2.613e-6
-1.142, 2.653e-6
-1.143, 2.614e-6
-1.144, 2.639e-6
-1.145, 2.672e-6
-1.146, 2.636e-6
-1.147, 2.640e-6
-1.148, 2.656e-6
-1.149, 2.638e-6
-1.150, 2.648e-6
-1.151, 2.647e-6
-1.152, 2.653e-6
-1.153, 2.658e-6
-1.154, 2.669e-6
-1.155, 2.650e-6
-1.156, 2.655e-6
-1.157, 2.660e-6
-1.158, 2.694e-6
-1.159, 2.655e-6
-1.160, 2.684e-6
-1.161, 2.663e-6
-1.162, 2.660e-6
-1.163, 2.659e-6
-1.164, 2.665e-6
-1.165, 2.690e-6
-1.166, 2.707e-6
-1.167, 2.658e-6
-1.168, 2.711e-6
-1.169, 2.665e-6
-1.170, 2.677e-6
-1.171, 2.699e-6
-1.172, 2.679e-6
-1.173, 2.680e-6
-1.174, 2.680e-6
-1.175, 2.671e-6
-1.176, 2.656e-6
-1.177, 2.684e-6
-1.178, 2.693e-6
-1.179, 2.692e-6
-1.180, 2.700e-6
-1.181, 2.710e-6
-1.182, 2.708e-6
-1.183, 2.697e-6
-1.184, 2.717e-6
-1.185, 2.689e-6
-1.186, 2.721e-6
-1.187, 2.683e-6
-1.188, 2.717e-6
-1.189, 2.729e-6
-1.190, 2.742e-6
-1.191, 2.719e-6
-1.192, 2.728e-6
-1.193, 2.711e-6
-1.194, 2.728e-6
-1.195, 2.756e-6
-1.196, 2.755e-6
-1.197, 2.737e-6
-1.198, 2.737e-6
-1.199, 2.725e-6
-1.200, 2.728e-6
-1.201, 2.740e-6
-1.202, 2.723e-6
-1.203, 2.764e-6
-1.204, 2.763e-6
-1.205, 2.753e-6
-1.206, 2.762e-6
-1.207, 2.771e-6
-1.208, 2.760e-6
-1.209, 2.766e-6
-1.210, 2.760e-6
-1.211, 2.780e-6
-1.212, 2.769e-6
-1.213, 2.764e-6
-1.214, 2.760e-6
-1.215, 2.779e-6
-1.216, 2.813e-6
-1.217, 2.783e-6
-1.218, 2.839e-6
-1.219, 2.812e-6
-1.220, 2.820e-6
-1.221, 2.786e-6
-1.222, 2.819e-6
-1.223, 2.812e-6
-1.224, 2.826e-6
-1.225, 2.842e-6
-1.226, 2.826e-6
-1.227, 2.857e-6
-1.228, 2.856e-6
-1.229, 2.892e-6
-1.230, 2.839e-6
-1.231, 2.865e-6
-1.232, 2.888e-6
-1.233, 2.905e-6
-1.234, 2.872e-6
-1.235, 2.913e-6
-1.236, 2.863e-6
-1.237, 2.884e-6
-1.238, 2.936e-6
-1.239, 2.915e-6
-1.240, 2.892e-6
-1.241, 2.905e-6
-1.242, 2.915e-6
-1.243, 2.922e-6
-1.244, 2.931e-6
-1.245, 2.952e-6
-1.246, 2.947e-6
-1.247, 2.943e-6
-1.248, 2.986e-6
-1.249, 2.957e-6
-1.250, 2.966e-6
-1.251, 2.966e-6
-1.252, 2.993e-6
-1.253, 3.019e-6
-1.254, 2.972e-6
-1.255, 2.978e-6
-1.256, 3.001e-6
-1.257, 3.023e-6
-1.258, 3.033e-6
-1.259, 3.032e-6
-1.260, 3.049e-6
-1.261, 3.070e-6
-1.262, 3.053e-6
-1.263, 3.064e-6
-1.264, 3.046e-6
-1.265, 3.059e-6
-1.266, 3.118e-6
-1.267, 3.088e-6
-1.268, 3.106e-6
-1.269, 3.082e-6
-1.270, 3.099e-6
-1.271, 3.129e-6
-1.272, 3.111e-6
-1.273, 3.144e-6
-1.274, 3.143e-6
-1.275, 3.165e-6
-1.276, 3.186e-6
-1.277, 3.157e-6
-1.278, 3.159e-6
-1.279, 3.192e-6
-1.280, 3.216e-6
-1.281, 3.246e-6
-1.282, 3.229e-6
-1.283, 3.237e-6
-1.284, 3.222e-6
-1.285, 3.245e-6
-1.286, 3.270e-6
-1.287, 3.287e-6
-1.288, 3.317e-6
-1.289, 3.295e-6
-1.290, 3.321e-6
-1.291, 3.330e-6
-1.292, 3.320e-6
-1.293, 3.377e-6
-1.294, 3.375e-6
-1.295, 3.352e-6
-1.296, 3.388e-6
-1.297, 3.400e-6
-1.298, 3.410e-6
-1.299, 3.421e-6
-1.300, 3.423e-6
-1.301, 3.416e-6
-1.302, 3.435e-6
-1.303, 3.445e-6
-1.304, 3.485e-6
-1.305, 3.490e-6
-1.306, 3.499e-6
-1.307, 3.539e-6
-1.308, 3.533e-6
-1.309, 3.563e-6
-1.310, 3.576e-6
-1.311, 3.577e-6
-1.312, 3.603e-6
-1.313, 3.613e-6
-1.314, 3.631e-6
-1.315, 3.640e-6
-1.316, 3.669e-6
-1.317, 3.666e-6
-1.318, 3.693e-6
-1.319, 3.720e-6
-1.320, 3.667e-6
-1.321, 3.695e-6
-1.322, 3.759e-6
-1.323, 3.765e-6
-1.324, 3.760e-6
-1.325, 3.798e-6
-1.326, 3.778e-6
-1.327, 3.815e-6
-1.328, 3.853e-6
-1.329, 3.849e-6
-1.330, 3.861e-6
-1.331, 3.866e-6
-1.332, 3.886e-6
-1.333, 3.919e-6
-1.334, 3.959e-6
-1.335, 3.962e-6
-1.336, 3.978e-6
-1.337, 3.986e-6
-1.338, 3.998e-6
-1.339, 4.031e-6
-1.340, 4.009e-6
-1.341, 4.052e-6
-1.342, 4.068e-6
-1.343, 4.097e-6
-1.344, 4.092e-6
-1.345, 4.144e-6
-1.346, 4.123e-6
-1.347, 4.158e-6
-1.348, 4.168e-6
-1.349, 4.180e-6
-1.350, 4.194e-6
-1.351, 4.202e-6
-1.352, 4.270e-6
-1.353, 4.268e-6
-1.354, 4.274e-6
-1.355, 4.262e-6
-1.356, 4.326e-6
-1.357, 4.338e-6
-1.358, 4.341e-6
-1.359, 4.346e-6
-1.360, 4.328e-6
-1.361, 4.369e-6
-1.362, 4.387e-6
-1.363, 4.422e-6
-1.364, 4.409e-6
-1.365, 4.412e-6
-1.366, 4.424e-6
-1.367, 4.459e-6
-1.368, 4.433e-6
-1.369, 4.488e-6
-1.370, 4.488e-6
-1.371, 4.469e-6
-1.372, 4.500e-6
-1.373, 4.545e-6
-1.374, 4.496e-6
-1.375, 4.545e-6
-1.376, 4.539e-6
-1.377, 4.587e-6
-1.378, 4.573e-6
-1.379, 4.562e-6
-1.380, 4.574e-6
-1.381, 4.584e-6
-1.382, 4.595e-6
-1.383, 4.593e-6
-1.384, 4.627e-6
-1.385, 4.667e-6
-1.386, 4.639e-6
-1.387, 4.652e-6
-1.388, 4.660e-6
-1.389, 4.676e-6
-1.390, 4.684e-6
-1.391, 4.683e-6
-1.392, 4.678e-6
-1.393, 4.683e-6
-1.394, 4.718e-6
-1.395, 4.756e-6
-1.396, 4.726e-6
-1.397, 4.781e-6
-1.398, 4.740e-6
-1.399, 4.767e-6
-1.400, 4.237e-6
-1.399, 3.796e-6
-1.398, 3.587e-6
-1.397, 3.405e-6
-1.396, 3.278e-6
-1.395, 3.154e-6
-1.394, 3.041e-6
-1.393, 2.899e-6
-1.392, 2.848e-6
-1.391, 2.731e-6
-1.390, 2.669e-6
-1.389, 2.589e-6
-1.388, 2.549e-6
-1.387, 2.461e-6
-1.386, 2.406e-6
-1.385, 2.320e-6
-1.384, 2.224e-6
-1.383, 2.206e-6
-1.382, 2.069e-6
-1.381, 2.079e-6
-1.380, 2.009e-6
-1.379, 1.956e-6
-1.378, 1.898e-6
-1.377, 1.865e-6
-1.376, 1.803e-6
-1.375, 1.785e-6
-1.374, 1.713e-6
-1.373, 1.700e-6
-1.372, 1.613e-6
-1.371, 1.576e-6
-1.370, 1.571e-6
-1.369, 1.474e-6
-1.368, 1.494e-6
-1.367, 1.437e-6
-1.366, 1.383e-6
-1.365, 1.390e-6
-1.364, 1.314e-6
-1.363, 1.272e-6
-1.362, 1.277e-6
-1.361, 1.222e-6
-1.360, 1.198e-6
-1.359, 1.163e-6
-1.358, 1.143e-6
-1.357, 1.085e-6
-1.356, 1.083e-6
-1.355, 1.034e-6
-1.354, 9.755e-7
-1.353, 9.637e-7
-1.352, 9.469e-7
-1.351, 9.094e-7
-1.350, 9.025e-7
-1.349, 8.562e-7
-1.348, 8.128e-7
-1.347, 8.443e-7
-1.346, 7.654e-7
-1.345, 7.575e-7
-1.344, 7.240e-7
-1.343, 6.875e-7
-1.342, 6.529e-7
-1.341, 6.332e-7
-1.340, 6.500e-7
-1.339, 5.997e-7
-1.338, 5.858e-7
-1.337, 5.799e-7
-1.336, 5.217e-7
-1.335, 5.247e-7
-1.334, 4.951e-7
-1.333, 4.931e-7
-1.332, 4.507e-7
-1.331, 4.300e-7
-1.330, 4.211e-7
-1.329, 3.846e-7
-1.328, 3.708e-7
-1.327, 3.619e-7
-1.326, 3.560e-7
-1.325, 3.422e-7
-1.324, 2.938e-7
-1.323, 2.395e-7
-1.322, 2.465e-7
-1.321, 2.593e-7
-1.320, 2.386e-7
-1.319, 2.109e-7
-1.318, 1.882e-7
-1.317, 1.498e-7
-1.316, 1.577e-7
-1.315, 1.734e-7
-1.314, 1.379e-7
-1.313, 9.748e-8
-1.312, 9.057e-8
-1.311, 7.676e-8
-1.310, 6.393e-8
-1.309, 2.841e-8
-1.308, 2.644e-8
-1.307, 1.855e-8
-1.306, -1.796e-8
-1.305, 1.776e-9
-1.304, -1.204e-8
-1.303, -8.090e-9
-1.302, -2.782e-8
-1.301, -5.939e-8
-1.300, -6.137e-8
-1.299, -8.702e-8
-1.298, -7.617e-8
-1.297, -1.018e-7
-1.296, -9.294e-8
-1.295, -1.166e-7
-1.294, -1.255e-7
-1.293, -1.275e-7
-1.292, -1.798e-7
-1.291, -1.857e-7
-1.290, -1.817e-7
-1.289, -1.985e-7
-1.288, -2.330e-7
-1.287, -2.153e-7
-1.286, -2.370e-7
-1.285, -2.113e-7
-1.284, -2.794e-7
-1.283, -2.616e-7
-1.282, -2.725e-7
-1.281, -2.814e-7
-1.280, -3.001e-7
-1.279, -2.883e-7
-1.278, -3.179e-7
-1.277, -3.228e-7
-1.276, -3.199e-7
-1.275, -3.297e-7
-1.274, -3.268e-7
-1.273, -3.485e-7
-1.272, -3.771e-7
-1.271, -3.554e-7
-1.270, -3.899e-7
-1.269, -3.830e-7
-1.268, -4.116e-7
-1.267, -4.313e-7
-1.266, -4.195e-7
-1.265, -4.323e-7
-1.264, -4.304e-7
-1.263, -4.353e-7
-1.262, -4.402e-7
-1.261, -4.304e-7
-1.260, -4.600e-7
-1.259, -4.491e-7
-1.258, -4.590e-7
-1.257, -4.718e-7
-1.256, -4.866e-7
-1.255, -4.974e-7
-1.254, -4.886e-7
-1.253, -4.846e-7
-1.252, -5.320e-7
-1.251, -5.418e-7
-1.250, -5.497e-7
-1.249, -5.211e-7
-1.248, -5.714e-7
-1.247, -5.369e-7
-1.246, -5.468e-7
-1.245, -5.922e-7
-1.244, -5.862e-7
-1.243, -5.734e-7
-1.242, -5.823e-7
-1.241, -5.803e-7
-1.240, -6.079e-7
-1.239, -5.744e-7
-1.238, -6.139e-7
-1.237, -6.267e-7
-1.236, -6.405e-7
-1.235, -6.691e-7
-1.234, -6.632e-7
-1.233, -6.494e-7
-1.232, -6.425e-7
-1.231, -6.267e-7
-1.230, -6.435e-7
-1.229, -6.780e-7
-1.228, -6.760e-7
-1.227, -6.790e-7
-1.226, -6.750e-7
-1.225, -6.750e-7
-1.224, -6.957e-7
-1.223, -7.007e-7
-1.222, -7.253e-7
-1.221, -6.977e-7
-1.220, -7.036e-7
-1.219, -7.125e-7
-1.218, -7.273e-7
-1.217, -7.293e-7
-1.216, -7.618e-7
-1.215, -7.175e-7
-1.214, -7.618e-7
-1.213, -7.500e-7
-1.212, -7.470e-7
-1.211, -8.003e-7
-1.210, -7.984e-7
-1.209, -7.885e-7
-1.208, -7.668e-7
-1.207, -7.569e-7
-1.206, -8.003e-7
-1.205, -7.934e-7
-1.204, -8.151e-7
-1.203, -8.585e-7
-1.202, -8.270e-7
-1.201, -8.349e-7
-1.200, -8.388e-7
-1.199, -8.457e-7
-1.198, -8.516e-7
-1.197, -8.358e-7
-1.196, -8.408e-7
-1.195, -8.625e-7
-1.194, -8.990e-7
-1.193, -8.753e-7
-1.192, -8.714e-7
-1.191, -9.079e-7
-1.190, -8.970e-7
-1.189, -9.256e-7
-1.188, -9.098e-7
-1.187, -8.881e-7
-1.186, -9.266e-7
-1.185, -9.108e-7
-1.184, -9.473e-7
-1.183, -9.315e-7
-1.182, -9.503e-7
-1.181, -9.473e-7
-1.180, -9.602e-7
-1.179, -9.799e-7
-1.178, -1.002e-6
-1.177, -1.001e-6
-1.176, -1.008e-6
-1.175, -1.001e-6
-1.174, -1.007e-6
-1.173, -1.027e-6
-1.172, -1.046e-6
-1.171, -1.052e-6
-1.170, -1.037e-6
-1.169, -1.045e-6
-1.168, -1.058e-6
-1.167, -1.079e-6
-1.166, -1.077e-6
-1.165, -1.065e-6
-1.164, -1.068e-6
-1.163, -1.101e-6
-1.162, -1.084e-6
-1.161, -1.130e-6
-1.160, -1.095e-6
-1.159, -1.138e-6
-1.158, -1.157e-6
-1.157, -1.128e-6
-1.156, -1.135e-6
-1.155, -1.165e-6
-1.154, -1.161e-6
-1.153, -1.185e-6
-1.152, -1.175e-6
-1.151, -1.193e-6
-1.150, -1.199e-6
-1.149, -1.233e-6
-1.148, -1.243e-6
-1.147, -1.213e-6
-1.146, -1.242e-6
-1.145, -1.260e-6
-1.144, -1.251e-6
-1.143, -1.265e-6
-1.142, -1.270e-6
-1.141, -1.294e-6
-1.140, -1.297e-6
-1.139, -1.308e-6
-1.138, -1.341e-6
-1.137, -1.344e-6
-1.136, -1.339e-6
-1.135, -1.350e-6
-1.134, -1.398e-6
-1.133, -1.380e-6
-1.132, -1.374e-6
-1.131, -1.370e-6
-1.130, -1.382e-6
-1.129, -1.431e-6
-1.128, -1.419e-6
-1.127, -1.426e-6
-1.126, -1.449e-6
-1.125, -1.450e-6
-1.124, -1.483e-6
-1.123, -1.508e-6
-1.122, -1.526e-6
-1.121, -1.514e-6
-1.120, -1.524e-6
-1.119, -1.513e-6
-1.118, -1.537e-6
-1.117, -1.571e-6
-1.116, -1.574e-6
-1.115, -1.579e-6
-1.114, -1.619e-6
-1.113, -1.614e-6
-1.112, -1.644e-6
-1.111, -1.658e-6
-1.110, -1.659e-6
-1.109, -1.676e-6
-1.108, -1.675e-6
-1.107, -1.707e-6
-1.106, -1.723e-6
-1.105, -1.735e-6
-1.104, -1.750e-6
-1.103, -1.749e-6
-1.102, -1.771e-6
-1.101, -1.787e-6
-1.100, -1.797e-6
-1.099, -1.850e-6
-1.098, -1.827e-6
-1.097, -1.863e-6
-1.096, -1.875e-6
-1.095, -1.886e-6
-1.094, -1.913e-6
-1.093, -1.944e-6
-1.092, -1.943e-6
-1.091, -1.978e-6
-1.090, -1.962e-6
-1.089, -2.014e-6
-1.088, -2.004e-6
-1.087, -2.035e-6
-1.086, -2.049e-6
-1.085, -2.049e-6
-1.084, -2.089e-6
-1.083, -2.114e-6
-1.082, -2.156e-6
-1.081, -2.151e-6
-1.080, -2.162e-6
-1.079, -2.204e-6
-1.078, -2.199e-6
-1.077, -2.234e-6
-1.076, -2.232e-6
-1.075, -2.274e-6
-1.074, -2.277e-6
-1.073, -2.289e-6
-1.072, -2.349e-6
-1.071, -2.368e-6
-1.070, -2.363e-6
-1.069, -2.391e-6
-1.068, -2.411e-6
-1.067, -2.450e-6
-1.066, -2.468e-6
-1.065, -2.487e-6
-1.064, -2.505e-6
-1.063, -2.521e-6
-1.062, -2.540e-6
-1.061, -2.574e-6
-1.060, -2.617e-6
-1.059, -2.652e-6
-1.058, -2.654e-6
-1.057, -2.646e-6
-1.056, -2.706e-6
-1.055, -2.730e-6
-1.054, -2.752e-6
-1.053, -2.782e-6
-1.052, -2.813e-6
-1.051, -2.830e-6
-1.050, -2.848e-6
-1.049, -2.918e-6
-1.048, -2.918e-6
-1.047, -2.926e-6
-1.046, -2.976e-6
-1.045, -3.004e-6
-1.044, -3.042e-6
-1.043, -3.058e-6
-1.042, -3.094e-6
-1.041, -3.101e-6
-1.040, -3.137e-6
-1.039, -3.169e-6
-1.038, -3.204e-6
-1.037, -3.247e-6
-1.036, -3.270e-6
-1.035, -3.303e-6
-1.034, -3.340e-6
-1.033, -3.367e-6
-1.032, -3.379e-6
-1.031, -3.422e-6
-1.030, -3.467e-6
-1.029, -3.486e-6
-1.028, -3.533e-6
-1.027, -3.572e-6
-1.026, -3.563e-6
-1.025, -3.649e-6
-1.024, -3.715e-6
-1.023, -3.732e-6
-1.022, -3.798e-6
-1.021, -3.809e-6
-1.020, -3.826e-6
-1.019, -3.832e-6
-1.018, -3.891e-6
-1.017, -3.974e-6
-1.016, -3.982e-6
-1.015, -4.021e-6
-1.014, -4.048e-6
-1.013, -4.101e-6
-1.012, -4.120e-6
-1.011, -4.159e-6
-1.010, -4.197e-6
-1.009, -4.228e-6
-1.008, -4.339e-6
-1.007, -4.353e-6
-1.006, -4.403e-6
-1.005, -4.430e-6
-1.004, -4.466e-6
-1.003, -4.502e-6
-1.002, -4.537e-6
-1.001, -4.594e-6
-1.000, -4.153e-6
-1.001, -3.796e-6
-1.002, -3.491e-6
-1.003, -3.239e-6
-1.004, -3.044e-6
-1.005, -2.877e-6
-1.006, -2.701e-6
-1.007, -2.551e-6
-1.008, -2.405e-6
-1.009, -2.236e-6
-1.010, -2.086e-6
-1.011, -2.000e-6
-1.012, -1.839e-6
-1.013, -1.744e-6
-1.014, -1.629e-6
-1.015, -1.514e-6
-1.016, -1.443e-6
-1.017, -1.336e-6
-1.018, -1.267e-6
-1.019, -1.146e-6
-1.020, -1.067e-6
-1.021, -9.976e-7
-1.022, -9.089e-7
-1.023, -8.151e-7
-1.024, -7.293e-7
-1.025, -6.494e-7
-1.026, -5.971e-7
-1.027, -5.379e-7
-1.028, -4.452e-7
-1.029, -4.294e-7
-1.030, -3.406e-7
-1.031, -2.587e-7
-1.032, -2.320e-7
-1.033, -1.462e-7
-1.034, -8.998e-8
-1.035, -5.051e-8
-1.036, 3.039e-8
-1.037, 7.972e-8
-1.038, 1.310e-7
-1.039, 1.508e-7
-1.040, 2.198e-7
-1.041, 2.484e-7
-1.042, 2.987e-7
-1.043, 3.441e-7
-1.044, 3.846e-7
-1.045, 4.013e-7
-1.046, 4.507e-7
-1.047, 5.168e-7
-1.048, 5.562e-7
-1.049, 5.691e-7
-1.050, 5.987e-7
-1.051, 6.332e-7
-1.052, 6.500e-7
-1.053, 7.003e-7
-1.054, 7.644e-7
-1.055, 7.733e-7
-1.056, 7.989e-7
-1.057, 8.315e-7
-1.058, 8.325e-7
-1.059, 9.006e-7
-1.060, 8.946e-7
-1.061, 9.311e-7
-1.062, 9.410e-7
-1.063, 9.706e-7
-1.064, 1.021e-6
-1.065, 1.037e-6
-1.066, 1.085e-6
-1.067, 1.050e-6
-1.068, 1.089e-6
-1.069, 1.136e-6
-1.070, 1.159e-6
-1.071, 1.175e-6
-1.072, 1.181e-6
-1.073, 1.200e-6
-1.074, 1.239e-6
-1.075, 1.233e-6
-1.076, 1.269e-6
-1.077, 1.272e-6
-1.078, 1.311e-6
-1.079, 1.313e-6
-1.080, 1.337e-6
-1.081, 1.325e-6
-1.082, 1.343e-6
-1.083, 1.357e-6
-1.084, 1.370e-6
-1.085, 1.406e-6
-1.086, 1.428e-6
-1.087, 1.413e-6
-1.088, 1.451e-6
-1.089, 1.461e-6
-1.090, 1.478e-6
-1.091, 1.470e-6
-1.092, 1.461e-6
-1.093, 1.495e-6
-1.094, 1.497e-6
-1.095, 1.531e-6
-1.096, 1.509e-6
-1.097, 1.535e-6
-1.098, 1.568e-6
-1.099, 1.566e-6
-1.100, 1.570e-6
-1.101, 1.579e-6
-1.102, 1.584e-6
-1.103, 1.599e-6
-1.104, 1.609e-6
-1.105, 1.626e-6
-1.106, 1.600e-6
-1.107, 1.611e-6
-1.108, 1.657e-6
-1.109, 1.624e-6
-1.110, 1.674e-6
-1.111, 1.685e-6
-1.112, 1.682e-6
-1.113, 1.667e-6
-1.114, 1.676e-6
-1.115, 1.685e-6
-1.116, 1.675e-6
-1.117, 1.711e-6
-1.118, 1.731e-6
-1.119, 1.720e-6
-1.120, 1.709e-6
-1.121, 1.713e-6
-1.122, 1.729e-6
-1.123, 1.736e-6
-1.124, 1.758e-6
-1.125, 1.727e-6
-1.126, 1.732e-6
-1.127, 1.748e-6
-1.128, 1.782e-6
-1.129, 1.749e-6
-1.130, 1.779e-6
-1.131, 1.764e-6
-1.132, 1.749e-6
-1.133, 1.785e-6
-1.134, 1.772e-6
-1.135, 1.745e-6
-1.136, 1.754e-6
-1.137, 1.788e-6
-1.138, 1.744e-6
-1.139, 1.736e-6
-1.140, 1.784e-6
-1.141, 1.789e-6
-1.142, 1.793e-6
-1.143, 1.804e-6
-1.144, 1.820e-6
-1.145, 1.826e-6
-1.146, 1.811e-6
-1.147, 1.815e-6
-1.148, 1.816e-6
-1.149, 1.833e-6
-1.150, 1.843e-6
-1.151, 1.825e-6
-1.152, 1.813e-6
-1.153, 1.850e-6
-1.154, 1.831e-6
-1.155, 1.877e-6
-1.156, 1.863e-6
-1.157, 1.863e-6
-1.158, 1.837e-6
-1.159, 1.856e-6
-1.160, 1.884e-6
-1.161, 1.882e-6
-1.162, 1.877e-6
-1.163, 1.850e-6
-1.164, 1.866e-6
-1.165, 1.887e-6
-1.166, 1.866e-6
-1.167, 1.866e-6
-1.168, 1.863e-6
-1.169, 1.857e-6
-1.170, 1.888e-6
-1.171, 1.868e-6
-1.172, 1.876e-6
-1.173, 1.892e-6
-1.174, 1.907e-6
-1.175, 1.873e-6
-1.176, 1.890e-6
-1.177, 1.927e-6
-1.178, 1.881e-6
-1.179, 1.923e-6
-1.180, 1.909e-6
-1.181, 1.898e-6
-1.182, 1.916e-6
-1.183, 1.940e-6
-1.184, 1.908e-6
-1.185, 1.931e-6
-1.186, 1.925e-6
-1.187, 1.943e-6
-1.188, 1.916e-6
-1.189, 1.947e-6
-1.190, 1.952e-6
-1.191, 1.914e-6
-1.192, 1.936e-6
-1.193, 1.982e-6
-1.194, 1.920e-6
-1.195, 1.918e-6
-1.196, 1.949e-6
-1.197, 1.956e-6
-1.198, 1.974e-6
-1.199, 1.962e-6
-1.200, 1.961e-6
-1.201, 1.943e-6
-1.202, 1.960e-6
-1.203, 1.969e-6
-1.204, 1.971e-6
-1.205, 2.021e-6
-1.206, 1.984e-6
-1.207, 1.993e-6
-1.208, 1.963e-6
-1.209, 2.018e-6
-1.210, 2.011e-6
-1.211, 1.981e-6
-1.212, 1.998e-6
-1.213, 2.028e-6
-1.214, 2.019e-6
-1.215, 2.015e-6
-1.216, 2.013e-6
-1.217, 2.027e-6
-1.218, 2.051e-6
-1.219, 2.009e-6
-1.220, 2.055e-6
-1.221, 2.022e-6
-1.222, 2.063e-6
-1.223, 2.070e-6
-1.224, 2.053e-6
-1.225, 2.034e-6
-1.226, 2.063e-6
-1.227, 2.073e-6
-1.228, 2.063e-6
-1.229, 2.082e-6
-1.230, 2.089e-6
-1.231, 2.097e-6
-1.232, 2.076e-6
-1.233, 2.103e-6
-1.234, 2.106e-6
-1.235, 2.121e-6
-1.236, 2.112e-6
-1.237, 2.112e-6
-1.238, 2.112e-6
-1.239, 2.146e-6
-1.240, 2.145e-6
-1.241, 2.114e-6
-1.242, 2.148e-6
-1.243, 2.154e-6
-1.244, 2.161e-6
-1.245, 2.174e-6
-1.246, 2.180e-6
-1.247, 2.142e-6
-1.248, 2.216e-6
-1.249, 2.207e-6
-1.250, 2.196e-6
-1.251, 2.203e-6
-1.252, 2.208e-6
-1.253, 2.188e-6
-1.254, 2.236e-6
-1.255, 2.216e-6
-1.256, 2.251e-6
-1.257, 2.232e-6
-1.258, 2.226e-6
-1.259, 2.225e-6
-1.260, 2.244e-6
-1.261, 2.249e-6
-1.262, 2.269e-6
-1.263, 2.266e-6
-1.264, 2.313e-6
-1.265, 2.285e-6
-1.266, 2.307e-6
-1.267, 2.326e-6
-1.268, 2.359e-6
-1.269, 2.335e-6
-1.270, 2.351e-6
-1.271, 2.361e-6
-1.272, 2.359e-6
-1.273, 2.352e-6
-1.274, 2.381e-6
-1.275, 2.380e-6
-1.276, 2.400e-6
-1.277, 2.410e-6
-1.278, 2.408e-6
-1.279, 2.420e-6
-1.280, 2.459e-6
-1.281, 2.449e-6
-1.282, 2.453e-6
-1.283, 2.484e-6
-1.284, 2.461e-6
-1.285, 2.456e-6
-1.286, 2.498e-6
-1.287, 2.477e-6
-1.288, 2.491e-6
-1.289, 2.526e-6
-1.290, 2.538e-6
-1.291, 2.490e-6
-1.292, 2.535e-6
-1.293, 2.555e-6
-1.294, 2.557e-6
-1.295, 2.575e-6
-1.296, 2.556e-6
-1.297, 2.556e-6
-1.298, 2.597e-6
-1.299, 2.610e-6
-1.300, 2.638e-6
-1.301, 2.621e-6
-1.302, 2.623e-6
-1.303, 2.620e-6
-1.304, 2.621e-6
-1.305, 2.653e-6
-1.306, 2.672e-6
-1.307, 2.672e-6
-1.308, 2.696e-6
-1.309, 2.647e-6
-1.310, 2.726e-6
-1.311, 2.720e-6
-1.312, 2.745e-6
-1.313, 2.745e-6
-1.314, 2.738e-6
-1.315, 2.762e-6
-1.316, 2.775e-6
-1.317, 2.750e-6
-1.318, 2.797e-6
-1.319, 2.774e-6
-1.320, 2.816e-6
-1.321, 2.818e-6
-1.322, 2.835e-6
-1.323, 2.849e-6
-1.324, 2.875e-6
-1.325, 2.849e-6
-1.326, 2.847e-6
-1.327, 2.892e-6
-1.328, 2.906e-6
-1.329, 2.897e-6
-1.330, 2.930e-6
-1.331, 2.927e-6
-1.332, 2.927e-6
-1.333, 2.977e-6
-1.334, 2.943e-6
-1.335, 2.977e-6
-1.336, 3.010e-6
-1.337, 2.965e-6
-1.338, 3.014e-6
-1.339, 3.006e-6
-1.340, 3.023e-6
-1.341, 3.059e-6
-1.342, 3.040e-6
-1.343, 3.038e-6
-1.344, 3.092e-6
-1.345, 3.087e-6
-1.346, 3.090e-6
-1.347, 3.095e-6
-1.348, 3.123e-6
-1.349, 3.129e-6
-1.350, 3.120e-6
-1.351, 3.151e-6
-1.352, 3.158e-6
-1.353, 3.173e-6
-1.354, 3.209e-6
-1.355, 3.177e-6
-1.356, 3.190e-6
-1.357, 3.235e-6
-1.358, 3.238e-6
-1.359, 3.260e-6
-1.360, 3.250e-6
-1.361, 3.258e-6
-1.362, 3.252e-6
-1.363, 3.266e-6
-1.364, 3.303e-6
-1.365, 3.291e-6
-1.366, 3.302e-6
-1.367, 3.331e-6
-1.368, 3.328e-6
-1.369, 3.346e-6
-1.370, 3.377e-6
-1.371, 3.367e-6
-1.372, 3.361e-6
-1.373, 3.385e-6
-1.374, 3.407e-6
-1.375, 3.400e-6
-1.376, 3.437e-6
-1.377, 3.423e-6
-1.378, 3.461e-6
-1.379, 3.470e-6
-1.380, 3.446e-6
-1.381, 3.509e-6
-1.382, 3.469e-6
-1.383, 3.496e-6
-1.384, 3.516e-6
-1.385, 3.522e-6
-1.386, 3.551e-6
-1.387, 3.542e-6
-1.388, 3.539e-6
-1.389, 3.569e-6
-1.390, 3.582e-6
-1.391, 3.600e-6
-1.392, 3.590e-6
-1.393, 3.600e-6
-1.394, 3.632e-6
-1.395, 3.641e-6
-1.396, 3.662e-6
-1.397, 3.680e-6
-1.398, 3.719e-6
-1.399, 3.744e-6
-1.400, 3.182e-6
-1.399, 2.814e-6
-1.398, 2.596e-6
-1.397, 2.465e-6
-1.396, 2.351e-6
-1.395, 2.224e-6
-1.394, 2.150e-6
-1.393, 2.073e-6
-1.392, 1.990e-6
-1.391, 1.929e-6
-1.390, 1.862e-6
-1.389, 1.792e-6
-1.388, 1.739e-6
-1.387, 1.687e-6
-1.386, 1.657e-6
-1.385, 1.587e-6
-1.384, 1.553e-6
-1.383, 1.453e-6
-1.382, 1.427e-6
-1.381, 1.408e-6
-1.380, 1.345e-6
-1.379, 1.338e-6
-1.378, 1.261e-6
-1.377, 1.275e-6
-1.376, 1.178e-6
-1.375, 1.160e-6
-1.374, 1.156e-6
-1.373, 1.102e-6
-1.372, 1.076e-6
-1.371, 1.035e-6
-1.370, 1.018e-6
-1.369, 9.913e-7
-1.368, 9.400e-7
-1.367, 9.252e-7
-1.366, 9.006e-7
-1.365, 8.581e-7
-1.364, 8.325e-7
-1.363, 7.930e-7
-1.362, 8.019e-7
-1.361, 7.624e-7
-1.360, 7.299e-7
-1.359, 7.023e-7
-1.358, 6.707e-7
-1.357, 6.569e-7
-1.356, 6.263e-7
-1.355, 5.918e-7
-1.354, 5.839e-7
-1.353, 5.375e-7
-1.352, 5.276e-7
-1.351, 5.247e-7
-1.350, 5.040e-7
-1.349, 4.694e-7
-1.348, 4.191e-7
-1.347, 4.428e-7
-1.346, 4.300e-7
-1.345, 3.964e-7
-1.344, 3.925e-7
-1.343, 3.500e-7
-1.342, 3.451e-7
-1.341, 3.175e-7
-1.340, 2.899e-7
-1.339, 3.027e-7
-1.338, 2.613e-7
-1.337, 2.198e-7
-1.336, 2.129e-7
-1.335, 1.873e-7
-1.334, 1.705e-7
-1.333, 1.902e-7
-1.332, 1.586e-7
-1.331, 1.429e-7
-1.330, 1.231e-7
-1.329, 1.162e-7
-1.328, 8.761e-8
-1.327, 8.169e-8
-1.326, 7.676e-8
-1.325, 8.169e-8
-1.324, 6.590e-8
-1.323, 2.348e-8
-1.322, 2.249e-8
-1.321, 4.736e-9
-1.320, -1.302e-8
-1.319, -1.894e-8
-1.318, -5.545e-8
-1.317, -3.769e-8
-1.316, -7.518e-8
-1.315, -5.742e-8
-1.314, -9.195e-8
-1.313, -9.787e-8
-1.312, -1.048e-7
-1.311, -1.294e-7
-1.310, -1.413e-7
-1.309, -1.531e-7
-1.308, -1.383e-7
-1.307, -1.788e-7
-1.306, -1.699e-7
-1.305, -1.610e-7
-1.304, -2.133e-7
-1.303, -2.054e-7
-1.302, -2.222e-7
-1.301, -2.133e-7
-1.300, -2.320e-7
-1.299, -2.478e-7
-1.298, -2.340e-7
-1.297, -2.350e-7
-1.296, -2.626e-7
-1.295, -3.129e-7
-1.294, -3.031e-7
-1.293, -2.824e-7
-1.292, -3.149e-7
-1.291, -3.287e-7
-1.290, -3.129e-7
-1.289, -3.317e-7
-1.288, -3.564e-7
-1.287, -3.662e-7
-1.286, -3.731e-7
-1.285, -3.485e-7
-1.284, -3.810e-7
-1.283, -3.988e-7
-1.282, -3.909e-7
-1.281, -4.146e-7
-1.280, -3.978e-7
-1.279, -4.491e-7
-1.278, -4.570e-7
-1.277, -4.353e-7
-1.276, -4.501e-7
-1.275, -4.639e-7
-1.274, -4.442e-7
-1.273, -4.866e-7
-1.272, -4.688e-7
-1.271, -4.767e-7
-1.270, -4.866e-7
-1.269, -4.955e-7
-1.268, -4.757e-7
-1.267, -5.251e-7
-1.266, -5.162e-7
-1.265, -5.330e-7
-1.264, -5.280e-7
-1.263, -5.487e-7
-1.262, -5.231e-7
-1.261, -5.142e-7
-1.260, -5.300e-7
-1.259, -5.379e-7
-1.258, -5.803e-7
-1.257, -5.734e-7
-1.256, -5.576e-7
-1.255, -5.487e-7
-1.254, -5.586e-7
-1.253, -5.852e-7
-1.252, -5.931e-7
-1.251, -5.961e-7
-1.250, -5.833e-7
-1.249, -5.872e-7
-1.248, -6.326e-7
-1.247, -6.316e-7
-1.246, -6.277e-7
-1.245, -6.326e-7
-1.244, -6.287e-7
-1.243, -6.158e-7
-1.242, -6.267e-7
-1.241, -6.553e-7
-1.240, -6.356e-7
-1.239, -6.671e-7
-1.238, -7.046e-7
-1.237, -6.908e-7
-1.236, -6.711e-7
-1.235, -6.928e-7
-1.234, -6.908e-7
-1.233, -6.938e-7
-1.232, -6.997e-7
-1.231, -6.928e-7
-1.230, -6.928e-7
-1.229, -7.224e-7
-1.228, -7.086e-7
-1.227, -7.303e-7
-1.226, -7.451e-7
-1.225, -7.569e-7
-1.224, -7.411e-7
-1.223, -7.293e-7
-1.222, -7.579e-7
-1.221, -7.648e-7
-1.220, -7.530e-7
-1.219, -7.845e-7
-1.218, -7.845e-7
-1.217, -7.855e-7
-1.216, -8.181e-7
-1.215, -8.230e-7
-1.214, -8.003e-7
-1.213, -8.122e-7
-1.212, -8.270e-7
-1.211, -8.201e-7
-1.210, -8.270e-7
-1.209, -8.408e-7
-1.208, -8.329e-7
-1.207, -8.605e-7
-1.206, -8.674e-7
-1.205, -8.645e-7
-1.204, -8.635e-7
-1.203, -8.654e-7
-1.202, -8.763e-7
-1.201, -8.694e-7
-1.200, -9.000e-7
-1.199, -8.901e-7
-1.198, -8.852e-7
-1.197, -9.148e-7
-1.196, -8.911e-7
-1.195, -8.950e-7
-1.194, -9.049e-7
-1.193, -9.148e-7
-1.192, -9.237e-7
-1.191, -9.454e-7
-1.190, -9.641e-7
-1.189, -9.424e-7
-1.188, -9.375e-7
-1.187, -9.414e-7
-1.186, -9.602e-7
-1.185, -9.769e-7
-1.184, -9.661e-7
-1.183, -9.759e-7
-1.182, -9.898e-7
-1.181, -9.858e-7
-1.180, -9.898e-7
-1.179, -1.020e-6
-1.178, -1.028e-6
-1.177, -1.018e-6
-1.176, -1.016e-6
-1.175, -1.007e-6
-1.174, -1.024e-6
-1.173, -1.034e-6
-1.172, -1.076e-6
-1.171, -1.094e-6
-1.170, -1.056e-6
-1.169, -1.058e-6
-1.168, -1.076e-6
-1.167, -1.095e-6
-1.166, -1.093e-6
-1.165, -1.082e-6
-1.164, -1.129e-6
-1.163, -1.128e-6
-1.162, -1.117e-6
-1.161, -1.152e-6
-1.160, -1.152e-6
-1.159, -1.132e-6
-1.158, -1.152e-6
-1.157, -1.202e-6
-1.156, -1.181e-6
-1.155, -1.192e-6
-1.154, -1.176e-6
-1.153, -1.180e-6
-1.152, -1.227e-6
-1.151, -1.219e-6
-1.150, -1.270e-6
-1.149, -1.216e-6
-1.148, -1.273e-6
-1.147, -1.272e-6
-1.146, -1.244e-6
-1.145, -1.308e-6
-1.144, -1.271e-6
-1.143, -1.302e-6
-1.142, -1.320e-6
-1.141, -1.298e-6
-1.140, -1.353e-6
-1.139, -1.337e-6
-1.138, -1.370e-6
-1.137, -1.360e-6
-1.136, -1.372e-6
-1.135, -1.393e-6
-1.134, -1.363e-6
-1.133, -1.368e-6
-1.132, -1.394e-6
-1.131, -1.390e-6
-1.130, -1.418e-6
-1.129, -1.428e-6
-1.128, -1.423e-6
-1.127, -1.469e-6
-1.126, -1.475e-6
-1.125, -1.444e-6
-1.124, -1.467e-6
-1.123, -1.492e-6
-1.122, -1.510e-6
-1.121, -1.530e-6
-1.120, -1.536e-6
-1.119, -1.541e-6
-1.118, -1.551e-6
-1.117, -1.556e-6
-1.116, -1.570e-6
-1.115, -1.575e-6
-1.114, -1.615e-6
-1.113, -1.638e-6
-1.112, -1.640e-6
-1.111, -1.624e-6
-1.110, -1.666e-6
-1.109, -1.664e-6
-1.108, -1.696e-6
-1.107, -1.717e-6
-1.106, -1.704e-6
-1.105, -1.733e-6
-1.104, -1.742e-6
-1.103, -1.756e-6
-1.102, -1.774e-6
-1.101, -1.798e-6
-1.100, -1.813e-6
-1.099, -1.794e-6
-1.098, -1.835e-6
-1.097, -1.847e-6
-1.096, -1.878e-6
-1.095, -1.894e-6
-1.094, -1.891e-6
-1.093, -1.897e-6
-1.092, -1.927e-6
-1.091, -1.944e-6
-1.090, -1.967e-6
-1.089, -1.974e-6
-1.088, -1.993e-6
-1.087, -2.031e-6
-1.086, -2.013e-6
-1.085, -2.006e-6
-1.084, -2.082e-6
-1.083, -2.093e-6
-1.082, -2.088e-6
-1.081, -2.105e-6
-1.080, -2.112e-6
-1.079, -2.156e-6
-1.078, -2.181e-6
-1.077, -2.186e-6
-1.076, -2.196e-6
-1.075, -2.243e-6
-1.074, -2.236e-6
-1.073, -2.254e-6
-1.072, -2.291e-6
-1.071, -2.301e-6
-1.070, -2.344e-6
-1.069, -2.349e-6
-1.068, -2.372e-6
-1.067, -2.385e-6
-1.066, -2.419e-6
-1.065, -2.457e-6
-1.064, -2.485e-6
-1.063, -2.520e-6
-1.062, -2.495e-6
-1.061, -2.513e-6
-1.060, -2.548e-6
-1.059, -2.563e-6
-1.058, -2.612e-6
-1.057, -2.623e-6
-1.056, -2.652e-6
-1.055, -2.682e-6
-1.054, -2.683e-6
-1.053, -2.700e-6
-1.052, -2.763e-6
-1.051, -2.781e-6
-1.050, -2.814e-6
-1.049, -2.835e-6
-1.048, -2.842e-6
-1.047, -2.890e-6
-1.046, -2.897e-6
-1.045, -2.940e-6
-1.044, -2.986e-6
-1.043, -2.975e-6
-1.042, -3.039e-6
-1.041, -3.079e-6
-1.040, -3.071e-6
-1.039, -3.134e-6
-1.038, -3.139e-6
-1.037, -3.193e-6
-1.036, -3.231e-6
-1.035, -3.246e-6
-1.034, -3.296e-6
-1.033, -3.322e-6
-1.032, -3.358e-6
-1.031, -3.411e-6
-1.030, -3.433e-6
-1.029, -3.463e-6
-1.028, -3.462e-6
-1.027, -3.524e-6
-1.026, -3.586e-6
-1.025, -3.603e-6
-1.024, -3.631e-6
-1.023, -3.673e-6
-1.022, -3.711e-6
-1.021, -3.752e-6
-1.020, -3.800e-6
-1.019, -3.828e-6
-1.018, -3.849e-6
-1.017, -3.913e-6
-1.016, -3.957e-6
-1.015, -3.962e-6
-1.014, -4.004e-6
-1.013, -4.045e-6
-1.012, -4.091e-6
-1.011, -4.143e-6
-1.010, -4.193e-6
-1.009, -4.234e-6
-1.008, -4.261e-6
-1.007, -4.308e-6
-1.006, -4.338e-6
-1.005, -4.422e-6
-1.004, -4.468e-6
-1.003, -4.499e-6
-1.002, -4.507e-6
-1.001, -4.572e-6
-1.000, -4.139e-6
-1.001, -3.733e-6
-1.002, -3.487e-6
-1.003, -3.240e-6
-1.004, -3.067e-6
-1.005, -2.883e-6
-1.006, -2.702e-6
-1.007, -2.535e-6
-1.008, -2.415e-6
-1.009, -2.252e-6
-1.010, -2.106e-6
-1.011, -1.987e-6
-1.012, -1.875e-6
-1.013, -1.750e-6
-1.014, -1.657e-6
-1.015, -1.550e-6
-1.016, -1.446e-6
-1.017, -1.340e-6
-1.018, -1.265e-6
-1.019, -1.150e-6
-1.020, -1.049e-6
-1.021, -9.838e-7
-1.022, -9.039e-7
-1.023, -8.566e-7
-1.024, -7.293e-7
-1.025, -6.691e-7
-1.026, -6.227e-7
-1.027, -5.764e-7
-1.028, -5.448e-7
-1.029, -4.521e-7
-1.030, -3.524e-7
-1.031, -2.824e-7
-1.032, -1.975e-7
-1.033, -1.511e-7
-1.034, -9.688e-8
-1.035, -3.177e-8
-1.036, -2.486e-8
-1.037, 4.321e-8
-1.038, 1.310e-7
-1.039, 1.498e-7
-1.040, 2.188e-7
-1.041, 2.465e-7
-1.042, 2.820e-7
-1.043, 3.096e-7
-1.044, 3.915e-7
-1.045, 3.944e-7
-1.046, 4.408e-7
-1.047, 4.665e-7
-1.048, 5.079e-7
-1.049, 5.395e-7
-1.050, 5.957e-7
-1.051, 6.243e-7
-1.052, 6.352e-7
-1.053, 6.697e-7
-1.054, 6.727e-7
-1.055, 7.437e-7
-1.056, 7.407e-7
-1.057, 7.812e-7
-1.058, 7.605e-7
-1.059, 7.763e-7
-1.060, 7.950e-7
-1.061, 8.483e-7
-1.062, 8.937e-7
-1.063, 9.440e-7
-1.064, 9.450e-7
-1.065, 9.420e-7
-1.066, 9.913e-7
-1.067, 1.025e-6
-1.068, 1.048e-6
-1.069, 1.043e-6
-1.070, 1.077e-6
-1.071, 1.085e-6
-1.072, 1.115e-6
-1.073, 1.167e-6
-1.074, 1.166e-6
-1.075, 1.175e-6
-1.076, 1.210e-6
-1.077, 1.208e-6
-1.078, 1.221e-6
-1.079, 1.241e-6
-1.080, 1.252e-6
-1.081, 1.293e-6
-1.082, 1.291e-6
-1.083, 1.285e-6
-1.084, 1.309e-6
-1.085, 1.328e-6
-1.086, 1.344e-6
-1.087, 1.372e-6
-1.088, 1.382e-6
-1.089, 1.339e-6
-1.090, 1.418e-6
-1.091, 1.397e-6
-1.092, 1.431e-6
-1.093, 1.431e-6
-1.094, 1.431e-6
-1.095, 1.443e-6
-1.096, 1.455e-6
-1.097, 1.435e-6
-1.098, 1.434e-6
-1.099, 1.462e-6
-1.100, 1.484e-6
-1.101, 1.525e-6
-1.102, 1.523e-6
-1.103, 1.520e-6
-1.104, 1.525e-6
-1.105, 1.527e-6
-1.106, 1.533e-6
-1.107, 1.548e-6
-1.108, 1.553e-6
-1.109, 1.544e-6
-1.110, 1.565e-6
-1.111, 1.559e-6
-1.112, 1.580e-6
-1.113, 1.565e-6
-1.114, 1.574e-6
-1.115, 1.602e-6
-1.116, 1.596e-6
-1.117, 1.624e-6
-1.118, 1.623e-6
-1.119, 1.629e-6
-1.120, 1.625e-6
-1.121, 1.614e-6
-1.122, 1.627e-6
-1.123, 1.641e-6
-1.124, 1.665e-6
-1.125, 1.670e-6
-1.126, 1.672e-6
-1.127, 1.688e-6
-1.128, 1.657e-6
-1.129, 1.663e-6
-1.130, 1.668e-6
-1.131, 1.674e-6
-1.132, 1.674e-6
-1.133, 1.686e-6
-1.134, 1.698e-6
-1.135, 1.697e-6
-1.136, 1.694e-6
-1.137, 1.722e-6
-1.138, 1.728e-6
-1.139, 1.720e-6
-1.140, 1.710e-6
-1.141, 1.723e-6
-1.142, 1.717e-6
-1.143, 1.718e-6
-1.144, 1.743e-6
-1.145, 1.744e-6
-1.146, 1.744e-6
-1.147, 1.755e-6
-1.148, 1.748e-6
-1.149, 1.747e-6
-1.150, 1.751e-6
-1.151, 1.747e-6
-1.152, 1.775e-6
-1.153, 1.762e-6
-1.154, 1.734e-6
-1.155, 1.769e-6
-1.156, 1.782e-6
-1.157, 1.762e-6
-1.158, 1.786e-6
-1.159, 1.743e-6
-1.160, 1.767e-6
-1.161, 1.769e-6
-1.162, 1.778e-6
-1.163, 1.788e-6
-1.164, 1.758e-6
-1.165, 1.785e-6
-1.166, 1.779e-6
-1.167, 1.802e-6
-1.168, 1.789e-6
-1.169, 1.805e-6
-1.170, 1.791e-6
-1.171, 1.798e-6
-1.172, 1.776e-6
-1.173, 1.822e-6
-1.174, 1.798e-6
-1.175, 1.810e-6
-1.176, 1.836e-6
-1.177, 1.842e-6
-1.178, 1.846e-6
-1.179, 1.825e-6
-1.180, 1.834e-6
-1.181, 1.830e-6
-1.182, 1.846e-6
-1.183, 1.833e-6
-1.184, 1.832e-6
-1.185, 1.840e-6
-1.186, 1.863e-6
-1.187, 1.864e-6
-1.188, 1.861e-6
-1.189, 1.854e-6
-1.190, 1.876e-6
-1.191, 1.888e-6
-1.192, 1.870e-6
-1.193, 1.878e-6
-1.194, 1.844e-6
-1.195, 1.894e-6
-1.196, 1.879e-6
-1.197, 1.882e-6
-1.198, 1.875e-6
-1.199, 1.892e-6
-1.200, 1.893e-6
-1.201, 1.878e-6
-1.202, 1.914e-6
-1.203, 1.894e-6
-1.204, 1.891e-6
-1.205, 1.921e-6
-1.206, 1.909e-6
-1.207, 1.917e-6
-1.208, 1.942e-6
-1.209, 1.943e-6
-1.210, 1.907e-6
-1.211, 1.950e-6
-1.212, 1.923e-6
-1.213, 1.924e-6
-1.214, 1.948e-6
-1.215, 1.937e-6
-1.216, 1.937e-6
-1.217, 1.951e-6
-1.218, 1.957e-6
-1.219, 1.905e-6
-1.220, 1.974e-6
-1.221, 1.967e-6
-1.222, 1.948e-6
-1.223, 1.964e-6
-1.224, 1.952e-6
-1.225, 1.930e-6
-1.226, 1.939e-6
-1.227, 1.989e-6
-1.228, 2.001e-6
-1.229, 2.007e-6
-1.230, 2.004e-6
-1.231, 2.037e-6
-1.232, 2.015e-6
-1.233, 2.045e-6
-1.234, 2.078e-6
-1.235, 2.035e-6
-1.236, 2.064e-6
-1.237, 2.053e-6
-1.238, 2.064e-6
-1.239, 2.071e-6
-1.240, 2.061e-6
-1.241, 2.088e-6
-1.242, 2.061e-6
-1.243, 2.083e-6
-1.244, 2.094e-6
-1.245, 2.083e-6
-1.246, 2.103e-6
-1.247, 2.088e-6
-1.248, 2.118e-6
-1.249, 2.124e-6
-1.250, 2.111e-6
-1.251, 2.110e-6
-1.252, 2.145e-6
-1.253, 2.109e-6
-1.254, 2.142e-6
-1.255, 2.119e-6
-1.256, 2.101e-6
-1.257, 2.117e-6
-1.258, 2.149e-6
-1.259, 2.119e-6
-1.260, 2.139e-6
-1.261, 2.167e-6
-1.262, 2.167e-6
-1.263, 2.188e-6
-1.264, 2.202e-6
-1.265, 2.238e-6
-1.266, 2.186e-6
-1.267, 2.231e-6
-1.268, 2.229e-6
-1.269, 2.201e-6
-1.270, 2.237e-6
-1.271, 2.226e-6
-1.272, 2.257e-6
-1.273, 2.256e-6
-1.274, 2.252e-6
-1.275, 2.258e-6
-1.276, 2.298e-6
-1.277, 2.286e-6
-1.278, 2.304e-6
-1.279, 2.306e-6
-1.280, 2.318e-6
-1.281, 2.344e-6
-1.282, 2.343e-6
-1.283, 2.365e-6
-1.284, 2.329e-6
-1.285, 2.357e-6
-1.286, 2.376e-6
-1.287, 2.388e-6
-1.288, 2.394e-6
-1.289, 2.380e-6
-1.290, 2.404e-6
-1.291, 2.410e-6
-1.292, 2.417e-6
-1.293, 2.424e-6
-1.294, 2.429e-6
-1.295, 2.450e-6
-1.296, 2.486e-6
-1.297, 2.462e-6
-1.298, 2.491e-6
-1.299, 2.444e-6
-1.300, 2.481e-6
-1.301, 2.513e-6
-1.302, 2.505e-6
-1.303, 2.517e-6
-1.304, 2.519e-6
-1.305, 2.520e-6
-1.306, 2.535e-6
-1.307, 2.553e-6
-1.308, 2.553e-6
-1.309, 2.559e-6
-1.310, 2.552e-6
-1.311, 2.575e-6
-1.312, 2.586e-6
-1.313, 2.609e-6
-1.314, 2.606e-6
-1.315, 2.624e-6
-1.316, 2.621e-6
-1.317, 2.598e-6
-1.318, 2.649e-6
-1.319, 2.648e-6
-1.320, 2.670e-6
-1.321, 2.687e-6
-1.322, 2.687e-6
-1.323, 2.679e-6
-1.324, 2.709e-6
-1.325, 2.688e-6
-1.326, 2.724e-6
-1.327, 2.759e-6
-1.328, 2.731e-6
-1.329, 2.773e-6
-1.330, 2.769e-6
-1.331, 2.755e-6
-1.332, 2.803e-6
-1.333, 2.811e-6
-1.334, 2.812e-6
-1.335, 2.817e-6
-1.336, 2.794e-6
-1.337, 2.820e-6
-1.338, 2.830e-6
-1.339, 2.838e-6
-1.340, 2.855e-6
-1.341, 2.847e-6
-1.342, 2.884e-6
-1.343, 2.904e-6
-1.344, 2.885e-6
-1.345, 2.897e-6
-1.346, 2.916e-6
-1.347, 2.923e-6
-1.348, 2.929e-6
-1.349, 2.939e-6
-1.350, 2.926e-6
-1.351, 2.954e-6
-1.352, 2.969e-6
-1.353, 2.952e-6
-1.354, 2.988e-6
-1.355, 2.969e-6
-1.356, 2.975e-6
-1.357, 2.984e-6
-1.358, 3.034e-6
-1.359, 3.036e-6
-1.360, 3.031e-6
-1.361, 3.011e-6
-1.362, 3.031e-6
-1.363, 3.048e-6
-1.364, 3.054e-6
-1.365, 3.034e-6
-1.366, 3.070e-6
-1.367, 3.096e-6
-1.368, 3.129e-6
-1.369, 3.119e-6
-1.370, 3.135e-6
-1.371, 3.161e-6
-1.372, 3.155e-6
-1.373, 3.186e-6
-1.374, 3.176e-6
-1.375, 3.185e-6
-1.376, 3.205e-6
-1.377, 3.191e-6
-1.378, 3.199e-6
-1.379, 3.232e-6
-1.380, 3.214e-6
-1.381, 3.246e-6
-1.382, 3.235e-6
-1.383, 3.292e-6
-1.384, 3.296e-6
-1.385, 3.304e-6
-1.386, 3.312e-6
-1.387, 3.338e-6
-1.388, 3.320e-6
-1.389, 3.355e-6
-1.390, 3.337e-6
-1.391, 3.344e-6
-1.392, 3.377e-6
-1.393, 3.393e-6
-1.394, 3.390e-6
-1.395, 3.424e-6
-1.396, 3.432e-6
-1.397, 3.444e-6
-1.398, 3.447e-6
-1.399, 3.474e-6
-1.400, 2.958e-6
-1.399, 2.553e-6
-1.398, 2.359e-6
-1.397, 2.216e-6
-1.396, 2.106e-6
-1.395, 2.019e-6
-1.394, 1.927e-6
-1.393, 1.834e-6
-1.392, 1.780e-6
-1.391, 1.706e-6
-1.390, 1.645e-6
-1.389, 1.610e-6
-1.388, 1.550e-6
-1.387, 1.487e-6
-1.386, 1.485e-6
-1.385, 1.395e-6
-1.384, 1.368e-6
-1.383, 1.310e-6
-1.382, 1.269e-6
-1.381, 1.221e-6
-1.380, 1.164e-6
-1.379, 1.159e-6
-1.378, 1.093e-6
-1.377, 1.082e-6
-1.376, 1.063e-6
-1.375, 9.825e-7
-1.374, 9.775e-7
-1.373, 9.242e-7
-1.372, 9.055e-7
-1.371, 8.690e-7
-1.370, 8.749e-7
-1.369, 7.980e-7
-1.368, 8.384e-7
-1.367, 7.950e-7
-1.366, 7.545e-7
-1.365, 7.437e-7
-1.364, 7.378e-7
-1.363, 6.983e-7
-1.362, 6.776e-7
-1.361, 6.638e-7
-1.360, 6.154e-7
-1.359, 5.898e-7
-1.358, 5.691e-7
-1.357, 5.128e-7
-1.356, 5.138e-7
-1.355, 5.306e-7
-1.354, 5.089e-7
-1.353, 4.744e-7
-1.352, 4.655e-7
-1.351, 4.398e-7
-1.350, 4.329e-7
-1.349, 4.132e-7
-1.348, 4.063e-7
-1.347, 3.688e-7
-1.346, 3.155e-7
-1.345, 3.076e-7
-1.344, 3.195e-7
-1.343, 2.820e-7
-1.342, 2.751e-7
-1.341, 2.376e-7
-1.340, 2.484e-7
-1.339, 2.257e-7
-1.338, 1.853e-7
-1.337, 1.882e-7
-1.336, 1.823e-7
-1.335, 1.517e-7
-1.334, 1.586e-7
-1.333, 1.024e-7
-1.332, 1.182e-7
-1.331, 5.012e-8
-1.330, 6.492e-8
-1.329, 6.590e-8
-1.328, 6.393e-8
-1.327, 2.052e-8
-1.326, 4.321e-8
-1.325, -7.103e-9
-1.324, -3.473e-8
-1.323, -2.881e-8
-1.322, -1.697e-8
-1.321, -2.289e-8
-1.320, -9.195e-8
-1.319, -1.067e-7
-1.318, -1.067e-7
-1.317, -9.590e-8
-1.316, -1.067e-7
-1.315, -1.206e-7
-1.314, -1.344e-7
-1.313, -1.719e-7
-1.312, -1.600e-7
-1.311, -1.551e-7
-1.310, -1.837e-7
-1.309, -1.896e-7
-1.308, -2.024e-7
-1.307, -1.867e-7
-1.306, -2.133e-7
-1.305, -2.153e-7
-1.304, -2.468e-7
-1.303, -2.320e-7
-1.302, -2.350e-7
-1.301, -2.784e-7
-1.300, -3.041e-7
-1.299, -2.912e-7
-1.298, -2.962e-7
-1.297, -3.159e-7
-1.296, -3.001e-7
-1.295, -3.110e-7
-1.294, -3.583e-7
-1.293, -3.455e-7
-1.292, -3.376e-7
-1.291, -3.504e-7
-1.290, -3.672e-7
-1.289, -3.603e-7
-1.288, -3.820e-7
-1.287, -3.869e-7
-1.286, -4.175e-7
-1.285, -4.067e-7
-1.284, -4.165e-7
-1.283, -4.254e-7
-1.282, -4.008e-7
-1.281, -4.313e-7
-1.280, -4.254e-7
-1.279, -4.373e-7
-1.278, -4.629e-7
-1.277, -4.678e-7
-1.276, -4.373e-7
-1.275, -4.777e-7
-1.274, -4.738e-7
-1.273, -4.807e-7
-1.272, -4.767e-7
-1.271, -5.122e-7
-1.270, -5.142e-7
-1.269, -5.014e-7
-1.268, -5.201e-7
-1.267, -5.182e-7
-1.266, -5.182e-7
-1.265, -5.517e-7
-1.264, -5.261e-7
-1.263, -5.537e-7
-1.262, -5.507e-7
-1.261, -5.399e-7
-1.260, -5.714e-7
-1.259, -5.635e-7
-1.258, -5.981e-7
-1.257, -6.060e-7
-1.256, -5.566e-7
-1.255, -5.843e-7
-1.254, -5.931e-7
-1.253, -6.030e-7
-1.252, -6.079e-7
-1.251, -6.040e-7
-1.250, -5.823e-7
-1.249, -6.040e-7
-1.248, -6.040e-7
-1.247, -5.912e-7
-1.246, -6.178e-7
-1.245, -6.257e-7
-1.244, -6.336e-7
-1.243, -6.375e-7
-1.242, -6.395e-7
-1.241, -6.612e-7
-1.240, -6.602e-7
-1.239, -6.957e-7
-1.238, -6.661e-7
-1.237, -6.977e-7
-1.236, -6.661e-7
-1.235, -7.155e-7
-1.234, -6.977e-7
-1.233, -6.987e-7
-1.232, -7.165e-7
-1.231, -7.105e-7
-1.230, -7.342e-7
-1.229, -7.253e-7
-1.228, -7.559e-7
-1.227, -7.520e-7
-1.226, -7.549e-7
-1.225, -7.865e-7
-1.224, -7.530e-7
-1.223, -7.707e-7
-1.222, -7.707e-7
-1.221, -7.865e-7
-1.220, -7.727e-7
-1.219, -7.914e-7
-1.218, -7.727e-7
-1.217, -7.747e-7
-1.216, -8.141e-7
-1.215, -8.171e-7
-1.214, -8.141e-7
-1.213, -7.865e-7
-1.212, -7.984e-7
-1.211, -8.299e-7
-1.210, -8.477e-7
-1.209, -8.704e-7
-1.208, -8.506e-7
-1.207, -8.270e-7
-1.206, -8.329e-7
-1.205, -8.615e-7
-1.204, -8.299e-7
-1.203, -8.487e-7
-1.202, -8.497e-7
-1.201, -8.398e-7
-1.200, -8.891e-7
-1.199, -8.822e-7
-1.198, -8.625e-7
-1.197, -8.990e-7
-1.196, -8.970e-7
-1.195, -8.842e-7
-1.194, -9.108e-7
-1.193, -9.049e-7
-1.192, -8.911e-7
-1.191, -8.960e-7
-1.190, -9.335e-7
-1.189, -9.246e-7
-1.188, -9.296e-7
-1.187, -9.503e-7
-1.186, -9.177e-7
-1.185, -9.710e-7
-1.184, -9.355e-7
-1.183, -9.690e-7
-1.182, -9.710e-7
-1.181, -9.848e-7
-1.180, -9.799e-7
-1.179, -1.013e-6
-1.178, -1.020e-6
-1.177, -1.014e-6
-1.176, -1.028e-6
-1.175, -1.016e-6
-1.174, -1.043e-6
-1.173, -1.005e-6
-1.172, -1.030e-6
-1.171, -1.065e-6
-1.170, -1.036e-6
-1.169, -1.083e-6
-1.168, -1.043e-6
-1.167, -1.041e-6
-1.166, -1.058e-6
-1.165, -1.100e-6
-1.164, -1.110e-6
-1.163, -1.091e-6
-1.162, -1.128e-6
-1.161, -1.091e-6
-1.160, -1.130e-6
-1.159, -1.136e-6
-1.158, -1.143e-6
-1.157, -1.136e-6
-1.156, -1.163e-6
-1.155, -1.158e-6
-1.154, -1.146e-6
-1.153, -1.176e-6
-1.152, -1.198e-6
-1.151, -1.155e-6
-1.150, -1.184e-6
-1.149, -1.210e-6
-1.148, -1.207e-6
-1.147, -1.207e-6
-1.146, -1.241e-6
-1.145, -1.226e-6
-1.144, -1.240e-6
-1.143, -1.240e-6
-1.142, -1.279e-6
-1.141, -1.282e-6
-1.140, -1.278e-6
-1.139, -1.262e-6
-1.138, -1.328e-6
-1.137, -1.337e-6
-1.136, -1.349e-6
-1.135, -1.324e-6
-1.134, -1.354e-6
-1.133, -1.347e-6
-1.132, -1.366e-6
-1.131, -1.392e-6
-1.130, -1.373e-6
-1.129, -1.398e-6
-1.128, -1.380e-6
-1.127, -1.397e-6
-1.126, -1.402e-6
-1.125, -1.409e-6
-1.124, -1.435e-6
-1.123, -1.441e-6
-1.122, -1.441e-6
-1.121, -1.446e-6
-1.120, -1.498e-6
-1.119, -1.465e-6
-1.118, -1.512e-6
-1.117, -1.491e-6
-1.116, -1.517e-6
-1.115, -1.547e-6
-1.114, -1.576e-6
-1.113, -1.555e-6
-1.112, -1.574e-6
-1.111, -1.605e-6
-1.110, -1.596e-6
-1.109, -1.619e-6
-1.108, -1.621e-6
-1.107, -1.620e-6
-1.106, -1.637e-6
-1.105, -1.664e-6
-1.104, -1.674e-6
-1.103, -1.700e-6
-1.102, -1.683e-6
-1.101, -1.719e-6
-1.100, -1.757e-6
-1.099, -1.769e-6
-1.098, -1.773e-6
-1.097, -1.770e-6
-1.096, -1.786e-6
-1.095, -1.797e-6
-1.094, -1.804e-6
-1.093, -1.815e-6
-1.092, -1.846e-6
-1.091, -1.857e-6
-1.090, -1.878e-6
-1.089, -1.890e-6
-1.088, -1.928e-6
-1.087, -1.935e-6
-1.086, -1.936e-6
-1.085, -1.949e-6
-1.084, -1.991e-6
-1.083, -1.953e-6
-1.082, -1.996e-6
-1.081, -2.044e-6
-1.080, -2.060e-6
-1.079, -2.075e-6
-1.078, -2.098e-6
-1.077, -2.132e-6
-1.076, -2.157e-6
-1.075, -2.167e-6
-1.074, -2.152e-6
-1.073, -2.156e-6
-1.072, -2.211e-6
-1.071, -2.228e-6
-1.070, -2.251e-6
-1.069, -2.276e-6
-1.068, -2.294e-6
-1.067, -2.283e-6
-1.066, -2.342e-6
-1.065, -2.323e-6
-1.064, -2.348e-6
-1.063, -2.386e-6
-1.062, -2.419e-6
-1.061, -2.403e-6
-1.060, -2.462e-6
-1.059, -2.490e-6
-1.058, -2.520e-6
-1.057, -2.544e-6
-1.056, -2.566e-6
-1.055, -2.586e-6
-1.054, -2.605e-6
-1.053, -2.642e-6
-1.052, -2.639e-6
-1.051, -2.656e-6
-1.050, -2.710e-6
-1.049, -2.754e-6
-1.048, -2.772e-6
-1.047, -2.801e-6
-1.046, -2.825e-6
-1.045, -2.865e-6
-1.044, -2.913e-6
-1.043, -2.934e-6
-1.042, -2.922e-6
-1.041, -2.953e-6
-1.040, -2.991e-6
-1.039, -3.009e-6
-1.038, -3.060e-6
-1.037, -3.071e-6
-1.036, -3.085e-6
-1.035, -3.133e-6
-1.034, -3.194e-6
-1.033, -3.225e-6
-1.032, -3.217e-6
-1.031, -3.260e-6
-1.030, -3.280e-6
-1.029, -3.317e-6
-1.028, -3.405e-6
-1.027, -3.423e-6
-1.026, -3.421e-6
-1.025, -3.487e-6
-1.024, -3.518e-6
-1.023, -3.550e-6
-1.022, -3.606e-6
-1.021, -3.632e-6
-1.020, -3.659e-6
-1.019, -3.712e-6
-1.018, -3.746e-6
-1.017, -3.773e-6
-1.016, -3.825e-6
-1.015, -3.837e-6
-1.014, -3.903e-6
-1.013, -3.994e-6
-1.012, -4.021e-6
-1.011, -4.031e-6
-1.010, -4.051e-6
-1.009, -4.087e-6
-1.008, -4.143e-6
-1.007, -4.182e-6
-1.006, -4.234e-6
-1.005, -4.254e-6
-1.004, -4.328e-6
-1.003, -4.368e-6
-1.002, -4.400e-6
-1.001, -4.426e-6
