Aug. 20, 2024   13:56:13
Cyclic Voltammetry
File: c:/users/guazh/data/20240813_batch_94_500/2024-08-15-exp141\exp141-2024-08-20t13_39_05-arkoh\exp141_cv_sr_50mvs_efin_-1700mv.bin
Data Source:  Experiment
Instrument Model:  CHI760E
Header: CV ran at 50 mVs
Note: 

Init E (V) = -1
High E (V) = -1
Low E (V) = -1.7
Final E (V) = -1
Init P/N = N
Scan Rate (V/s) = 0.05
Segment = 3
Sample Interval (V) = 0.001
Quiet Time (sec) = 2
Sensitivity (A/V) = 0.01
Comp R (ohm) = 1.6

Results:

Channel 1:
Segment 1:

Segment 2:

Segment 3:

Potential/V, Current/A

-1.000, -8.110e-7
-1.001, 7.873e-7
-1.002, 1.508e-6
-1.003, 2.119e-6
-1.004, 2.405e-6
-1.005, 2.879e-6
-1.006, 3.274e-6
-1.007, 3.579e-6
-1.008, 3.915e-6
-1.009, 4.043e-6
-1.010, 4.388e-6
-1.011, 4.674e-6
-1.012, 4.901e-6
-1.013, 5.178e-6
-1.014, 5.306e-6
-1.015, 5.493e-6
-1.016, 5.710e-6
-1.017, 5.819e-6
-1.018, 6.105e-6
-1.019, 6.174e-6
-1.020, 6.411e-6
-1.021, 6.440e-6
-1.022, 6.519e-6
-1.023, 6.855e-6
-1.024, 6.954e-6
-1.025, 7.062e-6
-1.026, 7.161e-6
-1.027, 7.309e-6
-1.028, 7.585e-6
-1.029, 7.575e-6
-1.030, 7.644e-6
-1.031, 7.723e-6
-1.032, 7.772e-6
-1.033, 8.059e-6
-1.034, 8.177e-6
-1.035, 8.216e-6
-1.036, 8.128e-6
-1.037, 8.345e-6
-1.038, 8.493e-6
-1.039, 8.522e-6
-1.040, 8.621e-6
-1.041, 8.690e-6
-1.042, 8.650e-6
-1.043, 8.838e-6
-1.044, 8.789e-6
-1.045, 8.877e-6
-1.046, 8.907e-6
-1.047, 9.065e-6
-1.048, 9.055e-6
-1.049, 9.114e-6
-1.050, 9.292e-6
-1.051, 9.321e-6
-1.052, 9.361e-6
-1.053, 9.381e-6
-1.054, 9.321e-6
-1.055, 9.489e-6
-1.056, 9.568e-6
-1.057, 9.588e-6
-1.058, 9.607e-6
-1.059, 9.637e-6
-1.060, 9.607e-6
-1.061, 9.677e-6
-1.062, 9.765e-6
-1.063, 9.765e-6
-1.064, 9.746e-6
-1.065, 9.825e-6
-1.066, 9.933e-6
-1.067, 9.864e-6
-1.068, 9.815e-6
-1.069, 9.992e-6
-1.070, 9.963e-6
-1.071, 1.000e-5
-1.072, 9.953e-6
-1.073, 1.000e-5
-1.074, 1.006e-5
-1.075, 1.009e-5
-1.076, 1.005e-5
-1.077, 1.013e-5
-1.078, 1.015e-5
-1.079, 1.014e-5
-1.080, 1.010e-5
-1.081, 1.011e-5
-1.082, 1.022e-5
-1.083, 1.006e-5
-1.084, 1.016e-5
-1.085, 1.013e-5
-1.086, 9.953e-6
-1.087, 1.020e-5
-1.088, 1.014e-5
-1.089, 1.020e-5
-1.090, 1.011e-5
-1.091, 1.003e-5
-1.092, 1.007e-5
-1.093, 1.005e-5
-1.094, 1.007e-5
-1.095, 1.001e-5
-1.096, 9.923e-6
-1.097, 1.000e-5
-1.098, 9.923e-6
-1.099, 9.943e-6
-1.100, 9.834e-6
-1.101, 9.884e-6
-1.102, 1.002e-5
-1.103, 9.894e-6
-1.104, 9.903e-6
-1.105, 9.953e-6
-1.106, 9.726e-6
-1.107, 9.854e-6
-1.108, 9.736e-6
-1.109, 9.864e-6
-1.110, 9.755e-6
-1.111, 9.617e-6
-1.112, 9.706e-6
-1.113, 9.617e-6
-1.114, 9.716e-6
-1.115, 9.657e-6
-1.116, 9.489e-6
-1.117, 9.657e-6
-1.118, 9.509e-6
-1.119, 9.519e-6
-1.120, 9.578e-6
-1.121, 9.469e-6
-1.122, 9.598e-6
-1.123, 9.381e-6
-1.124, 9.390e-6
-1.125, 9.331e-6
-1.126, 9.292e-6
-1.127, 9.331e-6
-1.128, 9.292e-6
-1.129, 9.252e-6
-1.130, 9.233e-6
-1.131, 9.173e-6
-1.132, 9.213e-6
-1.133, 9.183e-6
-1.134, 9.134e-6
-1.135, 9.104e-6
-1.136, 9.016e-6
-1.137, 9.025e-6
-1.138, 9.006e-6
-1.139, 9.104e-6
-1.140, 8.996e-6
-1.141, 8.897e-6
-1.142, 8.848e-6
-1.143, 9.006e-6
-1.144, 8.838e-6
-1.145, 8.858e-6
-1.146, 8.789e-6
-1.147, 8.729e-6
-1.148, 8.818e-6
-1.149, 8.700e-6
-1.150, 8.621e-6
-1.151, 8.601e-6
-1.152, 8.621e-6
-1.153, 8.680e-6
-1.154, 8.700e-6
-1.155, 8.601e-6
-1.156, 8.522e-6
-1.157, 8.502e-6
-1.158, 8.502e-6
-1.159, 8.542e-6
-1.160, 8.443e-6
-1.161, 8.414e-6
-1.162, 8.433e-6
-1.163, 8.325e-6
-1.164, 8.305e-6
-1.165, 8.295e-6
-1.166, 8.305e-6
-1.167, 8.374e-6
-1.168, 8.394e-6
-1.169, 8.295e-6
-1.170, 8.167e-6
-1.171, 8.147e-6
-1.172, 8.206e-6
-1.173, 8.206e-6
-1.174, 8.157e-6
-1.175, 8.206e-6
-1.176, 8.029e-6
-1.177, 8.029e-6
-1.178, 8.226e-6
-1.179, 8.118e-6
-1.180, 8.088e-6
-1.181, 8.108e-6
-1.182, 8.108e-6
-1.183, 8.039e-6
-1.184, 8.078e-6
-1.185, 8.088e-6
-1.186, 8.019e-6
-1.187, 8.118e-6
-1.188, 8.029e-6
-1.189, 8.049e-6
-1.190, 8.068e-6
-1.191, 7.980e-6
-1.192, 8.157e-6
-1.193, 7.989e-6
-1.194, 8.118e-6
-1.195, 8.009e-6
-1.196, 7.960e-6
-1.197, 8.108e-6
-1.198, 7.999e-6
-1.199, 8.098e-6
-1.200, 8.029e-6
-1.201, 7.970e-6
-1.202, 8.049e-6
-1.203, 8.019e-6
-1.204, 8.167e-6
-1.205, 8.088e-6
-1.206, 8.029e-6
-1.207, 8.108e-6
-1.208, 7.999e-6
-1.209, 8.108e-6
-1.210, 8.108e-6
-1.211, 8.088e-6
-1.212, 8.167e-6
-1.213, 8.049e-6
-1.214, 8.108e-6
-1.215, 8.068e-6
-1.216, 8.108e-6
-1.217, 8.216e-6
-1.218, 8.167e-6
-1.219, 8.128e-6
-1.220, 8.167e-6
-1.221, 8.088e-6
-1.222, 8.216e-6
-1.223, 8.226e-6
-1.224, 8.295e-6
-1.225, 8.197e-6
-1.226, 8.295e-6
-1.227, 8.256e-6
-1.228, 8.315e-6
-1.229, 8.502e-6
-1.230, 8.473e-6
-1.231, 8.433e-6
-1.232, 8.522e-6
-1.233, 8.433e-6
-1.234, 8.591e-6
-1.235, 8.453e-6
-1.236, 8.581e-6
-1.237, 8.670e-6
-1.238, 8.739e-6
-1.239, 8.720e-6
-1.240, 8.572e-6
-1.241, 8.650e-6
-1.242, 8.808e-6
-1.243, 8.818e-6
-1.244, 8.749e-6
-1.245, 8.808e-6
-1.246, 8.828e-6
-1.247, 8.946e-6
-1.248, 9.025e-6
-1.249, 9.104e-6
-1.250, 8.966e-6
-1.251, 9.016e-6
-1.252, 9.055e-6
-1.253, 9.203e-6
-1.254, 9.223e-6
-1.255, 9.173e-6
-1.256, 9.272e-6
-1.257, 9.272e-6
-1.258, 9.390e-6
-1.259, 9.479e-6
-1.260, 9.430e-6
-1.261, 9.529e-6
-1.262, 9.637e-6
-1.263, 9.617e-6
-1.264, 9.637e-6
-1.265, 9.607e-6
-1.266, 9.765e-6
-1.267, 9.923e-6
-1.268, 9.923e-6
-1.269, 1.006e-5
-1.270, 9.992e-6
-1.271, 1.016e-5
-1.272, 1.021e-5
-1.273, 1.023e-5
-1.274, 1.041e-5
-1.275, 1.026e-5
-1.276, 1.034e-5
-1.277, 1.060e-5
-1.278, 1.058e-5
-1.279, 1.080e-5
-1.280, 1.066e-5
-1.281, 1.086e-5
-1.282, 1.095e-5
-1.283, 1.110e-5
-1.284, 1.121e-5
-1.285, 1.101e-5
-1.286, 1.128e-5
-1.287, 1.151e-5
-1.288, 1.152e-5
-1.289, 1.165e-5
-1.290, 1.165e-5
-1.291, 1.181e-5
-1.292, 1.192e-5
-1.293, 1.205e-5
-1.294, 1.226e-5
-1.295, 1.216e-5
-1.296, 1.226e-5
-1.297, 1.246e-5
-1.298, 1.258e-5
-1.299, 1.277e-5
-1.300, 1.278e-5
-1.301, 1.292e-5
-1.302, 1.314e-5
-1.303, 1.320e-5
-1.304, 1.356e-5
-1.305, 1.348e-5
-1.306, 1.393e-5
-1.307, 1.402e-5
-1.308, 1.411e-5
-1.309, 1.439e-5
-1.310, 1.450e-5
-1.311, 1.483e-5
-1.312, 1.496e-5
-1.313, 1.509e-5
-1.314, 1.542e-5
-1.315, 1.555e-5
-1.316, 1.583e-5
-1.317, 1.603e-5
-1.318, 1.617e-5
-1.319, 1.661e-5
-1.320, 1.667e-5
-1.321, 1.687e-5
-1.322, 1.724e-5
-1.323, 1.726e-5
-1.324, 1.776e-5
-1.325, 1.778e-5
-1.326, 1.807e-5
-1.327, 1.839e-5
-1.328, 1.861e-5
-1.329, 1.895e-5
-1.330, 1.911e-5
-1.331, 1.932e-5
-1.332, 1.972e-5
-1.333, 1.999e-5
-1.334, 2.032e-5
-1.335, 2.059e-5
-1.336, 2.089e-5
-1.337, 2.115e-5
-1.338, 2.151e-5
-1.339, 2.191e-5
-1.340, 2.213e-5
-1.341, 2.245e-5
-1.342, 2.282e-5
-1.343, 2.323e-5
-1.344, 2.362e-5
-1.345, 2.393e-5
-1.346, 2.446e-5
-1.347, 2.469e-5
-1.348, 2.513e-5
-1.349, 2.562e-5
-1.350, 2.598e-5
-1.351, 2.649e-5
-1.352, 2.690e-5
-1.353, 2.722e-5
-1.354, 2.786e-5
-1.355, 2.815e-5
-1.356, 2.878e-5
-1.357, 2.922e-5
-1.358, 2.966e-5
-1.359, 3.035e-5
-1.360, 3.072e-5
-1.361, 3.138e-5
-1.362, 3.181e-5
-1.363, 3.249e-5
-1.364, 3.298e-5
-1.365, 3.349e-5
-1.366, 3.412e-5
-1.367, 3.476e-5
-1.368, 3.533e-5
-1.369, 3.600e-5
-1.370, 3.660e-5
-1.371, 3.733e-5
-1.372, 3.793e-5
-1.373, 3.869e-5
-1.374, 3.932e-5
-1.375, 3.998e-5
-1.376, 4.084e-5
-1.377, 4.160e-5
-1.378, 4.228e-5
-1.379, 4.319e-5
-1.380, 4.384e-5
-1.381, 4.472e-5
-1.382, 4.573e-5
-1.383, 4.646e-5
-1.384, 4.736e-5
-1.385, 4.815e-5
-1.386, 4.914e-5
-1.387, 5.001e-5
-1.388, 5.098e-5
-1.389, 5.191e-5
-1.390, 5.296e-5
-1.391, 5.405e-5
-1.392, 5.499e-5
-1.393, 5.624e-5
-1.394, 5.719e-5
-1.395, 5.836e-5
-1.396, 5.938e-5
-1.397, 6.068e-5
-1.398, 6.183e-5
-1.399, 6.298e-5
-1.400, 6.405e-5
-1.401, 6.531e-5
-1.402, 6.678e-5
-1.403, 6.797e-5
-1.404, 6.940e-5
-1.405, 7.075e-5
-1.406, 7.205e-5
-1.407, 7.360e-5
-1.408, 7.508e-5
-1.409, 7.662e-5
-1.410, 7.813e-5
-1.411, 7.963e-5
-1.412, 8.131e-5
-1.413, 8.290e-5
-1.414, 8.461e-5
-1.415, 8.637e-5
-1.416, 8.805e-5
-1.417, 8.990e-5
-1.418, 9.192e-5
-1.419, 9.384e-5
-1.420, 9.579e-5
-1.421, 9.773e-5
-1.422, 9.983e-5
-1.423, 1.018e-4
-1.424, 1.040e-4
-1.425, 1.058e-4
-1.426, 1.082e-4
-1.427, 1.107e-4
-1.428, 1.129e-4
-1.429, 1.153e-4
-1.430, 1.177e-4
-1.431, 1.200e-4
-1.432, 1.224e-4
-1.433, 1.251e-4
-1.434, 1.280e-4
-1.435, 1.306e-4
-1.436, 1.334e-4
-1.437, 1.362e-4
-1.438, 1.391e-4
-1.439, 1.420e-4
-1.440, 1.451e-4
-1.441, 1.483e-4
-1.442, 1.514e-4
-1.443, 1.547e-4
-1.444, 1.580e-4
-1.445, 1.612e-4
-1.446, 1.646e-4
-1.447, 1.684e-4
-1.448, 1.720e-4
-1.449, 1.755e-4
-1.450, 1.792e-4
-1.451, 1.829e-4
-1.452, 1.868e-4
-1.453, 1.907e-4
-1.454, 1.946e-4
-1.455, 1.987e-4
-1.456, 2.026e-4
-1.457, 2.069e-4
-1.458, 2.114e-4
-1.459, 2.156e-4
-1.460, 2.200e-4
-1.461, 2.244e-4
-1.462, 2.289e-4
-1.463, 2.337e-4
-1.464, 2.383e-4
-1.465, 2.430e-4
-1.466, 2.480e-4
-1.467, 2.528e-4
-1.468, 2.580e-4
-1.469, 2.632e-4
-1.470, 2.683e-4
-1.471, 2.735e-4
-1.472, 2.790e-4
-1.473, 2.845e-4
-1.474, 2.900e-4
-1.475, 2.956e-4
-1.476, 3.014e-4
-1.477, 3.072e-4
-1.478, 3.131e-4
-1.479, 3.192e-4
-1.480, 3.252e-4
-1.481, 3.313e-4
-1.482, 3.384e-4
-1.483, 3.445e-4
-1.484, 3.511e-4
-1.485, 3.578e-4
-1.486, 3.643e-4
-1.487, 3.717e-4
-1.488, 3.777e-4
-1.489, 3.847e-4
-1.490, 3.918e-4
-1.491, 3.989e-4
-1.492, 4.060e-4
-1.493, 4.133e-4
-1.494, 4.205e-4
-1.495, 4.278e-4
-1.496, 4.354e-4
-1.497, 4.430e-4
-1.498, 4.513e-4
-1.499, 4.595e-4
-1.500, 4.674e-4
-1.501, 4.753e-4
-1.502, 4.834e-4
-1.503, 4.918e-4
-1.504, 5.003e-4
-1.505, 5.086e-4
-1.506, 5.172e-4
-1.507, 5.259e-4
-1.508, 5.349e-4
-1.509, 5.438e-4
-1.510, 5.539e-4
-1.511, 5.640e-4
-1.512, 5.730e-4
-1.513, 5.818e-4
-1.514, 5.908e-4
-1.515, 6.006e-4
-1.516, 6.103e-4
-1.517, 6.203e-4
-1.518, 6.304e-4
-1.519, 6.404e-4
-1.520, 6.507e-4
-1.521, 6.613e-4
-1.522, 6.719e-4
-1.523, 6.827e-4
-1.524, 6.936e-4
-1.525, 7.044e-4
-1.526, 7.153e-4
-1.527, 7.265e-4
-1.528, 7.378e-4
-1.529, 7.494e-4
-1.530, 7.608e-4
-1.531, 7.728e-4
-1.532, 7.847e-4
-1.533, 7.969e-4
-1.534, 8.095e-4
-1.535, 8.217e-4
-1.536, 8.344e-4
-1.537, 8.471e-4
-1.538, 8.599e-4
-1.539, 8.731e-4
-1.540, 8.861e-4
-1.541, 8.992e-4
-1.542, 9.124e-4
-1.543, 9.262e-4
-1.544, 9.400e-4
-1.545, 9.537e-4
-1.546, 9.677e-4
-1.547, 9.821e-4
-1.548, 9.966e-4
-1.549, 1.011e-3
-1.550, 1.026e-3
-1.551, 1.040e-3
-1.552, 1.056e-3
-1.553, 1.071e-3
-1.554, 1.087e-3
-1.555, 1.102e-3
-1.556, 1.118e-3
-1.557, 1.135e-3
-1.558, 1.150e-3
-1.559, 1.167e-3
-1.560, 1.184e-3
-1.561, 1.201e-3
-1.562, 1.217e-3
-1.563, 1.234e-3
-1.564, 1.251e-3
-1.565, 1.269e-3
-1.566, 1.287e-3
-1.567, 1.305e-3
-1.568, 1.323e-3
-1.569, 1.342e-3
-1.570, 1.359e-3
-1.571, 1.380e-3
-1.572, 1.399e-3
-1.573, 1.418e-3
-1.574, 1.437e-3
-1.575, 1.456e-3
-1.576, 1.476e-3
-1.577, 1.495e-3
-1.578, 1.516e-3
-1.579, 1.537e-3
-1.580, 1.557e-3
-1.581, 1.579e-3
-1.582, 1.601e-3
-1.583, 1.622e-3
-1.584, 1.644e-3
-1.585, 1.665e-3
-1.586, 1.686e-3
-1.587, 1.708e-3
-1.588, 1.729e-3
-1.589, 1.751e-3
-1.590, 1.773e-3
-1.591, 1.794e-3
-1.592, 1.816e-3
-1.593, 1.839e-3
-1.594, 1.862e-3
-1.595, 1.884e-3
-1.596, 1.906e-3
-1.597, 1.929e-3
-1.598, 1.953e-3
-1.599, 1.977e-3
-1.600, 2.000e-3
-1.601, 2.025e-3
-1.602, 2.049e-3
-1.603, 2.078e-3
-1.604, 2.103e-3
-1.605, 2.129e-3
-1.606, 2.156e-3
-1.607, 2.181e-3
-1.608, 2.208e-3
-1.609, 2.235e-3
-1.610, 2.263e-3
-1.611, 2.290e-3
-1.612, 2.318e-3
-1.613, 2.345e-3
-1.614, 2.374e-3
-1.615, 2.410e-3
-1.616, 2.436e-3
-1.617, 2.464e-3
-1.618, 2.494e-3
-1.619, 2.524e-3
-1.620, 2.554e-3
-1.621, 2.584e-3
-1.622, 2.615e-3
-1.623, 2.647e-3
-1.624, 2.679e-3
-1.625, 2.709e-3
-1.626, 2.741e-3
-1.627, 2.773e-3
-1.628, 2.804e-3
-1.629, 2.836e-3
-1.630, 2.870e-3
-1.631, 2.905e-3
-1.632, 2.938e-3
-1.633, 2.971e-3
-1.634, 3.005e-3
-1.635, 3.040e-3
-1.636, 3.075e-3
-1.637, 3.111e-3
-1.638, 3.148e-3
-1.639, 3.183e-3
-1.640, 3.218e-3
-1.641, 3.253e-3
-1.642, 3.289e-3
-1.643, 3.316e-3
-1.644, 3.355e-3
-1.645, 3.391e-3
-1.646, 3.428e-3
-1.647, 3.461e-3
-1.648, 3.500e-3
-1.649, 3.539e-3
-1.650, 3.577e-3
-1.651, 3.614e-3
-1.652, 3.650e-3
-1.653, 3.689e-3
-1.654, 3.727e-3
-1.655, 3.767e-3
-1.656, 3.806e-3
-1.657, 3.846e-3
-1.658, 3.884e-3
-1.659, 3.925e-3
-1.660, 3.965e-3
-1.661, 4.005e-3
-1.662, 4.044e-3
-1.663, 4.087e-3
-1.664, 4.130e-3
-1.665, 4.167e-3
-1.666, 4.209e-3
-1.667, 4.249e-3
-1.668, 4.293e-3
-1.669, 4.332e-3
-1.670, 4.375e-3
-1.671, 4.415e-3
-1.672, 4.457e-3
-1.673, 4.494e-3
-1.674, 4.539e-3
-1.675, 4.577e-3
-1.676, 4.619e-3
-1.677, 4.657e-3
-1.678, 4.698e-3
-1.679, 4.739e-3
-1.680, 4.784e-3
-1.681, 4.827e-3
-1.682, 4.873e-3
-1.683, 4.924e-3
-1.684, 4.972e-3
-1.685, 5.016e-3
-1.686, 5.060e-3
-1.687, 5.108e-3
-1.688, 5.144e-3
-1.689, 5.189e-3
-1.690, 5.250e-3
-1.691, 5.314e-3
-1.692, 5.372e-3
-1.693, 5.427e-3
-1.694, 5.474e-3
-1.695, 5.534e-3
-1.696, 5.582e-3
-1.697, 5.634e-3
-1.698, 5.680e-3
-1.699, 5.727e-3
-1.700, 5.739e-3
-1.699, 5.707e-3
-1.698, 5.659e-3
-1.697, 5.606e-3
-1.696, 5.553e-3
-1.695, 5.497e-3
-1.694, 5.447e-3
-1.693, 5.396e-3
-1.692, 5.344e-3
-1.691, 5.294e-3
-1.690, 5.241e-3
-1.689, 5.196e-3
-1.688, 5.159e-3
-1.687, 5.114e-3
-1.686, 5.062e-3
-1.685, 5.013e-3
-1.684, 4.965e-3
-1.683, 4.916e-3
-1.682, 4.863e-3
-1.681, 4.816e-3
-1.680, 4.770e-3
-1.679, 4.720e-3
-1.678, 4.684e-3
-1.677, 4.633e-3
-1.676, 4.583e-3
-1.675, 4.535e-3
-1.674, 4.485e-3
-1.673, 4.432e-3
-1.672, 4.383e-3
-1.671, 4.330e-3
-1.670, 4.281e-3
-1.669, 4.233e-3
-1.668, 4.184e-3
-1.667, 4.136e-3
-1.666, 4.092e-3
-1.665, 4.043e-3
-1.664, 3.997e-3
-1.663, 3.953e-3
-1.662, 3.913e-3
-1.661, 3.866e-3
-1.660, 3.825e-3
-1.659, 3.780e-3
-1.658, 3.735e-3
-1.657, 3.691e-3
-1.656, 3.650e-3
-1.655, 3.607e-3
-1.654, 3.563e-3
-1.653, 3.523e-3
-1.652, 3.484e-3
-1.651, 3.444e-3
-1.650, 3.411e-3
-1.649, 3.371e-3
-1.648, 3.332e-3
-1.647, 3.291e-3
-1.646, 3.253e-3
-1.645, 3.212e-3
-1.644, 3.175e-3
-1.643, 3.137e-3
-1.642, 3.101e-3
-1.641, 3.062e-3
-1.640, 3.026e-3
-1.639, 2.989e-3
-1.638, 2.950e-3
-1.637, 2.915e-3
-1.636, 2.877e-3
-1.635, 2.842e-3
-1.634, 2.806e-3
-1.633, 2.774e-3
-1.632, 2.738e-3
-1.631, 2.703e-3
-1.630, 2.668e-3
-1.629, 2.634e-3
-1.628, 2.600e-3
-1.627, 2.569e-3
-1.626, 2.538e-3
-1.625, 2.506e-3
-1.624, 2.474e-3
-1.623, 2.441e-3
-1.622, 2.411e-3
-1.621, 2.378e-3
-1.620, 2.348e-3
-1.619, 2.321e-3
-1.618, 2.294e-3
-1.617, 2.264e-3
-1.616, 2.236e-3
-1.615, 2.206e-3
-1.614, 2.178e-3
-1.613, 2.150e-3
-1.612, 2.121e-3
-1.611, 2.093e-3
-1.610, 2.064e-3
-1.609, 2.037e-3
-1.608, 2.009e-3
-1.607, 1.984e-3
-1.606, 1.956e-3
-1.605, 1.930e-3
-1.604, 1.903e-3
-1.603, 1.878e-3
-1.602, 1.852e-3
-1.601, 1.827e-3
-1.600, 1.802e-3
-1.599, 1.777e-3
-1.598, 1.752e-3
-1.597, 1.727e-3
-1.596, 1.704e-3
-1.595, 1.679e-3
-1.594, 1.656e-3
-1.593, 1.633e-3
-1.592, 1.610e-3
-1.591, 1.587e-3
-1.590, 1.565e-3
-1.589, 1.543e-3
-1.588, 1.521e-3
-1.587, 1.500e-3
-1.586, 1.479e-3
-1.585, 1.457e-3
-1.584, 1.436e-3
-1.583, 1.416e-3
-1.582, 1.396e-3
-1.581, 1.377e-3
-1.580, 1.358e-3
-1.579, 1.340e-3
-1.578, 1.320e-3
-1.577, 1.302e-3
-1.576, 1.282e-3
-1.575, 1.263e-3
-1.574, 1.243e-3
-1.573, 1.225e-3
-1.572, 1.207e-3
-1.571, 1.191e-3
-1.570, 1.173e-3
-1.569, 1.155e-3
-1.568, 1.138e-3
-1.567, 1.120e-3
-1.566, 1.104e-3
-1.565, 1.087e-3
-1.564, 1.070e-3
-1.563, 1.054e-3
-1.562, 1.038e-3
-1.561, 1.023e-3
-1.560, 1.008e-3
-1.559, 9.920e-4
-1.558, 9.764e-4
-1.557, 9.612e-4
-1.556, 9.465e-4
-1.555, 9.318e-4
-1.554, 9.175e-4
-1.553, 9.038e-4
-1.552, 8.890e-4
-1.551, 8.755e-4
-1.550, 8.623e-4
-1.549, 8.493e-4
-1.548, 8.355e-4
-1.547, 8.226e-4
-1.546, 8.099e-4
-1.545, 7.970e-4
-1.544, 7.844e-4
-1.543, 7.719e-4
-1.542, 7.598e-4
-1.541, 7.479e-4
-1.540, 7.358e-4
-1.539, 7.241e-4
-1.538, 7.135e-4
-1.537, 7.021e-4
-1.536, 6.921e-4
-1.535, 6.806e-4
-1.534, 6.703e-4
-1.533, 6.593e-4
-1.532, 6.489e-4
-1.531, 6.384e-4
-1.530, 6.280e-4
-1.529, 6.181e-4
-1.528, 6.085e-4
-1.527, 5.987e-4
-1.526, 5.893e-4
-1.525, 5.797e-4
-1.524, 5.704e-4
-1.523, 5.617e-4
-1.522, 5.525e-4
-1.521, 5.438e-4
-1.520, 5.350e-4
-1.519, 5.264e-4
-1.518, 5.178e-4
-1.517, 5.094e-4
-1.516, 5.008e-4
-1.515, 4.929e-4
-1.514, 4.849e-4
-1.513, 4.775e-4
-1.512, 4.697e-4
-1.511, 4.620e-4
-1.510, 4.544e-4
-1.509, 4.471e-4
-1.508, 4.397e-4
-1.507, 4.326e-4
-1.506, 4.256e-4
-1.505, 4.186e-4
-1.504, 4.120e-4
-1.503, 4.053e-4
-1.502, 3.991e-4
-1.501, 3.924e-4
-1.500, 3.861e-4
-1.499, 3.797e-4
-1.498, 3.748e-4
-1.497, 3.685e-4
-1.496, 3.625e-4
-1.495, 3.566e-4
-1.494, 3.513e-4
-1.493, 3.455e-4
-1.492, 3.399e-4
-1.491, 3.344e-4
-1.490, 3.286e-4
-1.489, 3.237e-4
-1.488, 3.182e-4
-1.487, 3.130e-4
-1.486, 3.076e-4
-1.485, 3.029e-4
-1.484, 2.975e-4
-1.483, 2.926e-4
-1.482, 2.878e-4
-1.481, 2.832e-4
-1.480, 2.781e-4
-1.479, 2.737e-4
-1.478, 2.689e-4
-1.477, 2.647e-4
-1.476, 2.604e-4
-1.475, 2.561e-4
-1.474, 2.522e-4
-1.473, 2.478e-4
-1.472, 2.439e-4
-1.471, 2.400e-4
-1.470, 2.359e-4
-1.469, 2.322e-4
-1.468, 2.284e-4
-1.467, 2.244e-4
-1.466, 2.209e-4
-1.465, 2.172e-4
-1.464, 2.139e-4
-1.463, 2.104e-4
-1.462, 2.072e-4
-1.461, 2.035e-4
-1.460, 2.002e-4
-1.459, 1.966e-4
-1.458, 1.934e-4
-1.457, 1.905e-4
-1.456, 1.873e-4
-1.455, 1.842e-4
-1.454, 1.813e-4
-1.453, 1.783e-4
-1.452, 1.756e-4
-1.451, 1.726e-4
-1.450, 1.698e-4
-1.449, 1.670e-4
-1.448, 1.642e-4
-1.447, 1.616e-4
-1.446, 1.588e-4
-1.445, 1.562e-4
-1.444, 1.538e-4
-1.443, 1.511e-4
-1.442, 1.488e-4
-1.441, 1.462e-4
-1.440, 1.437e-4
-1.439, 1.416e-4
-1.438, 1.390e-4
-1.437, 1.370e-4
-1.436, 1.349e-4
-1.435, 1.328e-4
-1.434, 1.305e-4
-1.433, 1.283e-4
-1.432, 1.262e-4
-1.431, 1.239e-4
-1.430, 1.217e-4
-1.429, 1.199e-4
-1.428, 1.178e-4
-1.427, 1.159e-4
-1.426, 1.139e-4
-1.425, 1.120e-4
-1.424, 1.101e-4
-1.423, 1.084e-4
-1.422, 1.067e-4
-1.421, 1.049e-4
-1.420, 1.031e-4
-1.419, 1.015e-4
-1.418, 9.973e-5
-1.417, 9.817e-5
-1.416, 9.654e-5
-1.415, 9.494e-5
-1.414, 9.344e-5
-1.413, 9.185e-5
-1.412, 9.050e-5
-1.411, 8.900e-5
-1.410, 8.750e-5
-1.409, 8.607e-5
-1.408, 8.458e-5
-1.407, 8.321e-5
-1.406, 8.197e-5
-1.405, 8.055e-5
-1.404, 7.935e-5
-1.403, 7.796e-5
-1.402, 7.661e-5
-1.401, 7.526e-5
-1.400, 7.407e-5
-1.399, 7.295e-5
-1.398, 7.162e-5
-1.397, 7.054e-5
-1.396, 6.950e-5
-1.395, 6.816e-5
-1.394, 6.717e-5
-1.393, 6.587e-5
-1.392, 6.483e-5
-1.391, 6.374e-5
-1.390, 6.262e-5
-1.389, 6.167e-5
-1.388, 6.061e-5
-1.387, 5.966e-5
-1.386, 5.854e-5
-1.385, 5.764e-5
-1.384, 5.680e-5
-1.383, 5.576e-5
-1.382, 5.473e-5
-1.381, 5.383e-5
-1.380, 5.278e-5
-1.379, 5.202e-5
-1.378, 5.109e-5
-1.377, 5.019e-5
-1.376, 4.929e-5
-1.375, 4.843e-5
-1.374, 4.766e-5
-1.373, 4.695e-5
-1.372, 4.606e-5
-1.371, 4.532e-5
-1.370, 4.434e-5
-1.369, 4.364e-5
-1.368, 4.292e-5
-1.367, 4.213e-5
-1.366, 4.144e-5
-1.365, 4.065e-5
-1.364, 4.003e-5
-1.363, 3.923e-5
-1.362, 3.867e-5
-1.361, 3.789e-5
-1.360, 3.718e-5
-1.359, 3.650e-5
-1.358, 3.592e-5
-1.357, 3.525e-5
-1.356, 3.462e-5
-1.355, 3.398e-5
-1.354, 3.338e-5
-1.353, 3.280e-5
-1.352, 3.230e-5
-1.351, 3.166e-5
-1.350, 3.095e-5
-1.349, 3.036e-5
-1.348, 2.986e-5
-1.347, 2.936e-5
-1.346, 2.880e-5
-1.345, 2.837e-5
-1.344, 2.772e-5
-1.343, 2.709e-5
-1.342, 2.666e-5
-1.341, 2.622e-5
-1.340, 2.564e-5
-1.339, 2.521e-5
-1.338, 2.479e-5
-1.337, 2.428e-5
-1.336, 2.389e-5
-1.335, 2.337e-5
-1.334, 2.295e-5
-1.333, 2.256e-5
-1.332, 2.216e-5
-1.331, 2.157e-5
-1.330, 2.119e-5
-1.329, 2.082e-5
-1.328, 2.043e-5
-1.327, 1.994e-5
-1.326, 1.960e-5
-1.325, 1.920e-5
-1.324, 1.879e-5
-1.323, 1.847e-5
-1.322, 1.816e-5
-1.321, 1.764e-5
-1.320, 1.738e-5
-1.319, 1.703e-5
-1.318, 1.664e-5
-1.317, 1.649e-5
-1.316, 1.615e-5
-1.315, 1.562e-5
-1.314, 1.538e-5
-1.313, 1.511e-5
-1.312, 1.479e-5
-1.311, 1.447e-5
-1.310, 1.404e-5
-1.309, 1.389e-5
-1.308, 1.359e-5
-1.307, 1.334e-5
-1.306, 1.298e-5
-1.305, 1.263e-5
-1.304, 1.242e-5
-1.303, 1.218e-5
-1.302, 1.197e-5
-1.301, 1.166e-5
-1.300, 1.130e-5
-1.299, 1.114e-5
-1.298, 1.086e-5
-1.297, 1.065e-5
-1.296, 1.032e-5
-1.295, 1.019e-5
-1.294, 9.884e-6
-1.293, 9.647e-6
-1.292, 9.440e-6
-1.291, 9.233e-6
-1.290, 8.927e-6
-1.289, 8.798e-6
-1.288, 8.641e-6
-1.287, 8.364e-6
-1.286, 8.236e-6
-1.285, 7.901e-6
-1.284, 7.723e-6
-1.283, 7.575e-6
-1.282, 7.457e-6
-1.281, 7.151e-6
-1.280, 6.786e-6
-1.279, 6.845e-6
-1.278, 6.608e-6
-1.277, 6.470e-6
-1.276, 6.214e-6
-1.275, 6.115e-6
-1.274, 5.947e-6
-1.273, 5.691e-6
-1.272, 5.661e-6
-1.271, 5.424e-6
-1.270, 5.188e-6
-1.269, 5.178e-6
-1.268, 4.951e-6
-1.267, 4.813e-6
-1.266, 4.556e-6
-1.265, 4.428e-6
-1.264, 4.349e-6
-1.263, 4.201e-6
-1.262, 3.974e-6
-1.261, 3.935e-6
-1.260, 3.708e-6
-1.259, 3.668e-6
-1.258, 3.530e-6
-1.257, 3.412e-6
-1.256, 3.204e-6
-1.255, 2.918e-6
-1.254, 2.997e-6
-1.253, 2.839e-6
-1.252, 2.770e-6
-1.251, 2.543e-6
-1.250, 2.346e-6
-1.249, 2.356e-6
-1.248, 2.346e-6
-1.247, 2.159e-6
-1.246, 2.030e-6
-1.245, 1.823e-6
-1.244, 1.764e-6
-1.243, 1.715e-6
-1.242, 1.596e-6
-1.241, 1.498e-6
-1.240, 1.271e-6
-1.239, 1.202e-6
-1.238, 1.212e-6
-1.237, 1.024e-6
-1.236, 9.353e-7
-1.235, 7.577e-7
-1.234, 7.182e-7
-1.233, 6.492e-7
-1.232, 6.097e-7
-1.231, 4.025e-7
-1.230, 3.335e-7
-1.229, 1.066e-7
-1.228, 1.362e-7
-1.227, 9.669e-8
-1.226, -1.105e-7
-1.225, -2.289e-7
-1.224, -1.796e-7
-1.223, -3.177e-7
-1.222, -3.374e-7
-1.221, -5.150e-7
-1.220, -5.249e-7
-1.219, -5.841e-7
-1.218, -7.518e-7
-1.217, -7.123e-7
-1.216, -9.392e-7
-1.215, -1.008e-6
-1.214, -9.392e-7
-1.213, -1.127e-6
-1.212, -1.038e-6
-1.211, -1.334e-6
-1.210, -1.294e-6
-1.209, -1.354e-6
-1.208, -1.344e-6
-1.207, -1.452e-6
-1.206, -1.581e-6
-1.205, -1.699e-6
-1.204, -1.758e-6
-1.203, -1.738e-6
-1.202, -1.837e-6
-1.201, -2.024e-6
-1.200, -1.975e-6
-1.199, -1.985e-6
-1.198, -2.064e-6
-1.197, -2.054e-6
-1.196, -2.242e-6
-1.195, -2.320e-6
-1.194, -2.311e-6
-1.193, -2.350e-6
-1.192, -2.360e-6
-1.191, -2.607e-6
-1.190, -2.725e-6
-1.189, -2.636e-6
-1.188, -2.705e-6
-1.187, -2.755e-6
-1.186, -2.853e-6
-1.185, -2.922e-6
-1.184, -2.883e-6
-1.183, -2.991e-6
-1.182, -2.972e-6
-1.181, -3.110e-6
-1.180, -3.041e-6
-1.179, -3.129e-6
-1.178, -3.277e-6
-1.177, -3.248e-6
-1.176, -3.445e-6
-1.175, -3.485e-6
-1.174, -3.406e-6
-1.173, -3.504e-6
-1.172, -3.544e-6
-1.171, -3.741e-6
-1.170, -3.731e-6
-1.169, -3.781e-6
-1.168, -3.790e-6
-1.167, -3.761e-6
-1.166, -3.929e-6
-1.165, -3.978e-6
-1.164, -4.057e-6
-1.163, -4.057e-6
-1.162, -4.156e-6
-1.161, -4.234e-6
-1.160, -4.284e-6
-1.159, -4.195e-6
-1.158, -4.363e-6
-1.157, -4.304e-6
-1.156, -4.471e-6
-1.155, -4.511e-6
-1.154, -4.471e-6
-1.153, -4.511e-6
-1.152, -4.649e-6
-1.151, -4.797e-6
-1.150, -4.817e-6
-1.149, -4.807e-6
-1.148, -4.807e-6
-1.147, -4.846e-6
-1.146, -5.063e-6
-1.145, -5.152e-6
-1.144, -5.004e-6
-1.143, -5.083e-6
-1.142, -5.191e-6
-1.141, -5.339e-6
-1.140, -5.379e-6
-1.139, -5.389e-6
-1.138, -5.497e-6
-1.137, -5.448e-6
-1.136, -5.793e-6
-1.135, -5.645e-6
-1.134, -5.635e-6
-1.133, -5.783e-6
-1.132, -5.833e-6
-1.131, -5.991e-6
-1.130, -6.010e-6
-1.129, -5.971e-6
-1.128, -6.099e-6
-1.127, -6.109e-6
-1.126, -6.366e-6
-1.125, -6.326e-6
-1.124, -6.306e-6
-1.123, -6.533e-6
-1.122, -6.573e-6
-1.121, -6.642e-6
-1.120, -6.711e-6
-1.119, -6.760e-6
-1.118, -6.809e-6
-1.117, -6.888e-6
-1.116, -7.076e-6
-1.115, -7.076e-6
-1.114, -7.086e-6
-1.113, -7.263e-6
-1.112, -7.323e-6
-1.111, -7.520e-6
-1.110, -7.451e-6
-1.109, -7.569e-6
-1.108, -7.678e-6
-1.107, -7.688e-6
-1.106, -7.934e-6
-1.105, -7.905e-6
-1.104, -8.003e-6
-1.103, -8.003e-6
-1.102, -8.092e-6
-1.101, -8.398e-6
-1.100, -8.398e-6
-1.099, -8.536e-6
-1.098, -8.575e-6
-1.097, -8.605e-6
-1.096, -8.842e-6
-1.095, -8.891e-6
-1.094, -8.960e-6
-1.093, -9.079e-6
-1.092, -9.138e-6
-1.091, -9.355e-6
-1.090, -9.384e-6
-1.089, -9.503e-6
-1.088, -9.710e-6
-1.087, -9.671e-6
-1.086, -9.917e-6
-1.085, -9.848e-6
-1.084, -1.001e-5
-1.083, -1.013e-5
-1.082, -1.010e-5
-1.081, -1.036e-5
-1.080, -1.052e-5
-1.079, -1.066e-5
-1.078, -1.076e-5
-1.077, -1.065e-5
-1.076, -1.101e-5
-1.075, -1.110e-5
-1.074, -1.129e-5
-1.073, -1.145e-5
-1.072, -1.144e-5
-1.071, -1.170e-5
-1.070, -1.179e-5
-1.069, -1.188e-5
-1.068, -1.194e-5
-1.067, -1.212e-5
-1.066, -1.238e-5
-1.065, -1.235e-5
-1.064, -1.246e-5
-1.063, -1.265e-5
-1.062, -1.279e-5
-1.061, -1.292e-5
-1.060, -1.302e-5
-1.059, -1.328e-5
-1.058, -1.330e-5
-1.057, -1.340e-5
-1.056, -1.366e-5
-1.055, -1.373e-5
-1.054, -1.384e-5
-1.053, -1.395e-5
-1.052, -1.408e-5
-1.051, -1.433e-5
-1.050, -1.448e-5
-1.049, -1.464e-5
-1.048, -1.478e-5
-1.047, -1.487e-5
-1.046, -1.514e-5
-1.045, -1.517e-5
-1.044, -1.528e-5
-1.043, -1.549e-5
-1.042, -1.559e-5
-1.041, -1.586e-5
-1.040, -1.593e-5
-1.039, -1.601e-5
-1.038, -1.615e-5
-1.037, -1.631e-5
-1.036, -1.655e-5
-1.035, -1.672e-5
-1.034, -1.690e-5
-1.033, -1.704e-5
-1.032, -1.706e-5
-1.031, -1.733e-5
-1.030, -1.748e-5
-1.029, -1.753e-5
-1.028, -1.772e-5
-1.027, -1.786e-5
-1.026, -1.805e-5
-1.025, -1.818e-5
-1.024, -1.835e-5
-1.023, -1.861e-5
-1.022, -1.863e-5
-1.021, -1.883e-5
-1.020, -1.906e-5
-1.019, -1.914e-5
-1.018, -1.931e-5
-1.017, -1.944e-5
-1.016, -1.953e-5
-1.015, -1.971e-5
-1.014, -1.984e-5
-1.013, -1.994e-5
-1.012, -2.008e-5
-1.011, -2.041e-5
-1.010, -2.039e-5
-1.009, -2.057e-5
-1.008, -2.078e-5
-1.007, -2.083e-5
-1.006, -2.108e-5
-1.005, -2.124e-5
-1.004, -2.119e-5
-1.003, -2.143e-5
-1.002, -2.141e-5
-1.001, -2.172e-5
