Apr. 20, 2025   14:42:43
Linear Sweep Voltammetry
File: c:/users/guazh/data/banditlqround7_x0exp590_r20/2025-04-16-exp1137\regeneratedgce-2025-04-20t14_38_06-lsvinkoh\regeneratedgce_lsv_50mvs_efin_-1900mv.bin
Data Source:  Experiment
Instrument Model:  CHI760E
Header: LSV ran at 50 mVs with Efin at -1900mV
Note: 

Init E (V) = -0.6
Final E (V) = -1.9
Scan Rate (V/s) = 0.05
Sample Interval (V) = 0.001
Quiet Time (sec) = 2
Sensitivity (A/V) = 1e-4
Comp R (ohm) = 1.4

Results:

Channel 1:
Ep = -1.790V
ip = 9.809e-4A
Ah = 8.297e-4C

Potential/V, Current/A

-0.600, 6.363e-7
-0.601, 8.063e-7
-0.602, 8.403e-7
-0.603, 8.648e-7
-0.604, 8.836e-7
-0.605, 8.864e-7
-0.606, 8.844e-7
-0.607, 8.868e-7
-0.608, 9.055e-7
-0.609, 9.201e-7
-0.610, 9.201e-7
-0.611, 9.147e-7
-0.612, 9.156e-7
-0.613, 9.302e-7
-0.614, 9.452e-7
-0.615, 9.448e-7
-0.616, 9.361e-7
-0.617, 9.372e-7
-0.618, 9.518e-7
-0.619, 9.646e-7
-0.620, 9.636e-7
-0.621, 9.568e-7
-0.622, 9.582e-7
-0.623, 9.692e-7
-0.624, 9.813e-7
-0.625, 9.789e-7
-0.626, 9.691e-7
-0.627, 9.722e-7
-0.628, 9.871e-7
-0.629, 9.966e-7
-0.630, 9.965e-7
-0.631, 9.890e-7
-0.632, 9.897e-7
-0.633, 1.002e-6
-0.634, 1.010e-6
-0.635, 1.009e-6
-0.636, 1.002e-6
-0.637, 1.002e-6
-0.638, 1.016e-6
-0.639, 1.026e-6
-0.640, 1.024e-6
-0.641, 1.019e-6
-0.642, 1.016e-6
-0.643, 1.030e-6
-0.644, 1.041e-6
-0.645, 1.037e-6
-0.646, 1.029e-6
-0.647, 1.030e-6
-0.648, 1.042e-6
-0.649, 1.053e-6
-0.650, 1.050e-6
-0.651, 1.042e-6
-0.652, 1.042e-6
-0.653, 1.055e-6
-0.654, 1.065e-6
-0.655, 1.062e-6
-0.656, 1.055e-6
-0.657, 1.058e-6
-0.658, 1.070e-6
-0.659, 1.080e-6
-0.660, 1.075e-6
-0.661, 1.066e-6
-0.662, 1.068e-6
-0.663, 1.081e-6
-0.664, 1.091e-6
-0.665, 1.089e-6
-0.666, 1.080e-6
-0.667, 1.078e-6
-0.668, 1.091e-6
-0.669, 1.099e-6
-0.670, 1.097e-6
-0.671, 1.088e-6
-0.672, 1.089e-6
-0.673, 1.103e-6
-0.674, 1.111e-6
-0.675, 1.108e-6
-0.676, 1.099e-6
-0.677, 1.100e-6
-0.678, 1.115e-6
-0.679, 1.124e-6
-0.680, 1.120e-6
-0.681, 1.114e-6
-0.682, 1.112e-6
-0.683, 1.126e-6
-0.684, 1.137e-6
-0.685, 1.131e-6
-0.686, 1.127e-6
-0.687, 1.129e-6
-0.688, 1.140e-6
-0.689, 1.150e-6
-0.690, 1.145e-6
-0.691, 1.138e-6
-0.692, 1.141e-6
-0.693, 1.153e-6
-0.694, 1.165e-6
-0.695, 1.160e-6
-0.696, 1.156e-6
-0.697, 1.159e-6
-0.698, 1.173e-6
-0.699, 1.181e-6
-0.700, 1.178e-6
-0.701, 1.166e-6
-0.702, 1.169e-6
-0.703, 1.181e-6
-0.704, 1.191e-6
-0.705, 1.188e-6
-0.706, 1.178e-6
-0.707, 1.180e-6
-0.708, 1.193e-6
-0.709, 1.199e-6
-0.710, 1.196e-6
-0.711, 1.186e-6
-0.712, 1.188e-6
-0.713, 1.200e-6
-0.714, 1.209e-6
-0.715, 1.204e-6
-0.716, 1.196e-6
-0.717, 1.199e-6
-0.718, 1.212e-6
-0.719, 1.220e-6
-0.720, 1.215e-6
-0.721, 1.206e-6
-0.722, 1.206e-6
-0.723, 1.219e-6
-0.724, 1.228e-6
-0.725, 1.224e-6
-0.726, 1.215e-6
-0.727, 1.216e-6
-0.728, 1.228e-6
-0.729, 1.238e-6
-0.730, 1.231e-6
-0.731, 1.224e-6
-0.732, 1.224e-6
-0.733, 1.237e-6
-0.734, 1.246e-6
-0.735, 1.241e-6
-0.736, 1.232e-6
-0.737, 1.235e-6
-0.738, 1.246e-6
-0.739, 1.256e-6
-0.740, 1.252e-6
-0.741, 1.242e-6
-0.742, 1.245e-6
-0.743, 1.259e-6
-0.744, 1.266e-6
-0.745, 1.261e-6
-0.746, 1.252e-6
-0.747, 1.254e-6
-0.748, 1.270e-6
-0.749, 1.279e-6
-0.750, 1.275e-6
-0.751, 1.266e-6
-0.752, 1.270e-6
-0.753, 1.285e-6
-0.754, 1.288e-6
-0.755, 1.285e-6
-0.756, 1.276e-6
-0.757, 1.279e-6
-0.758, 1.294e-6
-0.759, 1.301e-6
-0.760, 1.297e-6
-0.761, 1.290e-6
-0.762, 1.291e-6
-0.763, 1.305e-6
-0.764, 1.315e-6
-0.765, 1.310e-6
-0.766, 1.303e-6
-0.767, 1.305e-6
-0.768, 1.322e-6
-0.769, 1.331e-6
-0.770, 1.323e-6
-0.771, 1.315e-6
-0.772, 1.319e-6
-0.773, 1.333e-6
-0.774, 1.342e-6
-0.775, 1.337e-6
-0.776, 1.329e-6
-0.777, 1.332e-6
-0.778, 1.344e-6
-0.779, 1.354e-6
-0.780, 1.350e-6
-0.781, 1.340e-6
-0.782, 1.345e-6
-0.783, 1.359e-6
-0.784, 1.369e-6
-0.785, 1.366e-6
-0.786, 1.358e-6
-0.787, 1.363e-6
-0.788, 1.378e-6
-0.789, 1.384e-6
-0.790, 1.380e-6
-0.791, 1.370e-6
-0.792, 1.373e-6
-0.793, 1.391e-6
-0.794, 1.401e-6
-0.795, 1.399e-6
-0.796, 1.391e-6
-0.797, 1.392e-6
-0.798, 1.407e-6
-0.799, 1.413e-6
-0.800, 1.406e-6
-0.801, 1.399e-6
-0.802, 1.402e-6
-0.803, 1.418e-6
-0.804, 1.428e-6
-0.805, 1.420e-6
-0.806, 1.412e-6
-0.807, 1.414e-6
-0.808, 1.428e-6
-0.809, 1.439e-6
-0.810, 1.430e-6
-0.811, 1.422e-6
-0.812, 1.429e-6
-0.813, 1.443e-6
-0.814, 1.453e-6
-0.815, 1.445e-6
-0.816, 1.438e-6
-0.817, 1.445e-6
-0.818, 1.457e-6
-0.819, 1.471e-6
-0.820, 1.467e-6
-0.821, 1.457e-6
-0.822, 1.464e-6
-0.823, 1.479e-6
-0.824, 1.485e-6
-0.825, 1.481e-6
-0.826, 1.471e-6
-0.827, 1.479e-6
-0.828, 1.495e-6
-0.829, 1.504e-6
-0.830, 1.501e-6
-0.831, 1.496e-6
-0.832, 1.503e-6
-0.833, 1.522e-6
-0.834, 1.528e-6
-0.835, 1.525e-6
-0.836, 1.519e-6
-0.837, 1.525e-6
-0.838, 1.544e-6
-0.839, 1.553e-6
-0.840, 1.550e-6
-0.841, 1.545e-6
-0.842, 1.550e-6
-0.843, 1.569e-6
-0.844, 1.579e-6
-0.845, 1.576e-6
-0.846, 1.573e-6
-0.847, 1.580e-6
-0.848, 1.597e-6
-0.849, 1.608e-6
-0.850, 1.605e-6
-0.851, 1.602e-6
-0.852, 1.610e-6
-0.853, 1.627e-6
-0.854, 1.638e-6
-0.855, 1.635e-6
-0.856, 1.631e-6
-0.857, 1.641e-6
-0.858, 1.661e-6
-0.859, 1.672e-6
-0.860, 1.669e-6
-0.861, 1.664e-6
-0.862, 1.673e-6
-0.863, 1.690e-6
-0.864, 1.699e-6
-0.865, 1.695e-6
-0.866, 1.691e-6
-0.867, 1.699e-6
-0.868, 1.717e-6
-0.869, 1.725e-6
-0.870, 1.726e-6
-0.871, 1.721e-6
-0.872, 1.728e-6
-0.873, 1.745e-6
-0.874, 1.752e-6
-0.875, 1.748e-6
-0.876, 1.743e-6
-0.877, 1.750e-6
-0.878, 1.766e-6
-0.879, 1.772e-6
-0.880, 1.770e-6
-0.881, 1.764e-6
-0.882, 1.769e-6
-0.883, 1.788e-6
-0.884, 1.797e-6
-0.885, 1.790e-6
-0.886, 1.786e-6
-0.887, 1.790e-6
-0.888, 1.808e-6
-0.889, 1.815e-6
-0.890, 1.808e-6
-0.891, 1.803e-6
-0.892, 1.809e-6
-0.893, 1.824e-6
-0.894, 1.831e-6
-0.895, 1.824e-6
-0.896, 1.819e-6
-0.897, 1.828e-6
-0.898, 1.842e-6
-0.899, 1.850e-6
-0.900, 1.844e-6
-0.901, 1.836e-6
-0.902, 1.845e-6
-0.903, 1.859e-6
-0.904, 1.867e-6
-0.905, 1.861e-6
-0.906, 1.853e-6
-0.907, 1.861e-6
-0.908, 1.878e-6
-0.909, 1.882e-6
-0.910, 1.875e-6
-0.911, 1.869e-6
-0.912, 1.876e-6
-0.913, 1.893e-6
-0.914, 1.899e-6
-0.915, 1.896e-6
-0.916, 1.891e-6
-0.917, 1.900e-6
-0.918, 1.916e-6
-0.919, 1.921e-6
-0.920, 1.911e-6
-0.921, 1.905e-6
-0.922, 1.912e-6
-0.923, 1.927e-6
-0.924, 1.934e-6
-0.925, 1.926e-6
-0.926, 1.921e-6
-0.927, 1.927e-6
-0.928, 1.943e-6
-0.929, 1.948e-6
-0.930, 1.940e-6
-0.931, 1.934e-6
-0.932, 1.942e-6
-0.933, 1.955e-6
-0.934, 1.963e-6
-0.935, 1.955e-6
-0.936, 1.948e-6
-0.937, 1.957e-6
-0.938, 1.973e-6
-0.939, 1.978e-6
-0.940, 1.972e-6
-0.941, 1.965e-6
-0.942, 1.973e-6
-0.943, 1.987e-6
-0.944, 1.991e-6
-0.945, 1.982e-6
-0.946, 1.975e-6
-0.947, 1.985e-6
-0.948, 2.000e-6
-0.949, 2.004e-6
-0.950, 1.997e-6
-0.951, 1.991e-6
-0.952, 1.998e-6
-0.953, 2.013e-6
-0.954, 2.017e-6
-0.955, 2.010e-6
-0.956, 2.006e-6
-0.957, 2.012e-6
-0.958, 2.028e-6
-0.959, 2.031e-6
-0.960, 2.024e-6
-0.961, 2.018e-6
-0.962, 2.025e-6
-0.963, 2.040e-6
-0.964, 2.044e-6
-0.965, 2.035e-6
-0.966, 2.030e-6
-0.967, 2.037e-6
-0.968, 2.052e-6
-0.969, 2.057e-6
-0.970, 2.048e-6
-0.971, 2.042e-6
-0.972, 2.050e-6
-0.973, 2.067e-6
-0.974, 2.070e-6
-0.975, 2.060e-6
-0.976, 2.054e-6
-0.977, 2.064e-6
-0.978, 2.077e-6
-0.979, 2.082e-6
-0.980, 2.074e-6
-0.981, 2.068e-6
-0.982, 2.078e-6
-0.983, 2.093e-6
-0.984, 2.093e-6
-0.985, 2.087e-6
-0.986, 2.080e-6
-0.987, 2.089e-6
-0.988, 2.105e-6
-0.989, 2.106e-6
-0.990, 2.100e-6
-0.991, 2.091e-6
-0.992, 2.100e-6
-0.993, 2.115e-6
-0.994, 2.117e-6
-0.995, 2.110e-6
-0.996, 2.105e-6
-0.997, 2.112e-6
-0.998, 2.127e-6
-0.999, 2.131e-6
-1.000, 2.122e-6
-1.001, 2.117e-6
-1.002, 2.126e-6
-1.003, 2.141e-6
-1.004, 2.144e-6
-1.005, 2.136e-6
-1.006, 2.129e-6
-1.007, 2.139e-6
-1.008, 2.153e-6
-1.009, 2.160e-6
-1.010, 2.152e-6
-1.011, 2.148e-6
-1.012, 2.159e-6
-1.013, 2.171e-6
-1.014, 2.173e-6
-1.015, 2.164e-6
-1.016, 2.159e-6
-1.017, 2.170e-6
-1.018, 2.184e-6
-1.019, 2.188e-6
-1.020, 2.182e-6
-1.021, 2.175e-6
-1.022, 2.185e-6
-1.023, 2.199e-6
-1.024, 2.204e-6
-1.025, 2.196e-6
-1.026, 2.189e-6
-1.027, 2.199e-6
-1.028, 2.214e-6
-1.029, 2.217e-6
-1.030, 2.209e-6
-1.031, 2.205e-6
-1.032, 2.214e-6
-1.033, 2.229e-6
-1.034, 2.230e-6
-1.035, 2.223e-6
-1.036, 2.218e-6
-1.037, 2.228e-6
-1.038, 2.245e-6
-1.039, 2.249e-6
-1.040, 2.243e-6
-1.041, 2.238e-6
-1.042, 2.247e-6
-1.043, 2.263e-6
-1.044, 2.263e-6
-1.045, 2.252e-6
-1.046, 2.249e-6
-1.047, 2.260e-6
-1.048, 2.277e-6
-1.049, 2.280e-6
-1.050, 2.272e-6
-1.051, 2.267e-6
-1.052, 2.278e-6
-1.053, 2.290e-6
-1.054, 2.294e-6
-1.055, 2.286e-6
-1.056, 2.281e-6
-1.057, 2.292e-6
-1.058, 2.305e-6
-1.059, 2.310e-6
-1.060, 2.303e-6
-1.061, 2.300e-6
-1.062, 2.315e-6
-1.063, 2.330e-6
-1.064, 2.332e-6
-1.065, 2.326e-6
-1.066, 2.319e-6
-1.067, 2.330e-6
-1.068, 2.345e-6
-1.069, 2.346e-6
-1.070, 2.339e-6
-1.071, 2.335e-6
-1.072, 2.346e-6
-1.073, 2.361e-6
-1.074, 2.362e-6
-1.075, 2.356e-6
-1.076, 2.354e-6
-1.077, 2.361e-6
-1.078, 2.377e-6
-1.079, 2.377e-6
-1.080, 2.369e-6
-1.081, 2.367e-6
-1.082, 2.377e-6
-1.083, 2.392e-6
-1.084, 2.395e-6
-1.085, 2.387e-6
-1.086, 2.384e-6
-1.087, 2.396e-6
-1.088, 2.411e-6
-1.089, 2.415e-6
-1.090, 2.405e-6
-1.091, 2.403e-6
-1.092, 2.414e-6
-1.093, 2.427e-6
-1.094, 2.430e-6
-1.095, 2.420e-6
-1.096, 2.416e-6
-1.097, 2.429e-6
-1.098, 2.441e-6
-1.099, 2.444e-6
-1.100, 2.436e-6
-1.101, 2.434e-6
-1.102, 2.446e-6
-1.103, 2.459e-6
-1.104, 2.460e-6
-1.105, 2.452e-6
-1.106, 2.447e-6
-1.107, 2.459e-6
-1.108, 2.476e-6
-1.109, 2.476e-6
-1.110, 2.469e-6
-1.111, 2.465e-6
-1.112, 2.477e-6
-1.113, 2.492e-6
-1.114, 2.493e-6
-1.115, 2.486e-6
-1.116, 2.484e-6
-1.117, 2.495e-6
-1.118, 2.510e-6
-1.119, 2.511e-6
-1.120, 2.501e-6
-1.121, 2.501e-6
-1.122, 2.510e-6
-1.123, 2.524e-6
-1.124, 2.525e-6
-1.125, 2.517e-6
-1.126, 2.515e-6
-1.127, 2.530e-6
-1.128, 2.545e-6
-1.129, 2.546e-6
-1.130, 2.536e-6
-1.131, 2.534e-6
-1.132, 2.549e-6
-1.133, 2.562e-6
-1.134, 2.564e-6
-1.135, 2.555e-6
-1.136, 2.555e-6
-1.137, 2.572e-6
-1.138, 2.592e-6
-1.139, 2.602e-6
-1.140, 2.598e-6
-1.141, 2.597e-6
-1.142, 2.611e-6
-1.143, 2.624e-6
-1.144, 2.625e-6
-1.145, 2.619e-6
-1.146, 2.617e-6
-1.147, 2.637e-6
-1.148, 2.654e-6
-1.149, 2.659e-6
-1.150, 2.654e-6
-1.151, 2.651e-6
-1.152, 2.665e-6
-1.153, 2.681e-6
-1.154, 2.677e-6
-1.155, 2.671e-6
-1.156, 2.673e-6
-1.157, 2.687e-6
-1.158, 2.705e-6
-1.159, 2.706e-6
-1.160, 2.699e-6
-1.161, 2.700e-6
-1.162, 2.713e-6
-1.163, 2.731e-6
-1.164, 2.732e-6
-1.165, 2.720e-6
-1.166, 2.722e-6
-1.167, 2.736e-6
-1.168, 2.751e-6
-1.169, 2.753e-6
-1.170, 2.745e-6
-1.171, 2.747e-6
-1.172, 2.762e-6
-1.173, 2.776e-6
-1.174, 2.778e-6
-1.175, 2.766e-6
-1.176, 2.767e-6
-1.177, 2.784e-6
-1.178, 2.802e-6
-1.179, 2.801e-6
-1.180, 2.792e-6
-1.181, 2.789e-6
-1.182, 2.805e-6
-1.183, 2.816e-6
-1.184, 2.817e-6
-1.185, 2.810e-6
-1.186, 2.808e-6
-1.187, 2.824e-6
-1.188, 2.838e-6
-1.189, 2.836e-6
-1.190, 2.832e-6
-1.191, 2.831e-6
-1.192, 2.843e-6
-1.193, 2.858e-6
-1.194, 2.857e-6
-1.195, 2.849e-6
-1.196, 2.848e-6
-1.197, 2.862e-6
-1.198, 2.880e-6
-1.199, 2.883e-6
-1.200, 2.876e-6
-1.201, 2.878e-6
-1.202, 2.891e-6
-1.203, 2.907e-6
-1.204, 2.906e-6
-1.205, 2.896e-6
-1.206, 2.898e-6
-1.207, 2.911e-6
-1.208, 2.923e-6
-1.209, 2.924e-6
-1.210, 2.915e-6
-1.211, 2.915e-6
-1.212, 2.931e-6
-1.213, 2.944e-6
-1.214, 2.943e-6
-1.215, 2.934e-6
-1.216, 2.936e-6
-1.217, 2.953e-6
-1.218, 2.965e-6
-1.219, 2.967e-6
-1.220, 2.958e-6
-1.221, 2.959e-6
-1.222, 2.976e-6
-1.223, 2.989e-6
-1.224, 2.989e-6
-1.225, 2.984e-6
-1.226, 2.983e-6
-1.227, 3.001e-6
-1.228, 3.016e-6
-1.229, 3.024e-6
-1.230, 3.016e-6
-1.231, 3.015e-6
-1.232, 3.034e-6
-1.233, 3.052e-6
-1.234, 3.051e-6
-1.235, 3.045e-6
-1.236, 3.050e-6
-1.237, 3.066e-6
-1.238, 3.085e-6
-1.239, 3.085e-6
-1.240, 3.080e-6
-1.241, 3.085e-6
-1.242, 3.101e-6
-1.243, 3.120e-6
-1.244, 3.122e-6
-1.245, 3.114e-6
-1.246, 3.118e-6
-1.247, 3.135e-6
-1.248, 3.154e-6
-1.249, 3.157e-6
-1.250, 3.151e-6
-1.251, 3.154e-6
-1.252, 3.175e-6
-1.253, 3.190e-6
-1.254, 3.193e-6
-1.255, 3.186e-6
-1.256, 3.191e-6
-1.257, 3.212e-6
-1.258, 3.228e-6
-1.259, 3.229e-6
-1.260, 3.224e-6
-1.261, 3.226e-6
-1.262, 3.247e-6
-1.263, 3.264e-6
-1.264, 3.271e-6
-1.265, 3.272e-6
-1.266, 3.277e-6
-1.267, 3.297e-6
-1.268, 3.312e-6
-1.269, 3.307e-6
-1.270, 3.299e-6
-1.271, 3.302e-6
-1.272, 3.321e-6
-1.273, 3.340e-6
-1.274, 3.341e-6
-1.275, 3.337e-6
-1.276, 3.340e-6
-1.277, 3.355e-6
-1.278, 3.369e-6
-1.279, 3.366e-6
-1.280, 3.362e-6
-1.281, 3.365e-6
-1.282, 3.381e-6
-1.283, 3.397e-6
-1.284, 3.395e-6
-1.285, 3.385e-6
-1.286, 3.388e-6
-1.287, 3.402e-6
-1.288, 3.414e-6
-1.289, 3.413e-6
-1.290, 3.403e-6
-1.291, 3.404e-6
-1.292, 3.419e-6
-1.293, 3.430e-6
-1.294, 3.426e-6
-1.295, 3.417e-6
-1.296, 3.418e-6
-1.297, 3.434e-6
-1.298, 3.444e-6
-1.299, 3.440e-6
-1.300, 3.430e-6
-1.301, 3.429e-6
-1.302, 3.444e-6
-1.303, 3.457e-6
-1.304, 3.452e-6
-1.305, 3.441e-6
-1.306, 3.440e-6
-1.307, 3.455e-6
-1.308, 3.468e-6
-1.309, 3.466e-6
-1.310, 3.456e-6
-1.311, 3.455e-6
-1.312, 3.469e-6
-1.313, 3.478e-6
-1.314, 3.471e-6
-1.315, 3.462e-6
-1.316, 3.463e-6
-1.317, 3.477e-6
-1.318, 3.491e-6
-1.319, 3.487e-6
-1.320, 3.475e-6
-1.321, 3.478e-6
-1.322, 3.492e-6
-1.323, 3.505e-6
-1.324, 3.501e-6
-1.325, 3.491e-6
-1.326, 3.498e-6
-1.327, 3.516e-6
-1.328, 3.527e-6
-1.329, 3.525e-6
-1.330, 3.517e-6
-1.331, 3.521e-6
-1.332, 3.540e-6
-1.333, 3.555e-6
-1.334, 3.554e-6
-1.335, 3.547e-6
-1.336, 3.551e-6
-1.337, 3.570e-6
-1.338, 3.584e-6
-1.339, 3.583e-6
-1.340, 3.577e-6
-1.341, 3.583e-6
-1.342, 3.605e-6
-1.343, 3.619e-6
-1.344, 3.619e-6
-1.345, 3.614e-6
-1.346, 3.620e-6
-1.347, 3.645e-6
-1.348, 3.662e-6
-1.349, 3.661e-6
-1.350, 3.657e-6
-1.351, 3.660e-6
-1.352, 3.681e-6
-1.353, 3.697e-6
-1.354, 3.694e-6
-1.355, 3.689e-6
-1.356, 3.698e-6
-1.357, 3.721e-6
-1.358, 3.737e-6
-1.359, 3.734e-6
-1.360, 3.726e-6
-1.361, 3.732e-6
-1.362, 3.752e-6
-1.363, 3.772e-6
-1.364, 3.773e-6
-1.365, 3.767e-6
-1.366, 3.775e-6
-1.367, 3.792e-6
-1.368, 3.804e-6
-1.369, 3.803e-6
-1.370, 3.797e-6
-1.371, 3.808e-6
-1.372, 3.833e-6
-1.373, 3.848e-6
-1.374, 3.849e-6
-1.375, 3.841e-6
-1.376, 3.848e-6
-1.377, 3.868e-6
-1.378, 3.877e-6
-1.379, 3.878e-6
-1.380, 3.873e-6
-1.381, 3.881e-6
-1.382, 3.903e-6
-1.383, 3.920e-6
-1.384, 3.915e-6
-1.385, 3.910e-6
-1.386, 3.914e-6
-1.387, 3.936e-6
-1.388, 3.951e-6
-1.389, 3.949e-6
-1.390, 3.945e-6
-1.391, 3.951e-6
-1.392, 3.973e-6
-1.393, 3.988e-6
-1.394, 3.985e-6
-1.395, 3.983e-6
-1.396, 3.993e-6
-1.397, 4.012e-6
-1.398, 4.024e-6
-1.399, 4.020e-6
-1.400, 4.016e-6
-1.401, 4.026e-6
-1.402, 4.048e-6
-1.403, 4.064e-6
-1.404, 4.062e-6
-1.405, 4.055e-6
-1.406, 4.066e-6
-1.407, 4.086e-6
-1.408, 4.102e-6
-1.409, 4.105e-6
-1.410, 4.097e-6
-1.411, 4.108e-6
-1.412, 4.130e-6
-1.413, 4.145e-6
-1.414, 4.147e-6
-1.415, 4.142e-6
-1.416, 4.152e-6
-1.417, 4.174e-6
-1.418, 4.187e-6
-1.419, 4.188e-6
-1.420, 4.185e-6
-1.421, 4.195e-6
-1.422, 4.220e-6
-1.423, 4.235e-6
-1.424, 4.235e-6
-1.425, 4.233e-6
-1.426, 4.243e-6
-1.427, 4.268e-6
-1.428, 4.287e-6
-1.429, 4.287e-6
-1.430, 4.285e-6
-1.431, 4.297e-6
-1.432, 4.319e-6
-1.433, 4.336e-6
-1.434, 4.339e-6
-1.435, 4.335e-6
-1.436, 4.350e-6
-1.437, 4.380e-6
-1.438, 4.405e-6
-1.439, 4.414e-6
-1.440, 4.417e-6
-1.441, 4.430e-6
-1.442, 4.452e-6
-1.443, 4.468e-6
-1.444, 4.466e-6
-1.445, 4.461e-6
-1.446, 4.478e-6
-1.447, 4.509e-6
-1.448, 4.534e-6
-1.449, 4.542e-6
-1.450, 4.546e-6
-1.451, 4.566e-6
-1.452, 4.592e-6
-1.453, 4.605e-6
-1.454, 4.606e-6
-1.455, 4.604e-6
-1.456, 4.621e-6
-1.457, 4.652e-6
-1.458, 4.670e-6
-1.459, 4.677e-6
-1.460, 4.679e-6
-1.461, 4.696e-6
-1.462, 4.726e-6
-1.463, 4.742e-6
-1.464, 4.746e-6
-1.465, 4.752e-6
-1.466, 4.771e-6
-1.467, 4.805e-6
-1.468, 4.829e-6
-1.469, 4.835e-6
-1.470, 4.840e-6
-1.471, 4.858e-6
-1.472, 4.888e-6
-1.473, 4.910e-6
-1.474, 4.916e-6
-1.475, 4.923e-6
-1.476, 4.947e-6
-1.477, 4.982e-6
-1.478, 5.009e-6
-1.479, 5.016e-6
-1.480, 5.023e-6
-1.481, 5.047e-6
-1.482, 5.080e-6
-1.483, 5.107e-6
-1.484, 5.114e-6
-1.485, 5.128e-6
-1.486, 5.154e-6
-1.487, 5.189e-6
-1.488, 5.216e-6
-1.489, 5.228e-6
-1.490, 5.236e-6
-1.491, 5.268e-6
-1.492, 5.308e-6
-1.493, 5.335e-6
-1.494, 5.349e-6
-1.495, 5.360e-6
-1.496, 5.388e-6
-1.497, 5.431e-6
-1.498, 5.461e-6
-1.499, 5.479e-6
-1.500, 5.493e-6
-1.501, 5.524e-6
-1.502, 5.569e-6
-1.503, 5.603e-6
-1.504, 5.622e-6
-1.505, 5.641e-6
-1.506, 5.675e-6
-1.507, 5.722e-6
-1.508, 5.756e-6
-1.509, 5.778e-6
-1.510, 5.800e-6
-1.511, 5.836e-6
-1.512, 5.886e-6
-1.513, 5.929e-6
-1.514, 5.948e-6
-1.515, 5.974e-6
-1.516, 6.025e-6
-1.517, 6.087e-6
-1.518, 6.136e-6
-1.519, 6.166e-6
-1.520, 6.194e-6
-1.521, 6.239e-6
-1.522, 6.293e-6
-1.523, 6.338e-6
-1.524, 6.372e-6
-1.525, 6.408e-6
-1.526, 6.464e-6
-1.527, 6.528e-6
-1.528, 6.580e-6
-1.529, 6.616e-6
-1.530, 6.651e-6
-1.531, 6.708e-6
-1.532, 6.777e-6
-1.533, 6.815e-6
-1.534, 6.850e-6
-1.535, 6.891e-6
-1.536, 6.950e-6
-1.537, 7.027e-6
-1.538, 7.085e-6
-1.539, 7.128e-6
-1.540, 7.175e-6
-1.541, 7.242e-6
-1.542, 7.323e-6
-1.543, 7.385e-6
-1.544, 7.439e-6
-1.545, 7.512e-6
-1.546, 7.595e-6
-1.547, 7.672e-6
-1.548, 7.740e-6
-1.549, 7.793e-6
-1.550, 7.862e-6
-1.551, 7.938e-6
-1.552, 8.022e-6
-1.553, 8.111e-6
-1.554, 8.174e-6
-1.555, 8.254e-6
-1.556, 8.341e-6
-1.557, 8.440e-6
-1.558, 8.532e-6
-1.559, 8.622e-6
-1.560, 8.686e-6
-1.561, 8.776e-6
-1.562, 8.879e-6
-1.563, 8.974e-6
-1.564, 9.063e-6
-1.565, 9.173e-6
-1.566, 9.281e-6
-1.567, 9.418e-6
-1.568, 9.551e-6
-1.569, 9.656e-6
-1.570, 9.760e-6
-1.571, 9.897e-6
-1.572, 1.002e-5
-1.573, 1.009e-5
-1.574, 1.020e-5
-1.575, 1.031e-5
-1.576, 1.044e-5
-1.577, 1.058e-5
-1.578, 1.071e-5
-1.579, 1.084e-5
-1.580, 1.095e-5
-1.581, 1.109e-5
-1.582, 1.128e-5
-1.583, 1.141e-5
-1.584, 1.155e-5
-1.585, 1.168e-5
-1.586, 1.186e-5
-1.587, 1.202e-5
-1.588, 1.218e-5
-1.589, 1.232e-5
-1.590, 1.252e-5
-1.591, 1.271e-5
-1.592, 1.284e-5
-1.593, 1.298e-5
-1.594, 1.315e-5
-1.595, 1.335e-5
-1.596, 1.359e-5
-1.597, 1.376e-5
-1.598, 1.394e-5
-1.599, 1.418e-5
-1.600, 1.449e-5
-1.601, 1.472e-5
-1.602, 1.501e-5
-1.603, 1.520e-5
-1.604, 1.536e-5
-1.605, 1.568e-5
-1.606, 1.592e-5
-1.607, 1.606e-5
-1.608, 1.641e-5
-1.609, 1.691e-5
-1.610, 1.724e-5
-1.611, 1.732e-5
-1.612, 1.764e-5
-1.613, 1.803e-5
-1.614, 1.854e-5
-1.615, 1.882e-5
-1.616, 1.923e-5
-1.617, 1.963e-5
-1.618, 2.000e-5
-1.619, 2.033e-5
-1.620, 2.070e-5
-1.621, 2.114e-5
-1.622, 2.151e-5
-1.623, 2.189e-5
-1.624, 2.234e-5
-1.625, 2.275e-5
-1.626, 2.317e-5
-1.627, 2.357e-5
-1.628, 2.415e-5
-1.629, 2.461e-5
-1.630, 2.494e-5
-1.631, 2.538e-5
-1.632, 2.606e-5
-1.633, 2.668e-5
-1.634, 2.721e-5
-1.635, 2.775e-5
-1.636, 2.831e-5
-1.637, 2.893e-5
-1.638, 2.940e-5
-1.639, 3.012e-5
-1.640, 3.099e-5
-1.641, 3.177e-5
-1.642, 3.243e-5
-1.643, 3.316e-5
-1.644, 3.373e-5
-1.645, 3.438e-5
-1.646, 3.530e-5
-1.647, 3.618e-5
-1.648, 3.697e-5
-1.649, 3.777e-5
-1.650, 3.873e-5
-1.651, 3.969e-5
-1.652, 4.065e-5
-1.653, 4.162e-5
-1.654, 4.257e-5
-1.655, 4.353e-5
-1.656, 4.456e-5
-1.657, 4.561e-5
-1.658, 4.669e-5
-1.659, 4.777e-5
-1.660, 4.888e-5
-1.661, 5.012e-5
-1.662, 5.132e-5
-1.663, 5.253e-5
-1.664, 5.374e-5
-1.665, 5.505e-5
-1.666, 5.644e-5
-1.667, 5.780e-5
-1.668, 5.920e-5
-1.669, 6.057e-5
-1.670, 6.204e-5
-1.671, 6.357e-5
-1.672, 6.510e-5
-1.673, 6.674e-5
-1.674, 6.835e-5
-1.675, 7.000e-5
-1.676, 7.171e-5
-1.677, 7.351e-5
-1.678, 7.537e-5
-1.679, 7.720e-5
-1.680, 7.905e-5
-1.681, 8.100e-5
-1.682, 8.311e-5
-1.683, 8.519e-5
-1.684, 8.736e-5
-1.685, 8.956e-5
-1.686, 9.180e-5
-1.687, 9.411e-5
-1.688, 9.634e-5
-1.689, 9.855e-5
-1.690, 1.010e-4
-1.691, 1.036e-4
-1.692, 1.066e-4
-1.693, 1.090e-4
-1.694, 1.107e-4
-1.695, 1.131e-4
-1.696, 1.158e-4
-1.697, 1.188e-4
-1.698, 1.218e-4
-1.699, 1.248e-4
-1.700, 1.280e-4
-1.701, 1.311e-4
-1.702, 1.344e-4
-1.703, 1.379e-4
-1.704, 1.414e-4
-1.705, 1.451e-4
-1.706, 1.488e-4
-1.707, 1.526e-4
-1.708, 1.564e-4
-1.709, 1.602e-4
-1.710, 1.639e-4
-1.711, 1.679e-4
-1.712, 1.721e-4
-1.713, 1.763e-4
-1.714, 1.807e-4
-1.715, 1.850e-4
-1.716, 1.896e-4
-1.717, 1.944e-4
-1.718, 1.993e-4
-1.719, 2.040e-4
-1.720, 2.090e-4
-1.721, 2.142e-4
-1.722, 2.195e-4
-1.723, 2.248e-4
-1.724, 2.302e-4
-1.725, 2.359e-4
-1.726, 2.417e-4
-1.727, 2.476e-4
-1.728, 2.538e-4
-1.729, 2.601e-4
-1.730, 2.658e-4
-1.731, 2.719e-4
-1.732, 2.786e-4
-1.733, 2.853e-4
-1.734, 2.920e-4
-1.735, 2.989e-4
-1.736, 3.061e-4
-1.737, 3.135e-4
-1.738, 3.209e-4
-1.739, 3.284e-4
-1.740, 3.363e-4
-1.741, 3.443e-4
-1.742, 3.524e-4
-1.743, 3.607e-4
-1.744, 3.692e-4
-1.745, 3.778e-4
-1.746, 3.867e-4
-1.747, 3.957e-4
-1.748, 4.046e-4
-1.749, 4.140e-4
-1.750, 4.235e-4
-1.751, 4.334e-4
-1.752, 4.437e-4
-1.753, 4.543e-4
-1.754, 4.647e-4
-1.755, 4.758e-4
-1.756, 4.870e-4
-1.757, 4.982e-4
-1.758, 5.097e-4
-1.759, 5.211e-4
-1.760, 5.326e-4
-1.761, 5.450e-4
-1.762, 5.580e-4
-1.763, 5.715e-4
-1.764, 5.864e-4
-1.765, 6.011e-4
-1.766, 6.156e-4
-1.767, 6.302e-4
-1.768, 6.442e-4
-1.769, 6.578e-4
-1.770, 6.713e-4
-1.771, 6.873e-4
-1.772, 7.023e-4
-1.773, 7.163e-4
-1.774, 7.336e-4
-1.775, 7.504e-4
-1.776, 7.675e-4
-1.777, 7.841e-4
-1.778, 8.003e-4
-1.779, 8.186e-4
-1.780, 8.345e-4
-1.781, 8.516e-4
-1.782, 8.704e-4
-1.783, 8.902e-4
-1.784, 9.102e-4
-1.785, 9.328e-4
-1.786, 9.564e-4
-1.787, 9.770e-4
-1.788, 9.974e-4
-1.789, 1.011e-3
-1.790, 1.011e-3
-1.791, 1.011e-3
-1.792, 1.011e-3
-1.793, 1.011e-3
-1.794, 1.011e-3
-1.795, 1.011e-3
-1.796, 1.011e-3
-1.797, 1.011e-3
-1.798, 1.011e-3
-1.799, 1.011e-3
-1.800, 1.011e-3
-1.801, 1.011e-3
-1.802, 1.011e-3
-1.803, 1.011e-3
-1.804, 1.011e-3
-1.805, 1.011e-3
-1.806, 1.011e-3
-1.807, 1.011e-3
-1.808, 1.011e-3
-1.809, 1.011e-3
-1.810, 1.011e-3
-1.811, 1.011e-3
-1.812, 1.011e-3
-1.813, 1.011e-3
-1.814, 1.011e-3
-1.815, 1.011e-3
-1.816, 1.011e-3
-1.817, 1.011e-3
-1.818, 1.011e-3
-1.819, 1.011e-3
-1.820, 1.011e-3
-1.821, 1.011e-3
-1.822, 1.011e-3
-1.823, 1.011e-3
-1.824, 1.011e-3
-1.825, 1.011e-3
-1.826, 1.011e-3
-1.827, 1.011e-3
-1.828, 1.011e-3
-1.829, 1.011e-3
-1.830, 1.011e-3
-1.831, 1.011e-3
-1.832, 1.011e-3
-1.833, 1.011e-3
-1.834, 1.011e-3
-1.835, 1.011e-3
-1.836, 1.011e-3
-1.837, 1.011e-3
-1.838, 1.011e-3
-1.839, 1.011e-3
-1.840, 1.011e-3
-1.841, 1.011e-3
-1.842, 1.011e-3
-1.843, 1.011e-3
-1.844, 1.011e-3
-1.845, 1.011e-3
-1.846, 1.011e-3
-1.847, 1.011e-3
-1.848, 1.011e-3
-1.849, 1.011e-3
-1.850, 1.011e-3
-1.851, 1.011e-3
-1.852, 1.011e-3
-1.853, 1.011e-3
-1.854, 1.011e-3
-1.855, 1.011e-3
-1.856, 1.011e-3
-1.857, 1.011e-3
-1.858, 1.011e-3
-1.859, 1.011e-3
-1.860, 1.011e-3
-1.861, 1.011e-3
-1.862, 1.011e-3
-1.863, 1.011e-3
-1.864, 1.011e-3
-1.865, 1.011e-3
-1.866, 1.011e-3
-1.867, 1.011e-3
-1.868, 1.011e-3
-1.869, 1.011e-3
-1.870, 1.011e-3
-1.871, 1.011e-3
-1.872, 1.011e-3
-1.873, 1.011e-3
-1.874, 1.011e-3
-1.875, 1.011e-3
-1.876, 1.011e-3
-1.877, 1.011e-3
-1.878, 1.011e-3
-1.879, 1.011e-3
-1.880, 1.011e-3
-1.881, 1.011e-3
-1.882, 1.011e-3
-1.883, 1.011e-3
-1.884, 1.011e-3
-1.885, 1.011e-3
-1.886, 1.011e-3
-1.887, 1.011e-3
-1.888, 1.011e-3
-1.889, 1.011e-3
-1.890, 1.011e-3
-1.891, 1.011e-3
-1.892, 1.011e-3
-1.893, 1.011e-3
-1.894, 1.011e-3
-1.895, 1.011e-3
-1.896, 1.011e-3
-1.897, 1.011e-3
-1.898, 1.011e-3
-1.899, 1.011e-3
