Potential V vs RHE, Current mA cm-2
0.013299999999999867,0.08502414912188871
0.012299999999999978,-0.04582249900262853
0.011299999999999866,-0.08943804837746762
0.010299999999999976,-0.04582249900262853
0.009299999999999864,-0.002205534916489592
0.008299999999999974,0.08502414912188871
0.007299999999999862,0.04140859974704963
0.006299999999999972,-0.08943804837746762
0.00529999999999986,-0.08943804837746762
0.0042999999999999705,-0.1330535977523067
0.0032999999999998586,-0.1330535977523067
0.0022999999999999687,-0.04582249900262853
0.0012999999999998568,0.04140859974704963
0.00029999999999996696,-0.002205534916489592
-0.000700000000000145,-0.1330535977523067
-0.0017000000000000348,-0.2202705493889862
-0.0027000000000001467,-0.1766974413531431
-0.0037000000000000366,-0.04582249900262853
-0.0047000000000001485,-0.04582249900262853
-0.005700000000000038,-0.002205534916489592
-0.00670000000000015,-0.04582249900262853
-0.00770000000000004,-0.1766974413531431
-0.008700000000000152,-0.2202705493889862
-0.009700000000000042,-0.2202705493889862
-0.010700000000000154,-0.1330535977523067
-0.011700000000000044,-0.04582249900262853
-0.012700000000000156,-0.04582249900262853
-0.013700000000000045,-0.2202705493889862
-0.014700000000000157,-0.2202705493889862
-0.015700000000000047,-0.26384365742482935
-0.01670000000000016,-0.2202705493889862
-0.01770000000000005,-0.08943804837746762
-0.01870000000000016,-0.08943804837746762
-0.01970000000000005,-0.1330535977523067
-0.020700000000000163,-0.1766974413531431
-0.021700000000000053,-0.30755823659065895
-0.022700000000000164,-0.26384365742482935
-0.023700000000000054,-0.1330535977523067
-0.024700000000000166,-0.1330535977523067
-0.025700000000000056,-0.08943804837746762
-0.026700000000000168,-0.1330535977523067
-0.027700000000000058,-0.26384365742482935
-0.02870000000000017,-0.30755823659065895
-0.02970000000000006,-0.26384365742482935
-0.03070000000000017,-0.2202705493889862
-0.03170000000000006,-0.1330535977523067
-0.03270000000000017,-0.1766974413531431
-0.03370000000000006,-0.26384365742482935
-0.034700000000000175,-0.30755823659065895
-0.035700000000000065,-0.30755823659065895
-0.03670000000000018,-0.30755823659065895
-0.03770000000000007,-0.1766974413531431
-0.03870000000000018,-0.1330535977523067
-0.03970000000000007,-0.1766974413531431
-0.04070000000000018,-0.26384365742482935
-0.04170000000000007,-0.3511313446265021
-0.04270000000000018,-0.30755823659065895
-0.04370000000000007,-0.2202705493889862
-0.044700000000000184,-0.1766974413531431
-0.045700000000000074,-0.1330535977523067
-0.046700000000000186,-0.2202705493889862
-0.047700000000000076,-0.3511313446265021
-0.04870000000000019,-0.3511313446265021
-0.04970000000000008,-0.3947044526623452
-0.05070000000000019,-0.26384365742482935
-0.05170000000000008,-0.1766974413531431
-0.05270000000000019,-0.2202705493889862
-0.05370000000000008,-0.30755823659065895
-0.05470000000000019,-0.3511313446265021
-0.05570000000000008,-0.3947044526623452
-0.056700000000000195,-0.3511313446265021
-0.057700000000000085,-0.26384365742482935
-0.058700000000000196,-0.1766974413531431
-0.059700000000000086,-0.2202705493889862
-0.0607000000000002,-0.30755823659065895
-0.06170000000000009,-0.4384190318281749
-0.0627000000000002,-0.3947044526623452
-0.06370000000000009,-0.30755823659065895
-0.0647000000000002,-0.26384365742482935
-0.06570000000000009,-0.2202705493889862
-0.0667000000000002,-0.2202705493889862
-0.0677000000000001,-0.3947044526623452
-0.0687000000000002,-0.4384190318281749
-0.0697000000000001,-0.3947044526623452
-0.07070000000000021,-0.3511313446265021
-0.0717000000000001,-0.2202705493889862
-0.07270000000000021,-0.26384365742482935
-0.0737000000000001,-0.3947044526623452
-0.07470000000000021,-0.3947044526623452
-0.0757000000000001,-0.48199213986401795
-0.07670000000000021,-0.4384190318281749
-0.0777000000000001,-0.26384365742482935
-0.07870000000000021,-0.26384365742482935
-0.0797000000000001,-0.30755823659065895
-0.08070000000000022,-0.3511313446265021
-0.0817000000000001,-0.48199213986401795
-0.08270000000000022,-0.4384190318281749
-0.08370000000000011,-0.3511313446265021
-0.08470000000000022,-0.30755823659065895
-0.08570000000000011,-0.26384365742482935
-0.08670000000000022,-0.30755823659065895
-0.08770000000000011,-0.4384190318281749
-0.08870000000000022,-0.48199213986401795
-0.08970000000000011,-0.4384190318281749
-0.09070000000000022,-0.3947044526623452
-0.09170000000000011,-0.30755823659065895
-0.09270000000000023,-0.30755823659065895
-0.09370000000000012,-0.4384190318281749
-0.09470000000000023,-0.48199213986401795
-0.09570000000000012,-0.5255652478998613
-0.09670000000000023,-0.5255652478998613
-0.09770000000000012,-0.3511313446265021
-0.09870000000000023,-0.30755823659065895
-0.09970000000000012,-0.3511313446265021
-0.10070000000000023,-0.4384190318281749
-0.10170000000000012,-0.5255652478998613
-0.10270000000000024,-0.5692798270656908
-0.10370000000000013,-0.3947044526623452
-0.10470000000000024,-0.30755823659065895
-0.10570000000000013,-0.3511313446265021
-0.10670000000000024,-0.3511313446265021
-0.10770000000000013,-0.5255652478998613
-0.10870000000000024,-0.5255652478998613
-0.10970000000000013,-0.48199213986401795
-0.11070000000000024,-0.4384190318281749
-0.11170000000000013,-0.3511313446265021
-0.11270000000000002,-0.3511313446265021
-0.11370000000000013,-0.48199213986401795
-0.11470000000000002,-0.5692798270656908
-0.11570000000000014,-0.5692798270656908
-0.11670000000000003,-0.5692798270656908
-0.11770000000000014,-0.3947044526623452
-0.11870000000000003,-0.30755823659065895
-0.11970000000000014,-0.4384190318281749
-0.12070000000000003,-0.48199213986401795
-0.12170000000000014,-0.6128529351015338
-0.12270000000000003,-0.5692798270656908
-0.12370000000000014,-0.4384190318281749
-0.12470000000000003,-0.3947044526623452
-0.12570000000000014,-0.3947044526623452
-0.12670000000000003,-0.4384190318281749
-0.12770000000000015,-0.5255652478998613
-0.12870000000000004,-0.5692798270656908
-0.12970000000000015,-0.5255652478998613
-0.13070000000000004,-0.48199213986401795
-0.13170000000000015,-0.3511313446265021
-0.13270000000000004,-0.3511313446265021
-0.13370000000000015,-0.48199213986401795
-0.13470000000000004,-0.5692798270656908
-0.13570000000000015,-0.6564260431373771
-0.13670000000000004,-0.5692798270656908
-0.13770000000000016,-0.4384190318281749
-0.13870000000000005,-0.3947044526623452
-0.13970000000000016,-0.3947044526623452
-0.14070000000000005,-0.48199213986401795
-0.14170000000000016,-0.5692798270656908
-0.14270000000000005,-0.6564260431373771
-0.14370000000000016,-0.48199213986401795
-0.14470000000000005,-0.4384190318281749
-0.14570000000000016,-0.3947044526623452
-0.14670000000000005,-0.3947044526623452
-0.14770000000000016,-0.6128529351015338
-0.14870000000000005,-0.6128529351015338
-0.14970000000000017,-0.5692798270656908
-0.15070000000000006,-0.48199213986401795
-0.15170000000000017,-0.3947044526623452
-0.15270000000000006,-0.3947044526623452
-0.15370000000000017,-0.5255652478998613
-0.15470000000000006,-0.5692798270656908
-0.15570000000000017,-0.6564260431373771
-0.15670000000000006,-0.5692798270656908
-0.15770000000000017,-0.3947044526623452
-0.15870000000000006,-0.4384190318281749
-0.15970000000000018,-0.4384190318281749
-0.16070000000000007,-0.5255652478998613
-0.16170000000000018,-0.6564260431373771
-0.16270000000000007,-0.6564260431373771
-0.16370000000000018,-0.48199213986401795
-0.16470000000000007,-0.4384190318281749
-0.16570000000000018,-0.4384190318281749
-0.16670000000000007,-0.4384190318281749
-0.16770000000000018,-0.6128529351015338
-0.16870000000000007,-0.6564260431373771
-0.16970000000000018,-0.6128529351015338
-0.17070000000000007,-0.48199213986401795
-0.17170000000000019,-0.3947044526623452
-0.17270000000000008,-0.4384190318281749
-0.1737000000000002,-0.5255652478998613
-0.17470000000000008,-0.6128529351015338
-0.1757000000000002,-0.6564260431373771
-0.17670000000000008,-0.5692798270656908
-0.1777000000000002,-0.4384190318281749
-0.17870000000000008,-0.3947044526623452
-0.1797000000000002,-0.48199213986401795
-0.18070000000000008,-0.5255652478998613
-0.1817000000000002,-0.6564260431373771
-0.18270000000000008,-0.6128529351015338
-0.1837000000000002,-0.48199213986401795
-0.1847000000000001,-0.4384190318281749
-0.1857000000000002,-0.3947044526623452
-0.1867000000000001,-0.4384190318281749
-0.1877000000000002,-0.6128529351015338
-0.1887000000000001,-0.6128529351015338
-0.1897000000000002,-0.5692798270656908
-0.1907000000000001,-0.48199213986401795
-0.1917000000000001,-0.4384190318281749
-0.19269999999999998,-0.4384190318281749
-0.1937000000000001,-0.5255652478998613
-0.19469999999999998,-0.6128529351015338
-0.1957000000000001,-0.6128529351015338
-0.19669999999999999,-0.5692798270656908
-0.1977000000000001,-0.4384190318281749
-0.1987,-0.3947044526623452
-0.1997000000000001,-0.4384190318281749
-0.2007,-0.5692798270656908
-0.2017000000000001,-0.6564260431373771
-0.2027,-0.6564260431373771
-0.2037000000000001,-0.5255652478998613
-0.2047,-0.4384190318281749
-0.2057000000000001,-0.3947044526623452
-0.2067,-0.48199213986401795
-0.2077000000000001,-0.6128529351015338
-0.2087,-0.6128529351015338
-0.2097000000000001,-0.5255652478998613
-0.2107,-0.48199213986401795
-0.2117000000000001,-0.3947044526623452
-0.2127,-0.3947044526623452
-0.2137000000000001,-0.5255652478998613
-0.2147,-0.5692798270656908
-0.2157000000000001,-0.6128529351015338
-0.2167,-0.5692798270656908
-0.21770000000000012,-0.4384190318281749
-0.2187,-0.4384190318281749
-0.21970000000000012,-0.48199213986401795
-0.2207,-0.5692798270656908
-0.22170000000000012,-0.6564260431373771
-0.2227,-0.5692798270656908
-0.22370000000000012,-0.48199213986401795
-0.2247,-0.4384190318281749
-0.22570000000000012,-0.3947044526623452
-0.2267,-0.48199213986401795
-0.22770000000000012,-0.5692798270656908
-0.22870000000000001,-0.6128529351015338
-0.22970000000000013,-0.5255652478998613
-0.23070000000000002,-0.48199213986401795
-0.23170000000000013,-0.3947044526623452
-0.23270000000000002,-0.3511313446265021
-0.23370000000000013,-0.48199213986401795
-0.23470000000000002,-0.6128529351015338
-0.23570000000000013,-0.6128529351015338
-0.23670000000000002,-0.5692798270656908
-0.2376999999999999,-0.3947044526623452
-0.23870000000000002,-0.4384190318281749
-0.2396999999999999,-0.48199213986401795
-0.24070000000000003,-0.5255652478998613
-0.24169999999999991,-0.6564260431373771
-0.24270000000000003,-0.5692798270656908
-0.24369999999999992,-0.5255652478998613
-0.24470000000000003,-0.4384190318281749
-0.24569999999999992,-0.3947044526623452
-0.24670000000000003,-0.4384190318281749
-0.24769999999999992,-0.5692798270656908
-0.24870000000000003,-0.6128529351015338
-0.24969999999999992,-0.48199213986401795
-0.25070000000000003,-0.48199213986401795
-0.2516999999999999,-0.3947044526623452
-0.25270000000000004,-0.4384190318281749
-0.2536999999999999,-0.48199213986401795
-0.25470000000000004,-0.6128529351015338
-0.2556999999999999,-0.5692798270656908
-0.25670000000000004,-0.5692798270656908
-0.25769999999999993,-0.4384190318281749
-0.25870000000000004,-0.3947044526623452
-0.25969999999999993,-0.4384190318281749
-0.26070000000000004,-0.5692798270656908
-0.26169999999999993,-0.6564260431373771
-0.26270000000000004,-0.6128529351015338
-0.26369999999999993,-0.48199213986401795
-0.26470000000000005,-0.4384190318281749
-0.26569999999999994,-0.4384190318281749
-0.26670000000000005,-0.5255652478998613
-0.26769999999999994,-0.6128529351015338
-0.26870000000000005,-0.6128529351015338
-0.26969999999999994,-0.5255652478998613
-0.27070000000000005,-0.48199213986401795
-0.27169999999999994,-0.3947044526623452
-0.27270000000000005,-0.3947044526623452
-0.27369999999999994,-0.5692798270656908
-0.27470000000000006,-0.6564260431373771
-0.27569999999999995,-0.6128529351015338
-0.27670000000000006,-0.5692798270656908
-0.27769999999999995,-0.5255652478998613
-0.27870000000000006,-0.4384190318281749
-0.27969999999999995,-0.48199213986401795
-0.28070000000000006,-0.5692798270656908
-0.28169999999999995,-0.6564260431373771
-0.28270000000000006,-0.6128529351015338
-0.28369999999999995,-0.48199213986401795
-0.28470000000000006,-0.5255652478998613
-0.28569999999999995,-0.48199213986401795
-0.28670000000000007,-0.5692798270656908
-0.28769999999999996,-0.6564260431373771
-0.28870000000000007,-0.6564260431373771
-0.28969999999999996,-0.6128529351015338
-0.29070000000000007,-0.5255652478998613
-0.29169999999999996,-0.48199213986401795
-0.29270000000000007,-0.48199213986401795
-0.29369999999999996,-0.5692798270656908
-0.2947000000000001,-0.6564260431373771
-0.29569999999999996,-0.7001406223032067
-0.2967000000000001,-0.6128529351015338
-0.29769999999999996,-0.5255652478998613
-0.2987000000000001,-0.5255652478998613
-0.29969999999999997,-0.6128529351015338
-0.3007000000000001,-0.6564260431373771
-0.30169999999999997,-0.7437137303390498
-0.3027000000000001,-0.7437137303390498
-0.30369999999999997,-0.6128529351015338
-0.3047000000000001,-0.5692798270656908
-0.30569999999999997,-0.5692798270656908
-0.3067000000000001,-0.6564260431373771
-0.3077,-0.7437137303390498
-0.3087000000000001,-0.7437137303390498
-0.3097,-0.7437137303390498
-0.3107000000000001,-0.6564260431373771
-0.3117,-0.6128529351015338
-0.3127000000000001,-0.6128529351015338
-0.3137,-0.7437137303390498
-0.3147000000000001,-0.8745745255765657
-0.3157,-0.8308599464107361
-0.3167000000000001,-0.8745745255765657
-0.3177,-0.7437137303390498
-0.3187000000000001,-0.7437137303390498
-0.3197,-0.8308599464107361
-0.3207000000000001,-0.8745745255765657
-0.3217,-0.9617207416482519
-0.3227000000000001,-0.9617207416482519
-0.3237,-0.8745745255765657
-0.3247000000000001,-0.8745745255765657
-0.3257,-0.8308599464107361
-0.3267000000000001,-0.9617207416482519
-0.3277,-1.0054353208140816
-0.3287000000000001,-1.0925815368857679
-0.3297,-1.0925815368857679
-0.3307000000000001,-1.0490084288499246
-0.3317,-0.9617207416482519
-0.3327000000000001,-1.0490084288499246
-0.3337,-1.1362961160515976
-0.3347000000000001,-1.2234423321232837
-0.3357,-1.3107300193249565
-0.3367000000000001,-1.3543031273607997
-0.3377,-1.2671569112891135
-0.3387000000000001,-1.2671569112891135
-0.3397,-1.3543031273607997
-0.3407000000000001,-1.4415908145624723
-0.3417,-1.6156003044458718
-0.3427000000000001,-1.6156003044458718
-0.3437,-1.5717442541500557
-0.3447000000000001,-1.6156003044458718
-0.3457,-1.6156003044458718
-0.3467000000000001,-1.7033124050375041
-0.3477,-1.8334658446250875
-0.3487000000000001,-2.008890045808352
-0.3497,-2.052746096104168
-0.3507000000000001,-2.095187435100119
-0.3517,-2.052746096104168
-0.3527000000000001,-2.095187435100119
-0.3537,-2.2706116362833835
-0.3547000000000001,-2.4007650758709675
-0.3557,-2.576189277054232
-0.35670000000000013,-2.706342716641815
-0.3577,-2.706342716641815
-0.35870000000000013,-2.706342716641815
-0.3597,-2.794054817233447
-0.36070000000000013,-3.0119203574126634
-0.3617,-3.2297858975918787
-0.3626999999999999,-3.447651437771094
-0.3637,-3.4915074880669104
-0.3646999999999999,-3.579219588658543
-0.3657,-3.623075638954359
-0.3666999999999999,-3.7532290785419424
-0.3677,-4.014950669016974
-0.3686999999999999,-4.276672259492005
-0.36970000000000003,-4.494537799671222
-0.3706999999999999,-4.668547289554621
-0.37170000000000003,-4.712403339850438
-0.3726999999999999,-4.712403339850438
-0.37370000000000003,-5.017980980621284
-0.3746999999999999,-5.367414671687949
-0.37570000000000003,-5.629136262162981
-0.3766999999999999,-5.977155241929781
-0.37770000000000004,-6.108723392817228
-0.3786999999999999,-6.152579443113044
-0.37970000000000004,-6.37044498329226
-0.3806999999999999,-6.632166573767292
-0.38170000000000004,-7.111753704421539
-0.38269999999999993,-7.461187395488204
-0.38370000000000004,-7.679052935667419
-0.38469999999999993,-7.853062425550818
-0.38570000000000004,-7.984630576438266
-0.38669999999999993,-8.158640066321666
-0.38770000000000004,-8.638227196975913
-0.38869999999999993,-9.161670377925978
-0.38970000000000005,-9.59740145828441
-0.39069999999999994,-9.902979099055257
-0.39170000000000005,-10.034547249942705
-0.39269999999999994,-10.164700689530287
-0.39370000000000005,-10.557990430892769
-0.39469999999999994,-11.081433611842833
-0.39570000000000005,-11.691174182084664
-0.39669999999999994,-12.170761312738911
-0.39770000000000005,-12.476338953509758
-0.39869999999999994,-12.520195003805576
-0.39970000000000006,-12.825772644576423
-0.40069999999999995,-13.261503724934855
-0.40170000000000006,-13.960371107068182
-0.40269999999999995,-14.65640906660178
-0.40370000000000006,-15.094969569559943
-0.40469999999999995,-15.307176264539699
-0.40570000000000006,-15.448647394526201
-0.40669999999999995,-15.830619445489761
-0.40770000000000006,-16.438945304431726
-0.40869999999999995,-17.2736249713521
-0.40970000000000006,-17.966833508285966
-0.41069999999999995,-18.40539401124413
-0.41170000000000007,-18.589306480226583
-0.41269999999999996,-18.80151317520634
-0.41370000000000007,-19.3249563561564
-0.41469999999999996,-20.06060623208622
-0.41570000000000007,-21.022609915994444
-0.41669999999999996,-21.729965565926964
-0.41770000000000007,-22.111937616890522
-0.41869999999999996,-22.253408746877028
-0.4197000000000001,-22.592939458844636
-0.42069999999999996,-23.300295108777156
-0.4217000000000001,-24.20571034069078
-0.42269999999999996,-25.295038041586857
-0.4237000000000001,-25.86092256153287
-0.42469999999999997,-26.257041725495082
-0.4257000000000001,-26.440954194477534
-0.42669999999999997,-26.86536758443705
-0.4277000000000001,-27.742488590353368
-0.42869999999999997,-28.91669896924135
-0.4297000000000001,-29.921143992145527
-0.43069999999999997,-30.487028512091538
-0.4317000000000001,-30.71338232006995
-0.4327,-30.968030354045652
-0.4337000000000001,-31.661238890979522
-0.4347,-32.70812525287965
-0.4357000000000001,-33.98136542275818
-0.4367,-34.90092776767045
-0.4377000000000001,-35.42437094862052
-0.4387,-35.636577643600276
-0.4397000000000001,-35.99025546856653
-0.4407,-36.8532293614842
-0.4417000000000001,-38.12646953136274
-0.4427,-39.47044526623452
-0.4437000000000001,-40.26268359415894
-0.4447,-40.65880275812115
-0.4457000000000001,-40.87100945310091
-0.4467,-41.39445263405098
-0.4477000000000001,-42.526221673943
-0.4487,-43.92678586080939
-0.4497000000000001,-45.18587891768927
-0.4507,-45.93567590661774
-0.4517000000000001,-46.19032394059345
-0.4527,-46.501560426563756
-0.4537000000000001,-47.32209298048547
-0.4547,-48.63777448935996
-0.4557000000000001,-50.1656626932142
-0.4567,-51.38231441109813
-0.4577000000000001,-51.86331625305225
-0.4587,-52.11796428702795
-0.4597000000000001,-52.64140746797801
-0.4607,-53.603411151886235
-0.4617000000000001,-55.21618203373238
-0.4627,-56.74407023758662
-0.4637000000000001,-57.7485152604908
-0.4647,-58.18707576344896
-0.4657000000000001,-58.45587091042332
-0.4667,-59.10663810836124
-0.4677000000000001,-60.40817250423707
-0.4687,-62.11997317707376
-0.4697000000000001,-63.59127292893339
-0.4707,-64.46839393484973
-0.4717000000000001,-64.72304196882543
-0.4727,-65.0767197937917
-0.4737000000000001,-66.03872347769992
-0.4747,-67.48172900356225
-0.4757000000000001,-69.26426524139221
-0.4767,-70.66482942825859
-0.4777000000000001,-71.27315528720055
-0.4787,-71.48536198218031
-0.4797000000000001,-71.96636382413442
-0.4807,-73.15472131602105
-0.48170000000000013,-74.89481621485504
-0.4827,-76.63491111368903
-0.48370000000000013,-77.76668015358106
-0.4847,-78.29012333453113
-0.48570000000000013,-78.51647714250953
-0.4867,-78.55891848150549
-0.48570000000000013,-78.03547530055542
-0.4847,-77.86570994457162
-0.48370000000000013,-77.42714944161345
-0.4827,-76.29538040172143
-0.48170000000000013,-74.58357972888473
-0.4807,-72.97080884703858
-0.4797000000000001,-72.00880516313036
-0.4787,-71.52780332117625
-0.4777000000000001,-71.35803796519245
-0.4767,-70.70727076725453
-0.4757000000000001,-69.3491479193841
-0.4747,-67.693935698542
-0.4737000000000001,-66.20848883368372
-0.4727,-65.4728389577539
-0.4717000000000001,-65.20404381077954
-0.4707,-64.90695443780788
-0.4697000000000001,-63.98739209289561
-0.4687,-62.64341635802381
-0.4677000000000001,-60.974057024183075
-0.4667,-59.7998466452951
-0.4657000000000001,-59.27640346434504
-0.4647,-59.06419676936528
-0.4637000000000001,-58.583194927411164
-0.4627,-57.53630856551105
-0.4617000000000001,-56.05086170065276
-0.4607,-54.52297349679851
-0.4597000000000001,-53.64585249088219
-0.4587,-53.26388043991864
-0.4577000000000001,-53.079967970936174
-0.4567,-52.514083450990164
-0.4557000000000001,-51.33987307210218
-0.4547,-49.85442620724389
-0.4537000000000001,-48.63777448935996
-0.4527,-47.987007291422046
-0.4517000000000001,-47.76065348344364
-0.4507,-47.506005449467935
-0.4497000000000001,-46.67132578254756
-0.4487,-45.497115403659585
-0.4477000000000001,-44.096551216793195
-0.4467,-43.09210619388902
-0.4457000000000001,-42.653545690930855
-0.4447,-42.483780334947056
-0.4437000000000001,-42.04521983198889
-0.4427,-41.22468727806717
-0.4417000000000001,-39.95144710818864
-0.4407,-38.734795390304704
-0.4397000000000001,-37.99914551437489
-0.4387,-37.687909028404576
-0.4377000000000001,-37.56058501141672
-0.4367,-36.99470049147071
-0.4357000000000001,-36.03269680756248
-0.4347,-34.85848642867451
-0.4337000000000001,-33.85404140577033
-0.4327,-33.288156885824314
-0.4317000000000001,-33.10424441684186
-0.43069999999999997,-32.93447906085806
-0.4297000000000001,-32.24127052392419
-0.42869999999999997,-31.321708179011907
-0.4277000000000001,-30.189939139119886
-0.42669999999999997,-29.35525947219951
-0.4257000000000001,-28.959140308237306
-0.42469999999999997,-28.8742576302454
-0.4237000000000001,-28.53472691827779
-0.42269999999999996,-27.827371268345274
-0.4217000000000001,-26.86536758443705
-0.42069999999999996,-25.91751101352747
-0.4197000000000001,-25.337479380582806
-0.41869999999999996,-25.0828313466071
-0.41770000000000007,-24.997948668615198
-0.41669999999999996,-24.559388165657033
-0.41570000000000007,-23.823738289727217
-0.41469999999999996,-22.904175944814945
-0.41370000000000007,-22.15437895588647
-0.41269999999999996,-21.814848243918867
-0.41170000000000007,-21.63093577493641
-0.41069999999999995,-21.503611757948562
-0.40970000000000006,-20.93772723800254
-0.40869999999999995,-20.244518701068674
-0.40770000000000006,-19.409839034148305
-0.40669999999999995,-18.759071836210385
-0.40570000000000006,-18.589306480226583
-0.40469999999999995,-18.44783535024008
-0.40370000000000006,-18.19318731626437
-0.40269999999999995,-17.669744135314307
-0.40170000000000006,-17.018976937376394
-0.40069999999999995,-16.311621287443874
-0.39970000000000006,-15.91550212348166
-0.39869999999999994,-15.74573676749786
-0.39770000000000005,-15.618412750510005
-0.39669999999999994,-15.3920589425316
-0.39570000000000005,-14.826174422585586
-0.39469999999999994,-14.217848563643619
-0.39370000000000005,-13.698649516593148
-0.39269999999999994,-13.436927926118118
-0.39170000000000005,-13.349215825526485
-0.39069999999999994,-13.261503724934855
-0.38970000000000005,-12.869628694872238
-0.38869999999999993,-12.346185513922174
-0.38770000000000004,-11.778886282676295
-0.38669999999999993,-11.385596541313816
-0.38570000000000004,-11.255443101726232
-0.38469999999999993,-11.211587051430415
-0.38370000000000004,-10.993721511251199
-0.38269999999999993,-10.644287820184536
-0.38170000000000004,-10.120844639234473
-0.3806999999999999,-9.728969609171857
-0.37970000000000004,-9.467248018696827
-0.3786999999999999,-9.379535918105192
-0.37770000000000004,-9.24938247851761
-0.3766999999999999,-9.11781432763016
-0.37570000000000003,-8.725939297567548
-0.3746999999999999,-8.246352166913299
-0.37370000000000003,-7.984630576438266
-0.3726999999999999,-7.896918475846635
-0.37170000000000003,-7.809206375255003
-0.3706999999999999,-7.679052935667419
-0.36970000000000003,-7.50504344578402
-0.3686999999999999,-7.111753704421539
-0.3677,-6.806176063650692
-0.3666999999999999,-6.54445447317566
-0.3657,-6.500598422879844
-0.3646999999999999,-6.500598422879844
-0.3637,-6.326588932996443
-0.3626999999999999,-6.021011292225596
-0.3617,-5.759289701750564
-0.36070000000000013,-5.5414241615713475
-0.3597,-5.411270721983764
-0.35870000000000013,-5.367414671687949
-0.3577,-5.235846520800501
-0.35670000000000013,-5.149549131508733
-0.3557,-4.9302688800296535
-0.3547000000000001,-4.668547289554621
-0.3537,-4.450681749375406
-0.3527000000000001,-4.450681749375406
-0.3517,-4.406825699079589
-0.3507000000000001,-4.364384360083638
-0.3497,-4.1889601589003735
-0.3487000000000001,-3.927238568425342
-0.3477,-3.840941179133574
-0.3467000000000001,-3.623075638954359
-0.3457,-3.623075638954359
-0.3447000000000001,-3.579219588658543
-0.3437,-3.5353635383627267
-0.3427000000000001,-3.317497998183511
-0.3417,-3.1420737970002466
-0.3407000000000001,-3.0119203574126634
-0.3397,-2.968064307116847
-0.3387000000000001,-2.924208256821031
-0.3377,-2.924208256821031
-0.3367000000000001,-2.8803522065252145
-0.3357,-2.662486666345999
-0.3347000000000001,-2.4446211261667834
-0.3337,-2.4007650758709675
-0.3327000000000001,-2.4446211261667834
-0.3317,-2.4446211261667834
-0.3307000000000001,-2.4007650758709675
-0.3297,-2.226755585987568
-0.3287000000000001,-2.1390434853959355
-0.3277,-2.052746096104168
-0.3267000000000001,-1.9650339955125358
-0.3257,-1.9650339955125358
-0.3247000000000001,-2.008890045808352
-0.3237,-1.92117794521672
-0.3227000000000001,-1.7471684553333202
-0.3217,-1.6594563547416883
-0.3207000000000001,-1.5717442541500557
-0.3197,-1.5717442541500557
-0.3187000000000001,-1.6156003044458718
-0.3177,-1.5293029151541047
-0.3167000000000001,-1.5293029151541047
-0.3157,-1.3980177065266295
-0.3147000000000001,-1.2671569112891135
-0.3137,-1.2234423321232837
-0.3127000000000001,-1.3543031273607997
-0.3117,-1.3543031273607997
-0.3107000000000001,-1.2671569112891135
-0.3097,-1.1798692240874404
-0.3087000000000001,-1.0925815368857679
-0.3077,-1.0490084288499246
-0.3067000000000001,-1.0490084288499246
-0.30569999999999997,-1.0054353208140816
-0.3047000000000001,-1.0925815368857679
-0.30369999999999997,-1.0054353208140816
-0.3027000000000001,-0.8745745255765657
-0.30169999999999997,-0.8308599464107361
-0.3007000000000001,-0.7437137303390498
-0.29969999999999997,-0.8308599464107361
-0.2987000000000001,-0.8745745255765657
-0.29769999999999996,-0.7872868383748929
-0.2967000000000001,-0.7872868383748929
-0.29569999999999996,-0.7437137303390498
-0.2947000000000001,-0.6128529351015338
-0.29369999999999996,-0.6128529351015338
-0.29270000000000007,-0.7001406223032067
-0.29169999999999996,-0.7001406223032067
-0.29070000000000007,-0.6564260431373771
-0.28969999999999996,-0.5692798270656908
-0.28870000000000007,-0.5255652478998613
-0.28769999999999996,-0.5255652478998613
-0.28670000000000007,-0.5255652478998613
-0.28569999999999995,-0.5255652478998613
-0.28470000000000006,-0.6128529351015338
-0.28369999999999995,-0.5255652478998613
-0.28270000000000006,-0.3947044526623452
-0.28169999999999995,-0.3947044526623452
-0.28070000000000006,-0.30755823659065895
-0.27969999999999995,-0.3947044526623452
-0.27870000000000006,-0.4384190318281749
-0.27769999999999995,-0.3511313446265021
-0.27670000000000006,-0.3947044526623452
-0.27569999999999995,-0.30755823659065895
-0.27470000000000006,-0.2202705493889862
-0.27369999999999994,-0.30755823659065895
-0.27270000000000005,-0.3511313446265021
-0.27169999999999994,-0.3947044526623452
-0.27070000000000005,-0.3511313446265021
-0.26969999999999994,-0.26384365742482935
-0.26870000000000005,-0.1766974413531431
-0.26769999999999994,-0.2202705493889862
-0.26670000000000005,-0.2202705493889862
-0.26569999999999994,-0.26384365742482935
-0.26470000000000005,-0.30755823659065895
-0.26369999999999993,-0.26384365742482935
-0.26270000000000004,-0.1766974413531431
-0.26169999999999993,-0.1330535977523067
-0.26070000000000004,-0.08943804837746762
-0.25969999999999993,-0.1766974413531431
-0.25870000000000004,-0.26384365742482935
-0.25769999999999993,-0.1766974413531431
-0.25670000000000004,-0.1766974413531431
-0.2556999999999999,-0.08943804837746762
-0.25470000000000004,-0.04582249900262853
-0.2536999999999999,-0.08943804837746762
-0.25270000000000004,-0.1330535977523067
-0.2516999999999999,-0.1766974413531431
-0.25070000000000003,-0.1766974413531431
-0.24969999999999992,-0.08943804837746762
-0.24870000000000003,0.04140859974704963
-0.24769999999999992,-0.04582249900262853
-0.24670000000000003,-0.04582249900262853
-0.24569999999999992,-0.1330535977523067
-0.24470000000000003,-0.1766974413531431
-0.24369999999999992,-0.08943804837746762
-0.24270000000000003,-0.002205534916489592
-0.24169999999999991,0.04140859974704963
-0.24070000000000003,0.04140859974704963
-0.2396999999999999,-0.08943804837746762
-0.23870000000000002,-0.08943804837746762
-0.2376999999999999,-0.002205534916489592
-0.23670000000000002,-0.04582249900262853
-0.23570000000000013,-0.002205534916489592
-0.23470000000000002,0.08502414912188871
-0.23370000000000013,-0.002205534916489592
-0.23270000000000002,-0.04582249900262853
-0.23170000000000013,-0.08943804837746762
-0.23070000000000002,-0.1330535977523067
-0.22970000000000013,-0.002205534916489592
-0.22870000000000001,0.08502414912188871
-0.22770000000000012,0.08502414912188871
-0.2267,0.08502414912188871
-0.22570000000000012,-0.002205534916489592
-0.2247,-0.04582249900262853
-0.22370000000000012,0.04140859974704963
-0.2227,0.08502414912188871
-0.22170000000000012,0.12863969849672777
-0.2207,0.12863969849672777
-0.21970000000000012,0.04140859974704963
-0.2187,-0.002205534916489592
-0.21770000000000012,-0.002205534916489592
-0.2167,0.08502414912188871
-0.2157000000000001,0.08502414912188871
-0.2147,0.17231183632356148
-0.2137000000000001,0.08502414912188871
-0.2127,0.04140859974704963
-0.2117000000000001,-0.002205534916489592
-0.2107,-0.002205534916489592
-0.2097000000000001,0.12863969849672777
-0.2087,0.17231183632356148
-0.2077000000000001,0.17231183632356148
-0.2067,0.08502414912188871
-0.2057000000000001,0.04140859974704963
-0.2047,0.04140859974704963
-0.2037000000000001,0.04140859974704963
-0.2027,0.17231183632356148
-0.2017000000000001,0.21588494435940458
-0.2007,0.21588494435940458
-0.1997000000000001,0.08502414912188871
-0.1987,0.04140859974704963
-0.1977000000000001,0.08502414912188871
-0.19669999999999999,0.12863969849672777
-0.1957000000000001,0.21588494435940458
-0.19469999999999998,0.21588494435940458
-0.1937000000000001,0.17231183632356148
-0.19269999999999998,0.08502414912188871
-0.1917000000000001,0.04140859974704963
-0.1907000000000001,0.08502414912188871
-0.1897000000000002,0.17231183632356148
-0.1887000000000001,0.2594580523952477
-0.1877000000000002,0.21588494435940458
-0.1867000000000001,0.17231183632356148
-0.1857000000000002,0.08502414912188871
-0.1847000000000001,0.04140859974704963
-0.1837000000000002,0.17231183632356148
-0.18270000000000008,0.21588494435940458
-0.1817000000000002,0.2594580523952477
-0.18070000000000008,0.3031726315610774
-0.1797000000000002,0.17231183632356148
-0.17870000000000008,0.08502414912188871
-0.1777000000000002,0.12863969849672777
-0.17670000000000008,0.21588494435940458
-0.1757000000000002,0.21588494435940458
-0.17470000000000008,0.3031726315610774
-0.1737000000000002,0.21588494435940458
-0.17270000000000008,0.17231183632356148
-0.17170000000000019,0.08502414912188871
-0.17070000000000007,0.12863969849672777
-0.16970000000000018,0.17231183632356148
-0.16870000000000007,0.3031726315610774
-0.16770000000000018,0.2594580523952477
-0.16670000000000007,0.21588494435940458
-0.16570000000000018,0.21588494435940458
-0.16470000000000007,0.12863969849672777
-0.16370000000000018,0.21588494435940458
-0.16270000000000007,0.2594580523952477
-0.16170000000000018,0.3467457395969205
-0.16070000000000007,0.3467457395969205
-0.15970000000000018,0.2594580523952477
-0.15870000000000006,0.12863969849672777
-0.15770000000000017,0.17231183632356148
-0.15670000000000006,0.2594580523952477
-0.15570000000000017,0.3031726315610774
-0.15470000000000006,0.3903188476327636
-0.15370000000000017,0.2594580523952477
-0.15270000000000006,0.2594580523952477
-0.15170000000000017,0.12863969849672777
-0.15070000000000006,0.17231183632356148
-0.14970000000000017,0.2594580523952477
-0.14870000000000005,0.3467457395969205
-0.14770000000000016,0.3467457395969205
-0.14670000000000005,0.3467457395969205
-0.14570000000000016,0.21588494435940458
-0.14470000000000005,0.21588494435940458
-0.14370000000000016,0.2594580523952477
-0.14270000000000005,0.3467457395969205
-0.14170000000000016,0.3903188476327636
-0.14070000000000005,0.3903188476327636
-0.13970000000000016,0.3467457395969205
-0.13870000000000005,0.2594580523952477
-0.13770000000000016,0.2594580523952477
-0.13670000000000004,0.3467457395969205
-0.13570000000000015,0.3903188476327636
-0.13470000000000004,0.43403342679859325
-0.13370000000000015,0.3903188476327636
-0.13270000000000004,0.3031726315610774
-0.13170000000000015,0.2594580523952477
-0.13070000000000004,0.21588494435940458
-0.12970000000000015,0.3031726315610774
-0.12870000000000004,0.3903188476327636
-0.12770000000000015,0.3903188476327636
-0.12670000000000003,0.3903188476327636
-0.12570000000000014,0.3031726315610774
-0.12470000000000003,0.2594580523952477
-0.12370000000000014,0.3031726315610774
-0.12270000000000003,0.3903188476327636
-0.12170000000000014,0.43403342679859325
-0.12070000000000003,0.4776065348344364
-0.11970000000000014,0.3903188476327636
-0.11870000000000003,0.2594580523952477
-0.11770000000000014,0.3467457395969205
-0.11670000000000003,0.3467457395969205
-0.11570000000000014,0.43403342679859325
-0.11470000000000002,0.4776065348344364
-0.11370000000000013,0.43403342679859325
-0.11270000000000002,0.3467457395969205
-0.11170000000000013,0.3031726315610774
-0.11070000000000024,0.3031726315610774
-0.10970000000000013,0.3903188476327636
-0.10870000000000024,0.5211796428702795
-0.10770000000000013,0.43403342679859325
-0.10670000000000024,0.43403342679859325
-0.10570000000000013,0.3467457395969205
-0.10470000000000024,0.2594580523952477
-0.10370000000000013,0.3903188476327636
-0.10270000000000024,0.5211796428702795
-0.10170000000000012,0.5647527509061226
-0.10070000000000023,0.5211796428702795
-0.09970000000000012,0.4776065348344364
-0.09870000000000023,0.3467457395969205
-0.09770000000000012,0.3903188476327636
-0.09670000000000023,0.43403342679859325
-0.09570000000000012,0.5211796428702795
-0.09470000000000023,0.5647527509061226
-0.09370000000000012,0.5211796428702795
-0.09270000000000023,0.3903188476327636
-0.09170000000000011,0.3467457395969205
-0.09070000000000022,0.3467457395969205
-0.08970000000000011,0.43403342679859325
-0.08870000000000022,0.5647527509061226
-0.08770000000000011,0.5647527509061226
-0.08670000000000022,0.4776065348344364
-0.08570000000000011,0.43403342679859325
-0.08470000000000022,0.3467457395969205
-0.08370000000000011,0.4776065348344364
-0.08270000000000022,0.5647527509061226
-0.0817000000000001,0.6520404381077953
-0.08070000000000022,0.6084673300719523
-0.0797000000000001,0.5211796428702795
-0.07870000000000021,0.43403342679859325
-0.0777000000000001,0.43403342679859325
-0.07670000000000021,0.5211796428702795
-0.0757000000000001,0.6084673300719523
-0.07470000000000021,0.6520404381077953
-0.0737000000000001,0.5647527509061226
-0.07270000000000021,0.5211796428702795
-0.0717000000000001,0.4776065348344364
-0.07070000000000021,0.43403342679859325
-0.0697000000000001,0.5647527509061226
-0.0687000000000002,0.6520404381077953
-0.0677000000000001,0.6520404381077953
-0.0667000000000002,0.6084673300719523
-0.06570000000000009,0.5647527509061226
-0.0647000000000002,0.43403342679859325
-0.06370000000000009,0.5211796428702795
-0.0627000000000002,0.6520404381077953
-0.06170000000000009,0.6956135461436386
-0.0607000000000002,0.6956135461436386
-0.059700000000000086,0.6520404381077953
-0.058700000000000196,0.4776065348344364
-0.057700000000000085,0.5211796428702795
-0.056700000000000195,0.6084673300719523
-0.05570000000000008,0.6956135461436386
-0.05470000000000019,0.7393281253094681
-0.05370000000000008,0.6520404381077953
-0.05270000000000019,0.5647527509061226
-0.05170000000000008,0.5211796428702795
-0.05070000000000019,0.5211796428702795
-0.04970000000000008,0.6084673300719523
-0.04870000000000019,0.7393281253094681
-0.047700000000000076,0.7393281253094681
-0.046700000000000186,0.6956135461436386
-0.045700000000000074,0.6084673300719523
-0.044700000000000184,0.5647527509061226
-0.04370000000000007,0.6520404381077953
-0.04270000000000018,0.7829012333453113
-0.04170000000000007,0.7829012333453113
-0.04070000000000018,0.8264743413811545
-0.03970000000000007,0.7829012333453113
-0.03870000000000018,0.6520404381077953
-0.03770000000000007,0.6520404381077953
-0.03670000000000018,0.7393281253094681
-0.035700000000000065,0.8264743413811545
-0.034700000000000175,0.9137620285828272
-0.03370000000000006,0.8264743413811545
-0.03270000000000017,0.7393281253094681
-0.03170000000000006,0.6520404381077953
-0.03070000000000017,0.6520404381077953
-0.02970000000000006,0.7393281253094681
-0.02870000000000017,0.870188920546984
-0.027700000000000058,0.9137620285828272
-0.026700000000000168,0.8264743413811545
-0.025700000000000056,0.7393281253094681
-0.024700000000000166,0.6956135461436386
-0.023700000000000054,0.8264743413811545
-0.022700000000000164,0.9137620285828272
-0.021700000000000053,0.9573351366186703
-0.020700000000000163,0.9573351366186703
-0.01970000000000005,0.9137620285828272
-0.01870000000000016,0.7829012333453113
-0.01770000000000005,0.7829012333453113
-0.01670000000000016,0.9137620285828272
-0.015700000000000047,0.9573351366186703
-0.014700000000000157,1.0881959318561862
-0.013700000000000045,1.0010497157844997
-0.012700000000000156,0.8264743413811545
-0.011700000000000044,0.7829012333453113
-0.010700000000000154,0.8264743413811545
-0.009700000000000042,0.9137620285828272
-0.008700000000000152,1.0446228238203432
-0.00770000000000004,1.0881959318561862
-0.00670000000000015,1.0010497157844997
-0.005700000000000038,0.9137620285828272
-0.0047000000000001485,0.8264743413811545
-0.0037000000000000366,0.9573351366186703
-0.0027000000000001467,1.0881959318561862
-0.0017000000000000348,1.1317690398920295
-0.000700000000000145,1.1317690398920295
0.00029999999999996696,1.0881959318561862
0.0012999999999998568,0.9573351366186703
0.0022999999999999687,1.0010497157844997
0.0032999999999998586,1.0010497157844997
0.0042999999999999705,1.1317690398920295
0.00529999999999986,1.2626298351295453
0.006299999999999972,1.175483619057859
0.007299999999999862,1.0446228238203432
0.008299999999999974,1.0010497157844997
0.009299999999999864,1.0010497157844997
0.010299999999999976,1.1317690398920295
0.011299999999999866,1.2626298351295453
0.012299999999999978,1.3063444142953748
