Mar. 5, 2025   00:04:57
Cyclic Voltammetry
File: c:/users/guazh/data/banditlqround7_x0exp169_r20_3/2025-03-03-exp872\exp872-2025-03-04t23_52_14-arkoh\exp872_cv_50mvs_efin_-1700mv.bin
Data Source:  Experiment
Instrument Model:  CHI760E
Header: CV ran at 50 mVs
Note: 

Init E (V) = -1
High E (V) = -1
Low E (V) = -1.7
Final E (V) = -1
Init P/N = N
Scan Rate (V/s) = 0.05
Segment = 7
Sample Interval (V) = 0.001
Quiet Time (sec) = 60
Sensitivity (A/V) = 0.001
Comp R (ohm) = 1.8

Results:

Channel 1:
Segment 1:

Segment 2:

Segment 3:

Segment 4:

Segment 5:

Segment 6:

Segment 7:

Potential/V, Current/A

-1.000, 6.174e-7
-1.001, 8.147e-7
-1.002, 8.789e-7
-1.003, 8.996e-7
-1.004, 9.538e-7
-1.005, 9.943e-7
-1.006, 1.050e-6
-1.007, 1.055e-6
-1.008, 1.066e-6
-1.009, 1.077e-6
-1.010, 1.132e-6
-1.011, 1.131e-6
-1.012, 1.165e-6
-1.013, 1.167e-6
-1.014, 1.183e-6
-1.015, 1.228e-6
-1.016, 1.242e-6
-1.017, 1.244e-6
-1.018, 1.256e-6
-1.019, 1.274e-6
-1.020, 1.312e-6
-1.021, 1.323e-6
-1.022, 1.339e-6
-1.023, 1.339e-6
-1.024, 1.354e-6
-1.025, 1.376e-6
-1.026, 1.423e-6
-1.027, 1.419e-6
-1.028, 1.409e-6
-1.029, 1.414e-6
-1.030, 1.467e-6
-1.031, 1.484e-6
-1.032, 1.471e-6
-1.033, 1.479e-6
-1.034, 1.487e-6
-1.035, 1.531e-6
-1.036, 1.532e-6
-1.037, 1.547e-6
-1.038, 1.560e-6
-1.039, 1.560e-6
-1.040, 1.592e-6
-1.041, 1.632e-6
-1.042, 1.621e-6
-1.043, 1.616e-6
-1.044, 1.650e-6
-1.045, 1.671e-6
-1.046, 1.649e-6
-1.047, 1.694e-6
-1.048, 1.672e-6
-1.049, 1.708e-6
-1.050, 1.722e-6
-1.051, 1.729e-6
-1.052, 1.745e-6
-1.053, 1.778e-6
-1.054, 1.765e-6
-1.055, 1.784e-6
-1.056, 1.800e-6
-1.057, 1.783e-6
-1.058, 1.825e-6
-1.059, 1.828e-6
-1.060, 1.866e-6
-1.061, 1.882e-6
-1.062, 1.878e-6
-1.063, 1.883e-6
-1.064, 1.889e-6
-1.065, 1.938e-6
-1.066, 1.932e-6
-1.067, 1.929e-6
-1.068, 1.932e-6
-1.069, 1.966e-6
-1.070, 1.986e-6
-1.071, 2.021e-6
-1.072, 2.022e-6
-1.073, 2.031e-6
-1.074, 2.045e-6
-1.075, 2.046e-6
-1.076, 2.082e-6
-1.077, 2.095e-6
-1.078, 2.080e-6
-1.079, 2.100e-6
-1.080, 2.119e-6
-1.081, 2.162e-6
-1.082, 2.152e-6
-1.083, 2.146e-6
-1.084, 2.186e-6
-1.085, 2.208e-6
-1.086, 2.224e-6
-1.087, 2.242e-6
-1.088, 2.234e-6
-1.089, 2.270e-6
-1.090, 2.292e-6
-1.091, 2.317e-6
-1.092, 2.288e-6
-1.093, 2.322e-6
-1.094, 2.322e-6
-1.095, 2.370e-6
-1.096, 2.383e-6
-1.097, 2.370e-6
-1.098, 2.377e-6
-1.099, 2.402e-6
-1.100, 2.418e-6
-1.101, 2.466e-6
-1.102, 2.450e-6
-1.103, 2.467e-6
-1.104, 2.459e-6
-1.105, 2.503e-6
-1.106, 2.514e-6
-1.107, 2.552e-6
-1.108, 2.528e-6
-1.109, 2.559e-6
-1.110, 2.575e-6
-1.111, 2.620e-6
-1.112, 2.607e-6
-1.113, 2.622e-6
-1.114, 2.656e-6
-1.115, 2.698e-6
-1.116, 2.707e-6
-1.117, 2.727e-6
-1.118, 2.699e-6
-1.119, 2.732e-6
-1.120, 2.772e-6
-1.121, 2.791e-6
-1.122, 2.816e-6
-1.123, 2.800e-6
-1.124, 2.813e-6
-1.125, 2.839e-6
-1.126, 2.886e-6
-1.127, 2.897e-6
-1.128, 2.874e-6
-1.129, 2.900e-6
-1.130, 2.980e-6
-1.131, 2.994e-6
-1.132, 2.967e-6
-1.133, 2.996e-6
-1.134, 3.026e-6
-1.135, 3.044e-6
-1.136, 3.072e-6
-1.137, 3.095e-6
-1.138, 3.068e-6
-1.139, 3.105e-6
-1.140, 3.114e-6
-1.141, 3.161e-6
-1.142, 3.175e-6
-1.143, 3.163e-6
-1.144, 3.156e-6
-1.145, 3.233e-6
-1.146, 3.247e-6
-1.147, 3.260e-6
-1.148, 3.275e-6
-1.149, 3.288e-6
-1.150, 3.309e-6
-1.151, 3.326e-6
-1.152, 3.344e-6
-1.153, 3.353e-6
-1.154, 3.353e-6
-1.155, 3.392e-6
-1.156, 3.421e-6
-1.157, 3.407e-6
-1.158, 3.417e-6
-1.159, 3.445e-6
-1.160, 3.481e-6
-1.161, 3.508e-6
-1.162, 3.513e-6
-1.163, 3.501e-6
-1.164, 3.483e-6
-1.165, 3.549e-6
-1.166, 3.567e-6
-1.167, 3.583e-6
-1.168, 3.569e-6
-1.169, 3.577e-6
-1.170, 3.632e-6
-1.171, 3.649e-6
-1.172, 3.612e-6
-1.173, 3.644e-6
-1.174, 3.635e-6
-1.175, 3.701e-6
-1.176, 3.689e-6
-1.177, 3.709e-6
-1.178, 3.714e-6
-1.179, 3.718e-6
-1.180, 3.753e-6
-1.181, 3.738e-6
-1.182, 3.754e-6
-1.183, 3.755e-6
-1.184, 3.769e-6
-1.185, 3.791e-6
-1.186, 3.829e-6
-1.187, 3.806e-6
-1.188, 3.790e-6
-1.189, 3.802e-6
-1.190, 3.835e-6
-1.191, 3.875e-6
-1.192, 3.848e-6
-1.193, 3.851e-6
-1.194, 3.855e-6
-1.195, 3.891e-6
-1.196, 3.924e-6
-1.197, 3.902e-6
-1.198, 3.899e-6
-1.199, 3.906e-6
-1.200, 3.926e-6
-1.201, 3.953e-6
-1.202, 3.948e-6
-1.203, 3.939e-6
-1.204, 3.964e-6
-1.205, 3.975e-6
-1.206, 3.976e-6
-1.207, 3.973e-6
-1.208, 3.963e-6
-1.209, 3.984e-6
-1.210, 4.004e-6
-1.211, 4.028e-6
-1.212, 4.034e-6
-1.213, 3.987e-6
-1.214, 4.021e-6
-1.215, 4.055e-6
-1.216, 4.077e-6
-1.217, 4.065e-6
-1.218, 4.042e-6
-1.219, 4.062e-6
-1.220, 4.095e-6
-1.221, 4.123e-6
-1.222, 4.102e-6
-1.223, 4.106e-6
-1.224, 4.123e-6
-1.225, 4.124e-6
-1.226, 4.170e-6
-1.227, 4.126e-6
-1.228, 4.115e-6
-1.229, 4.169e-6
-1.230, 4.189e-6
-1.231, 4.196e-6
-1.232, 4.199e-6
-1.233, 4.162e-6
-1.234, 4.183e-6
-1.235, 4.234e-6
-1.236, 4.234e-6
-1.237, 4.233e-6
-1.238, 4.211e-6
-1.239, 4.248e-6
-1.240, 4.251e-6
-1.241, 4.293e-6
-1.242, 4.298e-6
-1.243, 4.260e-6
-1.244, 4.294e-6
-1.245, 4.294e-6
-1.246, 4.309e-6
-1.247, 4.339e-6
-1.248, 4.326e-6
-1.249, 4.368e-6
-1.250, 4.385e-6
-1.251, 4.398e-6
-1.252, 4.386e-6
-1.253, 4.360e-6
-1.254, 4.389e-6
-1.255, 4.402e-6
-1.256, 4.418e-6
-1.257, 4.409e-6
-1.258, 4.434e-6
-1.259, 4.407e-6
-1.260, 4.446e-6
-1.261, 4.456e-6
-1.262, 4.459e-6
-1.263, 4.420e-6
-1.264, 4.467e-6
-1.265, 4.476e-6
-1.266, 4.510e-6
-1.267, 4.504e-6
-1.268, 4.479e-6
-1.269, 4.504e-6
-1.270, 4.518e-6
-1.271, 4.535e-6
-1.272, 4.535e-6
-1.273, 4.554e-6
-1.274, 4.552e-6
-1.275, 4.573e-6
-1.276, 4.579e-6
-1.277, 4.584e-6
-1.278, 4.591e-6
-1.279, 4.585e-6
-1.280, 4.609e-6
-1.281, 4.636e-6
-1.282, 4.626e-6
-1.283, 4.615e-6
-1.284, 4.631e-6
-1.285, 4.660e-6
-1.286, 4.683e-6
-1.287, 4.691e-6
-1.288, 4.683e-6
-1.289, 4.710e-6
-1.290, 4.712e-6
-1.291, 4.719e-6
-1.292, 4.733e-6
-1.293, 4.731e-6
-1.294, 4.776e-6
-1.295, 4.768e-6
-1.296, 4.825e-6
-1.297, 4.806e-6
-1.298, 4.845e-6
-1.299, 4.855e-6
-1.300, 4.887e-6
-1.301, 4.920e-6
-1.302, 4.917e-6
-1.303, 4.906e-6
-1.304, 4.928e-6
-1.305, 4.907e-6
-1.306, 4.960e-6
-1.307, 4.968e-6
-1.308, 4.965e-6
-1.309, 5.004e-6
-1.310, 5.043e-6
-1.311, 5.059e-6
-1.312, 5.048e-6
-1.313, 5.052e-6
-1.314, 5.105e-6
-1.315, 5.094e-6
-1.316, 5.138e-6
-1.317, 5.143e-6
-1.318, 5.150e-6
-1.319, 5.178e-6
-1.320, 5.211e-6
-1.321, 5.262e-6
-1.322, 5.255e-6
-1.323, 5.261e-6
-1.324, 5.291e-6
-1.325, 5.362e-6
-1.326, 5.358e-6
-1.327, 5.379e-6
-1.328, 5.400e-6
-1.329, 5.411e-6
-1.330, 5.458e-6
-1.331, 5.480e-6
-1.332, 5.527e-6
-1.333, 5.542e-6
-1.334, 5.580e-6
-1.335, 5.620e-6
-1.336, 5.642e-6
-1.337, 5.705e-6
-1.338, 5.729e-6
-1.339, 5.746e-6
-1.340, 5.776e-6
-1.341, 5.855e-6
-1.342, 5.874e-6
-1.343, 5.874e-6
-1.344, 5.959e-6
-1.345, 5.989e-6
-1.346, 6.055e-6
-1.347, 6.103e-6
-1.348, 6.132e-6
-1.349, 6.187e-6
-1.350, 6.275e-6
-1.351, 6.350e-6
-1.352, 6.387e-6
-1.353, 6.405e-6
-1.354, 6.437e-6
-1.355, 6.521e-6
-1.356, 6.563e-6
-1.357, 6.625e-6
-1.358, 6.706e-6
-1.359, 6.742e-6
-1.360, 6.830e-6
-1.361, 6.904e-6
-1.362, 6.950e-6
-1.363, 7.037e-6
-1.364, 7.084e-6
-1.365, 7.183e-6
-1.366, 7.287e-6
-1.367, 7.363e-6
-1.368, 7.387e-6
-1.369, 7.498e-6
-1.370, 7.606e-6
-1.371, 7.693e-6
-1.372, 7.783e-6
-1.373, 7.842e-6
-1.374, 7.947e-6
-1.375, 8.089e-6
-1.376, 8.184e-6
-1.377, 8.314e-6
-1.378, 8.401e-6
-1.379, 8.520e-6
-1.380, 8.671e-6
-1.381, 8.781e-6
-1.382, 8.920e-6
-1.383, 9.059e-6
-1.384, 9.177e-6
-1.385, 9.353e-6
-1.386, 9.498e-6
-1.387, 9.622e-6
-1.388, 9.763e-6
-1.389, 9.943e-6
-1.390, 1.009e-5
-1.391, 1.028e-5
-1.392, 1.045e-5
-1.393, 1.061e-5
-1.394, 1.083e-5
-1.395, 1.101e-5
-1.396, 1.122e-5
-1.397, 1.143e-5
-1.398, 1.160e-5
-1.399, 1.183e-5
-1.400, 1.211e-5
-1.401, 1.234e-5
-1.402, 1.256e-5
-1.403, 1.275e-5
-1.404, 1.303e-5
-1.405, 1.329e-5
-1.406, 1.357e-5
-1.407, 1.383e-5
-1.408, 1.412e-5
-1.409, 1.439e-5
-1.410, 1.470e-5
-1.411, 1.502e-5
-1.412, 1.534e-5
-1.413, 1.562e-5
-1.414, 1.597e-5
-1.415, 1.632e-5
-1.416, 1.672e-5
-1.417, 1.703e-5
-1.418, 1.742e-5
-1.419, 1.780e-5
-1.420, 1.822e-5
-1.421, 1.867e-5
-1.422, 1.904e-5
-1.423, 1.945e-5
-1.424, 1.989e-5
-1.425, 2.037e-5
-1.426, 2.085e-5
-1.427, 2.134e-5
-1.428, 2.176e-5
-1.429, 2.229e-5
-1.430, 2.281e-5
-1.431, 2.337e-5
-1.432, 2.387e-5
-1.433, 2.442e-5
-1.434, 2.502e-5
-1.435, 2.561e-5
-1.436, 2.625e-5
-1.437, 2.683e-5
-1.438, 2.742e-5
-1.439, 2.804e-5
-1.440, 2.875e-5
-1.441, 2.942e-5
-1.442, 3.009e-5
-1.443, 3.080e-5
-1.444, 3.153e-5
-1.445, 3.229e-5
-1.446, 3.308e-5
-1.447, 3.385e-5
-1.448, 3.462e-5
-1.449, 3.543e-5
-1.450, 3.635e-5
-1.451, 3.716e-5
-1.452, 3.803e-5
-1.453, 3.890e-5
-1.454, 3.979e-5
-1.455, 4.069e-5
-1.456, 4.167e-5
-1.457, 4.262e-5
-1.458, 4.360e-5
-1.459, 4.457e-5
-1.460, 4.565e-5
-1.461, 4.668e-5
-1.462, 4.770e-5
-1.463, 4.878e-5
-1.464, 4.986e-5
-1.465, 5.098e-5
-1.466, 5.216e-5
-1.467, 5.329e-5
-1.468, 5.444e-5
-1.469, 5.568e-5
-1.470, 5.690e-5
-1.471, 5.818e-5
-1.472, 5.947e-5
-1.473, 6.075e-5
-1.474, 6.204e-5
-1.475, 6.343e-5
-1.476, 6.479e-5
-1.477, 6.620e-5
-1.478, 6.760e-5
-1.479, 6.905e-5
-1.480, 7.051e-5
-1.481, 7.202e-5
-1.482, 7.355e-5
-1.483, 7.514e-5
-1.484, 7.676e-5
-1.485, 7.840e-5
-1.486, 8.003e-5
-1.487, 8.169e-5
-1.488, 8.333e-5
-1.489, 8.502e-5
-1.490, 8.681e-5
-1.491, 8.861e-5
-1.492, 9.051e-5
-1.493, 9.228e-5
-1.494, 9.422e-5
-1.495, 9.624e-5
-1.496, 9.820e-5
-1.497, 1.002e-4
-1.498, 1.022e-4
-1.499, 1.042e-4
-1.500, 1.065e-4
-1.501, 1.085e-4
-1.502, 1.106e-4
-1.503, 1.128e-4
-1.504, 1.151e-4
-1.505, 1.174e-4
-1.506, 1.197e-4
-1.507, 1.220e-4
-1.508, 1.243e-4
-1.509, 1.267e-4
-1.510, 1.291e-4
-1.511, 1.317e-4
-1.512, 1.343e-4
-1.513, 1.369e-4
-1.514, 1.396e-4
-1.515, 1.422e-4
-1.516, 1.449e-4
-1.517, 1.476e-4
-1.518, 1.504e-4
-1.519, 1.531e-4
-1.520, 1.560e-4
-1.521, 1.589e-4
-1.522, 1.619e-4
-1.523, 1.649e-4
-1.524, 1.680e-4
-1.525, 1.712e-4
-1.526, 1.743e-4
-1.527, 1.775e-4
-1.528, 1.808e-4
-1.529, 1.841e-4
-1.530, 1.875e-4
-1.531, 1.909e-4
-1.532, 1.945e-4
-1.533, 1.980e-4
-1.534, 2.016e-4
-1.535, 2.052e-4
-1.536, 2.090e-4
-1.537, 2.127e-4
-1.538, 2.164e-4
-1.539, 2.202e-4
-1.540, 2.242e-4
-1.541, 2.282e-4
-1.542, 2.321e-4
-1.543, 2.363e-4
-1.544, 2.405e-4
-1.545, 2.446e-4
-1.546, 2.489e-4
-1.547, 2.533e-4
-1.548, 2.576e-4
-1.549, 2.621e-4
-1.550, 2.664e-4
-1.551, 2.711e-4
-1.552, 2.757e-4
-1.553, 2.803e-4
-1.554, 2.850e-4
-1.555, 2.899e-4
-1.556, 2.948e-4
-1.557, 2.994e-4
-1.558, 3.045e-4
-1.559, 3.096e-4
-1.560, 3.148e-4
-1.561, 3.201e-4
-1.562, 3.254e-4
-1.563, 3.307e-4
-1.564, 3.362e-4
-1.565, 3.418e-4
-1.566, 3.474e-4
-1.567, 3.532e-4
-1.568, 3.589e-4
-1.569, 3.647e-4
-1.570, 3.707e-4
-1.571, 3.766e-4
-1.572, 3.827e-4
-1.573, 3.889e-4
-1.574, 3.952e-4
-1.575, 4.017e-4
-1.576, 4.083e-4
-1.577, 4.150e-4
-1.578, 4.216e-4
-1.579, 4.283e-4
-1.580, 4.354e-4
-1.581, 4.421e-4
-1.582, 4.493e-4
-1.583, 4.565e-4
-1.584, 4.640e-4
-1.585, 4.717e-4
-1.586, 4.798e-4
-1.587, 4.875e-4
-1.588, 4.950e-4
-1.589, 5.027e-4
-1.590, 5.107e-4
-1.591, 5.191e-4
-1.592, 5.276e-4
-1.593, 5.360e-4
-1.594, 5.448e-4
-1.595, 5.526e-4
-1.596, 5.615e-4
-1.597, 5.706e-4
-1.598, 5.797e-4
-1.599, 5.890e-4
-1.600, 5.981e-4
-1.601, 6.077e-4
-1.602, 6.174e-4
-1.603, 6.255e-4
-1.604, 6.360e-4
-1.605, 6.459e-4
-1.606, 6.559e-4
-1.607, 6.667e-4
-1.608, 6.769e-4
-1.609, 6.870e-4
-1.610, 6.977e-4
-1.611, 7.086e-4
-1.612, 7.203e-4
-1.613, 7.311e-4
-1.614, 7.428e-4
-1.615, 7.548e-4
-1.616, 7.672e-4
-1.617, 7.798e-4
-1.618, 7.906e-4
-1.619, 8.031e-4
-1.620, 8.165e-4
-1.621, 8.296e-4
-1.622, 8.425e-4
-1.623, 8.551e-4
-1.624, 8.704e-4
-1.625, 8.827e-4
-1.626, 8.974e-4
-1.627, 9.110e-4
-1.628, 9.245e-4
-1.629, 9.386e-4
-1.630, 9.524e-4
-1.631, 9.691e-4
-1.632, 9.845e-4
-1.633, 9.993e-4
-1.634, 1.018e-3
-1.635, 1.036e-3
-1.636, 1.051e-3
-1.637, 1.068e-3
-1.638, 1.083e-3
-1.639, 1.099e-3
-1.640, 1.118e-3
-1.641, 1.136e-3
-1.642, 1.152e-3
-1.643, 1.171e-3
-1.644, 1.191e-3
-1.645, 1.212e-3
-1.646, 1.232e-3
-1.647, 1.250e-3
-1.648, 1.268e-3
-1.649, 1.286e-3
-1.650, 1.305e-3
-1.651, 1.325e-3
-1.652, 1.347e-3
-1.653, 1.369e-3
-1.654, 1.393e-3
-1.655, 1.412e-3
-1.656, 1.433e-3
-1.657, 1.454e-3
-1.658, 1.477e-3
-1.659, 1.500e-3
-1.660, 1.524e-3
-1.661, 1.548e-3
-1.662, 1.572e-3
-1.663, 1.597e-3
-1.664, 1.621e-3
-1.665, 1.646e-3
-1.666, 1.673e-3
-1.667, 1.699e-3
-1.668, 1.727e-3
-1.669, 1.755e-3
-1.670, 1.783e-3
-1.671, 1.810e-3
-1.672, 1.835e-3
-1.673, 1.865e-3
-1.674, 1.892e-3
-1.675, 1.920e-3
-1.676, 1.948e-3
-1.677, 1.977e-3
-1.678, 2.009e-3
-1.679, 2.039e-3
-1.680, 2.068e-3
-1.681, 2.099e-3
-1.682, 2.127e-3
-1.683, 2.160e-3
-1.684, 2.192e-3
-1.685, 2.226e-3
-1.686, 2.258e-3
-1.687, 2.292e-3
-1.688, 2.324e-3
-1.689, 2.367e-3
-1.690, 2.414e-3
-1.691, 2.452e-3
-1.692, 2.492e-3
-1.693, 2.523e-3
-1.694, 2.559e-3
-1.695, 2.591e-3
-1.696, 2.622e-3
-1.697, 2.661e-3
-1.698, 2.702e-3
-1.699, 2.744e-3
-1.700, 2.767e-3
-1.699, 2.757e-3
-1.698, 2.734e-3
-1.697, 2.712e-3
-1.696, 2.690e-3
-1.695, 2.668e-3
-1.694, 2.635e-3
-1.693, 2.615e-3
-1.692, 2.588e-3
-1.691, 2.563e-3
-1.690, 2.537e-3
-1.689, 2.510e-3
-1.688, 2.489e-3
-1.687, 2.461e-3
-1.686, 2.435e-3
-1.685, 2.414e-3
-1.684, 2.390e-3
-1.683, 2.366e-3
-1.682, 2.338e-3
-1.681, 2.313e-3
-1.680, 2.289e-3
-1.679, 2.265e-3
-1.678, 2.242e-3
-1.677, 2.217e-3
-1.676, 2.194e-3
-1.675, 2.171e-3
-1.674, 2.148e-3
-1.673, 2.124e-3
-1.672, 2.100e-3
-1.671, 2.078e-3
-1.670, 2.051e-3
-1.669, 2.026e-3
-1.668, 2.002e-3
-1.667, 1.979e-3
-1.666, 1.954e-3
-1.665, 1.932e-3
-1.664, 1.911e-3
-1.663, 1.885e-3
-1.662, 1.861e-3
-1.661, 1.843e-3
-1.660, 1.825e-3
-1.659, 1.808e-3
-1.658, 1.783e-3
-1.657, 1.760e-3
-1.656, 1.737e-3
-1.655, 1.715e-3
-1.654, 1.692e-3
-1.653, 1.671e-3
-1.652, 1.652e-3
-1.651, 1.632e-3
-1.650, 1.612e-3
-1.649, 1.591e-3
-1.648, 1.570e-3
-1.647, 1.548e-3
-1.646, 1.527e-3
-1.645, 1.506e-3
-1.644, 1.485e-3
-1.643, 1.465e-3
-1.642, 1.447e-3
-1.641, 1.428e-3
-1.640, 1.408e-3
-1.639, 1.389e-3
-1.638, 1.370e-3
-1.637, 1.351e-3
-1.636, 1.332e-3
-1.635, 1.314e-3
-1.634, 1.296e-3
-1.633, 1.278e-3
-1.632, 1.261e-3
-1.631, 1.244e-3
-1.630, 1.226e-3
-1.629, 1.209e-3
-1.628, 1.192e-3
-1.627, 1.176e-3
-1.626, 1.159e-3
-1.625, 1.142e-3
-1.624, 1.127e-3
-1.623, 1.111e-3
-1.622, 1.094e-3
-1.621, 1.079e-3
-1.620, 1.063e-3
-1.619, 1.049e-3
-1.618, 1.034e-3
-1.617, 1.018e-3
-1.616, 1.003e-3
-1.615, 9.880e-4
-1.614, 9.742e-4
-1.613, 9.596e-4
-1.612, 9.445e-4
-1.611, 9.318e-4
-1.610, 9.188e-4
-1.609, 9.049e-4
-1.608, 8.916e-4
-1.607, 8.761e-4
-1.606, 8.622e-4
-1.605, 8.499e-4
-1.604, 8.360e-4
-1.603, 8.247e-4
-1.602, 8.124e-4
-1.601, 8.004e-4
-1.600, 7.879e-4
-1.599, 7.758e-4
-1.598, 7.649e-4
-1.597, 7.524e-4
-1.596, 7.405e-4
-1.595, 7.293e-4
-1.594, 7.176e-4
-1.593, 7.061e-4
-1.592, 6.938e-4
-1.591, 6.833e-4
-1.590, 6.722e-4
-1.589, 6.615e-4
-1.588, 6.511e-4
-1.587, 6.393e-4
-1.586, 6.291e-4
-1.585, 6.194e-4
-1.584, 6.091e-4
-1.583, 5.998e-4
-1.582, 5.898e-4
-1.581, 5.802e-4
-1.580, 5.700e-4
-1.579, 5.608e-4
-1.578, 5.511e-4
-1.577, 5.420e-4
-1.576, 5.328e-4
-1.575, 5.240e-4
-1.574, 5.150e-4
-1.573, 5.066e-4
-1.572, 4.980e-4
-1.571, 4.896e-4
-1.570, 4.810e-4
-1.569, 4.729e-4
-1.568, 4.653e-4
-1.567, 4.574e-4
-1.566, 4.499e-4
-1.565, 4.422e-4
-1.564, 4.348e-4
-1.563, 4.273e-4
-1.562, 4.198e-4
-1.561, 4.125e-4
-1.560, 4.057e-4
-1.559, 3.989e-4
-1.558, 3.918e-4
-1.557, 3.840e-4
-1.556, 3.766e-4
-1.555, 3.696e-4
-1.554, 3.631e-4
-1.553, 3.572e-4
-1.552, 3.510e-4
-1.551, 3.445e-4
-1.550, 3.383e-4
-1.549, 3.326e-4
-1.548, 3.263e-4
-1.547, 3.204e-4
-1.546, 3.147e-4
-1.545, 3.091e-4
-1.544, 3.035e-4
-1.543, 2.976e-4
-1.542, 2.920e-4
-1.541, 2.866e-4
-1.540, 2.811e-4
-1.539, 2.758e-4
-1.538, 2.706e-4
-1.537, 2.653e-4
-1.536, 2.604e-4
-1.535, 2.560e-4
-1.534, 2.510e-4
-1.533, 2.460e-4
-1.532, 2.415e-4
-1.531, 2.368e-4
-1.530, 2.320e-4
-1.529, 2.277e-4
-1.528, 2.231e-4
-1.527, 2.195e-4
-1.526, 2.148e-4
-1.525, 2.107e-4
-1.524, 2.068e-4
-1.523, 2.028e-4
-1.522, 1.987e-4
-1.521, 1.946e-4
-1.520, 1.911e-4
-1.519, 1.870e-4
-1.518, 1.831e-4
-1.517, 1.793e-4
-1.516, 1.755e-4
-1.515, 1.721e-4
-1.514, 1.685e-4
-1.513, 1.650e-4
-1.512, 1.619e-4
-1.511, 1.582e-4
-1.510, 1.551e-4
-1.509, 1.519e-4
-1.508, 1.489e-4
-1.507, 1.457e-4
-1.506, 1.425e-4
-1.505, 1.399e-4
-1.504, 1.368e-4
-1.503, 1.341e-4
-1.502, 1.315e-4
-1.501, 1.284e-4
-1.500, 1.258e-4
-1.499, 1.234e-4
-1.498, 1.208e-4
-1.497, 1.183e-4
-1.496, 1.157e-4
-1.495, 1.135e-4
-1.494, 1.112e-4
-1.493, 1.088e-4
-1.492, 1.063e-4
-1.491, 1.041e-4
-1.490, 1.020e-4
-1.489, 9.981e-5
-1.488, 9.753e-5
-1.487, 9.546e-5
-1.486, 9.314e-5
-1.485, 9.110e-5
-1.484, 8.925e-5
-1.483, 8.737e-5
-1.482, 8.537e-5
-1.481, 8.335e-5
-1.480, 8.157e-5
-1.479, 7.988e-5
-1.478, 7.808e-5
-1.477, 7.602e-5
-1.476, 7.423e-5
-1.475, 7.250e-5
-1.474, 7.088e-5
-1.473, 6.934e-5
-1.472, 6.770e-5
-1.471, 6.611e-5
-1.470, 6.499e-5
-1.469, 6.380e-5
-1.468, 6.199e-5
-1.467, 6.053e-5
-1.466, 5.928e-5
-1.465, 5.781e-5
-1.464, 5.627e-5
-1.463, 5.509e-5
-1.462, 5.369e-5
-1.461, 5.245e-5
-1.460, 5.110e-5
-1.459, 4.993e-5
-1.458, 4.878e-5
-1.457, 4.756e-5
-1.456, 4.656e-5
-1.455, 4.542e-5
-1.454, 4.441e-5
-1.453, 4.338e-5
-1.452, 4.221e-5
-1.451, 4.129e-5
-1.450, 4.031e-5
-1.449, 3.920e-5
-1.448, 3.829e-5
-1.447, 3.735e-5
-1.446, 3.647e-5
-1.445, 3.556e-5
-1.444, 3.470e-5
-1.443, 3.383e-5
-1.442, 3.301e-5
-1.441, 3.222e-5
-1.440, 3.154e-5
-1.439, 3.069e-5
-1.438, 2.988e-5
-1.437, 2.904e-5
-1.436, 2.837e-5
-1.435, 2.768e-5
-1.434, 2.694e-5
-1.433, 2.633e-5
-1.432, 2.585e-5
-1.431, 2.513e-5
-1.430, 2.462e-5
-1.429, 2.390e-5
-1.428, 2.328e-5
-1.427, 2.262e-5
-1.426, 2.211e-5
-1.425, 2.146e-5
-1.424, 2.086e-5
-1.423, 2.028e-5
-1.422, 1.979e-5
-1.421, 1.934e-5
-1.420, 1.880e-5
-1.419, 1.831e-5
-1.418, 1.785e-5
-1.417, 1.734e-5
-1.416, 1.692e-5
-1.415, 1.651e-5
-1.414, 1.604e-5
-1.413, 1.567e-5
-1.412, 1.523e-5
-1.411, 1.488e-5
-1.410, 1.453e-5
-1.409, 1.411e-5
-1.408, 1.373e-5
-1.407, 1.335e-5
-1.406, 1.304e-5
-1.405, 1.272e-5
-1.404, 1.235e-5
-1.403, 1.200e-5
-1.402, 1.172e-5
-1.401, 1.140e-5
-1.400, 1.111e-5
-1.399, 1.084e-5
-1.398, 1.051e-5
-1.397, 1.023e-5
-1.396, 9.964e-6
-1.395, 9.692e-6
-1.394, 9.462e-6
-1.393, 9.191e-6
-1.392, 8.918e-6
-1.391, 8.691e-6
-1.390, 8.479e-6
-1.389, 8.238e-6
-1.388, 8.000e-6
-1.387, 7.754e-6
-1.386, 7.576e-6
-1.385, 7.378e-6
-1.384, 7.183e-6
-1.383, 6.964e-6
-1.382, 6.756e-6
-1.381, 6.600e-6
-1.380, 6.403e-6
-1.379, 6.221e-6
-1.378, 6.067e-6
-1.377, 5.858e-6
-1.376, 5.745e-6
-1.375, 5.586e-6
-1.374, 5.415e-6
-1.373, 5.239e-6
-1.372, 5.126e-6
-1.371, 4.975e-6
-1.370, 4.863e-6
-1.369, 4.690e-6
-1.368, 4.577e-6
-1.367, 4.455e-6
-1.366, 4.322e-6
-1.365, 4.208e-6
-1.364, 4.080e-6
-1.363, 3.921e-6
-1.362, 3.795e-6
-1.361, 3.696e-6
-1.360, 3.603e-6
-1.359, 3.469e-6
-1.358, 3.385e-6
-1.357, 3.268e-6
-1.356, 3.200e-6
-1.355, 3.087e-6
-1.354, 2.998e-6
-1.353, 2.913e-6
-1.352, 2.812e-6
-1.351, 2.739e-6
-1.350, 2.670e-6
-1.349, 2.564e-6
-1.348, 2.466e-6
-1.347, 2.385e-6
-1.346, 2.303e-6
-1.345, 2.266e-6
-1.344, 2.180e-6
-1.343, 2.098e-6
-1.342, 2.012e-6
-1.341, 1.996e-6
-1.340, 1.903e-6
-1.339, 1.830e-6
-1.338, 1.789e-6
-1.337, 1.692e-6
-1.336, 1.675e-6
-1.335, 1.626e-6
-1.334, 1.571e-6
-1.333, 1.488e-6
-1.332, 1.422e-6
-1.331, 1.374e-6
-1.330, 1.349e-6
-1.329, 1.272e-6
-1.328, 1.264e-6
-1.327, 1.190e-6
-1.326, 1.126e-6
-1.325, 1.132e-6
-1.324, 1.033e-6
-1.323, 9.864e-7
-1.322, 9.617e-7
-1.321, 9.746e-7
-1.320, 9.272e-7
-1.319, 8.789e-7
-1.318, 8.157e-7
-1.317, 8.118e-7
-1.316, 8.068e-7
-1.315, 7.407e-7
-1.314, 7.042e-7
-1.313, 6.579e-7
-1.312, 6.253e-7
-1.311, 5.937e-7
-1.310, 5.582e-7
-1.309, 5.602e-7
-1.308, 4.813e-7
-1.307, 4.655e-7
-1.306, 4.911e-7
-1.305, 4.428e-7
-1.304, 3.895e-7
-1.303, 3.589e-7
-1.302, 3.145e-7
-1.301, 3.274e-7
-1.300, 2.928e-7
-1.299, 2.731e-7
-1.298, 2.534e-7
-1.297, 1.961e-7
-1.296, 2.277e-7
-1.295, 2.011e-7
-1.294, 1.429e-7
-1.293, 1.004e-7
-1.292, 1.024e-7
-1.291, 8.366e-8
-1.290, 7.676e-8
-1.289, 4.617e-8
-1.288, 7.695e-9
-1.287, -1.184e-9
-1.286, -2.171e-9
-1.285, -1.105e-8
-1.284, -3.670e-8
-1.283, -1.067e-7
-1.282, -1.008e-7
-1.281, -1.058e-7
-1.280, -1.206e-7
-1.279, -1.511e-7
-1.278, -1.798e-7
-1.277, -2.074e-7
-1.276, -1.916e-7
-1.275, -1.975e-7
-1.274, -2.468e-7
-1.273, -2.755e-7
-1.272, -2.320e-7
-1.271, -2.587e-7
-1.270, -2.350e-7
-1.269, -2.745e-7
-1.268, -2.912e-7
-1.267, -2.834e-7
-1.266, -2.981e-7
-1.265, -3.070e-7
-1.264, -3.554e-7
-1.263, -3.534e-7
-1.262, -3.860e-7
-1.261, -3.386e-7
-1.260, -3.524e-7
-1.259, -3.672e-7
-1.258, -4.146e-7
-1.257, -3.869e-7
-1.256, -3.988e-7
-1.255, -4.294e-7
-1.254, -4.116e-7
-1.253, -4.787e-7
-1.252, -4.797e-7
-1.251, -4.807e-7
-1.250, -4.669e-7
-1.249, -4.905e-7
-1.248, -5.310e-7
-1.247, -5.172e-7
-1.246, -5.428e-7
-1.245, -5.369e-7
-1.244, -5.586e-7
-1.243, -5.892e-7
-1.242, -5.803e-7
-1.241, -5.744e-7
-1.240, -5.783e-7
-1.239, -6.050e-7
-1.238, -6.573e-7
-1.237, -6.356e-7
-1.236, -6.158e-7
-1.235, -6.395e-7
-1.234, -6.464e-7
-1.233, -6.839e-7
-1.232, -7.105e-7
-1.231, -6.928e-7
-1.230, -6.987e-7
-1.229, -7.086e-7
-1.228, -7.678e-7
-1.227, -7.638e-7
-1.226, -7.806e-7
-1.225, -7.401e-7
-1.224, -7.984e-7
-1.223, -7.993e-7
-1.222, -8.319e-7
-1.221, -8.062e-7
-1.220, -7.964e-7
-1.219, -8.625e-7
-1.218, -8.575e-7
-1.217, -8.733e-7
-1.216, -8.654e-7
-1.215, -8.812e-7
-1.214, -8.901e-7
-1.213, -9.217e-7
-1.212, -9.177e-7
-1.211, -9.306e-7
-1.210, -9.306e-7
-1.209, -9.493e-7
-1.208, -9.562e-7
-1.207, -9.631e-7
-1.206, -9.769e-7
-1.205, -9.888e-7
-1.204, -1.012e-6
-1.203, -1.052e-6
-1.202, -1.042e-6
-1.201, -1.066e-6
-1.200, -1.027e-6
-1.199, -1.074e-6
-1.198, -1.087e-6
-1.197, -1.092e-6
-1.196, -1.086e-6
-1.195, -1.070e-6
-1.194, -1.094e-6
-1.193, -1.141e-6
-1.192, -1.117e-6
-1.191, -1.107e-6
-1.190, -1.173e-6
-1.189, -1.169e-6
-1.188, -1.196e-6
-1.187, -1.220e-6
-1.186, -1.220e-6
-1.185, -1.210e-6
-1.184, -1.229e-6
-1.183, -1.258e-6
-1.182, -1.272e-6
-1.181, -1.270e-6
-1.180, -1.276e-6
-1.179, -1.302e-6
-1.178, -1.335e-6
-1.177, -1.325e-6
-1.176, -1.341e-6
-1.175, -1.325e-6
-1.174, -1.375e-6
-1.173, -1.367e-6
-1.172, -1.390e-6
-1.171, -1.414e-6
-1.170, -1.422e-6
-1.169, -1.425e-6
-1.168, -1.465e-6
-1.167, -1.477e-6
-1.166, -1.482e-6
-1.165, -1.470e-6
-1.164, -1.533e-6
-1.163, -1.523e-6
-1.162, -1.543e-6
-1.161, -1.561e-6
-1.160, -1.560e-6
-1.159, -1.565e-6
-1.158, -1.601e-6
-1.157, -1.606e-6
-1.156, -1.633e-6
-1.155, -1.623e-6
-1.154, -1.640e-6
-1.153, -1.680e-6
-1.152, -1.675e-6
-1.151, -1.674e-6
-1.150, -1.687e-6
-1.149, -1.686e-6
-1.148, -1.718e-6
-1.147, -1.746e-6
-1.146, -1.731e-6
-1.145, -1.757e-6
-1.144, -1.771e-6
-1.143, -1.791e-6
-1.142, -1.809e-6
-1.141, -1.794e-6
-1.140, -1.817e-6
-1.139, -1.844e-6
-1.138, -1.874e-6
-1.137, -1.881e-6
-1.136, -1.882e-6
-1.135, -1.872e-6
-1.134, -1.917e-6
-1.133, -1.940e-6
-1.132, -1.954e-6
-1.131, -1.937e-6
-1.130, -1.952e-6
-1.129, -1.977e-6
-1.128, -2.023e-6
-1.127, -2.021e-6
-1.126, -2.015e-6
-1.125, -2.019e-6
-1.124, -2.038e-6
-1.123, -2.094e-6
-1.122, -2.093e-6
-1.121, -2.059e-6
-1.120, -2.089e-6
-1.119, -2.109e-6
-1.118, -2.137e-6
-1.117, -2.165e-6
-1.116, -2.135e-6
-1.115, -2.120e-6
-1.114, -2.161e-6
-1.113, -2.185e-6
-1.112, -2.204e-6
-1.111, -2.194e-6
-1.110, -2.185e-6
-1.109, -2.221e-6
-1.108, -2.256e-6
-1.107, -2.264e-6
-1.106, -2.216e-6
-1.105, -2.228e-6
-1.104, -2.247e-6
-1.103, -2.276e-6
-1.102, -2.284e-6
-1.101, -2.272e-6
-1.100, -2.274e-6
-1.099, -2.303e-6
-1.098, -2.324e-6
-1.097, -2.347e-6
-1.096, -2.346e-6
-1.095, -2.321e-6
-1.094, -2.381e-6
-1.093, -2.389e-6
-1.092, -2.399e-6
-1.091, -2.395e-6
-1.090, -2.407e-6
-1.089, -2.430e-6
-1.088, -2.435e-6
-1.087, -2.433e-6
-1.086, -2.446e-6
-1.085, -2.407e-6
-1.084, -2.472e-6
-1.083, -2.506e-6
-1.082, -2.509e-6
-1.081, -2.482e-6
-1.080, -2.471e-6
-1.079, -2.498e-6
-1.078, -2.566e-6
-1.077, -2.544e-6
-1.076, -2.564e-6
-1.075, -2.575e-6
-1.074, -2.610e-6
-1.073, -2.617e-6
-1.072, -2.621e-6
-1.071, -2.577e-6
-1.070, -2.596e-6
-1.069, -2.668e-6
-1.068, -2.674e-6
-1.067, -2.683e-6
-1.066, -2.671e-6
-1.065, -2.698e-6
-1.064, -2.694e-6
-1.063, -2.719e-6
-1.062, -2.756e-6
-1.061, -2.719e-6
-1.060, -2.731e-6
-1.059, -2.775e-6
-1.058, -2.783e-6
-1.057, -2.814e-6
-1.056, -2.826e-6
-1.055, -2.789e-6
-1.054, -2.852e-6
-1.053, -2.863e-6
-1.052, -2.880e-6
-1.051, -2.862e-6
-1.050, -2.868e-6
-1.049, -2.918e-6
-1.048, -2.907e-6
-1.047, -2.953e-6
-1.046, -2.958e-6
-1.045, -2.970e-6
-1.044, -2.976e-6
-1.043, -2.995e-6
-1.042, -3.014e-6
-1.041, -3.002e-6
-1.040, -2.998e-6
-1.039, -3.056e-6
-1.038, -3.066e-6
-1.037, -3.071e-6
-1.036, -3.059e-6
-1.035, -3.059e-6
-1.034, -3.090e-6
-1.033, -3.142e-6
-1.032, -3.137e-6
-1.031, -3.108e-6
-1.030, -3.150e-6
-1.029, -3.164e-6
-1.028, -3.177e-6
-1.027, -3.183e-6
-1.026, -3.199e-6
-1.025, -3.232e-6
-1.024, -3.256e-6
-1.023, -3.281e-6
-1.022, -3.303e-6
-1.021, -3.280e-6
-1.020, -3.289e-6
-1.019, -3.342e-6
-1.018, -3.353e-6
-1.017, -3.368e-6
-1.016, -3.351e-6
-1.015, -3.368e-6
-1.014, -3.412e-6
-1.013, -3.456e-6
-1.012, -3.444e-6
-1.011, -3.447e-6
-1.010, -3.443e-6
-1.009, -3.484e-6
-1.008, -3.503e-6
-1.007, -3.527e-6
-1.006, -3.534e-6
-1.005, -3.532e-6
-1.004, -3.532e-6
-1.003, -3.572e-6
-1.002, -3.603e-6
-1.001, -3.593e-6
-1.000, -2.209e-6
-1.001, -1.679e-6
-1.002, -1.450e-6
-1.003, -1.256e-6
-1.004, -1.077e-6
-1.005, -8.753e-7
-1.006, -7.964e-7
-1.007, -6.908e-7
-1.008, -5.823e-7
-1.009, -4.609e-7
-1.010, -3.573e-7
-1.011, -3.090e-7
-1.012, -2.261e-7
-1.013, -1.699e-7
-1.014, -7.617e-8
-1.015, 1.855e-8
-1.016, 5.407e-8
-1.017, 1.014e-7
-1.018, 1.606e-7
-1.019, 2.376e-7
-1.020, 2.859e-7
-1.021, 3.422e-7
-1.022, 3.392e-7
-1.023, 4.221e-7
-1.024, 4.832e-7
-1.025, 5.326e-7
-1.026, 5.592e-7
-1.027, 5.839e-7
-1.028, 6.273e-7
-1.029, 6.944e-7
-1.030, 7.230e-7
-1.031, 7.536e-7
-1.032, 7.674e-7
-1.033, 8.039e-7
-1.034, 8.621e-7
-1.035, 8.897e-7
-1.036, 8.907e-7
-1.037, 9.193e-7
-1.038, 9.499e-7
-1.039, 9.696e-7
-1.040, 1.029e-6
-1.041, 1.027e-6
-1.042, 1.023e-6
-1.043, 1.056e-6
-1.044, 1.117e-6
-1.045, 1.164e-6
-1.046, 1.181e-6
-1.047, 1.166e-6
-1.048, 1.216e-6
-1.049, 1.240e-6
-1.050, 1.282e-6
-1.051, 1.283e-6
-1.052, 1.306e-6
-1.053, 1.342e-6
-1.054, 1.348e-6
-1.055, 1.421e-6
-1.056, 1.378e-6
-1.057, 1.397e-6
-1.058, 1.393e-6
-1.059, 1.420e-6
-1.060, 1.474e-6
-1.061, 1.499e-6
-1.062, 1.466e-6
-1.063, 1.512e-6
-1.064, 1.530e-6
-1.065, 1.601e-6
-1.066, 1.560e-6
-1.067, 1.550e-6
-1.068, 1.604e-6
-1.069, 1.642e-6
-1.070, 1.657e-6
-1.071, 1.679e-6
-1.072, 1.658e-6
-1.073, 1.674e-6
-1.074, 1.727e-6
-1.075, 1.746e-6
-1.076, 1.731e-6
-1.077, 1.743e-6
-1.078, 1.768e-6
-1.079, 1.799e-6
-1.080, 1.803e-6
-1.081, 1.779e-6
-1.082, 1.819e-6
-1.083, 1.816e-6
-1.084, 1.860e-6
-1.085, 1.898e-6
-1.086, 1.882e-6
-1.087, 1.893e-6
-1.088, 1.901e-6
-1.089, 1.936e-6
-1.090, 1.973e-6
-1.091, 1.928e-6
-1.092, 1.950e-6
-1.093, 1.982e-6
-1.094, 2.033e-6
-1.095, 2.036e-6
-1.096, 2.020e-6
-1.097, 2.024e-6
-1.098, 2.070e-6
-1.099, 2.091e-6
-1.100, 2.090e-6
-1.101, 2.110e-6
-1.102, 2.104e-6
-1.103, 2.143e-6
-1.104, 2.138e-6
-1.105, 2.193e-6
-1.106, 2.175e-6
-1.107, 2.157e-6
-1.108, 2.187e-6
-1.109, 2.220e-6
-1.110, 2.228e-6
-1.111, 2.242e-6
-1.112, 2.230e-6
-1.113, 2.274e-6
-1.114, 2.299e-6
-1.115, 2.316e-6
-1.116, 2.307e-6
-1.117, 2.309e-6
-1.118, 2.335e-6
-1.119, 2.358e-6
-1.120, 2.402e-6
-1.121, 2.380e-6
-1.122, 2.380e-6
-1.123, 2.385e-6
-1.124, 2.421e-6
-1.125, 2.438e-6
-1.126, 2.444e-6
-1.127, 2.444e-6
-1.128, 2.457e-6
-1.129, 2.504e-6
-1.130, 2.532e-6
-1.131, 2.512e-6
-1.132, 2.521e-6
-1.133, 2.532e-6
-1.134, 2.595e-6
-1.135, 2.618e-6
-1.136, 2.568e-6
-1.137, 2.584e-6
-1.138, 2.621e-6
-1.139, 2.644e-6
-1.140, 2.665e-6
-1.141, 2.653e-6
-1.142, 2.685e-6
-1.143, 2.700e-6
-1.144, 2.723e-6
-1.145, 2.728e-6
-1.146, 2.762e-6
-1.147, 2.744e-6
-1.148, 2.766e-6
-1.149, 2.812e-6
-1.150, 2.836e-6
-1.151, 2.821e-6
-1.152, 2.827e-6
-1.153, 2.830e-6
-1.154, 2.873e-6
-1.155, 2.901e-6
-1.156, 2.867e-6
-1.157, 2.910e-6
-1.158, 2.910e-6
-1.159, 2.965e-6
-1.160, 2.971e-6
-1.161, 2.959e-6
-1.162, 2.973e-6
-1.163, 2.959e-6
-1.164, 2.993e-6
-1.165, 3.036e-6
-1.166, 3.005e-6
-1.167, 3.038e-6
-1.168, 3.044e-6
-1.169, 3.057e-6
-1.170, 3.080e-6
-1.171, 3.097e-6
-1.172, 3.087e-6
-1.173, 3.119e-6
-1.174, 3.113e-6
-1.175, 3.144e-6
-1.176, 3.145e-6
-1.177, 3.154e-6
-1.178, 3.158e-6
-1.179, 3.178e-6
-1.180, 3.205e-6
-1.181, 3.197e-6
-1.182, 3.181e-6
-1.183, 3.201e-6
-1.184, 3.253e-6
-1.185, 3.279e-6
-1.186, 3.256e-6
-1.187, 3.257e-6
-1.188, 3.260e-6
-1.189, 3.288e-6
-1.190, 3.313e-6
-1.191, 3.311e-6
-1.192, 3.332e-6
-1.193, 3.293e-6
-1.194, 3.351e-6
-1.195, 3.350e-6
-1.196, 3.377e-6
-1.197, 3.351e-6
-1.198, 3.375e-6
-1.199, 3.404e-6
-1.200, 3.420e-6
-1.201, 3.430e-6
-1.202, 3.440e-6
-1.203, 3.445e-6
-1.204, 3.477e-6
-1.205, 3.484e-6
-1.206, 3.486e-6
-1.207, 3.474e-6
-1.208, 3.481e-6
-1.209, 3.536e-6
-1.210, 3.557e-6
-1.211, 3.566e-6
-1.212, 3.582e-6
-1.213, 3.600e-6
-1.214, 3.587e-6
-1.215, 3.619e-6
-1.216, 3.606e-6
-1.217, 3.614e-6
-1.218, 3.633e-6
-1.219, 3.669e-6
-1.220, 3.675e-6
-1.221, 3.659e-6
-1.222, 3.701e-6
-1.223, 3.702e-6
-1.224, 3.724e-6
-1.225, 3.723e-6
-1.226, 3.740e-6
-1.227, 3.713e-6
-1.228, 3.734e-6
-1.229, 3.785e-6
-1.230, 3.785e-6
-1.231, 3.780e-6
-1.232, 3.773e-6
-1.233, 3.816e-6
-1.234, 3.818e-6
-1.235, 3.854e-6
-1.236, 3.861e-6
-1.237, 3.833e-6
-1.238, 3.844e-6
-1.239, 3.917e-6
-1.240, 3.924e-6
-1.241, 3.894e-6
-1.242, 3.909e-6
-1.243, 3.935e-6
-1.244, 3.991e-6
-1.245, 3.978e-6
-1.246, 3.948e-6
-1.247, 3.983e-6
-1.248, 4.005e-6
-1.249, 4.070e-6
-1.250, 4.085e-6
-1.251, 4.096e-6
-1.252, 4.076e-6
-1.253, 4.101e-6
-1.254, 4.124e-6
-1.255, 4.123e-6
-1.256, 4.118e-6
-1.257, 4.122e-6
-1.258, 4.156e-6
-1.259, 4.178e-6
-1.260, 4.168e-6
-1.261, 4.193e-6
-1.262, 4.202e-6
-1.263, 4.202e-6
-1.264, 4.247e-6
-1.265, 4.276e-6
-1.266, 4.269e-6
-1.267, 4.293e-6
-1.268, 4.286e-6
-1.269, 4.338e-6
-1.270, 4.341e-6
-1.271, 4.354e-6
-1.272, 4.342e-6
-1.273, 4.383e-6
-1.274, 4.420e-6
-1.275, 4.436e-6
-1.276, 4.406e-6
-1.277, 4.433e-6
-1.278, 4.449e-6
-1.279, 4.489e-6
-1.280, 4.518e-6
-1.281, 4.534e-6
-1.282, 4.513e-6
-1.283, 4.536e-6
-1.284, 4.588e-6
-1.285, 4.621e-6
-1.286, 4.612e-6
-1.287, 4.623e-6
-1.288, 4.656e-6
-1.289, 4.684e-6
-1.290, 4.711e-6
-1.291, 4.748e-6
-1.292, 4.740e-6
-1.293, 4.735e-6
-1.294, 4.772e-6
-1.295, 4.823e-6
-1.296, 4.815e-6
-1.297, 4.806e-6
-1.298, 4.848e-6
-1.299, 4.860e-6
-1.300, 4.920e-6
-1.301, 4.920e-6
-1.302, 4.924e-6
-1.303, 4.949e-6
-1.304, 4.965e-6
-1.305, 5.005e-6
-1.306, 4.999e-6
-1.307, 5.041e-6
-1.308, 5.053e-6
-1.309, 5.098e-6
-1.310, 5.151e-6
-1.311, 5.149e-6
-1.312, 5.146e-6
-1.313, 5.161e-6
-1.314, 5.225e-6
-1.315, 5.280e-6
-1.316, 5.301e-6
-1.317, 5.303e-6
-1.318, 5.329e-6
-1.319, 5.395e-6
-1.320, 5.426e-6
-1.321, 5.463e-6
-1.322, 5.459e-6
-1.323, 5.511e-6
-1.324, 5.561e-6
-1.325, 5.603e-6
-1.326, 5.613e-6
-1.327, 5.630e-6
-1.328, 5.693e-6
-1.329, 5.778e-6
-1.330, 5.814e-6
-1.331, 5.837e-6
-1.332, 5.857e-6
-1.333, 5.918e-6
-1.334, 5.976e-6
-1.335, 6.009e-6
-1.336, 6.043e-6
-1.337, 6.051e-6
-1.338, 6.090e-6
-1.339, 6.174e-6
-1.340, 6.260e-6
-1.341, 6.313e-6
-1.342, 6.407e-6
-1.343, 6.436e-6
-1.344, 6.501e-6
-1.345, 6.549e-6
-1.346, 6.560e-6
-1.347, 6.604e-6
-1.348, 6.668e-6
-1.349, 6.746e-6
-1.350, 6.824e-6
-1.351, 6.879e-6
-1.352, 6.928e-6
-1.353, 6.961e-6
-1.354, 7.103e-6
-1.355, 7.131e-6
-1.356, 7.199e-6
-1.357, 7.248e-6
-1.358, 7.363e-6
-1.359, 7.420e-6
-1.360, 7.525e-6
-1.361, 7.635e-6
-1.362, 7.704e-6
-1.363, 7.787e-6
-1.364, 7.889e-6
-1.365, 8.000e-6
-1.366, 8.088e-6
-1.367, 8.192e-6
-1.368, 8.280e-6
-1.369, 8.435e-6
-1.370, 8.537e-6
-1.371, 8.646e-6
-1.372, 8.785e-6
-1.373, 8.885e-6
-1.374, 9.030e-6
-1.375, 9.172e-6
-1.376, 9.296e-6
-1.377, 9.421e-6
-1.378, 9.562e-6
-1.379, 9.755e-6
-1.380, 9.911e-6
-1.381, 1.004e-5
-1.382, 1.021e-5
-1.383, 1.040e-5
-1.384, 1.062e-5
-1.385, 1.082e-5
-1.386, 1.104e-5
-1.387, 1.118e-5
-1.388, 1.139e-5
-1.389, 1.157e-5
-1.390, 1.183e-5
-1.391, 1.197e-5
-1.392, 1.221e-5
-1.393, 1.243e-5
-1.394, 1.270e-5
-1.395, 1.297e-5
-1.396, 1.321e-5
-1.397, 1.347e-5
-1.398, 1.377e-5
-1.399, 1.405e-5
-1.400, 1.439e-5
-1.401, 1.460e-5
-1.402, 1.495e-5
-1.403, 1.528e-5
-1.404, 1.563e-5
-1.405, 1.599e-5
-1.406, 1.631e-5
-1.407, 1.665e-5
-1.408, 1.704e-5
-1.409, 1.747e-5
-1.410, 1.788e-5
-1.411, 1.828e-5
-1.412, 1.870e-5
-1.413, 1.916e-5
-1.414, 1.961e-5
-1.415, 2.015e-5
-1.416, 2.058e-5
-1.417, 2.105e-5
-1.418, 2.159e-5
-1.419, 2.213e-5
-1.420, 2.271e-5
-1.421, 2.329e-5
-1.422, 2.382e-5
-1.423, 2.442e-5
-1.424, 2.507e-5
-1.425, 2.570e-5
-1.426, 2.635e-5
-1.427, 2.700e-5
-1.428, 2.768e-5
-1.429, 2.840e-5
-1.430, 2.909e-5
-1.431, 2.983e-5
-1.432, 3.061e-5
-1.433, 3.143e-5
-1.434, 3.229e-5
-1.435, 3.315e-5
-1.436, 3.404e-5
-1.437, 3.491e-5
-1.438, 3.581e-5
-1.439, 3.679e-5
-1.440, 3.775e-5
-1.441, 3.877e-5
-1.442, 3.975e-5
-1.443, 4.083e-5
-1.444, 4.192e-5
-1.445, 4.301e-5
-1.446, 4.417e-5
-1.447, 4.534e-5
-1.448, 4.652e-5
-1.449, 4.772e-5
-1.450, 4.899e-5
-1.451, 5.026e-5
-1.452, 5.158e-5
-1.453, 5.294e-5
-1.454, 5.433e-5
-1.455, 5.577e-5
-1.456, 5.717e-5
-1.457, 5.861e-5
-1.458, 6.012e-5
-1.459, 6.157e-5
-1.460, 6.311e-5
-1.461, 6.450e-5
-1.462, 6.607e-5
-1.463, 6.778e-5
-1.464, 6.957e-5
-1.465, 7.138e-5
-1.466, 7.322e-5
-1.467, 7.511e-5
-1.468, 7.696e-5
-1.469, 7.889e-5
-1.470, 8.086e-5
-1.471, 8.280e-5
-1.472, 8.486e-5
-1.473, 8.701e-5
-1.474, 8.920e-5
-1.475, 9.142e-5
-1.476, 9.365e-5
-1.477, 9.579e-5
-1.478, 9.803e-5
-1.479, 1.004e-4
-1.480, 1.028e-4
-1.481, 1.052e-4
-1.482, 1.076e-4
-1.483, 1.099e-4
-1.484, 1.122e-4
-1.485, 1.146e-4
-1.486, 1.172e-4
-1.487, 1.200e-4
-1.488, 1.228e-4
-1.489, 1.257e-4
-1.490, 1.286e-4
-1.491, 1.314e-4
-1.492, 1.343e-4
-1.493, 1.373e-4
-1.494, 1.405e-4
-1.495, 1.437e-4
-1.496, 1.468e-4
-1.497, 1.499e-4
-1.498, 1.532e-4
-1.499, 1.566e-4
-1.500, 1.602e-4
-1.501, 1.632e-4
-1.502, 1.667e-4
-1.503, 1.703e-4
-1.504, 1.740e-4
-1.505, 1.775e-4
-1.506, 1.812e-4
-1.507, 1.849e-4
-1.508, 1.888e-4
-1.509, 1.925e-4
-1.510, 1.963e-4
-1.511, 2.003e-4
-1.512, 2.042e-4
-1.513, 2.081e-4
-1.514, 2.123e-4
-1.515, 2.167e-4
-1.516, 2.207e-4
-1.517, 2.249e-4
-1.518, 2.295e-4
-1.519, 2.335e-4
-1.520, 2.377e-4
-1.521, 2.426e-4
-1.522, 2.471e-4
-1.523, 2.519e-4
-1.524, 2.569e-4
-1.525, 2.615e-4
-1.526, 2.666e-4
-1.527, 2.716e-4
-1.528, 2.764e-4
-1.529, 2.817e-4
-1.530, 2.865e-4
-1.531, 2.920e-4
-1.532, 2.975e-4
-1.533, 3.029e-4
-1.534, 3.085e-4
-1.535, 3.137e-4
-1.536, 3.198e-4
-1.537, 3.253e-4
-1.538, 3.315e-4
-1.539, 3.367e-4
-1.540, 3.430e-4
-1.541, 3.486e-4
-1.542, 3.550e-4
-1.543, 3.608e-4
-1.544, 3.673e-4
-1.545, 3.732e-4
-1.546, 3.797e-4
-1.547, 3.858e-4
-1.548, 3.922e-4
-1.549, 3.986e-4
-1.550, 4.051e-4
-1.551, 4.124e-4
-1.552, 4.187e-4
-1.553, 4.256e-4
-1.554, 4.326e-4
-1.555, 4.394e-4
-1.556, 4.468e-4
-1.557, 4.540e-4
-1.558, 4.607e-4
-1.559, 4.682e-4
-1.560, 4.759e-4
-1.561, 4.836e-4
-1.562, 4.914e-4
-1.563, 4.993e-4
-1.564, 5.071e-4
-1.565, 5.150e-4
-1.566, 5.228e-4
-1.567, 5.310e-4
-1.568, 5.392e-4
-1.569, 5.475e-4
-1.570, 5.561e-4
-1.571, 5.643e-4
-1.572, 5.730e-4
-1.573, 5.817e-4
-1.574, 5.904e-4
-1.575, 5.991e-4
-1.576, 6.081e-4
-1.577, 6.170e-4
-1.578, 6.259e-4
-1.579, 6.352e-4
-1.580, 6.446e-4
-1.581, 6.534e-4
-1.582, 6.624e-4
-1.583, 6.719e-4
-1.584, 6.813e-4
-1.585, 6.911e-4
-1.586, 7.006e-4
-1.587, 7.106e-4
-1.588, 7.204e-4
-1.589, 7.293e-4
-1.590, 7.393e-4
-1.591, 7.496e-4
-1.592, 7.589e-4
-1.593, 7.689e-4
-1.594, 7.799e-4
-1.595, 7.906e-4
-1.596, 8.012e-4
-1.597, 8.117e-4
-1.598, 8.229e-4
-1.599, 8.350e-4
-1.600, 8.469e-4
-1.601, 8.588e-4
-1.602, 8.713e-4
-1.603, 8.828e-4
-1.604, 8.931e-4
-1.605, 9.043e-4
-1.606, 9.164e-4
-1.607, 9.288e-4
-1.608, 9.420e-4
-1.609, 9.545e-4
-1.610, 9.680e-4
-1.611, 9.811e-4
-1.612, 9.935e-4
-1.613, 1.005e-3
-1.614, 1.018e-3
-1.615, 1.031e-3
-1.616, 1.045e-3
-1.617, 1.058e-3
-1.618, 1.072e-3
-1.619, 1.087e-3
-1.620, 1.100e-3
-1.621, 1.113e-3
-1.622, 1.129e-3
-1.623, 1.144e-3
-1.624, 1.158e-3
-1.625, 1.173e-3
-1.626, 1.189e-3
-1.627, 1.205e-3
-1.628, 1.219e-3
-1.629, 1.236e-3
-1.630, 1.252e-3
-1.631, 1.268e-3
-1.632, 1.285e-3
-1.633, 1.301e-3
-1.634, 1.318e-3
-1.635, 1.335e-3
-1.636, 1.354e-3
-1.637, 1.374e-3
-1.638, 1.391e-3
-1.639, 1.407e-3
-1.640, 1.423e-3
-1.641, 1.439e-3
-1.642, 1.456e-3
-1.643, 1.477e-3
-1.644, 1.496e-3
-1.645, 1.515e-3
-1.646, 1.535e-3
-1.647, 1.557e-3
-1.648, 1.577e-3
-1.649, 1.596e-3
-1.650, 1.616e-3
-1.651, 1.642e-3
-1.652, 1.666e-3
-1.653, 1.687e-3
-1.654, 1.707e-3
-1.655, 1.731e-3
-1.656, 1.748e-3
-1.657, 1.765e-3
-1.658, 1.785e-3
-1.659, 1.809e-3
-1.660, 1.835e-3
-1.661, 1.859e-3
-1.662, 1.884e-3
-1.663, 1.910e-3
-1.664, 1.933e-3
-1.665, 1.957e-3
-1.666, 1.980e-3
-1.667, 2.005e-3
-1.668, 2.030e-3
-1.669, 2.054e-3
-1.670, 2.081e-3
-1.671, 2.106e-3
-1.672, 2.134e-3
-1.673, 2.159e-3
-1.674, 2.185e-3
-1.675, 2.209e-3
-1.676, 2.238e-3
-1.677, 2.263e-3
-1.678, 2.288e-3
-1.679, 2.317e-3
-1.680, 2.343e-3
-1.681, 2.372e-3
-1.682, 2.404e-3
-1.683, 2.426e-3
-1.684, 2.444e-3
-1.685, 2.475e-3
-1.686, 2.501e-3
-1.687, 2.531e-3
-1.688, 2.564e-3
-1.689, 2.597e-3
-1.690, 2.630e-3
-1.691, 2.660e-3
-1.692, 2.692e-3
-1.693, 2.721e-3
-1.694, 2.756e-3
-1.695, 2.789e-3
-1.696, 2.822e-3
-1.697, 2.856e-3
-1.698, 2.907e-3
-1.699, 2.951e-3
-1.700, 2.963e-3
-1.699, 2.935e-3
-1.698, 2.906e-3
-1.697, 2.876e-3
-1.696, 2.844e-3
-1.695, 2.817e-3
-1.694, 2.792e-3
-1.693, 2.770e-3
-1.692, 2.741e-3
-1.691, 2.708e-3
-1.690, 2.680e-3
-1.689, 2.648e-3
-1.688, 2.623e-3
-1.687, 2.593e-3
-1.686, 2.568e-3
-1.685, 2.539e-3
-1.684, 2.511e-3
-1.683, 2.487e-3
-1.682, 2.461e-3
-1.681, 2.434e-3
-1.680, 2.403e-3
-1.679, 2.372e-3
-1.678, 2.344e-3
-1.677, 2.316e-3
-1.676, 2.291e-3
-1.675, 2.263e-3
-1.674, 2.241e-3
-1.673, 2.217e-3
-1.672, 2.190e-3
-1.671, 2.160e-3
-1.670, 2.135e-3
-1.669, 2.115e-3
-1.668, 2.089e-3
-1.667, 2.062e-3
-1.666, 2.038e-3
-1.665, 2.020e-3
-1.664, 1.998e-3
-1.663, 1.972e-3
-1.662, 1.947e-3
-1.661, 1.921e-3
-1.660, 1.898e-3
-1.659, 1.883e-3
-1.658, 1.862e-3
-1.657, 1.840e-3
-1.656, 1.816e-3
-1.655, 1.792e-3
-1.654, 1.770e-3
-1.653, 1.748e-3
-1.652, 1.727e-3
-1.651, 1.706e-3
-1.650, 1.686e-3
-1.649, 1.662e-3
-1.648, 1.637e-3
-1.647, 1.614e-3
-1.646, 1.596e-3
-1.645, 1.573e-3
-1.644, 1.552e-3
-1.643, 1.533e-3
-1.642, 1.511e-3
-1.641, 1.490e-3
-1.640, 1.469e-3
-1.639, 1.449e-3
-1.638, 1.429e-3
-1.637, 1.409e-3
-1.636, 1.390e-3
-1.635, 1.372e-3
-1.634, 1.356e-3
-1.633, 1.341e-3
-1.632, 1.322e-3
-1.631, 1.305e-3
-1.630, 1.284e-3
-1.629, 1.268e-3
-1.628, 1.251e-3
-1.627, 1.233e-3
-1.626, 1.218e-3
-1.625, 1.204e-3
-1.624, 1.188e-3
-1.623, 1.171e-3
-1.622, 1.154e-3
-1.621, 1.140e-3
-1.620, 1.122e-3
-1.619, 1.105e-3
-1.618, 1.092e-3
-1.617, 1.077e-3
-1.616, 1.057e-3
-1.615, 1.044e-3
-1.614, 1.028e-3
-1.613, 1.012e-3
-1.612, 1.001e-3
-1.611, 9.851e-4
-1.610, 9.727e-4
-1.609, 9.582e-4
-1.608, 9.430e-4
-1.607, 9.289e-4
-1.606, 9.162e-4
-1.605, 9.038e-4
-1.604, 8.886e-4
-1.603, 8.783e-4
-1.602, 8.632e-4
-1.601, 8.517e-4
-1.600, 8.398e-4
-1.599, 8.256e-4
-1.598, 8.128e-4
-1.597, 8.000e-4
-1.596, 7.871e-4
-1.595, 7.753e-4
-1.594, 7.640e-4
-1.593, 7.525e-4
-1.592, 7.411e-4
-1.591, 7.286e-4
-1.590, 7.181e-4
-1.589, 7.073e-4
-1.588, 6.969e-4
-1.587, 6.856e-4
-1.586, 6.742e-4
-1.585, 6.627e-4
-1.584, 6.530e-4
-1.583, 6.426e-4
-1.582, 6.306e-4
-1.581, 6.190e-4
-1.580, 6.109e-4
-1.579, 6.032e-4
-1.578, 5.918e-4
-1.577, 5.824e-4
-1.576, 5.735e-4
-1.575, 5.641e-4
-1.574, 5.562e-4
-1.573, 5.481e-4
-1.572, 5.378e-4
-1.571, 5.271e-4
-1.570, 5.172e-4
-1.569, 5.101e-4
-1.568, 5.017e-4
-1.567, 4.920e-4
-1.566, 4.835e-4
-1.565, 4.779e-4
-1.564, 4.695e-4
-1.563, 4.587e-4
-1.562, 4.517e-4
-1.561, 4.470e-4
-1.560, 4.378e-4
-1.559, 4.305e-4
-1.558, 4.247e-4
-1.557, 4.155e-4
-1.556, 4.082e-4
-1.555, 4.017e-4
-1.554, 3.935e-4
-1.553, 3.901e-4
-1.552, 3.805e-4
-1.551, 3.748e-4
-1.550, 3.682e-4
-1.549, 3.604e-4
-1.548, 3.552e-4
-1.547, 3.483e-4
-1.546, 3.435e-4
-1.545, 3.333e-4
-1.544, 3.311e-4
-1.543, 3.225e-4
-1.542, 3.185e-4
-1.541, 3.092e-4
-1.540, 3.063e-4
-1.539, 2.974e-4
-1.538, 2.941e-4
-1.537, 2.880e-4
-1.536, 2.835e-4
-1.535, 2.781e-4
-1.534, 2.713e-4
-1.533, 2.693e-4
-1.532, 2.612e-4
-1.531, 2.586e-4
-1.530, 2.518e-4
-1.529, 2.479e-4
-1.528, 2.446e-4
-1.527, 2.366e-4
-1.526, 2.352e-4
-1.525, 2.298e-4
-1.524, 2.242e-4
-1.523, 2.220e-4
-1.522, 2.164e-4
-1.521, 2.108e-4
-1.520, 2.093e-4
-1.519, 2.038e-4
-1.518, 1.980e-4
-1.517, 1.971e-4
-1.516, 1.936e-4
-1.515, 1.862e-4
-1.514, 1.840e-4
-1.513, 1.824e-4
-1.512, 1.784e-4
-1.511, 1.727e-4
-1.510, 1.703e-4
-1.509, 1.680e-4
-1.508, 1.649e-4
-1.507, 1.600e-4
-1.506, 1.573e-4
-1.505, 1.547e-4
-1.504, 1.520e-4
-1.503, 1.479e-4
-1.502, 1.444e-4
-1.501, 1.419e-4
-1.500, 1.396e-4
-1.499, 1.366e-4
-1.498, 1.326e-4
-1.497, 1.297e-4
-1.496, 1.277e-4
-1.495, 1.253e-4
-1.494, 1.228e-4
-1.493, 1.199e-4
-1.492, 1.166e-4
-1.491, 1.150e-4
-1.490, 1.125e-4
-1.489, 1.102e-4
-1.488, 1.076e-4
-1.487, 1.048e-4
-1.486, 1.031e-4
-1.485, 1.009e-4
-1.484, 9.870e-5
-1.483, 9.664e-5
-1.482, 9.438e-5
-1.481, 9.157e-5
-1.480, 8.973e-5
-1.479, 8.797e-5
-1.478, 8.628e-5
-1.477, 8.450e-5
-1.476, 8.264e-5
-1.475, 8.086e-5
-1.474, 7.879e-5
-1.473, 7.670e-5
-1.472, 7.510e-5
-1.471, 7.359e-5
-1.470, 7.189e-5
-1.469, 7.032e-5
-1.468, 6.870e-5
-1.467, 6.706e-5
-1.466, 6.534e-5
-1.465, 6.382e-5
-1.464, 6.242e-5
-1.463, 6.114e-5
-1.462, 5.973e-5
-1.461, 5.834e-5
-1.460, 5.705e-5
-1.459, 5.571e-5
-1.458, 5.443e-5
-1.457, 5.296e-5
-1.456, 5.164e-5
-1.455, 5.042e-5
-1.454, 4.921e-5
-1.453, 4.805e-5
-1.452, 4.706e-5
-1.451, 4.591e-5
-1.450, 4.486e-5
-1.449, 4.383e-5
-1.448, 4.280e-5
-1.447, 4.171e-5
-1.446, 4.075e-5
-1.445, 3.959e-5
-1.444, 3.867e-5
-1.443, 3.775e-5
-1.442, 3.681e-5
-1.441, 3.588e-5
-1.440, 3.502e-5
-1.439, 3.423e-5
-1.438, 3.329e-5
-1.437, 3.252e-5
-1.436, 3.172e-5
-1.435, 3.093e-5
-1.434, 3.020e-5
-1.433, 2.943e-5
-1.432, 2.867e-5
-1.431, 2.792e-5
-1.430, 2.719e-5
-1.429, 2.651e-5
-1.428, 2.583e-5
-1.427, 2.517e-5
-1.426, 2.456e-5
-1.425, 2.398e-5
-1.424, 2.335e-5
-1.423, 2.269e-5
-1.422, 2.210e-5
-1.421, 2.157e-5
-1.420, 2.105e-5
-1.419, 2.056e-5
-1.418, 2.004e-5
-1.417, 1.947e-5
-1.416, 1.900e-5
-1.415, 1.851e-5
-1.414, 1.806e-5
-1.413, 1.760e-5
-1.412, 1.711e-5
-1.411, 1.667e-5
-1.410, 1.626e-5
-1.409, 1.582e-5
-1.408, 1.540e-5
-1.407, 1.495e-5
-1.406, 1.460e-5
-1.405, 1.424e-5
-1.404, 1.389e-5
-1.403, 1.351e-5
-1.402, 1.315e-5
-1.401, 1.277e-5
-1.400, 1.248e-5
-1.399, 1.219e-5
-1.398, 1.186e-5
-1.397, 1.150e-5
-1.396, 1.123e-5
-1.395, 1.091e-5
-1.394, 1.063e-5
-1.393, 1.031e-5
-1.392, 1.006e-5
-1.391, 9.772e-6
-1.390, 9.545e-6
-1.389, 9.283e-6
-1.388, 9.031e-6
-1.387, 8.756e-6
-1.386, 8.518e-6
-1.385, 8.326e-6
-1.384, 8.160e-6
-1.383, 7.921e-6
-1.382, 7.634e-6
-1.381, 7.486e-6
-1.380, 7.286e-6
-1.379, 7.086e-6
-1.378, 6.916e-6
-1.377, 6.717e-6
-1.376, 6.543e-6
-1.375, 6.398e-6
-1.374, 6.231e-6
-1.373, 6.079e-6
-1.372, 5.865e-6
-1.371, 5.696e-6
-1.370, 5.595e-6
-1.369, 5.425e-6
-1.368, 5.289e-6
-1.367, 5.140e-6
-1.366, 5.005e-6
-1.365, 4.876e-6
-1.364, 4.756e-6
-1.363, 4.600e-6
-1.362, 4.472e-6
-1.361, 4.335e-6
-1.360, 4.250e-6
-1.359, 4.130e-6
-1.358, 4.040e-6
-1.357, 3.938e-6
-1.356, 3.799e-6
-1.355, 3.702e-6
-1.354, 3.626e-6
-1.353, 3.506e-6
-1.352, 3.388e-6
-1.351, 3.326e-6
-1.350, 3.242e-6
-1.349, 3.151e-6
-1.348, 3.051e-6
-1.347, 2.950e-6
-1.346, 2.868e-6
-1.345, 2.822e-6
-1.344, 2.753e-6
-1.343, 2.668e-6
-1.342, 2.580e-6
-1.341, 2.500e-6
-1.340, 2.461e-6
-1.339, 2.400e-6
-1.338, 2.291e-6
-1.337, 2.229e-6
-1.336, 2.187e-6
-1.335, 2.153e-6
-1.334, 2.093e-6
-1.333, 1.995e-6
-1.332, 1.932e-6
-1.331, 1.878e-6
-1.330, 1.860e-6
-1.329, 1.839e-6
-1.328, 1.767e-6
-1.327, 1.725e-6
-1.326, 1.667e-6
-1.325, 1.616e-6
-1.324, 1.604e-6
-1.323, 1.526e-6
-1.322, 1.470e-6
-1.321, 1.408e-6
-1.320, 1.404e-6
-1.319, 1.344e-6
-1.318, 1.266e-6
-1.317, 1.224e-6
-1.316, 1.183e-6
-1.315, 1.164e-6
-1.314, 1.142e-6
-1.313, 1.082e-6
-1.312, 1.056e-6
-1.311, 9.834e-7
-1.310, 9.647e-7
-1.309, 9.450e-7
-1.308, 8.700e-7
-1.307, 8.295e-7
-1.306, 8.187e-7
-1.305, 7.467e-7
-1.304, 7.496e-7
-1.303, 7.250e-7
-1.302, 6.628e-7
-1.301, 6.450e-7
-1.300, 6.194e-7
-1.299, 5.789e-7
-1.298, 5.424e-7
-1.297, 4.980e-7
-1.296, 4.892e-7
-1.295, 4.655e-7
-1.294, 4.329e-7
-1.293, 4.171e-7
-1.292, 3.530e-7
-1.291, 3.165e-7
-1.290, 3.678e-7
-1.289, 3.185e-7
-1.288, 2.800e-7
-1.287, 3.027e-7
-1.286, 2.958e-7
-1.285, 2.790e-7
-1.284, 2.593e-7
-1.283, 2.228e-7
-1.282, 1.626e-7
-1.281, 1.172e-7
-1.280, 1.142e-7
-1.279, 1.192e-7
-1.278, 7.281e-8
-1.277, 7.695e-9
-1.276, -5.130e-9
-1.275, -7.103e-9
-1.274, -2.190e-8
-1.273, -6.433e-8
-1.272, -8.011e-8
-1.271, -1.156e-7
-1.270, -1.117e-7
-1.269, -1.294e-7
-1.268, -1.581e-7
-1.267, -2.044e-7
-1.266, -2.557e-7
-1.265, -2.301e-7
-1.264, -2.153e-7
-1.263, -2.646e-7
-1.262, -3.248e-7
-1.261, -3.179e-7
-1.260, -3.307e-7
-1.259, -3.120e-7
-1.258, -3.702e-7
-1.257, -4.254e-7
-1.256, -4.254e-7
-1.255, -4.313e-7
-1.254, -4.580e-7
-1.253, -4.688e-7
-1.252, -5.201e-7
-1.251, -5.261e-7
-1.250, -5.320e-7
-1.249, -5.152e-7
-1.248, -5.793e-7
-1.247, -6.218e-7
-1.246, -6.514e-7
-1.245, -6.119e-7
-1.244, -6.435e-7
-1.243, -6.750e-7
-1.242, -7.105e-7
-1.241, -7.214e-7
-1.240, -7.135e-7
-1.239, -7.017e-7
-1.238, -7.372e-7
-1.237, -7.332e-7
-1.236, -7.589e-7
-1.235, -7.313e-7
-1.234, -7.717e-7
-1.233, -7.796e-7
-1.232, -8.161e-7
-1.231, -8.664e-7
-1.230, -8.566e-7
-1.229, -8.783e-7
-1.228, -9.010e-7
-1.227, -9.335e-7
-1.226, -9.365e-7
-1.225, -9.611e-7
-1.224, -9.631e-7
-1.223, -9.888e-7
-1.222, -1.008e-6
-1.221, -1.030e-6
-1.220, -1.020e-6
-1.219, -1.063e-6
-1.218, -1.057e-6
-1.217, -1.079e-6
-1.216, -1.103e-6
-1.215, -1.103e-6
-1.214, -1.082e-6
-1.213, -1.116e-6
-1.212, -1.158e-6
-1.211, -1.179e-6
-1.210, -1.158e-6
-1.209, -1.164e-6
-1.208, -1.204e-6
-1.207, -1.220e-6
-1.206, -1.249e-6
-1.205, -1.245e-6
-1.204, -1.225e-6
-1.203, -1.299e-6
-1.202, -1.329e-6
-1.201, -1.321e-6
-1.200, -1.309e-6
-1.199, -1.303e-6
-1.198, -1.334e-6
-1.197, -1.360e-6
-1.196, -1.370e-6
-1.195, -1.366e-6
-1.194, -1.333e-6
-1.193, -1.385e-6
-1.192, -1.374e-6
-1.191, -1.406e-6
-1.190, -1.389e-6
-1.189, -1.367e-6
-1.188, -1.392e-6
-1.187, -1.438e-6
-1.186, -1.456e-6
-1.185, -1.463e-6
-1.184, -1.461e-6
-1.183, -1.480e-6
-1.182, -1.536e-6
-1.181, -1.541e-6
-1.180, -1.529e-6
-1.179, -1.527e-6
-1.178, -1.545e-6
-1.177, -1.606e-6
-1.176, -1.611e-6
-1.175, -1.599e-6
-1.174, -1.608e-6
-1.173, -1.656e-6
-1.172, -1.657e-6
-1.171, -1.693e-6
-1.170, -1.678e-6
-1.169, -1.677e-6
-1.168, -1.688e-6
-1.167, -1.708e-6
-1.166, -1.749e-6
-1.165, -1.756e-6
-1.164, -1.762e-6
-1.163, -1.783e-6
-1.162, -1.797e-6
-1.161, -1.830e-6
-1.160, -1.820e-6
-1.159, -1.783e-6
-1.158, -1.861e-6
-1.157, -1.854e-6
-1.156, -1.872e-6
-1.155, -1.871e-6
-1.154, -1.888e-6
-1.153, -1.899e-6
-1.152, -1.915e-6
-1.151, -1.961e-6
-1.150, -1.911e-6
-1.149, -1.922e-6
-1.148, -1.936e-6
-1.147, -1.964e-6
-1.146, -1.989e-6
-1.145, -2.020e-6
-1.144, -2.211e-6
-1.143, -2.189e-6
-1.142, -2.031e-6
-1.141, -2.102e-6
-1.140, -2.055e-6
-1.139, -2.068e-6
-1.138, -2.060e-6
-1.137, -2.069e-6
-1.136, -2.077e-6
-1.135, -2.102e-6
-1.134, -2.083e-6
-1.133, -2.118e-6
-1.132, -2.117e-6
-1.131, -2.152e-6
-1.130, -2.161e-6
-1.129, -2.134e-6
-1.128, -2.151e-6
-1.127, -2.157e-6
-1.126, -2.205e-6
-1.125, -2.191e-6
-1.124, -2.197e-6
-1.123, -2.239e-6
-1.122, -2.248e-6
-1.121, -2.265e-6
-1.120, -2.252e-6
-1.119, -2.249e-6
-1.118, -2.278e-6
-1.117, -2.303e-6
-1.116, -2.344e-6
-1.115, -2.295e-6
-1.114, -2.293e-6
-1.113, -2.327e-6
-1.112, -2.346e-6
-1.111, -2.371e-6
-1.110, -2.383e-6
-1.109, -2.365e-6
-1.108, -2.413e-6
-1.107, -2.417e-6
-1.106, -2.433e-6
-1.105, -2.402e-6
-1.104, -2.404e-6
-1.103, -2.405e-6
-1.102, -2.457e-6
-1.101, -2.444e-6
-1.100, -2.441e-6
-1.099, -2.442e-6
-1.098, -2.460e-6
-1.097, -2.495e-6
-1.096, -2.499e-6
-1.095, -2.527e-6
-1.094, -2.493e-6
-1.093, -2.502e-6
-1.092, -2.525e-6
-1.091, -2.587e-6
-1.090, -2.541e-6
-1.089, -2.557e-6
-1.088, -2.550e-6
-1.087, -2.625e-6
-1.086, -2.617e-6
-1.085, -2.604e-6
-1.084, -2.601e-6
-1.083, -2.630e-6
-1.082, -2.642e-6
-1.081, -2.664e-6
-1.080, -2.652e-6
-1.079, -2.648e-6
-1.078, -2.663e-6
-1.077, -2.705e-6
-1.076, -2.704e-6
-1.075, -2.739e-6
-1.074, -2.692e-6
-1.073, -2.734e-6
-1.072, -2.737e-6
-1.071, -2.738e-6
-1.070, -2.750e-6
-1.069, -2.740e-6
-1.068, -2.760e-6
-1.067, -2.807e-6
-1.066, -2.819e-6
-1.065, -2.807e-6
-1.064, -2.795e-6
-1.063, -2.823e-6
-1.062, -2.887e-6
-1.061, -2.891e-6
-1.060, -2.875e-6
-1.059, -2.868e-6
-1.058, -2.899e-6
-1.057, -2.933e-6
-1.056, -2.929e-6
-1.055, -2.941e-6
-1.054, -2.919e-6
-1.053, -2.915e-6
-1.052, -2.988e-6
-1.051, -2.996e-6
-1.050, -2.984e-6
-1.049, -2.984e-6
-1.048, -3.032e-6
-1.047, -3.031e-6
-1.046, -3.090e-6
-1.045, -3.040e-6
-1.044, -3.047e-6
-1.043, -3.058e-6
-1.042, -3.107e-6
-1.041, -3.118e-6
-1.040, -3.143e-6
-1.039, -3.151e-6
-1.038, -3.177e-6
-1.037, -3.193e-6
-1.036, -3.223e-6
-1.035, -3.236e-6
-1.034, -3.197e-6
-1.033, -3.259e-6
-1.032, -3.270e-6
-1.031, -3.280e-6
-1.030, -3.349e-6
-1.029, -3.317e-6
-1.028, -3.310e-6
-1.027, -3.368e-6
-1.026, -3.399e-6
-1.025, -3.414e-6
-1.024, -3.418e-6
-1.023, -3.424e-6
-1.022, -3.495e-6
-1.021, -3.471e-6
-1.020, -3.491e-6
-1.019, -3.481e-6
-1.018, -3.511e-6
-1.017, -3.557e-6
-1.016, -3.581e-6
-1.015, -3.576e-6
-1.014, -3.560e-6
-1.013, -3.593e-6
-1.012, -3.640e-6
-1.011, -3.696e-6
-1.010, -3.657e-6
-1.009, -3.687e-6
-1.008, -3.711e-6
-1.007, -3.746e-6
-1.006, -3.784e-6
-1.005, -3.770e-6
-1.004, -3.745e-6
-1.003, -3.763e-6
-1.002, -3.805e-6
-1.001, -3.844e-6
-1.000, -2.393e-6
-1.001, -1.754e-6
-1.002, -1.491e-6
-1.003, -1.314e-6
-1.004, -1.129e-6
-1.005, -9.513e-7
-1.006, -8.043e-7
-1.007, -6.997e-7
-1.008, -6.148e-7
-1.009, -4.895e-7
-1.010, -3.968e-7
-1.011, -2.991e-7
-1.012, -2.113e-7
-1.013, -1.285e-7
-1.014, -8.307e-8
-1.015, 2.743e-8
-1.016, 8.958e-8
-1.017, 1.379e-7
-1.018, 2.080e-7
-1.019, 2.218e-7
-1.020, 3.086e-7
-1.021, 3.806e-7
-1.022, 4.339e-7
-1.023, 4.625e-7
-1.024, 5.040e-7
-1.025, 5.760e-7
-1.026, 6.362e-7
-1.027, 6.727e-7
-1.028, 6.963e-7
-1.029, 7.368e-7
-1.030, 7.506e-7
-1.031, 8.572e-7
-1.032, 8.670e-7
-1.033, 8.660e-7
-1.034, 9.035e-7
-1.035, 9.400e-7
-1.036, 9.992e-7
-1.037, 1.021e-6
-1.038, 1.031e-6
-1.039, 1.054e-6
-1.040, 1.111e-6
-1.041, 1.165e-6
-1.042, 1.168e-6
-1.043, 1.186e-6
-1.044, 1.226e-6
-1.045, 1.247e-6
-1.046, 1.292e-6
-1.047, 1.338e-6
-1.048, 1.303e-6
-1.049, 1.329e-6
-1.050, 1.382e-6
-1.051, 1.426e-6
-1.052, 1.447e-6
-1.053, 1.425e-6
-1.054, 1.453e-6
-1.055, 1.463e-6
-1.056, 1.553e-6
-1.057, 1.528e-6
-1.058, 1.533e-6
-1.059, 1.568e-6
-1.060, 1.588e-6
-1.061, 1.603e-6
-1.062, 1.623e-6
-1.063, 1.627e-6
-1.064, 1.642e-6
-1.065, 1.662e-6
-1.066, 1.720e-6
-1.067, 1.686e-6
-1.068, 1.710e-6
-1.069, 1.749e-6
-1.070, 1.718e-6
-1.071, 1.797e-6
-1.072, 1.801e-6
-1.073, 1.772e-6
-1.074, 1.792e-6
-1.075, 1.841e-6
-1.076, 1.870e-6
-1.077, 1.892e-6
-1.078, 1.875e-6
-1.079, 1.870e-6
-1.080, 1.883e-6
-1.081, 1.943e-6
-1.082, 1.970e-6
-1.083, 1.937e-6
-1.084, 1.966e-6
-1.085, 1.995e-6
-1.086, 2.016e-6
-1.087, 2.036e-6
-1.088, 2.003e-6
-1.089, 2.038e-6
-1.090, 2.051e-6
-1.091, 2.097e-6
-1.092, 2.089e-6
-1.093, 2.092e-6
-1.094, 2.116e-6
-1.095, 2.140e-6
-1.096, 2.138e-6
-1.097, 2.145e-6
-1.098, 2.160e-6
-1.099, 2.147e-6
-1.100, 2.178e-6
-1.101, 2.230e-6
-1.102, 2.225e-6
-1.103, 2.239e-6
-1.104, 2.235e-6
-1.105, 2.281e-6
-1.106, 2.292e-6
-1.107, 2.309e-6
-1.108, 2.296e-6
-1.109, 2.329e-6
-1.110, 2.297e-6
-1.111, 2.384e-6
-1.112, 2.389e-6
-1.113, 2.363e-6
-1.114, 2.388e-6
-1.115, 2.386e-6
-1.116, 2.437e-6
-1.117, 2.458e-6
-1.118, 2.443e-6
-1.119, 2.473e-6
-1.120, 2.478e-6
-1.121, 2.511e-6
-1.122, 2.523e-6
-1.123, 2.522e-6
-1.124, 2.534e-6
-1.125, 2.548e-6
-1.126, 2.590e-6
-1.127, 2.607e-6
-1.128, 2.604e-6
-1.129, 2.593e-6
-1.130, 2.643e-6
-1.131, 2.703e-6
-1.132, 2.706e-6
-1.133, 2.685e-6
-1.134, 2.725e-6
-1.135, 2.718e-6
-1.136, 2.759e-6
-1.137, 2.767e-6
-1.138, 2.741e-6
-1.139, 2.771e-6
-1.140, 2.806e-6
-1.141, 2.835e-6
-1.142, 2.834e-6
-1.143, 2.836e-6
-1.144, 2.838e-6
-1.145, 2.863e-6
-1.146, 2.903e-6
-1.147, 2.918e-6
-1.148, 2.910e-6
-1.149, 2.941e-6
-1.150, 2.941e-6
-1.151, 2.963e-6
-1.152, 2.982e-6
-1.153, 2.970e-6
-1.154, 2.978e-6
-1.155, 3.007e-6
-1.156, 3.015e-6
-1.157, 3.040e-6
-1.158, 3.049e-6
-1.159, 3.040e-6
-1.160, 3.069e-6
-1.161, 3.113e-6
-1.162, 3.105e-6
-1.163, 3.111e-6
-1.164, 3.093e-6
-1.165, 3.117e-6
-1.166, 3.187e-6
-1.167, 3.156e-6
-1.168, 3.175e-6
-1.169, 3.171e-6
-1.170, 3.201e-6
-1.171, 3.233e-6
-1.172, 3.254e-6
-1.173, 3.266e-6
-1.174, 3.272e-6
-1.175, 3.305e-6
-1.176, 3.337e-6
-1.177, 3.306e-6
-1.178, 3.332e-6
-1.179, 3.291e-6
-1.180, 3.348e-6
-1.181, 3.362e-6
-1.182, 3.389e-6
-1.183, 3.335e-6
-1.184, 3.391e-6
-1.185, 3.408e-6
-1.186, 3.410e-6
-1.187, 3.416e-6
-1.188, 3.445e-6
-1.189, 3.432e-6
-1.190, 3.444e-6
-1.191, 3.500e-6
-1.192, 3.484e-6
-1.193, 3.484e-6
-1.194, 3.504e-6
-1.195, 3.485e-6
-1.196, 3.555e-6
-1.197, 3.566e-6
-1.198, 3.549e-6
-1.199, 3.577e-6
-1.200, 3.573e-6
-1.201, 3.603e-6
-1.202, 3.600e-6
-1.203, 3.600e-6
-1.204, 3.614e-6
-1.205, 3.617e-6
-1.206, 3.701e-6
-1.207, 3.676e-6
-1.208, 3.666e-6
-1.209, 3.672e-6
-1.210, 3.715e-6
-1.211, 3.737e-6
-1.212, 3.740e-6
-1.213, 3.742e-6
-1.214, 3.729e-6
-1.215, 3.761e-6
-1.216, 3.790e-6
-1.217, 3.835e-6
-1.218, 3.838e-6
-1.219, 3.815e-6
-1.220, 3.825e-6
-1.221, 3.867e-6
-1.222, 3.870e-6
-1.223, 3.886e-6
-1.224, 3.887e-6
-1.225, 3.916e-6
-1.226, 3.971e-6
-1.227, 3.981e-6
-1.228, 3.948e-6
-1.229, 3.965e-6
-1.230, 3.956e-6
-1.231, 4.027e-6
-1.232, 4.003e-6
-1.233, 4.027e-6
-1.234, 4.026e-6
-1.235, 4.032e-6
-1.236, 4.086e-6
-1.237, 4.080e-6
-1.238, 4.096e-6
-1.239, 4.081e-6
-1.240, 4.119e-6
-1.241, 4.128e-6
-1.242, 4.144e-6
-1.243, 4.155e-6
-1.244, 4.162e-6
-1.245, 4.190e-6
-1.246, 4.216e-6
-1.247, 4.255e-6
-1.248, 4.252e-6
-1.249, 4.248e-6
-1.250, 4.280e-6
-1.251, 4.291e-6
-1.252, 4.323e-6
-1.253, 4.308e-6
-1.254, 4.326e-6
-1.255, 4.363e-6
-1.256, 4.372e-6
-1.257, 4.388e-6
-1.258, 4.387e-6
-1.259, 4.404e-6
-1.260, 4.415e-6
-1.261, 4.474e-6
-1.262, 4.469e-6
-1.263, 4.480e-6
-1.264, 4.507e-6
-1.265, 4.517e-6
-1.266, 4.528e-6
-1.267, 4.565e-6
-1.268, 4.551e-6
-1.269, 4.599e-6
-1.270, 4.652e-6
-1.271, 4.677e-6
-1.272, 4.695e-6
-1.273, 4.670e-6
-1.274, 4.674e-6
-1.275, 4.725e-6
-1.276, 4.711e-6
-1.277, 4.745e-6
-1.278, 4.722e-6
-1.279, 4.769e-6
-1.280, 4.790e-6
-1.281, 4.822e-6
-1.282, 4.819e-6
-1.283, 4.809e-6
-1.284, 4.829e-6
-1.285, 4.861e-6
-1.286, 4.903e-6
-1.287, 4.923e-6
-1.288, 4.880e-6
-1.289, 4.936e-6
-1.290, 4.954e-6
-1.291, 5.007e-6
-1.292, 5.016e-6
-1.293, 5.028e-6
-1.294, 5.026e-6
-1.295, 5.069e-6
-1.296, 5.099e-6
-1.297, 5.144e-6
-1.298, 5.121e-6
-1.299, 5.152e-6
-1.300, 5.204e-6
-1.301, 5.227e-6
-1.302, 5.248e-6
-1.303, 5.256e-6
-1.304, 5.252e-6
-1.305, 5.318e-6
-1.306, 5.366e-6
-1.307, 5.372e-6
-1.308, 5.388e-6
-1.309, 5.422e-6
-1.310, 5.439e-6
-1.311, 5.514e-6
-1.312, 5.512e-6
-1.313, 5.528e-6
-1.314, 5.557e-6
-1.315, 5.566e-6
-1.316, 5.648e-6
-1.317, 5.663e-6
-1.318, 5.667e-6
-1.319, 5.715e-6
-1.320, 5.804e-6
-1.321, 5.889e-6
-1.322, 5.940e-6
-1.323, 5.924e-6
-1.324, 5.966e-6
-1.325, 5.989e-6
-1.326, 6.005e-6
-1.327, 6.031e-6
-1.328, 6.055e-6
-1.329, 6.090e-6
-1.330, 6.133e-6
-1.331, 6.202e-6
-1.332, 6.238e-6
-1.333, 6.258e-6
-1.334, 6.286e-6
-1.335, 6.334e-6
-1.336, 6.397e-6
-1.337, 6.434e-6
-1.338, 6.485e-6
-1.339, 6.500e-6
-1.340, 6.582e-6
-1.341, 6.650e-6
-1.342, 6.697e-6
-1.343, 6.740e-6
-1.344, 6.787e-6
-1.345, 6.874e-6
-1.346, 6.954e-6
-1.347, 6.997e-6
-1.348, 7.075e-6
-1.349, 7.105e-6
-1.350, 7.190e-6
-1.351, 7.267e-6
-1.352, 7.355e-6
-1.353, 7.426e-6
-1.354, 7.493e-6
-1.355, 7.580e-6
-1.356, 7.685e-6
-1.357, 7.775e-6
-1.358, 7.838e-6
-1.359, 7.935e-6
-1.360, 8.020e-6
-1.361, 8.125e-6
-1.362, 8.209e-6
-1.363, 8.310e-6
-1.364, 8.385e-6
-1.365, 8.520e-6
-1.366, 8.637e-6
-1.367, 8.778e-6
-1.368, 8.860e-6
-1.369, 8.974e-6
-1.370, 9.101e-6
-1.371, 9.243e-6
-1.372, 9.368e-6
-1.373, 9.481e-6
-1.374, 9.608e-6
-1.375, 9.784e-6
-1.376, 9.936e-6
-1.377, 1.008e-5
-1.378, 1.021e-5
-1.379, 1.040e-5
-1.380, 1.060e-5
-1.381, 1.083e-5
-1.382, 1.103e-5
-1.383, 1.123e-5
-1.384, 1.136e-5
-1.385, 1.154e-5
-1.386, 1.176e-5
-1.387, 1.195e-5
-1.388, 1.213e-5
-1.389, 1.234e-5
-1.390, 1.256e-5
-1.391, 1.285e-5
-1.392, 1.308e-5
-1.393, 1.333e-5
-1.394, 1.357e-5
-1.395, 1.382e-5
-1.396, 1.413e-5
-1.397, 1.445e-5
-1.398, 1.472e-5
-1.399, 1.503e-5
-1.400, 1.535e-5
-1.401, 1.572e-5
-1.402, 1.606e-5
-1.403, 1.637e-5
-1.404, 1.673e-5
-1.405, 1.712e-5
-1.406, 1.749e-5
-1.407, 1.796e-5
-1.408, 1.830e-5
-1.409, 1.874e-5
-1.410, 1.922e-5
-1.411, 1.970e-5
-1.412, 2.021e-5
-1.413, 2.066e-5
-1.414, 2.118e-5
-1.415, 2.175e-5
-1.416, 2.228e-5
-1.417, 2.277e-5
-1.418, 2.337e-5
-1.419, 2.396e-5
-1.420, 2.455e-5
-1.421, 2.519e-5
-1.422, 2.589e-5
-1.423, 2.654e-5
-1.424, 2.719e-5
-1.425, 2.794e-5
-1.426, 2.870e-5
-1.427, 2.946e-5
-1.428, 3.022e-5
-1.429, 3.104e-5
-1.430, 3.186e-5
-1.431, 3.275e-5
-1.432, 3.364e-5
-1.433, 3.451e-5
-1.434, 3.552e-5
-1.435, 3.648e-5
-1.436, 3.745e-5
-1.437, 3.824e-5
-1.438, 3.931e-5
-1.439, 4.035e-5
-1.440, 4.142e-5
-1.441, 4.262e-5
-1.442, 4.379e-5
-1.443, 4.494e-5
-1.444, 4.616e-5
-1.445, 4.743e-5
-1.446, 4.874e-5
-1.447, 5.010e-5
-1.448, 5.156e-5
-1.449, 5.294e-5
-1.450, 5.435e-5
-1.451, 5.581e-5
-1.452, 5.735e-5
-1.453, 5.892e-5
-1.454, 6.048e-5
-1.455, 6.207e-5
-1.456, 6.375e-5
-1.457, 6.533e-5
-1.458, 6.689e-5
-1.459, 6.835e-5
-1.460, 6.995e-5
-1.461, 7.190e-5
-1.462, 7.383e-5
-1.463, 7.578e-5
-1.464, 7.776e-5
-1.465, 7.992e-5
-1.466, 8.221e-5
-1.467, 8.439e-5
-1.468, 8.664e-5
-1.469, 8.890e-5
-1.470, 9.124e-5
-1.471, 9.365e-5
-1.472, 9.582e-5
-1.473, 9.771e-5
-1.474, 1.001e-4
-1.475, 1.026e-4
-1.476, 1.051e-4
-1.477, 1.080e-4
-1.478, 1.109e-4
-1.479, 1.138e-4
-1.480, 1.166e-4
-1.481, 1.194e-4
-1.482, 1.223e-4
-1.483, 1.243e-4
-1.484, 1.270e-4
-1.485, 1.306e-4
-1.486, 1.341e-4
-1.487, 1.373e-4
-1.488, 1.405e-4
-1.489, 1.436e-4
-1.490, 1.457e-4
-1.491, 1.489e-4
-1.492, 1.520e-4
-1.493, 1.561e-4
-1.494, 1.602e-4
-1.495, 1.641e-4
-1.496, 1.671e-4
-1.497, 1.703e-4
-1.498, 1.742e-4
-1.499, 1.786e-4
-1.500, 1.832e-4
-1.501, 1.875e-4
-1.502, 1.905e-4
-1.503, 1.939e-4
-1.504, 1.980e-4
-1.505, 2.033e-4
-1.506, 2.083e-4
-1.507, 2.122e-4
-1.508, 2.153e-4
-1.509, 2.198e-4
-1.510, 2.255e-4
-1.511, 2.307e-4
-1.512, 2.343e-4
-1.513, 2.384e-4
-1.514, 2.441e-4
-1.515, 2.497e-4
-1.516, 2.539e-4
-1.517, 2.579e-4
-1.518, 2.637e-4
-1.519, 2.701e-4
-1.520, 2.741e-4
-1.521, 2.785e-4
-1.522, 2.853e-4
-1.523, 2.917e-4
-1.524, 2.947e-4
-1.525, 3.007e-4
-1.526, 3.080e-4
-1.527, 3.120e-4
-1.528, 3.175e-4
-1.529, 3.255e-4
-1.530, 3.298e-4
-1.531, 3.351e-4
-1.532, 3.432e-4
-1.533, 3.477e-4
-1.534, 3.534e-4
-1.535, 3.610e-4
-1.536, 3.644e-4
-1.537, 3.722e-4
-1.538, 3.797e-4
-1.539, 3.853e-4
-1.540, 3.941e-4
-1.541, 3.992e-4
-1.542, 4.070e-4
-1.543, 4.150e-4
-1.544, 4.205e-4
-1.545, 4.302e-4
-1.546, 4.345e-4
-1.547, 4.449e-4
-1.548, 4.500e-4
-1.549, 4.596e-4
-1.550, 4.659e-4
-1.551, 4.747e-4
-1.552, 4.815e-4
-1.553, 4.902e-4
-1.554, 4.971e-4
-1.555, 5.061e-4
-1.556, 5.130e-4
-1.557, 5.228e-4
-1.558, 5.287e-4
-1.559, 5.401e-4
-1.560, 5.455e-4
-1.561, 5.564e-4
-1.562, 5.635e-4
-1.563, 5.724e-4
-1.564, 5.821e-4
-1.565, 5.894e-4
-1.566, 6.007e-4
-1.567, 6.091e-4
-1.568, 6.177e-4
-1.569, 6.290e-4
-1.570, 6.364e-4
-1.571, 6.457e-4
-1.572, 6.572e-4
-1.573, 6.655e-4
-1.574, 6.750e-4
-1.575, 6.853e-4
-1.576, 6.966e-4
-1.577, 7.039e-4
-1.578, 7.126e-4
-1.579, 7.221e-4
-1.580, 7.324e-4
-1.581, 7.435e-4
-1.582, 7.531e-4
-1.583, 7.643e-4
-1.584, 7.752e-4
-1.585, 7.862e-4
-1.586, 7.979e-4
-1.587, 8.087e-4
-1.588, 8.199e-4
-1.589, 8.313e-4
-1.590, 8.414e-4
-1.591, 8.529e-4
-1.592, 8.633e-4
-1.593, 8.752e-4
-1.594, 8.870e-4
-1.595, 8.990e-4
-1.596, 9.111e-4
-1.597, 9.229e-4
-1.598, 9.363e-4
-1.599, 9.489e-4
-1.600, 9.587e-4
-1.601, 9.719e-4
-1.602, 9.846e-4
-1.603, 9.973e-4
-1.604, 1.009e-3
-1.605, 1.021e-3
-1.606, 1.036e-3
-1.607, 1.049e-3
-1.608, 1.060e-3
-1.609, 1.074e-3
-1.610, 1.087e-3
-1.611, 1.100e-3
-1.612, 1.112e-3
-1.613, 1.127e-3
-1.614, 1.142e-3
-1.615, 1.156e-3
-1.616, 1.169e-3
-1.617, 1.184e-3
-1.618, 1.197e-3
-1.619, 1.211e-3
-1.620, 1.228e-3
-1.621, 1.241e-3
-1.622, 1.259e-3
-1.623, 1.274e-3
-1.624, 1.290e-3
-1.625, 1.307e-3
-1.626, 1.320e-3
-1.627, 1.336e-3
-1.628, 1.347e-3
-1.629, 1.362e-3
-1.630, 1.380e-3
-1.631, 1.396e-3
-1.632, 1.415e-3
-1.633, 1.433e-3
-1.634, 1.452e-3
-1.635, 1.470e-3
-1.636, 1.485e-3
-1.637, 1.504e-3
-1.638, 1.524e-3
-1.639, 1.537e-3
-1.640, 1.557e-3
-1.641, 1.578e-3
-1.642, 1.595e-3
-1.643, 1.611e-3
-1.644, 1.630e-3
-1.645, 1.653e-3
-1.646, 1.672e-3
-1.647, 1.691e-3
-1.648, 1.711e-3
-1.649, 1.731e-3
-1.650, 1.749e-3
-1.651, 1.768e-3
-1.652, 1.789e-3
-1.653, 1.812e-3
-1.654, 1.834e-3
-1.655, 1.853e-3
-1.656, 1.875e-3
-1.657, 1.896e-3
-1.658, 1.921e-3
-1.659, 1.939e-3
-1.660, 1.962e-3
-1.661, 1.983e-3
-1.662, 2.005e-3
-1.663, 2.033e-3
-1.664, 2.055e-3
-1.665, 2.077e-3
-1.666, 2.101e-3
-1.667, 2.124e-3
-1.668, 2.148e-3
-1.669, 2.172e-3
-1.670, 2.193e-3
-1.671, 2.221e-3
-1.672, 2.243e-3
-1.673, 2.266e-3
-1.674, 2.294e-3
-1.675, 2.322e-3
-1.676, 2.345e-3
-1.677, 2.370e-3
-1.678, 2.398e-3
-1.679, 2.425e-3
-1.680, 2.452e-3
-1.681, 2.478e-3
-1.682, 2.507e-3
-1.683, 2.534e-3
-1.684, 2.561e-3
-1.685, 2.592e-3
-1.686, 2.627e-3
-1.687, 2.655e-3
-1.688, 2.687e-3
-1.689, 2.717e-3
-1.690, 2.744e-3
-1.691, 2.772e-3
-1.692, 2.806e-3
-1.693, 2.834e-3
-1.694, 2.871e-3
-1.695, 2.904e-3
-1.696, 2.937e-3
-1.697, 2.976e-3
-1.698, 3.009e-3
-1.699, 3.050e-3
-1.700, 3.064e-3
-1.699, 3.039e-3
-1.698, 3.009e-3
-1.697, 2.979e-3
-1.696, 2.944e-3
-1.695, 2.916e-3
-1.694, 2.883e-3
-1.693, 2.854e-3
-1.692, 2.824e-3
-1.691, 2.793e-3
-1.690, 2.761e-3
-1.689, 2.732e-3
-1.688, 2.701e-3
-1.687, 2.673e-3
-1.686, 2.644e-3
-1.685, 2.613e-3
-1.684, 2.583e-3
-1.683, 2.554e-3
-1.682, 2.524e-3
-1.681, 2.497e-3
-1.680, 2.463e-3
-1.679, 2.426e-3
-1.678, 2.398e-3
-1.677, 2.373e-3
-1.676, 2.346e-3
-1.675, 2.308e-3
-1.674, 2.283e-3
-1.673, 2.255e-3
-1.672, 2.227e-3
-1.671, 2.207e-3
-1.670, 2.184e-3
-1.669, 2.161e-3
-1.668, 2.141e-3
-1.667, 2.116e-3
-1.666, 2.091e-3
-1.665, 2.069e-3
-1.664, 2.045e-3
-1.663, 2.023e-3
-1.662, 2.001e-3
-1.661, 1.979e-3
-1.660, 1.957e-3
-1.659, 1.933e-3
-1.658, 1.907e-3
-1.657, 1.881e-3
-1.656, 1.858e-3
-1.655, 1.834e-3
-1.654, 1.810e-3
-1.653, 1.788e-3
-1.652, 1.769e-3
-1.651, 1.746e-3
-1.650, 1.722e-3
-1.649, 1.698e-3
-1.648, 1.683e-3
-1.647, 1.662e-3
-1.646, 1.642e-3
-1.645, 1.621e-3
-1.644, 1.602e-3
-1.643, 1.580e-3
-1.642, 1.560e-3
-1.641, 1.541e-3
-1.640, 1.520e-3
-1.639, 1.500e-3
-1.638, 1.479e-3
-1.637, 1.458e-3
-1.636, 1.438e-3
-1.635, 1.419e-3
-1.634, 1.402e-3
-1.633, 1.386e-3
-1.632, 1.366e-3
-1.631, 1.346e-3
-1.630, 1.325e-3
-1.629, 1.306e-3
-1.628, 1.292e-3
-1.627, 1.273e-3
-1.626, 1.258e-3
-1.625, 1.241e-3
-1.624, 1.223e-3
-1.623, 1.207e-3
-1.622, 1.192e-3
-1.621, 1.174e-3
-1.620, 1.159e-3
-1.619, 1.145e-3
-1.618, 1.131e-3
-1.617, 1.116e-3
-1.616, 1.101e-3
-1.615, 1.087e-3
-1.614, 1.072e-3
-1.613, 1.056e-3
-1.612, 1.039e-3
-1.611, 1.025e-3
-1.610, 1.010e-3
-1.609, 9.960e-4
-1.608, 9.810e-4
-1.607, 9.663e-4
-1.606, 9.511e-4
-1.605, 9.373e-4
-1.604, 9.227e-4
-1.603, 9.094e-4
-1.602, 8.963e-4
-1.601, 8.816e-4
-1.600, 8.693e-4
-1.599, 8.565e-4
-1.598, 8.446e-4
-1.597, 8.315e-4
-1.596, 8.168e-4
-1.595, 8.020e-4
-1.594, 7.908e-4
-1.593, 7.778e-4
-1.592, 7.663e-4
-1.591, 7.544e-4
-1.590, 7.431e-4
-1.589, 7.311e-4
-1.588, 7.179e-4
-1.587, 7.053e-4
-1.586, 6.947e-4
-1.585, 6.846e-4
-1.584, 6.741e-4
-1.583, 6.611e-4
-1.582, 6.505e-4
-1.581, 6.422e-4
-1.580, 6.312e-4
-1.579, 6.172e-4
-1.578, 6.065e-4
-1.577, 5.993e-4
-1.576, 5.862e-4
-1.575, 5.767e-4
-1.574, 5.698e-4
-1.573, 5.581e-4
-1.572, 5.492e-4
-1.571, 5.432e-4
-1.570, 5.312e-4
-1.569, 5.236e-4
-1.568, 5.157e-4
-1.567, 5.053e-4
-1.566, 4.993e-4
-1.565, 4.906e-4
-1.564, 4.819e-4
-1.563, 4.752e-4
-1.562, 4.640e-4
-1.561, 4.589e-4
-1.560, 4.473e-4
-1.559, 4.420e-4
-1.558, 4.345e-4
-1.557, 4.245e-4
-1.556, 4.203e-4
-1.555, 4.109e-4
-1.554, 4.050e-4
-1.553, 3.944e-4
-1.552, 3.902e-4
-1.551, 3.804e-4
-1.550, 3.773e-4
-1.549, 3.666e-4
-1.548, 3.632e-4
-1.547, 3.536e-4
-1.546, 3.497e-4
-1.545, 3.419e-4
-1.544, 3.367e-4
-1.543, 3.316e-4
-1.542, 3.237e-4
-1.541, 3.203e-4
-1.540, 3.106e-4
-1.539, 3.077e-4
-1.538, 3.016e-4
-1.537, 2.950e-4
-1.536, 2.916e-4
-1.535, 2.834e-4
-1.534, 2.796e-4
-1.533, 2.752e-4
-1.532, 2.678e-4
-1.531, 2.652e-4
-1.530, 2.591e-4
-1.529, 2.530e-4
-1.528, 2.503e-4
-1.527, 2.444e-4
-1.526, 2.394e-4
-1.525, 2.368e-4
-1.524, 2.313e-4
-1.523, 2.256e-4
-1.522, 2.227e-4
-1.521, 2.181e-4
-1.520, 2.122e-4
-1.519, 2.090e-4
-1.518, 2.058e-4
-1.517, 2.005e-4
-1.516, 1.969e-4
-1.515, 1.938e-4
-1.514, 1.899e-4
-1.513, 1.844e-4
-1.512, 1.814e-4
-1.511, 1.785e-4
-1.510, 1.747e-4
-1.509, 1.702e-4
-1.508, 1.678e-4
-1.507, 1.647e-4
-1.506, 1.611e-4
-1.505, 1.568e-4
-1.504, 1.539e-4
-1.503, 1.516e-4
-1.502, 1.486e-4
-1.501, 1.443e-4
-1.500, 1.413e-4
-1.499, 1.391e-4
-1.498, 1.364e-4
-1.497, 1.334e-4
-1.496, 1.296e-4
-1.495, 1.270e-4
-1.494, 1.250e-4
-1.493, 1.222e-4
-1.492, 1.196e-4
-1.491, 1.163e-4
-1.490, 1.140e-4
-1.489, 1.119e-4
-1.488, 1.095e-4
-1.487, 1.072e-4
-1.486, 1.048e-4
-1.485, 1.019e-4
-1.484, 9.975e-5
-1.483, 9.786e-5
-1.482, 9.590e-5
-1.481, 9.377e-5
-1.480, 9.169e-5
-1.479, 8.926e-5
-1.478, 8.704e-5
-1.477, 8.493e-5
-1.476, 8.316e-5
-1.475, 8.140e-5
-1.474, 7.976e-5
-1.473, 7.807e-5
-1.472, 7.608e-5
-1.471, 7.437e-5
-1.470, 7.273e-5
-1.469, 7.121e-5
-1.468, 6.973e-5
-1.467, 6.816e-5
-1.466, 6.681e-5
-1.465, 6.513e-5
-1.464, 6.344e-5
-1.463, 6.185e-5
-1.462, 6.046e-5
-1.461, 5.909e-5
-1.460, 5.791e-5
-1.459, 5.653e-5
-1.458, 5.531e-5
-1.457, 5.407e-5
-1.456, 5.279e-5
-1.455, 5.154e-5
-1.454, 5.001e-5
-1.453, 4.877e-5
-1.452, 4.759e-5
-1.451, 4.649e-5
-1.450, 4.556e-5
-1.449, 4.456e-5
-1.448, 4.352e-5
-1.447, 4.247e-5
-1.446, 4.143e-5
-1.445, 4.045e-5
-1.444, 3.950e-5
-1.443, 3.853e-5
-1.442, 3.734e-5
-1.441, 3.651e-5
-1.440, 3.556e-5
-1.439, 3.471e-5
-1.438, 3.385e-5
-1.437, 3.320e-5
-1.436, 3.238e-5
-1.435, 3.154e-5
-1.434, 3.077e-5
-1.433, 2.999e-5
-1.432, 2.926e-5
-1.431, 2.849e-5
-1.430, 2.778e-5
-1.429, 2.712e-5
-1.428, 2.626e-5
-1.427, 2.559e-5
-1.426, 2.497e-5
-1.425, 2.436e-5
-1.424, 2.377e-5
-1.423, 2.315e-5
-1.422, 2.265e-5
-1.421, 2.206e-5
-1.420, 2.150e-5
-1.419, 2.097e-5
-1.418, 2.045e-5
-1.417, 1.988e-5
-1.416, 1.938e-5
-1.415, 1.886e-5
-1.414, 1.843e-5
-1.413, 1.795e-5
-1.412, 1.750e-5
-1.411, 1.705e-5
-1.410, 1.648e-5
-1.409, 1.612e-5
-1.408, 1.572e-5
-1.407, 1.528e-5
-1.406, 1.487e-5
-1.405, 1.453e-5
-1.404, 1.416e-5
-1.403, 1.380e-5
-1.402, 1.353e-5
-1.401, 1.314e-5
-1.400, 1.282e-5
-1.399, 1.250e-5
-1.398, 1.218e-5
-1.397, 1.181e-5
-1.396, 1.152e-5
-1.395, 1.122e-5
-1.394, 1.095e-5
-1.393, 1.064e-5
-1.392, 1.037e-5
-1.391, 1.009e-5
-1.390, 9.836e-6
-1.389, 9.614e-6
-1.388, 9.347e-6
-1.387, 9.087e-6
-1.386, 8.751e-6
-1.385, 8.602e-6
-1.384, 8.384e-6
-1.383, 8.155e-6
-1.382, 7.893e-6
-1.381, 7.731e-6
-1.380, 7.515e-6
-1.379, 7.306e-6
-1.378, 7.114e-6
-1.377, 6.967e-6
-1.376, 6.808e-6
-1.375, 6.583e-6
-1.374, 6.451e-6
-1.373, 6.278e-6
-1.372, 6.101e-6
-1.371, 5.913e-6
-1.370, 5.783e-6
-1.369, 5.620e-6
-1.368, 5.470e-6
-1.367, 5.301e-6
-1.366, 5.158e-6
-1.365, 5.046e-6
-1.364, 4.937e-6
-1.363, 4.751e-6
-1.362, 4.639e-6
-1.361, 4.504e-6
-1.360, 4.382e-6
-1.359, 4.300e-6
-1.358, 4.143e-6
-1.357, 4.056e-6
-1.356, 3.887e-6
-1.355, 3.813e-6
-1.354, 3.749e-6
-1.353, 3.631e-6
-1.352, 3.494e-6
-1.351, 3.445e-6
-1.350, 3.357e-6
-1.349, 3.305e-6
-1.348, 3.178e-6
-1.347, 3.075e-6
-1.346, 3.027e-6
-1.345, 2.964e-6
-1.344, 2.945e-6
-1.343, 2.820e-6
-1.342, 2.766e-6
-1.341, 2.693e-6
-1.340, 2.660e-6
-1.339, 2.569e-6
-1.338, 2.475e-6
-1.337, 2.388e-6
-1.336, 2.309e-6
-1.335, 2.282e-6
-1.334, 2.210e-6
-1.333, 2.152e-6
-1.332, 2.081e-6
-1.331, 1.954e-6
-1.330, 1.978e-6
-1.329, 1.891e-6
-1.328, 1.818e-6
-1.327, 1.769e-6
-1.326, 1.670e-6
-1.325, 1.639e-6
-1.324, 1.588e-6
-1.323, 1.524e-6
-1.322, 1.487e-6
-1.321, 1.420e-6
-1.320, 1.385e-6
-1.319, 1.309e-6
-1.318, 1.288e-6
-1.317, 1.217e-6
-1.316, 1.175e-6
-1.315, 1.110e-6
-1.314, 1.102e-6
-1.313, 9.913e-7
-1.312, 9.864e-7
-1.311, 9.292e-7
-1.310, 9.262e-7
-1.309, 8.848e-7
-1.308, 8.128e-7
-1.307, 7.516e-7
-1.306, 7.516e-7
-1.305, 6.954e-7
-1.304, 6.756e-7
-1.303, 6.293e-7
-1.302, 5.750e-7
-1.301, 5.395e-7
-1.300, 5.493e-7
-1.299, 5.059e-7
-1.298, 4.684e-7
-1.297, 4.448e-7
-1.296, 4.329e-7
-1.295, 3.787e-7
-1.294, 3.727e-7
-1.293, 3.303e-7
-1.292, 2.849e-7
-1.291, 2.514e-7
-1.290, 2.494e-7
-1.289, 1.991e-7
-1.288, 1.794e-7
-1.287, 1.123e-7
-1.286, 1.004e-7
-1.285, 7.577e-8
-1.284, 6.689e-8
-1.283, 1.559e-8
-1.282, -2.190e-8
-1.281, -6.137e-8
-1.280, -5.939e-8
-1.279, -1.038e-7
-1.278, -1.196e-7
-1.277, -1.877e-7
-1.276, -1.778e-7
-1.275, -1.847e-7
-1.274, -2.074e-7
-1.273, -2.419e-7
-1.272, -2.843e-7
-1.271, -3.080e-7
-1.270, -3.248e-7
-1.269, -3.120e-7
-1.268, -3.573e-7
-1.267, -3.781e-7
-1.266, -3.761e-7
-1.265, -3.909e-7
-1.264, -4.008e-7
-1.263, -4.432e-7
-1.262, -4.491e-7
-1.261, -4.649e-7
-1.260, -5.043e-7
-1.259, -4.925e-7
-1.258, -5.487e-7
-1.257, -5.774e-7
-1.256, -5.922e-7
-1.255, -5.852e-7
-1.254, -6.356e-7
-1.253, -6.287e-7
-1.252, -6.928e-7
-1.251, -7.076e-7
-1.250, -6.977e-7
-1.249, -7.155e-7
-1.248, -7.510e-7
-1.247, -7.845e-7
-1.246, -8.102e-7
-1.245, -7.924e-7
-1.244, -7.875e-7
-1.243, -8.556e-7
-1.242, -8.812e-7
-1.241, -8.694e-7
-1.240, -8.793e-7
-1.239, -8.802e-7
-1.238, -9.108e-7
-1.237, -9.138e-7
-1.236, -9.325e-7
-1.235, -9.572e-7
-1.234, -9.227e-7
-1.233, -9.680e-7
-1.232, -9.789e-7
-1.231, -1.012e-6
-1.230, -1.005e-6
-1.229, -1.028e-6
-1.228, -1.034e-6
-1.227, -1.072e-6
-1.226, -1.064e-6
-1.225, -1.074e-6
-1.224, -1.070e-6
-1.223, -1.096e-6
-1.222, -1.155e-6
-1.221, -1.110e-6
-1.220, -1.151e-6
-1.219, -1.130e-6
-1.218, -1.173e-6
-1.217, -1.192e-6
-1.216, -1.169e-6
-1.215, -1.144e-6
-1.214, -1.142e-6
-1.213, -1.175e-6
-1.212, -1.174e-6
-1.211, -1.235e-6
-1.210, -1.218e-6
-1.209, -1.227e-6
-1.208, -1.225e-6
-1.207, -1.249e-6
-1.206, -1.251e-6
-1.205, -1.256e-6
-1.204, -1.279e-6
-1.203, -1.312e-6
-1.202, -1.341e-6
-1.201, -1.344e-6
-1.200, -1.318e-6
-1.199, -1.330e-6
-1.198, -1.385e-6
-1.197, -1.411e-6
-1.196, -1.423e-6
-1.195, -1.422e-6
-1.194, -1.406e-6
-1.193, -1.469e-6
-1.192, -1.468e-6
-1.191, -1.470e-6
-1.190, -1.450e-6
-1.189, -1.446e-6
-1.188, -1.484e-6
-1.187, -1.521e-6
-1.186, -1.531e-6
-1.185, -1.521e-6
-1.184, -1.517e-6
-1.183, -1.567e-6
-1.182, -1.581e-6
-1.181, -1.595e-6
-1.180, -1.586e-6
-1.179, -1.589e-6
-1.178, -1.597e-6
-1.177, -1.680e-6
-1.176, -1.661e-6
-1.175, -1.635e-6
-1.174, -1.652e-6
-1.173, -1.700e-6
-1.172, -1.717e-6
-1.171, -1.760e-6
-1.170, -1.725e-6
-1.169, -1.734e-6
-1.168, -1.762e-6
-1.167, -1.795e-6
-1.166, -1.800e-6
-1.165, -1.800e-6
-1.164, -1.777e-6
-1.163, -1.841e-6
-1.162, -1.856e-6
-1.161, -1.891e-6
-1.160, -1.843e-6
-1.159, -1.825e-6
-1.158, -1.892e-6
-1.157, -1.917e-6
-1.156, -1.917e-6
-1.155, -1.901e-6
-1.154, -1.876e-6
-1.153, -1.905e-6
-1.152, -1.898e-6
-1.151, -1.950e-6
-1.150, -1.946e-6
-1.149, -1.939e-6
-1.148, -1.955e-6
-1.147, -1.981e-6
-1.146, -1.997e-6
-1.145, -1.984e-6
-1.144, -2.000e-6
-1.143, -2.003e-6
-1.142, -2.062e-6
-1.141, -2.010e-6
-1.140, -2.039e-6
-1.139, -2.078e-6
-1.138, -2.068e-6
-1.137, -2.132e-6
-1.136, -2.116e-6
-1.135, -2.086e-6
-1.134, -2.107e-6
-1.133, -2.115e-6
-1.132, -2.139e-6
-1.131, -2.149e-6
-1.130, -2.131e-6
-1.129, -2.143e-6
-1.128, -2.176e-6
-1.127, -2.196e-6
-1.126, -2.215e-6
-1.125, -2.180e-6
-1.124, -2.193e-6
-1.123, -2.245e-6
-1.122, -2.251e-6
-1.121, -2.253e-6
-1.120, -2.237e-6
-1.119, -2.263e-6
-1.118, -2.284e-6
-1.117, -2.310e-6
-1.116, -2.315e-6
-1.115, -2.319e-6
-1.114, -2.292e-6
-1.113, -2.333e-6
-1.112, -2.346e-6
-1.111, -2.364e-6
-1.110, -2.353e-6
-1.109, -2.334e-6
-1.108, -2.375e-6
-1.107, -2.406e-6
-1.106, -2.387e-6
-1.105, -2.395e-6
-1.104, -2.374e-6
-1.103, -2.441e-6
-1.102, -2.477e-6
-1.101, -2.455e-6
-1.100, -2.436e-6
-1.099, -2.431e-6
-1.098, -2.472e-6
-1.097, -2.482e-6
-1.096, -2.500e-6
-1.095, -2.479e-6
-1.094, -2.495e-6
-1.093, -2.518e-6
-1.092, -2.525e-6
-1.091, -2.549e-6
-1.090, -2.505e-6
-1.089, -2.527e-6
-1.088, -2.553e-6
-1.087, -2.566e-6
-1.086, -2.585e-6
-1.085, -2.579e-6
-1.084, -2.537e-6
-1.083, -2.628e-6
-1.082, -2.618e-6
-1.081, -2.654e-6
-1.080, -2.623e-6
-1.079, -2.637e-6
-1.078, -2.656e-6
-1.077, -2.646e-6
-1.076, -2.683e-6
-1.075, -2.697e-6
-1.074, -2.701e-6
-1.073, -2.737e-6
-1.072, -2.742e-6
-1.071, -2.737e-6
-1.070, -2.747e-6
-1.069, -2.753e-6
-1.068, -2.785e-6
-1.067, -2.813e-6
-1.066, -2.797e-6
-1.065, -2.828e-6
-1.064, -2.817e-6
-1.063, -2.838e-6
-1.062, -2.886e-6
-1.061, -2.879e-6
-1.060, -2.888e-6
-1.059, -2.885e-6
-1.058, -2.927e-6
-1.057, -2.929e-6
-1.056, -2.925e-6
-1.055, -2.908e-6
-1.054, -2.934e-6
-1.053, -2.988e-6
-1.052, -2.976e-6
-1.051, -3.020e-6
-1.050, -3.017e-6
-1.049, -3.016e-6
-1.048, -3.039e-6
-1.047, -3.080e-6
-1.046, -3.069e-6
-1.045, -3.051e-6
-1.044, -3.103e-6
-1.043, -3.149e-6
-1.042, -3.148e-6
-1.041, -3.158e-6
-1.040, -3.157e-6
-1.039, -3.182e-6
-1.038, -3.212e-6
-1.037, -3.247e-6
-1.036, -3.244e-6
-1.035, -3.241e-6
-1.034, -3.261e-6
-1.033, -3.300e-6
-1.032, -3.331e-6
-1.031, -3.343e-6
-1.030, -3.339e-6
-1.029, -3.370e-6
-1.028, -3.395e-6
-1.027, -3.428e-6
-1.026, -3.459e-6
-1.025, -3.421e-6
-1.024, -3.458e-6
-1.023, -3.525e-6
-1.022, -3.559e-6
-1.021, -3.559e-6
-1.020, -3.567e-6
-1.019, -3.563e-6
-1.018, -3.609e-6
-1.017, -3.662e-6
-1.016, -3.658e-6
-1.015, -3.648e-6
-1.014, -3.697e-6
-1.013, -3.685e-6
-1.012, -3.741e-6
-1.011, -3.749e-6
-1.010, -3.729e-6
-1.009, -3.777e-6
-1.008, -3.817e-6
-1.007, -3.851e-6
-1.006, -3.836e-6
-1.005, -3.848e-6
-1.004, -3.873e-6
-1.003, -3.930e-6
-1.002, -3.945e-6
-1.001, -3.957e-6
