Potential V vs RHE, Current mA cm-2
0.013299999999999867,-4.9302688800296535
0.012299999999999978,-5.585280211867165
0.011299999999999866,-6.021011292225596
0.010299999999999976,-6.414301033588076
0.009299999999999864,-6.762320013354876
0.008299999999999974,-7.067897654125724
0.007299999999999862,-7.329619244600755
0.006299999999999972,-7.5474847847799715
0.00529999999999986,-7.7653503249591855
0.0042999999999999705,-7.940774526142452
0.0032999999999998586,-8.11478401602585
0.0022999999999999687,-8.288793505909249
0.0012999999999998568,-8.4203616567967
0.00029999999999996696,-8.594371146680096
-0.000700000000000145,-8.769795347863363
-0.0017000000000000348,-8.943804837746763
-0.0027000000000001467,-9.073958277334345
-0.0037000000000000366,-9.205526428221793
-0.0047000000000001485,-9.293238528813426
-0.005700000000000038,-9.423391968401008
-0.00670000000000015,-9.511104068992642
-0.00770000000000004,-9.641257508580225
-0.008700000000000152,-9.81668170976349
-0.009700000000000042,-9.946835149351072
-0.010700000000000154,-10.078403300238522
-0.011700000000000044,-10.164700689530287
-0.012700000000000156,-10.25241279012192
-0.013700000000000045,-10.340124890713554
-0.014700000000000157,-10.42642228000532
-0.015700000000000047,-10.514134380596953
-0.01670000000000016,-10.644287820184536
-0.01770000000000005,-10.731999920776168
-0.01870000000000016,-10.819712021367803
-0.01970000000000005,-10.949865460955383
-0.020700000000000163,-10.993721511251199
-0.021700000000000053,-11.081433611842833
-0.022700000000000164,-11.123874950838783
-0.023700000000000054,-11.211587051430415
-0.024700000000000166,-11.343155202317865
-0.025700000000000056,-11.42945259160963
-0.026700000000000168,-11.517164692201263
-0.027700000000000058,-11.647318131788847
-0.02870000000000017,-11.691174182084664
-0.02970000000000006,-11.778886282676295
-0.03070000000000017,-11.82274233297211
-0.03170000000000006,-11.909039722263879
-0.03270000000000017,-11.952895772559694
-0.03370000000000006,-12.084463923447142
-0.034700000000000175,-12.170761312738911
-0.035700000000000065,-12.258473413330542
-0.03670000000000018,-12.302329463626359
-0.03770000000000007,-12.390041564217992
-0.03870000000000018,-12.432482903213943
-0.03970000000000007,-12.476338953509758
-0.04070000000000018,-12.520195003805576
-0.04170000000000007,-12.607907104397206
-0.04270000000000018,-12.73806054398479
-0.04370000000000007,-12.781916594280606
-0.044700000000000184,-12.825772644576423
-0.045700000000000074,-12.869628694872238
-0.046700000000000186,-12.913484745168056
-0.047700000000000076,-12.955926084164007
-0.04870000000000019,-13.043638184755638
-0.04970000000000008,-13.13135028534727
-0.05070000000000019,-13.217647674639037
-0.05170000000000008,-13.30535977523067
-0.05270000000000019,-13.349215825526485
-0.05370000000000008,-13.3930718758223
-0.05470000000000019,-13.47936926511407
-0.05570000000000008,-13.47936926511407
-0.056700000000000195,-13.567081365705702
-0.057700000000000085,-13.610937416001518
-0.058700000000000196,-13.698649516593148
-0.059700000000000086,-13.784946905884919
-0.0607000000000002,-13.872659006476551
-0.06170000000000009,-13.960371107068182
-0.0627000000000002,-14.002812446064135
-0.06370000000000009,-14.002812446064135
-0.0647000000000002,-14.046668496359947
-0.06570000000000009,-14.13438059695158
-0.0667000000000002,-14.217848563643619
-0.0677000000000001,-14.30273124163552
-0.0687000000000002,-14.345172580631472
-0.0697000000000001,-14.444202371622024
-0.07070000000000021,-14.486643710617974
-0.0717000000000001,-14.529085049613924
-0.07270000000000021,-14.57152638860988
-0.0737000000000001,-14.61396772760583
-0.07470000000000021,-14.69885040559773
-0.0757000000000001,-14.783733083589633
-0.07670000000000021,-14.868615761581536
-0.0777000000000001,-14.925204213576137
-0.07870000000000021,-15.01008689156804
-0.0797000000000001,-15.01008689156804
-0.08070000000000022,-15.05252823056399
-0.0817000000000001,-15.137410908555893
-0.08270000000000022,-15.179852247551842
-0.08370000000000011,-15.264734925543747
-0.08470000000000022,-15.349617603535648
-0.08570000000000011,-15.448647394526201
-0.08670000000000022,-15.491088733522153
-0.08770000000000011,-15.533530072518102
-0.08870000000000022,-15.575971411514052
-0.08970000000000011,-15.618412750510005
-0.09070000000000022,-15.660854089505953
-0.09170000000000011,-15.74573676749786
-0.09270000000000023,-15.830619445489761
-0.09370000000000012,-15.87306078448571
-0.09470000000000023,-15.972090575476265
-0.09570000000000012,-16.014531914472215
-0.09670000000000023,-16.056973253468165
-0.09770000000000012,-16.099414592464115
-0.09870000000000023,-16.141855931460068
-0.09970000000000012,-16.22673860945197
-0.10070000000000023,-16.311621287443874
-0.10170000000000012,-16.396503965435777
-0.10270000000000024,-16.438945304431726
-0.10370000000000013,-16.53797509542228
-0.10470000000000024,-16.580416434418233
-0.10570000000000013,-16.622857773414182
-0.10670000000000024,-16.665299112410132
-0.10770000000000013,-16.750181790402035
-0.10870000000000024,-16.835064468393938
-0.10970000000000013,-16.877505807389888
-0.11070000000000024,-16.962388485381787
-0.11170000000000013,-17.018976937376394
-0.11270000000000002,-17.061418276372343
-0.11370000000000013,-17.103859615368293
-0.11470000000000002,-17.146300954364243
-0.11570000000000014,-17.188742293360193
-0.11670000000000003,-17.316066310348052
-0.11770000000000014,-17.40094898833995
-0.11870000000000003,-17.4433903273359
-0.11970000000000014,-17.542420118326454
-0.12070000000000003,-17.584861457322408
-0.12170000000000014,-17.627302796318357
-0.12270000000000003,-17.71218547431026
-0.12370000000000014,-17.75462681330621
-0.12470000000000003,-17.839509491298113
-0.12570000000000014,-17.924392169290012
-0.12670000000000003,-18.06586329927652
-0.12770000000000015,-18.15074597726842
-0.12870000000000004,-18.19318731626437
-0.12970000000000015,-18.23562865526032
-0.13070000000000004,-18.320511333252224
-0.13170000000000015,-18.362952672248177
-0.13270000000000004,-18.49027668923603
-0.13370000000000015,-18.589306480226583
-0.13470000000000004,-18.674189158218486
-0.13570000000000015,-18.759071836210385
-0.13670000000000004,-18.843954514202288
-0.13770000000000016,-18.88639585319824
-0.13870000000000005,-18.92883719219419
-0.13970000000000016,-19.01371987018609
-0.14070000000000005,-19.056161209182044
-0.14170000000000016,-19.197632339168546
-0.14270000000000005,-19.3249563561564
-0.14370000000000016,-19.409839034148305
-0.14470000000000005,-19.537163051136158
-0.14570000000000016,-19.636192842126707
-0.14670000000000005,-19.721075520118614
-0.14770000000000016,-19.763516859114564
-0.14870000000000005,-19.848399537106463
-0.14970000000000017,-19.97572355409432
-0.15070000000000006,-20.10304757108217
-0.15170000000000017,-20.202077362072725
-0.15270000000000006,-20.329401379060574
-0.15370000000000017,-20.414284057052477
-0.15470000000000006,-20.499166735044383
-0.15570000000000017,-20.541608074040333
-0.15670000000000006,-20.626490752032236
-0.15770000000000017,-20.76796188201874
-0.15870000000000006,-20.89528589900659
-0.15970000000000018,-20.980168576998494
-0.16070000000000007,-21.107492593986347
-0.16170000000000018,-21.2065223849769
-0.16270000000000007,-21.291405062968803
-0.16370000000000018,-21.333846401964752
-0.16470000000000007,-21.418729079956652
-0.16570000000000018,-21.503611757948562
-0.16670000000000007,-21.63093577493641
-0.16770000000000018,-21.772406904922917
-0.16870000000000007,-21.857289582914817
-0.16970000000000018,-21.98461359990267
-0.17070000000000007,-22.069496277894572
-0.17170000000000019,-22.15437895588647
-0.17270000000000008,-22.253408746877028
-0.1737000000000002,-22.38073276386488
-0.17470000000000008,-22.508056780852733
-0.1757000000000002,-22.63538079784059
-0.17670000000000008,-22.776851927827092
-0.1777000000000002,-22.904175944814945
-0.17870000000000008,-22.989058622806844
-0.1797000000000002,-23.1163826397947
-0.18070000000000008,-23.2012653177866
-0.1817000000000002,-23.342736447773106
-0.18270000000000008,-23.47006046476096
-0.1837000000000002,-23.639825820744765
-0.1847000000000001,-23.767149837732617
-0.1857000000000002,-23.908620967719123
-0.1867000000000001,-24.035944984706973
-0.1877000000000002,-24.16326900169483
-0.1887000000000001,-24.290593018682678
-0.1897000000000002,-24.389622809673234
-0.1907000000000001,-24.559388165657033
-0.1917000000000001,-24.686712182644893
-0.19269999999999998,-24.870624651627345
-0.1937000000000001,-25.04039000761115
-0.19469999999999998,-25.167714024599
-0.1957000000000001,-25.252596702590903
-0.19669999999999999,-25.39406783257741
-0.1977000000000001,-25.478950510569312
-0.1987,-25.60627452755716
-0.1997000000000001,-25.73359854454502
-0.2007,-25.91751101352747
-0.2017000000000001,-26.044835030515326
-0.2027,-26.17215904750318
-0.2037000000000001,-26.29948306449103
-0.2047,-26.440954194477534
-0.2057000000000001,-26.525836872469437
-0.2067,-26.65316088945729
-0.2077000000000001,-26.780484906445146
-0.2087,-26.9643973754276
-0.2097000000000001,-27.091721392415455
-0.2107,-27.219045409403304
-0.2117000000000001,-27.38881076538711
-0.2127,-27.487840556377662
-0.2137000000000001,-27.615164573365515
-0.2147,-27.742488590353368
-0.2157000000000001,-27.912253946337174
-0.2167,-28.05372507632368
-0.21770000000000012,-28.22349043230748
-0.2187,-28.350814449295335
-0.21970000000000012,-28.53472691827779
-0.2207,-28.619609596269694
-0.22170000000000012,-28.746933613257543
-0.2227,-28.8742576302454
-0.22370000000000012,-29.001581647233255
-0.2247,-29.14305277721976
-0.22570000000000012,-29.31281813320356
-0.2267,-29.482583489187363
-0.22770000000000012,-29.62405461917387
-0.22870000000000001,-29.751378636161718
-0.22970000000000013,-29.878702653149578
-0.23070000000000002,-30.00602667013743
-0.23170000000000013,-30.10505646112798
-0.23270000000000002,-30.274821817111786
-0.23370000000000013,-30.402145834099635
-0.23470000000000002,-30.571911190083444
-0.23570000000000013,-30.71338232006995
-0.23670000000000002,-30.8407063370578
-0.2376999999999999,-30.968030354045652
-0.23870000000000002,-31.052913032037555
-0.2396999999999999,-31.137795710029454
-0.24070000000000003,-31.321708179011907
-0.24169999999999991,-31.49147353499572
-0.24270000000000003,-31.661238890979522
-0.24369999999999992,-31.802710020966025
-0.24470000000000003,-31.887592698957924
-0.24569999999999992,-32.01491671594578
-0.24670000000000003,-32.09979939393769
-0.24769999999999992,-32.24127052392419
-0.24870000000000003,-32.368594540912035
-0.24969999999999992,-32.53835989689585
-0.25070000000000003,-32.66568391388369
-0.2516999999999999,-32.807155043870196
-0.25270000000000004,-32.93447906085806
-0.2536999999999999,-33.06180307784591
-0.25470000000000004,-33.18912709483376
-0.2556999999999999,-33.288156885824314
-0.25670000000000004,-33.41548090281216
-0.25769999999999993,-33.54280491980002
-0.25870000000000004,-33.712570275783825
-0.25969999999999993,-33.85404140577033
-0.26070000000000004,-33.98136542275818
-0.26169999999999993,-34.10868943974604
-0.26270000000000004,-34.236013456733886
-0.26369999999999993,-34.33504324772444
-0.26470000000000005,-34.462367264712285
-0.26569999999999994,-34.5472499427042
-0.26670000000000005,-34.717015298688004
-0.26769999999999994,-34.85848642867451
-0.26870000000000005,-35.02825178465831
-0.26969999999999994,-35.11313446265021
-0.27070000000000005,-35.198017140642115
-0.27169999999999994,-35.282899818634014
-0.27270000000000005,-35.38192960962457
-0.27369999999999994,-35.46681228761647
-0.27470000000000006,-35.594136304604326
-0.27569999999999995,-35.763901660588125
-0.27670000000000006,-35.90537279057463
-0.27769999999999995,-35.99025546856653
-0.27870000000000006,-36.07513814655844
-0.27969999999999995,-36.16002082455034
-0.28070000000000006,-36.244903502542236
-0.28169999999999995,-36.329786180534136
-0.28270000000000006,-36.47125731052064
-0.28369999999999995,-36.5985813275085
-0.28470000000000006,-36.725905344496354
-0.28569999999999995,-36.81078802248826
-0.28670000000000007,-36.89567070048016
-0.28769999999999996,-36.99470049147071
-0.28870000000000007,-37.07958316946261
-0.28969999999999996,-37.164465847454515
-0.29070000000000007,-37.291789864442364
-0.29169999999999996,-37.376672542434264
-0.29270000000000007,-37.51814367242077
-0.29369999999999996,-37.645467689408626
-0.2947000000000001,-37.77279170639648
-0.29569999999999996,-37.85767438438838
-0.2967000000000001,-37.90011572338433
-0.29769999999999996,-37.99914551437489
-0.2987000000000001,-38.08402819236679
-0.29969999999999997,-38.211352209354644
-0.3007000000000001,-38.33867622634249
-0.30169999999999997,-38.42355890433439
-0.3027000000000001,-38.607471373316855
-0.30369999999999997,-38.6499127123128
-0.3047000000000001,-38.777236729300654
-0.30569999999999997,-38.81967806829661
-0.3067000000000001,-38.94700208528445
-0.3077,-39.08847321527096
-0.3087000000000001,-39.21579723225882
-0.3097,-39.34312124924667
-0.3107000000000001,-39.42800392723857
-0.3117,-39.56947505722508
-0.3127000000000001,-39.654357735216976
-0.3137,-39.739240413208876
-0.3147000000000001,-39.86656443019674
-0.3157,-39.99388844718459
-0.3167000000000001,-40.092918238175145
-0.3177,-40.26268359415894
-0.3187000000000001,-40.3900076111468
-0.3197,-40.51733162813464
-0.3207000000000001,-40.65880275812115
-0.3217,-40.78612677510901
-0.3227000000000001,-40.828568114104954
-0.3237,-40.95589213109281
-0.3247000000000001,-41.083216148080666
-0.3257,-41.22468727806717
-0.3267000000000001,-41.352011295055014
-0.3277,-41.47933531204288
-0.3287000000000001,-41.606659329030734
-0.3297,-41.74813045901723
-0.3307000000000001,-41.83301313700913
-0.3317,-41.91789581500104
-0.3327000000000001,-42.04521983198889
-0.3337,-42.229132300971344
-0.3347000000000001,-42.39889765695515
-0.3357,-42.526221673943
-0.3367000000000001,-42.653545690930855
-0.3377,-42.79501682091736
-0.3387000000000001,-42.87989949890926
-0.3397,-43.04966485489307
-0.3407000000000001,-43.17698887188092
-0.3417,-43.36090134086337
-0.3427000000000001,-43.48822535785123
-0.3437,-43.61554937483908
-0.3447000000000001,-43.79946184382153
-0.3457,-43.92678586080939
-0.3467000000000001,-44.054109877797245
-0.3477,-44.181433894785094
-0.3487000000000001,-44.36534636376755
-0.3497,-44.535111719751356
-0.3507000000000001,-44.66243573673921
-0.3517,-44.84634820572166
-0.3527000000000001,-45.01611356170547
-0.3537,-45.143437578693316
-0.3547000000000001,-45.32735004767578
-0.3557,-45.45467406466363
-0.35670000000000013,-45.624439420647434
-0.3577,-45.75176343763528
-0.35870000000000013,-45.93567590661774
-0.3597,-46.147882601597495
-0.36070000000000013,-46.3176479575813
-0.3617,-46.501560426563756
-0.3626999999999999,-46.67132578254756
-0.3637,-46.84109113853137
-0.3646999999999999,-46.982562268517874
-0.3657,-47.19476896349763
-0.3666999999999999,-47.36453431948143
-0.3677,-47.590888127459834
-0.3686999999999999,-47.76065348344364
-0.36970000000000003,-47.987007291422046
-0.3706999999999999,-48.114331308409895
-0.37170000000000003,-48.2840966643937
-0.3726999999999999,-48.45386202037751
-0.37370000000000003,-48.63777448935996
-0.3746999999999999,-48.84998118433972
-0.37570000000000003,-49.076334992318124
-0.3766999999999999,-49.28854168729788
-0.37770000000000004,-49.458307043281685
-0.3786999999999999,-49.59977817326819
-0.37970000000000004,-49.76954352925199
-0.3806999999999999,-49.939308885235796
-0.38170000000000004,-50.12322135421825
-0.38269999999999993,-50.335428049198
-0.38370000000000004,-50.50519340518181
-0.38469999999999993,-50.68910587416426
-0.38570000000000004,-50.85887123014807
-0.38669999999999993,-51.028636586131874
-0.38770000000000004,-51.25499039411028
-0.38869999999999993,-51.424755750094086
-0.38970000000000005,-51.65110955807249
-0.39069999999999994,-51.82087491405629
-0.39170000000000005,-51.990640270040096
-0.39269999999999994,-52.2169940780185
-0.39370000000000005,-52.386759434002315
-0.39469999999999994,-52.59896612898206
-0.39570000000000005,-52.82531993696047
-0.39669999999999994,-53.03752663194023
-0.39770000000000005,-53.22143910092268
-0.39869999999999994,-53.39120445690648
-0.39970000000000006,-53.56096981289029
-0.40069999999999995,-53.7873236208687
-0.40170000000000006,-54.0419716548444
-0.40269999999999995,-54.26832546282281
-0.40370000000000006,-54.480532157802564
-0.40469999999999995,-54.65029751378637
-0.40570000000000006,-54.834209982768826
-0.40669999999999995,-55.003975338752625
-0.40770000000000006,-55.21618203373238
-0.40869999999999995,-55.400094502714836
-0.40970000000000006,-55.65474253669055
-0.41069999999999995,-55.9235376836649
-0.41170000000000007,-56.13574437864466
-0.41269999999999996,-56.36209818662306
-0.41370000000000007,-56.57430488160282
-0.41469999999999996,-56.786511576582576
-0.41570000000000007,-56.97042404556503
-0.41669999999999996,-57.182630740544774
-0.41770000000000007,-57.45142588751914
-0.41869999999999996,-57.66363258249889
-0.4197000000000001,-57.87583927747865
-0.42069999999999996,-58.10219308545706
-0.4217000000000001,-58.27195844144086
-0.42269999999999996,-58.498312249419264
-0.4237000000000001,-58.66807760540307
-0.42469999999999997,-58.880284300382826
-0.4257000000000001,-59.14907944735718
-0.42669999999999997,-59.36128614233694
-0.4277000000000001,-59.587639950315335
-0.42869999999999997,-59.7998466452951
-0.4297000000000001,-59.9696120012789
-0.43069999999999997,-60.19596580925731
-0.4317000000000001,-60.36573116524111
-0.4327,-60.59208497321952
-0.4337000000000001,-60.84673300719523
-0.4347,-61.07308681517363
-0.4357000000000001,-61.28529351015339
-0.4367,-61.455058866137186
-0.4377000000000001,-61.6814126741156
-0.4387,-61.851178030099405
-0.4397000000000001,-62.02094338608321
-0.4407,-62.24729719406162
-0.4417000000000001,-62.501945228037314
-0.4427,-62.77074037501168
-0.4437000000000001,-62.98294706999144
-0.4447,-63.20930087796983
-0.4457000000000001,-63.37906623395363
-0.4467,-63.59127292893339
-0.4477000000000001,-63.77518539791585
-0.4487,-63.98739209289561
-0.4497000000000001,-64.25618723986996
-0.4507,-64.46839393484973
-0.4517000000000001,-64.68060062982947
-0.4527,-64.90695443780788
-0.4537000000000001,-65.0767197937917
-0.4547,-65.3030736017701
-0.4557000000000001,-65.4728389577539
-0.4567,-65.68504565273366
-0.4577000000000001,-65.91139946071206
-0.4587,-66.12360615569182
-0.4597000000000001,-66.34995996367022
-0.4607,-66.51972531965401
-0.4617000000000001,-66.73193201463377
-0.4627,-66.9582858226122
-0.4637000000000001,-67.17049251759194
-0.4647,-67.39684632557035
-0.4657000000000001,-67.6090530205501
-0.4667,-67.7788183765339
-0.4677000000000001,-68.0051721845123
-0.4687,-68.21737887949207
-0.4697000000000001,-68.48617402646643
-0.4707,-68.74082206044213
-0.4717000000000001,-68.91058741642594
-0.4727,-69.13694122440434
-0.4737000000000001,-69.30670658038814
-0.4747,-69.53306038836655
-0.4757000000000001,-69.78770842234226
-0.4767,-70.01406223032066
-0.4777000000000001,-70.26871026429637
-0.4787,-70.48091695927613
-0.4797000000000001,-70.70727076725453
-0.4807,-70.87703612323833
-0.48170000000000013,-71.10338993121674
-0.4827,-71.31559662619651
-0.48370000000000013,-71.58439177317086
-0.4847,-71.83903980714656
-0.48570000000000013,-72.10783495412092
-0.4867,-72.36248298809663
-0.4876999999999999,-72.53224834408043
-0.4887,-72.75860215205884
-0.4896999999999999,-72.97080884703858
-0.4907,-73.197162655017
-0.4916999999999999,-73.45181068899271
-0.4927,-73.72060583596706
-0.4936999999999999,-73.97525386994278
-0.49470000000000003,-74.20160767792116
-0.4956999999999999,-74.41381437290093
-0.49670000000000003,-74.62602106788069
-0.4976999999999999,-74.8523748758591
-0.49870000000000003,-75.06458157083884
-0.4996999999999999,-75.33337671781321
-0.5007,-75.5880247517889
-0.5016999999999999,-75.85681989876326
-0.5027,-76.06902659374302
-0.5036999999999999,-76.33782174071737
-0.5047,-76.55002843569714
-0.5056999999999999,-76.7622351306769
-0.5067,-77.03103027765125
-0.5076999999999999,-77.28567831162695
-0.5087,-77.59691479759726
-0.5096999999999999,-77.86570994457162
-0.5107,-78.12035797854733
-0.5116999999999999,-78.33256467352709
-0.5127,-78.60135982050144
-0.5136999999999999,-78.85600785447714
-0.5147,-79.08236166245555
-0.5156999999999999,-79.33700969643127
-0.5167,-79.64824618240156
-0.5176999999999999,-79.90289421637728
-0.5187,-80.21413070234757
-0.5196999999999999,-80.46877873632329
-0.5207,-80.73757388329766
-0.5216999999999999,-80.9497805782774
-0.5227,-81.1761343862558
-0.5236999999999999,-81.43078242023151
-0.5247,-81.69957756720586
-0.5257,-81.99666694017753
-0.5267000000000001,-82.26546208715187
-0.5277,-82.56255146012353
-0.5287000000000001,-82.8313466070979
-0.5297,-83.14258309306821
-0.5307000000000001,-83.35478978804795
-0.5317,-83.66602627401826
-0.5327000000000001,-83.87823296899803
-0.5337,-84.09043966397778
-0.5347000000000001,-84.35923481095215
-0.5357,-84.61388284492786
-0.5367000000000001,-84.92511933089816
-0.5377,-85.27879715586442
-0.5387000000000001,-85.61832786783202
-0.5397,-85.97200569279828
-0.5407000000000001,-86.32568351776455
-0.5417,-86.6227728907362
-0.5427000000000001,-86.97645071570246
-0.5437,-87.33012854066871
-0.5447000000000001,-87.62721791364037
-0.5457,-87.93845439961068
-0.5467000000000001,-88.23554377258235
-0.5477,-88.5892215975486
-0.5487000000000001,-88.9004580835189
-0.5497,-89.19754745649055
-0.5507000000000001,-89.50878394246087
-0.5517,-89.80587331543254
-0.5527000000000001,-90.07466846240689
-0.5537,-90.37175783537855
-0.5547000000000001,-90.68299432134886
-0.5557,-90.99423080731917
-0.5567000000000001,-91.29132018029082
-0.5577,-91.56011532726518
-0.5587000000000001,-91.81476336124088
-0.5597,-92.12599984721119
-0.5607000000000001,-92.42308922018285
-0.5617,-92.6918843671572
-0.5627000000000001,-92.98897374012887
-0.5637,-93.30021022609918
-0.5647000000000001,-93.61144671206948
-0.5657,-93.90853608504113
-0.5667000000000001,-94.21977257101145
-0.5677,-94.55930328297906
-0.5687000000000001,-94.91298110794531
-0.5697,-95.22421759391563
-0.5707000000000001,-95.47886562789132
-0.5717,-95.83254345285758
-0.5727000000000001,-96.12963282582925
-0.5737,-96.52575198979144
-0.5747000000000001,-96.87942981475771
-0.5757,-97.26140186572127
-0.5767000000000001,-97.61507969068752
-0.5777,-97.92631617665783
-0.5787000000000001,-98.2234055496295
-0.5797,-98.57708337459576
-0.5807000000000001,-98.93076119956201
-0.5817,-99.27029191152963
-0.5827000000000001,-99.66641107549184
-0.5837,-100.10497157844999
-0.5847000000000001,-100.5010907424122
-0.5857,-100.98209258436633
-0.5867000000000001,-100.670856098396
-0.5857,-99.49664571950804
-0.5847000000000001,-98.5346420355998
-0.5837,-97.6575210296835
-0.5827000000000001,-96.79454713676581
-0.5817,-95.95986746984543
-0.5807000000000001,-95.22421759391563
-0.5797,-94.4319792659912
-0.5787000000000001,-93.65388805106544
-0.5777,-92.86164972314101
-0.5767000000000001,-92.08355850821525
-0.5757,-91.37620285828272
-0.5747000000000001,-90.6405529823529
-0.5737,-89.89075599342443
-0.5727000000000001,-89.15510611749461
-0.5717,-88.46189758056073
-0.5707000000000001,-87.75454193062824
-0.5697,-87.01889205469841
-0.5687000000000001,-86.32568351776455
-0.5677,-85.66076920682796
-0.5667000000000001,-84.96756066989411
-0.5657,-84.27435213296022
-0.5647000000000001,-83.66602627401826
-0.5637,-83.0011119630817
-0.5627000000000001,-82.39278610413973
-0.5617,-81.74201890620182
-0.5607000000000001,-81.09125170826391
-0.5597,-80.42633739732734
-0.5587000000000001,-79.7755701993894
-0.5577,-79.16724434044745
-0.5567000000000001,-78.55891848150549
-0.5557,-77.95059262256353
-0.5547000000000001,-77.38470810261751
-0.5537,-76.81882358267148
-0.5527000000000001,-76.19635061073087
-0.5517,-75.63046609078486
-0.5507000000000001,-75.02214023184291
-0.5497,-74.41381437290093
-0.5487000000000001,-73.80548851395896
-0.5477,-73.23960399401295
-0.5467000000000001,-72.71616081306288
-0.5457,-72.15027629311687
-0.5447000000000001,-71.58439177317086
-0.5437,-70.96191880123024
-0.5427000000000001,-70.39603428128423
-0.5417,-69.87259110033416
-0.5407000000000001,-69.30670658038814
-0.5397,-68.82570473843404
-0.5387000000000001,-68.30226155748396
-0.5377,-67.7788183765339
-0.5367000000000001,-67.21293385658788
-0.5357,-66.64704933664189
-0.5347000000000001,-66.12360615569182
-0.5337,-65.60016297474175
-0.5327000000000001,-65.0767197937917
-0.5317,-64.59571795183757
-0.5307000000000001,-64.11471610988345
-0.5297,-63.633714267929356
-0.5287000000000001,-63.11027108697928
-0.5277,-62.58682790602922
-0.5267000000000001,-62.11997317707376
-0.5257,-61.6814126741156
-0.5247,-61.20041083216149
-0.5236999999999999,-60.761850329203334
-0.5227,-60.28084848724921
-0.5216999999999999,-59.7998466452951
-0.5207,-59.36128614233694
-0.5196999999999999,-58.880284300382826
-0.5187,-58.39928245842871
-0.5176999999999999,-57.974869068469204
-0.5167,-57.493867226515086
-0.5156999999999999,-57.05530672355693
-0.5147,-56.61674622059877
-0.5136999999999999,-56.1781857176406
-0.5127,-55.73962521468245
-0.5116999999999999,-55.31521182472294
-0.5107,-54.876651321764776
-0.5096999999999999,-54.43809081880661
-0.5087,-53.9570889768525
-0.5076999999999999,-53.518528473894335
-0.5067,-53.12240930993213
-0.5056999999999999,-52.74043725896857
-0.5047,-52.34431809500636
-0.5036999999999999,-51.90575759204819
-0.5027,-51.46719708909004
-0.5016999999999999,-51.028636586131874
-0.5007,-50.60422319617236
-0.4996999999999999,-50.20810403221015
-0.49870000000000003,-49.81198486824794
-0.4976999999999999,-49.458307043281685
-0.49670000000000003,-49.076334992318124
-0.4956999999999999,-48.68021582835591
-0.49470000000000003,-48.24165532539775
-0.4936999999999999,-47.84553616143554
-0.4927,-47.40697565847737
-0.4916999999999999,-47.02500360751382
-0.4907,-46.67132578254756
-0.4896999999999999,-46.3176479575813
-0.4887,-45.97811724561369
-0.4876999999999999,-45.624439420647434
-0.4867,-45.22832025668522
-0.48570000000000013,-44.84634820572166
-0.4847,-44.45022904175945
-0.48370000000000013,-44.096551216793195
-0.4827,-43.75702050482558
-0.48170000000000013,-43.40334267985933
-0.4807,-43.09210619388902
-0.4797000000000001,-42.752575481921404
-0.4787,-42.39889765695515
-0.4777000000000001,-42.04521983198889
-0.4767,-41.70568912002128
-0.4757000000000001,-41.352011295055014
-0.4747,-40.95589213109281
-0.4737000000000001,-40.701244097117105
-0.4727,-40.3900076111468
-0.4717000000000001,-40.03632978618054
-0.4707,-39.739240413208876
-0.4697000000000001,-39.38556258824262
-0.4687,-39.046031876275016
-0.4677000000000001,-38.692354051308754
-0.4667,-38.33867622634249
-0.4657000000000001,-38.04158685337084
-0.4647,-37.77279170639648
-0.4637000000000001,-37.47570233342482
-0.4627,-37.164465847454515
-0.4617000000000001,-36.8532293614842
-0.4607,-36.55613998851254
-0.4597000000000001,-36.20246216354629
-0.4587,-35.90537279057463
-0.4577000000000001,-35.55169496560837
-0.4567,-35.282899818634014
-0.4557000000000001,-35.02825178465831
-0.4547,-34.717015298688004
-0.4537000000000001,-34.462367264712285
-0.4527,-34.10868943974604
-0.4517000000000001,-33.81160006677438
-0.4507,-33.45792224180811
-0.4497000000000001,-33.18912709483376
-0.4487,-32.93447906085806
-0.4477000000000001,-32.66568391388369
-0.4467,-32.41103587990799
-0.4457000000000001,-32.14224073293363
-0.4447,-31.802710020966025
-0.4437000000000001,-31.49147353499572
-0.4427,-31.23682550102001
-0.4417000000000001,-30.925589015049702
-0.4407,-30.670940981073993
-0.4397000000000001,-30.402145834099635
-0.4387,-30.147497800123933
-0.4377000000000001,-29.921143992145527
-0.4367,-29.62405461917387
-0.4357000000000001,-29.35525947219951
-0.4347,-29.058170099227848
-0.4337000000000001,-28.789374952253496
-0.4327,-28.53472691827779
-0.4317000000000001,-28.308373110299385
-0.43069999999999997,-28.09616641531963
-0.4297000000000001,-27.827371268345274
-0.42869999999999997,-27.572723234369565
-0.4277000000000001,-27.303928087395207
-0.42669999999999997,-27.049280053419505
-0.4257000000000001,-26.738043567449193
-0.42469999999999997,-26.525836872469437
-0.4237000000000001,-26.257041725495082
-0.42269999999999996,-26.044835030515326
-0.4217000000000001,-25.81848122253692
-0.42069999999999996,-25.60627452755716
-0.4197000000000001,-25.337479380582806
-0.41869999999999996,-25.0828313466071
-0.41770000000000007,-24.814036199632742
-0.41669999999999996,-24.559388165657033
-0.41570000000000007,-24.34718147067728
-0.41469999999999996,-24.120827662698876
-0.41370000000000007,-23.908620967719123
-0.41269999999999996,-23.682267159740714
-0.41170000000000007,-23.47006046476096
-0.41069999999999995,-23.2012653177866
-0.40970000000000006,-22.946617283810895
-0.40869999999999995,-22.72026347583249
-0.40770000000000006,-22.508056780852733
-0.40669999999999995,-22.295850085872978
-0.40570000000000006,-22.111937616890522
-0.40469999999999995,-21.899730921910766
-0.40370000000000006,-21.67337711393236
-0.40269999999999995,-21.418729079956652
-0.40170000000000006,-21.2065223849769
-0.40069999999999995,-20.980168576998494
-0.39970000000000006,-20.76796188201874
-0.39869999999999994,-20.584049413036283
-0.39770000000000005,-20.371842718056527
-0.39669999999999994,-20.202077362072725
-0.39570000000000005,-19.97572355409432
-0.39469999999999994,-19.763516859114564
-0.39370000000000005,-19.537163051136158
-0.39269999999999994,-19.3249563561564
-0.39170000000000005,-19.112749661176647
-0.39069999999999994,-18.88639585319824
-0.38970000000000005,-18.716630497214435
-0.38869999999999993,-18.53271802823198
-0.38770000000000004,-18.320511333252224
-0.38669999999999993,-18.15074597726842
-0.38570000000000004,-17.881950830294063
-0.38469999999999993,-17.71218547431026
-0.38370000000000004,-17.48583166633185
-0.38269999999999993,-17.2736249713521
-0.38170000000000004,-17.146300954364243
-0.3806999999999999,-16.962388485381787
-0.37970000000000004,-16.792623129397985
-0.3786999999999999,-16.622857773414182
-0.37770000000000004,-16.396503965435777
-0.3766999999999999,-16.22673860945197
-0.37570000000000003,-15.972090575476265
-0.3746999999999999,-15.78817810649381
-0.37370000000000003,-15.618412750510005
-0.3726999999999999,-15.491088733522153
-0.37170000000000003,-15.307176264539699
-0.3706999999999999,-15.137410908555893
-0.36970000000000003,-14.925204213576137
-0.3686999999999999,-14.69885040559773
-0.3677,-14.486643710617974
-0.3666999999999999,-14.30273124163552
-0.3657,-14.13438059695158
-0.3646999999999999,-14.002812446064135
-0.3637,-13.828802956180734
-0.3626999999999999,-13.698649516593148
-0.3617,-13.47936926511407
-0.36070000000000013,-13.30535977523067
-0.3597,-13.13135028534727
-0.35870000000000013,-12.955926084164007
-0.3577,-12.781916594280606
-0.35670000000000013,-12.651763154693022
-0.3557,-12.476338953509758
-0.3547000000000001,-12.346185513922174
-0.3537,-12.170761312738911
-0.3527000000000001,-11.996751822855511
-0.3517,-11.82274233297211
-0.3507000000000001,-11.604876792792895
-0.3497,-11.473308641905447
-0.3487000000000001,-11.343155202317865
-0.3477,-11.1677310011346
-0.3467000000000001,-11.037577561547016
-0.3457,-10.906009410659568
-0.3447000000000001,-10.731999920776168
-0.3437,-10.557990430892769
-0.3427000000000001,-10.382566229709504
-0.3417,-10.208556739826104
-0.3407000000000001,-10.078403300238522
-0.3397,-9.946835149351072
-0.3387000000000001,-9.81668170976349
-0.3377,-9.685113558876042
-0.3367000000000001,-9.55496011928846
-0.3357,-9.379535918105192
-0.3347000000000001,-9.205526428221793
-0.3337,-9.031516938338395
-0.3327000000000001,-8.85609273715513
-0.3317,-8.769795347863363
-0.3307000000000001,-8.638227196975913
-0.3297,-8.508073757388331
-0.3287000000000001,-8.376505606500881
-0.3277,-8.202496116617484
-0.3267000000000001,-8.070927965730034
-0.3257,-7.896918475846635
-0.3247000000000001,-7.722908985963235
-0.3237,-7.591340835075788
-0.3227000000000001,-7.461187395488204
-0.3217,-7.37347529489657
-0.3207000000000001,-7.243321855308987
-0.3197,-7.111753704421539
-0.3187000000000001,-6.981600264833956
-0.3177,-6.850032113946507
-0.3167000000000001,-6.719878674358924
-0.3157,-6.588310523471475
-0.3147000000000001,-6.500598422879844
-0.3137,-6.37044498329226
-0.3127000000000001,-6.282732882700628
-0.3117,-6.152579443113044
-0.3107000000000001,-5.977155241929781
-0.3097,-5.847001802342197
-0.3087000000000001,-5.715433651454749
-0.3077,-5.585280211867165
-0.3067000000000001,-5.497568111275533
-0.30569999999999997,-5.411270721983764
-0.3047000000000001,-5.279702571096316
-0.30369999999999997,-5.149549131508733
-0.3027000000000001,-4.974124930325469
-0.30169999999999997,-4.843971490737885
-0.3007000000000001,-4.668547289554621
-0.29969999999999997,-4.538393849967037
-0.2987000000000001,-4.450681749375406
-0.29769999999999996,-4.364384360083638
-0.2967000000000001,-4.23281620919619
-0.29569999999999996,-4.146518819904423
-0.2947000000000001,-3.971094618721158
-0.29369999999999996,-3.840941179133574
-0.29270000000000007,-3.7093730282461257
-0.29169999999999996,-3.5353635383627267
-0.29070000000000007,-3.447651437771094
-0.28969999999999996,-3.317497998183511
-0.28870000000000007,-3.273641947887695
-0.28769999999999996,-3.1420737970002466
-0.28670000000000007,-3.055776407708479
-0.28569999999999995,-2.924208256821031
-0.28470000000000006,-2.7501987669376318
-0.28369999999999995,-2.662486666345999
-0.28270000000000006,-2.576189277054232
-0.28169999999999995,-2.4446211261667834
-0.28070000000000006,-2.3569090255751513
-0.27969999999999995,-2.2706116362833835
-0.27870000000000006,-2.1828995356917518
-0.27769999999999995,-2.095187435100119
-0.27670000000000006,-1.9650339955125358
-0.27569999999999995,-1.8334658446250875
-0.27470000000000006,-1.7471684553333202
-0.27369999999999994,-1.6594563547416883
-0.27270000000000005,-1.6156003044458718
-0.27169999999999994,-1.5293029151541047
-0.27070000000000005,-1.4854468648582886
-0.26969999999999994,-1.3980177065266295
-0.26870000000000005,-1.2671569112891135
-0.26769999999999994,-1.1362961160515976
-0.26670000000000005,-1.0054353208140816
-0.26569999999999994,-0.9181476336124089
-0.26470000000000005,-0.8745745255765657
-0.26369999999999993,-0.7872868383748929
-0.26270000000000004,-0.7001406223032067
-0.26169999999999993,-0.6128529351015338
-0.26070000000000004,-0.48199213986401795
-0.25969999999999993,-0.3511313446265021
-0.25870000000000004,-0.26384365742482935
-0.25769999999999993,-0.1330535977523067
-0.25670000000000004,-0.04582249900262853
-0.2556999999999999,0.04140859974704963
-0.25470000000000004,0.12863969849672777
-0.2536999999999999,0.21588494435940458
-0.25270000000000004,0.3467457395969205
-0.2516999999999999,0.43403342679859325
-0.25070000000000003,0.5647527509061226
-0.24969999999999992,0.6520404381077953
-0.24870000000000003,0.7393281253094681
-0.24769999999999992,0.7829012333453113
-0.24670000000000003,0.870188920546984
-0.24569999999999992,0.9137620285828272
-0.24470000000000003,1.0010497157844997
-0.24369999999999992,1.1317690398920295
-0.24270000000000003,1.219056727093702
-0.24169999999999991,1.3063444142953748
-0.24070000000000003,1.3934906303670611
-0.2396999999999999,1.4373466806628774
-0.23870000000000002,1.4812027309586933
-0.2376999999999999,1.5250587812545096
-0.23670000000000002,1.655212220842093
-0.23570000000000013,1.7429243214337253
-0.23470000000000002,1.8292217107254924
-0.23370000000000013,1.9607898616129409
-0.23270000000000002,2.004645911908757
-0.23170000000000013,2.0909433012005243
-0.23070000000000002,2.178655401792157
-0.22970000000000013,2.2663675023837886
-0.22870000000000001,2.352664891675556
-0.22770000000000012,2.4403769922671885
-0.2267,2.5280890928588207
-0.22570000000000012,2.658242532446404
-0.2247,2.745954633038036
-0.22370000000000012,2.7898106833338523
-0.2227,2.8761080726256196
-0.22170000000000012,2.919964122921436
-0.2207,3.0076762235130676
-0.21970000000000012,3.0939736128048354
-0.2187,3.1816857133964676
-0.21770000000000012,3.313253864283916
-0.2167,3.3995512535756833
-0.2157000000000001,3.4872633541673155
-0.2147,3.5749754547589476
-0.2137000000000001,3.6174167937548987
-0.2127,3.661272844050715
-0.2117000000000001,3.748984944642347
-0.2107,3.8366970452339793
-0.2097000000000001,3.9668504848215624
-0.2087,4.054562585413195
-0.2077000000000001,4.098418635709011
-0.2067,4.184716025000778
-0.2057000000000001,4.2285720752965945
-0.2047,4.316284175888227
-0.2037000000000001,4.402581565179994
-0.2027,4.534149716067443
-0.2017000000000001,4.578005766363259
-0.2007,4.708159205950842
-0.1997000000000001,4.752015256246658
-0.1987,4.839727356838291
-0.1977000000000001,4.883583407134107
-0.19669999999999999,4.9698807964258735
-0.1957000000000001,5.01373684672169
-0.19469999999999998,5.145304997609139
-0.1937000000000001,5.231602386900906
-0.19269999999999998,5.319314487492538
-0.1917000000000001,5.405611876784305
-0.1907000000000001,5.449467927080121
-0.1897000000000002,5.537180027671754
-0.1887000000000001,5.581036077967569
-0.1877000000000002,5.667333467259336
-0.1867000000000001,5.75504556785097
-0.1857000000000002,5.886613718738418
-0.1847000000000001,5.9729111080301855
-0.1837000000000002,6.060623208621817
-0.18270000000000008,6.14833530921345
-0.1817000000000002,6.1907766482094
-0.18070000000000008,6.278488748801033
-0.1797000000000002,6.322344799096849
-0.17870000000000008,6.410056899688482
-0.1777000000000002,6.540210339276065
-0.17670000000000008,6.627922439867697
-0.1757000000000002,6.714219829159464
-0.17470000000000008,6.801931929751096
-0.1737000000000002,6.889644030342729
-0.17270000000000008,6.933500080638546
-0.17170000000000019,7.019797469930312
-0.17070000000000007,7.063653520226129
-0.16970000000000018,7.195221671113577
-0.16870000000000007,7.281519060405343
-0.16770000000000018,7.413087211292793
-0.16670000000000007,7.543240650880375
-0.16570000000000018,7.587096701176192
-0.16470000000000007,7.674808801767824
-0.16370000000000018,7.7186648520636405
-0.16270000000000007,7.848818291651225
-0.16170000000000018,7.892674341947039
-0.16070000000000007,8.022827781534623
-0.15970000000000018,8.154395932422071
-0.15870000000000006,8.242108033013702
-0.15770000000000017,8.328405422305472
-0.15670000000000006,8.416117522897103
-0.15570000000000017,8.503829623488736
-0.15470000000000006,8.546270962484687
-0.15370000000000017,8.63398306307632
-0.15270000000000006,8.764136502663902
-0.15170000000000017,8.89570465355135
-0.15070000000000006,8.983416754142983
-0.14970000000000017,9.113570193730567
-0.14870000000000005,9.157426244026382
-0.14770000000000016,9.245138344618015
-0.14670000000000005,9.331435733909782
-0.14570000000000016,9.419147834501414
-0.14470000000000005,9.506859935093045
-0.14370000000000016,9.593157324384812
-0.14270000000000005,9.724725475272262
-0.14170000000000016,9.854878914859846
-0.14070000000000005,9.942591015451477
-0.13970000000000016,10.03030311604311
-0.13870000000000005,10.116600505334876
-0.13770000000000016,10.20431260592651
-0.13670000000000004,10.292024706518141
-0.13570000000000015,10.422178146105725
-0.13470000000000004,10.553746296993173
-0.13370000000000015,10.683899736580756
-0.13270000000000004,10.771611837172388
-0.13170000000000015,10.857909226464155
-0.13070000000000004,10.94562132705579
-0.12970000000000015,11.033333427647422
-0.12870000000000004,11.119630816939189
-0.12770000000000015,11.251198967826637
-0.12670000000000003,11.38135240741422
-0.12570000000000014,11.51292055830167
-0.12470000000000003,11.643073997889251
-0.12370000000000014,11.730786098480884
-0.12270000000000003,11.818498199072517
-0.12170000000000014,11.904795588364284
-0.12070000000000003,11.992507688955916
-0.11970000000000014,12.122661128543498
-0.11870000000000003,12.254229279430946
-0.11770000000000014,12.384382719018532
-0.11670000000000003,12.515950869905978
-0.11570000000000014,12.603662970497613
-0.11470000000000002,12.68996035978938
-0.11370000000000013,12.77767246038101
-0.11270000000000002,12.907825899968595
-0.11170000000000013,12.995538000560227
-0.11070000000000024,13.127106151447675
-0.10970000000000013,13.257259591035258
-0.10870000000000024,13.388827741922707
-0.10770000000000013,13.518981181510291
-0.10670000000000024,13.65054933239774
-0.10570000000000013,13.736846721689506
-0.10470000000000024,13.824558822281137
-0.10370000000000013,13.954712261868721
-0.10270000000000024,14.08628041275617
-0.10170000000000012,14.217848563643619
-0.10070000000000023,14.345172580631472
-0.09970000000000012,14.529085049613924
-0.09870000000000023,14.61396772760583
-0.09770000000000012,14.69885040559773
-0.09670000000000023,14.783733083589633
-0.09570000000000012,14.911057100577487
-0.09470000000000023,15.05252823056399
-0.09370000000000012,15.179852247551842
-0.09270000000000023,15.307176264539699
-0.09170000000000011,15.43450028152755
-0.09070000000000022,15.519382959519453
-0.08970000000000011,15.618412750510005
-0.08870000000000022,15.74573676749786
-0.08770000000000011,15.830619445489761
-0.08670000000000022,15.957943462477614
-0.08570000000000011,16.099414592464115
-0.08470000000000022,16.22673860945197
-0.08370000000000011,16.354062626439823
-0.08270000000000022,16.481386643427676
-0.0817000000000001,16.622857773414182
-0.08070000000000022,16.750181790402035
-0.0797000000000001,16.835064468393938
-0.07870000000000021,16.962388485381787
-0.0777000000000001,17.047271163373694
-0.07670000000000021,17.188742293360193
-0.0757000000000001,17.316066310348052
-0.07470000000000021,17.4433903273359
-0.0737000000000001,17.570714344323754
-0.07270000000000021,17.669744135314307
-0.0717000000000001,17.75462681330621
-0.07070000000000021,17.881950830294063
-0.0697000000000001,17.966833508285966
-0.0687000000000002,18.09415752527382
-0.0677000000000001,18.23562865526032
-0.0667000000000002,18.362952672248177
-0.06570000000000009,18.49027668923603
-0.0647000000000002,18.57515936722793
-0.06370000000000009,18.660042045219836
-0.0627000000000002,18.759071836210385
-0.06170000000000009,18.88639585319824
-0.0607000000000002,19.01371987018609
-0.059700000000000086,19.141043887173947
-0.058700000000000196,19.28251501716045
-0.057700000000000085,19.409839034148305
-0.056700000000000195,19.49472171214021
-0.05570000000000008,19.579604390132108
-0.05470000000000019,19.70692840711996
-0.05370000000000008,19.848399537106463
-0.05270000000000019,19.97572355409432
-0.05170000000000008,20.10304757108217
-0.05070000000000019,20.272812927065978
-0.04970000000000008,20.414284057052477
-0.04870000000000019,20.499166735044383
-0.047700000000000076,20.584049413036283
-0.046700000000000186,20.668932091028186
-0.045700000000000074,20.79625610801604
-0.044700000000000184,20.93772723800254
-0.04370000000000007,21.065051254990397
-0.04270000000000018,21.19237527197825
-0.04170000000000007,21.277257949970153
-0.04070000000000018,21.418729079956652
-0.03970000000000007,21.503611757948562
-0.03870000000000018,21.58849443594046
-0.03770000000000007,21.67337711393236
-0.03670000000000018,21.758259791924264
-0.035700000000000065,21.899730921910766
-0.034700000000000175,22.027054938898623
-0.03370000000000006,22.15437895588647
-0.03270000000000017,22.239261633878378
-0.03170000000000006,22.281702972874328
-0.03070000000000017,22.36658565086623
-0.02970000000000006,22.46561544185678
-0.02870000000000017,22.550498119848687
-0.027700000000000058,22.67782213683654
-0.026700000000000168,22.76270481482844
-0.025700000000000056,22.890028831816295
-0.024700000000000166,22.989058622806844
-0.023700000000000054,23.073941300798747
-0.022700000000000164,23.15882397879065
-0.021700000000000053,23.24370665678255
-0.020700000000000163,23.328589334774456
-0.01970000000000005,23.47006046476096
-0.01870000000000016,23.597384481748815
-0.01770000000000005,23.724708498736668
-0.01670000000000016,23.809591176728567
-0.015700000000000047,23.93691519371642
-0.014700000000000157,24.035944984706973
-0.013700000000000045,24.078386323702922
-0.012700000000000156,24.20571034069078
-0.011700000000000044,24.290593018682678
-0.010700000000000154,24.417917035670534
-0.009700000000000042,24.559388165657033
-0.008700000000000152,24.64427084364894
-0.00770000000000004,24.729153521640843
-0.00670000000000015,24.814036199632742
-0.005700000000000038,24.856477538628695
-0.0047000000000001485,24.941360216620595
-0.0037000000000000366,24.983801555616548
-0.0027000000000001467,25.12527268560305
-0.0017000000000000348,25.252596702590903
-0.000700000000000145,25.337479380582806
0.00029999999999996696,25.42236205857471
0.0012999999999998568,25.46480339757066
0.0022999999999999687,25.507244736566612
0.0032999999999998586,25.563833188561212
0.0042999999999999705,25.60627452755716
0.00529999999999986,25.691157205549064
0.006299999999999972,25.81848122253692
0.007299999999999862,25.90336390052882
0.008299999999999974,25.94580523952477
0.009299999999999864,25.988246578520723
0.010299999999999976,25.988246578520723
0.011299999999999866,26.030687917516673
0.012299999999999978,26.129717708507226
