Potential V vs RHE, Current mA cm-2
0.013299999999999867,-0.1766974413531431
0.012299999999999978,-0.30755823659065895
0.011299999999999866,-0.3511313446265021
0.010299999999999976,-0.3947044526623452
0.009299999999999864,-0.3947044526623452
0.008299999999999974,-0.4384190318281749
0.007299999999999862,-0.4384190318281749
0.006299999999999972,-0.4384190318281749
0.00529999999999986,-0.4384190318281749
0.0042999999999999705,-0.4384190318281749
0.0032999999999998586,-0.48199213986401795
0.0022999999999999687,-0.48199213986401795
0.0012999999999998568,-0.48199213986401795
0.00029999999999996696,-0.48199213986401795
-0.000700000000000145,-0.48199213986401795
-0.0017000000000000348,-0.48199213986401795
-0.0027000000000001467,-0.48199213986401795
-0.0037000000000000366,-0.48199213986401795
-0.0047000000000001485,-0.5255652478998613
-0.005700000000000038,-0.5255652478998613
-0.00670000000000015,-0.5255652478998613
-0.00770000000000004,-0.5255652478998613
-0.008700000000000152,-0.5255652478998613
-0.009700000000000042,-0.5255652478998613
-0.010700000000000154,-0.5255652478998613
-0.011700000000000044,-0.5255652478998613
-0.012700000000000156,-0.5255652478998613
-0.013700000000000045,-0.5255652478998613
-0.014700000000000157,-0.5692798270656908
-0.015700000000000047,-0.5255652478998613
-0.01670000000000016,-0.5692798270656908
-0.01770000000000005,-0.5692798270656908
-0.01870000000000016,-0.5692798270656908
-0.01970000000000005,-0.5692798270656908
-0.020700000000000163,-0.5692798270656908
-0.021700000000000053,-0.5692798270656908
-0.022700000000000164,-0.5692798270656908
-0.023700000000000054,-0.5692798270656908
-0.024700000000000166,-0.5692798270656908
-0.025700000000000056,-0.5692798270656908
-0.026700000000000168,-0.5692798270656908
-0.027700000000000058,-0.5692798270656908
-0.02870000000000017,-0.5692798270656908
-0.02970000000000006,-0.5692798270656908
-0.03070000000000017,-0.5692798270656908
-0.03170000000000006,-0.5692798270656908
-0.03270000000000017,-0.6128529351015338
-0.03370000000000006,-0.6128529351015338
-0.034700000000000175,-0.6128529351015338
-0.035700000000000065,-0.6128529351015338
-0.03670000000000018,-0.6128529351015338
-0.03770000000000007,-0.6128529351015338
-0.03870000000000018,-0.6128529351015338
-0.03970000000000007,-0.6128529351015338
-0.04070000000000018,-0.6128529351015338
-0.04170000000000007,-0.6128529351015338
-0.04270000000000018,-0.6128529351015338
-0.04370000000000007,-0.6128529351015338
-0.044700000000000184,-0.6128529351015338
-0.045700000000000074,-0.6564260431373771
-0.046700000000000186,-0.6564260431373771
-0.047700000000000076,-0.6128529351015338
-0.04870000000000019,-0.6128529351015338
-0.04970000000000008,-0.6564260431373771
-0.05070000000000019,-0.6564260431373771
-0.05170000000000008,-0.6564260431373771
-0.05270000000000019,-0.6564260431373771
-0.05370000000000008,-0.6564260431373771
-0.05470000000000019,-0.6564260431373771
-0.05570000000000008,-0.6564260431373771
-0.056700000000000195,-0.6564260431373771
-0.057700000000000085,-0.6564260431373771
-0.058700000000000196,-0.6564260431373771
-0.059700000000000086,-0.6564260431373771
-0.0607000000000002,-0.6564260431373771
-0.06170000000000009,-0.7001406223032067
-0.0627000000000002,-0.7001406223032067
-0.06370000000000009,-0.6564260431373771
-0.0647000000000002,-0.6564260431373771
-0.06570000000000009,-0.6564260431373771
-0.0667000000000002,-0.7001406223032067
-0.0677000000000001,-0.7001406223032067
-0.0687000000000002,-0.7001406223032067
-0.0697000000000001,-0.7001406223032067
-0.07070000000000021,-0.7001406223032067
-0.0717000000000001,-0.7001406223032067
-0.07270000000000021,-0.7001406223032067
-0.0737000000000001,-0.7001406223032067
-0.07470000000000021,-0.7001406223032067
-0.0757000000000001,-0.7001406223032067
-0.07670000000000021,-0.7001406223032067
-0.0777000000000001,-0.7001406223032067
-0.07870000000000021,-0.7437137303390498
-0.0797000000000001,-0.7001406223032067
-0.08070000000000022,-0.7001406223032067
-0.0817000000000001,-0.7437137303390498
-0.08270000000000022,-0.7437137303390498
-0.08370000000000011,-0.7437137303390498
-0.08470000000000022,-0.7437137303390498
-0.08570000000000011,-0.7437137303390498
-0.08670000000000022,-0.7437137303390498
-0.08770000000000011,-0.7437137303390498
-0.08870000000000022,-0.7437137303390498
-0.08970000000000011,-0.7437137303390498
-0.09070000000000022,-0.7437137303390498
-0.09170000000000011,-0.7437137303390498
-0.09270000000000023,-0.7437137303390498
-0.09370000000000012,-0.7872868383748929
-0.09470000000000023,-0.7437137303390498
-0.09570000000000012,-0.7437137303390498
-0.09670000000000023,-0.7872868383748929
-0.09770000000000012,-0.7872868383748929
-0.09870000000000023,-0.7872868383748929
-0.09970000000000012,-0.7872868383748929
-0.10070000000000023,-0.7872868383748929
-0.10170000000000012,-0.7872868383748929
-0.10270000000000024,-0.7872868383748929
-0.10370000000000013,-0.7872868383748929
-0.10470000000000024,-0.7872868383748929
-0.10570000000000013,-0.7872868383748929
-0.10670000000000024,-0.7872868383748929
-0.10770000000000013,-0.7872868383748929
-0.10870000000000024,-0.7872868383748929
-0.10970000000000013,-0.7872868383748929
-0.11070000000000024,-0.7872868383748929
-0.11170000000000013,-0.8308599464107361
-0.11270000000000002,-0.7872868383748929
-0.11370000000000013,-0.8308599464107361
-0.11470000000000002,-0.7872868383748929
-0.11570000000000014,-0.8308599464107361
-0.11670000000000003,-0.8308599464107361
-0.11770000000000014,-0.8308599464107361
-0.11870000000000003,-0.8308599464107361
-0.11970000000000014,-0.8308599464107361
-0.12070000000000003,-0.8308599464107361
-0.12170000000000014,-0.8308599464107361
-0.12270000000000003,-0.8308599464107361
-0.12370000000000014,-0.8308599464107361
-0.12470000000000003,-0.8308599464107361
-0.12570000000000014,-0.8308599464107361
-0.12670000000000003,-0.8308599464107361
-0.12770000000000015,-0.8308599464107361
-0.12870000000000004,-0.8308599464107361
-0.12970000000000015,-0.8308599464107361
-0.13070000000000004,-0.8308599464107361
-0.13170000000000015,-0.8308599464107361
-0.13270000000000004,-0.8308599464107361
-0.13370000000000015,-0.8308599464107361
-0.13470000000000004,-0.8308599464107361
-0.13570000000000015,-0.8745745255765657
-0.13670000000000004,-0.8308599464107361
-0.13770000000000016,-0.8745745255765657
-0.13870000000000005,-0.8308599464107361
-0.13970000000000016,-0.8745745255765657
-0.14070000000000005,-0.8745745255765657
-0.14170000000000016,-0.8745745255765657
-0.14270000000000005,-0.8745745255765657
-0.14370000000000016,-0.8745745255765657
-0.14470000000000005,-0.8745745255765657
-0.14570000000000016,-0.8745745255765657
-0.14670000000000005,-0.8745745255765657
-0.14770000000000016,-0.8745745255765657
-0.14870000000000005,-0.8745745255765657
-0.14970000000000017,-0.8745745255765657
-0.15070000000000006,-0.8745745255765657
-0.15170000000000017,-0.8745745255765657
-0.15270000000000006,-0.8745745255765657
-0.15370000000000017,-0.8745745255765657
-0.15470000000000006,-0.8745745255765657
-0.15570000000000017,-0.8745745255765657
-0.15670000000000006,-0.8745745255765657
-0.15770000000000017,-0.8745745255765657
-0.15870000000000006,-0.8745745255765657
-0.15970000000000018,-0.8745745255765657
-0.16070000000000007,-0.8745745255765657
-0.16170000000000018,-0.8745745255765657
-0.16270000000000007,-0.8745745255765657
-0.16370000000000018,-0.8745745255765657
-0.16470000000000007,-0.8745745255765657
-0.16570000000000018,-0.8745745255765657
-0.16670000000000007,-0.8745745255765657
-0.16770000000000018,-0.8745745255765657
-0.16870000000000007,-0.8745745255765657
-0.16970000000000018,-0.8745745255765657
-0.17070000000000007,-0.8745745255765657
-0.17170000000000019,-0.8745745255765657
-0.17270000000000008,-0.8745745255765657
-0.1737000000000002,-0.8745745255765657
-0.17470000000000008,-0.8745745255765657
-0.1757000000000002,-0.8745745255765657
-0.17670000000000008,-0.8745745255765657
-0.1777000000000002,-0.8745745255765657
-0.17870000000000008,-0.8745745255765657
-0.1797000000000002,-0.8745745255765657
-0.18070000000000008,-0.8745745255765657
-0.1817000000000002,-0.8745745255765657
-0.18270000000000008,-0.8745745255765657
-0.1837000000000002,-0.8745745255765657
-0.1847000000000001,-0.8745745255765657
-0.1857000000000002,-0.8745745255765657
-0.1867000000000001,-0.8745745255765657
-0.1877000000000002,-0.8745745255765657
-0.1887000000000001,-0.8745745255765657
-0.1897000000000002,-0.8745745255765657
-0.1907000000000001,-0.8745745255765657
-0.1917000000000001,-0.9181476336124089
-0.19269999999999998,-0.9181476336124089
-0.1937000000000001,-0.8745745255765657
-0.19469999999999998,-0.8745745255765657
-0.1957000000000001,-0.8745745255765657
-0.19669999999999999,-0.9181476336124089
-0.1977000000000001,-0.9181476336124089
-0.1987,-0.9181476336124089
-0.1997000000000001,-0.9181476336124089
-0.2007,-0.8745745255765657
-0.2017000000000001,-0.8745745255765657
-0.2027,-0.8745745255765657
-0.2037000000000001,-0.9181476336124089
-0.2047,-0.8745745255765657
-0.2057000000000001,-0.8745745255765657
-0.2067,-0.8745745255765657
-0.2077000000000001,-0.8745745255765657
-0.2087,-0.8745745255765657
-0.2097000000000001,-0.8745745255765657
-0.2107,-0.8745745255765657
-0.2117000000000001,-0.8745745255765657
-0.2127,-0.8745745255765657
-0.2137000000000001,-0.8745745255765657
-0.2147,-0.8745745255765657
-0.2157000000000001,-0.8745745255765657
-0.2167,-0.8745745255765657
-0.21770000000000012,-0.8745745255765657
-0.2187,-0.8745745255765657
-0.21970000000000012,-0.8745745255765657
-0.2207,-0.8745745255765657
-0.22170000000000012,-0.8745745255765657
-0.2227,-0.8745745255765657
-0.22370000000000012,-0.8745745255765657
-0.2247,-0.8745745255765657
-0.22570000000000012,-0.8745745255765657
-0.2267,-0.8745745255765657
-0.22770000000000012,-0.8745745255765657
-0.22870000000000001,-0.8745745255765657
-0.22970000000000013,-0.8745745255765657
-0.23070000000000002,-0.8745745255765657
-0.23170000000000013,-0.8745745255765657
-0.23270000000000002,-0.8745745255765657
-0.23370000000000013,-0.8745745255765657
-0.23470000000000002,-0.8745745255765657
-0.23570000000000013,-0.8745745255765657
-0.23670000000000002,-0.8745745255765657
-0.2376999999999999,-0.8745745255765657
-0.23870000000000002,-0.8745745255765657
-0.2396999999999999,-0.8745745255765657
-0.24070000000000003,-0.8745745255765657
-0.24169999999999991,-0.8745745255765657
-0.24270000000000003,-0.8745745255765657
-0.24369999999999992,-0.8745745255765657
-0.24470000000000003,-0.8308599464107361
-0.24569999999999992,-0.8308599464107361
-0.24670000000000003,-0.8308599464107361
-0.24769999999999992,-0.8308599464107361
-0.24870000000000003,-0.8745745255765657
-0.24969999999999992,-0.8308599464107361
-0.25070000000000003,-0.8308599464107361
-0.2516999999999999,-0.8745745255765657
-0.25270000000000004,-0.8308599464107361
-0.2536999999999999,-0.8308599464107361
-0.25470000000000004,-0.8308599464107361
-0.2556999999999999,-0.8308599464107361
-0.25670000000000004,-0.8308599464107361
-0.25769999999999993,-0.8308599464107361
-0.25870000000000004,-0.8308599464107361
-0.25969999999999993,-0.8308599464107361
-0.26070000000000004,-0.8308599464107361
-0.26169999999999993,-0.8308599464107361
-0.26270000000000004,-0.8308599464107361
-0.26369999999999993,-0.8308599464107361
-0.26470000000000005,-0.8308599464107361
-0.26569999999999994,-0.8308599464107361
-0.26670000000000005,-0.8308599464107361
-0.26769999999999994,-0.8308599464107361
-0.26870000000000005,-0.8308599464107361
-0.26969999999999994,-0.7872868383748929
-0.27070000000000005,-0.7872868383748929
-0.27169999999999994,-0.7872868383748929
-0.27270000000000005,-0.8308599464107361
-0.27369999999999994,-0.8308599464107361
-0.27470000000000006,-0.7872868383748929
-0.27569999999999995,-0.7872868383748929
-0.27670000000000006,-0.7872868383748929
-0.27769999999999995,-0.7872868383748929
-0.27870000000000006,-0.7872868383748929
-0.27969999999999995,-0.7872868383748929
-0.28070000000000006,-0.7872868383748929
-0.28169999999999995,-0.8308599464107361
-0.28270000000000006,-0.7872868383748929
-0.28369999999999995,-0.7872868383748929
-0.28470000000000006,-0.7872868383748929
-0.28569999999999995,-0.7872868383748929
-0.28670000000000007,-0.7872868383748929
-0.28769999999999996,-0.7872868383748929
-0.28870000000000007,-0.7872868383748929
-0.28969999999999996,-0.7872868383748929
-0.29070000000000007,-0.7872868383748929
-0.29169999999999996,-0.7872868383748929
-0.29270000000000007,-0.7872868383748929
-0.29369999999999996,-0.7872868383748929
-0.2947000000000001,-0.7872868383748929
-0.29569999999999996,-0.7872868383748929
-0.2967000000000001,-0.7872868383748929
-0.29769999999999996,-0.7872868383748929
-0.2987000000000001,-0.7872868383748929
-0.29969999999999997,-0.7872868383748929
-0.3007000000000001,-0.7437137303390498
-0.30169999999999997,-0.7872868383748929
-0.3027000000000001,-0.7872868383748929
-0.30369999999999997,-0.7872868383748929
-0.3047000000000001,-0.7872868383748929
-0.30569999999999997,-0.7872868383748929
-0.3067000000000001,-0.7437137303390498
-0.3077,-0.7872868383748929
-0.3087000000000001,-0.7872868383748929
-0.3097,-0.7872868383748929
-0.3107000000000001,-0.7872868383748929
-0.3117,-0.7872868383748929
-0.3127000000000001,-0.7872868383748929
-0.3137,-0.7872868383748929
-0.3147000000000001,-0.7872868383748929
-0.3157,-0.7872868383748929
-0.3167000000000001,-0.7872868383748929
-0.3177,-0.7872868383748929
-0.3187000000000001,-0.7872868383748929
-0.3197,-0.7872868383748929
-0.3207000000000001,-0.7872868383748929
-0.3217,-0.7872868383748929
-0.3227000000000001,-0.7872868383748929
-0.3237,-0.7872868383748929
-0.3247000000000001,-0.7872868383748929
-0.3257,-0.7872868383748929
-0.3267000000000001,-0.7872868383748929
-0.3277,-0.7872868383748929
-0.3287000000000001,-0.7872868383748929
-0.3297,-0.7872868383748929
-0.3307000000000001,-0.7872868383748929
-0.3317,-0.7872868383748929
-0.3327000000000001,-0.7872868383748929
-0.3337,-0.7872868383748929
-0.3347000000000001,-0.7872868383748929
-0.3357,-0.7872868383748929
-0.3367000000000001,-0.7872868383748929
-0.3377,-0.8308599464107361
-0.3387000000000001,-0.8308599464107361
-0.3397,-0.8308599464107361
-0.3407000000000001,-0.8308599464107361
-0.3417,-0.8308599464107361
-0.3427000000000001,-0.8308599464107361
-0.3437,-0.8308599464107361
-0.3447000000000001,-0.8308599464107361
-0.3457,-0.8308599464107361
-0.3467000000000001,-0.8308599464107361
-0.3477,-0.8308599464107361
-0.3487000000000001,-0.8745745255765657
-0.3497,-0.8308599464107361
-0.3507000000000001,-0.8308599464107361
-0.3517,-0.8308599464107361
-0.3527000000000001,-0.8745745255765657
-0.3537,-0.8745745255765657
-0.3547000000000001,-0.8745745255765657
-0.3557,-0.8745745255765657
-0.35670000000000013,-0.8745745255765657
-0.3577,-0.8745745255765657
-0.35870000000000013,-0.8745745255765657
-0.3597,-0.8745745255765657
-0.36070000000000013,-0.9181476336124089
-0.3617,-0.9181476336124089
-0.3626999999999999,-0.9181476336124089
-0.3637,-0.9181476336124089
-0.3646999999999999,-0.9181476336124089
-0.3657,-0.9181476336124089
-0.3666999999999999,-0.9617207416482519
-0.3677,-0.9181476336124089
-0.3686999999999999,-0.9617207416482519
-0.36970000000000003,-0.9617207416482519
-0.3706999999999999,-0.9617207416482519
-0.37170000000000003,-0.9617207416482519
-0.3726999999999999,-1.0054353208140816
-0.37370000000000003,-1.0054353208140816
-0.3746999999999999,-1.0054353208140816
-0.37570000000000003,-1.0054353208140816
-0.3766999999999999,-1.0054353208140816
-0.37770000000000004,-1.0490084288499246
-0.3786999999999999,-1.0490084288499246
-0.37970000000000004,-1.0490084288499246
-0.3806999999999999,-1.0490084288499246
-0.38170000000000004,-1.0490084288499246
-0.38269999999999993,-1.0925815368857679
-0.38370000000000004,-1.0925815368857679
-0.38469999999999993,-1.0925815368857679
-0.38570000000000004,-1.0925815368857679
-0.38669999999999993,-1.1362961160515976
-0.38770000000000004,-1.1362961160515976
-0.38869999999999993,-1.1362961160515976
-0.38970000000000005,-1.1798692240874404
-0.39069999999999994,-1.1798692240874404
-0.39170000000000005,-1.1798692240874404
-0.39269999999999994,-1.2234423321232837
-0.39370000000000005,-1.2234423321232837
-0.39469999999999994,-1.2234423321232837
-0.39570000000000005,-1.2671569112891135
-0.39669999999999994,-1.2671569112891135
-0.39770000000000005,-1.3107300193249565
-0.39869999999999994,-1.2671569112891135
-0.39970000000000006,-1.3107300193249565
-0.40069999999999995,-1.3107300193249565
-0.40170000000000006,-1.3543031273607997
-0.40269999999999995,-1.3543031273607997
-0.40370000000000006,-1.3980177065266295
-0.40469999999999995,-1.3980177065266295
-0.40570000000000006,-1.3980177065266295
-0.40669999999999995,-1.4415908145624723
-0.40770000000000006,-1.4854468648582886
-0.40869999999999995,-1.4854468648582886
-0.40970000000000006,-1.5293029151541047
-0.41069999999999995,-1.5293029151541047
-0.41170000000000007,-1.5717442541500557
-0.41269999999999996,-1.5717442541500557
-0.41370000000000007,-1.6156003044458718
-0.41469999999999996,-1.6594563547416883
-0.41570000000000007,-1.6594563547416883
-0.41669999999999996,-1.6594563547416883
-0.41770000000000007,-1.7033124050375041
-0.41869999999999996,-1.7471684553333202
-0.4197000000000001,-1.7471684553333202
-0.42069999999999996,-1.7910245056291363
-0.4217000000000001,-1.8334658446250875
-0.42269999999999996,-1.8773218949209036
-0.4237000000000001,-1.8773218949209036
-0.42469999999999997,-1.92117794521672
-0.4257000000000001,-1.9650339955125358
-0.42669999999999997,-2.008890045808352
-0.4277000000000001,-2.008890045808352
-0.42869999999999997,-2.052746096104168
-0.4297000000000001,-2.095187435100119
-0.43069999999999997,-2.1390434853959355
-0.4317000000000001,-2.1828995356917518
-0.4327,-2.226755585987568
-0.4337000000000001,-2.2706116362833835
-0.4347,-2.3144676865791998
-0.4357000000000001,-2.3144676865791998
-0.4367,-2.3569090255751513
-0.4377000000000001,-2.4007650758709675
-0.4387,-2.4884771764625997
-0.4397000000000001,-2.532333226758415
-0.4407,-2.576189277054232
-0.4417000000000001,-2.618630616050183
-0.4427,-2.662486666345999
-0.4437000000000001,-2.706342716641815
-0.4447,-2.7501987669376318
-0.4457000000000001,-2.8379108675292635
-0.4467,-2.8803522065252145
-0.4477000000000001,-2.924208256821031
-0.4487,-2.968064307116847
-0.4497000000000001,-3.055776407708479
-0.4507,-3.0996324580042955
-0.4517000000000001,-3.1420737970002466
-0.4527,-3.1859298472960624
-0.4537000000000001,-3.273641947887695
-0.4547,-3.317497998183511
-0.4557000000000001,-3.403795387475278
-0.4567,-3.447651437771094
-0.4577000000000001,-3.5353635383627267
-0.4587,-3.579219588658543
-0.4597000000000001,-3.6655169779503103
-0.4607,-3.7093730282461257
-0.4617000000000001,-3.7970851288377587
-0.4627,-3.884797229429391
-0.4637000000000001,-3.927238568425342
-0.4647,-4.014950669016974
-0.4657000000000001,-4.102662769608606
-0.4667,-4.146518819904423
-0.4677000000000001,-4.23281620919619
-0.4687,-4.3205283097878215
-0.4697000000000001,-4.406825699079589
-0.4707,-4.494537799671222
-0.4717000000000001,-4.582249900262854
-0.4727,-4.668547289554621
-0.4737000000000001,-4.756259390146253
-0.4747,-4.843971490737885
-0.4757000000000001,-4.9302688800296535
-0.4767,-5.017980980621284
-0.4777000000000001,-5.105693081212917
-0.4787,-5.235846520800501
-0.4797000000000001,-5.323558621392133
-0.4807,-5.411270721983764
-0.48170000000000013,-5.497568111275533
-0.4827,-5.629136262162981
-0.48370000000000013,-5.715433651454749
-0.4847,-5.847001802342197
-0.48570000000000013,-5.9347139029338285
-0.4867,-6.064867342521412
-0.4876999999999999,-6.152579443113044
-0.4887,-6.238876832404812
-0.4896999999999999,-6.37044498329226
-0.4907,-6.500598422879844
-0.4916999999999999,-6.588310523471475
-0.4927,-6.719878674358924
-0.4936999999999999,-6.806176063650692
-0.49470000000000003,-6.93774421453814
-0.4956999999999999,-7.067897654125724
-0.49670000000000003,-7.199465805013171
-0.4976999999999999,-7.329619244600755
-0.49870000000000003,-7.461187395488204
-0.4996999999999999,-7.591340835075788
-0.5007,-7.722908985963235
-0.5016999999999999,-7.853062425550818
-0.5027,-8.027071915434218
-0.5036999999999999,-8.158640066321666
-0.5047,-8.288793505909249
-0.5056999999999999,-8.4203616567967
-0.5067,-8.594371146680096
-0.5076999999999999,-8.725939297567548
-0.5087,-8.85609273715513
-0.5096999999999999,-8.987660888042578
-0.5107,-9.161670377925978
-0.5116999999999999,-9.293238528813426
-0.5127,-9.467248018696827
-0.5136999999999999,-9.59740145828441
-0.5147,-9.772825659467674
-0.5156999999999999,-9.946835149351072
-0.5167,-10.120844639234473
-0.5176999999999999,-10.296268840417738
-0.5187,-10.42642228000532
-0.5196999999999999,-10.601846481188586
-0.5207,-10.775855971071984
-0.5216999999999999,-10.949865460955383
-0.5227,-11.1677310011346
-0.5236999999999999,-11.343155202317865
-0.5247,-11.56102074249708
-0.5257,-11.73503023238048
-0.5267000000000001,-11.909039722263879
-0.5277,-12.12831997374296
-0.5287000000000001,-12.258473413330542
-0.5297,-12.476338953509758
-0.5307000000000001,-12.694204493688973
-0.5317,-12.869628694872238
-0.5327000000000001,-13.087494235051453
-0.5337,-13.30535977523067
-0.5347000000000001,-13.47936926511407
-0.5357,-13.698649516593148
-0.5367000000000001,-13.916515056772363
-0.5377,-14.090524546655764
-0.5387000000000001,-14.30273124163552
-0.5397,-14.529085049613924
-0.5407000000000001,-14.741291744593681
-0.5417,-15.01008689156804
-0.5427000000000001,-15.222293586547794
-0.5437,-15.448647394526201
-0.5447000000000001,-15.618412750510005
-0.5457,-15.830619445489761
-0.5467000000000001,-16.099414592464115
-0.5477,-16.311621287443874
-0.5487000000000001,-16.580416434418233
-0.5497,-16.792623129397985
-0.5507000000000001,-17.018976937376394
-0.5517,-17.2736249713521
-0.5527000000000001,-17.48583166633185
-0.5537,-17.75462681330621
-0.5547000000000001,-18.009274847281915
-0.5557,-18.27806999425627
-0.5567000000000001,-18.53271802823198
-0.5577,-18.759071836210385
-0.5587000000000001,-19.01371987018609
-0.5597,-19.28251501716045
-0.5607000000000001,-19.579604390132108
-0.5617,-19.890840876102416
-0.5627000000000001,-20.159636023076775
-0.5637,-20.541608074040333
-0.5647000000000001,-20.810403221014692
-0.5657,-21.149933932982297
-0.5667000000000001,-21.461170418952605
-0.5677,-21.772406904922917
-0.5687000000000001,-22.111937616890522
-0.5697,-22.33829142486893
-0.5707000000000001,-22.63538079784059
-0.5717,-23.031499961802798
-0.5727000000000001,-23.47006046476096
-0.5737,-23.86617962872317
-0.5747000000000001,-24.20571034069078
-0.5757,-24.559388165657033
-0.5767000000000001,-24.9130659906233
-0.5777,-25.252596702590903
-0.5787000000000001,-25.60627452755716
-0.5797,-26.002393691519377
-0.5807000000000001,-26.440954194477534
-0.5817,-26.822926245441096
-0.5827000000000001,-27.219045409403304
-0.5837,-27.572723234369565
-0.5847000000000001,-27.912253946337174
-0.5857,-28.22349043230748
-0.5867000000000001,-28.577168257273744
-0.5877,-28.91669896924135
-0.5887000000000001,-29.35525947219951
-0.5897,-29.793819975157668
-0.5907000000000001,-30.232380478115836
-0.5917,-30.670940981073993
-0.5927000000000001,-31.052913032037555
-0.5937,-31.36414951800786
-0.5947000000000001,-31.76026868197007
-0.5957,-32.14224073293363
-0.5967000000000001,-32.58080123589179
-0.5977,-33.01936173884996
-0.5987000000000001,-33.50036358080407
-0.5997,-33.98136542275818
-0.6007000000000001,-34.462367264712285
-0.6017,-34.85848642867451
-0.6027000000000001,-35.282899818634014
-0.6037,-35.763901660588125
-0.6047000000000001,-36.20246216354629
-0.6057,-36.64102266650445
-0.6067000000000001,-37.122024508458566
-0.6077,-37.60302635041268
-0.6087000000000001,-38.08402819236679
-0.6097,-38.42355890433439
-0.6107000000000001,-38.86211940729255
-0.6117,-39.258238571254765
-0.6126999999999999,-39.654357735216976
-0.6137,-40.177800916167044
-0.6146999999999999,-40.616361419125205
-0.6157,-41.04077480908471
-0.6166999999999999,-41.47933531204288
-0.6177,-41.79057179801318
-0.6186999999999999,-42.130102509980794
-0.6197,-42.39889765695515
-0.6206999999999999,-42.752575481921404
-0.6217,-43.17698887188092
-0.6226999999999999,-43.57310803584313
-0.6237,-44.054109877797245
-0.6246999999999999,-44.4926703807554
-0.6257,-44.88878954471762
-0.6266999999999999,-45.36979138667173
-0.6277,-45.666880759643384
-0.6286999999999999,-46.02055858460964
-0.6297,-46.501560426563756
-0.6306999999999999,-46.94012092952192
-0.6317,-47.46356411047198
-0.6326999999999999,-47.987007291422046
-0.6337,-48.55289181136806
-0.6346999999999999,-49.03389365332217
-0.6357,-49.50074838227763
-0.6366999999999999,-49.98175022423175
-0.6377,-50.46275206618586
-0.6386999999999999,-50.98619524713592
-0.6397,-51.594521106077885
-0.6406999999999999,-52.075522948032
-0.6417,-52.64140746797801
-0.6426999999999999,-53.16485064892808
-0.6437,-53.7873236208687
-0.6446999999999999,-54.35320814081471
-0.6457,-54.919092660760725
-0.6466999999999999,-55.484977180706736
-0.6477,-56.05086170065276
-0.6486999999999999,-56.61674622059877
-0.6497,-57.05530672355693
-0.6507,-57.493867226515086
-0.6517000000000001,-58.10219308545706
-0.6527,-58.22951710244491
-0.6537000000000001,-58.583194927411164
-0.6547,-59.10663810836124
-0.6557000000000001,-59.7998466452951
-0.6567,-60.40817250423707
-0.6577000000000001,-60.93161568518713
-0.6587,-61.72385401311155
-0.6597000000000001,-62.37462121104946
-0.6607,-62.98294706999144
-0.6617000000000001,-63.5063902509415
-0.6627,-64.02983343189156
-0.6637000000000001,-64.63815929083353
-0.6647,-65.11916113278764
-0.6657000000000001,-65.64260431373769
-0.6667,-66.29337151167562
-0.6677000000000001,-66.81681469262568
-0.6687,-67.34025787357575
-0.6697000000000001,-67.9202895065204
-0.6707,-68.44373268747047
-0.6717000000000001,-68.91058741642594
-0.6727,-69.39158925838004
-0.6737000000000001,-69.8301497613382
-0.6747,-70.35359294228827
-0.6757000000000001,-71.0043601402262
-0.6767,-71.66927445116276
-0.6777000000000001,-72.23515897110877
-0.6787,-72.71616081306288
-0.6797000000000001,-73.23960399401295
-0.6807,-73.80548851395896
-0.6817000000000001,-74.37137303390499
-0.6827,-74.97969889284694
-0.6837000000000001,-75.63046609078486
-0.6847,-76.15390927173492
-0.6857000000000001,-76.71979379168094
-0.6867,-76.86126492166746
-0.6857000000000001,-76.42270441870929
-0.6847,-75.85681989876326
-0.6837000000000001,-75.02214023184291
-0.6827,-74.28649035591307
-0.6817000000000001,-73.72060583596706
-0.6807,-73.15472131602105
-0.6797000000000001,-72.67371947406694
-0.6787,-71.96636382413442
-0.6777000000000001,-71.18827260920865
-0.6767,-70.53750541127073
-0.6757000000000001,-69.8301497613382
-0.6747,-69.26426524139221
-0.6737000000000001,-68.74082206044213
-0.6727,-68.21737887949207
-0.6717000000000001,-67.25537519558385
-0.6707,-66.34995996367022
-0.6697000000000001,-65.34551494076604
-0.6687,-64.55327661284163
-0.6677000000000001,-63.944950753899654
-0.6667,-63.251742216965795
-0.6657000000000001,-62.58682790602922
-0.6647,-62.11997317707376
-0.6637000000000001,-61.49750020513315
-0.6627,-60.80429166819927
-0.6617000000000001,-60.11108313126541
-0.6607,-59.67252262830725
-0.6597000000000001,-59.14907944735718
-0.6587,-58.62563626640712
-0.6577000000000001,-58.017310407465146
-0.6567,-57.26751341853669
-0.6557000000000001,-56.65918755959472
-0.6547,-56.05086170065276
-0.6537000000000001,-55.527418519702685
-0.6527,-55.13129935574048
-0.6517000000000001,-54.65029751378637
-0.6507,-54.2117370108282
-0.6497,-53.603411151886235
-0.6486999999999999,-53.079967970936174
-0.6477,-52.514083450990164
-0.6466999999999999,-52.033081609036046
-0.6457,-51.594521106077885
-0.6446999999999999,-51.21254905511432
-0.6437,-50.943753908139975
-0.6426999999999999,-50.64666453516831
-0.6417,-50.29298671020206
-0.6406999999999999,-49.76954352925199
-0.6397,-49.373424365289786
-0.6386999999999999,-48.89242252333566
-0.6377,-48.2840966643937
-0.6366999999999999,-47.80309482243959
-0.6357,-47.36453431948143
-0.6346999999999999,-46.79864979953541
-0.6337,-46.27520661858535
-0.6326999999999999,-45.89323456762179
-0.6317,-45.497115403659585
-0.6306999999999999,-45.01611356170547
-0.6297,-44.535111719751356
-0.6286999999999999,-44.181433894785094
-0.6277,-43.70043205283099
-0.6266999999999999,-43.27601866287147
-0.6257,-42.79501682091736
-0.6246999999999999,-42.3564563179592
-0.6237,-42.00277849299294
-0.6226999999999999,-41.43689397304693
-0.6217,-40.91345079209687
-0.6206999999999999,-40.34756627215084
-0.6197,-39.82412309120078
-0.6186999999999999,-39.34312124924667
-0.6177,-38.94700208528445
-0.6166999999999999,-38.46600024333035
-0.6157,-38.12646953136274
-0.6146999999999999,-37.687909028404576
-0.6137,-37.206907186450465
-0.6126999999999999,-36.768346683492304
-0.6117,-36.37222751953009
-0.6107000000000001,-35.99025546856653
-0.6097,-35.594136304604326
-0.6087000000000001,-35.15557580164616
-0.6077,-34.75945663768395
-0.6067000000000001,-34.377484586720385
-0.6057,-33.93892408376223
-0.6047000000000001,-33.50036358080407
-0.6037,-33.01936173884996
-0.6027000000000001,-32.62324257488775
-0.6017,-32.283711862920136
-0.6007000000000001,-31.84515135996197
-0.5997,-31.449032195999767
-0.5987000000000001,-31.095354371033505
-0.5977,-30.71338232006995
-0.5967000000000001,-30.317263156107735
-0.5957,-29.921143992145527
-0.5947000000000001,-29.482583489187363
-0.5937,-29.100611438223805
-0.5927000000000001,-28.704492274261593
-0.5917,-28.393255788291288
-0.5907000000000001,-28.05372507632368
-0.5897,-27.65760591236147
-0.5887000000000001,-27.219045409403304
-0.5877,-26.780484906445146
-0.5867000000000001,-26.38436574248293
-0.5857,-26.044835030515326
-0.5847000000000001,-25.73359854454502
-0.5837,-25.39406783257741
-0.5827000000000001,-25.0828313466071
-0.5817,-24.729153521640843
-0.5807000000000001,-24.389622809673234
-0.5797,-23.951062306715073
-0.5787000000000001,-23.597384481748815
-0.5777,-23.24370665678255
-0.5767000000000001,-22.904175944814945
-0.5757,-22.592939458844636
-0.5747000000000001,-22.196820294882425
-0.5737,-21.899730921910766
-0.5727000000000001,-21.58849443594046
-0.5717,-21.291405062968803
-0.5707000000000001,-20.980168576998494
-0.5697,-20.683079204026836
-0.5687000000000001,-20.414284057052477
-0.5677,-20.159636023076775
-0.5667000000000001,-19.890840876102416
-0.5657,-19.579604390132108
-0.5647000000000001,-19.28251501716045
-0.5637,-18.97127853119014
-0.5627000000000001,-18.674189158218486
-0.5617,-18.40539401124413
-0.5607000000000001,-18.19318731626437
-0.5597,-17.881950830294063
-0.5587000000000001,-17.584861457322408
-0.5577,-17.316066310348052
-0.5567000000000001,-17.061418276372343
-0.5557,-16.792623129397985
-0.5547000000000001,-16.53797509542228
-0.5537,-16.269179948447924
-0.5527000000000001,-16.056973253468165
-0.5517,-15.78817810649381
-0.5507000000000001,-15.491088733522153
-0.5497,-15.264734925543747
-0.5487000000000001,-15.094969569559943
-0.5477,-14.826174422585586
-0.5467000000000001,-14.61396772760583
-0.5457,-14.345172580631472
-0.5447000000000001,-14.13438059695158
-0.5437,-13.916515056772363
-0.5427000000000001,-13.654793466297335
-0.5417,-13.436927926118118
-0.5407000000000001,-13.13135028534727
-0.5397,-12.913484745168056
-0.5387000000000001,-12.73806054398479
-0.5377,-12.520195003805576
-0.5367000000000001,-12.302329463626359
-0.5357,-12.12831997374296
-0.5347000000000001,-11.909039722263879
-0.5337,-11.647318131788847
-0.5327000000000001,-11.42945259160963
-0.5317,-11.255443101726232
-0.5307000000000001,-11.037577561547016
-0.5297,-10.863568071663616
-0.5287000000000001,-10.688143870480351
-0.5277,-10.514134380596953
-0.5267000000000001,-10.340124890713554
-0.5257,-10.120844639234473
-0.5247,-9.946835149351072
-0.5236999999999999,-9.728969609171857
-0.5227,-9.55496011928846
-0.5216999999999999,-9.379535918105192
-0.5207,-9.24938247851761
-0.5196999999999999,-9.073958277334345
-0.5187,-8.899948787450944
-0.5176999999999999,-8.725939297567548
-0.5167,-8.55051509638428
-0.5156999999999999,-8.376505606500881
-0.5147,-8.202496116617484
-0.5136999999999999,-8.070927965730034
-0.5127,-7.940774526142452
-0.5116999999999999,-7.809206375255003
-0.5107,-7.679052935667419
-0.5096999999999999,-7.50504344578402
-0.5087,-7.329619244600755
-0.5076999999999999,-7.155609754717355
-0.5067,-7.024041603829907
-0.5056999999999999,-6.893888164242324
-0.5047,-6.762320013354876
-0.5036999999999999,-6.632166573767292
-0.5027,-6.500598422879844
-0.5016999999999999,-6.37044498329226
-0.5007,-6.238876832404812
-0.4996999999999999,-6.108723392817228
-0.49870000000000003,-5.977155241929781
-0.4976999999999999,-5.890857852638012
-0.49670000000000003,-5.759289701750564
-0.4956999999999999,-5.672992312458796
-0.49470000000000003,-5.5414241615713475
-0.4936999999999999,-5.453712060979717
-0.4927,-5.323558621392133
-0.4916999999999999,-5.191990470504685
-0.4907,-5.105693081212917
-0.4896999999999999,-5.017980980621284
-0.4887,-4.9302688800296535
-0.4876999999999999,-4.800115440442069
-0.4867,-4.712403339850438
-0.48570000000000013,-4.626105950558669
-0.4847,-4.494537799671222
-0.48370000000000013,-4.450681749375406
-0.4827,-4.3205283097878215
-0.48170000000000013,-4.23281620919619
-0.4807,-4.146518819904423
-0.4797000000000001,-4.0588067193127895
-0.4787,-3.971094618721158
-0.4777000000000001,-3.927238568425342
-0.4767,-3.840941179133574
-0.4757000000000001,-3.7532290785419424
-0.4747,-3.6655169779503103
-0.4737000000000001,-3.579219588658543
-0.4727,-3.4915074880669104
-0.4717000000000001,-3.403795387475278
-0.4707,-3.361354048479327
-0.4697000000000001,-3.273641947887695
-0.4687,-3.1859298472960624
-0.4677000000000001,-3.1420737970002466
-0.4667,-3.055776407708479
-0.4657000000000001,-3.0119203574126634
-0.4647,-2.924208256821031
-0.4637000000000001,-2.8379108675292635
-0.4627,-2.794054817233447
-0.4617000000000001,-2.7501987669376318
-0.4607,-2.662486666345999
-0.4597000000000001,-2.618630616050183
-0.4587,-2.532333226758415
-0.4577000000000001,-2.4884771764625997
-0.4567,-2.4446211261667834
-0.4557000000000001,-2.4007650758709675
-0.4547,-2.3144676865791998
-0.4537000000000001,-2.2706116362833835
-0.4527,-2.226755585987568
-0.4517000000000001,-2.1828995356917518
-0.4507,-2.095187435100119
-0.4497000000000001,-2.052746096104168
-0.4487,-2.008890045808352
-0.4477000000000001,-1.9650339955125358
-0.4467,-1.92117794521672
-0.4457000000000001,-1.8773218949209036
-0.4447,-1.8334658446250875
-0.4437000000000001,-1.7471684553333202
-0.4427,-1.7471684553333202
-0.4417000000000001,-1.7033124050375041
-0.4407,-1.6594563547416883
-0.4397000000000001,-1.6156003044458718
-0.4387,-1.5717442541500557
-0.4377000000000001,-1.5293029151541047
-0.4367,-1.4854468648582886
-0.4357000000000001,-1.4415908145624723
-0.4347,-1.4415908145624723
-0.4337000000000001,-1.3543031273607997
-0.4327,-1.3543031273607997
-0.4317000000000001,-1.3107300193249565
-0.43069999999999997,-1.2671569112891135
-0.4297000000000001,-1.2234423321232837
-0.42869999999999997,-1.1798692240874404
-0.4277000000000001,-1.1362961160515976
-0.42669999999999997,-1.1362961160515976
-0.4257000000000001,-1.0925815368857679
-0.42469999999999997,-1.0490084288499246
-0.4237000000000001,-1.0490084288499246
-0.42269999999999996,-1.0054353208140816
-0.4217000000000001,-0.9617207416482519
-0.42069999999999996,-0.9617207416482519
-0.4197000000000001,-0.9181476336124089
-0.41869999999999996,-0.8745745255765657
-0.41770000000000007,-0.8308599464107361
-0.41669999999999996,-0.8308599464107361
-0.41570000000000007,-0.8308599464107361
-0.41469999999999996,-0.7872868383748929
-0.41370000000000007,-0.7437137303390498
-0.41269999999999996,-0.7001406223032067
-0.41170000000000007,-0.7001406223032067
-0.41069999999999995,-0.7001406223032067
-0.40970000000000006,-0.6564260431373771
-0.40869999999999995,-0.6564260431373771
-0.40770000000000006,-0.6128529351015338
-0.40669999999999995,-0.6128529351015338
-0.40570000000000006,-0.5692798270656908
-0.40469999999999995,-0.5692798270656908
-0.40370000000000006,-0.5255652478998613
-0.40269999999999995,-0.5255652478998613
-0.40170000000000006,-0.48199213986401795
-0.40069999999999995,-0.48199213986401795
-0.39970000000000006,-0.4384190318281749
-0.39869999999999994,-0.4384190318281749
-0.39770000000000005,-0.4384190318281749
-0.39669999999999994,-0.3947044526623452
-0.39570000000000005,-0.3947044526623452
-0.39469999999999994,-0.3947044526623452
-0.39370000000000005,-0.3511313446265021
-0.39269999999999994,-0.30755823659065895
-0.39170000000000005,-0.30755823659065895
-0.39069999999999994,-0.30755823659065895
-0.38970000000000005,-0.30755823659065895
-0.38869999999999993,-0.26384365742482935
-0.38770000000000004,-0.26384365742482935
-0.38669999999999993,-0.26384365742482935
-0.38570000000000004,-0.2202705493889862
-0.38469999999999993,-0.2202705493889862
-0.38370000000000004,-0.2202705493889862
-0.38269999999999993,-0.1766974413531431
-0.38170000000000004,-0.1766974413531431
-0.3806999999999999,-0.1766974413531431
-0.37970000000000004,-0.1766974413531431
-0.3786999999999999,-0.1330535977523067
-0.37770000000000004,-0.1330535977523067
-0.3766999999999999,-0.1330535977523067
-0.37570000000000003,-0.08943804837746762
-0.3746999999999999,-0.08943804837746762
-0.37370000000000003,-0.08943804837746762
-0.3726999999999999,-0.04582249900262853
-0.37170000000000003,-0.04582249900262853
-0.3706999999999999,-0.08943804837746762
-0.36970000000000003,-0.04582249900262853
-0.3686999999999999,-0.04582249900262853
-0.3677,-0.002205534916489592
-0.3666999999999999,-0.002205534916489592
-0.3657,-0.002205534916489592
-0.3646999999999999,-0.002205534916489592
-0.3637,-0.002205534916489592
-0.3626999999999999,0.04140859974704963
-0.3617,-0.002205534916489592
-0.36070000000000013,0.04140859974704963
-0.3597,0.04140859974704963
-0.35870000000000013,0.04140859974704963
-0.3577,0.04140859974704963
-0.35670000000000013,0.04140859974704963
-0.3557,0.08502414912188871
-0.3547000000000001,0.08502414912188871
-0.3537,0.08502414912188871
-0.3527000000000001,0.08502414912188871
-0.3517,0.08502414912188871
-0.3507000000000001,0.08502414912188871
-0.3497,0.12863969849672777
-0.3487000000000001,0.08502414912188871
-0.3477,0.12863969849672777
-0.3467000000000001,0.12863969849672777
-0.3457,0.12863969849672777
-0.3447000000000001,0.12863969849672777
-0.3437,0.12863969849672777
-0.3427000000000001,0.12863969849672777
-0.3417,0.12863969849672777
-0.3407000000000001,0.17231183632356148
-0.3397,0.17231183632356148
-0.3387000000000001,0.17231183632356148
-0.3377,0.17231183632356148
-0.3367000000000001,0.17231183632356148
-0.3357,0.17231183632356148
-0.3347000000000001,0.17231183632356148
-0.3337,0.21588494435940458
-0.3327000000000001,0.17231183632356148
-0.3317,0.17231183632356148
-0.3307000000000001,0.21588494435940458
-0.3297,0.17231183632356148
-0.3287000000000001,0.21588494435940458
-0.3277,0.21588494435940458
-0.3267000000000001,0.21588494435940458
-0.3257,0.21588494435940458
-0.3247000000000001,0.21588494435940458
-0.3237,0.21588494435940458
-0.3227000000000001,0.21588494435940458
-0.3217,0.21588494435940458
-0.3207000000000001,0.21588494435940458
-0.3197,0.21588494435940458
-0.3187000000000001,0.2594580523952477
-0.3177,0.2594580523952477
-0.3167000000000001,0.21588494435940458
-0.3157,0.2594580523952477
-0.3147000000000001,0.21588494435940458
-0.3137,0.2594580523952477
-0.3127000000000001,0.2594580523952477
-0.3117,0.2594580523952477
-0.3107000000000001,0.2594580523952477
-0.3097,0.2594580523952477
-0.3087000000000001,0.2594580523952477
-0.3077,0.2594580523952477
-0.3067000000000001,0.2594580523952477
-0.30569999999999997,0.2594580523952477
-0.3047000000000001,0.2594580523952477
-0.30369999999999997,0.3031726315610774
-0.3027000000000001,0.2594580523952477
-0.30169999999999997,0.2594580523952477
-0.3007000000000001,0.2594580523952477
-0.29969999999999997,0.2594580523952477
-0.2987000000000001,0.2594580523952477
-0.29769999999999996,0.2594580523952477
-0.2967000000000001,0.2594580523952477
-0.29569999999999996,0.2594580523952477
-0.2947000000000001,0.3031726315610774
-0.29369999999999996,0.3031726315610774
-0.29270000000000007,0.3031726315610774
-0.29169999999999996,0.3031726315610774
-0.29070000000000007,0.3031726315610774
-0.28969999999999996,0.3031726315610774
-0.28870000000000007,0.3031726315610774
-0.28769999999999996,0.3031726315610774
-0.28670000000000007,0.3031726315610774
-0.28569999999999995,0.3031726315610774
-0.28470000000000006,0.3031726315610774
-0.28369999999999995,0.3031726315610774
-0.28270000000000006,0.3031726315610774
-0.28169999999999995,0.3031726315610774
-0.28070000000000006,0.3031726315610774
-0.27969999999999995,0.3031726315610774
-0.27870000000000006,0.3031726315610774
-0.27769999999999995,0.3031726315610774
-0.27670000000000006,0.3031726315610774
-0.27569999999999995,0.3031726315610774
-0.27470000000000006,0.3031726315610774
-0.27369999999999994,0.3031726315610774
-0.27270000000000005,0.3467457395969205
-0.27169999999999994,0.3031726315610774
-0.27070000000000005,0.3031726315610774
-0.26969999999999994,0.3031726315610774
-0.26870000000000005,0.3031726315610774
-0.26769999999999994,0.3467457395969205
-0.26670000000000005,0.3031726315610774
-0.26569999999999994,0.3467457395969205
-0.26470000000000005,0.3031726315610774
-0.26369999999999993,0.3467457395969205
-0.26270000000000004,0.3467457395969205
-0.26169999999999993,0.3467457395969205
-0.26070000000000004,0.3467457395969205
-0.25969999999999993,0.3467457395969205
-0.25870000000000004,0.3467457395969205
-0.25769999999999993,0.3467457395969205
-0.25670000000000004,0.3467457395969205
-0.2556999999999999,0.3467457395969205
-0.25470000000000004,0.3467457395969205
-0.2536999999999999,0.3467457395969205
-0.25270000000000004,0.3467457395969205
-0.2516999999999999,0.3467457395969205
-0.25070000000000003,0.3467457395969205
-0.24969999999999992,0.3467457395969205
-0.24870000000000003,0.3467457395969205
-0.24769999999999992,0.3467457395969205
-0.24670000000000003,0.3467457395969205
-0.24569999999999992,0.3467457395969205
-0.24470000000000003,0.3467457395969205
-0.24369999999999992,0.3467457395969205
-0.24270000000000003,0.3467457395969205
-0.24169999999999991,0.3467457395969205
-0.24070000000000003,0.3467457395969205
-0.2396999999999999,0.3467457395969205
-0.23870000000000002,0.3467457395969205
-0.2376999999999999,0.3467457395969205
-0.23670000000000002,0.3467457395969205
-0.23570000000000013,0.3903188476327636
-0.23470000000000002,0.3467457395969205
-0.23370000000000013,0.3467457395969205
-0.23270000000000002,0.3903188476327636
-0.23170000000000013,0.3903188476327636
-0.23070000000000002,0.3903188476327636
-0.22970000000000013,0.3903188476327636
-0.22870000000000001,0.3903188476327636
-0.22770000000000012,0.3903188476327636
-0.2267,0.3903188476327636
-0.22570000000000012,0.3903188476327636
-0.2247,0.3903188476327636
-0.22370000000000012,0.3903188476327636
-0.2227,0.3903188476327636
-0.22170000000000012,0.3903188476327636
-0.2207,0.3903188476327636
-0.21970000000000012,0.3903188476327636
-0.2187,0.3903188476327636
-0.21770000000000012,0.3903188476327636
-0.2167,0.3903188476327636
-0.2157000000000001,0.3903188476327636
-0.2147,0.3903188476327636
-0.2137000000000001,0.3903188476327636
-0.2127,0.3903188476327636
-0.2117000000000001,0.3903188476327636
-0.2107,0.3903188476327636
-0.2097000000000001,0.3903188476327636
-0.2087,0.43403342679859325
-0.2077000000000001,0.3903188476327636
-0.2067,0.3903188476327636
-0.2057000000000001,0.43403342679859325
-0.2047,0.3903188476327636
-0.2037000000000001,0.43403342679859325
-0.2027,0.43403342679859325
-0.2017000000000001,0.43403342679859325
-0.2007,0.3903188476327636
-0.1997000000000001,0.43403342679859325
-0.1987,0.43403342679859325
-0.1977000000000001,0.43403342679859325
-0.19669999999999999,0.43403342679859325
-0.1957000000000001,0.43403342679859325
-0.19469999999999998,0.43403342679859325
-0.1937000000000001,0.43403342679859325
-0.19269999999999998,0.43403342679859325
-0.1917000000000001,0.43403342679859325
-0.1907000000000001,0.43403342679859325
-0.1897000000000002,0.43403342679859325
-0.1887000000000001,0.43403342679859325
-0.1877000000000002,0.43403342679859325
-0.1867000000000001,0.43403342679859325
-0.1857000000000002,0.43403342679859325
-0.1847000000000001,0.43403342679859325
-0.1837000000000002,0.4776065348344364
-0.18270000000000008,0.4776065348344364
-0.1817000000000002,0.4776065348344364
-0.18070000000000008,0.4776065348344364
-0.1797000000000002,0.4776065348344364
-0.17870000000000008,0.4776065348344364
-0.1777000000000002,0.4776065348344364
-0.17670000000000008,0.4776065348344364
-0.1757000000000002,0.4776065348344364
-0.17470000000000008,0.4776065348344364
-0.1737000000000002,0.4776065348344364
-0.17270000000000008,0.4776065348344364
-0.17170000000000019,0.4776065348344364
-0.17070000000000007,0.4776065348344364
-0.16970000000000018,0.4776065348344364
-0.16870000000000007,0.4776065348344364
-0.16770000000000018,0.4776065348344364
-0.16670000000000007,0.5211796428702795
-0.16570000000000018,0.4776065348344364
-0.16470000000000007,0.5211796428702795
-0.16370000000000018,0.4776065348344364
-0.16270000000000007,0.5211796428702795
-0.16170000000000018,0.4776065348344364
-0.16070000000000007,0.5211796428702795
-0.15970000000000018,0.5211796428702795
-0.15870000000000006,0.5211796428702795
-0.15770000000000017,0.5211796428702795
-0.15670000000000006,0.5211796428702795
-0.15570000000000017,0.5211796428702795
-0.15470000000000006,0.5211796428702795
-0.15370000000000017,0.5211796428702795
-0.15270000000000006,0.5211796428702795
-0.15170000000000017,0.5211796428702795
-0.15070000000000006,0.5211796428702795
-0.14970000000000017,0.5211796428702795
-0.14870000000000005,0.5211796428702795
-0.14770000000000016,0.5211796428702795
-0.14670000000000005,0.5211796428702795
-0.14570000000000016,0.5211796428702795
-0.14470000000000005,0.5647527509061226
-0.14370000000000016,0.5647527509061226
-0.14270000000000005,0.5647527509061226
-0.14170000000000016,0.5647527509061226
-0.14070000000000005,0.5647527509061226
-0.13970000000000016,0.5647527509061226
-0.13870000000000005,0.5647527509061226
-0.13770000000000016,0.5647527509061226
-0.13670000000000004,0.5647527509061226
-0.13570000000000015,0.5647527509061226
-0.13470000000000004,0.5647527509061226
-0.13370000000000015,0.5647527509061226
-0.13270000000000004,0.5647527509061226
-0.13170000000000015,0.6084673300719523
-0.13070000000000004,0.5647527509061226
-0.12970000000000015,0.5647527509061226
-0.12870000000000004,0.6084673300719523
-0.12770000000000015,0.6084673300719523
-0.12670000000000003,0.6084673300719523
-0.12570000000000014,0.6084673300719523
-0.12470000000000003,0.6084673300719523
-0.12370000000000014,0.6084673300719523
-0.12270000000000003,0.6084673300719523
-0.12170000000000014,0.6084673300719523
-0.12070000000000003,0.6084673300719523
-0.11970000000000014,0.6084673300719523
-0.11870000000000003,0.6084673300719523
-0.11770000000000014,0.6084673300719523
-0.11670000000000003,0.6084673300719523
-0.11570000000000014,0.6084673300719523
-0.11470000000000002,0.6084673300719523
-0.11370000000000013,0.6520404381077953
-0.11270000000000002,0.6520404381077953
-0.11170000000000013,0.6084673300719523
-0.11070000000000024,0.6520404381077953
-0.10970000000000013,0.6520404381077953
-0.10870000000000024,0.6520404381077953
-0.10770000000000013,0.6520404381077953
-0.10670000000000024,0.6520404381077953
-0.10570000000000013,0.6520404381077953
-0.10470000000000024,0.6520404381077953
-0.10370000000000013,0.6520404381077953
-0.10270000000000024,0.6520404381077953
-0.10170000000000012,0.6520404381077953
-0.10070000000000023,0.6520404381077953
-0.09970000000000012,0.6520404381077953
-0.09870000000000023,0.6956135461436386
-0.09770000000000012,0.6956135461436386
-0.09670000000000023,0.6956135461436386
-0.09570000000000012,0.6520404381077953
-0.09470000000000023,0.6956135461436386
-0.09370000000000012,0.6956135461436386
-0.09270000000000023,0.6956135461436386
-0.09170000000000011,0.6956135461436386
-0.09070000000000022,0.6956135461436386
-0.08970000000000011,0.6956135461436386
-0.08870000000000022,0.6956135461436386
-0.08770000000000011,0.6956135461436386
-0.08670000000000022,0.6956135461436386
-0.08570000000000011,0.6956135461436386
-0.08470000000000022,0.6956135461436386
-0.08370000000000011,0.7393281253094681
-0.08270000000000022,0.6956135461436386
-0.0817000000000001,0.6956135461436386
-0.08070000000000022,0.7393281253094681
-0.0797000000000001,0.7393281253094681
-0.07870000000000021,0.7393281253094681
-0.0777000000000001,0.7393281253094681
-0.07670000000000021,0.7393281253094681
-0.0757000000000001,0.7393281253094681
-0.07470000000000021,0.7393281253094681
-0.0737000000000001,0.7393281253094681
-0.07270000000000021,0.7393281253094681
-0.0717000000000001,0.7393281253094681
-0.07070000000000021,0.7393281253094681
-0.0697000000000001,0.7393281253094681
-0.0687000000000002,0.7393281253094681
-0.0677000000000001,0.7829012333453113
-0.0667000000000002,0.7393281253094681
-0.06570000000000009,0.7393281253094681
-0.0647000000000002,0.7393281253094681
-0.06370000000000009,0.7829012333453113
-0.0627000000000002,0.7829012333453113
-0.06170000000000009,0.7829012333453113
-0.0607000000000002,0.7829012333453113
-0.059700000000000086,0.7829012333453113
-0.058700000000000196,0.7829012333453113
-0.057700000000000085,0.7829012333453113
-0.056700000000000195,0.7829012333453113
-0.05570000000000008,0.7829012333453113
-0.05470000000000019,0.7829012333453113
-0.05370000000000008,0.8264743413811545
-0.05270000000000019,0.7829012333453113
-0.05170000000000008,0.7829012333453113
-0.05070000000000019,0.7829012333453113
-0.04970000000000008,0.7829012333453113
-0.04870000000000019,0.7829012333453113
-0.047700000000000076,0.8264743413811545
-0.046700000000000186,0.8264743413811545
-0.045700000000000074,0.8264743413811545
-0.044700000000000184,0.8264743413811545
-0.04370000000000007,0.8264743413811545
-0.04270000000000018,0.8264743413811545
-0.04170000000000007,0.8264743413811545
-0.04070000000000018,0.8264743413811545
-0.03970000000000007,0.8264743413811545
-0.03870000000000018,0.8264743413811545
-0.03770000000000007,0.8264743413811545
-0.03670000000000018,0.8264743413811545
-0.035700000000000065,0.8264743413811545
-0.034700000000000175,0.8264743413811545
-0.03370000000000006,0.8264743413811545
-0.03270000000000017,0.8264743413811545
-0.03170000000000006,0.8264743413811545
-0.03070000000000017,0.870188920546984
-0.02970000000000006,0.870188920546984
-0.02870000000000017,0.870188920546984
-0.027700000000000058,0.870188920546984
-0.026700000000000168,0.870188920546984
-0.025700000000000056,0.8264743413811545
-0.024700000000000166,0.870188920546984
-0.023700000000000054,0.870188920546984
-0.022700000000000164,0.870188920546984
-0.021700000000000053,0.870188920546984
-0.020700000000000163,0.870188920546984
-0.01970000000000005,0.870188920546984
-0.01870000000000016,0.870188920546984
-0.01770000000000005,0.870188920546984
-0.01670000000000016,0.870188920546984
-0.015700000000000047,0.870188920546984
-0.014700000000000157,0.9137620285828272
-0.013700000000000045,0.9137620285828272
-0.012700000000000156,0.9137620285828272
-0.011700000000000044,0.9137620285828272
-0.010700000000000154,0.9137620285828272
-0.009700000000000042,0.9137620285828272
-0.008700000000000152,0.9137620285828272
-0.00770000000000004,0.9137620285828272
-0.00670000000000015,0.9137620285828272
-0.005700000000000038,0.9137620285828272
-0.0047000000000001485,0.9137620285828272
-0.0037000000000000366,0.9573351366186703
-0.0027000000000001467,0.9573351366186703
-0.0017000000000000348,0.9137620285828272
-0.000700000000000145,0.9137620285828272
0.00029999999999996696,0.9573351366186703
0.0012999999999998568,0.9573351366186703
0.0022999999999999687,0.9573351366186703
0.0032999999999998586,0.9573351366186703
0.0042999999999999705,0.9573351366186703
0.00529999999999986,0.9573351366186703
0.006299999999999972,0.9573351366186703
0.007299999999999862,0.9573351366186703
0.008299999999999974,0.9573351366186703
0.009299999999999864,0.9573351366186703
0.010299999999999976,0.9573351366186703
0.011299999999999866,0.9573351366186703
0.012299999999999978,0.9573351366186703
