Potential V vs RHE, Current mA cm-2
0.05339999999999995,-0.02966649595816982
0.05239999999999995,-0.030543616964086147
0.051399999999999946,-0.031052913032037555
0.050399999999999945,-0.03147732642199706
0.049399999999999944,-0.031873445585959274
0.04839999999999994,-0.03221297629792688
0.04739999999999994,-0.03256665412289315
0.04639999999999994,-0.03290618483486075
0.04539999999999994,-0.03330230399882296
0.04439999999999994,-0.033698423162785165
0.04339999999999994,-0.03403795387475279
0.04239999999999994,-0.034377484586720394
0.04139999999999994,-0.034717015298688
0.040399999999999936,-0.03508484023665291
0.039399999999999935,-0.035466812287616466
0.038399999999999934,-0.035820490112582724
0.03739999999999993,-0.03614587371155169
0.03639999999999993,-0.0365136986495166
0.03539999999999993,-0.0369098178134788
0.03439999999999993,-0.037305936977441015
0.03339999999999993,-0.03764546768940863
0.03239999999999993,-0.03799914551437489
0.03139999999999993,-0.03833867622634249
0.030399999999999927,-0.03873479539030471
0.029399999999999926,-0.03913091455426691
0.028399999999999925,-0.03949873949223183
0.027399999999999924,-0.03983827020419943
0.026399999999999924,-0.04023438936816164
0.025399999999999923,-0.040630508532123855
0.024399999999999922,-0.04104077480908471
0.02339999999999992,-0.04142274686004828
0.02239999999999992,-0.04177642468501453
0.02139999999999992,-0.04215839673597809
0.020399999999999918,-0.042568663012938955
0.019399999999999917,-0.04299307640289847
0.018399999999999916,-0.04336090134086337
0.017399999999999916,-0.043742873391826934
0.016399999999999915,-0.0441531396687878
0.015399999999999914,-0.044591700171745956
0.014399999999999913,-0.04501611356170547
0.013399999999999912,-0.04541223272566768
0.012399999999999911,-0.045794204776631244
0.01139999999999991,-0.04619032394059345
0.01039999999999991,-0.046614737330552956
0.009399999999999908,-0.04706744494650977
0.008399999999999908,-0.04747771122347064
0.007399999999999907,-0.04788797750043149
0.006399999999999906,-0.04832653800338965
0.005399999999999905,-0.04876509850634782
0.004399999999999904,-0.04921780612230463
0.003399999999999903,-0.04962807239926549
0.002399999999999902,-0.050024191563227696
0.0013999999999999013,-0.050462752066185855
0.00039999999999990044,-0.05092960679514132
-0.0006000000000001005,-0.051410608637095435
-0.0016000000000001013,-0.05183502202705494
-0.0026000000000001022,-0.05227358253001311
-0.003600000000000103,-0.052697995919972616
-0.004600000000000104,-0.05316485064892808
-0.005600000000000105,-0.05364585249088218
-0.006600000000000106,-0.05409856010683901
-0.007600000000000107,-0.05453712060979717
-0.008600000000000108,-0.05500397533875262
-0.009600000000000108,-0.055470830067708095
-0.01060000000000011,-0.05595183190966221
-0.01160000000000011,-0.05640453952561902
-0.012600000000000111,-0.05685724714157582
-0.013600000000000112,-0.057324101870531295
-0.014600000000000113,-0.0578051037124854
-0.015600000000000114,-0.05828610555443951
-0.016600000000000115,-0.058752960283394974
-0.017600000000000116,-0.05917737367335448
-0.018600000000000116,-0.0596300812893113
-0.019600000000000117,-0.06012523024426406
-0.020600000000000118,-0.060606232086218174
-0.02160000000000012,-0.061073086815173636
-0.02260000000000012,-0.06153994154412909
-0.02360000000000012,-0.062006796273084565
-0.024600000000000122,-0.06253023945403462
-0.025600000000000123,-0.06303953552198605
-0.026600000000000124,-0.06352053736394014
-0.027600000000000124,-0.06400153920589426
-0.028600000000000125,-0.06449668816084701
-0.029600000000000126,-0.06502013134179709
-0.030600000000000127,-0.06552942740974849
-0.03160000000000013,-0.06601042925170261
-0.03260000000000013,-0.06649143109365672
-0.03360000000000013,-0.06697243293561084
-0.03460000000000002,-0.0674958761165609
-0.03560000000000002,-0.06801931929751097
-0.03660000000000002,-0.06848617402646642
-0.03760000000000002,-0.0689813229814192
-0.03860000000000002,-0.06946232482337329
-0.039600000000000024,-0.06998576800432338
-0.040600000000000025,-0.07052335829827208
-0.041600000000000026,-0.07101850725322485
-0.04260000000000003,-0.07151365620817761
-0.04360000000000003,-0.07199465805013172
-0.04460000000000003,-0.07251810123108177
-0.04560000000000003,-0.0730556915250305
-0.04660000000000003,-0.07353669336698461
-0.04760000000000003,-0.07401769520893872
-0.04860000000000003,-0.07452699127689014
-0.04960000000000003,-0.0750504344578402
-0.050600000000000034,-0.07557387763879025
-0.051600000000000035,-0.07606902659374302
-0.052600000000000036,-0.07655002843569715
-0.053600000000000037,-0.07703103027765125
-0.05460000000000004,-0.07755447345860131
-0.05560000000000004,-0.07810621086554868
-0.05660000000000004,-0.07860135982050144
-0.05760000000000004,-0.07908236166245554
-0.05860000000000004,-0.07956336350440966
-0.05960000000000004,-0.08007265957236107
-0.06060000000000004,-0.08059610275331114
-0.061600000000000044,-0.08107710459526525
-0.06260000000000004,-0.08155810643721936
-0.06360000000000005,-0.08205325539217213
-0.06460000000000005,-0.08259084568612084
-0.06560000000000005,-0.08308599464107361
-0.06660000000000005,-0.08355284937002906
-0.06760000000000005,-0.08397726275998857
-0.06860000000000005,-0.08442997037594539
-0.06960000000000005,-0.08495341355689547
-0.07060000000000005,-0.08546270962484687
-0.07160000000000005,-0.08592956435380232
-0.07260000000000005,-0.08639641908275779
-0.07360000000000005,-0.0868491266987146
-0.07460000000000006,-0.08733012854066871
-0.07560000000000006,-0.08782527749562147
-0.07660000000000006,-0.08823554377258234
-0.07760000000000006,-0.0886741042755405
-0.07860000000000006,-0.08914095900449596
-0.07960000000000006,-0.08963610795944872
-0.08060000000000006,-0.09011710980140283
-0.08160000000000006,-0.090555670304361
-0.08260000000000006,-0.09100837792031781
-0.08360000000000006,-0.09143279131027732
-0.08460000000000006,-0.09189964603923279
-0.08560000000000006,-0.0923806478811869
-0.08660000000000007,-0.0928050612711464
-0.08760000000000007,-0.09322947466110591
-0.08860000000000007,-0.09366803516406408
-0.08960000000000007,-0.09412074278002087
-0.09060000000000007,-0.09455930328297905
-0.09160000000000007,-0.0949695695599399
-0.09260000000000007,-0.09535154161090346
-0.09360000000000007,-0.09574766077486568
-0.09460000000000007,-0.09618622127782384
-0.09560000000000007,-0.09663892889378066
-0.09660000000000007,-0.0970209009447442
-0.09760000000000008,-0.09737457876971047
-0.09860000000000008,-0.0977424037076754
-0.09960000000000008,-0.09815266998463625
-0.10060000000000008,-0.09854878914859845
-0.10160000000000008,-0.09891661408656337
-0.10260000000000008,-0.09927029191152963
-0.10360000000000008,-0.09960982262349724
-0.10460000000000008,-0.10002008890045809
-0.10560000000000008,-0.10040206095142165
-0.10660000000000008,-0.10074159166338927
-0.10760000000000008,-0.10108112237535687
-0.10860000000000009,-0.10140650597432584
-0.10960000000000009,-0.1017601837992921
-0.11060000000000009,-0.10214215585025564
-0.11160000000000009,-0.10243924522322731
-0.11260000000000009,-0.1027221874832003
-0.11360000000000009,-0.10301927685617196
-0.11460000000000009,-0.10337295468113822
-0.11560000000000009,-0.10372663250610449
-0.11660000000000009,-0.1039812805400802
-0.1176000000000001,-0.10425007568705455
-0.1186000000000001,-0.10453301794702756
-0.1196000000000001,-0.10481596020700056
-0.1206000000000001,-0.10514134380596953
-0.1216000000000001,-0.10539599183994523
-0.1226000000000001,-0.10565063987392094
-0.1236000000000001,-0.105891140794898
-0.1246000000000001,-0.10615993594187234
-0.1256000000000001,-0.10644287820184536
-0.1266000000000001,-0.10668337912282241
-0.1276000000000001,-0.10689558581780217
-0.1286000000000001,-0.10712193962578058
-0.1296000000000001,-0.10737658765975629
-0.1306000000000001,-0.10764538280673064
-0.1316000000000001,-0.1078575895017104
-0.1326000000000001,-0.10802735485769419
-0.1336000000000001,-0.10823956155267396
-0.1346000000000001,-0.10846591536065237
-0.1356000000000001,-0.10867812205563213
-0.1366000000000001,-0.10887618163761323
-0.1376000000000001,-0.10903179988059837
-0.1386000000000001,-0.10920156523658218
-0.1396000000000001,-0.10941377193156195
-0.1406000000000001,-0.10962597862654169
-0.14160000000000011,-0.1097674497565282
-0.14260000000000012,-0.10992306799951335
-0.14360000000000012,-0.1100503920165012
-0.14460000000000012,-0.11022015737248501
-0.14560000000000012,-0.1103899227284688
-0.14660000000000012,-0.11051724674545668
-0.14760000000000012,-0.11063042364944586
-0.14860000000000012,-0.11074360055343507
-0.14960000000000012,-0.11091336590941887
-0.15060000000000012,-0.11105483703940537
-0.15160000000000012,-0.11115386683039592
-0.15260000000000012,-0.11125289662138649
-0.15360000000000013,-0.11133777929937837
-0.15460000000000013,-0.1114792504293649
-0.15560000000000013,-0.11160657444635275
-0.15660000000000013,-0.111677310011346
-0.15760000000000013,-0.11174804557633926
-0.15860000000000013,-0.1118187811413325
-0.15960000000000002,-0.1119319580453217
-0.16060000000000002,-0.11203098783631225
-0.16160000000000002,-0.11208757628830686
-0.16260000000000002,-0.11214416474030146
-0.16360000000000002,-0.1122149003052947
-0.16460000000000002,-0.11229978298328659
-0.16560000000000002,-0.11242710700027447
-0.16660000000000003,-0.11249784256526771
-0.16760000000000003,-0.11249784256526771
-0.16860000000000003,-0.11252613679126502
-0.16960000000000003,-0.11259687235625826
-0.17060000000000003,-0.11265346080825286
-0.17160000000000003,-0.11269590214724882
-0.17260000000000003,-0.11268175503425018
-0.17360000000000003,-0.11269590214724882
-0.17460000000000003,-0.11273834348624477
-0.17560000000000003,-0.11279493193823936
-0.17660000000000003,-0.11280907905123803
-0.17760000000000004,-0.11279493193823936
-0.17860000000000004,-0.11279493193823936
-0.17960000000000004,-0.11282322616423668
-0.18060000000000004,-0.11285152039023398
-0.18160000000000004,-0.11285152039023398
-0.18260000000000004,-0.11282322616423668
-0.18360000000000004,-0.11279493193823936
-0.18460000000000004,-0.11282322616423668
-0.18560000000000004,-0.11285152039023398
-0.18660000000000004,-0.11282322616423668
-0.18760000000000004,-0.11280907905123803
-0.18860000000000005,-0.11276663771224207
-0.18960000000000005,-0.11278078482524072
-0.19060000000000005,-0.11279493193823936
-0.19160000000000005,-0.11278078482524072
-0.19260000000000005,-0.11272419637324613
-0.19360000000000005,-0.11268175503425018
-0.19460000000000005,-0.11266760792125154
-0.19560000000000005,-0.11266760792125154
-0.19660000000000005,-0.11262516658225558
-0.19760000000000005,-0.11258272524325963
-0.19860000000000005,-0.11251198967826637
-0.19960000000000006,-0.11249784256526771
-0.20060000000000006,-0.11249784256526771
-0.20160000000000006,-0.11244125411327312
-0.20260000000000006,-0.11238466566127853
-0.20360000000000006,-0.11232807720928391
-0.20460000000000006,-0.11231393009628526
-0.20560000000000006,-0.11229978298328659
-0.20660000000000006,-0.11222904741829336
-0.20760000000000006,-0.11217245896629877
-0.20860000000000006,-0.11210172340130552
-0.20960000000000006,-0.1120734291753082
-0.21060000000000006,-0.11204513494931091
-0.21160000000000007,-0.11200269361031497
-0.21260000000000007,-0.11191781093232304
-0.21360000000000007,-0.11186122248032847
-0.21460000000000007,-0.1118187811413325
-0.21560000000000007,-0.1117904869153352
-0.21660000000000007,-0.11174804557633926
-0.21760000000000007,-0.11169145712434464
-0.21860000000000007,-0.11160657444635275
-0.21960000000000007,-0.11156413310735679
-0.22060000000000007,-0.11153583888135948
-0.22160000000000007,-0.1114792504293649
-0.22260000000000008,-0.11139436775137299
-0.22360000000000008,-0.11133777929937837
-0.22460000000000008,-0.11129533796038243
-0.22560000000000008,-0.11125289662138649
-0.22660000000000008,-0.11119630816939187
-0.22760000000000008,-0.11113971971739729
-0.22860000000000008,-0.11104068992640674
-0.22960000000000008,-0.11099824858741078
-0.23060000000000008,-0.11098410147441214
-0.23160000000000008,-0.11089921879642024
-0.23260000000000008,-0.11081433611842831
-0.23360000000000009,-0.11072945344043642
-0.2346000000000001,-0.11068701210144047
-0.2356000000000001,-0.11065871787544318
-0.2366000000000001,-0.11058798231044992
-0.2376000000000001,-0.11051724674545668
-0.2386000000000001,-0.11044651118046342
-0.2396000000000001,-0.11040406984146747
-0.2406000000000001,-0.1103899227284688
-0.2416000000000001,-0.11031918716347557
-0.2426000000000001,-0.1102484515984823
-0.2436000000000001,-0.11017771603348907
-0.2446000000000001,-0.1101352746944931
-0.2456000000000001,-0.1101069804684958
-0.2466000000000001,-0.11003624490350256
-0.2476000000000001,-0.10995136222551065
-0.2486000000000001,-0.10986647954751874
-0.2496000000000001,-0.10980989109552414
-0.2506000000000001,-0.1097957439825255
-0.2516000000000001,-0.10975330264352953
-0.2526000000000001,-0.10965427285253901
-0.2536000000000001,-0.1095976844005444
-0.2546000000000001,-0.10954109594854979
-0.2556000000000001,-0.10952694883555114
-0.2566000000000001,-0.1094845074965552
-0.2576000000000001,-0.10938547770556464
-0.2586000000000001,-0.10932888925357002
-0.2596000000000001,-0.10927230080157543
-0.2606000000000001,-0.10925815368857679
-0.2616000000000001,-0.10918741812358353
-0.2626000000000001,-0.10911668255859029
-0.2636000000000001,-0.10906009410659567
-0.2646000000000001,-0.10901765276759973
-0.2656000000000001,-0.10898935854160242
-0.2666000000000001,-0.10894691720260646
-0.2676000000000001,-0.10887618163761323
-0.2686000000000001,-0.10880544607261997
-0.2696000000000001,-0.10876300473362402
-0.2706000000000001,-0.10876300473362402
-0.2716000000000001,-0.10869226916863078
-0.2726000000000001,-0.10863568071663617
-0.2736000000000001,-0.10856494515164292
-0.2746000000000001,-0.10853665092564563
-0.2756000000000001,-0.10853665092564563
-0.2766000000000001,-0.10848006247365101
-0.2776000000000001,-0.10840932690865775
-0.2786000000000001,-0.1083668855696618
-0.2796000000000001,-0.10835273845666317
-0.2806000000000001,-0.10835273845666317
-0.28160000000000013,-0.1083102971176672
-0.28260000000000013,-0.10823956155267396
-0.28360000000000013,-0.10816882598768068
-0.2846,-0.10812638464868475
-0.2856,-0.10811223753568612
-0.2866,-0.1080839433096888
-0.2876,-0.10801320774469556
-0.2886,-0.10794247217970229
-0.2896,-0.1078858837277077
-0.2906,-0.10790003084070635
-0.2916,-0.1078858837277077
-0.2926,-0.1078010010497158
-0.2936,-0.10777270682371849
-0.29460000000000003,-0.10777270682371849
-0.29560000000000003,-0.10774441259772119
-0.29660000000000003,-0.10774441259772119
-0.29760000000000003,-0.10767367703272793
-0.29860000000000003,-0.107631235693732
-0.29960000000000003,-0.107631235693732
-0.30060000000000003,-0.1076595299197293
-0.30160000000000003,-0.1076878241457266
-0.30260000000000004,-0.1076878241457266
-0.30360000000000004,-0.1076595299197293
-0.30460000000000004,-0.1076878241457266
-0.30560000000000004,-0.10774441259772119
-0.30660000000000004,-0.10773026548472255
-0.30760000000000004,-0.10775855971071985
-0.30860000000000004,-0.10777270682371849
-0.30960000000000004,-0.10775855971071985
-0.31060000000000004,-0.10775855971071985
-0.31160000000000004,-0.10775855971071985
-0.31260000000000004,-0.10774441259772119
-0.31360000000000005,-0.10774441259772119
-0.31460000000000005,-0.10773026548472255
-0.31560000000000005,-0.10777270682371849
-0.31660000000000005,-0.10774441259772119
-0.31760000000000005,-0.10764538280673064
-0.31860000000000005,-0.10757464724173739
-0.31960000000000005,-0.1075463530157401
-0.32060000000000005,-0.10756050012873873
-0.32160000000000005,-0.1075463530157401
-0.32260000000000005,-0.10758879435473605
-0.32360000000000005,-0.10750391167674413
-0.32460000000000006,-0.10748976456374548
-0.32560000000000006,-0.10746147033774818
-0.32660000000000006,-0.10741902899875223
-0.32760000000000006,-0.10734829343375898
-0.32860000000000006,-0.10730585209476304
-0.32960000000000006,-0.10729170498176437
-0.33060000000000006,-0.10730585209476304
-0.33160000000000006,-0.10727755786876574
-0.33260000000000006,-0.10724926364276843
-0.33360000000000006,-0.10720682230377249
-0.33460000000000006,-0.10719267519077383
-0.33560000000000006,-0.10723511652976979
-0.33660000000000007,-0.10722096941677112
-0.33760000000000007,-0.10719267519077383
-0.33860000000000007,-0.10716438096477654
-0.33960000000000007,-0.10710779251278192
-0.34060000000000007,-0.10712193962578058
-0.34160000000000007,-0.10710779251278192
-0.34260000000000007,-0.10706535117378597
-0.34360000000000007,-0.10705120406078733
-0.3446000000000001,-0.10705120406078733
-0.3456000000000001,-0.10707949828678462
-0.3466000000000001,-0.10710779251278192
-0.34759999999999996,-0.10716438096477654
-0.3486000000000001,-0.10715023385177787
-0.34959999999999997,-0.10717852807777517
-0.3506000000000001,-0.10720682230377249
-0.35159999999999997,-0.10717852807777517
-0.3526000000000001,-0.10717852807777517
-0.35359999999999997,-0.10709364539978329
-0.3546000000000001,-0.10706535117378597
-0.35559999999999997,-0.10712193962578058
-0.3566000000000001,-0.10710779251278192
-0.3576,-0.10710779251278192
-0.3586000000000001,-0.10710779251278192
-0.3596,-0.10706535117378597
-0.3606000000000001,-0.10707949828678462
-0.3616,-0.10707949828678462
-0.3626000000000001,-0.10707949828678462
-0.3636,-0.10706535117378597
-0.3646000000000001,-0.10706535117378597
-0.3656,-0.10710779251278192
-0.3666000000000001,-0.10710779251278192
-0.3676,-0.10705120406078733
-0.3686000000000001,-0.10702290983479003
-0.3696,-0.10700876272179137
-0.3706000000000001,-0.10709364539978329
-0.3716,-0.10709364539978329
-0.3726000000000001,-0.10705120406078733
-0.3736,-0.10702290983479003
-0.3746000000000001,-0.10702290983479003
-0.3756,-0.10705120406078733
-0.3766000000000001,-0.10702290983479003
-0.3776,-0.10699461560879273
-0.3786000000000001,-0.10696632138279542
-0.3796,-0.10693802715679812
-0.3806000000000001,-0.10695217426979677
-0.3816,-0.10692388004379948
-0.3826000000000001,-0.10693802715679812
-0.3836,-0.10696632138279542
-0.3846000000000001,-0.10700876272179137
-0.3856,-0.10700876272179137
-0.3866000000000001,-0.10698046849579408
-0.3876,-0.10690973293080082
-0.3886000000000001,-0.10685314447880623
-0.3896,-0.10689558581780217
-0.3906000000000001,-0.10690973293080082
-0.3916,-0.10679655602681161
-0.3926000000000001,-0.10676826180081432
-0.3936,-0.10676826180081432
-0.3946000000000001,-0.10678240891381298
-0.3956,-0.10685314447880623
-0.3966000000000001,-0.10683899736580757
-0.3976,-0.10682485025280893
-0.3986000000000001,-0.10678240891381298
-0.3996,-0.10679655602681161
-0.4006000000000001,-0.10683899736580757
-0.4016,-0.10685314447880623
-0.4026000000000001,-0.10683899736580757
-0.4036,-0.10682485025280893
-0.4046000000000001,-0.10682485025280893
-0.4056,-0.10686729159180487
-0.40660000000000013,-0.10689558581780217
-0.4076,-0.10683899736580757
-0.40860000000000013,-0.10686729159180487
-0.4096,-0.10689558581780217
-0.41060000000000013,-0.10692388004379948
-0.4116,-0.10693802715679812
-0.41260000000000013,-0.10690973293080082
-0.4136,-0.10688143870480352
-0.41460000000000014,-0.10693802715679812
-0.4156,-0.10698046849579408
-0.41660000000000014,-0.10699461560879273
-0.4176,-0.10695217426979677
-0.41860000000000014,-0.10695217426979677
-0.41960000000000003,-0.10702290983479003
-0.42060000000000014,-0.10702290983479003
-0.42160000000000003,-0.10703705694778867
-0.42260000000000014,-0.10702290983479003
-0.42360000000000003,-0.10703705694778867
-0.42460000000000014,-0.10705120406078733
-0.42560000000000003,-0.10716438096477654
-0.42660000000000015,-0.10715023385177787
-0.42760000000000004,-0.10713608673877922
-0.42860000000000015,-0.10710779251278192
-0.42960000000000004,-0.10713608673877922
-0.43060000000000015,-0.10716438096477654
-0.43160000000000004,-0.10723511652976979
-0.43260000000000015,-0.10722096941677112
-0.43360000000000004,-0.10720682230377249
-0.43460000000000015,-0.10726341075576709
-0.43560000000000004,-0.10730585209476304
-0.43660000000000015,-0.10729170498176437
-0.43760000000000004,-0.10727755786876574
-0.43860000000000016,-0.10727755786876574
-0.43960000000000005,-0.10731999920776168
-0.44060000000000016,-0.10734829343375898
-0.44160000000000005,-0.10739073477275493
-0.44260000000000016,-0.10739073477275493
-0.44360000000000005,-0.10734829343375898
-0.44460000000000016,-0.10737658765975629
-0.44560000000000005,-0.10739073477275493
-0.44660000000000016,-0.10740488188575359
-0.44760000000000005,-0.10741902899875223
-0.44860000000000017,-0.10746147033774818
-0.44960000000000006,-0.10746147033774818
-0.45060000000000017,-0.1075463530157401
-0.45160000000000006,-0.10767367703272793
-0.45260000000000017,-0.10761708858073335
-0.45360000000000006,-0.10764538280673064
-0.45460000000000017,-0.10770197125872524
-0.45560000000000006,-0.10775855971071985
-0.4566000000000002,-0.10781514816271445
-0.45760000000000006,-0.10778685393671714
-0.4586000000000002,-0.1078010010497158
-0.45960000000000006,-0.10781514816271445
-0.4606000000000002,-0.10781514816271445
-0.46160000000000007,-0.10792832506670365
-0.4626000000000002,-0.10790003084070635
-0.46360000000000007,-0.10794247217970229
-0.4646000000000002,-0.10797076640569962
-0.46560000000000007,-0.1079990606316969
-0.4666000000000002,-0.10802735485769419
-0.46760000000000007,-0.10802735485769419
-0.4686000000000002,-0.10804150197069286
-0.4696000000000001,-0.10806979619669015
-0.4706000000000002,-0.10815467887468207
-0.4716000000000001,-0.10819712021367801
-0.47259999999999996,-0.10821126732667666
-0.4736000000000001,-0.1082254144396753
-0.47459999999999997,-0.10826785577867125
-0.4756000000000001,-0.10833859134366451
-0.47659999999999997,-0.1083102971176672
-0.4776000000000001,-0.10823956155267396
-0.47859999999999997,-0.10826785577867125
-0.4796000000000001,-0.10832444423066585
-0.48059999999999997,-0.10839517979565912
-0.4816000000000001,-0.1083668855696618
-0.4826,-0.10838103268266046
-0.4836000000000001,-0.10845176824765372
-0.4846,-0.10850835669964831
-0.4856000000000001,-0.10856494515164292
-0.4866,-0.10859323937764022
-0.4876000000000001,-0.10863568071663617
-0.4886,-0.10866397494263345
-0.4896000000000001,-0.10873471050762673
-0.4906,-0.10883374029861728
-0.4916000000000001,-0.10887618163761323
-0.4926,-0.10887618163761323
-0.4936000000000001,-0.10893277008960783
-0.4946,-0.10896106431560514
-0.4956000000000001,-0.10901765276759973
-0.4966,-0.10906009410659567
-0.4976000000000001,-0.10903179988059837
-0.4986,-0.10904594699359701
-0.4996000000000001,-0.10913082967158892
-0.5005999999999999,-0.1091732710105849
-0.5016,-0.10922985946257947
-0.5025999999999999,-0.10925815368857679
-0.5036,-0.10930059502757274
-0.5045999999999999,-0.1093430363665687
-0.5056,-0.10944206615755923
-0.5065999999999999,-0.10947036038355652
-0.5076,-0.10949865460955385
-0.5085999999999999,-0.10952694883555114
-0.5096,-0.10955524306154844
-0.5105999999999999,-0.10962597862654169
-0.5116,-0.10969671419153494
-0.5126,-0.10969671419153494
-0.5136000000000001,-0.10972500841753224
-0.5146,-0.1097674497565282
-0.5156000000000001,-0.10985233243452008
-0.5166,-0.10992306799951335
-0.5176000000000001,-0.109937215112512
-0.5186,-0.1099938035645066
-0.5196000000000001,-0.11002209779050391
-0.5206,-0.11009283335549715
-0.5216000000000001,-0.1101352746944931
-0.5226,-0.11020601025948636
-0.5236000000000001,-0.1102484515984823
-0.5246,-0.11031918716347557
-0.5256000000000001,-0.11037577561547016
-0.5266,-0.11040406984146747
-0.5276000000000001,-0.11046065829346206
-0.5286,-0.11050309963245801
-0.5296000000000001,-0.11054554097145397
-0.5306,-0.11063042364944586
-0.5316000000000001,-0.11070115921443913
-0.5326,-0.11068701210144047
-0.5336000000000001,-0.11074360055343507
-0.5346,-0.11082848323142698
-0.5356000000000001,-0.11092751302241752
-0.5366,-0.11099824858741078
-0.5376000000000001,-0.11101239570040942
-0.5386,-0.11102654281340808
-0.5396000000000001,-0.11111142549139998
-0.5406,-0.11121045528239053
-0.5416000000000001,-0.11130948507338108
-0.5426,-0.11133777929937837
-0.5436000000000001,-0.11138022063837434
-0.5446,-0.11142266197737029
-0.5456000000000001,-0.1115075446553622
-0.5466,-0.11159242733335409
-0.5476000000000001,-0.11160657444635275
-0.5486,-0.11166316289834735
-0.5496000000000001,-0.11174804557633926
-0.5506,-0.1118187811413325
-0.5516000000000001,-0.11188951670632576
-0.5526,-0.1119319580453217
-0.5536000000000001,-0.11194610515832035
-0.5546,-0.1120168407233136
-0.5556000000000001,-0.11220075319229607
-0.5566,-0.1122149003052947
-0.5576000000000001,-0.11224319453129203
-0.5586,-0.11228563587028798
-0.5596000000000001,-0.11235637143528121
-0.5606,-0.11248369545226906
-0.5616000000000001,-0.11252613679126502
-0.5626,-0.11261101946925692
-0.5636000000000001,-0.11271004926024747
-0.5646,-0.11275249059924342
-0.5656000000000001,-0.11286566750323263
-0.5666,-0.11296469729422319
-0.5676000000000001,-0.11300713863321914
-0.5686,-0.11309202131121103
-0.5696000000000001,-0.11317690398920292
-0.5706,-0.11329008089319213
-0.5716000000000001,-0.11336081645818537
-0.5726,-0.1133891106841827
-0.5736000000000001,-0.11347399336217459
-0.5746,-0.11355887604016648
-0.5756000000000001,-0.11374278850914893
-0.5766,-0.1138418183001395
-0.5776000000000001,-0.11385596541313814
-0.5786,-0.11392670097813141
-0.5796000000000001,-0.11401158365612331
-0.5806,-0.11412476056011249
-0.5816000000000001,-0.11420964323810441
-0.5826,-0.11430867302909498
-0.5836000000000001,-0.11437940859408821
-0.5846,-0.11447843838507876
-0.5856000000000001,-0.11459161528906797
-0.5866,-0.11469064508005854
-0.5876000000000001,-0.11478967487104909
-0.5886,-0.11487455754904098
-0.5896000000000001,-0.11498773445303019
-0.5906,-0.11512920558301669
-0.5916000000000001,-0.11524238248700588
-0.5926,-0.11531311805199915
-0.5936000000000001,-0.11538385361699238
-0.5946,-0.11549703052098159
-0.5956000000000001,-0.11562435453796945
-0.5966,-0.11570923721596137
-0.5975999999999999,-0.11580826700695189
-0.5986,-0.1159214439109411
-0.5995999999999999,-0.11603462081493031
-0.6006,-0.11624682750991006
-0.6015999999999999,-0.11638829863989655
-0.6026,-0.11644488709189117
-0.6035999999999999,-0.11655806399588038
-0.6046,-0.11667124089986959
-0.6055999999999999,-0.11684100625585338
-0.6066,-0.11698247738583989
-0.6075999999999999,-0.11710980140282773
-0.6086,-0.11720883119381828
-0.6095999999999999,-0.1173220080978075
-0.6106,-0.117463479227794
-0.6115999999999999,-0.11763324458377779
-0.6126,-0.11771812726176971
-0.6135999999999999,-0.11787374550475484
-0.6146,-0.11802936374774001
-0.6155999999999999,-0.1181708348777265
-0.6166,-0.11832645312071166
-0.6175999999999999,-0.11842548291170223
-0.6186,-0.11853865981569144
-0.6195999999999999,-0.11873671939767255
-0.6206,-0.118920631866655
-0.6215999999999999,-0.11909039722263878
-0.6226,-0.11921772123962665
-0.6235999999999999,-0.1193450452566145
-0.6246,-0.11951481061259829
-0.6255999999999999,-0.11969872308158076
-0.6266,-0.11988263555056322
-0.6275999999999999,-0.12005240090654701
-0.6286,-0.1201938720365335
-0.6295999999999999,-0.12033534316652002
-0.6306,-0.12053340274850113
-0.6315999999999999,-0.12067487387848763
-0.6326,-0.12085878634747008
-0.6335999999999999,-0.12101440459045523
-0.6346,-0.12119831705943768
-0.6355999999999999,-0.1213963766414188
-0.6366,-0.12158028911040124
-0.6376,-0.12169346601439045
-0.6386000000000001,-0.12186323137037425
-0.6396,-0.12206129095235536
-0.6406000000000001,-0.12227349764733512
-0.6416,-0.12249985145531352
-0.6426000000000001,-0.12264132258530001
-0.6436,-0.12278279371528653
-0.6446000000000001,-0.12298085329726763
-0.6456,-0.12323550133124336
-0.6466000000000001,-0.12343356091322445
-0.6476,-0.12364576760820419
-0.6486000000000001,-0.12382968007718667
-0.6496,-0.12404188677216642
-0.6506000000000001,-0.12426824058014481
-0.6516,-0.12449459438812323
-0.6526000000000001,-0.12472094819610165
-0.6536,-0.12489071355208542
-0.6546000000000001,-0.12511706736006384
-0.6556,-0.12537171539403955
-0.6566000000000001,-0.1255839220890193
-0.6576,-0.12573954033200446
-0.6586000000000001,-0.12596589413998285
-0.6596,-0.1262205421739586
-0.6606000000000001,-0.12646104309493564
-0.6616,-0.12671569112891135
-0.6626000000000001,-0.12694204493688974
-0.6636,-0.12718254585786679
-0.6646000000000001,-0.1274088996658452
-0.6656,-0.1276635476998209
-0.6666000000000001,-0.12801722552478714
-0.6676,-0.12825772644576422
-0.6686000000000001,-0.12851237447973993
-0.6696,-0.12873872828771835
-0.6706000000000001,-0.1289792292086954
-0.6716,-0.12926217146866842
-0.6726000000000001,-0.12947437816364815
-0.6736,-0.1296865848586279
-0.6746000000000001,-0.12996952711860094
-0.6756,-0.13029491071756988
-0.6766000000000001,-0.13059200009054156
-0.6776,-0.13084664812451724
-0.6786000000000001,-0.13110129615849295
-0.6796,-0.1313983855314646
-0.6806000000000001,-0.13173791624343223
-0.6816,-0.13206329984240117
-0.6826000000000001,-0.13231794787637688
-0.6836,-0.13254430168435527
-0.6846000000000001,-0.132798949718331
-0.6856,-0.13312433331729995
-0.6866000000000001,-0.1334497169162689
-0.6876,-0.13376095340223923
-0.6886000000000001,-0.13401560143621494
-0.6896,-0.13427024947019062
-0.6906000000000001,-0.13463807440815556
-0.6916,-0.13497760512012316
-0.6926000000000001,-0.13524640026709753
-0.6936,-0.13552934252707052
-0.6946000000000001,-0.1358688732390381
-0.6956,-0.13622255106400438
-0.6966000000000001,-0.13654793466297335
-0.6976,-0.1368167298099477
-0.6986000000000001,-0.13709967206992069
-0.6996,-0.13739676144289234
-0.7006000000000001,-0.13777873349385591
-0.7016,-0.13816070554481946
-0.7026000000000001,-0.13847194203078977
-0.7036,-0.1387831785167601
-0.7046000000000001,-0.1390944150027304
-0.7056,-0.13947638705369397
-0.7066000000000001,-0.13984421199165886
-0.7076,-0.14014130136463052
-0.7086000000000001,-0.14045253785060083
-0.7096,-0.1407496272235725
-0.7106000000000001,-0.14115989350053335
-0.7116,-0.14161260111649018
-0.7126000000000001,-0.14189554337646318
-0.7136,-0.1421784856364362
-0.7146000000000001,-0.1424614278964092
-0.7156,-0.1428858412863687
-0.7166000000000001,-0.14316878354634172
-0.7176,-0.1435931969363012
-0.7186000000000001,-0.14387613919627423
-0.7196,-0.14415908145624726
-0.7206000000000001,-0.14458349484620675
-0.7216,-0.14486643710617977
-0.7225999999999999,-0.14529085049613927
-0.7236,-0.14557379275611226
-0.7245999999999999,-0.1458567350160853
-0.7256,-0.14628114840604478
-0.7265999999999999,-0.1467055617960043
-0.7276,-0.14698850405597733
-0.7285999999999999,-0.14741291744593682
-0.7296,-0.14769585970590982
-0.7305999999999999,-0.14812027309586934
-0.7316,-0.14854468648582883
-0.7325999999999999,-0.14882762874580185
-0.7336,-0.14925204213576138
-0.7345999999999999,-0.14953498439573437
-0.7356,-0.1499593977856939
-0.7365999999999999,-0.1503838111756534
-0.7376,-0.1506667534356264
-0.7385999999999999,-0.1509496956955994
-0.7396,-0.1513741090855589
-0.7405999999999999,-0.15179852247551845
-0.7416,-0.15222293586547794
-0.7425999999999999,-0.15250587812545094
-0.7436,-0.15278882038542396
-0.7445999999999999,-0.15307176264539696
-0.7456,-0.15349617603535648
-0.7465999999999999,-0.15392058942531597
-0.7476,-0.1543450028152755
-0.7485999999999999,-0.15462794507524852
-0.7496,-0.15491088733522151
-0.7505999999999999,-0.155335300725181
-0.7516,-0.15575971411514053
-0.7525999999999999,-0.15604265637511353
-0.7536,-0.15632559863508652
-0.7545999999999999,-0.15675001202504607
-0.7556,-0.15717442541500556
-0.7565999999999999,-0.1574573676749786
-0.7576,-0.15788178106493808
-0.7585999999999999,-0.15816472332491108
-0.7596,-0.1587306078448571
-0.7605999999999999,-0.15901355010483012
-0.7616,-0.15943796349478964
-0.7626,-0.15972090575476264
-0.7636000000000001,-0.16000384801473563
-0.7646,-0.16028679027470866
-0.7656000000000001,-0.16071120366466815
-0.7666,-0.16113561705462764
-0.7676000000000001,-0.16141855931460067
-0.7686,-0.1618429727045602
-0.7696000000000001,-0.16212591496453319
-0.7706,-0.1625503283544927
-0.7716000000000001,-0.1628332706144657
-0.7726,-0.16325768400442522
-0.7736000000000001,-0.16354062626439822
-0.7746,-0.16382356852437122
-0.7756000000000001,-0.16424798191433077
-0.7766,-0.16467239530429026
-0.7776000000000001,-0.16495533756426325
-0.7786,-0.16523827982423628
-0.7796000000000001,-0.1656626932141958
-0.7806,-0.16608710660415532
-0.7816000000000001,-0.16651151999411481
-0.7826,-0.1667944622540878
-0.7836000000000001,-0.16707740451406086
-0.7846,-0.16750181790402036
-0.7856000000000001,-0.16778476016399335
-0.7866,-0.16820917355395287
-0.7876000000000001,-0.16849211581392587
-0.7886,-0.1689165292038854
-0.7896000000000001,-0.16919947146385841
-0.7906,-0.1696238848538179
-0.7916000000000001,-0.16990682711379093
-0.7926,-0.17018976937376393
-0.7936000000000001,-0.17047271163373692
-0.7946,-0.17075565389370992
-0.7956000000000001,-0.17118006728366944
-0.7966,-0.17160448067362896
-0.7976000000000001,-0.17202889406358848
-0.7986,-0.17231183632356148
-0.7996000000000001,-0.172736249713521
-0.8006,-0.1731606631034805
-0.8016000000000001,-0.17358507649344
-0.8026,-0.173868018753413
-0.8036000000000001,-0.17429243214337253
-0.8046,-0.17471684553333205
-0.8056000000000001,-0.17514125892329155
-0.8066,-0.17556567231325104
-0.8076000000000001,-0.17599008570321056
-0.8086,-0.17627302796318356
-0.8096000000000001,-0.1766974413531431
-0.8106,-0.1772633258730891
-0.8116000000000001,-0.17768773926304862
-0.8126,-0.17811215265300812
-0.8136000000000001,-0.17853656604296764
-0.8146,-0.17896097943292713
-0.8156000000000001,-0.17938539282288665
-0.8166,-0.17995127734283267
-0.8176000000000001,-0.18037569073279217
-0.8186,-0.1808001041227517
-0.8196000000000001,-0.18136598864269768
-0.8206,-0.18179040203265723
-0.8216000000000001,-0.18235628655260325
-0.8226,-0.18278069994256274
-0.8236000000000001,-0.18320511333252223
-0.8246,-0.18377099785246825
-0.8256000000000001,-0.1843368823724143
-0.8266,-0.1849027668923603
-0.8276000000000001,-0.1854686514123063
-0.8286,-0.1858930648022658
-0.8296000000000001,-0.18645894932221183
-0.8306,-0.18688336271217135
-0.8316000000000001,-0.18759071836210386
-0.8326,-0.18815660288204988
-0.8336000000000001,-0.18858101627200938
-0.8346,-0.18914690079195542
-0.8356000000000001,-0.18971278531190142
-0.8366,-0.19042014096183393
-0.8376000000000001,-0.19098602548177993
-0.8386,-0.19155191000172597
-0.8396000000000001,-0.192117794521672
-0.8406,-0.19282515017160448
-0.8416000000000001,-0.193532505821537
-0.8426,-0.19409839034148305
-0.8436000000000001,-0.19466427486142904
-0.8446,-0.19523015938137506
-0.8456000000000001,-0.19607898616129407
-0.8466,-0.19678634181122662
-0.8475999999999999,-0.1974936974611591
-0.8486,-0.19805958198110513
-0.8495999999999999,-0.19876693763103764
-0.8506,-0.19947429328097016
-0.8515999999999999,-0.20018164893090268
-0.8526,-0.2008890045808352
-0.8535999999999999,-0.20173783136075424
-0.8546,-0.20230371588070023
-0.8555999999999999,-0.20315254266061927
-0.8566,-0.2040013694405383
-0.8575999999999999,-0.20470872509047083
-0.8586,-0.20541608074040332
-0.8595999999999999,-0.20626490752032234
-0.8606,-0.20711373430024138
-0.8615999999999999,-0.2079625610801604
-0.8626,-0.2088113878600794
-0.8635999999999999,-0.20951874351001196
-0.8646,-0.21036757028993097
-0.8655999999999999,-0.21121639706985
-0.8666,-0.212065223849769
-0.8675999999999999,-0.21291405062968802
-0.8686,-0.21376287740960703
-0.8695999999999999,-0.21461170418952608
-0.8706,-0.2156020020994316
-0.8715999999999999,-0.2164508288793506
-0.8726,-0.21729965565926962
-0.8735999999999999,-0.21828995356917516
-0.8746,-0.21913878034909418
-0.8755999999999999,-0.22012907825899972
-0.8766,-0.22097790503891873
-0.8775999999999999,-0.22196820294882427
-0.8786,-0.2229585008587298
-0.8795999999999999,-0.22380732763864883
-0.8806,-0.22479762554855431
-0.8815999999999999,-0.22592939458844638
-0.8826,-0.22691969249835187
-0.8835999999999999,-0.2279099904082574
-0.8846,-0.22875881718817642
-0.8855999999999999,-0.22989058622806843
-0.8866,-0.2310223552679605
-0.8876,-0.23201265317786599
-0.8886000000000001,-0.23286147995778506
-0.8896,-0.23385177786769054
-0.8906000000000001,-0.23498354690758255
-0.8916,-0.23611531594747462
-0.8926000000000001,-0.23710561385738013
-0.8936,-0.23809591176728565
-0.8946000000000001,-0.23908620967719119
-0.8956,-0.24007650758709673
-0.8966000000000001,-0.24120827662698877
-0.8976,-0.2423400456668808
-0.8986000000000001,-0.24333034357678635
-0.8996,-0.2443206414866918
-0.9006000000000001,-0.24545241052658387
-0.9016,-0.24658417956647588
-0.9026000000000001,-0.24757447747638137
-0.9036,-0.2485647753862869
-0.9046000000000001,-0.24955507329619245
-0.9056,-0.25068684233608446
-0.9066000000000001,-0.2518186113759765
-0.9076,-0.25295038041586854
-0.9086000000000001,-0.25394067832577405
-0.9096,-0.25493097623567956
-0.9106000000000001,-0.2560627452755716
-0.9116,-0.2571945143154637
-0.9126000000000001,-0.2583262833553557
-0.9136,-0.2591751101352747
-0.9146000000000001,-0.26016540804518024
-0.9156,-0.26129717708507233
-0.9166000000000001,-0.2624289461249643
-0.9176,-0.26356071516485635
-0.9186000000000001,-0.26455101307476186
-0.9196,-0.2653998398546809
-0.9206000000000001,-0.2665316088945729
-0.9216,-0.26766337793446493
-0.9226000000000001,-0.2686536758443705
-0.9236,-0.269643973754276
-0.9246000000000001,-0.27077574279416805
-0.9256,-0.27176604070407356
-0.9266000000000001,-0.2727563386139791
-0.9276,-0.2737466365238846
-0.9286000000000001,-0.27459546330380363
-0.9296,-0.2754442900837227
-0.9306000000000001,-0.2765760591236147
-0.9316,-0.2775663570335202
-0.9326000000000001,-0.27855665494342574
-0.9336,-0.27954695285333125
-0.9346000000000001,-0.2803957796332503
-0.9356,-0.2813860775431558
-0.9366000000000001,-0.2823763754530613
-0.9376,-0.28308373110299384
-0.9386000000000001,-0.28379108675292636
-0.9396,-0.2846399135328454
-0.9406000000000001,-0.2854887403127644
-0.9416,-0.28633756709268343
-0.9426000000000001,-0.2871863938726024
-0.9436,-0.287893749522535
-0.9446000000000001,-0.2886011051724675
-0.9456,-0.2894499319523865
-0.9466000000000001,-0.29029875873230554
-0.9476,-0.29100611438223806
-0.9486000000000001,-0.2915719989021841
-0.9496,-0.2921378834221301
-0.9506000000000001,-0.29284523907206256
-0.9516,-0.29369406585198166
-0.9526000000000001,-0.2944014215019141
-0.9536,-0.29482583489187364
-0.9546000000000001,-0.29539171941181963
-0.9556,-0.2960990750617522
-0.9566000000000001,-0.2966649595816982
-0.9576,-0.2972308441016442
-0.9586000000000001,-0.2976552574916037
-0.9596,-0.29793819975157676
-0.9606000000000001,-0.29850408427152275
-0.9616,-0.29906996879146874
-0.9626000000000001,-0.2996358533114148
-0.9636,-0.2999187955713878
-0.9646000000000001,-0.3002017378313608
-0.9656,-0.3006261512213203
-0.9666000000000001,-0.30105056461127977
-0.9676,-0.30147497800123935
-0.9686000000000001,-0.30147497800123935
-0.9696,-0.30175792026121234
-0.9706000000000001,-0.30204086252118534
-0.9716,-0.30232380478115833
-0.9725999999999999,-0.30260674704113133
-0.9736,-0.3027482181711178
-0.9745999999999999,-0.3027482181711178
-0.9756,-0.3028896893011043
-0.9765999999999999,-0.3031726315610774
-0.9776,-0.3033141026910639
-0.9785999999999999,-0.3033141026910639
-0.9796,-0.3033141026910639
-0.9805999999999999,-0.3034555738210504
-0.9816,-0.3035970449510369
-0.9825999999999999,-0.3034555738210504
-0.9836,-0.3034555738210504
-0.9845999999999999,-0.3033141026910639
-0.9856,-0.3024652759111448
-0.9865999999999999,-0.30232380478115833
-0.9876,-0.3021823336511718
-0.9885999999999999,-0.3018993913911988
-0.9896,-0.30175792026121234
-0.9905999999999999,-0.3016164491312258
-0.9916,-0.3016164491312258
-0.9925999999999999,-0.30147497800123935
-0.9936,-0.30105056461127977
-0.9945999999999999,-0.3007676223513068
-0.9956,-0.3006261512213203
-0.9965999999999999,-0.3004846800913338
-0.9976,-0.30034320896134725
-0.9985999999999999,-0.2999187955713878
-0.9996,-0.2996358533114148
-1.0006,-0.2993529110514418
-1.0016,-0.29906996879146874
-1.0026,-0.29878702653149575
-1.0036,-0.2983626131415362
-1.0046,-0.29793819975157676
-1.0056,-0.2976552574916037
-1.0066,-0.2973723152316307
-1.0076,-0.2969479018416712
-1.0086,-0.29652348845171167
-1.0096,-0.2960990750617522
-1.0106,-0.2958161328017792
-1.0116,-0.2955331905418062
-1.0126,-0.29510877715184664
-1.0136,-0.2946843637618871
-1.0146,-0.29425995037192765
-1.0156,-0.29397700811195465
-1.0166,-0.29369406585198166
-1.0176,-0.2932696524620221
-1.0186,-0.29284523907206256
-1.0196,-0.29227935455211657
-1.0206,-0.29199641229214357
-1.0216,-0.2918549411621571
-1.0226,-0.2914305277721975
-1.0236,-0.29100611438223806
-1.0246,-0.29058170099227854
-1.0256,-0.29029875873230554
-1.0266,-0.290157287602319
-1.0276,-0.28973287421235955
-1.0286,-0.2894499319523865
-1.0296,-0.289025518562427
-1.0306,-0.2888840474324405
-1.0316,-0.288742576302454
-1.0326,-0.288459634042481
-1.0336,-0.288176691782508
-1.0346,-0.287893749522535
-1.0356,-0.28775227839254847
-1.0366,-0.28775227839254847
-1.0376,-0.28761080726256194
-1.0386,-0.2874693361325754
-1.0396,-0.2871863938726024
-1.0406,-0.2871863938726024
-1.0416,-0.2871863938726024
-1.0426,-0.2871863938726024
-1.0436,-0.2871863938726024
-1.0446,-0.28704492274261595
-1.0456,-0.2871863938726024
-1.0466,-0.28732786500258894
-1.0476,-0.2874693361325754
-1.0486,-0.2874693361325754
-1.0496,-0.2874693361325754
-1.0506,-0.28775227839254847
-1.0516,-0.288176691782508
-1.0526,-0.288459634042481
-1.0536,-0.2886011051724675
-1.0546,-0.2888840474324405
-1.0556,-0.28930846082239997
-1.0566,-0.289874345342346
-1.0576,-0.29029875873230554
-1.0586,-0.29072317212226506
-1.0596,-0.2911475855122245
-1.0606,-0.2917134700321706
-1.0616,-0.29256229681208956
-1.0626,-0.2931281813320356
-1.0636,-0.2938355369819681
-1.0646,-0.29454289263190064
-1.0656,-0.2952502482818331
-1.0666,-0.2962405461917387
-1.0676,-0.2972308441016442
-1.0686,-0.29793819975157676
-1.0696,-0.29878702653149575
-1.0706,-0.2999187955713878
-1.0716,-0.3011920357412663
-1.0726,-0.30232380478115833
-1.0736,-0.3033141026910639
-1.0746,-0.3044458717309559
-1.0756000000000001,-0.30571911190083445
-1.0766,-0.3071338232006995
-1.0776000000000001,-0.30854853450056446
-1.0786,-0.3099632458004295
-1.0796000000000001,-0.31123648597030806
-1.0806,-0.31293413953014615
-1.0816000000000001,-0.3146317930899841
-1.0826,-0.31632944664982215
-1.0836000000000001,-0.31802710020966024
-1.0846,-0.31958328263951175
-1.0856000000000001,-0.3215638784593228
-1.0866,-0.3236859454091204
-1.0876000000000001,-0.3256665412289314
-1.0886,-0.32764713704874243
-1.0896000000000001,-0.3296277328685535
-1.0906,-0.3320327420783241
-1.0916000000000001,-0.3344377512880947
-1.0926,-0.33670128936787874
-1.0936000000000001,-0.3392477697076358
-1.0946,-0.34151130778741984
-1.0956000000000001,-0.34419925925716344
-1.0966,-0.346887210726907
-1.0976,-0.3495751621966506
-1.0986,-0.3522631136663941
-1.0996,-0.35495106513613767
-1.1006,-0.3580634299958408
-1.1016,-0.3613172659855304
-1.1026,-0.36442963084523344
-1.1036,-0.3675419957049365
-1.1046,-0.37065436056463963
-1.1056,-0.37419113881430216
-1.1066,-0.37786938819395127
-1.1076,-0.3812646953136274
-1.1086,-0.38494294469327645
-1.1096,-0.38862119407292556
-1.1106,-0.39244091458256114
-1.1116,-0.3965435773521698
-1.1126,-0.4007877112517649
-1.1136,-0.404748902891387
-1.1146,-0.40899303679098215
-1.1156,-0.41352011295055024
-1.1166,-0.41818866024010487
-1.1176,-0.4228572075296595
-1.1186,-0.42752575481921407
-1.1196,-0.4323357732387552
-1.1206,-0.43742873391826936
-1.1216,-0.4428046368577565
-1.1226,-0.4483220109272302
-1.1236,-0.4536979138667173
-1.1246,-0.45907381680620446
-1.1256,-0.46487413313565107
-1.1266,-0.47109886285505725
-1.1276,-0.47718212144447686
-1.1286,-0.4832653800338965
-1.1296,-0.48949010975330265
-1.1306,-0.4962807239926549
-1.1316,-0.503071338232007
-1.1326,-0.5097204813413726
-1.1336,-0.5167940378406979
-1.1346,-0.5234431809500636
-1.1356,-0.5305167374493888
-1.1366,-0.538722062988606
-1.1376,-0.5466444462678502
-1.1386,-0.5545668295470944
-1.1396,-0.5616403860464196
-1.1406,-0.5698457115856368
-1.1416,-0.5784754505148135
-1.1426,-0.5873881317039633
-1.1436,-0.5958763995031535
-1.1446,-0.6049305518222896
-1.1456,-0.6145505886613719
-1.1466,-0.6243120966304406
-1.1476,-0.6340736045995095
-1.1486,-0.6438351125685782
-1.1496,-0.6538795627976199
-1.1506,-0.6643484264166213
-1.1516,-0.6753831745555685
-1.1526,-0.6867008649544888
-1.1536,-0.6977356130934361
-1.1546,-0.7090533034923564
-1.1556,-0.7210783495412092
-1.1566,-0.733386337850035
-1.1576,-0.7459772684188338
-1.1586,-0.7585681989876326
-1.1596,-0.7711591295564314
-1.1606,-0.7845988869051493
-1.1616,-0.7984630576438266
-1.1626,-0.8126101706424771
-1.1636,-0.826898754771114
-1.1646,-0.841187338899751
-1.1656,-0.8563247498083066
-1.1666,-0.8718865741068222
-1.1676,-0.887589869535324
-1.1686,-0.9037175783537855
-1.1696,-0.9198452871722468
-1.1706,-0.9366803516406408
-1.1716,-0.9539398294989943
-1.1726,-0.9713407784873341
-1.1736,-0.9888831986056607
-1.1746,-1.0071329743739197
-1.1756,-1.0259486346621245
-1.1766,-1.0454716506002621
-1.1776,-1.0649946665383996
-1.1786,-1.0845176824765372
-1.1796,-1.104465111804634
-1.1806,-1.1252613679126502
-1.1816,-1.146906450800585
-1.1826,-1.1685515336885204
-1.1836,-1.1906210299664148
-1.1846,-1.212831997374296
-1.1856,-1.236174733822069
-1.1866,-1.2600833547897883
-1.1876,-1.2841334468874939
-1.1886,-1.3083250101151858
-1.1896,-1.3332239289928105
-1.1906,-1.3588302035203679
-1.1916,-1.3851438336978574
-1.1926,-1.4118818772653066
-1.1936,-1.4387613919627424
-1.1946,-1.4656409066601779
-1.1956,-1.4939351326574788
-1.1966,-1.5236440699546445
-1.1976,-1.5519382959519452
-1.1986,-1.5816472332491107
-1.1996,-1.6113561705462767
-1.2006000000000001,-1.6424798191433077
-1.2016,-1.6736034677403384
-1.2026000000000001,-1.7061418276372344
-1.2036,-1.7386801875341302
-1.2046000000000001,-1.771218547431026
-1.2056,-1.8051716186277869
-1.2066000000000001,-1.8391246898245475
-1.2076,-1.8744924723211736
-1.2086000000000001,-1.9098602548177994
-1.2096,-1.9452280373144257
-1.2106000000000001,-1.9820105311109162
-1.2116,-2.0187930249074073
-1.2126000000000001,-2.0569902300037635
-1.2136,-2.095187435100119
-1.2146000000000001,-2.133384640196476
-1.2156,-2.1729965565926963
-1.2166000000000001,-2.2140231842887825
-1.2176,-2.2550498119848683
-1.2186000000000001,-2.296076439680954
-1.2196,-2.3385177786769056
-1.2206000000000001,-2.380959117672857
-1.2216,-2.424815167968673
-1.2226,-2.468671218264489
-1.2236,-2.5139419798601703
-1.2246,-2.5592127414558514
-1.2256,-2.6044835030515325
-1.2266,-2.6511689759470785
-1.2276,-2.697854448842625
-1.2286,-2.744539921738171
-1.2296,-2.7926401059335824
-1.2306,-2.842155001428859
-1.2316,-2.8916698969241352
-1.2326,-2.942599503719276
-1.2336,-2.9935291105144173
-1.2346,-3.0458734286094242
-1.2356,-3.0968030354045655
-1.2366,-3.150562064799437
-1.2376,-3.204321094194308
-1.2386,-3.2580801235891794
-1.2396,-3.3118391529840507
-1.2406,-3.368427604978652
-1.2416,-3.4250160569732535
-1.2426,-3.4816045089678553
-1.2436,-3.539607672262322
-1.2446,-3.5976108355567886
-1.2456,-3.6556139988512544
-1.2466,-3.715031873445586
-1.2476,-3.7758644593397825
-1.2486,-3.835282333934114
-1.2496,-3.8975296311281755
-1.2506,-3.9597769283222375
-1.2516,-4.0220242255163
-1.2526,-4.084271522710361
-1.2536,-4.147933531204288
-1.2546,-4.211595539698214
-1.2556,-4.276672259492005
-1.2566,-4.341748979285797
-1.2576,-4.408240410379454
-1.2586,-4.474731841473111
-1.2596,-4.541223272566767
-1.2606,-4.607714703660425
-1.2616,-4.675620846053946
-1.2626,-4.744941699747333
-1.2636,-4.81709197604045
-1.2646,-4.886412829733837
-1.2656,-4.9571483947270885
-1.2666,-5.027883959720341
-1.2676,-5.100034236013457
-1.2686,-5.172184512306574
-1.2696,-5.244334788599692
-1.2706,-5.3178997761926725
-1.2716,-5.391464763785655
-1.2726,-5.466444462678503
-1.2736,-5.5414241615713475
-1.2746,-5.616403860464195
-1.2756,-5.6913835593570425
-1.2766,-5.767777969549755
-1.2776,-5.845587091042332
-1.2786,-5.921981501235043
-1.2796,-5.998375911427756
-1.2806,-6.077599744220197
-1.2816,-6.15682357701264
-1.2826,-6.2360474098050815
-1.2836,-6.3152712425975235
-1.2846,-6.394495075389965
-1.2856,-6.475133619482273
-1.2866,-6.55577216357458
-1.2876,-6.6364107076668875
-1.2886,-6.718463963059059
-1.2896,-6.800517218451231
-1.2906,-6.8853998964431335
-1.2916,-6.970282574435036
-1.2926,-7.055165252426939
-1.2936,-7.140047930418839
-1.2946,-7.243321855308987
-1.2956,-7.33952222369981
-1.2966,-7.431478458191038
-1.2976,-7.517775847482805
-1.2986,-7.6069026593743025
-1.2996,-7.697444182565665
-1.3006,-7.789400417056893
-1.3016,-7.8827713628479845
-1.3026,-7.976142308639078
-1.3036,-8.069513254430168
-1.3046,-8.164298911521126
-1.3056,-8.25766985731222
-1.3066,-8.35387022570304
-1.3076,-8.448655882793998
-1.3086,-8.546270962484687
-1.3096,-8.643886042175374
-1.3106,-8.742915833165926
-1.3116,-8.841945624156478
-1.3126,-8.940975415147031
-1.3136,-9.04141991743745
-1.3146,-9.140449708428003
-1.3156,-9.24089421071842
-1.3166,-9.342753424308702
-1.3176,-9.44319792659912
-1.3186,-9.543642428889537
-1.3196,-9.644086931179956
-1.3206,-9.747360856070104
-1.3216,-9.852049492260116
-1.3226,-9.956738128450127
-1.3236,-10.06142676464014
-1.3246,-10.168944823429884
-1.3256000000000001,-10.275048170919762
-1.3266,-10.382566229709504
-1.3276000000000001,-10.488669577199383
-1.3286,-10.59477292468926
-1.3296000000000001,-10.699461560879271
-1.3306,-10.806979619669015
-1.3316000000000001,-10.915912389758622
-1.3326,-11.024845159848232
-1.3336000000000001,-11.135192641237705
-1.3346,-11.244125411327312
-1.3356000000000001,-11.35588760401665
-1.3366,-11.470479219305716
-1.3376000000000001,-11.58931496849438
-1.3386,-11.70673600638318
-1.3396000000000001,-11.819912910372382
-1.3406,-11.93450452566145
-1.3416000000000001,-12.049096140950518
-1.3426,-12.163687756239584
-1.3436000000000001,-12.275449948928925
-1.3446,-12.388626852918126
-1.3456000000000001,-12.503218468207196
-1.3466,-12.619224794796127
-1.3476,-12.73806054398479
-1.3485999999999998,-12.855481581873589
-1.3496000000000001,-12.975732042362116
-1.3506,-13.09456779155078
-1.3516,-13.227550653738092
-1.3525999999999998,-13.356289382025812
-1.3536000000000001,-13.476539842514338
-1.3546,-13.596790303002868
-1.3556,-13.719870186091127
-1.3565999999999998,-13.842950069179384
-1.3576000000000001,-13.967444663567507
-1.3586,-14.089109835355902
-1.3596,-14.203701450644967
-1.3605999999999998,-14.30273124163552
-1.3616000000000001,-14.30273124163552
-1.3626,-14.30273124163552
-1.3636,-14.30273124163552
-1.3645999999999998,-14.30273124163552
-1.3656000000000001,-14.30273124163552
-1.3666,-14.30273124163552
-1.3676,-14.30273124163552
-1.3685999999999998,-14.30273124163552
-1.3696000000000002,-14.30273124163552
-1.3706,-14.30273124163552
-1.3716,-14.30273124163552
-1.3725999999999998,-14.30273124163552
-1.3736000000000002,-14.30273124163552
-1.3746,-14.30273124163552
-1.3756,-14.30273124163552
-1.3765999999999998,-14.30273124163552
-1.3776000000000002,-14.30273124163552
-1.3786,-14.30273124163552
-1.3796,-14.30273124163552
-1.3805999999999998,-14.30273124163552
-1.3816000000000002,-14.30273124163552
-1.3826,-14.30273124163552
-1.3836,-14.30273124163552
-1.3845999999999998,-14.30273124163552
-1.3856000000000002,-14.30273124163552
-1.3866,-14.30273124163552
-1.3876,-14.30273124163552
-1.3885999999999998,-14.30273124163552
-1.3896000000000002,-14.30273124163552
-1.3906,-14.30273124163552
-1.3916,-14.30273124163552
-1.3925999999999998,-14.30273124163552
-1.3936000000000002,-14.30273124163552
-1.3946,-14.30273124163552
-1.3956,-14.30273124163552
-1.3965999999999998,-14.30273124163552
-1.3976000000000002,-14.30273124163552
-1.3986,-14.30273124163552
-1.3996,-14.30273124163552
-1.4005999999999998,-14.30273124163552
-1.4016000000000002,-14.30273124163552
-1.4026,-14.30273124163552
-1.4036,-14.30273124163552
-1.4045999999999998,-14.30273124163552
-1.4056000000000002,-14.30273124163552
-1.4066,-14.30273124163552
-1.4076,-14.30273124163552
-1.4085999999999999,-14.30273124163552
-1.4096000000000002,-14.30273124163552
-1.4106,-14.30273124163552
-1.4116,-14.30273124163552
-1.4125999999999999,-14.30273124163552
-1.4136000000000002,-14.30273124163552
-1.4146,-14.30273124163552
-1.4156,-14.30273124163552
-1.4165999999999999,-14.30273124163552
-1.4176000000000002,-14.30273124163552
-1.4186,-14.30273124163552
-1.4196,-14.30273124163552
-1.4205999999999999,-14.30273124163552
-1.4216000000000002,-14.30273124163552
-1.4226,-14.30273124163552
-1.4236,-14.30273124163552
-1.4245999999999999,-14.30273124163552
-1.4256000000000002,-14.30273124163552
-1.4266,-14.30273124163552
-1.4276,-14.30273124163552
-1.4285999999999999,-14.30273124163552
-1.4296000000000002,-14.30273124163552
-1.4306,-14.30273124163552
-1.4316,-14.30273124163552
-1.4325999999999999,-14.30273124163552
-1.4336000000000002,-14.30273124163552
-1.4346,-14.30273124163552
-1.4356,-14.30273124163552
-1.4365999999999999,-14.30273124163552
-1.4376000000000002,-14.30273124163552
-1.4386,-14.30273124163552
-1.4396,-14.30273124163552
-1.4405999999999999,-14.30273124163552
-1.4416000000000002,-14.30273124163552
-1.4426,-14.30273124163552
-1.4436,-14.30273124163552
-1.4445999999999999,-14.30273124163552
-1.4456000000000002,-14.30273124163552
-1.4466,-14.30273124163552
-1.4476,-14.30273124163552
-1.4485999999999999,-14.30273124163552
-1.4496000000000002,-14.30273124163552
-1.4506000000000001,-14.30273124163552
-1.4516,-14.30273124163552
-1.4526,-14.30273124163552
-1.4536000000000002,-14.30273124163552
-1.4546000000000001,-14.30273124163552
-1.4556,-14.30273124163552
-1.4566,-14.30273124163552
-1.4576000000000002,-14.30273124163552
-1.4586000000000001,-14.30273124163552
-1.4596,-14.30273124163552
-1.4606,-14.30273124163552
-1.4616000000000002,-14.30273124163552
-1.4626000000000001,-14.30273124163552
-1.4636,-14.30273124163552
-1.4646,-14.30273124163552
-1.4656000000000002,-14.30273124163552
-1.4666000000000001,-14.30273124163552
-1.4676,-14.30273124163552
-1.4686,-14.30273124163552
-1.4696000000000002,-14.30273124163552
-1.4706000000000001,-14.30273124163552
-1.4716,-14.30273124163552
-1.4726,-14.30273124163552
-1.4735999999999998,-14.30273124163552
-1.4746000000000001,-14.30273124163552
-1.4756,-14.30273124163552
-1.4766,-14.30273124163552
-1.4775999999999998,-14.30273124163552
-1.4786000000000001,-14.30273124163552
-1.4796,-14.30273124163552
-1.4806,-14.30273124163552
-1.4815999999999998,-14.30273124163552
-1.4826000000000001,-14.30273124163552
-1.4836,-14.30273124163552
-1.4846,-14.30273124163552
-1.4855999999999998,-14.30273124163552
-1.4866000000000001,-14.30273124163552
-1.4876,-14.30273124163552
-1.4886,-14.30273124163552
-1.4895999999999998,-14.30273124163552
-1.4906000000000001,-14.30273124163552
-1.4916,-14.30273124163552
-1.4926,-14.30273124163552
-1.4935999999999998,-14.30273124163552
-1.4946000000000002,-14.30273124163552
-1.4956,-14.30273124163552
-1.4966,-14.30273124163552
-1.4975999999999998,-14.30273124163552
-1.4986000000000002,-14.30273124163552
-1.4996,-14.30273124163552
-1.5006,-14.30273124163552
-1.5015999999999998,-14.30273124163552
-1.5026000000000002,-14.30273124163552
-1.5036,-14.30273124163552
-1.5046,-14.30273124163552
-1.5055999999999998,-14.30273124163552
-1.5066000000000002,-14.30273124163552
-1.5076,-14.30273124163552
-1.5086,-14.30273124163552
-1.5095999999999998,-14.30273124163552
-1.5106000000000002,-14.30273124163552
-1.5116,-14.30273124163552
-1.5126,-14.30273124163552
-1.5135999999999998,-14.30273124163552
-1.5146000000000002,-14.30273124163552
-1.5156,-14.30273124163552
-1.5166,-14.30273124163552
-1.5175999999999998,-14.30273124163552
-1.5186000000000002,-14.30273124163552
-1.5196,-14.30273124163552
-1.5206,-14.30273124163552
-1.5215999999999998,-14.30273124163552
-1.5226000000000002,-14.30273124163552
-1.5236,-14.30273124163552
-1.5246,-14.30273124163552
-1.5255999999999998,-14.30273124163552
-1.5266000000000002,-14.30273124163552
-1.5276,-14.30273124163552
-1.5286,-14.30273124163552
-1.5295999999999998,-14.30273124163552
-1.5306000000000002,-14.30273124163552
-1.5316,-14.30273124163552
-1.5326,-14.30273124163552
-1.5335999999999999,-14.30273124163552
-1.5346000000000002,-14.30273124163552
-1.5356,-14.30273124163552
-1.5366,-14.30273124163552
-1.5375999999999999,-14.30273124163552
-1.5386000000000002,-14.30273124163552
-1.5396,-14.30273124163552
-1.5406,-14.30273124163552
-1.5415999999999999,-14.30273124163552
-1.5426000000000002,-14.30273124163552
-1.5436,-14.30273124163552
-1.5446,-14.30273124163552
-1.5455999999999999,-14.30273124163552
-1.5466000000000002,-14.30273124163552
-1.5476,-14.30273124163552
-1.5486,-14.30273124163552
-1.5495999999999999,-14.30273124163552
-1.5506000000000002,-14.30273124163552
-1.5516,-14.30273124163552
-1.5526,-14.30273124163552
-1.5535999999999999,-14.30273124163552
-1.5546000000000002,-14.30273124163552
-1.5556,-14.30273124163552
-1.5566,-14.30273124163552
-1.5575999999999999,-14.30273124163552
-1.5586000000000002,-14.30273124163552
-1.5596,-14.30273124163552
-1.5606,-14.30273124163552
-1.5615999999999999,-14.30273124163552
-1.5626000000000002,-14.30273124163552
-1.5636,-14.30273124163552
-1.5646,-14.30273124163552
-1.5655999999999999,-14.30273124163552
-1.5666000000000002,-14.30273124163552
-1.5676,-14.30273124163552
-1.5686,-14.30273124163552
-1.5695999999999999,-14.30273124163552
-1.5706000000000002,-14.30273124163552
-1.5716,-14.30273124163552
-1.5726,-14.30273124163552
-1.5735999999999999,-14.30273124163552
-1.5746000000000002,-14.30273124163552
-1.5756000000000001,-14.30273124163552
-1.5766,-14.30273124163552
-1.5776,-14.30273124163552
-1.5786000000000002,-14.30273124163552
-1.5796000000000001,-14.30273124163552
-1.5806,-14.30273124163552
-1.5816,-14.30273124163552
-1.5826000000000002,-14.30273124163552
-1.5836000000000001,-14.30273124163552
-1.5846,-14.30273124163552
-1.5856,-14.30273124163552
-1.5866000000000002,-14.30273124163552
-1.5876000000000001,-14.30273124163552
-1.5886,-14.30273124163552
-1.5896,-14.30273124163552
-1.5906000000000002,-14.30273124163552
-1.5916000000000001,-14.30273124163552
-1.5926,-14.30273124163552
-1.5936,-14.30273124163552
-1.5946000000000002,-14.30273124163552
-1.5956000000000001,-14.30273124163552
-1.5966,-14.30273124163552
-1.5976,-14.30273124163552
-1.5985999999999998,-14.30273124163552
-1.5996000000000001,-14.30273124163552
-1.6006,-14.30273124163552
-1.6016,-14.30273124163552
-1.6025999999999998,-14.30273124163552
-1.6036000000000001,-14.30273124163552
-1.6046,-14.30273124163552
-1.6056,-14.30273124163552
-1.6065999999999998,-14.30273124163552
-1.6076000000000001,-14.30273124163552
-1.6086,-14.30273124163552
-1.6096,-14.30273124163552
-1.6105999999999998,-14.30273124163552
-1.6116000000000001,-14.30273124163552
-1.6126,-14.30273124163552
-1.6136,-14.30273124163552
-1.6145999999999998,-14.30273124163552
-1.6156000000000001,-14.30273124163552
-1.6166,-14.30273124163552
-1.6176,-14.30273124163552
-1.6185999999999998,-14.30273124163552
-1.6196000000000002,-14.30273124163552
-1.6206,-14.30273124163552
-1.6216,-14.30273124163552
-1.6225999999999998,-14.30273124163552
-1.6236000000000002,-14.30273124163552
-1.6246,-14.30273124163552
-1.6256,-14.30273124163552
-1.6265999999999998,-14.30273124163552
-1.6276000000000002,-14.30273124163552
-1.6286,-14.30273124163552
-1.6296,-14.30273124163552
-1.6305999999999998,-14.30273124163552
-1.6316000000000002,-14.30273124163552
-1.6326,-14.30273124163552
-1.6336,-14.30273124163552
-1.6345999999999998,-14.30273124163552
-1.6356000000000002,-14.30273124163552
-1.6366,-14.30273124163552
-1.6376,-14.30273124163552
-1.6385999999999998,-14.30273124163552
-1.6396000000000002,-14.30273124163552
-1.6406,-14.30273124163552
-1.6416,-14.30273124163552
-1.6425999999999998,-14.30273124163552
-1.6436000000000002,-14.30273124163552
-1.6446,-14.30273124163552
-1.6456,-14.30273124163552
