May 4, 2025   20:18:14
Cyclic Voltammetry
File: c:/users/guazh/data/banditlqround7_x0exp1108_r5/2025-04-30-exp1241\exp1241-2025-05-04t20_12_43-h2koh\exp1241_cv_sr_50mvs_efin_-1400mv.bin
Data Source:  Experiment
Instrument Model:  CHI760E
Header: CV ran at 50 mVs
Note: 

Init E (V) = -1
High E (V) = -1
Low E (V) = -1.4
Final E (V) = -1
Init P/N = N
Scan Rate (V/s) = 0.05
Segment = 3
Sample Interval (V) = 0.001
Quiet Time (sec) = 2
Sensitivity (A/V) = 0.01
Comp R (ohm) = 1.2

Results:

Channel 1:
Segment 1:

Segment 2:

Segment 3:

Potential/V, Current/A

-1.000, 5.655e-4
-1.001, 6.103e-4
-1.002, 6.289e-4
-1.003, 6.427e-4
-1.004, 6.478e-4
-1.005, 6.637e-4
-1.006, 6.755e-4
-1.007, 6.772e-4
-1.008, 6.750e-4
-1.009, 6.812e-4
-1.010, 6.984e-4
-1.011, 7.051e-4
-1.012, 7.088e-4
-1.013, 7.088e-4
-1.014, 7.153e-4
-1.015, 7.203e-4
-1.016, 7.224e-4
-1.017, 7.265e-4
-1.018, 7.398e-4
-1.019, 7.426e-4
-1.020, 7.419e-4
-1.021, 7.473e-4
-1.022, 7.496e-4
-1.023, 7.643e-4
-1.024, 7.743e-4
-1.025, 7.729e-4
-1.026, 7.732e-4
-1.027, 7.772e-4
-1.028, 7.911e-4
-1.029, 7.978e-4
-1.030, 7.999e-4
-1.031, 8.113e-4
-1.032, 8.109e-4
-1.033, 8.125e-4
-1.034, 8.211e-4
-1.035, 8.255e-4
-1.036, 8.374e-4
-1.037, 8.431e-4
-1.038, 8.460e-4
-1.039, 8.453e-4
-1.040, 8.519e-4
-1.041, 8.624e-4
-1.042, 8.693e-4
-1.043, 8.804e-4
-1.044, 8.848e-4
-1.045, 8.983e-4
-1.046, 9.003e-4
-1.047, 8.989e-4
-1.048, 8.981e-4
-1.049, 9.116e-4
-1.050, 9.259e-4
-1.051, 9.124e-4
-1.052, 9.221e-4
-1.053, 9.387e-4
-1.054, 9.367e-4
-1.055, 9.329e-4
-1.056, 9.373e-4
-1.057, 9.518e-4
-1.058, 9.586e-4
-1.059, 9.523e-4
-1.060, 9.697e-4
-1.061, 9.699e-4
-1.062, 9.651e-4
-1.063, 9.732e-4
-1.064, 9.950e-4
-1.065, 9.872e-4
-1.066, 9.843e-4
-1.067, 9.989e-4
-1.068, 1.008e-3
-1.069, 1.002e-3
-1.070, 1.010e-3
-1.071, 1.021e-3
-1.072, 1.023e-3
-1.073, 1.029e-3
-1.074, 1.027e-3
-1.075, 1.035e-3
-1.076, 1.040e-3
-1.077, 1.051e-3
-1.078, 1.055e-3
-1.079, 1.058e-3
-1.080, 1.058e-3
-1.081, 1.067e-3
-1.082, 1.074e-3
-1.083, 1.079e-3
-1.084, 1.091e-3
-1.085, 1.100e-3
-1.086, 1.091e-3
-1.087, 1.091e-3
-1.088, 1.105e-3
-1.089, 1.118e-3
-1.090, 1.127e-3
-1.091, 1.119e-3
-1.092, 1.122e-3
-1.093, 1.133e-3
-1.094, 1.140e-3
-1.095, 1.141e-3
-1.096, 1.148e-3
-1.097, 1.153e-3
-1.098, 1.155e-3
-1.099, 1.167e-3
-1.100, 1.175e-3
-1.101, 1.173e-3
-1.102, 1.172e-3
-1.103, 1.177e-3
-1.104, 1.204e-3
-1.105, 1.215e-3
-1.106, 1.206e-3
-1.107, 1.195e-3
-1.108, 1.213e-3
-1.109, 1.229e-3
-1.110, 1.231e-3
-1.111, 1.228e-3
-1.112, 1.232e-3
-1.113, 1.255e-3
-1.114, 1.249e-3
-1.115, 1.246e-3
-1.116, 1.255e-3
-1.117, 1.263e-3
-1.118, 1.268e-3
-1.119, 1.278e-3
-1.120, 1.286e-3
-1.121, 1.288e-3
-1.122, 1.290e-3
-1.123, 1.294e-3
-1.124, 1.303e-3
-1.125, 1.306e-3
-1.126, 1.320e-3
-1.127, 1.322e-3
-1.128, 1.319e-3
-1.129, 1.328e-3
-1.130, 1.340e-3
-1.131, 1.350e-3
-1.132, 1.344e-3
-1.133, 1.338e-3
-1.134, 1.353e-3
-1.135, 1.370e-3
-1.136, 1.378e-3
-1.137, 1.370e-3
-1.138, 1.375e-3
-1.139, 1.382e-3
-1.140, 1.385e-3
-1.141, 1.394e-3
-1.142, 1.403e-3
-1.143, 1.401e-3
-1.144, 1.406e-3
-1.145, 1.414e-3
-1.146, 1.416e-3
-1.147, 1.419e-3
-1.148, 1.427e-3
-1.149, 1.434e-3
-1.150, 1.438e-3
-1.151, 1.438e-3
-1.152, 1.444e-3
-1.153, 1.452e-3
-1.154, 1.470e-3
-1.155, 1.490e-3
-1.156, 1.490e-3
-1.157, 1.469e-3
-1.158, 1.483e-3
-1.159, 1.500e-3
-1.160, 1.495e-3
-1.161, 1.506e-3
-1.162, 1.514e-3
-1.163, 1.514e-3
-1.164, 1.523e-3
-1.165, 1.515e-3
-1.166, 1.536e-3
-1.167, 1.530e-3
-1.168, 1.529e-3
-1.169, 1.540e-3
-1.170, 1.560e-3
-1.171, 1.558e-3
-1.172, 1.561e-3
-1.173, 1.563e-3
-1.174, 1.564e-3
-1.175, 1.571e-3
-1.176, 1.575e-3
-1.177, 1.584e-3
-1.178, 1.587e-3
-1.179, 1.592e-3
-1.180, 1.589e-3
-1.181, 1.604e-3
-1.182, 1.609e-3
-1.183, 1.607e-3
-1.184, 1.614e-3
-1.185, 1.624e-3
-1.186, 1.634e-3
-1.187, 1.633e-3
-1.188, 1.636e-3
-1.189, 1.633e-3
-1.190, 1.657e-3
-1.191, 1.672e-3
-1.192, 1.650e-3
-1.193, 1.648e-3
-1.194, 1.673e-3
-1.195, 1.687e-3
-1.196, 1.673e-3
-1.197, 1.685e-3
-1.198, 1.687e-3
-1.199, 1.695e-3
-1.200, 1.710e-3
-1.201, 1.723e-3
-1.202, 1.715e-3
-1.203, 1.709e-3
-1.204, 1.722e-3
-1.205, 1.730e-3
-1.206, 1.736e-3
-1.207, 1.750e-3
-1.208, 1.758e-3
-1.209, 1.748e-3
-1.210, 1.750e-3
-1.211, 1.761e-3
-1.212, 1.772e-3
-1.213, 1.779e-3
-1.214, 1.780e-3
-1.215, 1.793e-3
-1.216, 1.800e-3
-1.217, 1.803e-3
-1.218, 1.810e-3
-1.219, 1.815e-3
-1.220, 1.812e-3
-1.221, 1.817e-3
-1.222, 1.837e-3
-1.223, 1.844e-3
-1.224, 1.844e-3
-1.225, 1.846e-3
-1.226, 1.863e-3
-1.227, 1.858e-3
-1.228, 1.866e-3
-1.229, 1.877e-3
-1.230, 1.879e-3
-1.231, 1.888e-3
-1.232, 1.895e-3
-1.233, 1.901e-3
-1.234, 1.914e-3
-1.235, 1.919e-3
-1.236, 1.919e-3
-1.237, 1.938e-3
-1.238, 1.969e-3
-1.239, 1.978e-3
-1.240, 1.953e-3
-1.241, 1.969e-3
-1.242, 1.982e-3
-1.243, 1.992e-3
-1.244, 1.986e-3
-1.245, 1.999e-3
-1.246, 2.026e-3
-1.247, 2.010e-3
-1.248, 2.008e-3
-1.249, 2.027e-3
-1.250, 2.038e-3
-1.251, 2.042e-3
-1.252, 2.046e-3
-1.253, 2.058e-3
-1.254, 2.073e-3
-1.255, 2.090e-3
-1.256, 2.089e-3
-1.257, 2.088e-3
-1.258, 2.095e-3
-1.259, 2.109e-3
-1.260, 2.130e-3
-1.261, 2.134e-3
-1.262, 2.139e-3
-1.263, 2.141e-3
-1.264, 2.159e-3
-1.265, 2.176e-3
-1.266, 2.185e-3
-1.267, 2.184e-3
-1.268, 2.187e-3
-1.269, 2.216e-3
-1.270, 2.264e-3
-1.271, 2.244e-3
-1.272, 2.217e-3
-1.273, 2.238e-3
-1.274, 2.266e-3
-1.275, 2.284e-3
-1.276, 2.308e-3
-1.277, 2.301e-3
-1.278, 2.292e-3
-1.279, 2.304e-3
-1.280, 2.333e-3
-1.281, 2.345e-3
-1.282, 2.351e-3
-1.283, 2.362e-3
-1.284, 2.382e-3
-1.285, 2.398e-3
-1.286, 2.404e-3
-1.287, 2.408e-3
-1.288, 2.425e-3
-1.289, 2.443e-3
-1.290, 2.462e-3
-1.291, 2.481e-3
-1.292, 2.480e-3
-1.293, 2.491e-3
-1.294, 2.517e-3
-1.295, 2.542e-3
-1.296, 2.557e-3
-1.297, 2.557e-3
-1.298, 2.586e-3
-1.299, 2.621e-3
-1.300, 2.634e-3
-1.301, 2.632e-3
-1.302, 2.653e-3
-1.303, 2.677e-3
-1.304, 2.678e-3
-1.305, 2.723e-3
-1.306, 2.754e-3
-1.307, 2.756e-3
-1.308, 2.768e-3
-1.309, 2.816e-3
-1.310, 2.868e-3
-1.311, 2.875e-3
-1.312, 2.868e-3
-1.313, 2.903e-3
-1.314, 2.958e-3
-1.315, 2.999e-3
-1.316, 2.994e-3
-1.317, 3.039e-3
-1.318, 3.072e-3
-1.319, 3.088e-3
-1.320, 3.126e-3
-1.321, 3.177e-3
-1.322, 3.202e-3
-1.323, 3.223e-3
-1.324, 3.267e-3
-1.325, 3.315e-3
-1.326, 3.349e-3
-1.327, 3.360e-3
-1.328, 3.411e-3
-1.329, 3.479e-3
-1.330, 3.508e-3
-1.331, 3.548e-3
-1.332, 3.579e-3
-1.333, 3.622e-3
-1.334, 3.669e-3
-1.335, 3.723e-3
-1.336, 3.759e-3
-1.337, 3.803e-3
-1.338, 3.835e-3
-1.339, 3.877e-3
-1.340, 3.923e-3
-1.341, 3.972e-3
-1.342, 4.021e-3
-1.343, 4.065e-3
-1.344, 4.116e-3
-1.345, 4.171e-3
-1.346, 4.211e-3
-1.347, 4.255e-3
-1.348, 4.298e-3
-1.349, 4.361e-3
-1.350, 4.409e-3
-1.351, 4.445e-3
-1.352, 4.499e-3
-1.353, 4.549e-3
-1.354, 4.600e-3
-1.355, 4.644e-3
-1.356, 4.695e-3
-1.357, 4.752e-3
-1.358, 4.799e-3
-1.359, 4.854e-3
-1.360, 4.916e-3
-1.361, 4.979e-3
-1.362, 5.030e-3
-1.363, 5.077e-3
-1.364, 5.136e-3
-1.365, 5.197e-3
-1.366, 5.255e-3
-1.367, 5.306e-3
-1.368, 5.364e-3
-1.369, 5.415e-3
-1.370, 5.485e-3
-1.371, 5.542e-3
-1.372, 5.601e-3
-1.373, 5.658e-3
-1.374, 5.731e-3
-1.375, 5.816e-3
-1.376, 5.891e-3
-1.377, 5.945e-3
-1.378, 5.988e-3
-1.379, 6.046e-3
-1.380, 6.117e-3
-1.381, 6.195e-3
-1.382, 6.263e-3
-1.383, 6.321e-3
-1.384, 6.376e-3
-1.385, 6.444e-3
-1.386, 6.508e-3
-1.387, 6.576e-3
-1.388, 6.657e-3
-1.389, 6.784e-3
-1.390, 6.851e-3
-1.391, 6.886e-3
-1.392, 6.967e-3
-1.393, 7.050e-3
-1.394, 7.108e-3
-1.395, 7.171e-3
-1.396, 7.247e-3
-1.397, 7.316e-3
-1.398, 7.368e-3
-1.399, 7.482e-3
-1.400, 7.447e-3
-1.399, 7.303e-3
-1.398, 7.236e-3
-1.397, 7.188e-3
-1.396, 7.086e-3
-1.395, 6.976e-3
-1.394, 6.900e-3
-1.393, 6.830e-3
-1.392, 6.736e-3
-1.391, 6.658e-3
-1.390, 6.573e-3
-1.389, 6.468e-3
-1.388, 6.388e-3
-1.387, 6.315e-3
-1.386, 6.238e-3
-1.385, 6.168e-3
-1.384, 6.082e-3
-1.383, 5.997e-3
-1.382, 5.928e-3
-1.381, 5.862e-3
-1.380, 5.793e-3
-1.379, 5.725e-3
-1.378, 5.643e-3
-1.377, 5.572e-3
-1.376, 5.502e-3
-1.375, 5.417e-3
-1.374, 5.348e-3
-1.373, 5.277e-3
-1.372, 5.213e-3
-1.371, 5.136e-3
-1.370, 5.071e-3
-1.369, 5.008e-3
-1.368, 4.940e-3
-1.367, 4.877e-3
-1.366, 4.819e-3
-1.365, 4.751e-3
-1.364, 4.676e-3
-1.363, 4.604e-3
-1.362, 4.543e-3
-1.361, 4.488e-3
-1.360, 4.429e-3
-1.359, 4.358e-3
-1.358, 4.292e-3
-1.357, 4.236e-3
-1.356, 4.205e-3
-1.355, 4.163e-3
-1.354, 4.081e-3
-1.353, 4.010e-3
-1.352, 3.979e-3
-1.351, 3.909e-3
-1.350, 3.845e-3
-1.349, 3.801e-3
-1.348, 3.762e-3
-1.347, 3.677e-3
-1.346, 3.645e-3
-1.345, 3.596e-3
-1.344, 3.516e-3
-1.343, 3.467e-3
-1.342, 3.436e-3
-1.341, 3.379e-3
-1.340, 3.339e-3
-1.339, 3.300e-3
-1.338, 3.262e-3
-1.337, 3.164e-3
-1.336, 3.121e-3
-1.335, 3.107e-3
-1.334, 3.048e-3
-1.333, 3.002e-3
-1.332, 2.957e-3
-1.331, 2.903e-3
-1.330, 2.860e-3
-1.329, 2.821e-3
-1.328, 2.777e-3
-1.327, 2.728e-3
-1.326, 2.691e-3
-1.325, 2.650e-3
-1.324, 2.609e-3
-1.323, 2.569e-3
-1.322, 2.522e-3
-1.321, 2.484e-3
-1.320, 2.443e-3
-1.319, 2.399e-3
-1.318, 2.365e-3
-1.317, 2.328e-3
-1.316, 2.294e-3
-1.315, 2.256e-3
-1.314, 2.219e-3
-1.313, 2.189e-3
-1.312, 2.148e-3
-1.311, 2.108e-3
-1.310, 2.080e-3
-1.309, 2.055e-3
-1.308, 2.017e-3
-1.307, 1.998e-3
-1.306, 1.949e-3
-1.305, 1.906e-3
-1.304, 1.886e-3
-1.303, 1.863e-3
-1.302, 1.835e-3
-1.301, 1.804e-3
-1.300, 1.772e-3
-1.299, 1.728e-3
-1.298, 1.706e-3
-1.297, 1.689e-3
-1.296, 1.659e-3
-1.295, 1.631e-3
-1.294, 1.597e-3
-1.293, 1.586e-3
-1.292, 1.565e-3
-1.291, 1.533e-3
-1.290, 1.503e-3
-1.289, 1.476e-3
-1.288, 1.459e-3
-1.287, 1.445e-3
-1.286, 1.424e-3
-1.285, 1.393e-3
-1.284, 1.368e-3
-1.283, 1.353e-3
-1.282, 1.336e-3
-1.281, 1.316e-3
-1.280, 1.322e-3
-1.279, 1.286e-3
-1.278, 1.226e-3
-1.277, 1.230e-3
-1.276, 1.244e-3
-1.275, 1.233e-3
-1.274, 1.173e-3
-1.273, 1.168e-3
-1.272, 1.161e-3
-1.271, 1.150e-3
-1.270, 1.126e-3
-1.269, 1.104e-3
-1.268, 1.086e-3
-1.267, 1.066e-3
-1.266, 1.058e-3
-1.265, 1.054e-3
-1.264, 1.052e-3
-1.263, 1.023e-3
-1.262, 1.000e-3
-1.261, 9.850e-4
-1.260, 9.856e-4
-1.259, 9.786e-4
-1.258, 9.570e-4
-1.257, 9.385e-4
-1.256, 9.218e-4
-1.255, 9.204e-4
-1.254, 9.072e-4
-1.253, 8.912e-4
-1.252, 8.780e-4
-1.251, 8.666e-4
-1.250, 8.616e-4
-1.249, 8.528e-4
-1.248, 8.340e-4
-1.247, 8.181e-4
-1.246, 8.092e-4
-1.245, 8.028e-4
-1.244, 7.945e-4
-1.243, 7.908e-4
-1.242, 7.777e-4
-1.241, 7.576e-4
-1.240, 7.534e-4
-1.239, 7.473e-4
-1.238, 7.337e-4
-1.237, 7.283e-4
-1.236, 7.171e-4
-1.235, 7.068e-4
-1.234, 7.040e-4
-1.233, 7.022e-4
-1.232, 6.721e-4
-1.231, 6.638e-4
-1.230, 6.669e-4
-1.229, 6.622e-4
-1.228, 6.637e-4
-1.227, 6.385e-4
-1.226, 6.158e-4
-1.225, 6.149e-4
-1.224, 6.270e-4
-1.223, 6.102e-4
-1.222, 5.961e-4
-1.221, 5.907e-4
-1.220, 5.891e-4
-1.219, 5.881e-4
-1.218, 5.690e-4
-1.217, 5.558e-4
-1.216, 5.541e-4
-1.215, 5.483e-4
-1.214, 5.465e-4
-1.213, 5.400e-4
-1.212, 5.362e-4
-1.211, 5.275e-4
-1.210, 5.065e-4
-1.209, 5.332e-4
-1.208, 5.013e-4
-1.207, 4.846e-4
-1.206, 4.810e-4
-1.205, 4.908e-4
-1.204, 4.811e-4
-1.203, 4.640e-4
-1.202, 4.736e-4
-1.201, 4.681e-4
-1.200, 4.599e-4
-1.199, 4.441e-4
-1.198, 4.353e-4
-1.197, 4.390e-4
-1.196, 4.288e-4
-1.195, 4.156e-4
-1.194, 4.132e-4
-1.193, 4.185e-4
-1.192, 4.145e-4
-1.191, 4.057e-4
-1.190, 3.970e-4
-1.189, 3.920e-4
-1.188, 3.814e-4
-1.187, 3.818e-4
-1.186, 3.859e-4
-1.185, 3.688e-4
-1.184, 3.560e-4
-1.183, 3.607e-4
-1.182, 3.642e-4
-1.181, 3.542e-4
-1.180, 3.281e-4
-1.179, 3.261e-4
-1.178, 3.325e-4
-1.177, 3.347e-4
-1.176, 3.233e-4
-1.175, 3.186e-4
-1.174, 3.044e-4
-1.173, 2.936e-4
-1.172, 2.918e-4
-1.171, 2.895e-4
-1.170, 2.872e-4
-1.169, 2.789e-4
-1.168, 2.706e-4
-1.167, 2.647e-4
-1.166, 2.652e-4
-1.165, 2.647e-4
-1.164, 2.611e-4
-1.163, 2.544e-4
-1.162, 2.501e-4
-1.161, 2.396e-4
-1.160, 2.358e-4
-1.159, 2.562e-4
-1.158, 2.607e-4
-1.157, 2.210e-4
-1.156, 2.117e-4
-1.155, 2.307e-4
-1.154, 2.277e-4
-1.153, 2.058e-4
-1.152, 2.033e-4
-1.151, 2.092e-4
-1.150, 1.932e-4
-1.149, 2.004e-4
-1.148, 1.932e-4
-1.147, 1.745e-4
-1.146, 1.769e-4
-1.145, 1.750e-4
-1.144, 1.677e-4
-1.143, 1.662e-4
-1.142, 1.685e-4
-1.141, 1.604e-4
-1.140, 1.528e-4
-1.139, 1.475e-4
-1.138, 1.384e-4
-1.137, 1.388e-4
-1.136, 1.426e-4
-1.135, 1.385e-4
-1.134, 1.312e-4
-1.133, 1.169e-4
-1.132, 1.062e-4
-1.131, 1.141e-4
-1.130, 1.328e-4
-1.129, 1.297e-4
-1.128, 9.775e-5
-1.127, 7.051e-5
-1.126, 9.044e-5
-1.125, 1.054e-4
-1.124, 9.312e-5
-1.123, 7.756e-5
-1.122, 7.983e-5
-1.121, 8.933e-5
-1.120, 7.762e-5
-1.119, 5.792e-5
-1.118, 4.770e-5
-1.117, 5.349e-5
-1.116, 6.351e-5
-1.115, 5.855e-5
-1.114, 5.970e-5
-1.113, 3.722e-5
-1.112, 2.272e-5
-1.111, 4.082e-5
-1.110, 3.523e-5
-1.109, 2.740e-5
-1.108, 2.220e-5
-1.107, 2.463e-5
-1.106, 1.320e-5
-1.105, 1.371e-5
-1.104, 1.977e-5
-1.103, 7.772e-6
-1.102, -1.831e-5
-1.101, 9.203e-6
-1.100, 7.654e-6
-1.099, -1.150e-5
-1.098, -1.405e-5
-1.097, 4.132e-6
-1.096, -2.009e-5
-1.095, -2.873e-5
-1.094, -2.467e-5
-1.093, -2.484e-5
-1.092, -3.281e-5
-1.091, -3.512e-5
-1.090, -3.913e-5
-1.089, -3.939e-5
-1.088, -3.748e-5
-1.087, -4.422e-5
-1.086, -5.107e-5
-1.085, -5.914e-5
-1.084, -6.245e-5
-1.083, -6.061e-5
-1.082, -6.667e-5
-1.081, -6.398e-5
-1.080, -6.970e-5
-1.079, -6.563e-5
-1.078, -6.581e-5
-1.077, -7.501e-5
-1.076, -7.986e-5
-1.075, -8.089e-5
-1.074, -8.049e-5
-1.073, -7.765e-5
-1.072, -7.500e-5
-1.071, -8.390e-5
-1.070, -8.536e-5
-1.069, -8.430e-5
-1.068, -8.281e-5
-1.067, -8.193e-5
-1.066, -5.555e-5
-1.065, -6.491e-5
-1.064, -9.900e-5
-1.063, -9.854e-5
-1.062, -8.052e-5
-1.061, -8.089e-5
-1.060, -8.567e-5
-1.059, -7.879e-5
-1.058, -9.039e-5
-1.057, -9.882e-5
-1.056, -8.306e-5
-1.055, -9.672e-5
-1.054, -1.011e-4
-1.053, -9.323e-5
-1.052, -9.189e-5
-1.051, -9.601e-5
-1.050, -9.743e-5
-1.049, -9.819e-5
-1.048, -9.477e-5
-1.047, -8.235e-5
-1.046, -8.893e-5
-1.045, -9.629e-5
-1.044, -1.042e-4
-1.043, -9.222e-5
-1.042, -8.741e-5
-1.041, -8.738e-5
-1.040, -9.041e-5
-1.039, -9.869e-5
-1.038, -9.970e-5
-1.037, -9.662e-5
-1.036, -9.334e-5
-1.035, -9.156e-5
-1.034, -9.320e-5
-1.033, -9.818e-5
-1.032, -9.570e-5
-1.031, -9.814e-5
-1.030, -9.868e-5
-1.029, -1.118e-4
-1.028, -1.049e-4
-1.027, -1.036e-4
-1.026, -1.061e-4
-1.025, -1.014e-4
-1.024, -1.069e-4
-1.023, -1.243e-4
-1.022, -1.305e-4
-1.021, -1.249e-4
-1.020, -1.285e-4
-1.019, -1.127e-4
-1.018, -1.075e-4
-1.017, -1.458e-4
-1.016, -1.485e-4
-1.015, -1.257e-4
-1.014, -1.234e-4
-1.013, -1.470e-4
-1.012, -1.403e-4
-1.011, -1.394e-4
-1.010, -1.443e-4
-1.009, -1.564e-4
-1.008, -1.665e-4
-1.007, -1.620e-4
-1.006, -1.602e-4
-1.005, -1.690e-4
-1.004, -1.785e-4
-1.003, -1.791e-4
-1.002, -1.798e-4
-1.001, -1.900e-4
