Aug. 23, 2024   04:54:10
Cyclic Voltammetry
File: c:/users/guazh/data/20240813_batch_94_500/2024-08-15-exp166\exp166-2024-08-23t04_39_54-h2koh\exp166_cv_sr_100mvs_efin_-1700mv.bin
Data Source:  Experiment
Instrument Model:  CHI760E
Header: CV ran at 100 mVs
Note: 

Init E (V) = -1
High E (V) = -1
Low E (V) = -1.7
Final E (V) = -1
Init P/N = N
Scan Rate (V/s) = 0.1
Segment = 3
Sample Interval (V) = 0.001
Quiet Time (sec) = 2
Sensitivity (A/V) = 0.01
Comp R (ohm) = 2.1

Results:

Channel 1:
Segment 1:

Segment 2:

Segment 3:

Potential/V, Current/A

-1.000, 1.241e-6
-1.001, 1.429e-6
-1.002, 1.537e-6
-1.003, 1.517e-6
-1.004, 1.734e-6
-1.005, 1.517e-6
-1.006, 1.813e-6
-1.007, 1.863e-6
-1.008, 1.754e-6
-1.009, 1.873e-6
-1.010, 1.803e-6
-1.011, 2.070e-6
-1.012, 1.942e-6
-1.013, 1.892e-6
-1.014, 2.080e-6
-1.015, 2.030e-6
-1.016, 2.021e-6
-1.017, 2.011e-6
-1.018, 1.981e-6
-1.019, 2.129e-6
-1.020, 2.030e-6
-1.021, 2.070e-6
-1.022, 2.149e-6
-1.023, 1.912e-6
-1.024, 2.178e-6
-1.025, 2.119e-6
-1.026, 2.218e-6
-1.027, 2.346e-6
-1.028, 2.247e-6
-1.029, 2.405e-6
-1.030, 2.277e-6
-1.031, 2.425e-6
-1.032, 2.238e-6
-1.033, 2.386e-6
-1.034, 2.376e-6
-1.035, 2.465e-6
-1.036, 2.455e-6
-1.037, 2.336e-6
-1.038, 2.376e-6
-1.039, 2.563e-6
-1.040, 2.553e-6
-1.041, 2.425e-6
-1.042, 2.603e-6
-1.043, 2.504e-6
-1.044, 2.810e-6
-1.045, 2.455e-6
-1.046, 2.563e-6
-1.047, 2.662e-6
-1.048, 2.474e-6
-1.049, 2.593e-6
-1.050, 2.632e-6
-1.051, 2.662e-6
-1.052, 2.652e-6
-1.053, 2.632e-6
-1.054, 2.879e-6
-1.055, 2.603e-6
-1.056, 2.573e-6
-1.057, 2.780e-6
-1.058, 2.721e-6
-1.059, 2.958e-6
-1.060, 2.899e-6
-1.061, 2.830e-6
-1.062, 2.800e-6
-1.063, 2.760e-6
-1.064, 3.007e-6
-1.065, 2.711e-6
-1.066, 2.741e-6
-1.067, 2.987e-6
-1.068, 2.928e-6
-1.069, 3.037e-6
-1.070, 2.899e-6
-1.071, 2.859e-6
-1.072, 2.869e-6
-1.073, 2.918e-6
-1.074, 3.175e-6
-1.075, 2.869e-6
-1.076, 2.978e-6
-1.077, 3.096e-6
-1.078, 3.076e-6
-1.079, 3.165e-6
-1.080, 2.948e-6
-1.081, 2.928e-6
-1.082, 3.214e-6
-1.083, 3.185e-6
-1.084, 3.165e-6
-1.085, 3.116e-6
-1.086, 3.106e-6
-1.087, 3.323e-6
-1.088, 3.224e-6
-1.089, 3.234e-6
-1.090, 3.185e-6
-1.091, 3.303e-6
-1.092, 3.323e-6
-1.093, 3.274e-6
-1.094, 3.392e-6
-1.095, 3.145e-6
-1.096, 3.392e-6
-1.097, 3.303e-6
-1.098, 3.224e-6
-1.099, 3.362e-6
-1.100, 3.422e-6
-1.101, 3.481e-6
-1.102, 3.382e-6
-1.103, 3.333e-6
-1.104, 3.412e-6
-1.105, 3.362e-6
-1.106, 3.441e-6
-1.107, 3.461e-6
-1.108, 3.323e-6
-1.109, 3.530e-6
-1.110, 3.441e-6
-1.111, 3.550e-6
-1.112, 3.254e-6
-1.113, 3.382e-6
-1.114, 3.648e-6
-1.115, 3.550e-6
-1.116, 3.619e-6
-1.117, 3.481e-6
-1.118, 3.392e-6
-1.119, 3.658e-6
-1.120, 3.481e-6
-1.121, 3.589e-6
-1.122, 3.540e-6
-1.123, 3.362e-6
-1.124, 3.639e-6
-1.125, 3.629e-6
-1.126, 3.698e-6
-1.127, 3.599e-6
-1.128, 3.619e-6
-1.129, 3.639e-6
-1.130, 3.639e-6
-1.131, 3.639e-6
-1.132, 3.589e-6
-1.133, 3.639e-6
-1.134, 3.777e-6
-1.135, 3.658e-6
-1.136, 3.678e-6
-1.137, 3.550e-6
-1.138, 3.619e-6
-1.139, 3.836e-6
-1.140, 3.678e-6
-1.141, 3.698e-6
-1.142, 3.589e-6
-1.143, 3.747e-6
-1.144, 3.875e-6
-1.145, 3.717e-6
-1.146, 3.619e-6
-1.147, 3.668e-6
-1.148, 3.727e-6
-1.149, 3.796e-6
-1.150, 3.856e-6
-1.151, 3.648e-6
-1.152, 3.777e-6
-1.153, 3.964e-6
-1.154, 3.806e-6
-1.155, 3.708e-6
-1.156, 3.708e-6
-1.157, 3.885e-6
-1.158, 3.757e-6
-1.159, 3.836e-6
-1.160, 3.678e-6
-1.161, 3.836e-6
-1.162, 3.806e-6
-1.163, 3.787e-6
-1.164, 3.905e-6
-1.165, 3.826e-6
-1.166, 3.826e-6
-1.167, 3.984e-6
-1.168, 3.836e-6
-1.169, 3.944e-6
-1.170, 3.826e-6
-1.171, 3.994e-6
-1.172, 4.004e-6
-1.173, 4.004e-6
-1.174, 3.964e-6
-1.175, 3.875e-6
-1.176, 3.895e-6
-1.177, 3.935e-6
-1.178, 3.944e-6
-1.179, 4.013e-6
-1.180, 4.033e-6
-1.181, 4.122e-6
-1.182, 4.083e-6
-1.183, 3.925e-6
-1.184, 4.142e-6
-1.185, 3.954e-6
-1.186, 4.063e-6
-1.187, 4.033e-6
-1.188, 4.053e-6
-1.189, 4.122e-6
-1.190, 4.033e-6
-1.191, 4.280e-6
-1.192, 3.994e-6
-1.193, 4.043e-6
-1.194, 4.309e-6
-1.195, 4.152e-6
-1.196, 4.270e-6
-1.197, 4.073e-6
-1.198, 4.053e-6
-1.199, 4.290e-6
-1.200, 4.181e-6
-1.201, 4.290e-6
-1.202, 4.221e-6
-1.203, 4.231e-6
-1.204, 4.438e-6
-1.205, 4.250e-6
-1.206, 4.290e-6
-1.207, 4.300e-6
-1.208, 4.270e-6
-1.209, 4.448e-6
-1.210, 4.428e-6
-1.211, 4.418e-6
-1.212, 4.369e-6
-1.213, 4.329e-6
-1.214, 4.487e-6
-1.215, 4.576e-6
-1.216, 4.704e-6
-1.217, 4.566e-6
-1.218, 4.566e-6
-1.219, 4.783e-6
-1.220, 4.625e-6
-1.221, 4.576e-6
-1.222, 4.605e-6
-1.223, 4.625e-6
-1.224, 4.882e-6
-1.225, 4.684e-6
-1.226, 4.744e-6
-1.227, 4.803e-6
-1.228, 4.714e-6
-1.229, 5.069e-6
-1.230, 4.911e-6
-1.231, 5.049e-6
-1.232, 5.069e-6
-1.233, 4.911e-6
-1.234, 5.128e-6
-1.235, 5.040e-6
-1.236, 5.118e-6
-1.237, 5.030e-6
-1.238, 5.257e-6
-1.239, 5.316e-6
-1.240, 5.148e-6
-1.241, 5.217e-6
-1.242, 5.365e-6
-1.243, 5.257e-6
-1.244, 5.434e-6
-1.245, 5.355e-6
-1.246, 5.296e-6
-1.247, 5.503e-6
-1.248, 5.533e-6
-1.249, 5.602e-6
-1.250, 5.434e-6
-1.251, 5.612e-6
-1.252, 5.710e-6
-1.253, 5.612e-6
-1.254, 5.681e-6
-1.255, 5.819e-6
-1.256, 5.789e-6
-1.257, 5.849e-6
-1.258, 5.750e-6
-1.259, 6.066e-6
-1.260, 5.849e-6
-1.261, 6.095e-6
-1.262, 6.154e-6
-1.263, 6.066e-6
-1.264, 6.223e-6
-1.265, 6.154e-6
-1.266, 6.283e-6
-1.267, 6.293e-6
-1.268, 6.391e-6
-1.269, 6.500e-6
-1.270, 6.490e-6
-1.271, 6.667e-6
-1.272, 6.529e-6
-1.273, 6.549e-6
-1.274, 6.667e-6
-1.275, 6.806e-6
-1.276, 6.835e-6
-1.277, 6.884e-6
-1.278, 6.776e-6
-1.279, 7.240e-6
-1.280, 7.102e-6
-1.281, 7.250e-6
-1.282, 7.131e-6
-1.283, 7.289e-6
-1.284, 7.516e-6
-1.285, 7.358e-6
-1.286, 7.447e-6
-1.287, 7.565e-6
-1.288, 7.743e-6
-1.289, 7.703e-6
-1.290, 7.703e-6
-1.291, 7.841e-6
-1.292, 7.940e-6
-1.293, 8.098e-6
-1.294, 8.285e-6
-1.295, 8.157e-6
-1.296, 8.177e-6
-1.297, 8.364e-6
-1.298, 8.463e-6
-1.299, 8.759e-6
-1.300, 8.759e-6
-1.301, 8.749e-6
-1.302, 8.838e-6
-1.303, 8.946e-6
-1.304, 9.173e-6
-1.305, 9.173e-6
-1.306, 9.321e-6
-1.307, 9.489e-6
-1.308, 9.361e-6
-1.309, 9.825e-6
-1.310, 9.459e-6
-1.311, 9.815e-6
-1.312, 1.001e-5
-1.313, 1.010e-5
-1.314, 1.041e-5
-1.315, 1.016e-5
-1.316, 1.053e-5
-1.317, 1.052e-5
-1.318, 1.074e-5
-1.319, 1.087e-5
-1.320, 1.092e-5
-1.321, 1.120e-5
-1.322, 1.131e-5
-1.323, 1.135e-5
-1.324, 1.159e-5
-1.325, 1.169e-5
-1.326, 1.186e-5
-1.327, 1.216e-5
-1.328, 1.205e-5
-1.329, 1.230e-5
-1.330, 1.246e-5
-1.331, 1.275e-5
-1.332, 1.291e-5
-1.333, 1.284e-5
-1.334, 1.321e-5
-1.335, 1.329e-5
-1.336, 1.350e-5
-1.337, 1.363e-5
-1.338, 1.382e-5
-1.339, 1.406e-5
-1.340, 1.428e-5
-1.341, 1.445e-5
-1.342, 1.459e-5
-1.343, 1.477e-5
-1.344, 1.516e-5
-1.345, 1.526e-5
-1.346, 1.554e-5
-1.347, 1.566e-5
-1.348, 1.584e-5
-1.349, 1.627e-5
-1.350, 1.641e-5
-1.351, 1.671e-5
-1.352, 1.675e-5
-1.353, 1.696e-5
-1.354, 1.741e-5
-1.355, 1.757e-5
-1.356, 1.768e-5
-1.357, 1.807e-5
-1.358, 1.841e-5
-1.359, 1.881e-5
-1.360, 1.879e-5
-1.361, 1.917e-5
-1.362, 1.936e-5
-1.363, 1.978e-5
-1.364, 2.012e-5
-1.365, 2.027e-5
-1.366, 2.067e-5
-1.367, 2.107e-5
-1.368, 2.127e-5
-1.369, 2.168e-5
-1.370, 2.191e-5
-1.371, 2.213e-5
-1.372, 2.261e-5
-1.373, 2.295e-5
-1.374, 2.356e-5
-1.375, 2.360e-5
-1.376, 2.406e-5
-1.377, 2.441e-5
-1.378, 2.481e-5
-1.379, 2.527e-5
-1.380, 2.551e-5
-1.381, 2.608e-5
-1.382, 2.639e-5
-1.383, 2.695e-5
-1.384, 2.748e-5
-1.385, 2.759e-5
-1.386, 2.822e-5
-1.387, 2.860e-5
-1.388, 2.903e-5
-1.389, 2.957e-5
-1.390, 3.005e-5
-1.391, 3.049e-5
-1.392, 3.101e-5
-1.393, 3.144e-5
-1.394, 3.204e-5
-1.395, 3.271e-5
-1.396, 3.320e-5
-1.397, 3.364e-5
-1.398, 3.416e-5
-1.399, 3.481e-5
-1.400, 3.532e-5
-1.401, 3.619e-5
-1.402, 3.659e-5
-1.403, 3.719e-5
-1.404, 3.786e-5
-1.405, 3.855e-5
-1.406, 3.922e-5
-1.407, 3.968e-5
-1.408, 4.050e-5
-1.409, 4.138e-5
-1.410, 4.193e-5
-1.411, 4.264e-5
-1.412, 4.344e-5
-1.413, 4.416e-5
-1.414, 4.498e-5
-1.415, 4.580e-5
-1.416, 4.656e-5
-1.417, 4.735e-5
-1.418, 4.817e-5
-1.419, 4.915e-5
-1.420, 4.974e-5
-1.421, 5.068e-5
-1.422, 5.162e-5
-1.423, 5.262e-5
-1.424, 5.360e-5
-1.425, 5.440e-5
-1.426, 5.548e-5
-1.427, 5.640e-5
-1.428, 5.740e-5
-1.429, 5.852e-5
-1.430, 5.947e-5
-1.431, 6.057e-5
-1.432, 6.169e-5
-1.433, 6.269e-5
-1.434, 6.419e-5
-1.435, 6.507e-5
-1.436, 6.632e-5
-1.437, 6.782e-5
-1.438, 6.886e-5
-1.439, 7.032e-5
-1.440, 7.146e-5
-1.441, 7.270e-5
-1.442, 7.410e-5
-1.443, 7.534e-5
-1.444, 7.689e-5
-1.445, 7.802e-5
-1.446, 7.960e-5
-1.447, 8.127e-5
-1.448, 8.276e-5
-1.449, 8.446e-5
-1.450, 8.585e-5
-1.451, 8.771e-5
-1.452, 8.931e-5
-1.453, 9.098e-5
-1.454, 9.288e-5
-1.455, 9.456e-5
-1.456, 9.655e-5
-1.457, 9.827e-5
-1.458, 1.002e-4
-1.459, 1.023e-4
-1.460, 1.042e-4
-1.461, 1.064e-4
-1.462, 1.085e-4
-1.463, 1.106e-4
-1.464, 1.130e-4
-1.465, 1.153e-4
-1.466, 1.176e-4
-1.467, 1.197e-4
-1.468, 1.221e-4
-1.469, 1.247e-4
-1.470, 1.270e-4
-1.471, 1.297e-4
-1.472, 1.326e-4
-1.473, 1.354e-4
-1.474, 1.386e-4
-1.475, 1.412e-4
-1.476, 1.442e-4
-1.477, 1.472e-4
-1.478, 1.503e-4
-1.479, 1.537e-4
-1.480, 1.566e-4
-1.481, 1.599e-4
-1.482, 1.632e-4
-1.483, 1.669e-4
-1.484, 1.706e-4
-1.485, 1.742e-4
-1.486, 1.780e-4
-1.487, 1.816e-4
-1.488, 1.858e-4
-1.489, 1.897e-4
-1.490, 1.937e-4
-1.491, 1.978e-4
-1.492, 2.021e-4
-1.493, 2.064e-4
-1.494, 2.109e-4
-1.495, 2.150e-4
-1.496, 2.197e-4
-1.497, 2.249e-4
-1.498, 2.299e-4
-1.499, 2.350e-4
-1.500, 2.399e-4
-1.501, 2.454e-4
-1.502, 2.507e-4
-1.503, 2.562e-4
-1.504, 2.618e-4
-1.505, 2.673e-4
-1.506, 2.728e-4
-1.507, 2.787e-4
-1.508, 2.847e-4
-1.509, 2.909e-4
-1.510, 2.972e-4
-1.511, 3.044e-4
-1.512, 3.111e-4
-1.513, 3.180e-4
-1.514, 3.249e-4
-1.515, 3.317e-4
-1.516, 3.388e-4
-1.517, 3.459e-4
-1.518, 3.530e-4
-1.519, 3.603e-4
-1.520, 3.674e-4
-1.521, 3.753e-4
-1.522, 3.836e-4
-1.523, 3.926e-4
-1.524, 4.016e-4
-1.525, 4.104e-4
-1.526, 4.194e-4
-1.527, 4.280e-4
-1.528, 4.366e-4
-1.529, 4.451e-4
-1.530, 4.541e-4
-1.531, 4.631e-4
-1.532, 4.719e-4
-1.533, 4.818e-4
-1.534, 4.921e-4
-1.535, 5.031e-4
-1.536, 5.144e-4
-1.537, 5.248e-4
-1.538, 5.356e-4
-1.539, 5.463e-4
-1.540, 5.566e-4
-1.541, 5.670e-4
-1.542, 5.772e-4
-1.543, 5.886e-4
-1.544, 6.001e-4
-1.545, 6.122e-4
-1.546, 6.252e-4
-1.547, 6.378e-4
-1.548, 6.505e-4
-1.549, 6.628e-4
-1.550, 6.749e-4
-1.551, 6.869e-4
-1.552, 6.984e-4
-1.553, 7.106e-4
-1.554, 7.229e-4
-1.555, 7.359e-4
-1.556, 7.501e-4
-1.557, 7.652e-4
-1.558, 7.819e-4
-1.559, 7.977e-4
-1.560, 8.126e-4
-1.561, 8.276e-4
-1.562, 8.424e-4
-1.563, 8.567e-4
-1.564, 8.710e-4
-1.565, 8.859e-4
-1.566, 9.016e-4
-1.567, 9.180e-4
-1.568, 9.368e-4
-1.569, 9.563e-4
-1.570, 9.755e-4
-1.571, 9.941e-4
-1.572, 1.012e-3
-1.573, 1.030e-3
-1.574, 1.047e-3
-1.575, 1.064e-3
-1.576, 1.081e-3
-1.577, 1.098e-3
-1.578, 1.117e-3
-1.579, 1.138e-3
-1.580, 1.164e-3
-1.581, 1.189e-3
-1.582, 1.214e-3
-1.583, 1.236e-3
-1.584, 1.258e-3
-1.585, 1.279e-3
-1.586, 1.298e-3
-1.587, 1.318e-3
-1.588, 1.338e-3
-1.589, 1.359e-3
-1.590, 1.383e-3
-1.591, 1.411e-3
-1.592, 1.441e-3
-1.593, 1.471e-3
-1.594, 1.499e-3
-1.595, 1.525e-3
-1.596, 1.551e-3
-1.597, 1.573e-3
-1.598, 1.595e-3
-1.599, 1.617e-3
-1.600, 1.639e-3
-1.601, 1.661e-3
-1.602, 1.688e-3
-1.603, 1.722e-3
-1.604, 1.761e-3
-1.605, 1.801e-3
-1.606, 1.832e-3
-1.607, 1.862e-3
-1.608, 1.891e-3
-1.609, 1.916e-3
-1.610, 1.944e-3
-1.611, 1.975e-3
-1.612, 2.007e-3
-1.613, 2.043e-3
-1.614, 2.080e-3
-1.615, 2.117e-3
-1.616, 2.151e-3
-1.617, 2.181e-3
-1.618, 2.207e-3
-1.619, 2.232e-3
-1.620, 2.260e-3
-1.621, 2.283e-3
-1.622, 2.309e-3
-1.623, 2.339e-3
-1.624, 2.380e-3
-1.625, 2.437e-3
-1.626, 2.494e-3
-1.627, 2.543e-3
-1.628, 2.587e-3
-1.629, 2.625e-3
-1.630, 2.659e-3
-1.631, 2.686e-3
-1.632, 2.711e-3
-1.633, 2.740e-3
-1.634, 2.765e-3
-1.635, 2.796e-3
-1.636, 2.839e-3
-1.637, 2.898e-3
-1.638, 2.969e-3
-1.639, 3.036e-3
-1.640, 3.086e-3
-1.641, 3.132e-3
-1.642, 3.170e-3
-1.643, 3.203e-3
-1.644, 3.231e-3
-1.645, 3.261e-3
-1.646, 3.292e-3
-1.647, 3.330e-3
-1.648, 3.389e-3
-1.649, 3.464e-3
-1.650, 3.539e-3
-1.651, 3.610e-3
-1.652, 3.663e-3
-1.653, 3.714e-3
-1.654, 3.754e-3
-1.655, 3.785e-3
-1.656, 3.811e-3
-1.657, 3.834e-3
-1.658, 3.861e-3
-1.659, 3.905e-3
-1.660, 3.978e-3
-1.661, 4.071e-3
-1.662, 4.164e-3
-1.663, 4.255e-3
-1.664, 4.313e-3
-1.665, 4.373e-3
-1.666, 4.421e-3
-1.667, 4.457e-3
-1.668, 4.493e-3
-1.669, 4.536e-3
-1.670, 4.584e-3
-1.671, 4.642e-3
-1.672, 4.722e-3
-1.673, 4.821e-3
-1.674, 4.913e-3
-1.675, 4.985e-3
-1.676, 5.040e-3
-1.677, 5.087e-3
-1.678, 5.116e-3
-1.679, 5.141e-3
-1.680, 5.170e-3
-1.681, 5.199e-3
-1.682, 5.238e-3
-1.683, 5.311e-3
-1.684, 5.420e-3
-1.685, 5.548e-3
-1.686, 5.658e-3
-1.687, 5.735e-3
-1.688, 5.795e-3
-1.689, 5.835e-3
-1.690, 5.858e-3
-1.691, 5.892e-3
-1.692, 5.936e-3
-1.693, 5.988e-3
-1.694, 6.061e-3
-1.695, 6.160e-3
-1.696, 6.274e-3
-1.697, 6.371e-3
-1.698, 6.442e-3
-1.699, 6.485e-3
-1.700, 6.469e-3
-1.699, 6.399e-3
-1.698, 6.327e-3
-1.697, 6.242e-3
-1.696, 6.176e-3
-1.695, 6.151e-3
-1.694, 6.163e-3
-1.693, 6.208e-3
-1.692, 6.242e-3
-1.691, 6.239e-3
-1.690, 6.214e-3
-1.689, 6.170e-3
-1.688, 6.117e-3
-1.687, 6.061e-3
-1.686, 6.003e-3
-1.685, 5.965e-3
-1.684, 5.954e-3
-1.683, 5.950e-3
-1.682, 5.929e-3
-1.681, 5.885e-3
-1.680, 5.830e-3
-1.679, 5.757e-3
-1.678, 5.673e-3
-1.677, 5.587e-3
-1.676, 5.488e-3
-1.675, 5.379e-3
-1.674, 5.289e-3
-1.673, 5.225e-3
-1.672, 5.225e-3
-1.671, 5.353e-3
-1.670, 5.408e-3
-1.669, 5.382e-3
-1.668, 5.351e-3
-1.667, 5.322e-3
-1.666, 5.293e-3
-1.665, 5.252e-3
-1.664, 5.203e-3
-1.663, 5.142e-3
-1.662, 5.074e-3
-1.661, 5.002e-3
-1.660, 4.934e-3
-1.659, 4.866e-3
-1.658, 4.806e-3
-1.657, 4.774e-3
-1.656, 4.772e-3
-1.655, 4.805e-3
-1.654, 4.788e-3
-1.653, 4.747e-3
-1.652, 4.720e-3
-1.651, 4.677e-3
-1.650, 4.625e-3
-1.649, 4.579e-3
-1.648, 4.545e-3
-1.647, 4.527e-3
-1.646, 4.509e-3
-1.645, 4.483e-3
-1.644, 4.442e-3
-1.643, 4.390e-3
-1.642, 4.334e-3
-1.641, 4.271e-3
-1.640, 4.207e-3
-1.639, 4.135e-3
-1.638, 4.062e-3
-1.637, 4.002e-3
-1.636, 3.962e-3
-1.635, 3.963e-3
-1.634, 3.995e-3
-1.633, 4.000e-3
-1.632, 3.968e-3
-1.631, 3.934e-3
-1.630, 3.901e-3
-1.629, 3.868e-3
-1.628, 3.832e-3
-1.627, 3.792e-3
-1.626, 3.750e-3
-1.625, 3.706e-3
-1.624, 3.652e-3
-1.623, 3.595e-3
-1.622, 3.541e-3
-1.621, 3.486e-3
-1.620, 3.442e-3
-1.619, 3.439e-3
-1.618, 3.461e-3
-1.617, 3.429e-3
-1.616, 3.400e-3
-1.615, 3.377e-3
-1.614, 3.348e-3
-1.613, 3.311e-3
-1.612, 3.272e-3
-1.611, 3.227e-3
-1.610, 3.180e-3
-1.609, 3.136e-3
-1.608, 3.098e-3
-1.607, 3.080e-3
-1.606, 3.065e-3
-1.605, 3.047e-3
-1.604, 3.022e-3
-1.603, 2.989e-3
-1.602, 2.951e-3
-1.601, 2.906e-3
-1.600, 2.862e-3
-1.599, 2.818e-3
-1.598, 2.772e-3
-1.597, 2.724e-3
-1.596, 2.675e-3
-1.595, 2.633e-3
-1.594, 2.607e-3
-1.593, 2.608e-3
-1.592, 2.618e-3
-1.591, 2.612e-3
-1.590, 2.593e-3
-1.589, 2.567e-3
-1.588, 2.535e-3
-1.587, 2.502e-3
-1.586, 2.471e-3
-1.585, 2.441e-3
-1.584, 2.414e-3
-1.583, 2.389e-3
-1.582, 2.367e-3
-1.581, 2.341e-3
-1.580, 2.312e-3
-1.579, 2.280e-3
-1.578, 2.246e-3
-1.577, 2.213e-3
-1.576, 2.179e-3
-1.575, 2.144e-3
-1.574, 2.106e-3
-1.573, 2.074e-3
-1.572, 2.052e-3
-1.571, 2.045e-3
-1.570, 2.039e-3
-1.569, 2.023e-3
-1.568, 2.002e-3
-1.567, 1.978e-3
-1.566, 1.952e-3
-1.565, 1.924e-3
-1.564, 1.896e-3
-1.563, 1.879e-3
-1.562, 1.858e-3
-1.561, 1.834e-3
-1.560, 1.809e-3
-1.559, 1.783e-3
-1.558, 1.756e-3
-1.557, 1.738e-3
-1.556, 1.719e-3
-1.555, 1.698e-3
-1.554, 1.676e-3
-1.553, 1.656e-3
-1.552, 1.634e-3
-1.551, 1.611e-3
-1.550, 1.587e-3
-1.549, 1.562e-3
-1.548, 1.536e-3
-1.547, 1.512e-3
-1.546, 1.490e-3
-1.545, 1.468e-3
-1.544, 1.451e-3
-1.543, 1.437e-3
-1.542, 1.426e-3
-1.541, 1.410e-3
-1.540, 1.390e-3
-1.539, 1.371e-3
-1.538, 1.350e-3
-1.537, 1.328e-3
-1.536, 1.305e-3
-1.535, 1.283e-3
-1.534, 1.262e-3
-1.533, 1.243e-3
-1.532, 1.230e-3
-1.531, 1.220e-3
-1.530, 1.207e-3
-1.529, 1.192e-3
-1.528, 1.175e-3
-1.527, 1.159e-3
-1.526, 1.142e-3
-1.525, 1.123e-3
-1.524, 1.106e-3
-1.523, 1.089e-3
-1.522, 1.074e-3
-1.521, 1.060e-3
-1.520, 1.046e-3
-1.519, 1.032e-3
-1.518, 1.017e-3
-1.517, 1.001e-3
-1.516, 9.838e-4
-1.515, 9.670e-4
-1.514, 9.514e-4
-1.513, 9.350e-4
-1.512, 9.199e-4
-1.511, 9.064e-4
-1.510, 8.952e-4
-1.509, 8.852e-4
-1.508, 8.736e-4
-1.507, 8.615e-4
-1.506, 8.482e-4
-1.505, 8.344e-4
-1.504, 8.204e-4
-1.503, 8.059e-4
-1.502, 7.922e-4
-1.501, 7.787e-4
-1.500, 7.664e-4
-1.499, 7.553e-4
-1.498, 7.441e-4
-1.497, 7.334e-4
-1.496, 7.220e-4
-1.495, 7.103e-4
-1.494, 6.983e-4
-1.493, 6.857e-4
-1.492, 6.740e-4
-1.491, 6.618e-4
-1.490, 6.502e-4
-1.489, 6.393e-4
-1.488, 6.290e-4
-1.487, 6.202e-4
-1.486, 6.123e-4
-1.485, 6.035e-4
-1.484, 5.940e-4
-1.483, 5.842e-4
-1.482, 5.746e-4
-1.481, 5.647e-4
-1.480, 5.548e-4
-1.479, 5.450e-4
-1.478, 5.351e-4
-1.477, 5.262e-4
-1.476, 5.182e-4
-1.475, 5.102e-4
-1.474, 5.026e-4
-1.473, 4.939e-4
-1.472, 4.858e-4
-1.471, 4.771e-4
-1.470, 4.687e-4
-1.469, 4.604e-4
-1.468, 4.519e-4
-1.467, 4.442e-4
-1.466, 4.363e-4
-1.465, 4.293e-4
-1.464, 4.229e-4
-1.463, 4.164e-4
-1.462, 4.093e-4
-1.461, 4.022e-4
-1.460, 3.952e-4
-1.459, 3.885e-4
-1.458, 3.816e-4
-1.457, 3.748e-4
-1.456, 3.680e-4
-1.455, 3.613e-4
-1.454, 3.547e-4
-1.453, 3.479e-4
-1.452, 3.415e-4
-1.451, 3.355e-4
-1.450, 3.302e-4
-1.449, 3.253e-4
-1.448, 3.198e-4
-1.447, 3.141e-4
-1.446, 3.086e-4
-1.445, 3.034e-4
-1.444, 2.980e-4
-1.443, 2.920e-4
-1.442, 2.870e-4
-1.441, 2.815e-4
-1.440, 2.763e-4
-1.439, 2.719e-4
-1.438, 2.668e-4
-1.437, 2.623e-4
-1.436, 2.577e-4
-1.435, 2.532e-4
-1.434, 2.487e-4
-1.433, 2.439e-4
-1.432, 2.394e-4
-1.431, 2.350e-4
-1.430, 2.304e-4
-1.429, 2.260e-4
-1.428, 2.215e-4
-1.427, 2.174e-4
-1.426, 2.132e-4
-1.425, 2.094e-4
-1.424, 2.058e-4
-1.423, 2.028e-4
-1.422, 1.993e-4
-1.421, 1.958e-4
-1.420, 1.920e-4
-1.419, 1.884e-4
-1.418, 1.849e-4
-1.417, 1.817e-4
-1.416, 1.782e-4
-1.415, 1.747e-4
-1.414, 1.713e-4
-1.413, 1.681e-4
-1.412, 1.650e-4
-1.411, 1.619e-4
-1.410, 1.587e-4
-1.409, 1.555e-4
-1.408, 1.527e-4
-1.407, 1.500e-4
-1.406, 1.473e-4
-1.405, 1.446e-4
-1.404, 1.418e-4
-1.403, 1.390e-4
-1.402, 1.363e-4
-1.401, 1.336e-4
-1.400, 1.310e-4
-1.399, 1.284e-4
-1.398, 1.258e-4
-1.397, 1.232e-4
-1.396, 1.210e-4
-1.395, 1.186e-4
-1.394, 1.166e-4
-1.393, 1.144e-4
-1.392, 1.121e-4
-1.391, 1.099e-4
-1.390, 1.080e-4
-1.389, 1.058e-4
-1.388, 1.034e-4
-1.387, 1.015e-4
-1.386, 9.956e-5
-1.385, 9.751e-5
-1.384, 9.554e-5
-1.383, 9.350e-5
-1.382, 9.179e-5
-1.381, 8.994e-5
-1.380, 8.830e-5
-1.379, 8.637e-5
-1.378, 8.467e-5
-1.377, 8.296e-5
-1.376, 8.132e-5
-1.375, 7.975e-5
-1.374, 7.811e-5
-1.373, 7.634e-5
-1.372, 7.486e-5
-1.371, 7.353e-5
-1.370, 7.199e-5
-1.369, 7.031e-5
-1.368, 6.899e-5
-1.367, 6.757e-5
-1.366, 6.628e-5
-1.365, 6.477e-5
-1.364, 6.338e-5
-1.363, 6.209e-5
-1.362, 6.082e-5
-1.361, 5.946e-5
-1.360, 5.832e-5
-1.359, 5.706e-5
-1.358, 5.584e-5
-1.357, 5.463e-5
-1.356, 5.348e-5
-1.355, 5.235e-5
-1.354, 5.127e-5
-1.353, 5.018e-5
-1.352, 4.910e-5
-1.351, 4.813e-5
-1.350, 4.691e-5
-1.349, 4.609e-5
-1.348, 4.503e-5
-1.347, 4.413e-5
-1.346, 4.311e-5
-1.345, 4.210e-5
-1.344, 4.125e-5
-1.343, 4.037e-5
-1.342, 3.945e-5
-1.341, 3.849e-5
-1.340, 3.776e-5
-1.339, 3.700e-5
-1.338, 3.610e-5
-1.337, 3.533e-5
-1.336, 3.449e-5
-1.335, 3.391e-5
-1.334, 3.309e-5
-1.333, 3.242e-5
-1.332, 3.150e-5
-1.331, 3.096e-5
-1.330, 3.041e-5
-1.329, 2.964e-5
-1.328, 2.888e-5
-1.327, 2.828e-5
-1.326, 2.773e-5
-1.325, 2.710e-5
-1.324, 2.635e-5
-1.323, 2.574e-5
-1.322, 2.514e-5
-1.321, 2.468e-5
-1.320, 2.437e-5
-1.319, 2.361e-5
-1.318, 2.304e-5
-1.317, 2.253e-5
-1.316, 2.201e-5
-1.315, 2.148e-5
-1.314, 2.098e-5
-1.313, 2.048e-5
-1.312, 2.009e-5
-1.311, 1.963e-5
-1.310, 1.913e-5
-1.309, 1.872e-5
-1.308, 1.822e-5
-1.307, 1.791e-5
-1.306, 1.742e-5
-1.305, 1.706e-5
-1.304, 1.652e-5
-1.303, 1.618e-5
-1.302, 1.581e-5
-1.301, 1.552e-5
-1.300, 1.505e-5
-1.299, 1.465e-5
-1.298, 1.428e-5
-1.297, 1.399e-5
-1.296, 1.375e-5
-1.295, 1.352e-5
-1.294, 1.306e-5
-1.293, 1.274e-5
-1.292, 1.248e-5
-1.291, 1.223e-5
-1.290, 1.179e-5
-1.289, 1.153e-5
-1.288, 1.127e-5
-1.287, 1.092e-5
-1.286, 1.062e-5
-1.285, 1.041e-5
-1.284, 1.021e-5
-1.283, 1.009e-5
-1.282, 9.686e-6
-1.281, 9.302e-6
-1.280, 9.193e-6
-1.279, 9.055e-6
-1.278, 8.818e-6
-1.277, 8.502e-6
-1.276, 8.266e-6
-1.275, 7.989e-6
-1.274, 7.911e-6
-1.273, 7.506e-6
-1.272, 7.397e-6
-1.271, 7.171e-6
-1.270, 7.062e-6
-1.269, 7.023e-6
-1.268, 6.717e-6
-1.267, 6.500e-6
-1.266, 6.362e-6
-1.265, 6.115e-6
-1.264, 6.105e-6
-1.263, 5.937e-6
-1.262, 5.710e-6
-1.261, 5.553e-6
-1.260, 5.533e-6
-1.259, 5.336e-6
-1.258, 5.079e-6
-1.257, 4.980e-6
-1.256, 4.842e-6
-1.255, 4.734e-6
-1.254, 4.556e-6
-1.253, 4.290e-6
-1.252, 4.329e-6
-1.251, 4.181e-6
-1.250, 4.112e-6
-1.249, 3.944e-6
-1.248, 3.816e-6
-1.247, 3.589e-6
-1.246, 3.481e-6
-1.245, 3.461e-6
-1.244, 3.293e-6
-1.243, 3.106e-6
-1.242, 3.126e-6
-1.241, 3.155e-6
-1.240, 2.899e-6
-1.239, 2.899e-6
-1.238, 2.711e-6
-1.237, 2.711e-6
-1.236, 2.642e-6
-1.235, 2.465e-6
-1.234, 2.307e-6
-1.233, 2.119e-6
-1.232, 2.247e-6
-1.231, 2.346e-6
-1.230, 2.218e-6
-1.229, 1.843e-6
-1.228, 1.725e-6
-1.227, 1.784e-6
-1.226, 1.725e-6
-1.225, 1.715e-6
-1.224, 1.626e-6
-1.223, 1.488e-6
-1.222, 1.320e-6
-1.221, 1.488e-6
-1.220, 1.271e-6
-1.219, 1.290e-6
-1.218, 1.271e-6
-1.217, 1.133e-6
-1.216, 1.221e-6
-1.215, 1.103e-6
-1.214, 1.004e-6
-1.213, 9.156e-7
-1.212, 8.465e-7
-1.211, 7.676e-7
-1.210, 6.985e-7
-1.209, 6.985e-7
-1.208, 5.998e-7
-1.207, 6.097e-7
-1.206, 4.716e-7
-1.205, 5.801e-7
-1.204, 5.703e-7
-1.203, 3.828e-7
-1.202, 3.433e-7
-1.201, 3.039e-7
-1.200, 2.545e-7
-1.199, 2.052e-7
-1.198, 3.433e-7
-1.197, 1.362e-7
-1.196, 6.709e-8
-1.195, 5.722e-8
-1.194, 1.263e-7
-1.193, 4.736e-8
-1.192, -7.103e-8
-1.191, -1.697e-7
-1.190, 3.749e-8
-1.189, 1.164e-7
-1.188, -1.500e-7
-1.187, -2.782e-7
-1.186, -2.782e-7
-1.185, -5.130e-8
-1.184, -1.302e-7
-1.183, -2.684e-7
-1.182, -3.275e-7
-1.181, -1.500e-7
-1.180, -3.078e-7
-1.179, -2.289e-7
-1.178, -3.374e-7
-1.177, -4.558e-7
-1.176, -4.558e-7
-1.175, -3.966e-7
-1.174, -3.867e-7
-1.173, -5.249e-7
-1.172, -5.347e-7
-1.171, -5.347e-7
-1.170, -3.966e-7
-1.169, -5.249e-7
-1.168, -6.137e-7
-1.167, -6.827e-7
-1.166, -4.755e-7
-1.165, -6.137e-7
-1.164, -6.137e-7
-1.163, -8.208e-7
-1.162, -7.123e-7
-1.161, -7.222e-7
-1.160, -7.222e-7
-1.159, -8.504e-7
-1.158, -8.110e-7
-1.157, -7.518e-7
-1.156, -7.321e-7
-1.155, -6.630e-7
-1.154, -7.617e-7
-1.153, -8.702e-7
-1.152, -7.814e-7
-1.151, -7.912e-7
-1.150, -8.504e-7
-1.149, -8.406e-7
-1.148, -7.814e-7
-1.147, -7.518e-7
-1.146, -8.208e-7
-1.145, -9.392e-7
-1.144, -8.998e-7
-1.143, -9.787e-7
-1.142, -1.058e-6
-1.141, -9.195e-7
-1.140, -1.008e-6
-1.139, -9.688e-7
-1.138, -9.688e-7
-1.137, -1.077e-6
-1.136, -1.097e-6
-1.135, -1.028e-6
-1.134, -1.048e-6
-1.133, -1.067e-6
-1.132, -1.067e-6
-1.131, -1.087e-6
-1.130, -1.127e-6
-1.129, -9.886e-7
-1.128, -9.787e-7
-1.127, -1.107e-6
-1.126, -1.255e-6
-1.125, -1.265e-6
-1.124, -9.984e-7
-1.123, -1.166e-6
-1.122, -1.275e-6
-1.121, -1.176e-6
-1.120, -1.038e-6
-1.119, -1.018e-6
-1.118, -1.245e-6
-1.117, -1.275e-6
-1.116, -1.265e-6
-1.115, -1.127e-6
-1.114, -1.206e-6
-1.113, -1.235e-6
-1.112, -1.265e-6
-1.111, -1.206e-6
-1.110, -1.117e-6
-1.109, -1.087e-6
-1.108, -1.166e-6
-1.107, -1.413e-6
-1.106, -1.156e-6
-1.105, -1.127e-6
-1.104, -1.285e-6
-1.103, -1.215e-6
-1.102, -1.304e-6
-1.101, -1.087e-6
-1.100, -1.186e-6
-1.099, -1.324e-6
-1.098, -1.383e-6
-1.097, -1.285e-6
-1.096, -1.294e-6
-1.095, -1.285e-6
-1.094, -1.383e-6
-1.093, -1.363e-6
-1.092, -1.275e-6
-1.091, -1.225e-6
-1.090, -1.482e-6
-1.089, -1.304e-6
-1.088, -1.413e-6
-1.087, -1.423e-6
-1.086, -1.324e-6
-1.085, -1.442e-6
-1.084, -1.373e-6
-1.083, -1.363e-6
-1.082, -1.294e-6
-1.081, -1.373e-6
-1.080, -1.314e-6
-1.079, -1.423e-6
-1.078, -1.285e-6
-1.077, -1.472e-6
-1.076, -1.433e-6
-1.075, -1.492e-6
-1.074, -1.502e-6
-1.073, -1.423e-6
-1.072, -1.541e-6
-1.071, -1.511e-6
-1.070, -1.423e-6
-1.069, -1.423e-6
-1.068, -1.482e-6
-1.067, -1.630e-6
-1.066, -1.531e-6
-1.065, -1.571e-6
-1.064, -1.413e-6
-1.063, -1.581e-6
-1.062, -1.590e-6
-1.061, -1.482e-6
-1.060, -1.442e-6
-1.059, -1.502e-6
-1.058, -1.423e-6
-1.057, -1.521e-6
-1.056, -1.541e-6
-1.055, -1.620e-6
-1.054, -1.502e-6
-1.053, -1.521e-6
-1.052, -1.620e-6
-1.051, -1.590e-6
-1.050, -1.511e-6
-1.049, -1.561e-6
-1.048, -1.511e-6
-1.047, -1.600e-6
-1.046, -1.492e-6
-1.045, -1.581e-6
-1.044, -1.442e-6
-1.043, -1.699e-6
-1.042, -1.620e-6
-1.041, -1.590e-6
-1.040, -1.551e-6
-1.039, -1.551e-6
-1.038, -1.610e-6
-1.037, -1.650e-6
-1.036, -1.590e-6
-1.035, -1.561e-6
-1.034, -1.541e-6
-1.033, -1.758e-6
-1.032, -1.679e-6
-1.031, -1.492e-6
-1.030, -1.650e-6
-1.029, -1.650e-6
-1.028, -1.669e-6
-1.027, -1.571e-6
-1.026, -1.521e-6
-1.025, -1.650e-6
-1.024, -1.669e-6
-1.023, -1.768e-6
-1.022, -1.807e-6
-1.021, -1.729e-6
-1.020, -1.738e-6
-1.019, -1.719e-6
-1.018, -1.847e-6
-1.017, -1.758e-6
-1.016, -1.738e-6
-1.015, -1.768e-6
-1.014, -1.719e-6
-1.013, -1.768e-6
-1.012, -1.847e-6
-1.011, -1.669e-6
-1.010, -1.719e-6
-1.009, -1.768e-6
-1.008, -1.748e-6
-1.007, -1.798e-6
-1.006, -1.729e-6
-1.005, -1.867e-6
-1.004, -1.827e-6
-1.003, -1.827e-6
-1.002, -1.768e-6
-1.001, -1.738e-6
