Apr. 4, 2025   22:44:41
Cyclic Voltammetry
File: c:/users/guazh/data/banditlqround7_x0exp994_r5/2025-03-28-exp984\exp984-2025-04-04t22_26_14-h2koh\exp984_cv_sr_300mvs_efin_-1700mv.bin
Data Source:  Experiment
Instrument Model:  CHI760E
Header: CV ran at 300 mVs
Note: 

Init E (V) = -1
High E (V) = -1
Low E (V) = -1.7
Final E (V) = -1
Init P/N = N
Scan Rate (V/s) = 0.3
Segment = 3
Sample Interval (V) = 0.001
Quiet Time (sec) = 2
Sensitivity (A/V) = 0.01
Comp R (ohm) = 2.1

Results:

Channel 1:
Segment 1:

Segment 2:

Segment 3:

Potential/V, Current/A

-1.000, 3.239e-6
-1.001, 3.239e-6
-1.002, 3.239e-6
-1.003, 3.239e-6
-1.004, 6.322e-6
-1.005, 6.322e-6
-1.006, 6.322e-6
-1.007, 6.322e-6
-1.008, 6.322e-6
-1.009, 6.322e-6
-1.010, 6.322e-6
-1.011, 6.322e-6
-1.012, 6.322e-6
-1.013, 6.322e-6
-1.014, 6.322e-6
-1.015, 6.322e-6
-1.016, 6.322e-6
-1.017, 6.322e-6
-1.018, 6.322e-6
-1.019, 6.322e-6
-1.020, 6.322e-6
-1.021, 6.322e-6
-1.022, 9.405e-6
-1.023, 6.322e-6
-1.024, 9.405e-6
-1.025, 9.405e-6
-1.026, 9.405e-6
-1.027, 9.405e-6
-1.028, 9.405e-6
-1.029, 9.405e-6
-1.030, 9.405e-6
-1.031, 9.405e-6
-1.032, 9.405e-6
-1.033, 9.405e-6
-1.034, 9.405e-6
-1.035, 9.405e-6
-1.036, 9.405e-6
-1.037, 9.405e-6
-1.038, 9.405e-6
-1.039, 9.405e-6
-1.040, 9.405e-6
-1.041, 9.405e-6
-1.042, 9.405e-6
-1.043, 9.405e-6
-1.044, 9.405e-6
-1.045, 9.405e-6
-1.046, 9.405e-6
-1.047, 9.405e-6
-1.048, 9.405e-6
-1.049, 9.405e-6
-1.050, 9.405e-6
-1.051, 1.249e-5
-1.052, 9.405e-6
-1.053, 9.405e-6
-1.054, 9.405e-6
-1.055, 9.405e-6
-1.056, 9.405e-6
-1.057, 9.405e-6
-1.058, 9.405e-6
-1.059, 1.249e-5
-1.060, 9.405e-6
-1.061, 9.405e-6
-1.062, 9.405e-6
-1.063, 9.405e-6
-1.064, 9.405e-6
-1.065, 1.249e-5
-1.066, 9.405e-6
-1.067, 9.405e-6
-1.068, 9.405e-6
-1.069, 9.405e-6
-1.070, 1.249e-5
-1.071, 1.249e-5
-1.072, 1.249e-5
-1.073, 9.405e-6
-1.074, 1.249e-5
-1.075, 1.249e-5
-1.076, 1.249e-5
-1.077, 1.249e-5
-1.078, 1.249e-5
-1.079, 1.249e-5
-1.080, 1.249e-5
-1.081, 1.249e-5
-1.082, 1.249e-5
-1.083, 1.249e-5
-1.084, 1.249e-5
-1.085, 1.249e-5
-1.086, 1.249e-5
-1.087, 1.249e-5
-1.088, 1.249e-5
-1.089, 1.249e-5
-1.090, 1.249e-5
-1.091, 1.249e-5
-1.092, 1.249e-5
-1.093, 1.249e-5
-1.094, 1.249e-5
-1.095, 1.249e-5
-1.096, 1.249e-5
-1.097, 1.249e-5
-1.098, 1.249e-5
-1.099, 1.249e-5
-1.100, 1.249e-5
-1.101, 1.249e-5
-1.102, 1.249e-5
-1.103, 1.249e-5
-1.104, 1.249e-5
-1.105, 1.249e-5
-1.106, 1.249e-5
-1.107, 1.249e-5
-1.108, 1.249e-5
-1.109, 1.249e-5
-1.110, 1.249e-5
-1.111, 1.249e-5
-1.112, 1.249e-5
-1.113, 1.249e-5
-1.114, 1.249e-5
-1.115, 1.249e-5
-1.116, 1.249e-5
-1.117, 1.249e-5
-1.118, 1.249e-5
-1.119, 1.249e-5
-1.120, 1.249e-5
-1.121, 1.249e-5
-1.122, 1.249e-5
-1.123, 1.249e-5
-1.124, 1.249e-5
-1.125, 1.249e-5
-1.126, 1.249e-5
-1.127, 1.557e-5
-1.128, 1.249e-5
-1.129, 1.249e-5
-1.130, 1.557e-5
-1.131, 1.557e-5
-1.132, 1.557e-5
-1.133, 1.557e-5
-1.134, 1.249e-5
-1.135, 1.557e-5
-1.136, 1.557e-5
-1.137, 1.557e-5
-1.138, 1.249e-5
-1.139, 1.249e-5
-1.140, 1.557e-5
-1.141, 1.557e-5
-1.142, 1.249e-5
-1.143, 1.557e-5
-1.144, 1.557e-5
-1.145, 1.557e-5
-1.146, 1.557e-5
-1.147, 1.557e-5
-1.148, 1.557e-5
-1.149, 1.557e-5
-1.150, 1.557e-5
-1.151, 1.557e-5
-1.152, 1.557e-5
-1.153, 1.557e-5
-1.154, 1.557e-5
-1.155, 1.557e-5
-1.156, 1.557e-5
-1.157, 1.557e-5
-1.158, 1.557e-5
-1.159, 1.557e-5
-1.160, 1.557e-5
-1.161, 1.557e-5
-1.162, 1.557e-5
-1.163, 1.557e-5
-1.164, 1.557e-5
-1.165, 1.557e-5
-1.166, 1.557e-5
-1.167, 1.557e-5
-1.168, 1.557e-5
-1.169, 1.557e-5
-1.170, 1.557e-5
-1.171, 1.557e-5
-1.172, 1.557e-5
-1.173, 1.557e-5
-1.174, 1.557e-5
-1.175, 1.557e-5
-1.176, 1.557e-5
-1.177, 1.557e-5
-1.178, 1.557e-5
-1.179, 1.557e-5
-1.180, 1.557e-5
-1.181, 1.557e-5
-1.182, 1.557e-5
-1.183, 1.557e-5
-1.184, 1.557e-5
-1.185, 1.557e-5
-1.186, 1.557e-5
-1.187, 1.557e-5
-1.188, 1.557e-5
-1.189, 1.557e-5
-1.190, 1.557e-5
-1.191, 1.557e-5
-1.192, 1.557e-5
-1.193, 1.557e-5
-1.194, 1.557e-5
-1.195, 1.557e-5
-1.196, 1.557e-5
-1.197, 1.557e-5
-1.198, 1.557e-5
-1.199, 1.865e-5
-1.200, 1.557e-5
-1.201, 1.557e-5
-1.202, 1.557e-5
-1.203, 1.557e-5
-1.204, 1.557e-5
-1.205, 1.865e-5
-1.206, 1.557e-5
-1.207, 1.557e-5
-1.208, 1.557e-5
-1.209, 1.865e-5
-1.210, 1.865e-5
-1.211, 1.557e-5
-1.212, 1.557e-5
-1.213, 1.865e-5
-1.214, 1.557e-5
-1.215, 1.557e-5
-1.216, 1.557e-5
-1.217, 1.557e-5
-1.218, 1.557e-5
-1.219, 1.557e-5
-1.220, 1.557e-5
-1.221, 1.865e-5
-1.222, 1.557e-5
-1.223, 1.865e-5
-1.224, 1.557e-5
-1.225, 1.557e-5
-1.226, 1.557e-5
-1.227, 1.557e-5
-1.228, 1.865e-5
-1.229, 1.557e-5
-1.230, 1.865e-5
-1.231, 1.865e-5
-1.232, 1.557e-5
-1.233, 1.865e-5
-1.234, 1.557e-5
-1.235, 1.557e-5
-1.236, 1.557e-5
-1.237, 1.557e-5
-1.238, 1.865e-5
-1.239, 1.557e-5
-1.240, 1.865e-5
-1.241, 1.865e-5
-1.242, 1.865e-5
-1.243, 1.865e-5
-1.244, 1.865e-5
-1.245, 1.557e-5
-1.246, 1.557e-5
-1.247, 1.557e-5
-1.248, 1.865e-5
-1.249, 1.557e-5
-1.250, 1.865e-5
-1.251, 1.557e-5
-1.252, 1.557e-5
-1.253, 1.557e-5
-1.254, 1.865e-5
-1.255, 1.865e-5
-1.256, 1.865e-5
-1.257, 1.865e-5
-1.258, 1.865e-5
-1.259, 1.557e-5
-1.260, 1.865e-5
-1.261, 1.865e-5
-1.262, 1.865e-5
-1.263, 1.557e-5
-1.264, 1.557e-5
-1.265, 1.865e-5
-1.266, 1.865e-5
-1.267, 1.557e-5
-1.268, 1.557e-5
-1.269, 1.557e-5
-1.270, 1.865e-5
-1.271, 1.865e-5
-1.272, 1.557e-5
-1.273, 1.557e-5
-1.274, 1.865e-5
-1.275, 1.865e-5
-1.276, 1.865e-5
-1.277, 1.865e-5
-1.278, 1.865e-5
-1.279, 1.865e-5
-1.280, 1.865e-5
-1.281, 1.865e-5
-1.282, 1.865e-5
-1.283, 1.865e-5
-1.284, 1.865e-5
-1.285, 1.865e-5
-1.286, 1.865e-5
-1.287, 1.865e-5
-1.288, 1.865e-5
-1.289, 1.865e-5
-1.290, 1.865e-5
-1.291, 1.865e-5
-1.292, 1.865e-5
-1.293, 1.865e-5
-1.294, 1.865e-5
-1.295, 1.865e-5
-1.296, 1.865e-5
-1.297, 1.865e-5
-1.298, 1.865e-5
-1.299, 1.865e-5
-1.300, 1.865e-5
-1.301, 1.865e-5
-1.302, 1.865e-5
-1.303, 1.865e-5
-1.304, 1.865e-5
-1.305, 1.865e-5
-1.306, 1.865e-5
-1.307, 1.865e-5
-1.308, 2.174e-5
-1.309, 2.174e-5
-1.310, 1.865e-5
-1.311, 2.174e-5
-1.312, 1.865e-5
-1.313, 1.865e-5
-1.314, 1.865e-5
-1.315, 2.174e-5
-1.316, 1.865e-5
-1.317, 1.865e-5
-1.318, 1.865e-5
-1.319, 2.174e-5
-1.320, 2.174e-5
-1.321, 2.174e-5
-1.322, 2.174e-5
-1.323, 2.174e-5
-1.324, 2.174e-5
-1.325, 2.174e-5
-1.326, 2.174e-5
-1.327, 2.174e-5
-1.328, 2.174e-5
-1.329, 2.174e-5
-1.330, 2.174e-5
-1.331, 2.174e-5
-1.332, 2.174e-5
-1.333, 2.174e-5
-1.334, 2.174e-5
-1.335, 2.174e-5
-1.336, 2.174e-5
-1.337, 2.174e-5
-1.338, 2.482e-5
-1.339, 2.482e-5
-1.340, 2.482e-5
-1.341, 2.482e-5
-1.342, 2.482e-5
-1.343, 2.482e-5
-1.344, 2.482e-5
-1.345, 2.482e-5
-1.346, 2.482e-5
-1.347, 2.482e-5
-1.348, 2.482e-5
-1.349, 2.482e-5
-1.350, 2.790e-5
-1.351, 2.482e-5
-1.352, 2.790e-5
-1.353, 2.790e-5
-1.354, 2.790e-5
-1.355, 2.790e-5
-1.356, 2.790e-5
-1.357, 2.790e-5
-1.358, 2.790e-5
-1.359, 2.790e-5
-1.360, 3.099e-5
-1.361, 3.099e-5
-1.362, 3.099e-5
-1.363, 3.099e-5
-1.364, 3.099e-5
-1.365, 3.099e-5
-1.366, 3.099e-5
-1.367, 3.099e-5
-1.368, 3.407e-5
-1.369, 3.407e-5
-1.370, 3.407e-5
-1.371, 3.407e-5
-1.372, 3.407e-5
-1.373, 3.407e-5
-1.374, 3.715e-5
-1.375, 3.715e-5
-1.376, 3.715e-5
-1.377, 3.715e-5
-1.378, 4.024e-5
-1.379, 3.715e-5
-1.380, 4.024e-5
-1.381, 4.024e-5
-1.382, 4.024e-5
-1.383, 4.332e-5
-1.384, 4.332e-5
-1.385, 4.332e-5
-1.386, 4.332e-5
-1.387, 4.332e-5
-1.388, 4.640e-5
-1.389, 4.640e-5
-1.390, 4.949e-5
-1.391, 4.949e-5
-1.392, 4.949e-5
-1.393, 4.949e-5
-1.394, 4.949e-5
-1.395, 5.257e-5
-1.396, 5.257e-5
-1.397, 5.565e-5
-1.398, 5.565e-5
-1.399, 5.565e-5
-1.400, 5.873e-5
-1.401, 5.873e-5
-1.402, 5.873e-5
-1.403, 6.182e-5
-1.404, 6.182e-5
-1.405, 6.490e-5
-1.406, 6.490e-5
-1.407, 6.490e-5
-1.408, 6.798e-5
-1.409, 6.798e-5
-1.410, 7.107e-5
-1.411, 7.107e-5
-1.412, 7.415e-5
-1.413, 7.415e-5
-1.414, 7.723e-5
-1.415, 7.723e-5
-1.416, 8.032e-5
-1.417, 8.340e-5
-1.418, 8.340e-5
-1.419, 8.648e-5
-1.420, 8.648e-5
-1.421, 8.957e-5
-1.422, 9.265e-5
-1.423, 9.265e-5
-1.424, 9.573e-5
-1.425, 9.882e-5
-1.426, 9.882e-5
-1.427, 1.019e-4
-1.428, 1.050e-4
-1.429, 1.081e-4
-1.430, 1.111e-4
-1.431, 1.142e-4
-1.432, 1.142e-4
-1.433, 1.204e-4
-1.434, 1.204e-4
-1.435, 1.266e-4
-1.436, 1.266e-4
-1.437, 1.296e-4
-1.438, 1.327e-4
-1.439, 1.358e-4
-1.440, 1.389e-4
-1.441, 1.420e-4
-1.442, 1.451e-4
-1.443, 1.512e-4
-1.444, 1.543e-4
-1.445, 1.574e-4
-1.446, 1.605e-4
-1.447, 1.666e-4
-1.448, 1.697e-4
-1.449, 1.728e-4
-1.450, 1.790e-4
-1.451, 1.821e-4
-1.452, 1.851e-4
-1.453, 1.913e-4
-1.454, 1.944e-4
-1.455, 2.006e-4
-1.456, 2.067e-4
-1.457, 2.098e-4
-1.458, 2.160e-4
-1.459, 2.221e-4
-1.460, 2.252e-4
-1.461, 2.314e-4
-1.462, 2.376e-4
-1.463, 2.437e-4
-1.464, 2.499e-4
-1.465, 2.561e-4
-1.466, 2.622e-4
-1.467, 2.684e-4
-1.468, 2.776e-4
-1.469, 2.807e-4
-1.470, 2.900e-4
-1.471, 2.961e-4
-1.472, 3.054e-4
-1.473, 3.115e-4
-1.474, 3.177e-4
-1.475, 3.270e-4
-1.476, 3.362e-4
-1.477, 3.455e-4
-1.478, 3.516e-4
-1.479, 3.609e-4
-1.480, 3.701e-4
-1.481, 3.794e-4
-1.482, 3.886e-4
-1.483, 3.979e-4
-1.484, 4.071e-4
-1.485, 4.164e-4
-1.486, 4.256e-4
-1.487, 4.349e-4
-1.488, 4.472e-4
-1.489, 4.565e-4
-1.490, 4.688e-4
-1.491, 4.811e-4
-1.492, 4.935e-4
-1.493, 5.027e-4
-1.494, 5.150e-4
-1.495, 5.274e-4
-1.496, 5.397e-4
-1.497, 5.520e-4
-1.498, 5.644e-4
-1.499, 5.767e-4
-1.500, 5.921e-4
-1.501, 6.075e-4
-1.502, 6.199e-4
-1.503, 6.353e-4
-1.504, 6.476e-4
-1.505, 6.630e-4
-1.506, 6.784e-4
-1.507, 6.939e-4
-1.508, 7.093e-4
-1.509, 7.247e-4
-1.510, 7.432e-4
-1.511, 7.586e-4
-1.512, 7.771e-4
-1.513, 7.956e-4
-1.514, 8.110e-4
-1.515, 8.295e-4
-1.516, 8.480e-4
-1.517, 8.665e-4
-1.518, 8.850e-4
-1.519, 9.004e-4
-1.520, 9.189e-4
-1.521, 9.405e-4
-1.522, 9.621e-4
-1.523, 9.837e-4
-1.524, 1.005e-3
-1.525, 1.027e-3
-1.526, 1.048e-3
-1.527, 1.073e-3
-1.528, 1.095e-3
-1.529, 1.116e-3
-1.530, 1.138e-3
-1.531, 1.162e-3
-1.532, 1.184e-3
-1.533, 1.209e-3
-1.534, 1.230e-3
-1.535, 1.255e-3
-1.536, 1.283e-3
-1.537, 1.307e-3
-1.538, 1.335e-3
-1.539, 1.363e-3
-1.540, 1.391e-3
-1.541, 1.418e-3
-1.542, 1.446e-3
-1.543, 1.474e-3
-1.544, 1.502e-3
-1.545, 1.532e-3
-1.546, 1.560e-3
-1.547, 1.591e-3
-1.548, 1.619e-3
-1.549, 1.650e-3
-1.550, 1.680e-3
-1.551, 1.711e-3
-1.552, 1.739e-3
-1.553, 1.767e-3
-1.554, 1.798e-3
-1.555, 1.835e-3
-1.556, 1.875e-3
-1.557, 1.912e-3
-1.558, 1.949e-3
-1.559, 1.983e-3
-1.560, 2.017e-3
-1.561, 2.054e-3
-1.562, 2.087e-3
-1.563, 2.121e-3
-1.564, 2.152e-3
-1.565, 2.189e-3
-1.566, 2.232e-3
-1.567, 2.275e-3
-1.568, 2.322e-3
-1.569, 2.368e-3
-1.570, 2.417e-3
-1.571, 2.467e-3
-1.572, 2.516e-3
-1.573, 2.556e-3
-1.574, 2.590e-3
-1.575, 2.627e-3
-1.576, 2.661e-3
-1.577, 2.698e-3
-1.578, 2.741e-3
-1.579, 2.787e-3
-1.580, 2.837e-3
-1.581, 2.889e-3
-1.582, 2.938e-3
-1.583, 2.985e-3
-1.584, 3.028e-3
-1.585, 3.074e-3
-1.586, 3.120e-3
-1.587, 3.163e-3
-1.588, 3.200e-3
-1.589, 3.241e-3
-1.590, 3.284e-3
-1.591, 3.333e-3
-1.592, 3.382e-3
-1.593, 3.429e-3
-1.594, 3.475e-3
-1.595, 3.524e-3
-1.596, 3.577e-3
-1.597, 3.632e-3
-1.598, 3.691e-3
-1.599, 3.746e-3
-1.600, 3.799e-3
-1.601, 3.854e-3
-1.602, 3.903e-3
-1.603, 3.950e-3
-1.604, 3.993e-3
-1.605, 4.039e-3
-1.606, 4.091e-3
-1.607, 4.150e-3
-1.608, 4.202e-3
-1.609, 4.261e-3
-1.610, 4.329e-3
-1.611, 4.403e-3
-1.612, 4.483e-3
-1.613, 4.557e-3
-1.614, 4.631e-3
-1.615, 4.702e-3
-1.616, 4.767e-3
-1.617, 4.822e-3
-1.618, 4.881e-3
-1.619, 4.933e-3
-1.620, 4.986e-3
-1.621, 5.047e-3
-1.622, 5.121e-3
-1.623, 5.186e-3
-1.624, 5.251e-3
-1.625, 5.328e-3
-1.626, 5.414e-3
-1.627, 5.485e-3
-1.628, 5.547e-3
-1.629, 5.605e-3
-1.630, 5.661e-3
-1.631, 5.719e-3
-1.632, 5.790e-3
-1.633, 5.867e-3
-1.634, 5.944e-3
-1.635, 6.021e-3
-1.636, 6.102e-3
-1.637, 6.185e-3
-1.638, 6.262e-3
-1.639, 6.327e-3
-1.640, 6.391e-3
-1.641, 6.459e-3
-1.642, 6.524e-3
-1.643, 6.583e-3
-1.644, 6.644e-3
-1.645, 6.721e-3
-1.646, 6.792e-3
-1.647, 6.854e-3
-1.648, 6.916e-3
-1.649, 6.986e-3
-1.650, 7.067e-3
-1.651, 7.144e-3
-1.652, 7.230e-3
-1.653, 7.323e-3
-1.654, 7.415e-3
-1.655, 7.504e-3
-1.656, 7.588e-3
-1.657, 7.671e-3
-1.658, 7.745e-3
-1.659, 7.810e-3
-1.660, 7.874e-3
-1.661, 7.933e-3
-1.662, 7.992e-3
-1.663, 8.059e-3
-1.664, 8.136e-3
-1.665, 8.223e-3
-1.666, 8.328e-3
-1.667, 8.442e-3
-1.668, 8.559e-3
-1.669, 8.658e-3
-1.670, 8.747e-3
-1.671, 8.824e-3
-1.672, 8.886e-3
-1.673, 8.944e-3
-1.674, 9.000e-3
-1.675, 9.058e-3
-1.676, 9.120e-3
-1.677, 9.191e-3
-1.678, 9.293e-3
-1.679, 9.407e-3
-1.680, 9.521e-3
-1.681, 9.638e-3
-1.682, 9.746e-3
-1.683, 9.845e-3
-1.684, 9.946e-3
-1.685, 1.004e-2
-1.686, 1.015e-2
-1.687, 1.025e-2
-1.688, 1.034e-2
-1.689, 1.044e-2
-1.690, 1.054e-2
-1.691, 1.064e-2
-1.692, 1.074e-2
-1.693, 1.082e-2
-1.694, 1.089e-2
-1.695, 1.092e-2
-1.696, 1.094e-2
-1.697, 1.097e-2
-1.698, 1.103e-2
-1.699, 1.112e-2
-1.700, 1.118e-2
-1.699, 1.113e-2
-1.698, 1.108e-2
-1.697, 1.102e-2
-1.696, 1.092e-2
-1.695, 1.081e-2
-1.694, 1.068e-2
-1.693, 1.054e-2
-1.692, 1.039e-2
-1.691, 1.026e-2
-1.690, 1.017e-2
-1.689, 1.009e-2
-1.688, 1.001e-2
-1.687, 9.925e-3
-1.686, 9.863e-3
-1.685, 9.808e-3
-1.684, 9.752e-3
-1.683, 9.684e-3
-1.682, 9.598e-3
-1.681, 9.496e-3
-1.680, 9.379e-3
-1.679, 9.265e-3
-1.678, 9.172e-3
-1.677, 9.108e-3
-1.676, 9.055e-3
-1.675, 9.006e-3
-1.674, 8.950e-3
-1.673, 8.880e-3
-1.672, 8.781e-3
-1.671, 8.685e-3
-1.670, 8.605e-3
-1.669, 8.534e-3
-1.668, 8.460e-3
-1.667, 8.380e-3
-1.666, 8.297e-3
-1.665, 8.207e-3
-1.664, 8.127e-3
-1.663, 8.062e-3
-1.662, 8.001e-3
-1.661, 7.927e-3
-1.660, 7.847e-3
-1.659, 7.773e-3
-1.658, 7.696e-3
-1.657, 7.615e-3
-1.656, 7.532e-3
-1.655, 7.458e-3
-1.654, 7.381e-3
-1.653, 7.292e-3
-1.652, 7.193e-3
-1.651, 7.107e-3
-1.650, 7.033e-3
-1.649, 6.965e-3
-1.648, 6.903e-3
-1.647, 6.848e-3
-1.646, 6.789e-3
-1.645, 6.724e-3
-1.644, 6.644e-3
-1.643, 6.555e-3
-1.642, 6.459e-3
-1.641, 6.358e-3
-1.640, 6.262e-3
-1.639, 6.173e-3
-1.638, 6.095e-3
-1.637, 6.034e-3
-1.636, 5.972e-3
-1.635, 5.910e-3
-1.634, 5.852e-3
-1.633, 5.793e-3
-1.632, 5.722e-3
-1.631, 5.642e-3
-1.630, 5.568e-3
-1.629, 5.504e-3
-1.628, 5.436e-3
-1.627, 5.365e-3
-1.626, 5.297e-3
-1.625, 5.238e-3
-1.624, 5.180e-3
-1.623, 5.121e-3
-1.622, 5.066e-3
-1.621, 5.010e-3
-1.620, 4.952e-3
-1.619, 4.887e-3
-1.618, 4.816e-3
-1.617, 4.742e-3
-1.616, 4.671e-3
-1.615, 4.606e-3
-1.614, 4.551e-3
-1.613, 4.498e-3
-1.612, 4.446e-3
-1.611, 4.387e-3
-1.610, 4.326e-3
-1.609, 4.261e-3
-1.608, 4.187e-3
-1.607, 4.113e-3
-1.606, 4.045e-3
-1.605, 3.987e-3
-1.604, 3.928e-3
-1.603, 3.876e-3
-1.602, 3.823e-3
-1.601, 3.771e-3
-1.600, 3.718e-3
-1.599, 3.666e-3
-1.598, 3.614e-3
-1.597, 3.558e-3
-1.596, 3.506e-3
-1.595, 3.453e-3
-1.594, 3.401e-3
-1.593, 3.348e-3
-1.592, 3.293e-3
-1.591, 3.241e-3
-1.590, 3.191e-3
-1.589, 3.148e-3
-1.588, 3.108e-3
-1.587, 3.065e-3
-1.586, 3.019e-3
-1.585, 2.972e-3
-1.584, 2.929e-3
-1.583, 2.883e-3
-1.582, 2.834e-3
-1.581, 2.790e-3
-1.580, 2.750e-3
-1.579, 2.710e-3
-1.578, 2.667e-3
-1.577, 2.630e-3
-1.576, 2.590e-3
-1.575, 2.550e-3
-1.574, 2.507e-3
-1.573, 2.464e-3
-1.572, 2.420e-3
-1.571, 2.374e-3
-1.570, 2.337e-3
-1.569, 2.297e-3
-1.568, 2.254e-3
-1.567, 2.214e-3
-1.566, 2.186e-3
-1.565, 2.155e-3
-1.564, 2.118e-3
-1.563, 2.072e-3
-1.562, 2.029e-3
-1.561, 1.992e-3
-1.560, 1.961e-3
-1.559, 1.933e-3
-1.558, 1.899e-3
-1.557, 1.865e-3
-1.556, 1.828e-3
-1.555, 1.791e-3
-1.554, 1.761e-3
-1.553, 1.727e-3
-1.552, 1.696e-3
-1.551, 1.662e-3
-1.550, 1.628e-3
-1.549, 1.597e-3
-1.548, 1.566e-3
-1.547, 1.539e-3
-1.546, 1.508e-3
-1.545, 1.477e-3
-1.544, 1.449e-3
-1.543, 1.418e-3
-1.542, 1.391e-3
-1.541, 1.363e-3
-1.540, 1.338e-3
-1.539, 1.317e-3
-1.538, 1.292e-3
-1.537, 1.267e-3
-1.536, 1.243e-3
-1.535, 1.221e-3
-1.534, 1.199e-3
-1.533, 1.175e-3
-1.532, 1.153e-3
-1.531, 1.129e-3
-1.530, 1.107e-3
-1.529, 1.085e-3
-1.528, 1.064e-3
-1.527, 1.039e-3
-1.526, 1.021e-3
-1.525, 9.991e-4
-1.524, 9.806e-4
-1.523, 9.621e-4
-1.522, 9.436e-4
-1.521, 9.220e-4
-1.520, 9.035e-4
-1.519, 8.850e-4
-1.518, 8.665e-4
-1.517, 8.480e-4
-1.516, 8.264e-4
-1.515, 8.079e-4
-1.514, 7.925e-4
-1.513, 7.740e-4
-1.512, 7.586e-4
-1.511, 7.401e-4
-1.510, 7.278e-4
-1.509, 7.124e-4
-1.508, 6.969e-4
-1.507, 6.815e-4
-1.506, 6.661e-4
-1.505, 6.538e-4
-1.504, 6.414e-4
-1.503, 6.260e-4
-1.502, 6.106e-4
-1.501, 5.983e-4
-1.500, 5.859e-4
-1.499, 5.736e-4
-1.498, 5.613e-4
-1.497, 5.459e-4
-1.496, 5.366e-4
-1.495, 5.243e-4
-1.494, 5.150e-4
-1.493, 5.027e-4
-1.492, 4.935e-4
-1.491, 4.811e-4
-1.490, 4.719e-4
-1.489, 4.595e-4
-1.488, 4.503e-4
-1.487, 4.410e-4
-1.486, 4.318e-4
-1.485, 4.195e-4
-1.484, 4.102e-4
-1.483, 4.040e-4
-1.482, 3.948e-4
-1.481, 3.855e-4
-1.480, 3.763e-4
-1.479, 3.670e-4
-1.478, 3.609e-4
-1.477, 3.516e-4
-1.476, 3.455e-4
-1.475, 3.362e-4
-1.474, 3.300e-4
-1.473, 3.208e-4
-1.472, 3.146e-4
-1.471, 3.085e-4
-1.470, 2.992e-4
-1.469, 2.931e-4
-1.468, 2.869e-4
-1.467, 2.807e-4
-1.466, 2.746e-4
-1.465, 2.684e-4
-1.464, 2.622e-4
-1.463, 2.561e-4
-1.462, 2.499e-4
-1.461, 2.468e-4
-1.460, 2.406e-4
-1.459, 2.345e-4
-1.458, 2.283e-4
-1.457, 2.252e-4
-1.456, 2.191e-4
-1.455, 2.129e-4
-1.454, 2.098e-4
-1.453, 2.067e-4
-1.452, 2.006e-4
-1.451, 1.975e-4
-1.450, 1.913e-4
-1.449, 1.882e-4
-1.448, 1.821e-4
-1.447, 1.790e-4
-1.446, 1.759e-4
-1.445, 1.728e-4
-1.444, 1.666e-4
-1.443, 1.636e-4
-1.442, 1.605e-4
-1.441, 1.574e-4
-1.440, 1.543e-4
-1.439, 1.481e-4
-1.438, 1.451e-4
-1.437, 1.420e-4
-1.436, 1.389e-4
-1.435, 1.358e-4
-1.434, 1.327e-4
-1.433, 1.296e-4
-1.432, 1.266e-4
-1.431, 1.235e-4
-1.430, 1.235e-4
-1.429, 1.204e-4
-1.428, 1.173e-4
-1.427, 1.142e-4
-1.426, 1.111e-4
-1.425, 1.111e-4
-1.424, 1.081e-4
-1.423, 1.050e-4
-1.422, 1.019e-4
-1.421, 9.882e-5
-1.420, 9.882e-5
-1.419, 9.573e-5
-1.418, 9.265e-5
-1.417, 9.265e-5
-1.416, 8.957e-5
-1.415, 8.648e-5
-1.414, 8.340e-5
-1.413, 8.340e-5
-1.412, 8.032e-5
-1.411, 8.032e-5
-1.410, 7.723e-5
-1.409, 7.415e-5
-1.408, 7.415e-5
-1.407, 7.415e-5
-1.406, 7.107e-5
-1.405, 6.798e-5
-1.404, 6.798e-5
-1.403, 6.798e-5
-1.402, 6.490e-5
-1.401, 6.490e-5
-1.400, 6.182e-5
-1.399, 6.182e-5
-1.398, 5.873e-5
-1.397, 5.873e-5
-1.396, 5.873e-5
-1.395, 5.565e-5
-1.394, 5.257e-5
-1.393, 5.257e-5
-1.392, 5.257e-5
-1.391, 4.949e-5
-1.390, 4.949e-5
-1.389, 4.949e-5
-1.388, 4.640e-5
-1.387, 4.640e-5
-1.386, 4.640e-5
-1.385, 4.640e-5
-1.384, 4.332e-5
-1.383, 4.332e-5
-1.382, 4.024e-5
-1.381, 4.024e-5
-1.380, 4.024e-5
-1.379, 3.715e-5
-1.378, 3.715e-5
-1.377, 3.715e-5
-1.376, 3.715e-5
-1.375, 3.407e-5
-1.374, 3.407e-5
-1.373, 3.407e-5
-1.372, 3.099e-5
-1.371, 3.099e-5
-1.370, 3.099e-5
-1.369, 3.099e-5
-1.368, 2.790e-5
-1.367, 2.790e-5
-1.366, 2.790e-5
-1.365, 2.790e-5
-1.364, 2.790e-5
-1.363, 2.482e-5
-1.362, 2.482e-5
-1.361, 2.482e-5
-1.360, 2.482e-5
-1.359, 2.174e-5
-1.358, 2.174e-5
-1.357, 2.174e-5
-1.356, 2.174e-5
-1.355, 1.865e-5
-1.354, 1.865e-5
-1.353, 1.865e-5
-1.352, 1.865e-5
-1.351, 1.865e-5
-1.350, 1.865e-5
-1.349, 1.865e-5
-1.348, 1.865e-5
-1.347, 1.865e-5
-1.346, 1.557e-5
-1.345, 1.557e-5
-1.344, 1.557e-5
-1.343, 1.557e-5
-1.342, 1.557e-5
-1.341, 1.557e-5
-1.340, 1.557e-5
-1.339, 1.249e-5
-1.338, 1.249e-5
-1.337, 1.249e-5
-1.336, 1.249e-5
-1.335, 1.249e-5
-1.334, 1.249e-5
-1.333, 1.249e-5
-1.332, 1.249e-5
-1.331, 9.405e-6
-1.330, 9.405e-6
-1.329, 9.405e-6
-1.328, 9.405e-6
-1.327, 9.405e-6
-1.326, 9.405e-6
-1.325, 9.405e-6
-1.324, 9.405e-6
-1.323, 9.405e-6
-1.322, 9.405e-6
-1.321, 9.405e-6
-1.320, 6.322e-6
-1.319, 9.405e-6
-1.318, 6.322e-6
-1.317, 6.322e-6
-1.316, 6.322e-6
-1.315, 6.322e-6
-1.314, 6.322e-6
-1.313, 6.322e-6
-1.312, 6.322e-6
-1.311, 6.322e-6
-1.310, 6.322e-6
-1.309, 6.322e-6
-1.308, 6.322e-6
-1.307, 3.239e-6
-1.306, 6.322e-6
-1.305, 3.239e-6
-1.304, 3.239e-6
-1.303, 3.239e-6
-1.302, 3.239e-6
-1.301, 3.239e-6
-1.300, 3.239e-6
-1.299, 3.239e-6
-1.298, 3.239e-6
-1.297, 3.239e-6
-1.296, 3.239e-6
-1.295, 3.239e-6
-1.294, 1.559e-7
-1.293, 3.239e-6
-1.292, 3.239e-6
-1.291, 3.239e-6
-1.290, 3.239e-6
-1.289, 1.559e-7
-1.288, 1.559e-7
-1.287, 3.239e-6
-1.286, 1.559e-7
-1.285, 3.239e-6
-1.284, 1.559e-7
-1.283, 1.559e-7
-1.282, 1.559e-7
-1.281, 1.559e-7
-1.280, 1.559e-7
-1.279, 1.559e-7
-1.278, 1.559e-7
-1.277, 1.559e-7
-1.276, 1.559e-7
-1.275, 1.559e-7
-1.274, 1.559e-7
-1.273, 1.559e-7
-1.272, 1.559e-7
-1.271, 1.559e-7
-1.270, 1.559e-7
-1.269, 1.559e-7
-1.268, 1.559e-7
-1.267, 1.559e-7
-1.266, 1.559e-7
-1.265, 1.559e-7
-1.264, 1.559e-7
-1.263, 1.559e-7
-1.262, -2.927e-6
-1.261, 1.559e-7
-1.260, 1.559e-7
-1.259, -2.927e-6
-1.258, 1.559e-7
-1.257, -2.927e-6
-1.256, -2.927e-6
-1.255, -2.927e-6
-1.254, -2.927e-6
-1.253, -2.927e-6
-1.252, -2.927e-6
-1.251, -2.927e-6
-1.250, -2.927e-6
-1.249, -2.927e-6
-1.248, -2.927e-6
-1.247, -2.927e-6
-1.246, -2.927e-6
-1.245, -2.927e-6
-1.244, -2.927e-6
-1.243, -2.927e-6
-1.242, -2.927e-6
-1.241, -2.927e-6
-1.240, -2.927e-6
-1.239, -2.927e-6
-1.238, -2.927e-6
-1.237, -2.927e-6
-1.236, -2.927e-6
-1.235, -2.927e-6
-1.234, -2.927e-6
-1.233, -2.927e-6
-1.232, -2.927e-6
-1.231, -2.927e-6
-1.230, -2.927e-6
-1.229, -6.010e-6
-1.228, -6.010e-6
-1.227, -2.927e-6
-1.226, -6.010e-6
-1.225, -2.927e-6
-1.224, -6.010e-6
-1.223, -6.010e-6
-1.222, -2.927e-6
-1.221, -2.927e-6
-1.220, -2.927e-6
-1.219, -6.010e-6
-1.218, -6.010e-6
-1.217, -6.010e-6
-1.216, -6.010e-6
-1.215, -6.010e-6
-1.214, -2.927e-6
-1.213, -6.010e-6
-1.212, -6.010e-6
-1.211, -6.010e-6
-1.210, -6.010e-6
-1.209, -6.010e-6
-1.208, -6.010e-6
-1.207, -6.010e-6
-1.206, -6.010e-6
-1.205, -6.010e-6
-1.204, -6.010e-6
-1.203, -6.010e-6
-1.202, -6.010e-6
-1.201, -6.010e-6
-1.200, -6.010e-6
-1.199, -6.010e-6
-1.198, -6.010e-6
-1.197, -6.010e-6
-1.196, -6.010e-6
-1.195, -6.010e-6
-1.194, -6.010e-6
-1.193, -6.010e-6
-1.192, -6.010e-6
-1.191, -6.010e-6
-1.190, -6.010e-6
-1.189, -6.010e-6
-1.188, -6.010e-6
-1.187, -6.010e-6
-1.186, -6.010e-6
-1.185, -6.010e-6
-1.184, -6.010e-6
-1.183, -9.093e-6
-1.182, -9.093e-6
-1.181, -9.093e-6
-1.180, -6.010e-6
-1.179, -6.010e-6
-1.178, -6.010e-6
-1.177, -6.010e-6
-1.176, -9.093e-6
-1.175, -9.093e-6
-1.174, -9.093e-6
-1.173, -9.093e-6
-1.172, -9.093e-6
-1.171, -9.093e-6
-1.170, -9.093e-6
-1.169, -9.093e-6
-1.168, -9.093e-6
-1.167, -9.093e-6
-1.166, -9.093e-6
-1.165, -9.093e-6
-1.164, -9.093e-6
-1.163, -9.093e-6
-1.162, -9.093e-6
-1.161, -9.093e-6
-1.160, -9.093e-6
-1.159, -9.093e-6
-1.158, -9.093e-6
-1.157, -9.093e-6
-1.156, -9.093e-6
-1.155, -9.093e-6
-1.154, -9.093e-6
-1.153, -9.093e-6
-1.152, -9.093e-6
-1.151, -9.093e-6
-1.150, -9.093e-6
-1.149, -9.093e-6
-1.148, -9.093e-6
-1.147, -9.093e-6
-1.146, -1.218e-5
-1.145, -1.218e-5
-1.144, -1.218e-5
-1.143, -9.093e-6
-1.142, -1.218e-5
-1.141, -1.218e-5
-1.140, -9.093e-6
-1.139, -1.218e-5
-1.138, -1.218e-5
-1.137, -1.218e-5
-1.136, -1.218e-5
-1.135, -9.093e-6
-1.134, -1.218e-5
-1.133, -1.218e-5
-1.132, -1.218e-5
-1.131, -1.218e-5
-1.130, -9.093e-6
-1.129, -1.218e-5
-1.128, -1.218e-5
-1.127, -1.218e-5
-1.126, -1.218e-5
-1.125, -1.218e-5
-1.124, -1.218e-5
-1.123, -1.218e-5
-1.122, -1.218e-5
-1.121, -1.218e-5
-1.120, -1.218e-5
-1.119, -1.218e-5
-1.118, -1.218e-5
-1.117, -1.218e-5
-1.116, -1.218e-5
-1.115, -1.526e-5
-1.114, -1.218e-5
-1.113, -1.526e-5
-1.112, -1.526e-5
-1.111, -1.218e-5
-1.110, -1.526e-5
-1.109, -1.526e-5
-1.108, -1.526e-5
-1.107, -1.526e-5
-1.106, -1.526e-5
-1.105, -1.526e-5
-1.104, -1.526e-5
-1.103, -1.526e-5
-1.102, -1.526e-5
-1.101, -1.526e-5
-1.100, -1.526e-5
-1.099, -1.526e-5
-1.098, -1.526e-5
-1.097, -1.526e-5
-1.096, -1.526e-5
-1.095, -1.526e-5
-1.094, -1.526e-5
-1.093, -1.526e-5
-1.092, -1.526e-5
-1.091, -1.834e-5
-1.090, -1.526e-5
-1.089, -1.834e-5
-1.088, -1.526e-5
-1.087, -1.834e-5
-1.086, -1.834e-5
-1.085, -1.834e-5
-1.084, -1.834e-5
-1.083, -1.834e-5
-1.082, -1.834e-5
-1.081, -1.834e-5
-1.080, -1.834e-5
-1.079, -1.834e-5
-1.078, -1.834e-5
-1.077, -1.834e-5
-1.076, -1.834e-5
-1.075, -1.834e-5
-1.074, -1.834e-5
-1.073, -2.143e-5
-1.072, -1.834e-5
-1.071, -2.143e-5
-1.070, -2.143e-5
-1.069, -1.834e-5
-1.068, -1.834e-5
-1.067, -2.143e-5
-1.066, -2.143e-5
-1.065, -2.143e-5
-1.064, -2.143e-5
-1.063, -2.143e-5
-1.062, -2.143e-5
-1.061, -2.143e-5
-1.060, -2.143e-5
-1.059, -2.143e-5
-1.058, -2.143e-5
-1.057, -2.143e-5
-1.056, -2.143e-5
-1.055, -2.143e-5
-1.054, -2.143e-5
-1.053, -2.143e-5
-1.052, -2.143e-5
-1.051, -2.143e-5
-1.050, -2.143e-5
-1.049, -2.143e-5
-1.048, -2.451e-5
-1.047, -2.143e-5
-1.046, -2.451e-5
-1.045, -2.451e-5
-1.044, -2.143e-5
-1.043, -2.451e-5
-1.042, -2.451e-5
-1.041, -2.451e-5
-1.040, -2.451e-5
-1.039, -2.451e-5
-1.038, -2.451e-5
-1.037, -2.451e-5
-1.036, -2.451e-5
-1.035, -2.451e-5
-1.034, -2.451e-5
-1.033, -2.451e-5
-1.032, -2.759e-5
-1.031, -2.759e-5
-1.030, -2.451e-5
-1.029, -2.451e-5
-1.028, -2.451e-5
-1.027, -2.451e-5
-1.026, -2.759e-5
-1.025, -2.451e-5
-1.024, -2.759e-5
-1.023, -2.759e-5
-1.022, -2.759e-5
-1.021, -2.759e-5
-1.020, -2.759e-5
-1.019, -2.759e-5
-1.018, -2.759e-5
-1.017, -2.759e-5
-1.016, -2.759e-5
-1.015, -2.759e-5
-1.014, -2.759e-5
-1.013, -2.759e-5
-1.012, -2.759e-5
-1.011, -2.759e-5
-1.010, -2.759e-5
-1.009, -2.759e-5
-1.008, -2.759e-5
-1.007, -2.759e-5
-1.006, -2.759e-5
-1.005, -2.759e-5
-1.004, -2.759e-5
-1.003, -3.068e-5
-1.002, -3.068e-5
-1.001, -3.068e-5
