Potential V vs RHE, Current mA cm-2
0.013299999999999867,-0.3511313446265021
0.012299999999999978,-1.5717442541500557
0.011299999999999866,-2.4007650758709675
0.010299999999999976,-3.0119203574126634
0.009299999999999864,-3.403795387475278
0.008299999999999974,-3.6655169779503103
0.007299999999999862,-3.884797229429391
0.006299999999999972,-4.146518819904423
0.00529999999999986,-4.364384360083638
0.0042999999999999705,-4.450681749375406
0.0032999999999998586,-4.494537799671222
0.0022999999999999687,-4.582249900262854
0.0012999999999998568,-4.756259390146253
0.00029999999999996696,-4.843971490737885
-0.000700000000000145,-4.843971490737885
-0.0017000000000000348,-4.843971490737885
-0.0027000000000001467,-4.887827541033701
-0.0037000000000000366,-5.017980980621284
-0.0047000000000001485,-5.105693081212917
-0.005700000000000038,-5.105693081212917
-0.00670000000000015,-5.017980980621284
-0.00770000000000004,-5.0618370309171015
-0.008700000000000152,-5.149549131508733
-0.009700000000000042,-5.191990470504685
-0.010700000000000154,-5.191990470504685
-0.011700000000000044,-5.149549131508733
-0.012700000000000156,-5.149549131508733
-0.013700000000000045,-5.235846520800501
-0.014700000000000157,-5.279702571096316
-0.015700000000000047,-5.279702571096316
-0.01670000000000016,-5.235846520800501
-0.01770000000000005,-5.235846520800501
-0.01870000000000016,-5.279702571096316
-0.01970000000000005,-5.323558621392133
-0.020700000000000163,-5.323558621392133
-0.021700000000000053,-5.235846520800501
-0.022700000000000164,-5.279702571096316
-0.023700000000000054,-5.323558621392133
-0.024700000000000166,-5.411270721983764
-0.025700000000000056,-5.323558621392133
-0.026700000000000168,-5.279702571096316
-0.027700000000000058,-5.279702571096316
-0.02870000000000017,-5.367414671687949
-0.02970000000000006,-5.411270721983764
-0.03070000000000017,-5.367414671687949
-0.03170000000000006,-5.279702571096316
-0.03270000000000017,-5.279702571096316
-0.03370000000000006,-5.367414671687949
-0.034700000000000175,-5.411270721983764
-0.035700000000000065,-5.367414671687949
-0.03670000000000018,-5.279702571096316
-0.03770000000000007,-5.279702571096316
-0.03870000000000018,-5.323558621392133
-0.03970000000000007,-5.411270721983764
-0.04070000000000018,-5.367414671687949
-0.04170000000000007,-5.279702571096316
-0.04270000000000018,-5.279702571096316
-0.04370000000000007,-5.367414671687949
-0.044700000000000184,-5.411270721983764
-0.045700000000000074,-5.323558621392133
-0.046700000000000186,-5.279702571096316
-0.047700000000000076,-5.279702571096316
-0.04870000000000019,-5.367414671687949
-0.04970000000000008,-5.411270721983764
-0.05070000000000019,-5.323558621392133
-0.05170000000000008,-5.279702571096316
-0.05270000000000019,-5.235846520800501
-0.05370000000000008,-5.323558621392133
-0.05470000000000019,-5.367414671687949
-0.05570000000000008,-5.323558621392133
-0.056700000000000195,-5.235846520800501
-0.057700000000000085,-5.235846520800501
-0.058700000000000196,-5.279702571096316
-0.059700000000000086,-5.323558621392133
-0.0607000000000002,-5.279702571096316
-0.06170000000000009,-5.235846520800501
-0.0627000000000002,-5.235846520800501
-0.06370000000000009,-5.279702571096316
-0.0647000000000002,-5.323558621392133
-0.06570000000000009,-5.279702571096316
-0.0667000000000002,-5.191990470504685
-0.0677000000000001,-5.191990470504685
-0.0687000000000002,-5.279702571096316
-0.0697000000000001,-5.279702571096316
-0.07070000000000021,-5.235846520800501
-0.0717000000000001,-5.191990470504685
-0.07270000000000021,-5.149549131508733
-0.0737000000000001,-5.235846520800501
-0.07470000000000021,-5.279702571096316
-0.0757000000000001,-5.235846520800501
-0.07670000000000021,-5.149549131508733
-0.0777000000000001,-5.149549131508733
-0.07870000000000021,-5.191990470504685
-0.0797000000000001,-5.235846520800501
-0.08070000000000022,-5.191990470504685
-0.0817000000000001,-5.149549131508733
-0.08270000000000022,-5.149549131508733
-0.08370000000000011,-5.191990470504685
-0.08470000000000022,-5.235846520800501
-0.08570000000000011,-5.191990470504685
-0.08670000000000022,-5.149549131508733
-0.08770000000000011,-5.149549131508733
-0.08870000000000022,-5.191990470504685
-0.08970000000000011,-5.235846520800501
-0.09070000000000022,-5.149549131508733
-0.09170000000000011,-5.105693081212917
-0.09270000000000023,-5.105693081212917
-0.09370000000000012,-5.191990470504685
-0.09470000000000023,-5.235846520800501
-0.09570000000000012,-5.191990470504685
-0.09670000000000023,-5.105693081212917
-0.09770000000000012,-5.105693081212917
-0.09870000000000023,-5.149549131508733
-0.09970000000000012,-5.235846520800501
-0.10070000000000023,-5.191990470504685
-0.10170000000000012,-5.105693081212917
-0.10270000000000024,-5.105693081212917
-0.10370000000000013,-5.191990470504685
-0.10470000000000024,-5.191990470504685
-0.10570000000000013,-5.149549131508733
-0.10670000000000024,-5.105693081212917
-0.10770000000000013,-5.105693081212917
-0.10870000000000024,-5.191990470504685
-0.10970000000000013,-5.235846520800501
-0.11070000000000024,-5.149549131508733
-0.11170000000000013,-5.105693081212917
-0.11270000000000002,-5.105693081212917
-0.11370000000000013,-5.191990470504685
-0.11470000000000002,-5.235846520800501
-0.11570000000000014,-5.191990470504685
-0.11670000000000003,-5.105693081212917
-0.11770000000000014,-5.105693081212917
-0.11870000000000003,-5.191990470504685
-0.11970000000000014,-5.235846520800501
-0.12070000000000003,-5.191990470504685
-0.12170000000000014,-5.105693081212917
-0.12270000000000003,-5.149549131508733
-0.12370000000000014,-5.235846520800501
-0.12470000000000003,-5.279702571096316
-0.12570000000000014,-5.235846520800501
-0.12670000000000003,-5.149549131508733
-0.12770000000000015,-5.191990470504685
-0.12870000000000004,-5.235846520800501
-0.12970000000000015,-5.323558621392133
-0.13070000000000004,-5.279702571096316
-0.13170000000000015,-5.191990470504685
-0.13270000000000004,-5.191990470504685
-0.13370000000000015,-5.279702571096316
-0.13470000000000004,-5.323558621392133
-0.13570000000000015,-5.279702571096316
-0.13670000000000004,-5.235846520800501
-0.13770000000000016,-5.235846520800501
-0.13870000000000005,-5.323558621392133
-0.13970000000000016,-5.367414671687949
-0.14070000000000005,-5.323558621392133
-0.14170000000000016,-5.279702571096316
-0.14270000000000005,-5.279702571096316
-0.14370000000000016,-5.367414671687949
-0.14470000000000005,-5.411270721983764
-0.14570000000000016,-5.411270721983764
-0.14670000000000005,-5.323558621392133
-0.14770000000000016,-5.323558621392133
-0.14870000000000005,-5.411270721983764
-0.14970000000000017,-5.453712060979717
-0.15070000000000006,-5.411270721983764
-0.15170000000000017,-5.367414671687949
-0.15270000000000006,-5.411270721983764
-0.15370000000000017,-5.497568111275533
-0.15470000000000006,-5.5414241615713475
-0.15570000000000017,-5.497568111275533
-0.15670000000000006,-5.411270721983764
-0.15770000000000017,-5.453712060979717
-0.15870000000000006,-5.5414241615713475
-0.15970000000000018,-5.5414241615713475
-0.16070000000000007,-5.5414241615713475
-0.16170000000000018,-5.497568111275533
-0.16270000000000007,-5.5414241615713475
-0.16370000000000018,-5.585280211867165
-0.16470000000000007,-5.672992312458796
-0.16570000000000018,-5.585280211867165
-0.16670000000000007,-5.5414241615713475
-0.16770000000000018,-5.585280211867165
-0.16870000000000007,-5.629136262162981
-0.16970000000000018,-5.715433651454749
-0.17070000000000007,-5.672992312458796
-0.17170000000000019,-5.629136262162981
-0.17270000000000008,-5.629136262162981
-0.1737000000000002,-5.715433651454749
-0.17470000000000008,-5.759289701750564
-0.1757000000000002,-5.759289701750564
-0.17670000000000008,-5.715433651454749
-0.1777000000000002,-5.715433651454749
-0.17870000000000008,-5.759289701750564
-0.1797000000000002,-5.847001802342197
-0.18070000000000008,-5.80314575204638
-0.1817000000000002,-5.759289701750564
-0.18270000000000008,-5.759289701750564
-0.1837000000000002,-5.847001802342197
-0.1847000000000001,-5.9347139029338285
-0.1857000000000002,-5.890857852638012
-0.1867000000000001,-5.847001802342197
-0.1877000000000002,-5.847001802342197
-0.1887000000000001,-5.9347139029338285
-0.1897000000000002,-5.977155241929781
-0.1907000000000001,-5.977155241929781
-0.1917000000000001,-5.9347139029338285
-0.19269999999999998,-5.9347139029338285
-0.1937000000000001,-6.021011292225596
-0.19469999999999998,-6.064867342521412
-0.1957000000000001,-6.021011292225596
-0.19669999999999999,-5.977155241929781
-0.1977000000000001,-6.021011292225596
-0.1987,-6.108723392817228
-0.1997000000000001,-6.152579443113044
-0.2007,-6.152579443113044
-0.2017000000000001,-6.108723392817228
-0.2027,-6.108723392817228
-0.2037000000000001,-6.196435493408861
-0.2047,-6.282732882700628
-0.2057000000000001,-6.238876832404812
-0.2067,-6.196435493408861
-0.2077000000000001,-6.238876832404812
-0.2087,-6.326588932996443
-0.2097000000000001,-6.37044498329226
-0.2107,-6.326588932996443
-0.2117000000000001,-6.282732882700628
-0.2127,-6.326588932996443
-0.2137000000000001,-6.414301033588076
-0.2147,-6.500598422879844
-0.2157000000000001,-6.500598422879844
-0.2167,-6.458157083883892
-0.21770000000000012,-6.458157083883892
-0.2187,-6.54445447317566
-0.21970000000000012,-6.588310523471475
-0.2207,-6.588310523471475
-0.22170000000000012,-6.54445447317566
-0.2227,-6.588310523471475
-0.22370000000000012,-6.6760226240631075
-0.2247,-6.719878674358924
-0.22570000000000012,-6.719878674358924
-0.2267,-6.6760226240631075
-0.22770000000000012,-6.719878674358924
-0.22870000000000001,-6.806176063650692
-0.22970000000000013,-6.893888164242324
-0.23070000000000002,-6.893888164242324
-0.23170000000000013,-6.850032113946507
-0.23270000000000002,-6.893888164242324
-0.23370000000000013,-6.981600264833956
-0.23470000000000002,-7.024041603829907
-0.23570000000000013,-7.067897654125724
-0.23670000000000002,-7.024041603829907
-0.2376999999999999,-7.111753704421539
-0.23870000000000002,-7.199465805013171
-0.2396999999999999,-7.28576319430494
-0.24070000000000003,-7.28576319430494
-0.24169999999999991,-7.243321855308987
-0.24270000000000003,-7.28576319430494
-0.24369999999999992,-7.4173313451923875
-0.24470000000000003,-7.50504344578402
-0.24569999999999992,-7.5474847847799715
-0.24670000000000003,-7.5474847847799715
-0.24769999999999992,-7.591340835075788
-0.24870000000000003,-7.722908985963235
-0.24969999999999992,-7.809206375255003
-0.25070000000000003,-7.809206375255003
-0.2516999999999999,-7.853062425550818
-0.25270000000000004,-7.940774526142452
-0.2536999999999999,-8.070927965730034
-0.25470000000000004,-8.158640066321666
-0.2556999999999999,-8.202496116617484
-0.25670000000000004,-8.202496116617484
-0.25769999999999993,-8.332649556205066
-0.25870000000000004,-8.464217707092514
-0.25969999999999993,-8.594371146680096
-0.26070000000000004,-8.68208324727173
-0.26169999999999993,-8.725939297567548
-0.26270000000000004,-8.812236686859313
-0.26369999999999993,-8.987660888042578
-0.26470000000000005,-9.161670377925978
-0.26569999999999994,-9.205526428221793
-0.26670000000000005,-9.293238528813426
-0.26769999999999994,-9.423391968401008
-0.26870000000000005,-9.641257508580225
-0.26969999999999994,-9.81668170976349
-0.27070000000000005,-9.902979099055257
-0.27169999999999994,-9.99069119964689
-0.27270000000000005,-10.208556739826104
-0.27369999999999994,-10.470278330301136
-0.27470000000000006,-10.601846481188586
-0.27569999999999995,-10.775855971071984
-0.27670000000000006,-10.949865460955383
-0.27769999999999995,-11.211587051430415
-0.27870000000000006,-11.517164692201263
-0.27969999999999995,-11.73503023238048
-0.28070000000000006,-11.952895772559694
-0.28169999999999995,-12.170761312738911
-0.28270000000000006,-12.476338953509758
-0.28369999999999995,-12.825772644576423
-0.28470000000000006,-13.175206335643086
-0.28569999999999995,-13.47936926511407
-0.28670000000000007,-13.741090855589102
-0.28769999999999996,-14.13438059695158
-0.28870000000000007,-14.529085049613924
-0.28969999999999996,-15.01008689156804
-0.29070000000000007,-15.3920589425316
-0.29169999999999996,-15.78817810649381
-0.29270000000000007,-16.311621287443874
-0.29369999999999996,-16.835064468393938
-0.2947000000000001,-17.4433903273359
-0.29569999999999996,-17.966833508285966
-0.2967000000000001,-18.53271802823198
-0.29769999999999996,-19.2400736781645
-0.2987000000000001,-19.97572355409432
-0.29969999999999997,-20.76796188201874
-0.3007000000000001,-21.54605309694451
-0.30169999999999997,-22.42317410286083
-0.3027000000000001,-23.385177786769056
-0.30369999999999997,-24.474505487665134
-0.3047000000000001,-25.60627452755716
-0.30569999999999997,-26.780484906445146
-0.3067000000000001,-28.05372507632368
-0.3077,-29.440142150191413
-0.3087000000000001,-31.010471693041605
-0.3097,-32.66568391388369
-0.3107000000000001,-34.41992592571634
-0.3117,-36.244903502542236
-0.3127000000000001,-38.29623488734655
-0.3137,-40.43244895014274
-0.3147000000000001,-42.752575481921404
-0.3157,-45.143437578693316
-0.3167000000000001,-47.633329466455784
-0.3177,-50.2505453712061
-0.3187000000000001,-52.995085292944275
-0.3197,-55.7820665536784
-0.3207000000000001,-58.62563626640712
-0.3217,-61.53994154412909
-0.3227000000000001,-64.51083527384567
-0.3237,-67.48172900356225
-0.3247000000000001,-70.48091695927613
-0.3257,-73.45181068899271
-0.3267000000000001,-76.46514575770523
-0.3277,-79.37945103542721
-0.3287000000000001,-82.09569673116808
-0.3297,-84.92511933089816
-0.3307000000000001,-87.93845439961068
-0.3317,-90.85275967733266
-0.3327000000000001,-93.69632939006138
-0.3337,-96.61063466778336
-0.3347000000000001,-99.35517458952152
-0.3357,-101.97239049427183
-0.3367000000000001,-104.46228238203432
-0.3377,-107.12193962578058
-0.3387000000000001,-109.69671419153494
-0.3397,-112.14416474030146
-0.3407000000000001,-114.36526148108955
-0.3417,-116.54391688288172
-0.3427000000000001,-118.68013094567793
-0.3437,-120.77390366947817
-0.3447000000000001,-122.82523505428249
-0.3457,-124.7916837610949
-0.3467000000000001,-126.71569112891132
-0.3477,-128.66799272272507
-0.3487000000000001,-130.67688276853346
-0.3497,-132.64333147534586
-0.3507000000000001,-134.56733884316228
-0.3517,-136.30743374199628
-0.3527000000000001,-138.00508730183432
-0.3537,-139.74518220066832
-0.3547000000000001,-141.47112998650366
-0.3557,-143.3102546763282
-0.35670000000000013,-145.00790823616626
-0.3577,-146.8470329259908
-0.35870000000000013,-148.68615761581535
-0.3597,-150.38381117565342
-0.36070000000000013,-151.93999360550492
-0.3617,-153.35470490536997
-0.3626999999999999,-154.9108873352215
-0.3637,-156.46706976507306
-0.3646999999999999,-158.3061944548976
-0.3657,-160.14531914472215
-0.3666999999999999,-161.70150157457368
-0.3677,-163.25768400442522
-0.3686999999999999,-164.81386643427678
-0.36970000000000003,-166.51151999411482
-0.3706999999999999,-168.20917355395284
-0.37170000000000003,-170.0482982437774
-0.3726999999999999,-171.60448067362896
-0.37370000000000003,-173.302134233467
-0.3746999999999999,-175.14125892329156
-0.37570000000000003,-176.6974413531431
-0.3766999999999999,-178.25362378299462
-0.37770000000000004,-179.66833508285964
-0.3786999999999999,-181.2245175127112
-0.37970000000000004,-182.78069994256273
-0.3806999999999999,-184.47835350240078
-0.38170000000000004,-186.17600706223882
-0.38269999999999993,-187.59071836210387
-0.38370000000000004,-189.1469007919554
-0.38469999999999993,-190.56161209182042
-0.38570000000000004,-192.11779452167198
-0.38669999999999993,-192.54220791163152
-0.38570000000000004,-190.84455435179345
-0.38469999999999993,-189.2883719219419
-0.38370000000000004,-187.59071836210387
-0.38269999999999993,-185.6101225422928
-0.38170000000000004,-183.48805559249527
-0.3806999999999999,-181.64893090267074
-0.37970000000000004,-180.09274847281918
-0.3786999999999999,-178.67803717295413
-0.37770000000000004,-177.2633258730891
-0.3766999999999999,-175.56567231325104
-0.37570000000000003,-173.86801875341303
-0.3746999999999999,-172.45330745354798
-0.37370000000000003,-171.03859615368293
-0.3726999999999999,-169.7653559838044
-0.37170000000000003,-168.35064468393938
-0.3706999999999999,-166.65299112410133
-0.36970000000000003,-164.81386643427678
-0.3686999999999999,-163.11621287443873
-0.3677,-161.41855931460069
-0.3666999999999999,-159.86237688474912
-0.3657,-158.3061944548976
-0.3646999999999999,-156.89148315503257
-0.3637,-155.19382959519453
-0.3626999999999999,-153.49617603535648
-0.3617,-151.65705134553193
-0.36070000000000013,-150.1008689156804
-0.3597,-148.68615761581535
-0.35870000000000013,-147.27144631595033
-0.3577,-145.57379275611228
-0.35670000000000013,-143.5931969363012
-0.3557,-141.75407224647665
-0.3547000000000001,-140.0988600256346
-0.3537,-138.65585449977226
-0.3527000000000001,-137.31187876490046
-0.3517,-135.95375591703004
-0.3507000000000001,-134.46830905217172
-0.3497,-132.99700930031207
-0.3487000000000001,-131.32764996647134
-0.3477,-129.67243774562928
-0.3467000000000001,-128.01722552478716
-0.3457,-126.48933732093293
-0.3447000000000001,-125.04633179507057
-0.3437,-123.532590704215
-0.3427000000000001,-122.08958517835266
-0.3417,-120.85878634747009
-0.3407000000000001,-119.68457596858211
-0.3397,-118.42548291170223
-0.3387000000000001,-116.98247738583989
-0.3377,-115.36970650399375
-0.3367000000000001,-113.84181830013951
-0.3357,-112.54028390426367
-0.3347000000000001,-111.7056042373433
-0.3337,-110.40406984146746
-0.3327000000000001,-108.77715184662266
-0.3317,-106.99461560879273
-0.3307000000000001,-105.42428606594254
-0.3297,-104.12275167006669
-0.3287000000000001,-102.97683551717601
-0.3277,-101.88750781627995
-0.3267000000000001,-100.54353208140815
-0.3257,-99.01564387755391
-0.3247000000000001,-97.57263835169158
-0.3237,-96.04475014783733
-0.3227000000000001,-94.55930328297906
-0.3217,-93.03141507912481
-0.3207000000000001,-91.77232202224494
-0.3197,-90.59811164335694
-0.3187000000000001,-89.28243013448247
-0.3177,-87.89601306061473
-0.3167000000000001,-86.32568351776455
-0.3157,-84.92511933089816
-0.3147000000000001,-83.75090895201016
-0.3137,-82.52011012112759
-0.3127000000000001,-81.21857572525175
-0.3117,-79.90289421637728
-0.3107000000000001,-78.60135982050144
-0.3097,-77.38470810261751
-0.3087000000000001,-76.06902659374302
-0.3077,-74.72505085887124
-0.3067000000000001,-73.49425202798865
-0.30569999999999997,-72.32004164910067
-0.3047000000000001,-71.2307139482046
-0.30369999999999997,-70.09894490831257
-0.3027000000000001,-68.78326339943808
-0.30169999999999997,-67.52417034255821
-0.3007000000000001,-66.39240130266617
-0.29969999999999997,-65.34551494076604
-0.2987000000000001,-64.25618723986996
-0.29769999999999996,-63.02538840898739
-0.2967000000000001,-61.80873669110345
-0.29569999999999996,-60.63452631221547
-0.2947000000000001,-59.502757272323436
-0.29369999999999996,-58.45587091042332
-0.29270000000000007,-57.30995475753264
-0.29169999999999996,-56.13574437864466
-0.29070000000000007,-55.046416677748574
-0.28969999999999996,-53.9570889768525
-0.28870000000000007,-52.95264395394832
-0.28769999999999996,-51.90575759204819
-0.28670000000000007,-50.85887123014807
-0.28569999999999995,-49.85442620724389
-0.28470000000000006,-48.89242252333566
-0.28369999999999995,-47.8879775004315
-0.28270000000000006,-46.88353247752732
-0.28169999999999995,-45.79420477663124
-0.28070000000000006,-44.80390686672572
-0.27969999999999995,-43.88434452181344
-0.27870000000000006,-42.96478217690117
-0.27769999999999995,-42.00277849299294
-0.27670000000000006,-40.99833347008877
-0.27569999999999995,-40.092918238175145
-0.27470000000000006,-39.173355893262865
-0.27369999999999994,-38.253793548350586
-0.27270000000000005,-37.334231203438314
-0.27169999999999994,-36.37222751953009
-0.27070000000000005,-35.46681228761647
-0.26969999999999994,-34.632132620696105
-0.26870000000000005,-33.85404140577033
-0.26769999999999994,-32.93447906085806
-0.26670000000000005,-32.01491671594578
-0.26569999999999994,-31.095354371033505
-0.26470000000000005,-30.359704495103685
-0.26369999999999993,-29.62405461917387
-0.26270000000000004,-28.789374952253496
-0.26169999999999993,-27.912253946337174
-0.26070000000000004,-27.176604070407354
-0.25969999999999993,-26.440954194477534
-0.25870000000000004,-25.73359854454502
-0.25769999999999993,-24.997948668615198
-0.25670000000000004,-24.20571034069078
-0.2556999999999999,-23.51250180375691
-0.25470000000000004,-22.861734605818995
-0.2536999999999999,-22.196820294882425
-0.25270000000000004,-21.503611757948562
-0.2516999999999999,-20.810403221014692
-0.25070000000000003,-20.10304757108217
-0.24969999999999992,-19.537163051136158
-0.24870000000000003,-18.97127853119014
-0.24769999999999992,-18.362952672248177
-0.24670000000000003,-17.669744135314307
-0.24569999999999992,-17.103859615368293
-0.24470000000000003,-16.622857773414182
-0.24369999999999992,-16.099414592464115
-0.24270000000000003,-15.533530072518102
-0.24169999999999991,-14.868615761581536
-0.24070000000000003,-14.401761032626075
-0.2396999999999999,-13.916515056772363
-0.23870000000000002,-13.436927926118118
-0.2376999999999999,-12.913484745168056
-0.23670000000000002,-12.390041564217992
-0.23570000000000013,-11.909039722263879
-0.23470000000000002,-11.517164692201263
-0.23370000000000013,-11.081433611842833
-0.23270000000000002,-10.601846481188586
-0.23170000000000013,-10.120844639234473
-0.23070000000000002,-9.685113558876042
-0.22970000000000013,-9.335679867809377
-0.22870000000000001,-8.943804837746763
-0.22770000000000012,-8.55051509638428
-0.2267,-8.11478401602585
-0.22570000000000012,-7.7653503249591855
-0.2247,-7.461187395488204
-0.22370000000000012,-7.111753704421539
-0.2227,-6.762320013354876
-0.22170000000000012,-6.37044498329226
-0.2207,-6.021011292225596
-0.21970000000000012,-5.759289701750564
-0.2187,-5.497568111275533
-0.21770000000000012,-5.191990470504685
-0.2167,-4.800115440442069
-0.2157000000000001,-4.494537799671222
-0.2147,-4.3205283097878215
-0.2137000000000001,-4.102662769608606
-0.2127,-3.7970851288377587
-0.2117000000000001,-3.4915074880669104
-0.2107,-3.273641947887695
-0.2097000000000001,-3.0996324580042955
-0.2087,-2.8803522065252145
-0.2077000000000001,-2.662486666345999
-0.2067,-2.3569090255751513
-0.2057000000000001,-2.1828995356917518
-0.2047,-2.008890045808352
-0.2037000000000001,-1.8334658446250875
-0.2027,-1.6594563547416883
-0.2017000000000001,-1.3980177065266295
-0.2007,-1.1798692240874404
-0.1997000000000001,-1.0925815368857679
-0.1987,-0.9617207416482519
-0.1977000000000001,-0.7872868383748929
-0.19669999999999999,-0.5255652478998613
-0.1957000000000001,-0.3947044526623452
-0.19469999999999998,-0.30755823659065895
-0.1937000000000001,-0.1766974413531431
-0.19269999999999998,-0.002205534916489592
-0.1917000000000001,0.17231183632356148
-0.1907000000000001,0.3031726315610774
-0.1897000000000002,0.3903188476327636
-0.1887000000000001,0.4776065348344364
-0.1877000000000002,0.6084673300719523
-0.1867000000000001,0.7829012333453113
-0.1857000000000002,0.870188920546984
-0.1847000000000001,0.9573351366186703
-0.1837000000000002,1.0010497157844997
-0.18270000000000008,1.175483619057859
-0.1817000000000002,1.349917522331218
-0.18070000000000008,1.4373466806628774
-0.1797000000000002,1.4373466806628774
-0.17870000000000008,1.4812027309586933
-0.1777000000000002,1.6113561705462767
-0.17670000000000008,1.7867803717295414
-0.1757000000000002,1.8730777610213083
-0.17470000000000008,1.9169338113171246
-0.1737000000000002,1.9169338113171246
-0.17270000000000008,2.004645911908757
-0.17170000000000019,2.1347993514963406
-0.17070000000000007,2.2225114520879723
-0.16970000000000018,2.2225114520879723
-0.16870000000000007,2.2663675023837886
-0.16770000000000018,2.352664891675556
-0.16670000000000007,2.4842330425630044
-0.16570000000000018,2.5280890928588207
-0.16470000000000007,2.5705304318547717
-0.16370000000000018,2.5705304318547717
-0.16270000000000007,2.658242532446404
-0.16170000000000018,2.7898106833338523
-0.16070000000000007,2.8322520223298033
-0.15970000000000018,2.7898106833338523
-0.15870000000000006,2.8322520223298033
-0.15770000000000017,2.919964122921436
-0.15670000000000006,3.0076762235130676
-0.15570000000000017,3.0515322738088844
-0.15470000000000006,3.0515322738088844
-0.15370000000000017,3.0515322738088844
-0.15270000000000006,3.1378296631006513
-0.15170000000000017,3.225541763692284
-0.15070000000000006,3.2693978139880997
-0.14970000000000017,3.225541763692284
-0.14870000000000005,3.225541763692284
-0.14770000000000016,3.313253864283916
-0.14670000000000005,3.3995512535756833
-0.14570000000000016,3.4434073038714996
-0.14470000000000005,3.3995512535756833
-0.14370000000000016,3.3995512535756833
-0.14270000000000005,3.4872633541673155
-0.14170000000000016,3.5749754547589476
-0.14070000000000005,3.6174167937548987
-0.13970000000000016,3.5749754547589476
-0.13870000000000005,3.5749754547589476
-0.13770000000000016,3.661272844050715
-0.13670000000000004,3.748984944642347
-0.13570000000000015,3.748984944642347
-0.13470000000000004,3.748984944642347
-0.13370000000000015,3.7051288943465317
-0.13270000000000004,3.748984944642347
-0.13170000000000015,3.8791383842299307
-0.13070000000000004,3.8791383842299307
-0.12970000000000015,3.8791383842299307
-0.12870000000000004,3.8366970452339793
-0.12770000000000015,3.8791383842299307
-0.12670000000000003,3.9668504848215624
-0.12570000000000014,3.9668504848215624
-0.12470000000000003,3.9668504848215624
-0.12370000000000014,3.9668504848215624
-0.12270000000000003,4.01070653511738
-0.12170000000000014,4.098418635709011
-0.12070000000000003,4.098418635709011
-0.11970000000000014,4.054562585413195
-0.11870000000000003,4.054562585413195
-0.11770000000000014,4.098418635709011
-0.11670000000000003,4.184716025000778
-0.11570000000000014,4.2285720752965945
-0.11470000000000002,4.184716025000778
-0.11370000000000013,4.140859974704963
-0.11270000000000002,4.184716025000778
-0.11170000000000013,4.272428125592412
-0.11070000000000024,4.316284175888227
-0.10970000000000013,4.272428125592412
-0.10870000000000024,4.2285720752965945
-0.10770000000000013,4.316284175888227
-0.10670000000000024,4.360140226184043
-0.10570000000000013,4.402581565179994
-0.10470000000000024,4.360140226184043
-0.10370000000000013,4.360140226184043
-0.10270000000000024,4.402581565179994
-0.10170000000000012,4.490293665771627
-0.10070000000000023,4.490293665771627
-0.09970000000000012,4.44643761547581
-0.09870000000000023,4.402581565179994
-0.09770000000000012,4.490293665771627
-0.09670000000000023,4.578005766363259
-0.09570000000000012,4.578005766363259
-0.09470000000000023,4.578005766363259
-0.09370000000000012,4.490293665771627
-0.09270000000000023,4.534149716067443
-0.09170000000000011,4.664303155655026
-0.09070000000000022,4.708159205950842
-0.08970000000000011,4.664303155655026
-0.08870000000000022,4.6218618166590755
-0.08770000000000011,4.664303155655026
-0.08670000000000022,4.752015256246658
-0.08570000000000011,4.795871306542475
-0.08470000000000022,4.752015256246658
-0.08370000000000011,4.708159205950842
-0.08270000000000022,4.752015256246658
-0.0817000000000001,4.839727356838291
-0.08070000000000022,4.883583407134107
-0.0797000000000001,4.839727356838291
-0.07870000000000021,4.839727356838291
-0.0777000000000001,4.839727356838291
-0.07670000000000021,4.926024746130058
-0.0757000000000001,4.9698807964258735
-0.07470000000000021,4.926024746130058
-0.0737000000000001,4.926024746130058
-0.07270000000000021,4.9698807964258735
-0.0717000000000001,5.01373684672169
-0.07070000000000021,5.101448947313322
-0.0697000000000001,5.057592897017507
-0.0687000000000002,5.01373684672169
-0.0677000000000001,5.057592897017507
-0.0667000000000002,5.145304997609139
-0.06570000000000009,5.18774633660509
-0.0647000000000002,5.145304997609139
-0.06370000000000009,5.101448947313322
-0.0627000000000002,5.145304997609139
-0.06170000000000009,5.275458437196722
-0.0607000000000002,5.319314487492538
-0.059700000000000086,5.275458437196722
-0.058700000000000196,5.231602386900906
-0.057700000000000085,5.275458437196722
-0.056700000000000195,5.3631705377883545
-0.05570000000000008,5.405611876784305
-0.05470000000000019,5.3631705377883545
-0.05370000000000008,5.3631705377883545
-0.05270000000000019,5.405611876784305
-0.05170000000000008,5.493323977375938
-0.05070000000000019,5.537180027671754
-0.04970000000000008,5.493323977375938
-0.04870000000000019,5.449467927080121
-0.047700000000000076,5.537180027671754
-0.046700000000000186,5.624892128263387
-0.045700000000000074,5.667333467259336
-0.044700000000000184,5.624892128263387
-0.04370000000000007,5.624892128263387
-0.04270000000000018,5.667333467259336
-0.04170000000000007,5.798901618146785
-0.04070000000000018,5.8427576684426015
-0.03970000000000007,5.798901618146785
-0.03870000000000018,5.798901618146785
-0.03770000000000007,5.8427576684426015
-0.03670000000000018,5.929055057734368
-0.035700000000000065,6.016767158326001
-0.034700000000000175,5.9729111080301855
-0.03370000000000006,5.929055057734368
-0.03270000000000017,6.016767158326001
-0.03170000000000006,6.1044792589176335
-0.03070000000000017,6.14833530921345
-0.02970000000000006,6.14833530921345
-0.02870000000000017,6.1044792589176335
-0.027700000000000058,6.1907766482094
-0.026700000000000168,6.278488748801033
-0.025700000000000056,6.366200849392665
-0.024700000000000166,6.322344799096849
-0.023700000000000054,6.278488748801033
-0.022700000000000164,6.410056899688482
-0.021700000000000053,6.496354288980249
-0.020700000000000163,6.540210339276065
-0.01970000000000005,6.540210339276065
-0.01870000000000016,6.496354288980249
-0.01770000000000005,6.540210339276065
-0.01670000000000016,6.671778490163514
-0.015700000000000047,6.75807587945528
-0.014700000000000157,6.75807587945528
-0.013700000000000045,6.75807587945528
-0.012700000000000156,6.845787980046913
-0.011700000000000044,6.933500080638546
-0.010700000000000154,7.019797469930312
-0.009700000000000042,7.019797469930312
-0.008700000000000152,7.019797469930312
-0.00770000000000004,7.063653520226129
-0.00670000000000015,7.195221671113577
-0.005700000000000038,7.237663010109527
-0.0047000000000001485,7.237663010109527
-0.0037000000000000366,7.237663010109527
-0.0027000000000001467,7.32537511070116
-0.0017000000000000348,7.456943261588608
-0.000700000000000145,7.49938460058456
0.00029999999999996696,7.49938460058456
0.0012999999999998568,7.49938460058456
0.0022999999999999687,7.587096701176192
0.0032999999999998586,7.7186648520636405
0.0042999999999999705,7.804962241355407
0.00529999999999986,7.804962241355407
0.006299999999999972,7.804962241355407
0.007299999999999862,7.892674341947039
0.008299999999999974,7.980386442538672
0.009299999999999864,8.066683831830439
0.010299999999999976,8.066683831830439
0.011299999999999866,8.110539882126256
0.012299999999999978,8.198251982717888
