Potential V vs RHE, Current mA cm-2
0.013299999999999867,11.428037880309766
0.012299999999999978,10.183091936428536
0.011299999999999866,8.530709138186172
0.010299999999999976,7.2659572361068285
0.009299999999999864,6.575578121772692
0.008299999999999974,5.472103307877963
0.007299999999999862,4.224327941396999
0.006299999999999972,3.6160020824550334
0.00529999999999986,2.840740290128994
0.0042999999999999705,1.656626932141958
0.0032999999999998586,1.0309001242116522
0.0022999999999999687,0.5728166053153534
0.0012999999999998568,-0.4841142068138156
0.00029999999999996696,-1.285548158187359
-0.000700000000000145,-1.5915502123481662
-0.0017000000000000348,-2.382373828972722
-0.0027000000000001467,-3.2948626173856703
-0.0037000000000000366,-3.6131726598553033
-0.0047000000000001485,-4.1238834391065815
-0.005700000000000038,-5.124084328111163
-0.00670000000000015,-5.5866949231670295
-0.00770000000000004,-5.892272563937878
-0.008700000000000152,-6.77222299245393
-0.009700000000000042,-7.439966725990228
-0.010700000000000154,-7.599829102874978
-0.011700000000000044,-8.26615812511141
-0.012700000000000156,-9.05839645303583
-0.013700000000000045,-9.269188436715721
-0.014700000000000157,-9.686528270175906
-0.015700000000000047,-10.55516100829304
-0.01670000000000016,-10.859323937764021
-0.01770000000000005,-11.058798231044992
-0.01870000000000016,-11.86659838326793
-0.01970000000000005,-12.498974334307599
-0.020700000000000163,-12.588101146199097
-0.021700000000000053,-13.169547490443627
-0.022700000000000164,-13.879732562975875
-0.023700000000000054,-14.015544847762918
-0.024700000000000166,-14.387613919627421
-0.025700000000000056,-15.236440699546446
-0.026700000000000168,-15.533530072518102
-0.027700000000000058,-15.689148315503255
-0.02870000000000017,-16.424798191433077
-0.02970000000000006,-16.93409425938449
-0.03070000000000017,-17.00482982437774
-0.03170000000000006,-17.641449909317007
-0.03270000000000017,-18.40539401124413
-0.03370000000000006,-18.504423802234676
-0.034700000000000175,-18.815660288204988
-0.035700000000000065,-19.65033995512536
-0.03670000000000018,-19.961576441095666
-0.03770000000000007,-20.10304757108217
-0.03870000000000018,-20.881138786007945
-0.03970000000000007,-21.376287740960702
-0.04070000000000018,-21.418729079956652
-0.04170000000000007,-22.027054938898623
-0.04270000000000018,-22.790999040825742
-0.04370000000000007,-22.91832305781359
-0.044700000000000184,-23.257853769781203
-0.045700000000000074,-24.064239210704276
-0.046700000000000186,-24.33303435767863
-0.047700000000000076,-24.474505487665134
-0.04870000000000019,-25.252596702590903
-0.04970000000000008,-25.846775448534224
-0.05070000000000019,-25.90336390052882
-0.05170000000000008,-26.455101307476184
-0.05270000000000019,-27.14830984441005
-0.05370000000000008,-27.303928087395207
-0.05470000000000019,-27.64345879936282
-0.05570000000000008,-28.49228557928184
-0.056700000000000195,-28.732786500258893
-0.057700000000000085,-28.86011051724675
-0.058700000000000196,-29.59576039317657
-0.059700000000000086,-30.161644913122586
-0.0607000000000002,-30.260674704113132
-0.06170000000000009,-30.854853450056453
-0.0627000000000002,-31.54806198699032
-0.06370000000000009,-31.618797551983565
-0.0647000000000002,-32.00076960294713
-0.06570000000000009,-32.821302156868846
-0.0667000000000002,-33.11839152984051
-0.0677000000000001,-33.316451111821614
-0.0687000000000002,-34.15113077874198
-0.0697000000000001,-34.7453095246853
-0.07070000000000021,-34.75945663768395
-0.0717000000000001,-35.282899818634014
-0.07270000000000021,-36.07513814655844
-0.0737000000000001,-36.21660927654494
-0.07470000000000021,-36.5985813275085
-0.0757000000000001,-37.48984944642347
-0.07670000000000021,-37.744497480399176
-0.0777000000000001,-37.87182149738703
-0.07870000000000021,-38.678206938310105
-0.0797000000000001,-39.28653279725207
-0.08070000000000022,-39.47044526623452
-0.0817000000000001,-40.092918238175145
-0.08270000000000022,-40.715391210115754
-0.08370000000000011,-40.729538323114404
-0.08470000000000022,-41.04077480908471
-0.08570000000000011,-41.94619004099834
-0.08670000000000022,-42.39889765695515
-0.08770000000000011,-42.667692803929505
-0.08870000000000022,-43.474078244852585
-0.08970000000000011,-44.068256990795895
-0.09070000000000022,-44.138992555789144
-0.09170000000000011,-44.690729962736505
-0.09270000000000023,-45.28490870867982
-0.09370000000000012,-45.44052695166498
-0.09470000000000023,-45.90738168062044
-0.09570000000000012,-47.02500360751382
-0.09670000000000023,-47.619182353457134
-0.09770000000000012,-47.83138904843689
-0.09870000000000023,-48.567038924366706
-0.09970000000000012,-48.76509850634781
-0.10070000000000023,-48.48215624637481
-0.10170000000000012,-49.062187879319474
-0.10270000000000024,-49.84027909424525
-0.10370000000000013,-50.010044450229046
-0.10470000000000024,-50.3637222751953
-0.10570000000000013,-51.127666377122424
-0.10670000000000024,-51.29743173310623
-0.10770000000000013,-51.43890286309273
-0.10870000000000024,-52.37261232100366
-0.10970000000000013,-53.23558621392132
-0.11070000000000024,-53.46194002189973
-0.11170000000000013,-53.985383202849796
-0.11270000000000002,-54.537120609797164
-0.11370000000000013,-54.56541483579447
-0.11470000000000002,-54.876651321764776
-0.11570000000000014,-55.79621366667705
-0.11670000000000003,-56.24892128263386
-0.11770000000000014,-56.57430488160282
-0.11870000000000003,-57.380690322525886
-0.11970000000000014,-57.86169216448
-0.12070000000000003,-57.96072195547055
-0.12170000000000014,-58.59734204040982
-0.12270000000000003,-59.290550577343694
-0.12370000000000014,-59.33299191633964
-0.12470000000000003,-59.587639950315335
-0.12570000000000014,-60.57793786022087
-0.12670000000000003,-61.07308681517363
-0.12770000000000015,-61.37017618814529
-0.12870000000000004,-62.13412029007241
-0.12970000000000015,-62.544386567033264
-0.13070000000000004,-62.41706255004542
-0.13170000000000015,-62.94050573099548
-0.13270000000000004,-63.66200849392664
-0.13370000000000015,-63.91665652790236
-0.13470000000000004,-64.45424682185109
-0.13570000000000015,-65.33136782776738
-0.13670000000000004,-65.5011331837512
-0.13770000000000016,-65.4162505057593
-0.13870000000000005,-66.05287059069857
-0.13970000000000016,-66.60460799764593
-0.14070000000000005,-66.77437335362974
-0.14170000000000016,-67.42514055156765
-0.14270000000000005,-68.11834908850152
-0.14370000000000016,-68.17493754049613
-0.14470000000000005,-68.48617402646643
-0.14570000000000016,-69.27841235439085
-0.14670000000000005,-69.58964884036115
-0.14770000000000016,-69.71697285734902
-0.14870000000000005,-70.46676984627747
-0.14970000000000017,-70.93362457523294
-0.15070000000000006,-70.87703612323833
-0.15170000000000017,-71.5419504341749
-0.15270000000000006,-72.48980700508447
-0.15370000000000017,-72.60298390907369
-0.15470000000000006,-72.70201370006424
-0.15570000000000017,-73.16886842901971
-0.15670000000000006,-73.2254568810143
-0.15770000000000017,-73.3952222369981
-0.15870000000000006,-74.27234324291443
-0.15970000000000018,-74.9938460058456
-0.16070000000000007,-75.16361136182941
-0.16170000000000018,-75.8709670117619
-0.16270000000000007,-76.23879194972683
-0.16370000000000018,-75.8709670117619
-0.16470000000000007,-76.01243814174842
-0.16570000000000018,-76.81882358267148
-0.16670000000000007,-77.22908985963235
-0.16770000000000018,-77.45544366761075
-0.16870000000000007,-78.07791663955136
-0.16970000000000018,-78.54477136850683
-0.17070000000000007,-78.55891848150549
-0.17170000000000019,-79.06821454945691
-0.17270000000000008,-79.73312886039348
-0.1737000000000002,-79.69068752139752
-0.17470000000000008,-79.87459999037998
-0.1757000000000002,-80.55366141431519
-0.17670000000000008,-80.6385440923071
-0.1777000000000002,-80.76586810929494
-0.17870000000000008,-81.55810643721937
-0.1797000000000002,-82.01081405317618
-0.18070000000000008,-81.89763714918698
-0.1817000000000002,-82.26546208715187
-0.18270000000000008,-82.84549372009654
-0.1837000000000002,-82.76061104210466
-0.1847000000000001,-83.029406189079
-0.1857000000000002,-83.8216445170034
-0.1867000000000001,-83.99140987298723
-0.1877000000000002,-84.03385121198318
-0.1887000000000001,-84.61388284492786
-0.1897000000000002,-84.8543837659049
-0.1907000000000001,-84.67047129692244
-0.1917000000000001,-85.2222087038698
-0.19269999999999998,-85.88712301480638
-0.1937000000000001,-85.85882878880908
-0.19469999999999998,-86.07103548378883
-0.1957000000000001,-86.6227728907362
-0.19669999999999999,-86.69350845572944
-0.1977000000000001,-86.7642440207227
-0.1987,-87.44330544465792
-0.1997000000000001,-87.71210059163228
-0.2007,-87.54233523564847
-0.2017000000000001,-87.95260151260933
-0.2027,-88.60336871054724
-0.2037000000000001,-88.60336871054724
-0.2047,-88.7872811795297
-0.2057000000000001,-89.50878394246087
-0.2067,-89.25413590848517
-0.2077000000000001,-88.97119364851217
-0.2087,-89.48048971646357
-0.2097000000000001,-89.90490310642309
-0.2107,-89.83416754142982
-0.2117000000000001,-90.13125691440149
-0.2127,-90.40005206137585
-0.2137000000000001,-90.06052134940825
-0.2147,-90.13125691440149
-0.2157000000000001,-90.82446545133537
-0.2167,-90.96593658132187
-0.21770000000000012,-90.838612564334
-0.2187,-91.30546729328947
-0.21970000000000012,-91.44693842327598
-0.2207,-91.12155482430701
-0.22170000000000012,-91.19229038930027
-0.2227,-91.33376151928677
-0.22370000000000012,-91.07911348531105
-0.2247,-91.41864419727867
-0.22570000000000012,-92.32405942919229
-0.2267,-92.39479499418556
-0.22770000000000012,-92.06941139521659
-0.22870000000000001,-92.2108825252031
-0.22970000000000013,-92.36650076818825
-0.23070000000000002,-92.18258829920579
-0.23170000000000013,-92.53626612417206
-0.23270000000000002,-92.9748266271302
-0.23370000000000013,-92.6918843671572
-0.23470000000000002,-92.6070016891653
-0.23570000000000013,-92.94653240113291
-0.23670000000000002,-93.01726796612617
-0.2376999999999999,-92.6352959151626
-0.23870000000000002,-92.5504132371707
-0.2396999999999999,-92.28161809019635
-0.24070000000000003,-91.95623449122738
-0.24169999999999991,-92.35235365518959
-0.24270000000000003,-92.74847281915181
-0.24369999999999992,-92.04111716921928
-0.24470000000000003,-91.36205574528407
-0.24569999999999992,-91.00837792031781
-0.24670000000000003,-90.6688472083502
-0.24769999999999992,-90.7254356603448
-0.24870000000000003,-91.54596821426652
-0.24969999999999992,-91.68743934425302
-0.25070000000000003,-90.9517894683232
-0.2516999999999999,-90.838612564334
-0.25270000000000004,-91.24887884129487
-0.2536999999999999,-91.14984905030431
-0.25470000000000004,-91.13570193730567
-0.2556999999999999,-91.48937976227192
-0.25670000000000004,-91.07911348531105
-0.25769999999999993,-90.7820241123394
-0.25870000000000004,-91.12155482430701
-0.25969999999999993,-91.30546729328947
-0.26070000000000004,-90.98008369432051
-0.26169999999999993,-91.20643750229891
-0.26270000000000004,-91.64499800525708
-0.26369999999999993,-91.30546729328947
-0.26470000000000005,-91.13570193730567
-0.26569999999999994,-91.00837792031781
-0.26670000000000005,-90.24443381839069
-0.26769999999999994,-90.00393289741362
-0.26870000000000005,-90.40005206137585
-0.26969999999999994,-90.40005206137585
-0.27070000000000005,-89.86246176742712
-0.27169999999999994,-89.82002042843118
-0.27270000000000005,-89.89075599342443
-0.27369999999999994,-89.26828302148381
-0.27470000000000006,-88.9853407615108
-0.27569999999999995,-89.12681189149731
-0.27670000000000006,-88.44775046756209
-0.27769999999999995,-87.95260151260933
-0.27870000000000006,-88.54678025855264
-0.27969999999999995,-89.04192921350541
-0.28070000000000006,-88.82972251852566
-0.28169999999999995,-88.88631097052026
-0.28270000000000006,-88.87216385752161
-0.28369999999999995,-88.29213222457693
-0.28470000000000006,-88.10821975559449
-0.28569999999999995,-88.44775046756209
-0.28670000000000007,-88.20724954658505
-0.28769999999999996,-87.89601306061473
-0.28870000000000007,-88.30627933757559
-0.28969999999999996,-88.40530912856615
-0.29070000000000007,-87.96674862560798
-0.29169999999999996,-88.10821975559449
-0.29270000000000007,-88.34872067657155
-0.29369999999999996,-87.82527749562148
-0.2947000000000001,-87.69795347863361
-0.29569999999999996,-88.12236686859313
-0.2967000000000001,-88.00918996460392
-0.29769999999999996,-87.81113038262282
-0.2987000000000001,-88.30627933757559
-0.29969999999999997,-88.4194562415648
-0.3007000000000001,-87.91016017361338
-0.30169999999999997,-88.26383799857963
-0.3027000000000001,-88.53263314555399
-0.30369999999999997,-87.95260151260933
-0.3047000000000001,-87.85357172161878
-0.30569999999999997,-88.26383799857963
-0.3067000000000001,-88.16480820758908
-0.3077,-88.03748419060125
-0.3087000000000001,-88.54678025855264
-0.3097,-88.815575405527
-0.3107000000000001,-88.54678025855264
-0.3117,-88.68825138853916
-0.3127000000000001,-88.87216385752161
-0.3137,-88.44775046756209
-0.3147000000000001,-88.43360335456343
-0.3157,-88.95704653551351
-0.3167000000000001,-88.7589869535324
-0.3177,-88.53263314555399
-0.3187000000000001,-89.02778210050676
-0.3197,-89.22584168248785
-0.3207000000000001,-89.01363498750811
-0.3217,-89.49463682946222
-0.3227000000000001,-89.98978578441499
-0.3237,-89.72099063744062
-0.3247000000000001,-89.67854929844468
-0.3257,-90.03222712341093
-0.3267000000000001,-89.93319733242038
-0.3277,-89.89075599342443
-0.3287000000000001,-90.6971414343475
-0.3297,-91.14984905030431
-0.3307000000000001,-90.93764235532454
-0.3317,-91.30546729328947
-0.3327000000000001,-91.72988068324898
-0.3337,-91.37620285828272
-0.3347000000000001,-91.44693842327598
-0.3357,-92.18258829920579
-0.3367000000000001,-92.33820654219093
-0.3377,-92.45138344618015
-0.3387000000000001,-92.84750261014237
-0.3397,-92.93238528813426
-0.3407000000000001,-92.73432570615316
-0.3417,-93.28606311310051
-0.3427000000000001,-93.71047650306002
-0.3437,-93.45582846908432
-0.3447000000000001,-93.63974093806678
-0.3457,-94.26221391000739
-0.3467000000000001,-94.20562545801279
-0.3477,-94.17733123201549
-0.3487000000000001,-94.70077441296557
-0.3497,-94.92712822094396
-0.3507000000000001,-94.72906863896286
-0.3517,-95.15348202892238
-0.3527000000000001,-95.83254345285758
-0.3537,-95.81839633985894
-0.3547000000000001,-96.03060303483868
-0.3557,-96.63892889378066
-0.35670000000000013,-96.5964875547847
-0.3577,-96.58234044178606
-0.35870000000000013,-97.26140186572127
-0.3597,-97.47360856070102
-0.36070000000000013,-97.31799031771587
-0.3617,-97.71410948167808
-0.3626999999999999,-98.29414111462276
-0.3637,-98.4780535836052
-0.3646999999999999,-98.7892900695755
-0.3657,-99.56738128450128
-0.3666999999999999,-99.45420438051207
-0.3677,-99.21370345953503
-0.3686999999999999,-99.6522639624932
-0.36970000000000003,-100.00594178745945
-0.3706999999999999,-100.17570714344325
-0.37170000000000003,-100.91135701937307
-0.3726999999999999,-101.51968287831504
-0.37370000000000003,-101.26503484433933
-0.3746999999999999,-101.16600505334877
-0.37570000000000003,-101.76018379929208
-0.3766999999999999,-101.95824338127319
-0.37770000000000004,-102.3826567712327
-0.3786999999999999,-103.33051334214227
-0.37970000000000004,-103.33051334214227
-0.3806999999999999,-102.75048170919762
-0.38170000000000004,-102.97683551717601
-0.38269999999999993,-103.54272003712204
-0.38370000000000004,-103.86810363609099
-0.38469999999999993,-104.13689878306535
-0.38570000000000004,-104.60375351202082
-0.38669999999999993,-102.83536438718951
-0.38570000000000004,-99.17126212053905
-0.38469999999999993,-96.72381157177257
-0.38370000000000004,-94.21977257101145
-0.38269999999999993,-91.64499800525708
-0.38170000000000004,-89.77757908943524
-0.3806999999999999,-88.06577841659853
-0.37970000000000004,-85.92956435380233
-0.3786999999999999,-84.06214543798048
-0.37770000000000004,-82.53425723412623
-0.3766999999999999,-80.55366141431519
-0.37570000000000003,-78.88430208047446
-0.3746999999999999,-78.02132818755678
-0.37370000000000003,-76.56417554869579
-0.3726999999999999,-74.41381437290093
-0.37170000000000003,-73.06983863802915
-0.3706999999999999,-72.00880516313036
-0.36970000000000003,-70.28285737729502
-0.3686999999999999,-69.02376432041514
-0.3677,-68.0051721845123
-0.3666999999999999,-66.46313686765943
-0.3657,-64.9352486638052
-0.3646999999999999,-64.0722747708875
-0.3637,-62.86977016600223
-0.3626999999999999,-61.242852171157445
-0.3617,-60.33743693924381
-0.36070000000000013,-59.417874594331536
-0.3597,-57.87583927747865
-0.35870000000000013,-56.74407023758662
-0.3577,-56.12159726564601
-0.35670000000000013,-54.933239773759375
-0.3557,-53.63170537788354
-0.3547000000000001,-52.853614162957776
-0.3537,-51.65110955807249
-0.3527000000000001,-50.179809806212845
-0.3517,-49.50074838227763
-0.3507000000000001,-48.83583407134107
-0.3497,-47.47771122347063
-0.3487000000000001,-46.544001765559706
-0.3477,-45.99226435861234
-0.3467000000000001,-44.73317130173246
-0.3457,-43.57310803584313
-0.3447000000000001,-43.106253306887666
-0.3437,-42.29986786596459
-0.3427000000000001,-41.097363261079316
-0.3417,-40.4748902891387
-0.3407000000000001,-39.82412309120078
-0.3397,-38.55088292132225
-0.3387000000000001,-37.801085932393775
-0.3377,-37.39081965543292
-0.3367000000000001,-36.315639067535486
-0.3357,-35.282899818634014
-0.3347000000000001,-34.9150748806691
-0.3337,-34.193572117737936
-0.3327000000000001,-33.06180307784591
-0.3317,-32.4676243319026
-0.3307000000000001,-31.887592698957924
-0.3297,-31.12364859703081
-0.3287000000000001,-30.670940981073993
-0.3277,-30.387998721100992
-0.3267000000000001,-29.42599503719276
-0.3257,-28.478138466283188
-0.3247000000000001,-28.11031352831828
-0.3237,-27.190751183406004
-0.3227000000000001,-26.044835030515326
-0.3217,-25.747745657543668
-0.3207000000000001,-25.42236205857471
-0.3197,-24.417917035670534
-0.3187000000000001,-23.66812004674206
-0.3177,-23.257853769781203
-0.3167000000000001,-22.324144311870278
-0.3157,-21.531905983945855
-0.3147000000000001,-21.404581966958006
-0.3137,-20.838697447011988
-0.3127000000000001,-19.820105311109163
-0.3117,-19.4381332601456
-0.3107000000000001,-19.098602548177997
-0.3097,-18.15074597726842
-0.3087000000000001,-17.655597022315657
-0.3077,-17.48583166633185
-0.3067000000000001,-16.679446225408782
-0.30569999999999997,-15.929649236480316
-0.3047000000000001,-15.844766558488407
-0.30369999999999997,-15.335470490536997
-0.3027000000000001,-14.444202371622024
-0.30169999999999997,-14.175407224647667
-0.3007000000000001,-13.90378265507358
-0.29969999999999997,-12.975732042362116
-0.2987000000000001,-12.517365581205844
-0.29769999999999996,-12.415506367615562
-0.2967000000000001,-11.654391688288172
-0.29569999999999996,-10.94562132705579
-0.2947000000000001,-10.881959318561863
-0.29369999999999996,-10.43491054780451
-0.29270000000000007,-9.607304437383464
-0.29169999999999996,-9.407830144102494
-0.29070000000000007,-9.158840955326248
-0.28969999999999996,-8.312843598006955
-0.28870000000000007,-7.891259630647174
-0.28769999999999996,-7.840330023852035
-0.28670000000000007,-7.130144951319785
-0.28569999999999995,-6.480792464681733
-0.28470000000000006,-6.472304196882543
-0.28369999999999995,-6.060623208621817
-0.28270000000000006,-5.281117282396182
-0.28169999999999995,-5.132572595910353
-0.28070000000000006,-4.933098302629383
-0.27969999999999995,-4.146518819904423
-0.27870000000000006,-3.7673761915405932
-0.27769999999999995,-3.7716203254401877
-0.27670000000000006,-3.1434885083001114
-0.27569999999999995,-2.5295038041586855
-0.27470000000000006,-2.550724473656661
-0.27369999999999994,-2.13196992889661
-0.27270000000000005,-1.385285304827844
-0.27169999999999994,-1.2924802435566976
-0.27070000000000005,-1.1542629495598833
-0.26969999999999994,-0.3952703371822912
-0.26870000000000005,-0.05593768479666354
-0.26769999999999994,-0.06514745535878494
-0.26670000000000005,0.5511715224274183
-0.26569999999999994,1.1115386683039592
-0.26470000000000005,1.0562234564792363
-0.26369999999999993,1.4130136463051988
-0.26270000000000004,2.122066949797555
-0.26169999999999993,2.199876071290132
-0.26070000000000004,2.2932470170812245
-0.25969999999999993,3.0175792026121235
-0.25870000000000004,3.2991067512852656
-0.25769999999999993,3.2425182992906643
-0.25670000000000004,3.8282087774347895
-0.2556999999999999,4.360140226184043
-0.25470000000000004,4.283745815991331
-0.2536999999999999,4.61761768275948
-0.25270000000000004,5.302337951894157
-0.2516999999999999,5.344779290890109
-0.25070000000000003,5.411270721983764
-0.24969999999999992,6.094576279818578
-0.24870000000000003,6.363371426792935
-0.24769999999999992,6.262926924502518
-0.24670000000000003,6.842958557447183
-0.24569999999999992,7.355084047998325
-0.24470000000000003,7.243321855308987
-0.24369999999999992,7.540411228280647
-0.24270000000000003,8.182690158419373
-0.24169999999999991,8.202496116617484
-0.24070000000000003,8.278890526810194
-0.2396999999999999,8.950878394246088
-0.23870000000000002,9.188549892623413
-0.2376999999999999,9.073958277334345
-0.23670000000000002,9.605889726083598
-0.23570000000000013,10.08689156803771
-0.23470000000000002,9.928443902452829
-0.23370000000000013,10.234021543223676
-0.23270000000000002,10.884788741161593
-0.23170000000000013,10.903179988059838
-0.23070000000000002,10.961183151354303
-0.22970000000000013,11.621853328391275
-0.22870000000000001,11.802936374774
-0.22770000000000012,11.664294667387228
-0.2267,12.15378477714053
-0.22570000000000012,12.636201330394508
-0.2247,12.494730200408004
-0.22370000000000012,12.781916594280606
-0.2227,13.388827741922707
-0.22170000000000012,13.349215825526485
-0.2207,13.397316009721898
-0.21970000000000012,14.06647445455806
-0.2187,14.288584128636872
-0.21770000000000012,14.147112998650368
-0.2167,14.599820614607177
-0.2157000000000001,15.03838111756534
-0.2147,14.882762874580186
-0.2137000000000001,15.179852247551842
-0.2127,15.844766558488407
-0.2117000000000001,15.844766558488407
-0.2107,15.830619445489761
-0.2097000000000001,16.424798191433077
-0.2087,16.637004886412832
-0.2077000000000001,16.52382798242363
-0.2067,16.99068271137909
-0.2057000000000001,17.386801875341302
-0.2047,17.217036519357496
-0.2037000000000001,17.556567231325104
-0.2027,18.17904020326572
-0.2017000000000001,18.13659886426977
-0.2007,18.164893090267068
-0.1997000000000001,18.829807401203638
-0.1987,19.027866983184744
-0.1977000000000001,18.872248740199588
-0.19669999999999999,19.3249563561564
-0.1957000000000001,19.791811085111863
-0.19469999999999998,19.70692840711996
-0.1937000000000001,19.98987066709297
-0.19269999999999998,20.48501962204573
-0.1917000000000001,20.34354849205923
-0.1907000000000001,20.34354849205923
-0.1897000000000002,21.036757028993097
-0.1887000000000001,21.16408104598095
-0.1877000000000002,20.86699167300929
-0.1867000000000001,21.2065223849769
-0.1857000000000002,21.729965565926964
-0.1847000000000001,21.744112678925614
-0.1837000000000002,22.055349164895922
-0.18270000000000008,22.578792345845983
-0.1817000000000002,22.451468328858134
-0.18070000000000008,22.508056780852733
-0.1797000000000002,23.2012653177866
-0.17870000000000008,23.45591335176231
-0.1777000000000002,23.342736447773106
-0.17670000000000008,23.795444063729917
-0.1757000000000002,24.20571034069078
-0.17470000000000008,24.092533436701576
-0.1737000000000002,24.389622809673234
-0.17270000000000008,25.04039000761115
-0.17170000000000019,25.04039000761115
-0.17070000000000007,25.12527268560305
-0.16970000000000018,25.81848122253692
-0.16870000000000007,25.959952352523427
-0.16770000000000018,25.77603988354097
-0.16670000000000007,26.257041725495082
-0.16570000000000018,26.681455115454593
-0.16470000000000007,26.568278211465387
-0.16370000000000018,26.907808923433
-0.16270000000000007,27.530281895373616
-0.16170000000000018,27.558576121370916
-0.16070000000000007,27.572723234369565
-0.15970000000000018,28.265931771303435
-0.15870000000000006,28.506432692280487
-0.15770000000000017,28.393255788291288
-0.15670000000000006,28.8176691782508
-0.15570000000000017,29.199641229214354
-0.15470000000000006,29.044022986229205
-0.15370000000000017,29.440142150191413
-0.15270000000000006,30.11920357412663
-0.15170000000000017,30.06261512213203
-0.15070000000000006,30.07676223513068
-0.14970000000000017,30.741676546067247
-0.14870000000000005,30.968030354045652
-0.14770000000000016,30.91144190205105
-0.14670000000000005,31.434885083001117
-0.14570000000000016,31.930034037953877
-0.14470000000000005,31.83100424696332
-0.14370000000000016,32.14224073293363
-0.14270000000000005,32.807155043870196
-0.14170000000000016,32.7788608178729
-0.14070000000000005,32.807155043870196
-0.13970000000000016,33.51451069380272
-0.13870000000000005,33.81160006677438
-0.13770000000000016,33.783305840777075
-0.13670000000000004,34.377484586720385
-0.13570000000000015,34.8018979766799
-0.13470000000000004,34.6887210726907
-0.13370000000000015,35.05654601065561
-0.13270000000000004,35.763901660588125
-0.13170000000000015,35.79219588658543
-0.13070000000000004,35.79219588658543
-0.12970000000000015,36.44296308452335
-0.12870000000000004,36.740052457495004
-0.12770000000000015,36.725905344496354
-0.12670000000000003,37.305936977441014
-0.12570000000000014,37.81523304539243
-0.12470000000000003,37.758644593397825
-0.12370000000000014,38.16891087035869
-0.12270000000000003,38.90456074628851
-0.12170000000000014,38.98944342428042
-0.12070000000000003,39.116767441268266
-0.11970000000000014,39.75338752620753
-0.11870000000000003,39.96559422118728
-0.11770000000000014,39.97974133418594
-0.11670000000000003,40.616361419125205
-0.11570000000000014,41.168098826072566
-0.11470000000000002,41.06906903508202
-0.11370000000000013,41.46518819904423
-0.11270000000000002,42.214985187972694
-0.11170000000000013,42.243279413969994
-0.11070000000000024,42.3281620919619
-0.10970000000000013,43.09210619388902
-0.10870000000000024,43.43163690585662
-0.10770000000000013,43.53066669684718
-0.10670000000000024,44.138992555789144
-0.10570000000000013,44.648288623740555
-0.10470000000000024,44.535111719751356
-0.10370000000000013,44.88878954471762
-0.10270000000000024,45.581998081651484
-0.10170000000000012,45.624439420647434
-0.10070000000000023,45.76591055063393
-0.09970000000000012,46.61473733055296
-0.09870000000000023,47.01085649451517
-0.09770000000000012,47.03915072051247
-0.09670000000000023,47.619182353457134
-0.09570000000000012,48.114331308409895
-0.09470000000000023,48.086037082412595
-0.09370000000000012,48.49630335937346
-0.09270000000000023,49.24610034830193
-0.09170000000000011,49.23195323530328
-0.09070000000000022,49.34513013929248
-0.08970000000000011,50.1373684672169
-0.08870000000000022,50.47689917918451
-0.08770000000000011,50.547634744177756
-0.08670000000000022,51.14181349012107
-0.08570000000000011,51.65110955807249
-0.08470000000000022,51.679403784069784
-0.08370000000000011,52.11796428702795
-0.08270000000000022,52.81117282396182
-0.0817000000000001,53.023379518941574
-0.08070000000000022,53.30632177891458
-0.0797000000000001,54.1268543328363
-0.07870000000000021,54.39564947981066
-0.0777000000000001,54.31076680181876
-0.07670000000000021,55.018122451751275
-0.0757000000000001,55.76791944067975
-0.07470000000000021,55.881096344668954
-0.0737000000000001,56.29136262162981
-0.07270000000000021,57.012865384560975
-0.0717000000000001,57.111895175551524
-0.07070000000000021,57.45142588751914
-0.0697000000000001,58.25781132844221
-0.0687000000000002,58.39928245842871
-0.0677000000000001,58.66807760540307
-0.0667000000000002,59.67252262830725
-0.06570000000000009,60.32328982624517
-0.0647000000000002,59.85643509728971
-0.06370000000000009,60.09693601826676
-0.0627000000000002,61.11552815416958
-0.06170000000000009,61.49750020513315
-0.0607000000000002,61.709706900112906
-0.059700000000000086,62.28973853305756
-0.058700000000000196,62.28973853305756
-0.057700000000000085,62.31803275905487
-0.056700000000000195,63.11027108697928
-0.05570000000000008,63.54883158993744
-0.05470000000000019,63.20930087796983
-0.05370000000000008,63.322477781959044
-0.05270000000000019,63.902509414903705
-0.05170000000000008,64.18545167487672
-0.05070000000000019,64.59571795183757
-0.04970000000000008,65.52942740974851
-0.04870000000000019,65.85481100871746
-0.047700000000000076,65.84066389571882
-0.046700000000000186,66.56216665864997
-0.045700000000000074,67.28366942158114
-0.044700000000000184,67.35440498657438
-0.04370000000000007,67.7505241505366
-0.04270000000000018,68.40129134847452
-0.04170000000000007,68.52861536546239
-0.04070000000000018,68.79741051243674
-0.03970000000000007,69.6886786313517
-0.03870000000000018,70.19797469930313
-0.03770000000000007,70.36774005528693
-0.03670000000000018,71.08924281821808
-0.035700000000000065,71.61268599916815
-0.034700000000000175,71.44292064318435
-0.03370000000000006,71.75415712915466
-0.03270000000000017,72.40492432709259
-0.03170000000000006,72.50395411808313
-0.03070000000000017,72.87177905604804
-0.02970000000000006,73.6498702709738
-0.02870000000000017,73.91866541794816
-0.027700000000000058,73.93281253094682
-0.026700000000000168,74.65431529387797
-0.025700000000000056,75.30508249181591
-0.024700000000000166,75.2767882658186
-0.023700000000000054,75.68705454277946
-0.022700000000000164,76.28123328872279
-0.021700000000000053,76.22464483672817
-0.020700000000000163,76.35196885371603
-0.01970000000000005,77.1583542946391
-0.01870000000000016,77.42714944161345
-0.01770000000000005,77.37056098961885
-0.01670000000000016,77.96473973556218
-0.015700000000000047,78.54477136850683
-0.014700000000000157,78.70038961149199
-0.013700000000000045,79.26627413143801
-0.012700000000000156,79.97362978137053
-0.011700000000000044,79.94533555537322
-0.010700000000000154,80.00192400736783
-0.009700000000000042,80.69513254430169
-0.008700000000000152,80.96392769127604
-0.00770000000000004,81.11954593426121
-0.00670000000000015,81.81275447119506
-0.005700000000000038,82.33619765214513
-0.0047000000000001485,82.32205053914649
-0.0037000000000000366,82.76061104210466
-0.0027000000000001467,83.56699648302772
-0.0017000000000000348,83.75090895201016
-0.000700000000000145,83.89238008199668
0.00029999999999996696,84.5431472799346
0.0012999999999998568,84.769501087913
0.0022999999999999687,84.86853087890354
0.0032999999999998586,85.53344518984011
0.0042999999999999705,85.98615280579692
0.00529999999999986,85.80224033681448
0.006299999999999972,86.12762393578342
0.007299999999999862,86.8208324727173
0.008299999999999974,86.84912669871461
0.009299999999999864,86.99059782870111
0.010299999999999976,87.75454193062824
0.011299999999999866,87.98089573860662
0.012299999999999978,87.81113038262282
