Potential V vs RHE, Current mA cm-2
0.013299999999999867,-0.26384365742482935
0.012299999999999978,-0.48199213986401795
0.011299999999999866,-0.5255652478998613
0.010299999999999976,-0.5692798270656908
0.009299999999999864,-0.6128529351015338
0.008299999999999974,-0.6128529351015338
0.007299999999999862,-0.5692798270656908
0.006299999999999972,-0.5692798270656908
0.00529999999999986,-0.5692798270656908
0.0042999999999999705,-0.6128529351015338
0.0032999999999998586,-0.6128529351015338
0.0022999999999999687,-0.6128529351015338
0.0012999999999998568,-0.6128529351015338
0.00029999999999996696,-0.6128529351015338
-0.000700000000000145,-0.5692798270656908
-0.0017000000000000348,-0.6128529351015338
-0.0027000000000001467,-0.6128529351015338
-0.0037000000000000366,-0.6128529351015338
-0.0047000000000001485,-0.6128529351015338
-0.005700000000000038,-0.6128529351015338
-0.00670000000000015,-0.6128529351015338
-0.00770000000000004,-0.6128529351015338
-0.008700000000000152,-0.6128529351015338
-0.009700000000000042,-0.6564260431373771
-0.010700000000000154,-0.6564260431373771
-0.011700000000000044,-0.6128529351015338
-0.012700000000000156,-0.6128529351015338
-0.013700000000000045,-0.6128529351015338
-0.014700000000000157,-0.6128529351015338
-0.015700000000000047,-0.6128529351015338
-0.01670000000000016,-0.6128529351015338
-0.01770000000000005,-0.6128529351015338
-0.01870000000000016,-0.6128529351015338
-0.01970000000000005,-0.6128529351015338
-0.020700000000000163,-0.6128529351015338
-0.021700000000000053,-0.6128529351015338
-0.022700000000000164,-0.6128529351015338
-0.023700000000000054,-0.6128529351015338
-0.024700000000000166,-0.6564260431373771
-0.025700000000000056,-0.6128529351015338
-0.026700000000000168,-0.6128529351015338
-0.027700000000000058,-0.6128529351015338
-0.02870000000000017,-0.6128529351015338
-0.02970000000000006,-0.6128529351015338
-0.03070000000000017,-0.6128529351015338
-0.03170000000000006,-0.6128529351015338
-0.03270000000000017,-0.6128529351015338
-0.03370000000000006,-0.6128529351015338
-0.034700000000000175,-0.6128529351015338
-0.035700000000000065,-0.6128529351015338
-0.03670000000000018,-0.6564260431373771
-0.03770000000000007,-0.6128529351015338
-0.03870000000000018,-0.6128529351015338
-0.03970000000000007,-0.6128529351015338
-0.04070000000000018,-0.6128529351015338
-0.04170000000000007,-0.6128529351015338
-0.04270000000000018,-0.6128529351015338
-0.04370000000000007,-0.6128529351015338
-0.044700000000000184,-0.6128529351015338
-0.045700000000000074,-0.6128529351015338
-0.046700000000000186,-0.6564260431373771
-0.047700000000000076,-0.6128529351015338
-0.04870000000000019,-0.6128529351015338
-0.04970000000000008,-0.6564260431373771
-0.05070000000000019,-0.6564260431373771
-0.05170000000000008,-0.6564260431373771
-0.05270000000000019,-0.6128529351015338
-0.05370000000000008,-0.6128529351015338
-0.05470000000000019,-0.6128529351015338
-0.05570000000000008,-0.6128529351015338
-0.056700000000000195,-0.6128529351015338
-0.057700000000000085,-0.6128529351015338
-0.058700000000000196,-0.6128529351015338
-0.059700000000000086,-0.6128529351015338
-0.0607000000000002,-0.6128529351015338
-0.06170000000000009,-0.6128529351015338
-0.0627000000000002,-0.6128529351015338
-0.06370000000000009,-0.6128529351015338
-0.0647000000000002,-0.6564260431373771
-0.06570000000000009,-0.6128529351015338
-0.0667000000000002,-0.6128529351015338
-0.0677000000000001,-0.6128529351015338
-0.0687000000000002,-0.6128529351015338
-0.0697000000000001,-0.6564260431373771
-0.07070000000000021,-0.6128529351015338
-0.0717000000000001,-0.6128529351015338
-0.07270000000000021,-0.6128529351015338
-0.0737000000000001,-0.6128529351015338
-0.07470000000000021,-0.6128529351015338
-0.0757000000000001,-0.6128529351015338
-0.07670000000000021,-0.6564260431373771
-0.0777000000000001,-0.6128529351015338
-0.07870000000000021,-0.6128529351015338
-0.0797000000000001,-0.6128529351015338
-0.08070000000000022,-0.6128529351015338
-0.0817000000000001,-0.6128529351015338
-0.08270000000000022,-0.6128529351015338
-0.08370000000000011,-0.6564260431373771
-0.08470000000000022,-0.6128529351015338
-0.08570000000000011,-0.6128529351015338
-0.08670000000000022,-0.6128529351015338
-0.08770000000000011,-0.6128529351015338
-0.08870000000000022,-0.6128529351015338
-0.08970000000000011,-0.6128529351015338
-0.09070000000000022,-0.6128529351015338
-0.09170000000000011,-0.6128529351015338
-0.09270000000000023,-0.6128529351015338
-0.09370000000000012,-0.6128529351015338
-0.09470000000000023,-0.6128529351015338
-0.09570000000000012,-0.6128529351015338
-0.09670000000000023,-0.6128529351015338
-0.09770000000000012,-0.6128529351015338
-0.09870000000000023,-0.6128529351015338
-0.09970000000000012,-0.6128529351015338
-0.10070000000000023,-0.6128529351015338
-0.10170000000000012,-0.6128529351015338
-0.10270000000000024,-0.6128529351015338
-0.10370000000000013,-0.6128529351015338
-0.10470000000000024,-0.6128529351015338
-0.10570000000000013,-0.6128529351015338
-0.10670000000000024,-0.6128529351015338
-0.10770000000000013,-0.6128529351015338
-0.10870000000000024,-0.6128529351015338
-0.10970000000000013,-0.6128529351015338
-0.11070000000000024,-0.6128529351015338
-0.11170000000000013,-0.6128529351015338
-0.11270000000000002,-0.6128529351015338
-0.11370000000000013,-0.6128529351015338
-0.11470000000000002,-0.6128529351015338
-0.11570000000000014,-0.6128529351015338
-0.11670000000000003,-0.6128529351015338
-0.11770000000000014,-0.6128529351015338
-0.11870000000000003,-0.6128529351015338
-0.11970000000000014,-0.6128529351015338
-0.12070000000000003,-0.5692798270656908
-0.12170000000000014,-0.6128529351015338
-0.12270000000000003,-0.6128529351015338
-0.12370000000000014,-0.6564260431373771
-0.12470000000000003,-0.6128529351015338
-0.12570000000000014,-0.6128529351015338
-0.12670000000000003,-0.6128529351015338
-0.12770000000000015,-0.6128529351015338
-0.12870000000000004,-0.6128529351015338
-0.12970000000000015,-0.6128529351015338
-0.13070000000000004,-0.6128529351015338
-0.13170000000000015,-0.6128529351015338
-0.13270000000000004,-0.5692798270656908
-0.13370000000000015,-0.5692798270656908
-0.13470000000000004,-0.5692798270656908
-0.13570000000000015,-0.6128529351015338
-0.13670000000000004,-0.6128529351015338
-0.13770000000000016,-0.6128529351015338
-0.13870000000000005,-0.6128529351015338
-0.13970000000000016,-0.6128529351015338
-0.14070000000000005,-0.6128529351015338
-0.14170000000000016,-0.6128529351015338
-0.14270000000000005,-0.6128529351015338
-0.14370000000000016,-0.6564260431373771
-0.14470000000000005,-0.6128529351015338
-0.14570000000000016,-0.6128529351015338
-0.14670000000000005,-0.6128529351015338
-0.14770000000000016,-0.6128529351015338
-0.14870000000000005,-0.6128529351015338
-0.14970000000000017,-0.6128529351015338
-0.15070000000000006,-0.6128529351015338
-0.15170000000000017,-0.6564260431373771
-0.15270000000000006,-0.6128529351015338
-0.15370000000000017,-0.6128529351015338
-0.15470000000000006,-0.6128529351015338
-0.15570000000000017,-0.6128529351015338
-0.15670000000000006,-0.6128529351015338
-0.15770000000000017,-0.6128529351015338
-0.15870000000000006,-0.6128529351015338
-0.15970000000000018,-0.6128529351015338
-0.16070000000000007,-0.6128529351015338
-0.16170000000000018,-0.6128529351015338
-0.16270000000000007,-0.6128529351015338
-0.16370000000000018,-0.6128529351015338
-0.16470000000000007,-0.6128529351015338
-0.16570000000000018,-0.6128529351015338
-0.16670000000000007,-0.6128529351015338
-0.16770000000000018,-0.6128529351015338
-0.16870000000000007,-0.6128529351015338
-0.16970000000000018,-0.6128529351015338
-0.17070000000000007,-0.6128529351015338
-0.17170000000000019,-0.6128529351015338
-0.17270000000000008,-0.6128529351015338
-0.1737000000000002,-0.6128529351015338
-0.17470000000000008,-0.6128529351015338
-0.1757000000000002,-0.6128529351015338
-0.17670000000000008,-0.6128529351015338
-0.1777000000000002,-0.6128529351015338
-0.17870000000000008,-0.6564260431373771
-0.1797000000000002,-0.6128529351015338
-0.18070000000000008,-0.6128529351015338
-0.1817000000000002,-0.6128529351015338
-0.18270000000000008,-0.6564260431373771
-0.1837000000000002,-0.6564260431373771
-0.1847000000000001,-0.6564260431373771
-0.1857000000000002,-0.6564260431373771
-0.1867000000000001,-0.6564260431373771
-0.1877000000000002,-0.6128529351015338
-0.1887000000000001,-0.6564260431373771
-0.1897000000000002,-0.6564260431373771
-0.1907000000000001,-0.6564260431373771
-0.1917000000000001,-0.6564260431373771
-0.19269999999999998,-0.6564260431373771
-0.1937000000000001,-0.6564260431373771
-0.19469999999999998,-0.6564260431373771
-0.1957000000000001,-0.6564260431373771
-0.19669999999999999,-0.7001406223032067
-0.1977000000000001,-0.6564260431373771
-0.1987,-0.6564260431373771
-0.1997000000000001,-0.6564260431373771
-0.2007,-0.6564260431373771
-0.2017000000000001,-0.6564260431373771
-0.2027,-0.6564260431373771
-0.2037000000000001,-0.7001406223032067
-0.2047,-0.7001406223032067
-0.2057000000000001,-0.6564260431373771
-0.2067,-0.6564260431373771
-0.2077000000000001,-0.6564260431373771
-0.2087,-0.7001406223032067
-0.2097000000000001,-0.7001406223032067
-0.2107,-0.7001406223032067
-0.2117000000000001,-0.7001406223032067
-0.2127,-0.7001406223032067
-0.2137000000000001,-0.7001406223032067
-0.2147,-0.7001406223032067
-0.2157000000000001,-0.7437137303390498
-0.2167,-0.7437137303390498
-0.21770000000000012,-0.7437137303390498
-0.2187,-0.7437137303390498
-0.21970000000000012,-0.7437137303390498
-0.2207,-0.7437137303390498
-0.22170000000000012,-0.7437137303390498
-0.2227,-0.7437137303390498
-0.22370000000000012,-0.7872868383748929
-0.2247,-0.7872868383748929
-0.22570000000000012,-0.7437137303390498
-0.2267,-0.7437137303390498
-0.22770000000000012,-0.7437137303390498
-0.22870000000000001,-0.7872868383748929
-0.22970000000000013,-0.7872868383748929
-0.23070000000000002,-0.7872868383748929
-0.23170000000000013,-0.7872868383748929
-0.23270000000000002,-0.7872868383748929
-0.23370000000000013,-0.8308599464107361
-0.23470000000000002,-0.8308599464107361
-0.23570000000000013,-0.8308599464107361
-0.23670000000000002,-0.8308599464107361
-0.2376999999999999,-0.8308599464107361
-0.23870000000000002,-0.8308599464107361
-0.2396999999999999,-0.8308599464107361
-0.24070000000000003,-0.8308599464107361
-0.24169999999999991,-0.8745745255765657
-0.24270000000000003,-0.8745745255765657
-0.24369999999999992,-0.9181476336124089
-0.24470000000000003,-0.9181476336124089
-0.24569999999999992,-0.8745745255765657
-0.24670000000000003,-0.9181476336124089
-0.24769999999999992,-0.9181476336124089
-0.24870000000000003,-0.9181476336124089
-0.24969999999999992,-0.9617207416482519
-0.25070000000000003,-0.9617207416482519
-0.2516999999999999,-0.9617207416482519
-0.25270000000000004,-0.9617207416482519
-0.2536999999999999,-1.0054353208140816
-0.25470000000000004,-1.0054353208140816
-0.2556999999999999,-1.0054353208140816
-0.25670000000000004,-1.0490084288499246
-0.25769999999999993,-1.0490084288499246
-0.25870000000000004,-1.0490084288499246
-0.25969999999999993,-1.0490084288499246
-0.26070000000000004,-1.0925815368857679
-0.26169999999999993,-1.0925815368857679
-0.26270000000000004,-1.0925815368857679
-0.26369999999999993,-1.1362961160515976
-0.26470000000000005,-1.1362961160515976
-0.26569999999999994,-1.1362961160515976
-0.26670000000000005,-1.1362961160515976
-0.26769999999999994,-1.1362961160515976
-0.26870000000000005,-1.1798692240874404
-0.26969999999999994,-1.2234423321232837
-0.27070000000000005,-1.2671569112891135
-0.27169999999999994,-1.2671569112891135
-0.27270000000000005,-1.2671569112891135
-0.27369999999999994,-1.2671569112891135
-0.27470000000000006,-1.3107300193249565
-0.27569999999999995,-1.3107300193249565
-0.27670000000000006,-1.3980177065266295
-0.27769999999999995,-1.3980177065266295
-0.27870000000000006,-1.3980177065266295
-0.27969999999999995,-1.3980177065266295
-0.28070000000000006,-1.3980177065266295
-0.28169999999999995,-1.4415908145624723
-0.28270000000000006,-1.4854468648582886
-0.28369999999999995,-1.4854468648582886
-0.28470000000000006,-1.5293029151541047
-0.28569999999999995,-1.5293029151541047
-0.28670000000000007,-1.5717442541500557
-0.28769999999999996,-1.5717442541500557
-0.28870000000000007,-1.6156003044458718
-0.28969999999999996,-1.6594563547416883
-0.29070000000000007,-1.6594563547416883
-0.29169999999999996,-1.7033124050375041
-0.29270000000000007,-1.7471684553333202
-0.29369999999999996,-1.7471684553333202
-0.2947000000000001,-1.7910245056291363
-0.29569999999999996,-1.8334658446250875
-0.2967000000000001,-1.8773218949209036
-0.29769999999999996,-1.92117794521672
-0.2987000000000001,-1.92117794521672
-0.29969999999999997,-1.9650339955125358
-0.3007000000000001,-2.008890045808352
-0.30169999999999997,-2.052746096104168
-0.3027000000000001,-2.095187435100119
-0.30369999999999997,-2.095187435100119
-0.3047000000000001,-2.1390434853959355
-0.30569999999999997,-2.1828995356917518
-0.3067000000000001,-2.226755585987568
-0.3077,-2.2706116362833835
-0.3087000000000001,-2.3144676865791998
-0.3097,-2.3569090255751513
-0.3107000000000001,-2.4446211261667834
-0.3117,-2.4884771764625997
-0.3127000000000001,-2.532333226758415
-0.3137,-2.532333226758415
-0.3147000000000001,-2.576189277054232
-0.3157,-2.662486666345999
-0.3167000000000001,-2.7501987669376318
-0.3177,-2.7501987669376318
-0.3187000000000001,-2.794054817233447
-0.3197,-2.8379108675292635
-0.3207000000000001,-2.8803522065252145
-0.3217,-2.968064307116847
-0.3227000000000001,-3.0119203574126634
-0.3237,-3.0996324580042955
-0.3247000000000001,-3.1420737970002466
-0.3257,-3.2297858975918787
-0.3267000000000001,-3.273641947887695
-0.3277,-3.361354048479327
-0.3287000000000001,-3.403795387475278
-0.3297,-3.4915074880669104
-0.3307000000000001,-3.579219588658543
-0.3317,-3.623075638954359
-0.3327000000000001,-3.7093730282461257
-0.3337,-3.7532290785419424
-0.3347000000000001,-3.840941179133574
-0.3357,-3.927238568425342
-0.3367000000000001,-4.014950669016974
-0.3377,-4.102662769608606
-0.3387000000000001,-4.1889601589003735
-0.3397,-4.276672259492005
-0.3407000000000001,-4.364384360083638
-0.3417,-4.450681749375406
-0.3427000000000001,-4.582249900262854
-0.3437,-4.712403339850438
-0.3447000000000001,-4.800115440442069
-0.3457,-4.887827541033701
-0.3467000000000001,-4.974124930325469
-0.3477,-5.105693081212917
-0.3487000000000001,-5.235846520800501
-0.3497,-5.367414671687949
-0.3507000000000001,-5.497568111275533
-0.3517,-5.585280211867165
-0.3527000000000001,-5.715433651454749
-0.3537,-5.847001802342197
-0.3547000000000001,-5.9347139029338285
-0.3557,-6.064867342521412
-0.35670000000000013,-6.196435493408861
-0.3577,-6.326588932996443
-0.35870000000000013,-6.500598422879844
-0.3597,-6.6760226240631075
-0.36070000000000013,-6.850032113946507
-0.3617,-6.981600264833956
-0.3626999999999999,-7.199465805013171
-0.3637,-7.37347529489657
-0.3646999999999999,-7.5474847847799715
-0.3657,-7.679052935667419
-0.3666999999999999,-7.853062425550818
-0.3677,-7.984630576438266
-0.3686999999999999,-8.202496116617484
-0.36970000000000003,-8.4203616567967
-0.3706999999999999,-8.594371146680096
-0.37170000000000003,-8.769795347863363
-0.3726999999999999,-8.987660888042578
-0.37370000000000003,-9.205526428221793
-0.3746999999999999,-9.467248018696827
-0.37570000000000003,-9.641257508580225
-0.3766999999999999,-9.85912304875944
-0.37770000000000004,-10.078403300238522
-0.3786999999999999,-10.340124890713554
-0.37970000000000004,-10.601846481188586
-0.3806999999999999,-10.819712021367803
-0.38170000000000004,-11.037577561547016
-0.38269999999999993,-11.255443101726232
-0.38370000000000004,-11.56102074249708
-0.38469999999999993,-11.909039722263879
-0.38570000000000004,-12.170761312738911
-0.38669999999999993,-12.390041564217992
-0.38770000000000004,-12.694204493688973
-0.38869999999999993,-12.99978213445982
-0.38970000000000005,-13.349215825526485
-0.39069999999999994,-13.654793466297335
-0.39170000000000005,-13.960371107068182
-0.39269999999999994,-14.217848563643619
-0.39370000000000005,-14.529085049613924
-0.39469999999999994,-14.868615761581536
-0.39570000000000005,-15.222293586547794
-0.39669999999999994,-15.533530072518102
-0.39770000000000005,-15.830619445489761
-0.39869999999999994,-16.141855931460068
-0.39970000000000006,-16.580416434418233
-0.40069999999999995,-16.962388485381787
-0.40170000000000006,-17.316066310348052
-0.40269999999999995,-17.71218547431026
-0.40370000000000006,-18.15074597726842
-0.40469999999999995,-18.53271802823198
-0.40570000000000006,-18.92883719219419
-0.40669999999999995,-19.28251501716045
-0.40770000000000006,-19.636192842126707
-0.40869999999999995,-19.97572355409432
-0.40970000000000006,-20.414284057052477
-0.41069999999999995,-20.810403221014692
-0.41170000000000007,-21.248963723972853
-0.41269999999999996,-21.58849443594046
-0.41370000000000007,-22.027054938898623
-0.41469999999999996,-22.508056780852733
-0.41570000000000007,-22.946617283810895
-0.41669999999999996,-23.427619125765005
-0.41770000000000007,-23.86617962872317
-0.41869999999999996,-24.290593018682678
-0.4197000000000001,-24.771594860636792
-0.42069999999999996,-25.295038041586857
-0.4217000000000001,-25.73359854454502
-0.42269999999999996,-26.17215904750318
-0.4237000000000001,-26.61071955046134
-0.42469999999999997,-27.134162731411404
-0.4257000000000001,-27.572723234369565
-0.42669999999999997,-28.011283737327723
-0.4277000000000001,-28.435697127287238
-0.42869999999999997,-28.8742576302454
-0.4297000000000001,-29.35525947219951
-0.43069999999999997,-29.921143992145527
-0.4317000000000001,-30.402145834099635
-0.4327,-30.88314767605375
-0.4337000000000001,-31.40659085700382
-0.4347,-31.930034037953877
-0.4357000000000001,-32.45347721890394
-0.4367,-32.97692039985401
-0.4377000000000001,-33.45792224180811
-0.4387,-33.93892408376223
-0.4397000000000001,-34.462367264712285
-0.4407,-34.90092776767045
-0.4417000000000001,-35.38192960962457
-0.4427,-35.848784338580025
-0.4437000000000001,-36.37222751953009
-0.4447,-36.89567070048016
-0.4457000000000001,-37.41911388143023
-0.4467,-37.85767438438838
-0.4477000000000001,-38.253793548350586
-0.4487,-38.692354051308754
-0.4497000000000001,-39.173355893262865
-0.4507,-39.61191639622103
-0.4517000000000001,-40.03632978618054
-0.4527,-40.43244895014274
-0.4537000000000001,-40.91345079209687
-0.4547,-41.39445263405098
-0.4557000000000001,-41.91789581500104
-0.4567,-42.31401497896325
-0.4577000000000001,-42.752575481921404
-0.4587,-43.23357732387552
-0.4597000000000001,-43.88434452181344
-0.4607,-44.45022904175945
-0.4617000000000001,-44.88878954471762
-0.4627,-45.27076159568118
-0.4637000000000001,-45.79420477663124
-0.4647,-46.544001765559706
-0.4657000000000001,-47.19476896349763
-0.4667,-47.67577080545174
-0.4677000000000001,-48.156772647405845
-0.4687,-48.76509850634781
-0.4697000000000001,-49.557336834272235
-0.4707,-50.29298671020206
-0.4717000000000001,-50.90131256914402
-0.4727,-51.33987307210218
-0.4737000000000001,-51.69355089706845
-0.4747,-52.2169940780185
-0.4757000000000001,-52.74043725896857
-0.4767,-53.12240930993213
-0.4777000000000001,-53.39120445690648
-0.4787,-53.64585249088219
-0.4797000000000001,-54.0419716548444
-0.4807,-54.56541483579447
-0.48170000000000013,-55.13129935574048
-0.4827,-55.527418519702685
-0.48370000000000013,-55.838655005673
-0.4847,-56.1781857176406
-0.48570000000000013,-56.74407023758662
-0.4867,-57.352396096528594
-0.4876999999999999,-57.79095659948675
-0.4887,-58.27195844144086
-0.4896999999999999,-58.83784296138688
-0.4907,-59.502757272323436
-0.4916999999999999,-60.19596580925731
-0.4927,-60.67696765121143
-0.4936999999999999,-61.01649836317903
-0.49470000000000003,-61.327734849149344
-0.4956999999999999,-61.6814126741156
-0.49670000000000003,-62.20485585506566
-0.4976999999999999,-62.64341635802381
-0.49870000000000003,-62.98294706999144
-0.4996999999999999,-63.3366248949577
-0.5007,-63.944950753899654
-0.5016999999999999,-64.68060062982947
-0.5027,-65.34551494076604
-0.5036999999999999,-66.03872347769992
-0.5047,-66.56216665864997
-0.5056999999999999,-67.00072716160814
-0.5067,-67.56661168155415
-0.5076999999999999,-68.04761352350828
-0.5087,-68.44373268747047
-0.5096999999999999,-68.74082206044213
-0.5107,-69.05205854641244
-0.5116999999999999,-69.53306038836655
-0.5127,-70.09894490831257
-0.5136999999999999,-70.66482942825859
-0.5147,-71.10338993121674
-0.5156999999999999,-71.44292064318435
-0.5167,-71.92392248513846
-0.5176999999999999,-72.36248298809663
-0.5187,-72.80104349105478
-0.5196999999999999,-73.09813286402644
-0.5207,-73.32448667200485
-0.5216999999999999,-73.53669336698461
-0.5227,-73.97525386994278
-0.5236999999999999,-74.58357972888473
-0.5247,-75.1070229098348
-0.5257,-75.6729074297808
-0.5267000000000001,-76.29538040172143
-0.5277,-77.03103027765125
-0.5287000000000001,-77.55447345860131
-0.5297,-78.29012333453113
-0.5307000000000001,-78.60135982050144
-0.5317,-78.8135665154812
-0.5327000000000001,-79.08236166245555
-0.5337,-79.37945103542721
-0.5347000000000001,-79.73312886039348
-0.5357,-80.17168936335163
-0.5367000000000001,-80.73757388329766
-0.5377,-81.09125170826391
-0.5387000000000001,-81.43078242023151
-0.5397,-81.95422560118158
-0.5407000000000001,-82.39278610413973
-0.5417,-83.04355330207765
-0.5427000000000001,-83.48211380503581
-0.5437,-83.92067430799398
-0.5447000000000001,-84.31679347195619
-0.5457,-84.8826779919022
-0.5467000000000001,-85.44856251184822
-0.5477,-85.88712301480638
-0.5487000000000001,-86.41056619575643
-0.5497,-86.89156803771054
-0.5507000000000001,-87.33012854066871
-0.5517,-87.58477657464444
-0.5527000000000001,-87.85357172161878
-0.5537,-88.37701490256885
-0.5547000000000001,-88.9004580835189
-0.5557,-89.42390126446898
-0.5567000000000001,-89.84831465442848
-0.5577,-90.24443381839069
-0.5587000000000001,-90.76787699934074
-0.5597,-91.29132018029082
-0.5607000000000001,-91.98452871722468
-0.5617,-92.64944302816124
-0.5627000000000001,-93.17288620911131
-0.5637,-93.55485826007487
-0.5647000000000001,-94.07830144102493
-0.5657,-94.70077441296557
-0.5667000000000001,-95.18177625491967
-0.5677,-95.56374830588322
-0.5687000000000001,-96.0871914868333
-0.5697,-96.65307600677932
-0.5707000000000001,-97.17651918772938
-0.5717,-97.78484504667132
-0.5727000000000001,-98.09608153264163
-0.5737,-98.3082882276214
-0.5747000000000001,-98.4497593576079
-0.5757,-98.93076119956201
-0.5767000000000001,-99.45420438051207
-0.5777,-99.83617643147564
-0.5787000000000001,-100.2747369344338
-0.5797,-100.58597342040412
-0.5807000000000001,-101.15185794035013
-0.5817,-101.84506647728399
-0.5827000000000001,-102.36850965823406
-0.5837,-103.41539602013418
-0.5847000000000001,-104.12275167006669
-0.5857,-104.73107752900866
-0.5867000000000001,-104.77351886800463
-0.5857,-104.16519300906265
-0.5847000000000001,-103.59930848911664
-0.5837,-102.84951150018817
-0.5827000000000001,-101.92994915527588
-0.5817,-101.10941660135417
-0.5807000000000001,-100.02008890045809
-0.5797,-98.88831986056607
-0.5787000000000001,-97.88387483766188
-0.5777,-96.92187115375367
-0.5767000000000001,-96.52575198979144
-0.5757,-95.83254345285758
-0.5747000000000001,-95.26665893291157
-0.5737,-94.78565709095746
-0.5727000000000001,-94.6583330739696
-0.5717,-94.26221391000739
-0.5707000000000001,-93.65388805106544
-0.5697,-92.86164972314101
-0.5687000000000001,-92.16844118620713
-0.5677,-91.60255666626112
-0.5667000000000001,-90.81031833833671
-0.5657,-89.98978578441499
-0.5647000000000001,-89.28243013448247
-0.5637,-88.6741042755405
-0.5627000000000001,-88.27798511157829
-0.5617,-87.71210059163228
-0.5607000000000001,-86.93400937670651
-0.5597,-86.28324217876859
-0.5587000000000001,-85.75979899781852
-0.5577,-85.09488468688197
-0.5567000000000001,-84.09043966397778
-0.5557,-83.18502443206415
-0.5547000000000001,-82.26546208715187
-0.5537,-81.74201890620182
-0.5527000000000001,-80.90733923928146
-0.5517,-80.08680668535972
-0.5507000000000001,-79.69068752139752
-0.5497,-79.60580484340561
-0.5487000000000001,-79.33700969643127
-0.5477,-79.08236166245555
-0.5467000000000001,-78.55891848150549
-0.5457,-78.12035797854733
-0.5447000000000001,-77.90815128356756
-0.5437,-77.59691479759726
-0.5427000000000001,-76.94614759965934
-0.5417,-76.15390927173492
-0.5407000000000001,-75.14946424883075
-0.5397,-74.49869705089283
-0.5387000000000001,-73.72060583596706
-0.5377,-72.97080884703858
-0.5367000000000001,-72.53224834408043
-0.5357,-72.19271763211282
-0.5347000000000001,-71.66927445116276
-0.5337,-71.2307139482046
-0.5327000000000001,-70.66482942825859
-0.5317,-70.05650356931662
-0.5307000000000001,-69.3491479193841
-0.5297,-68.82570473843404
-0.5287000000000001,-68.38714423547587
-0.5277,-67.96273084551636
-0.5267000000000001,-67.34025787357575
-0.5257,-66.81681469262568
-0.5247,-66.20848883368372
-0.5236999999999999,-65.76992833072556
-0.5227,-65.2464851497755
-0.5216999999999999,-64.42595259585376
-0.5207,-63.732744058919906
-0.5196999999999999,-63.11027108697928
-0.5187,-62.58682790602922
-0.5176999999999999,-61.97850204708726
-0.5167,-61.455058866137186
-0.5156999999999999,-60.761850329203334
-0.5147,-60.63452631221547
-0.5136999999999999,-60.15352447026136
-0.5127,-59.587639950315335
-0.5116999999999999,-59.02175543036933
-0.5107,-58.45587091042332
-0.5096999999999999,-57.974869068469204
-0.5087,-57.26751341853669
-0.5076999999999999,-56.61674622059877
-0.5067,-56.008420361656796
-0.5056999999999999,-55.442535841710786
-0.5047,-54.834209982768826
-0.5036999999999999,-54.35320814081471
-0.5027,-53.872206298860604
-0.5016999999999999,-53.518528473894335
-0.5007,-53.26388043991864
-0.4996999999999999,-52.95264395394832
-0.49870000000000003,-52.59896612898206
-0.4976999999999999,-52.25943541701445
-0.49670000000000003,-51.82087491405629
-0.4956999999999999,-51.25499039411028
-0.49470000000000003,-50.98619524713592
-0.4936999999999999,-50.20810403221015
-0.4927,-49.557336834272235
-0.4916999999999999,-48.97730520132757
-0.4907,-48.41142068138156
-0.4896999999999999,-47.93041883942744
-0.4887,-47.54844678846388
-0.4876999999999999,-47.15232762450167
-0.4867,-46.713767121543505
-0.48570000000000013,-46.27520661858535
-0.4847,-45.85079322862584
-0.48370000000000013,-45.412232725667685
-0.4827,-44.84634820572166
-0.48170000000000013,-44.36534636376755
-0.4807,-43.84190318281749
-0.4797000000000001,-43.17698887188092
-0.4787,-42.6111043519349
-0.4777000000000001,-42.130102509980794
-0.4767,-41.74813045901723
-0.4757000000000001,-41.352011295055014
-0.4747,-40.91345079209687
-0.4737000000000001,-40.43244895014274
-0.4727,-39.90900576919269
-0.4717000000000001,-39.51288660523048
-0.4707,-38.98944342428042
-0.4697000000000001,-38.6499127123128
-0.4687,-38.12646953136274
-0.4677000000000001,-37.645467689408626
-0.4667,-37.206907186450465
-0.4657000000000001,-36.6834640055004
-0.4647,-36.244903502542236
-0.4637000000000001,-35.763901660588125
-0.4627,-35.32534115762997
-0.4617000000000001,-34.90092776767045
-0.4607,-34.5472499427042
-0.4597000000000001,-34.10868943974604
-0.4587,-33.670128936787876
-0.4577000000000001,-33.373039563816214
-0.4567,-33.06180307784591
-0.4557000000000001,-32.764713704874254
-0.4547,-32.368594540912035
-0.4537000000000001,-31.930034037953877
-0.4527,-31.49147353499572
-0.4517000000000001,-31.052913032037555
-0.4507,-30.7558236590659
-0.4497000000000001,-30.402145834099635
-0.4487,-30.00602667013743
-0.4477000000000001,-29.66649595816982
-0.4467,-29.14305277721976
-0.4457000000000001,-28.746933613257543
-0.4447,-28.308373110299385
-0.4437000000000001,-27.954695285333123
-0.4427,-27.530281895373616
-0.4417000000000001,-27.303928087395207
-0.4407,-27.00683871442355
-0.4397000000000001,-26.525836872469437
-0.4387,-26.17215904750318
-0.4377000000000001,-25.77603988354097
-0.4367,-25.43650917157336
-0.4357000000000001,-25.04039000761115
-0.4347,-24.686712182644893
-0.4337000000000001,-24.290593018682678
-0.4327,-23.951062306715073
-0.4317000000000001,-23.639825820744765
-0.43069999999999997,-23.300295108777156
-0.4297000000000001,-22.904175944814945
-0.42869999999999997,-22.592939458844636
-0.4277000000000001,-22.196820294882425
-0.42669999999999997,-21.899730921910766
-0.4257000000000001,-21.58849443594046
-0.42469999999999997,-21.2065223849769
-0.4237000000000001,-20.89528589900659
-0.42269999999999996,-20.499166735044383
-0.4217000000000001,-20.286960040064624
-0.42069999999999996,-19.890840876102416
-0.4197000000000001,-19.579604390132108
-0.41869999999999996,-19.2400736781645
-0.41770000000000007,-18.88639585319824
-0.41669999999999996,-18.589306480226583
-0.41570000000000007,-18.320511333252224
-0.41469999999999996,-18.009274847281915
-0.41370000000000007,-17.71218547431026
-0.41269999999999996,-17.358507649344002
-0.41170000000000007,-17.103859615368293
-0.41069999999999995,-16.835064468393938
-0.40970000000000006,-16.580416434418233
-0.40869999999999995,-16.311621287443874
-0.40770000000000006,-16.056973253468165
-0.40669999999999995,-15.70329542850191
-0.40570000000000006,-15.3920589425316
-0.40469999999999995,-15.179852247551842
-0.40370000000000006,-14.925204213576137
-0.40269999999999995,-14.65640906660178
-0.40170000000000006,-14.401761032626075
-0.40069999999999995,-14.090524546655764
-0.39970000000000006,-13.828802956180734
-0.39869999999999994,-13.610937416001518
-0.39770000000000005,-13.349215825526485
-0.39669999999999994,-13.087494235051453
-0.39570000000000005,-12.913484745168056
-0.39469999999999994,-12.694204493688973
-0.39370000000000005,-12.476338953509758
-0.39269999999999994,-12.214617363034726
-0.39170000000000005,-11.996751822855511
-0.39069999999999994,-11.778886282676295
-0.38970000000000005,-11.604876792792895
-0.38869999999999993,-11.42945259160963
-0.38770000000000004,-11.211587051430415
-0.38669999999999993,-10.949865460955383
-0.38570000000000004,-10.775855971071984
-0.38469999999999993,-10.514134380596953
-0.38370000000000004,-10.296268840417738
-0.38269999999999993,-10.120844639234473
-0.38170000000000004,-9.902979099055257
-0.3806999999999999,-9.685113558876042
-0.37970000000000004,-9.511104068992642
-0.3786999999999999,-9.335679867809377
-0.37770000000000004,-9.161670377925978
-0.3766999999999999,-8.987660888042578
-0.37570000000000003,-8.769795347863363
-0.3746999999999999,-8.638227196975913
-0.37370000000000003,-8.464217707092514
-0.3726999999999999,-8.332649556205066
-0.37170000000000003,-8.158640066321666
-0.3706999999999999,-8.027071915434218
-0.36970000000000003,-7.853062425550818
-0.3686999999999999,-7.679052935667419
-0.3677,-7.5474847847799715
-0.3666999999999999,-7.37347529489657
-0.3657,-7.155609754717355
-0.3646999999999999,-7.024041603829907
-0.3637,-6.893888164242324
-0.3626999999999999,-6.762320013354876
-0.3617,-6.588310523471475
-0.36070000000000013,-6.54445447317566
-0.3597,-6.282732882700628
-0.35870000000000013,-6.152579443113044
-0.3577,-6.021011292225596
-0.35670000000000013,-5.890857852638012
-0.3557,-5.759289701750564
-0.3547000000000001,-5.585280211867165
-0.3537,-5.497568111275533
-0.3527000000000001,-5.367414671687949
-0.3517,-5.235846520800501
-0.3507000000000001,-5.105693081212917
-0.3497,-4.974124930325469
-0.3487000000000001,-4.887827541033701
-0.3477,-4.800115440442069
-0.3467000000000001,-4.712403339850438
-0.3457,-4.582249900262854
-0.3447000000000001,-4.450681749375406
-0.3437,-4.406825699079589
-0.3427000000000001,-4.276672259492005
-0.3417,-4.1889601589003735
-0.3407000000000001,-4.0588067193127895
-0.3397,-3.927238568425342
-0.3387000000000001,-3.840941179133574
-0.3377,-3.7532290785419424
-0.3367000000000001,-3.7093730282461257
-0.3357,-3.579219588658543
-0.3347000000000001,-3.4915074880669104
-0.3337,-3.403795387475278
-0.3327000000000001,-3.317497998183511
-0.3317,-3.273641947887695
-0.3307000000000001,-3.1859298472960624
-0.3297,-3.1420737970002466
-0.3287000000000001,-3.055776407708479
-0.3277,-2.968064307116847
-0.3267000000000001,-2.8803522065252145
-0.3257,-2.8379108675292635
-0.3247000000000001,-2.7501987669376318
-0.3237,-2.662486666345999
-0.3227000000000001,-2.618630616050183
-0.3217,-2.576189277054232
-0.3207000000000001,-2.4884771764625997
-0.3197,-2.4446211261667834
-0.3187000000000001,-2.3569090255751513
-0.3177,-2.2706116362833835
-0.3167000000000001,-2.2706116362833835
-0.3157,-2.1828995356917518
-0.3147000000000001,-2.095187435100119
-0.3137,-2.052746096104168
-0.3127000000000001,-1.9650339955125358
-0.3117,-1.92117794521672
-0.3107000000000001,-1.8773218949209036
-0.3097,-1.8334658446250875
-0.3087000000000001,-1.7910245056291363
-0.3077,-1.7033124050375041
-0.3067000000000001,-1.7033124050375041
-0.30569999999999997,-1.6156003044458718
-0.3047000000000001,-1.5717442541500557
-0.30369999999999997,-1.5293029151541047
-0.3027000000000001,-1.4854468648582886
-0.30169999999999997,-1.4415908145624723
-0.3007000000000001,-1.3980177065266295
-0.29969999999999997,-1.3543031273607997
-0.2987000000000001,-1.3107300193249565
-0.29769999999999996,-1.2671569112891135
-0.2967000000000001,-1.2234423321232837
-0.29569999999999996,-1.2234423321232837
-0.2947000000000001,-1.1798692240874404
-0.29369999999999996,-1.1362961160515976
-0.29270000000000007,-1.0925815368857679
-0.29169999999999996,-1.0490084288499246
-0.29070000000000007,-1.0054353208140816
-0.28969999999999996,-1.0054353208140816
-0.28870000000000007,-0.9617207416482519
-0.28769999999999996,-0.9181476336124089
-0.28670000000000007,-0.8745745255765657
-0.28569999999999995,-0.8308599464107361
-0.28470000000000006,-0.7872868383748929
-0.28369999999999995,-0.8308599464107361
-0.28270000000000006,-0.7872868383748929
-0.28169999999999995,-0.7437137303390498
-0.28070000000000006,-0.7001406223032067
-0.27969999999999995,-0.6564260431373771
-0.27870000000000006,-0.6564260431373771
-0.27769999999999995,-0.6564260431373771
-0.27670000000000006,-0.6564260431373771
-0.27569999999999995,-0.5692798270656908
-0.27470000000000006,-0.5692798270656908
-0.27369999999999994,-0.5255652478998613
-0.27270000000000005,-0.48199213986401795
-0.27169999999999994,-0.48199213986401795
-0.27070000000000005,-0.48199213986401795
-0.26969999999999994,-0.4384190318281749
-0.26870000000000005,-0.4384190318281749
-0.26769999999999994,-0.3947044526623452
-0.26670000000000005,-0.3511313446265021
-0.26569999999999994,-0.30755823659065895
-0.26470000000000005,-0.30755823659065895
-0.26369999999999993,-0.30755823659065895
-0.26270000000000004,-0.30755823659065895
-0.26169999999999993,-0.26384365742482935
-0.26070000000000004,-0.26384365742482935
-0.25969999999999993,-0.2202705493889862
-0.25870000000000004,-0.2202705493889862
-0.25769999999999993,-0.2202705493889862
-0.25670000000000004,-0.2202705493889862
-0.2556999999999999,-0.1766974413531431
-0.25470000000000004,-0.1330535977523067
-0.2536999999999999,-0.1330535977523067
-0.25270000000000004,-0.08943804837746762
-0.2516999999999999,-0.08943804837746762
-0.25070000000000003,-0.08943804837746762
-0.24969999999999992,-0.08943804837746762
-0.24870000000000003,-0.04582249900262853
-0.24769999999999992,-0.04582249900262853
-0.24670000000000003,-0.04582249900262853
-0.24569999999999992,-0.002205534916489592
-0.24470000000000003,-0.002205534916489592
-0.24369999999999992,-0.002205534916489592
-0.24270000000000003,-0.002205534916489592
-0.24169999999999991,-0.002205534916489592
-0.24070000000000003,0.04140859974704963
-0.2396999999999999,0.04140859974704963
-0.23870000000000002,0.08502414912188871
-0.2376999999999999,0.08502414912188871
-0.23670000000000002,0.08502414912188871
-0.23570000000000013,0.08502414912188871
-0.23470000000000002,0.08502414912188871
-0.23370000000000013,0.12863969849672777
-0.23270000000000002,0.12863969849672777
-0.23170000000000013,0.12863969849672777
-0.23070000000000002,0.12863969849672777
-0.22970000000000013,0.12863969849672777
-0.22870000000000001,0.12863969849672777
-0.22770000000000012,0.17231183632356148
-0.2267,0.17231183632356148
-0.22570000000000012,0.17231183632356148
-0.2247,0.17231183632356148
-0.22370000000000012,0.17231183632356148
-0.2227,0.17231183632356148
-0.22170000000000012,0.21588494435940458
-0.2207,0.21588494435940458
-0.21970000000000012,0.21588494435940458
-0.2187,0.21588494435940458
-0.21770000000000012,0.21588494435940458
-0.2167,0.21588494435940458
-0.2157000000000001,0.2594580523952477
-0.2147,0.2594580523952477
-0.2137000000000001,0.2594580523952477
-0.2127,0.2594580523952477
-0.2117000000000001,0.3031726315610774
-0.2107,0.2594580523952477
-0.2097000000000001,0.2594580523952477
-0.2087,0.2594580523952477
-0.2077000000000001,0.3031726315610774
-0.2067,0.3031726315610774
-0.2057000000000001,0.3031726315610774
-0.2047,0.3031726315610774
-0.2037000000000001,0.3031726315610774
-0.2027,0.3031726315610774
-0.2017000000000001,0.3031726315610774
-0.2007,0.3031726315610774
-0.1997000000000001,0.3031726315610774
-0.1987,0.3467457395969205
-0.1977000000000001,0.3467457395969205
-0.19669999999999999,0.3031726315610774
-0.1957000000000001,0.3467457395969205
-0.19469999999999998,0.3467457395969205
-0.1937000000000001,0.3467457395969205
-0.19269999999999998,0.3467457395969205
-0.1917000000000001,0.3467457395969205
-0.1907000000000001,0.3467457395969205
-0.1897000000000002,0.3467457395969205
-0.1887000000000001,0.3467457395969205
-0.1877000000000002,0.3467457395969205
-0.1867000000000001,0.3903188476327636
-0.1857000000000002,0.3467457395969205
-0.1847000000000001,0.3467457395969205
-0.1837000000000002,0.3467457395969205
-0.18270000000000008,0.3467457395969205
-0.1817000000000002,0.3903188476327636
-0.18070000000000008,0.3903188476327636
-0.1797000000000002,0.3903188476327636
-0.17870000000000008,0.3903188476327636
-0.1777000000000002,0.3903188476327636
-0.17670000000000008,0.3903188476327636
-0.1757000000000002,0.3903188476327636
-0.17470000000000008,0.3903188476327636
-0.1737000000000002,0.43403342679859325
-0.17270000000000008,0.3903188476327636
-0.17170000000000019,0.43403342679859325
-0.17070000000000007,0.3903188476327636
-0.16970000000000018,0.3903188476327636
-0.16870000000000007,0.3903188476327636
-0.16770000000000018,0.43403342679859325
-0.16670000000000007,0.43403342679859325
-0.16570000000000018,0.43403342679859325
-0.16470000000000007,0.43403342679859325
-0.16370000000000018,0.43403342679859325
-0.16270000000000007,0.43403342679859325
-0.16170000000000018,0.43403342679859325
-0.16070000000000007,0.43403342679859325
-0.15970000000000018,0.43403342679859325
-0.15870000000000006,0.43403342679859325
-0.15770000000000017,0.43403342679859325
-0.15670000000000006,0.43403342679859325
-0.15570000000000017,0.43403342679859325
-0.15470000000000006,0.43403342679859325
-0.15370000000000017,0.43403342679859325
-0.15270000000000006,0.4776065348344364
-0.15170000000000017,0.4776065348344364
-0.15070000000000006,0.43403342679859325
-0.14970000000000017,0.43403342679859325
-0.14870000000000005,0.43403342679859325
-0.14770000000000016,0.4776065348344364
-0.14670000000000005,0.43403342679859325
-0.14570000000000016,0.4776065348344364
-0.14470000000000005,0.4776065348344364
-0.14370000000000016,0.4776065348344364
-0.14270000000000005,0.4776065348344364
-0.14170000000000016,0.4776065348344364
-0.14070000000000005,0.4776065348344364
-0.13970000000000016,0.4776065348344364
-0.13870000000000005,0.4776065348344364
-0.13770000000000016,0.4776065348344364
-0.13670000000000004,0.4776065348344364
-0.13570000000000015,0.4776065348344364
-0.13470000000000004,0.4776065348344364
-0.13370000000000015,0.4776065348344364
-0.13270000000000004,0.4776065348344364
-0.13170000000000015,0.4776065348344364
-0.13070000000000004,0.4776065348344364
-0.12970000000000015,0.4776065348344364
-0.12870000000000004,0.4776065348344364
-0.12770000000000015,0.4776065348344364
-0.12670000000000003,0.6084673300719523
-0.12570000000000014,0.5211796428702795
-0.12470000000000003,0.5211796428702795
-0.12370000000000014,0.4776065348344364
-0.12270000000000003,0.4776065348344364
-0.12170000000000014,0.4776065348344364
-0.12070000000000003,0.5211796428702795
-0.11970000000000014,0.5211796428702795
-0.11870000000000003,0.5211796428702795
-0.11770000000000014,0.4776065348344364
-0.11670000000000003,0.4776065348344364
-0.11570000000000014,0.4776065348344364
-0.11470000000000002,0.5211796428702795
-0.11370000000000013,0.5211796428702795
-0.11270000000000002,0.5211796428702795
-0.11170000000000013,0.5211796428702795
-0.11070000000000024,0.5211796428702795
-0.10970000000000013,0.4776065348344364
-0.10870000000000024,0.5211796428702795
-0.10770000000000013,0.5211796428702795
-0.10670000000000024,0.5211796428702795
-0.10570000000000013,0.5211796428702795
-0.10470000000000024,0.5211796428702795
-0.10370000000000013,0.5211796428702795
-0.10270000000000024,0.5211796428702795
-0.10170000000000012,0.5211796428702795
-0.10070000000000023,0.5211796428702795
-0.09970000000000012,0.5211796428702795
-0.09870000000000023,0.5211796428702795
-0.09770000000000012,0.5211796428702795
-0.09670000000000023,0.5211796428702795
-0.09570000000000012,0.5211796428702795
-0.09470000000000023,0.5211796428702795
-0.09370000000000012,0.5211796428702795
-0.09270000000000023,0.5211796428702795
-0.09170000000000011,0.5647527509061226
-0.09070000000000022,0.5211796428702795
-0.08970000000000011,0.5211796428702795
-0.08870000000000022,0.5211796428702795
-0.08770000000000011,0.5647527509061226
-0.08670000000000022,0.5647527509061226
-0.08570000000000011,0.5647527509061226
-0.08470000000000022,0.5647527509061226
-0.08370000000000011,0.5647527509061226
-0.08270000000000022,0.5211796428702795
-0.0817000000000001,0.5211796428702795
-0.08070000000000022,0.5647527509061226
-0.0797000000000001,0.5647527509061226
-0.07870000000000021,0.5647527509061226
-0.0777000000000001,0.5647527509061226
-0.07670000000000021,0.5647527509061226
-0.0757000000000001,0.5647527509061226
-0.07470000000000021,0.5647527509061226
-0.0737000000000001,0.5647527509061226
-0.07270000000000021,0.5647527509061226
-0.0717000000000001,0.5647527509061226
-0.07070000000000021,0.5647527509061226
-0.0697000000000001,0.5211796428702795
-0.0687000000000002,0.5647527509061226
-0.0677000000000001,0.5647527509061226
-0.0667000000000002,0.5647527509061226
-0.06570000000000009,0.5647527509061226
-0.0647000000000002,0.5647527509061226
-0.06370000000000009,0.5647527509061226
-0.0627000000000002,0.5647527509061226
-0.06170000000000009,0.5647527509061226
-0.0607000000000002,0.6084673300719523
-0.059700000000000086,0.6084673300719523
-0.058700000000000196,0.6084673300719523
-0.057700000000000085,0.5647527509061226
-0.056700000000000195,0.5647527509061226
-0.05570000000000008,0.6084673300719523
-0.05470000000000019,0.6084673300719523
-0.05370000000000008,0.6084673300719523
-0.05270000000000019,0.6084673300719523
-0.05170000000000008,0.6084673300719523
-0.05070000000000019,0.6084673300719523
-0.04970000000000008,0.5647527509061226
-0.04870000000000019,0.6084673300719523
-0.047700000000000076,0.6084673300719523
-0.046700000000000186,0.6084673300719523
-0.045700000000000074,0.6084673300719523
-0.044700000000000184,0.6520404381077953
-0.04370000000000007,0.6084673300719523
-0.04270000000000018,0.6084673300719523
-0.04170000000000007,0.6084673300719523
-0.04070000000000018,0.6084673300719523
-0.03970000000000007,0.6520404381077953
-0.03870000000000018,0.6520404381077953
-0.03770000000000007,0.6520404381077953
-0.03670000000000018,0.6084673300719523
-0.035700000000000065,0.6084673300719523
-0.034700000000000175,0.6084673300719523
-0.03370000000000006,0.6520404381077953
-0.03270000000000017,0.6084673300719523
-0.03170000000000006,0.6520404381077953
-0.03070000000000017,0.6084673300719523
-0.02970000000000006,0.6084673300719523
-0.02870000000000017,0.6084673300719523
-0.027700000000000058,0.6084673300719523
-0.026700000000000168,0.6084673300719523
-0.025700000000000056,0.6520404381077953
-0.024700000000000166,0.6520404381077953
-0.023700000000000054,0.6084673300719523
-0.022700000000000164,0.6520404381077953
-0.021700000000000053,0.6520404381077953
-0.020700000000000163,0.6520404381077953
-0.01970000000000005,0.6520404381077953
-0.01870000000000016,0.6520404381077953
-0.01770000000000005,0.6520404381077953
-0.01670000000000016,0.6520404381077953
-0.015700000000000047,0.6520404381077953
-0.014700000000000157,0.6520404381077953
-0.013700000000000045,0.6520404381077953
-0.012700000000000156,0.6520404381077953
-0.011700000000000044,0.6520404381077953
-0.010700000000000154,0.6520404381077953
-0.009700000000000042,0.6520404381077953
-0.008700000000000152,0.6520404381077953
-0.00770000000000004,0.6520404381077953
-0.00670000000000015,0.6956135461436386
-0.005700000000000038,0.6956135461436386
-0.0047000000000001485,0.6956135461436386
-0.0037000000000000366,0.6520404381077953
-0.0027000000000001467,0.6520404381077953
-0.0017000000000000348,0.6520404381077953
-0.000700000000000145,0.6956135461436386
0.00029999999999996696,0.6956135461436386
0.0012999999999998568,0.6956135461436386
0.0022999999999999687,0.6520404381077953
0.0032999999999998586,0.6520404381077953
0.0042999999999999705,0.6520404381077953
0.00529999999999986,0.6956135461436386
0.006299999999999972,0.6956135461436386
0.007299999999999862,0.6956135461436386
0.008299999999999974,0.6956135461436386
0.009299999999999864,0.6956135461436386
0.010299999999999976,0.6520404381077953
0.011299999999999866,0.6520404381077953
0.012299999999999978,0.6956135461436386
