Mar. 4, 2025   22:16:29
Linear Sweep Voltammetry
File: c:/users/guazh/data/banditlqround7_x0exp169_r20_3/2025-03-03-exp871\1acid_2ac-2025-03-04t22_13_16-lsvinphos\1acid_2ac_lsv_50mvs_efin_-2300mv.bin
Data Source:  Experiment
Instrument Model:  CHI760E
Header: LSV ran at 50 mVs with Efin at -2300mV
Note: 

Init E (V) = -0.6
Final E (V) = -2.3
Scan Rate (V/s) = 0.05
Sample Interval (V) = 0.001
Quiet Time (sec) = 2
Sensitivity (A/V) = 1e-4
Comp R (ohm) = 8.9

Results:

Channel 1:
Ep = -0.687V
ip = 2.502e-6A
Ah = 2.806e-6C

Ep = -1.531V
ip = 1.350e-4A
Ah = 9.560e-5C

Potential/V, Current/A

-0.600, 6.331e-5
-0.601, 6.392e-5
-0.602, 6.420e-5
-0.603, 6.433e-5
-0.604, 6.443e-5
-0.605, 6.457e-5
-0.606, 6.457e-5
-0.607, 6.449e-5
-0.608, 6.444e-5
-0.609, 6.432e-5
-0.610, 6.428e-5
-0.611, 6.424e-5
-0.612, 6.430e-5
-0.613, 6.428e-5
-0.614, 6.434e-5
-0.615, 6.430e-5
-0.616, 6.424e-5
-0.617, 6.504e-5
-0.618, 6.507e-5
-0.619, 6.490e-5
-0.620, 6.497e-5
-0.621, 6.539e-5
-0.622, 6.648e-5
-0.623, 6.738e-5
-0.624, 6.790e-5
-0.625, 6.787e-5
-0.626, 6.796e-5
-0.627, 6.846e-5
-0.628, 6.860e-5
-0.629, 6.870e-5
-0.630, 6.875e-5
-0.631, 6.884e-5
-0.632, 6.876e-5
-0.633, 6.874e-5
-0.634, 6.879e-5
-0.635, 6.884e-5
-0.636, 6.917e-5
-0.637, 6.934e-5
-0.638, 6.925e-5
-0.639, 6.929e-5
-0.640, 6.906e-5
-0.641, 6.905e-5
-0.642, 6.893e-5
-0.643, 6.878e-5
-0.644, 6.904e-5
-0.645, 6.896e-5
-0.646, 6.871e-5
-0.647, 6.830e-5
-0.648, 6.825e-5
-0.649, 6.813e-5
-0.650, 6.820e-5
-0.651, 6.808e-5
-0.652, 6.807e-5
-0.653, 6.781e-5
-0.654, 6.767e-5
-0.655, 6.757e-5
-0.656, 6.739e-5
-0.657, 6.730e-5
-0.658, 6.717e-5
-0.659, 6.706e-5
-0.660, 6.694e-5
-0.661, 6.688e-5
-0.662, 6.687e-5
-0.663, 6.677e-5
-0.664, 6.668e-5
-0.665, 6.659e-5
-0.666, 6.652e-5
-0.667, 6.629e-5
-0.668, 6.601e-5
-0.669, 6.599e-5
-0.670, 6.590e-5
-0.671, 6.583e-5
-0.672, 6.571e-5
-0.673, 6.560e-5
-0.674, 6.555e-5
-0.675, 6.547e-5
-0.676, 6.554e-5
-0.677, 6.563e-5
-0.678, 6.562e-5
-0.679, 6.555e-5
-0.680, 6.549e-5
-0.681, 6.555e-5
-0.682, 6.541e-5
-0.683, 6.532e-5
-0.684, 6.534e-5
-0.685, 6.583e-5
-0.686, 6.952e-5
-0.687, 6.992e-5
-0.688, 6.967e-5
-0.689, 6.951e-5
-0.690, 6.908e-5
-0.691, 6.873e-5
-0.692, 6.850e-5
-0.693, 6.829e-5
-0.694, 6.804e-5
-0.695, 6.785e-5
-0.696, 6.761e-5
-0.697, 6.739e-5
-0.698, 6.737e-5
-0.699, 6.721e-5
-0.700, 6.711e-5
-0.701, 6.704e-5
-0.702, 6.698e-5
-0.703, 6.773e-5
-0.704, 6.798e-5
-0.705, 6.786e-5
-0.706, 6.750e-5
-0.707, 6.748e-5
-0.708, 6.731e-5
-0.709, 6.728e-5
-0.710, 6.726e-5
-0.711, 6.716e-5
-0.712, 6.717e-5
-0.713, 6.706e-5
-0.714, 6.688e-5
-0.715, 6.698e-5
-0.716, 6.703e-5
-0.717, 6.695e-5
-0.718, 6.693e-5
-0.719, 6.694e-5
-0.720, 6.687e-5
-0.721, 6.683e-5
-0.722, 6.669e-5
-0.723, 6.677e-5
-0.724, 6.689e-5
-0.725, 6.674e-5
-0.726, 6.673e-5
-0.727, 6.670e-5
-0.728, 6.677e-5
-0.729, 6.672e-5
-0.730, 6.679e-5
-0.731, 6.687e-5
-0.732, 6.680e-5
-0.733, 6.698e-5
-0.734, 6.697e-5
-0.735, 6.684e-5
-0.736, 6.699e-5
-0.737, 6.695e-5
-0.738, 6.713e-5
-0.739, 6.723e-5
-0.740, 6.729e-5
-0.741, 6.716e-5
-0.742, 6.721e-5
-0.743, 6.725e-5
-0.744, 6.729e-5
-0.745, 6.742e-5
-0.746, 6.738e-5
-0.747, 6.731e-5
-0.748, 6.733e-5
-0.749, 6.730e-5
-0.750, 6.734e-5
-0.751, 6.743e-5
-0.752, 6.750e-5
-0.753, 6.746e-5
-0.754, 6.752e-5
-0.755, 6.765e-5
-0.756, 6.779e-5
-0.757, 6.803e-5
-0.758, 6.824e-5
-0.759, 6.836e-5
-0.760, 6.837e-5
-0.761, 6.842e-5
-0.762, 6.851e-5
-0.763, 6.854e-5
-0.764, 6.859e-5
-0.765, 6.858e-5
-0.766, 6.874e-5
-0.767, 6.872e-5
-0.768, 6.871e-5
-0.769, 6.900e-5
-0.770, 6.927e-5
-0.771, 6.934e-5
-0.772, 6.946e-5
-0.773, 6.951e-5
-0.774, 6.950e-5
-0.775, 6.963e-5
-0.776, 6.983e-5
-0.777, 7.007e-5
-0.778, 7.022e-5
-0.779, 7.042e-5
-0.780, 7.071e-5
-0.781, 7.086e-5
-0.782, 7.102e-5
-0.783, 7.113e-5
-0.784, 7.126e-5
-0.785, 7.131e-5
-0.786, 7.148e-5
-0.787, 7.148e-5
-0.788, 7.165e-5
-0.789, 7.180e-5
-0.790, 7.201e-5
-0.791, 7.206e-5
-0.792, 7.222e-5
-0.793, 7.227e-5
-0.794, 7.263e-5
-0.795, 7.280e-5
-0.796, 7.285e-5
-0.797, 7.297e-5
-0.798, 7.317e-5
-0.799, 7.348e-5
-0.800, 7.351e-5
-0.801, 7.365e-5
-0.802, 7.387e-5
-0.803, 7.401e-5
-0.804, 7.410e-5
-0.805, 7.427e-5
-0.806, 7.451e-5
-0.807, 7.484e-5
-0.808, 7.528e-5
-0.809, 7.541e-5
-0.810, 7.561e-5
-0.811, 7.585e-5
-0.812, 7.587e-5
-0.813, 7.594e-5
-0.814, 7.596e-5
-0.815, 7.604e-5
-0.816, 7.607e-5
-0.817, 7.636e-5
-0.818, 7.664e-5
-0.819, 7.692e-5
-0.820, 7.720e-5
-0.821, 7.725e-5
-0.822, 7.715e-5
-0.823, 7.743e-5
-0.824, 7.769e-5
-0.825, 7.796e-5
-0.826, 7.814e-5
-0.827, 7.830e-5
-0.828, 7.836e-5
-0.829, 7.861e-5
-0.830, 7.889e-5
-0.831, 7.904e-5
-0.832, 7.931e-5
-0.833, 7.959e-5
-0.834, 7.990e-5
-0.835, 8.017e-5
-0.836, 8.027e-5
-0.837, 8.042e-5
-0.838, 8.054e-5
-0.839, 8.080e-5
-0.840, 8.107e-5
-0.841, 8.157e-5
-0.842, 8.173e-5
-0.843, 8.184e-5
-0.844, 8.197e-5
-0.845, 8.217e-5
-0.846, 8.243e-5
-0.847, 8.256e-5
-0.848, 8.280e-5
-0.849, 8.295e-5
-0.850, 8.330e-5
-0.851, 8.357e-5
-0.852, 8.374e-5
-0.853, 8.390e-5
-0.854, 8.418e-5
-0.855, 8.446e-5
-0.856, 8.474e-5
-0.857, 8.493e-5
-0.858, 8.518e-5
-0.859, 8.537e-5
-0.860, 8.542e-5
-0.861, 8.570e-5
-0.862, 8.628e-5
-0.863, 8.630e-5
-0.864, 8.651e-5
-0.865, 8.676e-5
-0.866, 8.706e-5
-0.867, 8.742e-5
-0.868, 8.765e-5
-0.869, 8.788e-5
-0.870, 8.817e-5
-0.871, 8.840e-5
-0.872, 8.862e-5
-0.873, 8.885e-5
-0.874, 8.922e-5
-0.875, 8.940e-5
-0.876, 8.965e-5
-0.877, 8.995e-5
-0.878, 9.018e-5
-0.879, 9.049e-5
-0.880, 9.075e-5
-0.881, 9.105e-5
-0.882, 9.129e-5
-0.883, 9.157e-5
-0.884, 9.188e-5
-0.885, 9.206e-5
-0.886, 9.238e-5
-0.887, 9.270e-5
-0.888, 9.294e-5
-0.889, 9.322e-5
-0.890, 9.332e-5
-0.891, 9.357e-5
-0.892, 9.392e-5
-0.893, 9.422e-5
-0.894, 9.463e-5
-0.895, 9.476e-5
-0.896, 9.495e-5
-0.897, 9.534e-5
-0.898, 9.550e-5
-0.899, 9.604e-5
-0.900, 9.634e-5
-0.901, 9.658e-5
-0.902, 9.696e-5
-0.903, 9.722e-5
-0.904, 9.821e-5
-0.905, 9.810e-5
-0.906, 9.821e-5
-0.907, 9.838e-5
-0.908, 9.854e-5
-0.909, 9.879e-5
-0.910, 9.912e-5
-0.911, 9.962e-5
-0.912, 9.994e-5
-0.913, 1.004e-4
-0.914, 1.006e-4
-0.915, 1.010e-4
-0.916, 1.015e-4
-0.917, 1.018e-4
-0.918, 1.021e-4
-0.919, 1.023e-4
-0.920, 1.026e-4
-0.921, 1.029e-4
-0.922, 1.031e-4
-0.923, 1.035e-4
-0.924, 1.038e-4
-0.925, 1.041e-4
-0.926, 1.044e-4
-0.927, 1.048e-4
-0.928, 1.052e-4
-0.929, 1.054e-4
-0.930, 1.057e-4
-0.931, 1.060e-4
-0.932, 1.063e-4
-0.933, 1.068e-4
-0.934, 1.069e-4
-0.935, 1.072e-4
-0.936, 1.075e-4
-0.937, 1.078e-4
-0.938, 1.082e-4
-0.939, 1.086e-4
-0.940, 1.090e-4
-0.941, 1.095e-4
-0.942, 1.100e-4
-0.943, 1.102e-4
-0.944, 1.106e-4
-0.945, 1.110e-4
-0.946, 1.112e-4
-0.947, 1.114e-4
-0.948, 1.117e-4
-0.949, 1.120e-4
-0.950, 1.124e-4
-0.951, 1.130e-4
-0.952, 1.137e-4
-0.953, 1.139e-4
-0.954, 1.141e-4
-0.955, 1.145e-4
-0.956, 1.148e-4
-0.957, 1.152e-4
-0.958, 1.156e-4
-0.959, 1.160e-4
-0.960, 1.165e-4
-0.961, 1.170e-4
-0.962, 1.173e-4
-0.963, 1.176e-4
-0.964, 1.179e-4
-0.965, 1.183e-4
-0.966, 1.186e-4
-0.967, 1.193e-4
-0.968, 1.201e-4
-0.969, 1.202e-4
-0.970, 1.205e-4
-0.971, 1.208e-4
-0.972, 1.212e-4
-0.973, 1.216e-4
-0.974, 1.219e-4
-0.975, 1.223e-4
-0.976, 1.228e-4
-0.977, 1.233e-4
-0.978, 1.238e-4
-0.979, 1.241e-4
-0.980, 1.246e-4
-0.981, 1.250e-4
-0.982, 1.254e-4
-0.983, 1.258e-4
-0.984, 1.264e-4
-0.985, 1.268e-4
-0.986, 1.273e-4
-0.987, 1.277e-4
-0.988, 1.283e-4
-0.989, 1.288e-4
-0.990, 1.292e-4
-0.991, 1.297e-4
-0.992, 1.301e-4
-0.993, 1.305e-4
-0.994, 1.309e-4
-0.995, 1.315e-4
-0.996, 1.319e-4
-0.997, 1.324e-4
-0.998, 1.330e-4
-0.999, 1.335e-4
-1.000, 1.339e-4
-1.001, 1.343e-4
-1.002, 1.349e-4
-1.003, 1.354e-4
-1.004, 1.359e-4
-1.005, 1.367e-4
-1.006, 1.372e-4
-1.007, 1.377e-4
-1.008, 1.383e-4
-1.009, 1.388e-4
-1.010, 1.393e-4
-1.011, 1.395e-4
-1.012, 1.399e-4
-1.013, 1.404e-4
-1.014, 1.410e-4
-1.015, 1.415e-4
-1.016, 1.421e-4
-1.017, 1.428e-4
-1.018, 1.434e-4
-1.019, 1.440e-4
-1.020, 1.447e-4
-1.021, 1.451e-4
-1.022, 1.454e-4
-1.023, 1.461e-4
-1.024, 1.466e-4
-1.025, 1.472e-4
-1.026, 1.477e-4
-1.027, 1.486e-4
-1.028, 1.491e-4
-1.029, 1.495e-4
-1.030, 1.505e-4
-1.031, 1.510e-4
-1.032, 1.518e-4
-1.033, 1.525e-4
-1.034, 1.528e-4
-1.035, 1.537e-4
-1.036, 1.545e-4
-1.037, 1.550e-4
-1.038, 1.560e-4
-1.039, 1.568e-4
-1.040, 1.575e-4
-1.041, 1.579e-4
-1.042, 1.587e-4
-1.043, 1.590e-4
-1.044, 1.597e-4
-1.045, 1.607e-4
-1.046, 1.612e-4
-1.047, 1.614e-4
-1.048, 1.619e-4
-1.049, 1.624e-4
-1.050, 1.629e-4
-1.051, 1.637e-4
-1.052, 1.645e-4
-1.053, 1.651e-4
-1.054, 1.654e-4
-1.055, 1.659e-4
-1.056, 1.667e-4
-1.057, 1.676e-4
-1.058, 1.682e-4
-1.059, 1.688e-4
-1.060, 1.695e-4
-1.061, 1.703e-4
-1.062, 1.713e-4
-1.063, 1.721e-4
-1.064, 1.730e-4
-1.065, 1.736e-4
-1.066, 1.743e-4
-1.067, 1.751e-4
-1.068, 1.760e-4
-1.069, 1.767e-4
-1.070, 1.774e-4
-1.071, 1.782e-4
-1.072, 1.791e-4
-1.073, 1.802e-4
-1.074, 1.808e-4
-1.075, 1.816e-4
-1.076, 1.825e-4
-1.077, 1.841e-4
-1.078, 1.869e-4
-1.079, 1.860e-4
-1.080, 1.866e-4
-1.081, 1.872e-4
-1.082, 1.882e-4
-1.083, 1.895e-4
-1.084, 1.905e-4
-1.085, 1.914e-4
-1.086, 1.923e-4
-1.087, 1.930e-4
-1.088, 1.942e-4
-1.089, 1.952e-4
-1.090, 1.961e-4
-1.091, 1.971e-4
-1.092, 1.982e-4
-1.093, 1.993e-4
-1.094, 2.002e-4
-1.095, 2.011e-4
-1.096, 2.022e-4
-1.097, 2.036e-4
-1.098, 2.046e-4
-1.099, 2.056e-4
-1.100, 2.069e-4
-1.101, 2.082e-4
-1.102, 2.094e-4
-1.103, 2.103e-4
-1.104, 2.115e-4
-1.105, 2.126e-4
-1.106, 2.137e-4
-1.107, 2.155e-4
-1.108, 2.167e-4
-1.109, 2.178e-4
-1.110, 2.189e-4
-1.111, 2.200e-4
-1.112, 2.213e-4
-1.113, 2.227e-4
-1.114, 2.239e-4
-1.115, 2.251e-4
-1.116, 2.265e-4
-1.117, 2.275e-4
-1.118, 2.287e-4
-1.119, 2.298e-4
-1.120, 2.310e-4
-1.121, 2.322e-4
-1.122, 2.337e-4
-1.123, 2.351e-4
-1.124, 2.364e-4
-1.125, 2.374e-4
-1.126, 2.384e-4
-1.127, 2.395e-4
-1.128, 2.410e-4
-1.129, 2.426e-4
-1.130, 2.441e-4
-1.131, 2.456e-4
-1.132, 2.469e-4
-1.133, 2.482e-4
-1.134, 2.493e-4
-1.135, 2.504e-4
-1.136, 2.519e-4
-1.137, 2.538e-4
-1.138, 2.550e-4
-1.139, 2.561e-4
-1.140, 2.572e-4
-1.141, 2.585e-4
-1.142, 2.601e-4
-1.143, 2.614e-4
-1.144, 2.630e-4
-1.145, 2.641e-4
-1.146, 2.655e-4
-1.147, 2.671e-4
-1.148, 2.684e-4
-1.149, 2.696e-4
-1.150, 2.709e-4
-1.151, 2.724e-4
-1.152, 2.736e-4
-1.153, 2.749e-4
-1.154, 2.759e-4
-1.155, 2.771e-4
-1.156, 2.783e-4
-1.157, 2.793e-4
-1.158, 2.806e-4
-1.159, 2.819e-4
-1.160, 2.832e-4
-1.161, 2.845e-4
-1.162, 2.858e-4
-1.163, 2.872e-4
-1.164, 2.885e-4
-1.165, 2.898e-4
-1.166, 2.914e-4
-1.167, 2.927e-4
-1.168, 2.937e-4
-1.169, 2.948e-4
-1.170, 2.960e-4
-1.171, 2.971e-4
-1.172, 2.982e-4
-1.173, 2.996e-4
-1.174, 3.005e-4
-1.175, 3.017e-4
-1.176, 3.029e-4
-1.177, 3.042e-4
-1.178, 3.052e-4
-1.179, 3.063e-4
-1.180, 3.075e-4
-1.181, 3.087e-4
-1.182, 3.100e-4
-1.183, 3.115e-4
-1.184, 3.128e-4
-1.185, 3.138e-4
-1.186, 3.152e-4
-1.187, 3.167e-4
-1.188, 3.182e-4
-1.189, 3.197e-4
-1.190, 3.211e-4
-1.191, 3.221e-4
-1.192, 3.233e-4
-1.193, 3.245e-4
-1.194, 3.258e-4
-1.195, 3.269e-4
-1.196, 3.281e-4
-1.197, 3.297e-4
-1.198, 3.310e-4
-1.199, 3.322e-4
-1.200, 3.336e-4
-1.201, 3.349e-4
-1.202, 3.363e-4
-1.203, 3.375e-4
-1.204, 3.387e-4
-1.205, 3.403e-4
-1.206, 3.417e-4
-1.207, 3.430e-4
-1.208, 3.443e-4
-1.209, 3.463e-4
-1.210, 3.484e-4
-1.211, 3.499e-4
-1.212, 3.513e-4
-1.213, 3.525e-4
-1.214, 3.533e-4
-1.215, 3.560e-4
-1.216, 3.595e-4
-1.217, 3.600e-4
-1.218, 3.606e-4
-1.219, 3.617e-4
-1.220, 3.631e-4
-1.221, 3.646e-4
-1.222, 3.657e-4
-1.223, 3.668e-4
-1.224, 3.681e-4
-1.225, 3.694e-4
-1.226, 3.709e-4
-1.227, 3.721e-4
-1.228, 3.736e-4
-1.229, 3.752e-4
-1.230, 3.771e-4
-1.231, 3.788e-4
-1.232, 3.803e-4
-1.233, 3.816e-4
-1.234, 3.828e-4
-1.235, 3.841e-4
-1.236, 3.856e-4
-1.237, 3.871e-4
-1.238, 3.888e-4
-1.239, 3.902e-4
-1.240, 3.920e-4
-1.241, 3.938e-4
-1.242, 3.957e-4
-1.243, 3.974e-4
-1.244, 3.992e-4
-1.245, 4.008e-4
-1.246, 4.025e-4
-1.247, 4.040e-4
-1.248, 4.057e-4
-1.249, 4.075e-4
-1.250, 4.091e-4
-1.251, 4.110e-4
-1.252, 4.130e-4
-1.253, 4.147e-4
-1.254, 4.162e-4
-1.255, 4.180e-4
-1.256, 4.192e-4
-1.257, 4.210e-4
-1.258, 4.230e-4
-1.259, 4.250e-4
-1.260, 4.272e-4
-1.261, 4.290e-4
-1.262, 4.309e-4
-1.263, 4.330e-4
-1.264, 4.349e-4
-1.265, 4.366e-4
-1.266, 4.385e-4
-1.267, 4.406e-4
-1.268, 4.424e-4
-1.269, 4.442e-4
-1.270, 4.462e-4
-1.271, 4.486e-4
-1.272, 4.512e-4
-1.273, 4.535e-4
-1.274, 4.555e-4
-1.275, 4.579e-4
-1.276, 4.608e-4
-1.277, 4.625e-4
-1.278, 4.646e-4
-1.279, 4.669e-4
-1.280, 4.690e-4
-1.281, 4.711e-4
-1.282, 4.732e-4
-1.283, 4.753e-4
-1.284, 4.776e-4
-1.285, 4.793e-4
-1.286, 4.814e-4
-1.287, 4.838e-4
-1.288, 4.859e-4
-1.289, 4.880e-4
-1.290, 4.901e-4
-1.291, 4.921e-4
-1.292, 4.942e-4
-1.293, 4.964e-4
-1.294, 4.983e-4
-1.295, 5.004e-4
-1.296, 5.025e-4
-1.297, 5.050e-4
-1.298, 5.075e-4
-1.299, 5.099e-4
-1.300, 5.127e-4
-1.301, 5.157e-4
-1.302, 5.194e-4
-1.303, 5.210e-4
-1.304, 5.228e-4
-1.305, 5.250e-4
-1.306, 5.271e-4
-1.307, 5.294e-4
-1.308, 5.314e-4
-1.309, 5.337e-4
-1.310, 5.363e-4
-1.311, 5.387e-4
-1.312, 5.412e-4
-1.313, 5.433e-4
-1.314, 5.456e-4
-1.315, 5.481e-4
-1.316, 5.504e-4
-1.317, 5.519e-4
-1.318, 5.537e-4
-1.319, 5.555e-4
-1.320, 5.572e-4
-1.321, 5.596e-4
-1.322, 5.622e-4
-1.323, 5.646e-4
-1.324, 5.669e-4
-1.325, 5.693e-4
-1.326, 5.713e-4
-1.327, 5.736e-4
-1.328, 5.754e-4
-1.329, 5.775e-4
-1.330, 5.795e-4
-1.331, 5.815e-4
-1.332, 5.841e-4
-1.333, 5.862e-4
-1.334, 5.882e-4
-1.335, 5.903e-4
-1.336, 5.920e-4
-1.337, 5.937e-4
-1.338, 5.954e-4
-1.339, 5.967e-4
-1.340, 5.979e-4
-1.341, 6.000e-4
-1.342, 6.026e-4
-1.343, 6.050e-4
-1.344, 6.076e-4
-1.345, 6.092e-4
-1.346, 6.111e-4
-1.347, 6.132e-4
-1.348, 6.190e-4
-1.349, 6.216e-4
-1.350, 6.218e-4
-1.351, 6.224e-4
-1.352, 6.237e-4
-1.353, 6.251e-4
-1.354, 6.272e-4
-1.355, 6.295e-4
-1.356, 6.313e-4
-1.357, 6.333e-4
-1.358, 6.347e-4
-1.359, 6.362e-4
-1.360, 6.382e-4
-1.361, 6.400e-4
-1.362, 6.420e-4
-1.363, 6.439e-4
-1.364, 6.453e-4
-1.365, 6.470e-4
-1.366, 6.483e-4
-1.367, 6.491e-4
-1.368, 6.500e-4
-1.369, 6.516e-4
-1.370, 6.539e-4
-1.371, 6.560e-4
-1.372, 6.574e-4
-1.373, 6.587e-4
-1.374, 6.602e-4
-1.375, 6.622e-4
-1.376, 6.639e-4
-1.377, 6.651e-4
-1.378, 6.664e-4
-1.379, 6.679e-4
-1.380, 6.701e-4
-1.381, 6.713e-4
-1.382, 6.739e-4
-1.383, 6.761e-4
-1.384, 6.767e-4
-1.385, 6.780e-4
-1.386, 6.790e-4
-1.387, 6.807e-4
-1.388, 6.823e-4
-1.389, 6.833e-4
-1.390, 6.842e-4
-1.391, 6.848e-4
-1.392, 6.864e-4
-1.393, 6.885e-4
-1.394, 6.899e-4
-1.395, 6.921e-4
-1.396, 6.942e-4
-1.397, 6.964e-4
-1.398, 6.982e-4
-1.399, 6.991e-4
-1.400, 7.011e-4
-1.401, 7.032e-4
-1.402, 7.048e-4
-1.403, 7.056e-4
-1.404, 7.064e-4
-1.405, 7.083e-4
-1.406, 7.099e-4
-1.407, 7.109e-4
-1.408, 7.124e-4
-1.409, 7.137e-4
-1.410, 7.152e-4
-1.411, 7.166e-4
-1.412, 7.176e-4
-1.413, 7.186e-4
-1.414, 7.189e-4
-1.415, 7.199e-4
-1.416, 7.218e-4
-1.417, 7.242e-4
-1.418, 7.253e-4
-1.419, 7.262e-4
-1.420, 7.275e-4
-1.421, 7.294e-4
-1.422, 7.308e-4
-1.423, 7.316e-4
-1.424, 7.331e-4
-1.425, 7.333e-4
-1.426, 7.352e-4
-1.427, 7.373e-4
-1.428, 7.387e-4
-1.429, 7.395e-4
-1.430, 7.413e-4
-1.431, 7.433e-4
-1.432, 7.441e-4
-1.433, 7.456e-4
-1.434, 7.477e-4
-1.435, 7.490e-4
-1.436, 7.507e-4
-1.437, 7.526e-4
-1.438, 7.554e-4
-1.439, 7.570e-4
-1.440, 7.587e-4
-1.441, 7.600e-4
-1.442, 7.617e-4
-1.443, 7.635e-4
-1.444, 7.646e-4
-1.445, 7.657e-4
-1.446, 7.679e-4
-1.447, 7.709e-4
-1.448, 7.724e-4
-1.449, 7.732e-4
-1.450, 7.733e-4
-1.451, 7.754e-4
-1.452, 7.774e-4
-1.453, 7.796e-4
-1.454, 7.810e-4
-1.455, 7.833e-4
-1.456, 7.872e-4
-1.457, 7.899e-4
-1.458, 7.914e-4
-1.459, 7.926e-4
-1.460, 7.947e-4
-1.461, 7.967e-4
-1.462, 7.983e-4
-1.463, 8.016e-4
-1.464, 8.041e-4
-1.465, 8.060e-4
-1.466, 8.075e-4
-1.467, 8.097e-4
-1.468, 8.116e-4
-1.469, 8.133e-4
-1.470, 8.170e-4
-1.471, 8.199e-4
-1.472, 8.225e-4
-1.473, 8.247e-4
-1.474, 8.255e-4
-1.475, 8.280e-4
-1.476, 8.312e-4
-1.477, 8.331e-4
-1.478, 8.349e-4
-1.479, 8.372e-4
-1.480, 8.394e-4
-1.481, 8.415e-4
-1.482, 8.445e-4
-1.483, 8.477e-4
-1.484, 8.509e-4
-1.485, 8.533e-4
-1.486, 8.552e-4
-1.487, 8.579e-4
-1.488, 8.613e-4
-1.489, 8.649e-4
-1.490, 8.662e-4
-1.491, 8.691e-4
-1.492, 8.728e-4
-1.493, 8.771e-4
-1.494, 8.816e-4
-1.495, 8.847e-4
-1.496, 8.879e-4
-1.497, 8.912e-4
-1.498, 8.942e-4
-1.499, 8.968e-4
-1.500, 8.996e-4
-1.501, 9.026e-4
-1.502, 9.059e-4
-1.503, 9.093e-4
-1.504, 9.122e-4
-1.505, 9.159e-4
-1.506, 9.195e-4
-1.507, 9.227e-4
-1.508, 9.268e-4
-1.509, 9.329e-4
-1.510, 9.365e-4
-1.511, 9.401e-4
-1.512, 9.425e-4
-1.513, 9.452e-4
-1.514, 9.493e-4
-1.515, 9.529e-4
-1.516, 9.565e-4
-1.517, 9.601e-4
-1.518, 9.638e-4
-1.519, 9.676e-4
-1.520, 9.716e-4
-1.521, 9.749e-4
-1.522, 9.788e-4
-1.523, 9.834e-4
-1.524, 9.876e-4
-1.525, 9.911e-4
-1.526, 9.950e-4
-1.527, 9.990e-4
-1.528, 1.003e-3
-1.529, 1.008e-3
-1.530, 1.011e-3
-1.531, 1.011e-3
-1.532, 1.011e-3
-1.533, 1.011e-3
-1.534, 1.011e-3
-1.535, 1.011e-3
-1.536, 1.011e-3
-1.537, 1.011e-3
-1.538, 1.011e-3
-1.539, 1.011e-3
-1.540, 1.011e-3
-1.541, 1.011e-3
-1.542, 1.011e-3
-1.543, 1.011e-3
-1.544, 1.011e-3
-1.545, 1.011e-3
-1.546, 1.011e-3
-1.547, 1.011e-3
-1.548, 1.011e-3
-1.549, 1.011e-3
-1.550, 1.011e-3
-1.551, 1.011e-3
-1.552, 1.011e-3
-1.553, 1.011e-3
-1.554, 1.011e-3
-1.555, 1.011e-3
-1.556, 1.011e-3
-1.557, 1.011e-3
-1.558, 1.011e-3
-1.559, 1.011e-3
-1.560, 1.011e-3
-1.561, 1.011e-3
-1.562, 1.011e-3
-1.563, 1.011e-3
-1.564, 1.011e-3
-1.565, 1.011e-3
-1.566, 1.011e-3
-1.567, 1.011e-3
-1.568, 1.011e-3
-1.569, 1.011e-3
-1.570, 1.011e-3
-1.571, 1.011e-3
-1.572, 1.011e-3
-1.573, 1.011e-3
-1.574, 1.011e-3
-1.575, 1.011e-3
-1.576, 1.011e-3
-1.577, 1.011e-3
-1.578, 1.011e-3
-1.579, 1.011e-3
-1.580, 1.011e-3
-1.581, 1.011e-3
-1.582, 1.011e-3
-1.583, 1.011e-3
-1.584, 1.011e-3
-1.585, 1.011e-3
-1.586, 1.011e-3
-1.587, 1.011e-3
-1.588, 1.011e-3
-1.589, 1.011e-3
-1.590, 1.011e-3
-1.591, 1.011e-3
-1.592, 1.011e-3
-1.593, 1.011e-3
-1.594, 1.011e-3
-1.595, 1.011e-3
-1.596, 1.011e-3
-1.597, 1.011e-3
-1.598, 1.011e-3
-1.599, 1.011e-3
-1.600, 1.011e-3
-1.601, 1.011e-3
-1.602, 1.011e-3
-1.603, 1.011e-3
-1.604, 1.011e-3
-1.605, 1.011e-3
-1.606, 1.011e-3
-1.607, 1.011e-3
-1.608, 1.011e-3
-1.609, 1.011e-3
-1.610, 1.011e-3
-1.611, 1.011e-3
-1.612, 1.011e-3
-1.613, 1.011e-3
-1.614, 1.011e-3
-1.615, 1.011e-3
-1.616, 1.011e-3
-1.617, 1.011e-3
-1.618, 1.011e-3
-1.619, 1.011e-3
-1.620, 1.011e-3
-1.621, 1.011e-3
-1.622, 1.011e-3
-1.623, 1.011e-3
-1.624, 1.011e-3
-1.625, 1.011e-3
-1.626, 1.011e-3
-1.627, 1.011e-3
-1.628, 1.011e-3
-1.629, 1.011e-3
-1.630, 1.011e-3
-1.631, 1.011e-3
-1.632, 1.011e-3
-1.633, 1.011e-3
-1.634, 1.011e-3
-1.635, 1.011e-3
-1.636, 1.011e-3
-1.637, 1.011e-3
-1.638, 1.011e-3
-1.639, 1.011e-3
-1.640, 1.011e-3
-1.641, 1.011e-3
-1.642, 1.011e-3
-1.643, 1.011e-3
-1.644, 1.011e-3
-1.645, 1.011e-3
-1.646, 1.011e-3
-1.647, 1.011e-3
-1.648, 1.011e-3
-1.649, 1.011e-3
-1.650, 1.011e-3
-1.651, 1.011e-3
-1.652, 1.011e-3
-1.653, 1.011e-3
-1.654, 1.011e-3
-1.655, 1.011e-3
-1.656, 1.011e-3
-1.657, 1.011e-3
-1.658, 1.011e-3
-1.659, 1.011e-3
-1.660, 1.011e-3
-1.661, 1.011e-3
-1.662, 1.011e-3
-1.663, 1.011e-3
-1.664, 1.011e-3
-1.665, 1.011e-3
-1.666, 1.011e-3
-1.667, 1.011e-3
-1.668, 1.011e-3
-1.669, 1.011e-3
-1.670, 1.011e-3
-1.671, 1.011e-3
-1.672, 1.011e-3
-1.673, 1.011e-3
-1.674, 1.011e-3
-1.675, 1.011e-3
-1.676, 1.011e-3
-1.677, 1.011e-3
-1.678, 1.011e-3
-1.679, 1.011e-3
-1.680, 1.011e-3
-1.681, 1.011e-3
-1.682, 1.011e-3
-1.683, 1.011e-3
-1.684, 1.011e-3
-1.685, 1.011e-3
-1.686, 1.011e-3
-1.687, 1.011e-3
-1.688, 1.011e-3
-1.689, 1.011e-3
-1.690, 1.011e-3
-1.691, 1.011e-3
-1.692, 1.011e-3
-1.693, 1.011e-3
-1.694, 1.011e-3
-1.695, 1.011e-3
-1.696, 1.011e-3
-1.697, 1.011e-3
-1.698, 1.011e-3
-1.699, 1.011e-3
-1.700, 1.011e-3
-1.701, 1.011e-3
-1.702, 1.011e-3
-1.703, 1.011e-3
-1.704, 1.011e-3
-1.705, 1.011e-3
-1.706, 1.011e-3
-1.707, 1.011e-3
-1.708, 1.011e-3
-1.709, 1.011e-3
-1.710, 1.011e-3
-1.711, 1.011e-3
-1.712, 1.011e-3
-1.713, 1.011e-3
-1.714, 1.011e-3
-1.715, 1.011e-3
-1.716, 1.011e-3
-1.717, 1.011e-3
-1.718, 1.011e-3
-1.719, 1.011e-3
-1.720, 1.011e-3
-1.721, 1.011e-3
-1.722, 1.011e-3
-1.723, 1.011e-3
-1.724, 1.011e-3
-1.725, 1.011e-3
-1.726, 1.011e-3
-1.727, 1.011e-3
-1.728, 1.011e-3
-1.729, 1.011e-3
-1.730, 1.011e-3
-1.731, 1.011e-3
-1.732, 1.011e-3
-1.733, 1.011e-3
-1.734, 1.011e-3
-1.735, 1.011e-3
-1.736, 1.011e-3
-1.737, 1.011e-3
-1.738, 1.011e-3
-1.739, 1.011e-3
-1.740, 1.011e-3
-1.741, 1.011e-3
-1.742, 1.011e-3
-1.743, 1.011e-3
-1.744, 1.011e-3
-1.745, 1.011e-3
-1.746, 1.011e-3
-1.747, 1.011e-3
-1.748, 1.011e-3
-1.749, 1.011e-3
-1.750, 1.011e-3
-1.751, 1.011e-3
-1.752, 1.011e-3
-1.753, 1.011e-3
-1.754, 1.011e-3
-1.755, 1.011e-3
-1.756, 1.011e-3
-1.757, 1.011e-3
-1.758, 1.011e-3
-1.759, 1.011e-3
-1.760, 1.011e-3
-1.761, 1.011e-3
-1.762, 1.011e-3
-1.763, 1.011e-3
-1.764, 1.011e-3
-1.765, 1.011e-3
-1.766, 1.011e-3
-1.767, 1.011e-3
-1.768, 1.011e-3
-1.769, 1.011e-3
-1.770, 1.011e-3
-1.771, 1.011e-3
-1.772, 1.011e-3
-1.773, 1.011e-3
-1.774, 1.011e-3
-1.775, 1.011e-3
-1.776, 1.011e-3
-1.777, 1.011e-3
-1.778, 1.011e-3
-1.779, 1.011e-3
-1.780, 1.011e-3
-1.781, 1.011e-3
-1.782, 1.011e-3
-1.783, 1.011e-3
-1.784, 1.011e-3
-1.785, 1.011e-3
-1.786, 1.011e-3
-1.787, 1.011e-3
-1.788, 1.011e-3
-1.789, 1.011e-3
-1.790, 1.011e-3
-1.791, 1.011e-3
-1.792, 1.011e-3
-1.793, 1.011e-3
-1.794, 1.011e-3
-1.795, 1.011e-3
-1.796, 1.011e-3
-1.797, 1.011e-3
-1.798, 1.011e-3
-1.799, 1.011e-3
-1.800, 1.011e-3
-1.801, 1.011e-3
-1.802, 1.011e-3
-1.803, 1.011e-3
-1.804, 1.011e-3
-1.805, 1.011e-3
-1.806, 1.011e-3
-1.807, 1.011e-3
-1.808, 1.011e-3
-1.809, 1.011e-3
-1.810, 1.011e-3
-1.811, 1.011e-3
-1.812, 1.011e-3
-1.813, 1.011e-3
-1.814, 1.011e-3
-1.815, 1.011e-3
-1.816, 1.011e-3
-1.817, 1.011e-3
-1.818, 1.011e-3
-1.819, 1.011e-3
-1.820, 1.011e-3
-1.821, 1.011e-3
-1.822, 1.011e-3
-1.823, 1.011e-3
-1.824, 1.011e-3
-1.825, 1.011e-3
-1.826, 1.011e-3
-1.827, 1.011e-3
-1.828, 1.011e-3
-1.829, 1.011e-3
-1.830, 1.011e-3
-1.831, 1.011e-3
-1.832, 1.011e-3
-1.833, 1.011e-3
-1.834, 1.011e-3
-1.835, 1.011e-3
-1.836, 1.011e-3
-1.837, 1.011e-3
-1.838, 1.011e-3
-1.839, 1.011e-3
-1.840, 1.011e-3
-1.841, 1.011e-3
-1.842, 1.011e-3
-1.843, 1.011e-3
-1.844, 1.011e-3
-1.845, 1.011e-3
-1.846, 1.011e-3
-1.847, 1.011e-3
-1.848, 1.011e-3
-1.849, 1.011e-3
-1.850, 1.011e-3
-1.851, 1.011e-3
-1.852, 1.011e-3
-1.853, 1.011e-3
-1.854, 1.011e-3
-1.855, 1.011e-3
-1.856, 1.011e-3
-1.857, 1.011e-3
-1.858, 1.011e-3
-1.859, 1.011e-3
-1.860, 1.011e-3
-1.861, 1.011e-3
-1.862, 1.011e-3
-1.863, 1.011e-3
-1.864, 1.011e-3
-1.865, 1.011e-3
-1.866, 1.011e-3
-1.867, 1.011e-3
-1.868, 1.011e-3
-1.869, 1.011e-3
-1.870, 1.011e-3
-1.871, 1.011e-3
-1.872, 1.011e-3
-1.873, 1.011e-3
-1.874, 1.011e-3
-1.875, 1.011e-3
-1.876, 1.011e-3
-1.877, 1.011e-3
-1.878, 1.011e-3
-1.879, 1.011e-3
-1.880, 1.011e-3
-1.881, 1.011e-3
-1.882, 1.011e-3
-1.883, 1.011e-3
-1.884, 1.011e-3
-1.885, 1.011e-3
-1.886, 1.011e-3
-1.887, 1.011e-3
-1.888, 1.011e-3
-1.889, 1.011e-3
-1.890, 1.011e-3
-1.891, 1.011e-3
-1.892, 1.011e-3
-1.893, 1.011e-3
-1.894, 1.011e-3
-1.895, 1.011e-3
-1.896, 1.011e-3
-1.897, 1.011e-3
-1.898, 1.011e-3
-1.899, 1.011e-3
-1.900, 1.011e-3
-1.901, 1.011e-3
-1.902, 1.011e-3
-1.903, 1.011e-3
-1.904, 1.011e-3
-1.905, 1.011e-3
-1.906, 1.011e-3
-1.907, 1.011e-3
-1.908, 1.011e-3
-1.909, 1.011e-3
-1.910, 1.011e-3
-1.911, 1.011e-3
-1.912, 1.011e-3
-1.913, 1.011e-3
-1.914, 1.011e-3
-1.915, 1.011e-3
-1.916, 1.011e-3
-1.917, 1.011e-3
-1.918, 1.011e-3
-1.919, 1.011e-3
-1.920, 1.011e-3
-1.921, 1.011e-3
-1.922, 1.011e-3
-1.923, 1.011e-3
-1.924, 1.011e-3
-1.925, 1.011e-3
-1.926, 1.011e-3
-1.927, 1.011e-3
-1.928, 1.011e-3
-1.929, 1.011e-3
-1.930, 1.011e-3
-1.931, 1.011e-3
-1.932, 1.011e-3
-1.933, 1.011e-3
-1.934, 1.011e-3
-1.935, 1.011e-3
-1.936, 1.011e-3
-1.937, 1.011e-3
-1.938, 1.011e-3
-1.939, 1.011e-3
-1.940, 1.011e-3
-1.941, 1.011e-3
-1.942, 1.011e-3
-1.943, 1.011e-3
-1.944, 1.011e-3
-1.945, 1.011e-3
-1.946, 1.011e-3
-1.947, 1.011e-3
-1.948, 1.011e-3
-1.949, 1.011e-3
-1.950, 1.011e-3
-1.951, 1.011e-3
-1.952, 1.011e-3
-1.953, 1.011e-3
-1.954, 1.011e-3
-1.955, 1.011e-3
-1.956, 1.011e-3
-1.957, 1.011e-3
-1.958, 1.011e-3
-1.959, 1.011e-3
-1.960, 1.011e-3
-1.961, 1.011e-3
-1.962, 1.011e-3
-1.963, 1.011e-3
-1.964, 1.011e-3
-1.965, 1.011e-3
-1.966, 1.011e-3
-1.967, 1.011e-3
-1.968, 1.011e-3
-1.969, 1.011e-3
-1.970, 1.011e-3
-1.971, 1.011e-3
-1.972, 1.011e-3
-1.973, 1.011e-3
-1.974, 1.011e-3
-1.975, 1.011e-3
-1.976, 1.011e-3
-1.977, 1.011e-3
-1.978, 1.011e-3
-1.979, 1.011e-3
-1.980, 1.011e-3
-1.981, 1.011e-3
-1.982, 1.011e-3
-1.983, 1.011e-3
-1.984, 1.011e-3
-1.985, 1.011e-3
-1.986, 1.011e-3
-1.987, 1.011e-3
-1.988, 1.011e-3
-1.989, 1.011e-3
-1.990, 1.011e-3
-1.991, 1.011e-3
-1.992, 1.011e-3
-1.993, 1.011e-3
-1.994, 1.011e-3
-1.995, 1.011e-3
-1.996, 1.011e-3
-1.997, 1.011e-3
-1.998, 1.011e-3
-1.999, 1.011e-3
-2.000, 1.011e-3
-2.001, 1.011e-3
-2.002, 1.011e-3
-2.003, 1.011e-3
-2.004, 1.011e-3
-2.005, 1.011e-3
-2.006, 1.011e-3
-2.007, 1.011e-3
-2.008, 1.011e-3
-2.009, 1.011e-3
-2.010, 1.011e-3
-2.011, 1.011e-3
-2.012, 1.011e-3
-2.013, 1.011e-3
-2.014, 1.011e-3
-2.015, 1.011e-3
-2.016, 1.011e-3
-2.017, 1.011e-3
-2.018, 1.011e-3
-2.019, 1.011e-3
-2.020, 1.011e-3
-2.021, 1.011e-3
-2.022, 1.011e-3
-2.023, 1.011e-3
-2.024, 1.011e-3
-2.025, 1.011e-3
-2.026, 1.011e-3
-2.027, 1.011e-3
-2.028, 1.011e-3
-2.029, 1.011e-3
-2.030, 1.011e-3
-2.031, 1.011e-3
-2.032, 1.011e-3
-2.033, 1.011e-3
-2.034, 1.011e-3
-2.035, 1.011e-3
-2.036, 1.011e-3
-2.037, 1.011e-3
-2.038, 1.011e-3
-2.039, 1.011e-3
-2.040, 1.011e-3
-2.041, 1.011e-3
-2.042, 1.011e-3
-2.043, 1.011e-3
-2.044, 1.011e-3
-2.045, 1.011e-3
-2.046, 1.011e-3
-2.047, 1.011e-3
-2.048, 1.011e-3
-2.049, 1.011e-3
-2.050, 1.011e-3
-2.051, 1.011e-3
-2.052, 1.011e-3
-2.053, 1.011e-3
-2.054, 1.011e-3
-2.055, 1.011e-3
-2.056, 1.011e-3
-2.057, 1.011e-3
-2.058, 1.011e-3
-2.059, 1.011e-3
-2.060, 1.011e-3
-2.061, 1.011e-3
-2.062, 1.011e-3
-2.063, 1.011e-3
-2.064, 1.011e-3
-2.065, 1.011e-3
-2.066, 1.011e-3
-2.067, 1.011e-3
-2.068, 1.011e-3
-2.069, 1.011e-3
-2.070, 1.011e-3
-2.071, 1.011e-3
-2.072, 1.011e-3
-2.073, 1.011e-3
-2.074, 1.011e-3
-2.075, 1.011e-3
-2.076, 1.011e-3
-2.077, 1.011e-3
-2.078, 1.011e-3
-2.079, 1.011e-3
-2.080, 1.011e-3
-2.081, 1.011e-3
-2.082, 1.011e-3
-2.083, 1.011e-3
-2.084, 1.011e-3
-2.085, 1.011e-3
-2.086, 1.011e-3
-2.087, 1.011e-3
-2.088, 1.011e-3
-2.089, 1.011e-3
-2.090, 1.011e-3
-2.091, 1.011e-3
-2.092, 1.011e-3
-2.093, 1.011e-3
-2.094, 1.011e-3
-2.095, 1.011e-3
-2.096, 1.011e-3
-2.097, 1.011e-3
-2.098, 1.011e-3
-2.099, 1.011e-3
-2.100, 1.011e-3
-2.101, 1.011e-3
-2.102, 1.011e-3
-2.103, 1.011e-3
-2.104, 1.011e-3
-2.105, 1.011e-3
-2.106, 1.011e-3
-2.107, 1.011e-3
-2.108, 1.011e-3
-2.109, 1.011e-3
-2.110, 1.011e-3
-2.111, 1.011e-3
-2.112, 1.011e-3
-2.113, 1.011e-3
-2.114, 1.011e-3
-2.115, 1.011e-3
-2.116, 1.011e-3
-2.117, 1.011e-3
-2.118, 1.011e-3
-2.119, 1.011e-3
-2.120, 1.011e-3
-2.121, 1.011e-3
-2.122, 1.011e-3
-2.123, 1.011e-3
-2.124, 1.011e-3
-2.125, 1.011e-3
-2.126, 1.011e-3
-2.127, 1.011e-3
-2.128, 1.011e-3
-2.129, 1.011e-3
-2.130, 1.011e-3
-2.131, 1.011e-3
-2.132, 1.011e-3
-2.133, 1.011e-3
-2.134, 1.011e-3
-2.135, 1.011e-3
-2.136, 1.011e-3
-2.137, 1.011e-3
-2.138, 1.011e-3
-2.139, 1.011e-3
-2.140, 1.011e-3
-2.141, 1.011e-3
-2.142, 1.011e-3
-2.143, 1.011e-3
-2.144, 1.011e-3
-2.145, 1.011e-3
-2.146, 1.011e-3
-2.147, 1.011e-3
-2.148, 1.011e-3
-2.149, 1.011e-3
-2.150, 1.011e-3
-2.151, 1.011e-3
-2.152, 1.011e-3
-2.153, 1.011e-3
-2.154, 1.011e-3
-2.155, 1.011e-3
-2.156, 1.011e-3
-2.157, 1.011e-3
-2.158, 1.011e-3
-2.159, 1.011e-3
-2.160, 1.011e-3
-2.161, 1.011e-3
-2.162, 1.011e-3
-2.163, 1.011e-3
-2.164, 1.011e-3
-2.165, 1.011e-3
-2.166, 1.011e-3
-2.167, 1.011e-3
-2.168, 1.011e-3
-2.169, 1.011e-3
-2.170, 1.011e-3
-2.171, 1.011e-3
-2.172, 1.011e-3
-2.173, 1.011e-3
-2.174, 1.011e-3
-2.175, 1.011e-3
-2.176, 1.011e-3
-2.177, 1.011e-3
-2.178, 1.011e-3
-2.179, 1.011e-3
-2.180, 1.011e-3
-2.181, 1.011e-3
-2.182, 1.011e-3
-2.183, 1.011e-3
-2.184, 1.011e-3
-2.185, 1.011e-3
-2.186, 1.011e-3
-2.187, 1.011e-3
-2.188, 1.011e-3
-2.189, 1.011e-3
-2.190, 1.011e-3
-2.191, 1.011e-3
-2.192, 1.011e-3
-2.193, 1.011e-3
-2.194, 1.011e-3
-2.195, 1.011e-3
-2.196, 1.011e-3
-2.197, 1.011e-3
-2.198, 1.011e-3
-2.199, 1.011e-3
-2.200, 1.011e-3
-2.201, 1.011e-3
-2.202, 1.011e-3
-2.203, 1.011e-3
-2.204, 1.011e-3
-2.205, 1.011e-3
-2.206, 1.011e-3
-2.207, 1.011e-3
-2.208, 1.011e-3
-2.209, 1.011e-3
-2.210, 1.011e-3
-2.211, 1.011e-3
-2.212, 1.011e-3
-2.213, 1.011e-3
-2.214, 1.011e-3
-2.215, 1.011e-3
-2.216, 1.011e-3
-2.217, 1.011e-3
-2.218, 1.011e-3
-2.219, 1.011e-3
-2.220, 1.011e-3
-2.221, 1.011e-3
-2.222, 1.011e-3
-2.223, 1.011e-3
-2.224, 1.011e-3
-2.225, 1.011e-3
-2.226, 1.011e-3
-2.227, 1.011e-3
-2.228, 1.011e-3
-2.229, 1.011e-3
-2.230, 1.011e-3
-2.231, 1.011e-3
-2.232, 1.011e-3
-2.233, 1.011e-3
-2.234, 1.011e-3
-2.235, 1.011e-3
-2.236, 1.011e-3
-2.237, 1.011e-3
-2.238, 1.011e-3
-2.239, 1.011e-3
-2.240, 1.011e-3
-2.241, 1.011e-3
-2.242, 1.011e-3
-2.243, 1.011e-3
-2.244, 1.011e-3
-2.245, 1.011e-3
-2.246, 1.011e-3
-2.247, 1.011e-3
-2.248, 1.011e-3
-2.249, 1.011e-3
-2.250, 1.011e-3
-2.251, 1.011e-3
-2.252, 1.011e-3
-2.253, 1.011e-3
-2.254, 1.011e-3
-2.255, 1.011e-3
-2.256, 1.011e-3
-2.257, 1.011e-3
-2.258, 1.011e-3
-2.259, 1.011e-3
-2.260, 1.011e-3
-2.261, 1.011e-3
-2.262, 1.011e-3
-2.263, 1.011e-3
-2.264, 1.011e-3
-2.265, 1.011e-3
-2.266, 1.011e-3
-2.267, 1.011e-3
-2.268, 1.011e-3
-2.269, 1.011e-3
-2.270, 1.011e-3
-2.271, 1.011e-3
-2.272, 1.011e-3
-2.273, 1.011e-3
-2.274, 1.011e-3
-2.275, 1.011e-3
-2.276, 1.011e-3
-2.277, 1.011e-3
-2.278, 1.011e-3
-2.279, 1.011e-3
-2.280, 1.011e-3
-2.281, 1.011e-3
-2.282, 1.011e-3
-2.283, 1.011e-3
-2.284, 1.011e-3
-2.285, 1.011e-3
-2.286, 1.011e-3
-2.287, 1.011e-3
-2.288, 1.011e-3
-2.289, 1.011e-3
-2.290, 1.011e-3
-2.291, 1.011e-3
-2.292, 1.011e-3
-2.293, 1.011e-3
-2.294, 1.011e-3
-2.295, 1.011e-3
-2.296, 1.011e-3
-2.297, 1.011e-3
-2.298, 1.011e-3
-2.299, 1.011e-3
