July 11, 2024   08:04:38
Cyclic Voltammetry
File: c:/users/guazh/data/20240709_batch67/2024-07-10-exp9\exp9-2024-07-11t07_59_42-arkoh\exp9_cv_50mvs_efin_-1400mv.bin
Data Source:  Experiment
Instrument Model:  CHI760E
Header: CV ran at 50 mVs
Note: 

Init E (V) = -1
High E (V) = -1
Low E (V) = -1.4
Final E (V) = -1
Init P/N = N
Scan Rate (V/s) = 0.05
Segment = 7
Sample Interval (V) = 0.001
Quiet Time (sec) = 60
Sensitivity (A/V) = 0.001
Comp R (ohm) = 1.6

Results:

Channel 1:
Segment 1:

Segment 2:

Segment 3:

Segment 4:

Segment 5:

Segment 6:

Segment 7:

Potential/V, Current/A

-1.000, 2.721e-7
-1.001, 3.767e-7
-1.002, 4.753e-7
-1.003, 5.010e-7
-1.004, 4.990e-7
-1.005, 4.596e-7
-1.006, 5.799e-7
-1.007, 5.345e-7
-1.008, 6.894e-7
-1.009, 5.178e-7
-1.010, 6.302e-7
-1.011, 5.671e-7
-1.012, 6.697e-7
-1.013, 6.924e-7
-1.014, 6.431e-7
-1.015, 6.677e-7
-1.016, 6.401e-7
-1.017, 7.615e-7
-1.018, 6.944e-7
-1.019, 7.605e-7
-1.020, 6.312e-7
-1.021, 7.624e-7
-1.022, 7.684e-7
-1.023, 7.950e-7
-1.024, 7.032e-7
-1.025, 7.644e-7
-1.026, 7.506e-7
-1.027, 8.680e-7
-1.028, 8.522e-7
-1.029, 7.763e-7
-1.030, 7.891e-7
-1.031, 7.713e-7
-1.032, 8.463e-7
-1.033, 7.851e-7
-1.034, 9.213e-7
-1.035, 8.197e-7
-1.036, 8.789e-7
-1.037, 9.104e-7
-1.038, 8.868e-7
-1.039, 9.163e-7
-1.040, 8.078e-7
-1.041, 9.311e-7
-1.042, 8.946e-7
-1.043, 1.020e-6
-1.044, 7.920e-7
-1.045, 9.598e-7
-1.046, 8.601e-7
-1.047, 1.013e-6
-1.048, 9.292e-7
-1.049, 1.013e-6
-1.050, 9.104e-7
-1.051, 1.003e-6
-1.052, 9.992e-7
-1.053, 1.042e-6
-1.054, 1.049e-6
-1.055, 9.134e-7
-1.056, 1.054e-6
-1.057, 1.021e-6
-1.058, 1.167e-6
-1.059, 9.637e-7
-1.060, 1.071e-6
-1.061, 9.686e-7
-1.062, 1.124e-6
-1.063, 1.109e-6
-1.064, 1.091e-6
-1.065, 1.076e-6
-1.066, 1.079e-6
-1.067, 1.157e-6
-1.068, 1.147e-6
-1.069, 1.169e-6
-1.070, 1.046e-6
-1.071, 1.167e-6
-1.072, 1.164e-6
-1.073, 1.229e-6
-1.074, 1.085e-6
-1.075, 1.188e-6
-1.076, 1.108e-6
-1.077, 1.308e-6
-1.078, 1.216e-6
-1.079, 1.222e-6
-1.080, 1.217e-6
-1.081, 1.191e-6
-1.082, 1.287e-6
-1.083, 1.252e-6
-1.084, 1.327e-6
-1.085, 1.183e-6
-1.086, 1.298e-6
-1.087, 1.239e-6
-1.088, 1.384e-6
-1.089, 1.274e-6
-1.090, 1.254e-6
-1.091, 1.261e-6
-1.092, 1.403e-6
-1.093, 1.413e-6
-1.094, 1.344e-6
-1.095, 1.383e-6
-1.096, 1.329e-6
-1.097, 1.485e-6
-1.098, 1.371e-6
-1.099, 1.489e-6
-1.100, 1.337e-6
-1.101, 1.485e-6
-1.102, 1.469e-6
-1.103, 1.527e-6
-1.104, 1.451e-6
-1.105, 1.466e-6
-1.106, 1.465e-6
-1.107, 1.520e-6
-1.108, 1.597e-6
-1.109, 1.485e-6
-1.110, 1.562e-6
-1.111, 1.513e-6
-1.112, 1.600e-6
-1.113, 1.557e-6
-1.114, 1.642e-6
-1.115, 1.548e-6
-1.116, 1.688e-6
-1.117, 1.662e-6
-1.118, 1.727e-6
-1.119, 1.618e-6
-1.120, 1.645e-6
-1.121, 1.665e-6
-1.122, 1.716e-6
-1.123, 1.805e-6
-1.124, 1.715e-6
-1.125, 1.814e-6
-1.126, 1.722e-6
-1.127, 1.780e-6
-1.128, 1.773e-6
-1.129, 1.853e-6
-1.130, 1.765e-6
-1.131, 1.851e-6
-1.132, 1.876e-6
-1.133, 1.893e-6
-1.134, 1.877e-6
-1.135, 1.845e-6
-1.136, 1.911e-6
-1.137, 1.942e-6
-1.138, 2.073e-6
-1.139, 1.905e-6
-1.140, 2.033e-6
-1.141, 1.933e-6
-1.142, 2.096e-6
-1.143, 2.086e-6
-1.144, 2.102e-6
-1.145, 2.013e-6
-1.146, 2.080e-6
-1.147, 2.187e-6
-1.148, 2.168e-6
-1.149, 2.193e-6
-1.150, 2.093e-6
-1.151, 2.202e-6
-1.152, 2.203e-6
-1.153, 2.365e-6
-1.154, 2.239e-6
-1.155, 2.320e-6
-1.156, 2.273e-6
-1.157, 2.400e-6
-1.158, 2.492e-6
-1.159, 2.288e-6
-1.160, 2.419e-6
-1.161, 2.435e-6
-1.162, 2.492e-6
-1.163, 2.517e-6
-1.164, 2.457e-6
-1.165, 2.544e-6
-1.166, 2.495e-6
-1.167, 2.689e-6
-1.168, 2.622e-6
-1.169, 2.665e-6
-1.170, 2.643e-6
-1.171, 2.724e-6
-1.172, 2.788e-6
-1.173, 2.779e-6
-1.174, 2.824e-6
-1.175, 2.748e-6
-1.176, 2.929e-6
-1.177, 2.886e-6
-1.178, 3.033e-6
-1.179, 2.941e-6
-1.180, 2.934e-6
-1.181, 3.057e-6
-1.182, 3.084e-6
-1.183, 3.243e-6
-1.184, 3.082e-6
-1.185, 3.233e-6
-1.186, 3.172e-6
-1.187, 3.319e-6
-1.188, 3.363e-6
-1.189, 3.273e-6
-1.190, 3.411e-6
-1.191, 3.362e-6
-1.192, 3.533e-6
-1.193, 3.471e-6
-1.194, 3.558e-6
-1.195, 3.529e-6
-1.196, 3.629e-6
-1.197, 3.744e-6
-1.198, 3.782e-6
-1.199, 3.809e-6
-1.200, 3.745e-6
-1.201, 3.940e-6
-1.202, 3.919e-6
-1.203, 4.036e-6
-1.204, 3.953e-6
-1.205, 4.046e-6
-1.206, 4.127e-6
-1.207, 4.252e-6
-1.208, 4.288e-6
-1.209, 4.238e-6
-1.210, 4.387e-6
-1.211, 4.356e-6
-1.212, 4.565e-6
-1.213, 4.542e-6
-1.214, 4.685e-6
-1.215, 4.689e-6
-1.216, 4.733e-6
-1.217, 4.867e-6
-1.218, 4.932e-6
-1.219, 4.997e-6
-1.220, 4.932e-6
-1.221, 5.162e-6
-1.222, 5.234e-6
-1.223, 5.346e-6
-1.224, 5.336e-6
-1.225, 5.420e-6
-1.226, 5.624e-6
-1.227, 5.615e-6
-1.228, 5.792e-6
-1.229, 5.787e-6
-1.230, 5.913e-6
-1.231, 5.951e-6
-1.232, 6.126e-6
-1.233, 6.257e-6
-1.234, 6.248e-6
-1.235, 6.342e-6
-1.236, 6.471e-6
-1.237, 6.607e-6
-1.238, 6.692e-6
-1.239, 6.821e-6
-1.240, 6.858e-6
-1.241, 7.029e-6
-1.242, 7.218e-6
-1.243, 7.299e-6
-1.244, 7.391e-6
-1.245, 7.482e-6
-1.246, 7.687e-6
-1.247, 7.803e-6
-1.248, 7.952e-6
-1.249, 8.014e-6
-1.250, 8.197e-6
-1.251, 8.299e-6
-1.252, 8.538e-6
-1.253, 8.672e-6
-1.254, 8.719e-6
-1.255, 8.970e-6
-1.256, 9.047e-6
-1.257, 9.356e-6
-1.258, 9.461e-6
-1.259, 9.607e-6
-1.260, 9.745e-6
-1.261, 9.978e-6
-1.262, 1.022e-5
-1.263, 1.033e-5
-1.264, 1.058e-5
-1.265, 1.066e-5
-1.266, 1.091e-5
-1.267, 1.117e-5
-1.268, 1.139e-5
-1.269, 1.148e-5
-1.270, 1.171e-5
-1.271, 1.194e-5
-1.272, 1.228e-5
-1.273, 1.250e-5
-1.274, 1.261e-5
-1.275, 1.289e-5
-1.276, 1.306e-5
-1.277, 1.347e-5
-1.278, 1.364e-5
-1.279, 1.391e-5
-1.280, 1.410e-5
-1.281, 1.442e-5
-1.282, 1.471e-5
-1.283, 1.503e-5
-1.284, 1.528e-5
-1.285, 1.546e-5
-1.286, 1.588e-5
-1.287, 1.615e-5
-1.288, 1.652e-5
-1.289, 1.668e-5
-1.290, 1.710e-5
-1.291, 1.730e-5
-1.292, 1.779e-5
-1.293, 1.813e-5
-1.294, 1.841e-5
-1.295, 1.870e-5
-1.296, 1.908e-5
-1.297, 1.949e-5
-1.298, 1.986e-5
-1.299, 2.025e-5
-1.300, 2.058e-5
-1.301, 2.108e-5
-1.302, 2.140e-5
-1.303, 2.191e-5
-1.304, 2.219e-5
-1.305, 2.260e-5
-1.306, 2.299e-5
-1.307, 2.350e-5
-1.308, 2.390e-5
-1.309, 2.427e-5
-1.310, 2.478e-5
-1.311, 2.520e-5
-1.312, 2.575e-5
-1.313, 2.618e-5
-1.314, 2.672e-5
-1.315, 2.704e-5
-1.316, 2.768e-5
-1.317, 2.815e-5
-1.318, 2.874e-5
-1.319, 2.920e-5
-1.320, 2.981e-5
-1.321, 3.021e-5
-1.322, 3.088e-5
-1.323, 3.142e-5
-1.324, 3.199e-5
-1.325, 3.255e-5
-1.326, 3.308e-5
-1.327, 3.387e-5
-1.328, 3.431e-5
-1.329, 3.499e-5
-1.330, 3.546e-5
-1.331, 3.621e-5
-1.332, 3.685e-5
-1.333, 3.759e-5
-1.334, 3.820e-5
-1.335, 3.888e-5
-1.336, 3.947e-5
-1.337, 4.029e-5
-1.338, 4.104e-5
-1.339, 4.165e-5
-1.340, 4.230e-5
-1.341, 4.302e-5
-1.342, 4.396e-5
-1.343, 4.451e-5
-1.344, 4.544e-5
-1.345, 4.599e-5
-1.346, 4.694e-5
-1.347, 4.765e-5
-1.348, 4.859e-5
-1.349, 4.940e-5
-1.350, 5.014e-5
-1.351, 5.105e-5
-1.352, 5.178e-5
-1.353, 5.276e-5
-1.354, 5.356e-5
-1.355, 5.450e-5
-1.356, 5.538e-5
-1.357, 5.628e-5
-1.358, 5.748e-5
-1.359, 5.841e-5
-1.360, 5.930e-5
-1.361, 6.030e-5
-1.362, 6.122e-5
-1.363, 6.229e-5
-1.364, 6.313e-5
-1.365, 6.435e-5
-1.366, 6.536e-5
-1.367, 6.640e-5
-1.368, 6.742e-5
-1.369, 6.822e-5
-1.370, 6.925e-5
-1.371, 7.036e-5
-1.372, 7.175e-5
-1.373, 7.273e-5
-1.374, 7.421e-5
-1.375, 7.494e-5
-1.376, 7.604e-5
-1.377, 7.747e-5
-1.378, 7.868e-5
-1.379, 7.989e-5
-1.380, 8.072e-5
-1.381, 8.214e-5
-1.382, 8.346e-5
-1.383, 8.478e-5
-1.384, 8.584e-5
-1.385, 8.738e-5
-1.386, 8.861e-5
-1.387, 9.005e-5
-1.388, 9.121e-5
-1.389, 9.253e-5
-1.390, 9.383e-5
-1.391, 9.510e-5
-1.392, 9.652e-5
-1.393, 9.839e-5
-1.394, 9.984e-5
-1.395, 1.010e-4
-1.396, 1.027e-4
-1.397, 1.039e-4
-1.398, 1.056e-4
-1.399, 1.070e-4
-1.400, 1.066e-4
-1.399, 1.045e-4
-1.398, 1.027e-4
-1.397, 1.007e-4
-1.396, 9.875e-5
-1.395, 9.692e-5
-1.394, 9.499e-5
-1.393, 9.338e-5
-1.392, 9.168e-5
-1.391, 8.964e-5
-1.390, 8.779e-5
-1.389, 8.631e-5
-1.388, 8.507e-5
-1.387, 8.363e-5
-1.386, 8.183e-5
-1.385, 8.030e-5
-1.384, 7.876e-5
-1.383, 7.734e-5
-1.382, 7.590e-5
-1.381, 7.437e-5
-1.380, 7.295e-5
-1.379, 7.153e-5
-1.378, 7.034e-5
-1.377, 6.888e-5
-1.376, 6.760e-5
-1.375, 6.601e-5
-1.374, 6.482e-5
-1.373, 6.354e-5
-1.372, 6.235e-5
-1.371, 6.107e-5
-1.370, 5.988e-5
-1.369, 5.874e-5
-1.368, 5.754e-5
-1.367, 5.656e-5
-1.366, 5.533e-5
-1.365, 5.432e-5
-1.364, 5.308e-5
-1.363, 5.217e-5
-1.362, 5.104e-5
-1.361, 4.996e-5
-1.360, 4.871e-5
-1.359, 4.789e-5
-1.358, 4.689e-5
-1.357, 4.603e-5
-1.356, 4.510e-5
-1.355, 4.414e-5
-1.354, 4.328e-5
-1.353, 4.236e-5
-1.352, 4.157e-5
-1.351, 4.058e-5
-1.350, 3.984e-5
-1.349, 3.891e-5
-1.348, 3.828e-5
-1.347, 3.741e-5
-1.346, 3.673e-5
-1.345, 3.584e-5
-1.344, 3.521e-5
-1.343, 3.454e-5
-1.342, 3.375e-5
-1.341, 3.291e-5
-1.340, 3.233e-5
-1.339, 3.159e-5
-1.338, 3.093e-5
-1.337, 3.037e-5
-1.336, 2.964e-5
-1.335, 2.898e-5
-1.334, 2.842e-5
-1.333, 2.797e-5
-1.332, 2.721e-5
-1.331, 2.665e-5
-1.330, 2.600e-5
-1.329, 2.553e-5
-1.328, 2.501e-5
-1.327, 2.447e-5
-1.326, 2.396e-5
-1.325, 2.323e-5
-1.324, 2.296e-5
-1.323, 2.245e-5
-1.322, 2.202e-5
-1.321, 2.145e-5
-1.320, 2.098e-5
-1.319, 2.044e-5
-1.318, 2.011e-5
-1.317, 1.969e-5
-1.316, 1.920e-5
-1.315, 1.875e-5
-1.314, 1.835e-5
-1.313, 1.803e-5
-1.312, 1.755e-5
-1.311, 1.721e-5
-1.310, 1.668e-5
-1.309, 1.645e-5
-1.308, 1.603e-5
-1.307, 1.573e-5
-1.306, 1.529e-5
-1.305, 1.489e-5
-1.304, 1.461e-5
-1.303, 1.431e-5
-1.302, 1.406e-5
-1.301, 1.360e-5
-1.300, 1.339e-5
-1.299, 1.290e-5
-1.298, 1.278e-5
-1.297, 1.236e-5
-1.296, 1.217e-5
-1.295, 1.178e-5
-1.294, 1.154e-5
-1.293, 1.130e-5
-1.292, 1.105e-5
-1.291, 1.080e-5
-1.290, 1.039e-5
-1.289, 1.032e-5
-1.288, 1.005e-5
-1.287, 9.791e-6
-1.286, 9.494e-6
-1.285, 9.262e-6
-1.284, 8.937e-6
-1.283, 8.894e-6
-1.282, 8.595e-6
-1.281, 8.418e-6
-1.280, 8.096e-6
-1.279, 7.970e-6
-1.278, 7.817e-6
-1.277, 7.620e-6
-1.276, 7.403e-6
-1.275, 7.119e-6
-1.274, 7.070e-6
-1.273, 6.845e-6
-1.272, 6.786e-6
-1.271, 6.450e-6
-1.270, 6.298e-6
-1.269, 6.118e-6
-1.268, 6.077e-6
-1.267, 5.862e-6
-1.266, 5.685e-6
-1.265, 5.606e-6
-1.264, 5.309e-6
-1.263, 5.381e-6
-1.262, 5.004e-6
-1.261, 5.031e-6
-1.260, 4.686e-6
-1.259, 4.706e-6
-1.258, 4.547e-6
-1.257, 4.444e-6
-1.256, 4.275e-6
-1.255, 4.093e-6
-1.254, 4.005e-6
-1.253, 3.916e-6
-1.252, 3.808e-6
-1.251, 3.634e-6
-1.250, 3.597e-6
-1.249, 3.401e-6
-1.248, 3.444e-6
-1.247, 3.186e-6
-1.246, 3.205e-6
-1.245, 3.004e-6
-1.244, 2.957e-6
-1.243, 2.869e-6
-1.242, 2.761e-6
-1.241, 2.636e-6
-1.240, 2.469e-6
-1.239, 2.518e-6
-1.238, 2.434e-6
-1.237, 2.394e-6
-1.236, 2.185e-6
-1.235, 2.118e-6
-1.234, 1.988e-6
-1.233, 2.025e-6
-1.232, 1.829e-6
-1.231, 1.849e-6
-1.230, 1.631e-6
-1.229, 1.619e-6
-1.228, 1.581e-6
-1.227, 1.497e-6
-1.226, 1.417e-6
-1.225, 1.300e-6
-1.224, 1.337e-6
-1.223, 1.231e-6
-1.222, 1.247e-6
-1.221, 1.069e-6
-1.220, 1.052e-6
-1.219, 9.025e-7
-1.218, 1.015e-6
-1.217, 8.581e-7
-1.216, 8.394e-7
-1.215, 6.815e-7
-1.214, 7.082e-7
-1.213, 6.588e-7
-1.212, 6.539e-7
-1.211, 5.365e-7
-1.210, 4.655e-7
-1.209, 4.053e-7
-1.208, 4.487e-7
-1.207, 3.717e-7
-1.206, 2.405e-7
-1.205, 2.928e-7
-1.204, 1.734e-7
-1.203, 2.869e-7
-1.202, 1.014e-7
-1.201, 1.409e-7
-1.200, -7.419e-8
-1.199, 6.985e-8
-1.198, -1.697e-8
-1.197, -3.374e-8
-1.196, -1.344e-7
-1.195, -1.965e-7
-1.194, -1.669e-7
-1.193, -1.985e-7
-1.192, -2.399e-7
-1.191, -3.554e-7
-1.190, -3.307e-7
-1.189, -4.175e-7
-1.188, -3.041e-7
-1.187, -4.590e-7
-1.186, -3.810e-7
-1.185, -5.843e-7
-1.184, -4.698e-7
-1.183, -5.369e-7
-1.182, -5.261e-7
-1.181, -6.109e-7
-1.180, -6.652e-7
-1.179, -6.444e-7
-1.178, -6.642e-7
-1.177, -6.474e-7
-1.176, -7.757e-7
-1.175, -7.155e-7
-1.174, -8.388e-7
-1.173, -7.253e-7
-1.172, -8.556e-7
-1.171, -7.766e-7
-1.170, -9.463e-7
-1.169, -8.477e-7
-1.168, -8.783e-7
-1.167, -8.368e-7
-1.166, -1.021e-6
-1.165, -1.011e-6
-1.164, -1.028e-6
-1.163, -9.483e-7
-1.162, -1.029e-6
-1.161, -1.034e-6
-1.160, -1.082e-6
-1.159, -1.107e-6
-1.158, -1.016e-6
-1.157, -1.117e-6
-1.156, -1.095e-6
-1.155, -1.211e-6
-1.154, -1.085e-6
-1.153, -1.130e-6
-1.152, -1.110e-6
-1.151, -1.267e-6
-1.150, -1.253e-6
-1.149, -1.246e-6
-1.148, -1.152e-6
-1.147, -1.212e-6
-1.146, -1.276e-6
-1.145, -1.252e-6
-1.144, -1.295e-6
-1.143, -1.176e-6
-1.142, -1.292e-6
-1.141, -1.253e-6
-1.140, -1.398e-6
-1.139, -1.250e-6
-1.138, -1.320e-6
-1.137, -1.267e-6
-1.136, -1.333e-6
-1.135, -1.387e-6
-1.134, -1.376e-6
-1.133, -1.364e-6
-1.132, -1.346e-6
-1.131, -1.370e-6
-1.130, -1.376e-6
-1.129, -1.415e-6
-1.128, -1.296e-6
-1.127, -1.439e-6
-1.126, -1.359e-6
-1.125, -1.475e-6
-1.124, -1.358e-6
-1.123, -1.410e-6
-1.122, -1.364e-6
-1.121, -1.408e-6
-1.120, -1.470e-6
-1.119, -1.406e-6
-1.118, -1.403e-6
-1.117, -1.381e-6
-1.116, -1.447e-6
-1.115, -1.444e-6
-1.114, -1.550e-6
-1.113, -1.300e-6
-1.112, -1.479e-6
-1.111, -1.439e-6
-1.110, -1.579e-6
-1.109, -1.432e-6
-1.108, -1.399e-6
-1.107, -1.401e-6
-1.106, -1.502e-6
-1.105, -1.470e-6
-1.104, -1.481e-6
-1.103, -1.415e-6
-1.102, -1.446e-6
-1.101, -1.478e-6
-1.100, -1.428e-6
-1.099, -1.489e-6
-1.098, -1.386e-6
-1.097, -1.484e-6
-1.096, -1.473e-6
-1.095, -1.521e-6
-1.094, -1.454e-6
-1.093, -1.483e-6
-1.092, -1.409e-6
-1.091, -1.492e-6
-1.090, -1.478e-6
-1.089, -1.490e-6
-1.088, -1.364e-6
-1.087, -1.457e-6
-1.086, -1.518e-6
-1.085, -1.496e-6
-1.084, -1.471e-6
-1.083, -1.366e-6
-1.082, -1.415e-6
-1.081, -1.429e-6
-1.080, -1.547e-6
-1.079, -1.412e-6
-1.078, -1.480e-6
-1.077, -1.356e-6
-1.076, -1.549e-6
-1.075, -1.484e-6
-1.074, -1.521e-6
-1.073, -1.401e-6
-1.072, -1.459e-6
-1.071, -1.447e-6
-1.070, -1.489e-6
-1.069, -1.504e-6
-1.068, -1.383e-6
-1.067, -1.509e-6
-1.066, -1.502e-6
-1.065, -1.584e-6
-1.064, -1.355e-6
-1.063, -1.486e-6
-1.062, -1.403e-6
-1.061, -1.556e-6
-1.060, -1.450e-6
-1.059, -1.525e-6
-1.058, -1.422e-6
-1.057, -1.470e-6
-1.056, -1.543e-6
-1.055, -1.507e-6
-1.054, -1.459e-6
-1.053, -1.392e-6
-1.052, -1.428e-6
-1.051, -1.491e-6
-1.050, -1.583e-6
-1.049, -1.429e-6
-1.048, -1.446e-6
-1.047, -1.421e-6
-1.046, -1.529e-6
-1.045, -1.446e-6
-1.044, -1.490e-6
-1.043, -1.396e-6
-1.042, -1.499e-6
-1.041, -1.480e-6
-1.040, -1.463e-6
-1.039, -1.436e-6
-1.038, -1.442e-6
-1.037, -1.408e-6
-1.036, -1.473e-6
-1.035, -1.558e-6
-1.034, -1.452e-6
-1.033, -1.446e-6
-1.032, -1.427e-6
-1.031, -1.512e-6
-1.030, -1.428e-6
-1.029, -1.520e-6
-1.028, -1.353e-6
-1.027, -1.482e-6
-1.026, -1.457e-6
-1.025, -1.523e-6
-1.024, -1.454e-6
-1.023, -1.462e-6
-1.022, -1.381e-6
-1.021, -1.545e-6
-1.020, -1.559e-6
-1.019, -1.455e-6
-1.018, -1.418e-6
-1.017, -1.386e-6
-1.016, -1.543e-6
-1.015, -1.417e-6
-1.014, -1.503e-6
-1.013, -1.390e-6
-1.012, -1.489e-6
-1.011, -1.498e-6
-1.010, -1.569e-6
-1.009, -1.410e-6
-1.008, -1.498e-6
-1.007, -1.417e-6
-1.006, -1.476e-6
-1.005, -1.556e-6
-1.004, -1.426e-6
-1.003, -1.425e-6
-1.002, -1.406e-6
-1.001, -1.548e-6
-1.000, -1.001e-6
-1.001, -8.546e-7
-1.002, -5.300e-7
-1.003, -6.208e-7
-1.004, -5.300e-7
-1.005, -5.783e-7
-1.006, -4.047e-7
-1.007, -4.106e-7
-1.008, -2.547e-7
-1.009, -3.978e-7
-1.010, -3.317e-7
-1.011, -2.932e-7
-1.012, -2.015e-7
-1.013, -1.867e-7
-1.014, -1.610e-7
-1.015, -1.650e-7
-1.016, -1.581e-7
-1.017, -8.899e-8
-1.018, -3.966e-8
-1.019, -8.307e-8
-1.020, -1.176e-7
-1.021, -3.157e-9
-1.022, -3.473e-8
-1.023, 6.886e-8
-1.024, 3.335e-8
-1.025, 4.025e-8
-1.026, 4.519e-8
-1.027, 2.465e-7
-1.028, 7.281e-8
-1.029, 1.320e-7
-1.030, 4.025e-8
-1.031, 2.247e-7
-1.032, 2.099e-7
-1.033, 2.583e-7
-1.034, 1.803e-7
-1.035, 2.386e-7
-1.036, 2.317e-7
-1.037, 3.126e-7
-1.038, 2.859e-7
-1.039, 3.175e-7
-1.040, 2.504e-7
-1.041, 3.224e-7
-1.042, 3.609e-7
-1.043, 3.826e-7
-1.044, 3.007e-7
-1.045, 3.441e-7
-1.046, 3.747e-7
-1.047, 4.359e-7
-1.048, 4.309e-7
-1.049, 4.171e-7
-1.050, 4.211e-7
-1.051, 4.556e-7
-1.052, 5.671e-7
-1.053, 4.704e-7
-1.054, 4.901e-7
-1.055, 4.171e-7
-1.056, 5.760e-7
-1.057, 4.783e-7
-1.058, 6.026e-7
-1.059, 4.467e-7
-1.060, 5.464e-7
-1.061, 5.414e-7
-1.062, 6.667e-7
-1.063, 5.109e-7
-1.064, 5.957e-7
-1.065, 5.770e-7
-1.066, 6.026e-7
-1.067, 6.835e-7
-1.068, 6.707e-7
-1.069, 6.006e-7
-1.070, 6.016e-7
-1.071, 6.904e-7
-1.072, 6.391e-7
-1.073, 7.585e-7
-1.074, 6.598e-7
-1.075, 7.516e-7
-1.076, 6.352e-7
-1.077, 8.512e-7
-1.078, 6.954e-7
-1.079, 7.476e-7
-1.080, 7.062e-7
-1.081, 8.118e-7
-1.082, 8.266e-7
-1.083, 8.374e-7
-1.084, 7.733e-7
-1.085, 7.920e-7
-1.086, 8.532e-7
-1.087, 8.779e-7
-1.088, 9.144e-7
-1.089, 8.276e-7
-1.090, 8.720e-7
-1.091, 8.414e-7
-1.092, 9.953e-7
-1.093, 8.907e-7
-1.094, 9.400e-7
-1.095, 8.177e-7
-1.096, 9.746e-7
-1.097, 9.430e-7
-1.098, 1.000e-6
-1.099, 9.381e-7
-1.100, 9.094e-7
-1.101, 1.009e-6
-1.102, 1.004e-6
-1.103, 1.054e-6
-1.104, 9.923e-7
-1.105, 1.059e-6
-1.106, 1.020e-6
-1.107, 1.163e-6
-1.108, 1.040e-6
-1.109, 1.038e-6
-1.110, 1.000e-6
-1.111, 1.122e-6
-1.112, 1.181e-6
-1.113, 1.128e-6
-1.114, 1.132e-6
-1.115, 1.110e-6
-1.116, 1.200e-6
-1.117, 1.231e-6
-1.118, 1.222e-6
-1.119, 1.114e-6
-1.120, 1.198e-6
-1.121, 1.164e-6
-1.122, 1.350e-6
-1.123, 1.245e-6
-1.124, 1.211e-6
-1.125, 1.189e-6
-1.126, 1.291e-6
-1.127, 1.386e-6
-1.128, 1.320e-6
-1.129, 1.326e-6
-1.130, 1.198e-6
-1.131, 1.386e-6
-1.132, 1.371e-6
-1.133, 1.408e-6
-1.134, 1.347e-6
-1.135, 1.378e-6
-1.136, 1.371e-6
-1.137, 1.491e-6
-1.138, 1.415e-6
-1.139, 1.428e-6
-1.140, 1.444e-6
-1.141, 1.502e-6
-1.142, 1.604e-6
-1.143, 1.492e-6
-1.144, 1.523e-6
-1.145, 1.480e-6
-1.146, 1.640e-6
-1.147, 1.583e-6
-1.148, 1.637e-6
-1.149, 1.527e-6
-1.150, 1.560e-6
-1.151, 1.599e-6
-1.152, 1.627e-6
-1.153, 1.715e-6
-1.154, 1.643e-6
-1.155, 1.703e-6
-1.156, 1.667e-6
-1.157, 1.833e-6
-1.158, 1.735e-6
-1.159, 1.773e-6
-1.160, 1.712e-6
-1.161, 1.884e-6
-1.162, 1.840e-6
-1.163, 1.853e-6
-1.164, 1.835e-6
-1.165, 1.788e-6
-1.166, 1.946e-6
-1.167, 1.903e-6
-1.168, 2.012e-6
-1.169, 1.939e-6
-1.170, 1.971e-6
-1.171, 1.983e-6
-1.172, 2.056e-6
-1.173, 2.025e-6
-1.174, 2.082e-6
-1.175, 2.011e-6
-1.176, 2.108e-6
-1.177, 2.211e-6
-1.178, 2.122e-6
-1.179, 2.213e-6
-1.180, 2.069e-6
-1.181, 2.264e-6
-1.182, 2.248e-6
-1.183, 2.330e-6
-1.184, 2.204e-6
-1.185, 2.344e-6
-1.186, 2.253e-6
-1.187, 2.429e-6
-1.188, 2.396e-6
-1.189, 2.386e-6
-1.190, 2.383e-6
-1.191, 2.474e-6
-1.192, 2.587e-6
-1.193, 2.525e-6
-1.194, 2.561e-6
-1.195, 2.495e-6
-1.196, 2.690e-6
-1.197, 2.608e-6
-1.198, 2.745e-6
-1.199, 2.690e-6
-1.200, 2.710e-6
-1.201, 2.702e-6
-1.202, 2.850e-6
-1.203, 2.855e-6
-1.204, 2.871e-6
-1.205, 2.859e-6
-1.206, 2.950e-6
-1.207, 3.018e-6
-1.208, 2.983e-6
-1.209, 3.015e-6
-1.210, 2.974e-6
-1.211, 3.179e-6
-1.212, 3.104e-6
-1.213, 3.208e-6
-1.214, 3.137e-6
-1.215, 3.266e-6
-1.216, 3.323e-6
-1.217, 3.382e-6
-1.218, 3.364e-6
-1.219, 3.406e-6
-1.220, 3.450e-6
-1.221, 3.462e-6
-1.222, 3.663e-6
-1.223, 3.591e-6
-1.224, 3.659e-6
-1.225, 3.632e-6
-1.226, 3.807e-6
-1.227, 3.836e-6
-1.228, 3.918e-6
-1.229, 3.903e-6
-1.230, 3.920e-6
-1.231, 4.031e-6
-1.232, 4.144e-6
-1.233, 4.217e-6
-1.234, 4.116e-6
-1.235, 4.287e-6
-1.236, 4.294e-6
-1.237, 4.436e-6
-1.238, 4.397e-6
-1.239, 4.500e-6
-1.240, 4.448e-6
-1.241, 4.609e-6
-1.242, 4.765e-6
-1.243, 4.760e-6
-1.244, 4.795e-6
-1.245, 4.858e-6
-1.246, 5.016e-6
-1.247, 5.085e-6
-1.248, 5.218e-6
-1.249, 5.125e-6
-1.250, 5.296e-6
-1.251, 5.325e-6
-1.252, 5.607e-6
-1.253, 5.611e-6
-1.254, 5.692e-6
-1.255, 5.670e-6
-1.256, 5.864e-6
-1.257, 5.974e-6
-1.258, 6.059e-6
-1.259, 6.118e-6
-1.260, 6.180e-6
-1.261, 6.413e-6
-1.262, 6.470e-6
-1.263, 6.606e-6
-1.264, 6.583e-6
-1.265, 6.791e-6
-1.266, 6.856e-6
-1.267, 7.143e-6
-1.268, 7.092e-6
-1.269, 7.237e-6
-1.270, 7.279e-6
-1.271, 7.545e-6
-1.272, 7.678e-6
-1.273, 7.802e-6
-1.274, 7.918e-6
-1.275, 7.982e-6
-1.276, 8.230e-6
-1.277, 8.366e-6
-1.278, 8.564e-6
-1.279, 8.585e-6
-1.280, 8.885e-6
-1.281, 8.968e-6
-1.282, 9.247e-6
-1.283, 9.289e-6
-1.284, 9.501e-6
-1.285, 9.664e-6
-1.286, 9.909e-6
-1.287, 1.017e-5
-1.288, 1.022e-5
-1.289, 1.043e-5
-1.290, 1.051e-5
-1.291, 1.092e-5
-1.292, 1.106e-5
-1.293, 1.131e-5
-1.294, 1.143e-5
-1.295, 1.166e-5
-1.296, 1.188e-5
-1.297, 1.218e-5
-1.298, 1.247e-5
-1.299, 1.261e-5
-1.300, 1.290e-5
-1.301, 1.318e-5
-1.302, 1.354e-5
-1.303, 1.360e-5
-1.304, 1.401e-5
-1.305, 1.412e-5
-1.306, 1.460e-5
-1.307, 1.480e-5
-1.308, 1.520e-5
-1.309, 1.534e-5
-1.310, 1.567e-5
-1.311, 1.604e-5
-1.312, 1.634e-5
-1.313, 1.678e-5
-1.314, 1.694e-5
-1.315, 1.734e-5
-1.316, 1.770e-5
-1.317, 1.815e-5
-1.318, 1.843e-5
-1.319, 1.875e-5
-1.320, 1.908e-5
-1.321, 1.957e-5
-1.322, 1.988e-5
-1.323, 2.037e-5
-1.324, 2.065e-5
-1.325, 2.112e-5
-1.326, 2.155e-5
-1.327, 2.204e-5
-1.328, 2.246e-5
-1.329, 2.282e-5
-1.330, 2.331e-5
-1.331, 2.378e-5
-1.332, 2.441e-5
-1.333, 2.475e-5
-1.334, 2.526e-5
-1.335, 2.572e-5
-1.336, 2.640e-5
-1.337, 2.688e-5
-1.338, 2.750e-5
-1.339, 2.798e-5
-1.340, 2.847e-5
-1.341, 2.910e-5
-1.342, 2.976e-5
-1.343, 3.038e-5
-1.344, 3.081e-5
-1.345, 3.148e-5
-1.346, 3.201e-5
-1.347, 3.282e-5
-1.348, 3.339e-5
-1.349, 3.406e-5
-1.350, 3.470e-5
-1.351, 3.546e-5
-1.352, 3.611e-5
-1.353, 3.677e-5
-1.354, 3.751e-5
-1.355, 3.816e-5
-1.356, 3.908e-5
-1.357, 3.979e-5
-1.358, 4.070e-5
-1.359, 4.133e-5
-1.360, 4.224e-5
-1.361, 4.302e-5
-1.362, 4.399e-5
-1.363, 4.471e-5
-1.364, 4.548e-5
-1.365, 4.639e-5
-1.366, 4.720e-5
-1.367, 4.819e-5
-1.368, 4.911e-5
-1.369, 5.000e-5
-1.370, 5.089e-5
-1.371, 5.196e-5
-1.372, 5.281e-5
-1.373, 5.388e-5
-1.374, 5.471e-5
-1.375, 5.568e-5
-1.376, 5.676e-5
-1.377, 5.791e-5
-1.378, 5.909e-5
-1.379, 5.995e-5
-1.380, 6.111e-5
-1.381, 6.207e-5
-1.382, 6.344e-5
-1.383, 6.435e-5
-1.384, 6.554e-5
-1.385, 6.658e-5
-1.386, 6.771e-5
-1.387, 6.910e-5
-1.388, 7.028e-5
-1.389, 7.140e-5
-1.390, 7.261e-5
-1.391, 7.401e-5
-1.392, 7.528e-5
-1.393, 7.666e-5
-1.394, 7.780e-5
-1.395, 7.927e-5
-1.396, 8.060e-5
-1.397, 8.211e-5
-1.398, 8.350e-5
-1.399, 8.489e-5
-1.400, 8.461e-5
-1.399, 8.281e-5
-1.398, 8.123e-5
-1.397, 7.954e-5
-1.396, 7.791e-5
-1.395, 7.630e-5
-1.394, 7.497e-5
-1.393, 7.347e-5
-1.392, 7.206e-5
-1.391, 7.047e-5
-1.390, 6.911e-5
-1.389, 6.781e-5
-1.388, 6.652e-5
-1.387, 6.539e-5
-1.386, 6.400e-5
-1.385, 6.276e-5
-1.384, 6.152e-5
-1.383, 6.065e-5
-1.382, 5.932e-5
-1.381, 5.826e-5
-1.380, 5.701e-5
-1.379, 5.586e-5
-1.378, 5.483e-5
-1.377, 5.369e-5
-1.376, 5.262e-5
-1.375, 5.163e-5
-1.374, 5.059e-5
-1.373, 4.966e-5
-1.372, 4.867e-5
-1.371, 4.757e-5
-1.370, 4.675e-5
-1.369, 4.572e-5
-1.368, 4.500e-5
-1.367, 4.404e-5
-1.366, 4.305e-5
-1.365, 4.229e-5
-1.364, 4.144e-5
-1.363, 4.072e-5
-1.362, 3.980e-5
-1.361, 3.907e-5
-1.360, 3.812e-5
-1.359, 3.746e-5
-1.358, 3.677e-5
-1.357, 3.595e-5
-1.356, 3.520e-5
-1.355, 3.445e-5
-1.354, 3.380e-5
-1.353, 3.311e-5
-1.352, 3.256e-5
-1.351, 3.176e-5
-1.350, 3.117e-5
-1.349, 3.051e-5
-1.348, 3.004e-5
-1.347, 2.934e-5
-1.346, 2.866e-5
-1.345, 2.810e-5
-1.344, 2.754e-5
-1.343, 2.715e-5
-1.342, 2.650e-5
-1.341, 2.596e-5
-1.340, 2.533e-5
-1.339, 2.494e-5
-1.338, 2.431e-5
-1.337, 2.385e-5
-1.336, 2.328e-5
-1.335, 2.279e-5
-1.334, 2.239e-5
-1.333, 2.194e-5
-1.332, 2.147e-5
-1.331, 2.092e-5
-1.330, 2.059e-5
-1.329, 2.013e-5
-1.328, 1.984e-5
-1.327, 1.930e-5
-1.326, 1.893e-5
-1.325, 1.843e-5
-1.324, 1.810e-5
-1.323, 1.780e-5
-1.322, 1.736e-5
-1.321, 1.696e-5
-1.320, 1.655e-5
-1.319, 1.631e-5
-1.318, 1.593e-5
-1.317, 1.562e-5
-1.316, 1.520e-5
-1.315, 1.490e-5
-1.314, 1.465e-5
-1.313, 1.428e-5
-1.312, 1.398e-5
-1.311, 1.357e-5
-1.310, 1.337e-5
-1.309, 1.308e-5
-1.308, 1.286e-5
-1.307, 1.251e-5
-1.306, 1.218e-5
-1.305, 1.196e-5
-1.304, 1.170e-5
-1.303, 1.147e-5
-1.302, 1.113e-5
-1.301, 1.088e-5
-1.300, 1.054e-5
-1.299, 1.048e-5
-1.298, 1.018e-5
-1.297, 1.002e-5
-1.296, 9.674e-6
-1.295, 9.493e-6
-1.294, 9.297e-6
-1.293, 9.066e-6
-1.292, 8.910e-6
-1.291, 8.573e-6
-1.290, 8.464e-6
-1.289, 8.192e-6
-1.288, 8.163e-6
-1.287, 7.845e-6
-1.286, 7.701e-6
-1.285, 7.484e-6
-1.284, 7.349e-6
-1.283, 7.257e-6
-1.282, 6.982e-6
-1.281, 6.818e-6
-1.280, 6.564e-6
-1.279, 6.532e-6
-1.278, 6.295e-6
-1.277, 6.209e-6
-1.276, 5.952e-6
-1.275, 5.870e-6
-1.274, 5.726e-6
-1.273, 5.628e-6
-1.272, 5.437e-6
-1.271, 5.200e-6
-1.270, 5.089e-6
-1.269, 4.959e-6
-1.268, 4.983e-6
-1.267, 4.676e-6
-1.266, 4.632e-6
-1.265, 4.443e-6
-1.264, 4.400e-6
-1.263, 4.329e-6
-1.262, 4.098e-6
-1.261, 4.023e-6
-1.260, 3.824e-6
-1.259, 3.871e-6
-1.258, 3.693e-6
-1.257, 3.657e-6
-1.256, 3.399e-6
-1.255, 3.369e-6
-1.254, 3.283e-6
-1.253, 3.232e-6
-1.252, 3.120e-6
-1.251, 2.887e-6
-1.250, 2.890e-6
-1.249, 2.727e-6
-1.248, 2.863e-6
-1.247, 2.558e-6
-1.246, 2.523e-6
-1.245, 2.432e-6
-1.244, 2.440e-6
-1.243, 2.344e-6
-1.242, 2.206e-6
-1.241, 2.127e-6
-1.240, 2.009e-6
-1.239, 2.063e-6
-1.238, 1.927e-6
-1.237, 1.938e-6
-1.236, 1.727e-6
-1.235, 1.722e-6
-1.234, 1.662e-6
-1.233, 1.641e-6
-1.232, 1.515e-6
-1.231, 1.469e-6
-1.230, 1.404e-6
-1.229, 1.345e-6
-1.228, 1.341e-6
-1.227, 1.169e-6
-1.226, 1.175e-6
-1.225, 1.067e-6
-1.224, 1.141e-6
-1.223, 1.025e-6
-1.222, 1.040e-6
-1.221, 8.128e-7
-1.220, 8.453e-7
-1.219, 8.404e-7
-1.218, 8.049e-7
-1.217, 7.536e-7
-1.216, 6.440e-7
-1.215, 5.937e-7
-1.214, 5.947e-7
-1.213, 6.519e-7
-1.212, 4.704e-7
-1.211, 4.921e-7
-1.210, 3.037e-7
-1.209, 3.895e-7
-1.208, 3.589e-7
-1.207, 3.047e-7
-1.206, 2.297e-7
-1.205, 1.665e-7
-1.204, 2.277e-7
-1.203, 1.715e-7
-1.202, 2.001e-7
-1.201, -4.854e-8
-1.200, 1.182e-7
-1.199, -1.105e-8
-1.198, 5.111e-8
-1.197, -8.307e-8
-1.196, -5.150e-8
-1.195, -1.482e-7
-1.194, -9.886e-8
-1.193, -6.827e-8
-1.192, -1.896e-7
-1.191, -2.192e-7
-1.190, -2.991e-7
-1.189, -2.024e-7
-1.188, -3.011e-7
-1.187, -2.636e-7
-1.186, -3.781e-7
-1.185, -3.583e-7
-1.184, -4.215e-7
-1.183, -3.287e-7
-1.182, -3.692e-7
-1.181, -5.507e-7
-1.180, -4.560e-7
-1.179, -4.836e-7
-1.178, -4.215e-7
-1.177, -5.201e-7
-1.176, -5.566e-7
-1.175, -6.079e-7
-1.174, -5.330e-7
-1.173, -5.349e-7
-1.172, -5.132e-7
-1.171, -6.602e-7
-1.170, -6.849e-7
-1.169, -6.030e-7
-1.168, -6.277e-7
-1.167, -6.740e-7
-1.166, -7.766e-7
-1.165, -7.303e-7
-1.164, -7.451e-7
-1.163, -6.592e-7
-1.162, -7.993e-7
-1.161, -7.954e-7
-1.160, -8.122e-7
-1.159, -7.421e-7
-1.158, -7.145e-7
-1.157, -7.697e-7
-1.156, -8.457e-7
-1.155, -8.605e-7
-1.154, -7.362e-7
-1.153, -8.457e-7
-1.152, -8.112e-7
-1.151, -9.266e-7
-1.150, -8.398e-7
-1.149, -9.384e-7
-1.148, -8.319e-7
-1.147, -9.690e-7
-1.146, -9.069e-7
-1.145, -8.970e-7
-1.144, -9.384e-7
-1.143, -8.349e-7
-1.142, -9.838e-7
-1.141, -9.286e-7
-1.140, -1.016e-6
-1.139, -9.513e-7
-1.138, -9.838e-7
-1.137, -9.049e-7
-1.136, -1.079e-6
-1.135, -9.898e-7
-1.134, -9.434e-7
-1.133, -9.158e-7
-1.132, -1.034e-6
-1.131, -1.021e-6
-1.130, -9.996e-7
-1.129, -1.011e-6
-1.128, -9.404e-7
-1.127, -1.049e-6
-1.126, -1.022e-6
-1.125, -1.098e-6
-1.124, -9.542e-7
-1.123, -1.045e-6
-1.122, -1.008e-6
-1.121, -1.120e-6
-1.120, -1.100e-6
-1.119, -1.055e-6
-1.118, -1.050e-6
-1.117, -1.074e-6
-1.116, -1.128e-6
-1.115, -1.100e-6
-1.114, -1.082e-6
-1.113, -1.043e-6
-1.112, -1.110e-6
-1.111, -1.083e-6
-1.110, -1.245e-6
-1.109, -1.011e-6
-1.108, -1.099e-6
-1.107, -1.059e-6
-1.106, -1.197e-6
-1.105, -1.124e-6
-1.104, -1.063e-6
-1.103, -1.046e-6
-1.102, -1.109e-6
-1.101, -1.172e-6
-1.100, -1.136e-6
-1.099, -1.154e-6
-1.098, -1.026e-6
-1.097, -1.181e-6
-1.096, -1.136e-6
-1.095, -1.218e-6
-1.094, -1.065e-6
-1.093, -1.117e-6
-1.092, -1.127e-6
-1.091, -1.189e-6
-1.090, -1.175e-6
-1.089, -1.108e-6
-1.088, -1.162e-6
-1.087, -1.098e-6
-1.086, -1.269e-6
-1.085, -1.126e-6
-1.084, -1.170e-6
-1.083, -1.098e-6
-1.082, -1.205e-6
-1.081, -1.193e-6
-1.080, -1.222e-6
-1.079, -1.129e-6
-1.078, -1.071e-6
-1.077, -1.162e-6
-1.076, -1.211e-6
-1.075, -1.176e-6
-1.074, -1.107e-6
-1.073, -1.201e-6
-1.072, -1.118e-6
-1.071, -1.269e-6
-1.070, -1.197e-6
-1.069, -1.196e-6
-1.068, -1.204e-6
-1.067, -1.177e-6
-1.066, -1.197e-6
-1.065, -1.154e-6
-1.064, -1.204e-6
-1.063, -1.054e-6
-1.062, -1.313e-6
-1.061, -1.146e-6
-1.060, -1.240e-6
-1.059, -1.190e-6
-1.058, -1.174e-6
-1.057, -1.209e-6
-1.056, -1.217e-6
-1.055, -1.313e-6
-1.054, -1.141e-6
-1.053, -1.235e-6
-1.052, -1.143e-6
-1.051, -1.293e-6
-1.050, -1.171e-6
-1.049, -1.233e-6
-1.048, -1.131e-6
-1.047, -1.195e-6
-1.046, -1.286e-6
-1.045, -1.215e-6
-1.044, -1.189e-6
-1.043, -1.119e-6
-1.042, -1.244e-6
-1.041, -1.158e-6
-1.040, -1.221e-6
-1.039, -1.130e-6
-1.038, -1.229e-6
-1.037, -1.215e-6
-1.036, -1.283e-6
-1.035, -1.198e-6
-1.034, -1.162e-6
-1.033, -1.183e-6
-1.032, -1.190e-6
-1.031, -1.303e-6
-1.030, -1.273e-6
-1.029, -1.229e-6
-1.028, -1.120e-6
-1.027, -1.309e-6
-1.026, -1.195e-6
-1.025, -1.274e-6
-1.024, -1.129e-6
-1.023, -1.261e-6
-1.022, -1.215e-6
-1.021, -1.275e-6
-1.020, -1.229e-6
-1.019, -1.174e-6
-1.018, -1.183e-6
-1.017, -1.209e-6
-1.016, -1.297e-6
-1.015, -1.238e-6
-1.014, -1.240e-6
-1.013, -1.141e-6
-1.012, -1.297e-6
-1.011, -1.248e-6
-1.010, -1.296e-6
-1.009, -1.223e-6
-1.008, -1.257e-6
-1.007, -1.200e-6
-1.006, -1.295e-6
-1.005, -1.269e-6
-1.004, -1.267e-6
-1.003, -1.196e-6
-1.002, -1.264e-6
-1.001, -1.327e-6
-1.000, -8.378e-7
-1.001, -5.418e-7
-1.002, -4.165e-7
-1.003, -4.363e-7
-1.004, -3.554e-7
-1.005, -3.544e-7
-1.006, -2.143e-7
-1.007, -2.409e-7
-1.008, -1.275e-7
-1.009, -1.778e-7
-1.010, -1.166e-7
-1.011, -9.392e-8
-1.012, -5.841e-8
-1.013, -2.289e-8
-1.014, -1.561e-7
-1.015, -1.993e-8
-1.016, -1.204e-8
-1.017, 1.300e-7
-1.018, -5.545e-8
-1.019, 6.393e-8
-1.020, -1.105e-8
-1.021, 2.011e-7
-1.022, 1.596e-7
-1.023, 1.823e-7
-1.024, 1.113e-7
-1.025, 1.843e-7
-1.026, 1.932e-7
-1.027, 2.672e-7
-1.028, 2.731e-7
-1.029, 1.873e-7
-1.030, 2.395e-7
-1.031, 2.613e-7
-1.032, 3.639e-7
-1.033, 2.543e-7
-1.034, 2.593e-7
-1.035, 2.228e-7
-1.036, 3.885e-7
-1.037, 3.402e-7
-1.038, 4.398e-7
-1.039, 2.563e-7
-1.040, 3.984e-7
-1.041, 4.013e-7
-1.042, 4.507e-7
-1.043, 3.451e-7
-1.044, 4.013e-7
-1.045, 4.724e-7
-1.046, 3.846e-7
-1.047, 5.276e-7
-1.048, 4.092e-7
-1.049, 5.148e-7
-1.050, 4.339e-7
-1.051, 5.760e-7
-1.052, 4.566e-7
-1.053, 5.868e-7
-1.054, 4.142e-7
-1.055, 5.365e-7
-1.056, 5.365e-7
-1.057, 6.371e-7
-1.058, 5.710e-7
-1.059, 5.385e-7
-1.060, 5.543e-7
-1.061, 5.572e-7
-1.062, 6.796e-7
-1.063, 5.750e-7
-1.064, 6.391e-7
-1.065, 5.562e-7
-1.066, 7.289e-7
-1.067, 6.401e-7
-1.068, 6.894e-7
-1.069, 5.809e-7
-1.070, 6.884e-7
-1.071, 6.776e-7
-1.072, 6.875e-7
-1.073, 7.269e-7
-1.074, 6.421e-7
-1.075, 7.309e-7
-1.076, 7.003e-7
-1.077, 7.703e-7
-1.078, 6.588e-7
-1.079, 7.407e-7
-1.080, 6.855e-7
-1.081, 7.999e-7
-1.082, 7.851e-7
-1.083, 8.206e-7
-1.084, 7.309e-7
-1.085, 7.822e-7
-1.086, 8.137e-7
-1.087, 8.720e-7
-1.088, 8.562e-7
-1.089, 7.299e-7
-1.090, 8.404e-7
-1.091, 7.980e-7
-1.092, 9.637e-7
-1.093, 7.901e-7
-1.094, 8.808e-7
-1.095, 7.881e-7
-1.096, 9.193e-7
-1.097, 9.242e-7
-1.098, 8.680e-7
-1.099, 8.897e-7
-1.100, 8.749e-7
-1.101, 9.844e-7
-1.102, 9.479e-7
-1.103, 9.716e-7
-1.104, 8.858e-7
-1.105, 9.982e-7
-1.106, 9.746e-7
-1.107, 1.070e-6
-1.108, 9.252e-7
-1.109, 9.657e-7
-1.110, 9.844e-7
-1.111, 1.056e-6
-1.112, 1.087e-6
-1.113, 9.953e-7
-1.114, 1.068e-6
-1.115, 1.001e-6
-1.116, 1.117e-6
-1.117, 1.086e-6
-1.118, 1.148e-6
-1.119, 1.016e-6
-1.120, 1.112e-6
-1.121, 1.142e-6
-1.122, 1.179e-6
-1.123, 1.176e-6
-1.124, 1.050e-6
-1.125, 1.126e-6
-1.126, 1.112e-6
-1.127, 1.298e-6
-1.128, 1.128e-6
-1.129, 1.188e-6
-1.130, 1.151e-6
-1.131, 1.303e-6
-1.132, 1.246e-6
-1.133, 1.231e-6
-1.134, 1.211e-6
-1.135, 1.179e-6
-1.136, 1.303e-6
-1.137, 1.281e-6
-1.138, 1.354e-6
-1.139, 1.206e-6
-1.140, 1.302e-6
-1.141, 1.248e-6
-1.142, 1.355e-6
-1.143, 1.310e-6
-1.144, 1.307e-6
-1.145, 1.335e-6
-1.146, 1.329e-6
-1.147, 1.502e-6
-1.148, 1.355e-6
-1.149, 1.375e-6
-1.150, 1.375e-6
-1.151, 1.494e-6
-1.152, 1.466e-6
-1.153, 1.477e-6
-1.154, 1.458e-6
-1.155, 1.424e-6
-1.156, 1.569e-6
-1.157, 1.501e-6
-1.158, 1.566e-6
-1.159, 1.476e-6
-1.160, 1.549e-6
-1.161, 1.637e-6
-1.162, 1.658e-6
-1.163, 1.620e-6
-1.164, 1.567e-6
-1.165, 1.622e-6
-1.166, 1.604e-6
-1.167, 1.798e-6
-1.168, 1.664e-6
-1.169, 1.675e-6
-1.170, 1.681e-6
-1.171, 1.788e-6
-1.172, 1.804e-6
-1.173, 1.708e-6
-1.174, 1.768e-6
-1.175, 1.694e-6
-1.176, 1.894e-6
-1.177, 1.853e-6
-1.178, 1.919e-6
-1.179, 1.787e-6
-1.180, 1.903e-6
-1.181, 1.933e-6
-1.182, 1.947e-6
-1.183, 1.972e-6
-1.184, 1.895e-6
-1.185, 1.974e-6
-1.186, 1.985e-6
-1.187, 2.124e-6
-1.188, 1.963e-6
-1.189, 2.024e-6
-1.190, 2.081e-6
-1.191, 2.155e-6
-1.192, 2.182e-6
-1.193, 2.183e-6
-1.194, 2.186e-6
-1.195, 2.115e-6
-1.196, 2.248e-6
-1.197, 2.266e-6
-1.198, 2.300e-6
-1.199, 2.245e-6
-1.200, 2.312e-6
-1.201, 2.375e-6
-1.202, 2.422e-6
-1.203, 2.397e-6
-1.204, 2.427e-6
-1.205, 2.439e-6
-1.206, 2.492e-6
-1.207, 2.646e-6
-1.208, 2.501e-6
-1.209, 2.611e-6
-1.210, 2.540e-6
-1.211, 2.720e-6
-1.212, 2.746e-6
-1.213, 2.674e-6
-1.214, 2.725e-6
-1.215, 2.734e-6
-1.216, 2.839e-6
-1.217, 2.852e-6
-1.218, 2.939e-6
-1.219, 2.841e-6
-1.220, 2.972e-6
-1.221, 2.995e-6
-1.222, 3.142e-6
-1.223, 3.077e-6
-1.224, 3.103e-6
-1.225, 3.135e-6
-1.226, 3.246e-6
-1.227, 3.334e-6
-1.228, 3.243e-6
-1.229, 3.405e-6
-1.230, 3.382e-6
-1.231, 3.484e-6
-1.232, 3.580e-6
-1.233, 3.524e-6
-1.234, 3.629e-6
-1.235, 3.584e-6
-1.236, 3.790e-6
-1.237, 3.758e-6
-1.238, 3.844e-6
-1.239, 3.864e-6
-1.240, 3.911e-6
-1.241, 4.023e-6
-1.242, 3.993e-6
-1.243, 4.145e-6
-1.244, 4.091e-6
-1.245, 4.258e-6
-1.246, 4.307e-6
-1.247, 4.455e-6
-1.248, 4.482e-6
-1.249, 4.445e-6
-1.250, 4.630e-6
-1.251, 4.584e-6
-1.252, 4.850e-6
-1.253, 4.774e-6
-1.254, 4.823e-6
-1.255, 4.942e-6
-1.256, 5.113e-6
-1.257, 5.282e-6
-1.258, 5.202e-6
-1.259, 5.336e-6
-1.260, 5.375e-6
-1.261, 5.599e-6
-1.262, 5.661e-6
-1.263, 5.721e-6
-1.264, 5.818e-6
-1.265, 5.852e-6
-1.266, 6.025e-6
-1.267, 6.110e-6
-1.268, 6.235e-6
-1.269, 6.326e-6
-1.270, 6.403e-6
-1.271, 6.642e-6
-1.272, 6.653e-6
-1.273, 6.872e-6
-1.274, 6.817e-6
-1.275, 7.039e-6
-1.276, 7.130e-6
-1.277, 7.366e-6
-1.278, 7.460e-6
-1.279, 7.476e-6
-1.280, 7.706e-6
-1.281, 7.847e-6
-1.282, 8.057e-6
-1.283, 8.162e-6
-1.284, 8.241e-6
-1.285, 8.470e-6
-1.286, 8.642e-6
-1.287, 8.884e-6
-1.288, 8.863e-6
-1.289, 9.106e-6
-1.290, 9.205e-6
-1.291, 9.489e-6
-1.292, 9.692e-6
-1.293, 9.729e-6
-1.294, 9.970e-6
-1.295, 1.007e-5
-1.296, 1.038e-5
-1.297, 1.054e-5
-1.298, 1.069e-5
-1.299, 1.093e-5
-1.300, 1.110e-5
-1.301, 1.145e-5
-1.302, 1.159e-5
-1.303, 1.189e-5
-1.304, 1.202e-5
-1.305, 1.228e-5
-1.306, 1.258e-5
-1.307, 1.281e-5
-1.308, 1.309e-5
-1.309, 1.322e-5
-1.310, 1.349e-5
-1.311, 1.374e-5
-1.312, 1.412e-5
-1.313, 1.425e-5
-1.314, 1.453e-5
-1.315, 1.487e-5
-1.316, 1.515e-5
-1.317, 1.553e-5
-1.318, 1.573e-5
-1.319, 1.614e-5
-1.320, 1.632e-5
-1.321, 1.680e-5
-1.322, 1.710e-5
-1.323, 1.746e-5
-1.324, 1.775e-5
-1.325, 1.803e-5
-1.326, 1.852e-5
-1.327, 1.886e-5
-1.328, 1.927e-5
-1.329, 1.957e-5
-1.330, 2.007e-5
-1.331, 2.044e-5
-1.332, 2.085e-5
-1.333, 2.123e-5
-1.334, 2.156e-5
-1.335, 2.207e-5
-1.336, 2.245e-5
-1.337, 2.303e-5
-1.338, 2.337e-5
-1.339, 2.381e-5
-1.340, 2.428e-5
-1.341, 2.485e-5
-1.342, 2.534e-5
-1.343, 2.561e-5
-1.344, 2.620e-5
-1.345, 2.671e-5
-1.346, 2.730e-5
-1.347, 2.794e-5
-1.348, 2.839e-5
-1.349, 2.899e-5
-1.350, 2.945e-5
-1.351, 3.022e-5
-1.352, 3.070e-5
-1.353, 3.134e-5
-1.354, 3.188e-5
-1.355, 3.252e-5
-1.356, 3.316e-5
-1.357, 3.395e-5
-1.358, 3.458e-5
-1.359, 3.514e-5
-1.360, 3.589e-5
-1.361, 3.673e-5
-1.362, 3.741e-5
-1.363, 3.810e-5
-1.364, 3.881e-5
-1.365, 3.962e-5
-1.366, 4.039e-5
-1.367, 4.133e-5
-1.368, 4.180e-5
-1.369, 4.270e-5
-1.370, 4.344e-5
-1.371, 4.437e-5
-1.372, 4.530e-5
-1.373, 4.597e-5
-1.374, 4.683e-5
-1.375, 4.770e-5
-1.376, 4.871e-5
-1.377, 4.959e-5
-1.378, 5.049e-5
-1.379, 5.140e-5
-1.380, 5.236e-5
-1.381, 5.335e-5
-1.382, 5.437e-5
-1.383, 5.546e-5
-1.384, 5.646e-5
-1.385, 5.759e-5
-1.386, 5.868e-5
-1.387, 5.980e-5
-1.388, 6.096e-5
-1.389, 6.173e-5
-1.390, 6.284e-5
-1.391, 6.404e-5
-1.392, 6.532e-5
-1.393, 6.634e-5
-1.394, 6.763e-5
-1.395, 6.872e-5
-1.396, 7.011e-5
-1.397, 7.134e-5
-1.398, 7.234e-5
-1.399, 7.362e-5
-1.400, 7.314e-5
-1.399, 7.176e-5
-1.398, 7.035e-5
-1.397, 6.900e-5
-1.396, 6.745e-5
-1.395, 6.622e-5
-1.394, 6.486e-5
-1.393, 6.358e-5
-1.392, 6.248e-5
-1.391, 6.095e-5
-1.390, 5.980e-5
-1.389, 5.864e-5
-1.388, 5.753e-5
-1.387, 5.630e-5
-1.386, 5.511e-5
-1.385, 5.395e-5
-1.384, 5.305e-5
-1.383, 5.205e-5
-1.382, 5.089e-5
-1.381, 4.992e-5
-1.380, 4.887e-5
-1.379, 4.811e-5
-1.378, 4.710e-5
-1.377, 4.630e-5
-1.376, 4.526e-5
-1.375, 4.439e-5
-1.374, 4.357e-5
-1.373, 4.273e-5
-1.372, 4.187e-5
-1.371, 4.099e-5
-1.370, 4.023e-5
-1.369, 3.957e-5
-1.368, 3.885e-5
-1.367, 3.781e-5
-1.366, 3.709e-5
-1.365, 3.628e-5
-1.364, 3.569e-5
-1.363, 3.502e-5
-1.362, 3.433e-5
-1.361, 3.351e-5
-1.360, 3.275e-5
-1.359, 3.224e-5
-1.358, 3.152e-5
-1.357, 3.096e-5
-1.356, 3.024e-5
-1.355, 2.970e-5
-1.354, 2.905e-5
-1.353, 2.850e-5
-1.352, 2.795e-5
-1.351, 2.726e-5
-1.350, 2.678e-5
-1.349, 2.619e-5
-1.348, 2.576e-5
-1.347, 2.516e-5
-1.346, 2.465e-5
-1.345, 2.405e-5
-1.344, 2.370e-5
-1.343, 2.315e-5
-1.342, 2.271e-5
-1.341, 2.217e-5
-1.340, 2.171e-5
-1.339, 2.142e-5
-1.338, 2.089e-5
-1.337, 2.055e-5
-1.336, 1.989e-5
-1.335, 1.964e-5
-1.334, 1.922e-5
-1.333, 1.892e-5
-1.332, 1.837e-5
-1.331, 1.796e-5
-1.330, 1.761e-5
-1.329, 1.733e-5
-1.328, 1.704e-5
-1.327, 1.657e-5
-1.326, 1.624e-5
-1.325, 1.588e-5
-1.324, 1.564e-5
-1.323, 1.525e-5
-1.322, 1.506e-5
-1.321, 1.454e-5
-1.320, 1.428e-5
-1.319, 1.396e-5
-1.318, 1.374e-5
-1.317, 1.338e-5
-1.316, 1.306e-5
-1.315, 1.283e-5
-1.314, 1.253e-5
-1.313, 1.237e-5
-1.312, 1.192e-5
-1.311, 1.174e-5
-1.310, 1.137e-5
-1.309, 1.126e-5
-1.308, 1.099e-5
-1.307, 1.078e-5
-1.306, 1.044e-5
-1.305, 1.023e-5
-1.304, 1.006e-5
-1.303, 9.808e-6
-1.302, 9.637e-6
-1.301, 9.267e-6
-1.300, 9.175e-6
-1.299, 8.889e-6
-1.298, 8.833e-6
-1.297, 8.504e-6
-1.296, 8.303e-6
-1.295, 8.174e-6
-1.294, 8.001e-6
-1.293, 7.897e-6
-1.292, 7.600e-6
-1.291, 7.457e-6
-1.290, 7.130e-6
-1.289, 7.121e-6
-1.288, 6.976e-6
-1.287, 6.805e-6
-1.286, 6.588e-6
-1.285, 6.388e-6
-1.284, 6.333e-6
-1.283, 6.174e-6
-1.282, 6.074e-6
-1.281, 5.783e-6
-1.280, 5.764e-6
-1.279, 5.617e-6
-1.278, 5.584e-6
-1.277, 5.327e-6
-1.276, 5.143e-6
-1.275, 5.040e-6
-1.274, 4.901e-6
-1.273, 4.890e-6
-1.272, 4.589e-6
-1.271, 4.523e-6
-1.270, 4.346e-6
-1.269, 4.313e-6
-1.268, 4.197e-6
-1.267, 4.130e-6
-1.266, 3.945e-6
-1.265, 3.832e-6
-1.264, 3.766e-6
-1.263, 3.661e-6
-1.262, 3.553e-6
-1.261, 3.391e-6
-1.260, 3.387e-6
-1.259, 3.243e-6
-1.258, 3.228e-6
-1.257, 3.111e-6
-1.256, 2.937e-6
-1.255, 2.922e-6
-1.254, 2.835e-6
-1.253, 2.839e-6
-1.252, 2.643e-6
-1.251, 2.515e-6
-1.250, 2.438e-6
-1.249, 2.381e-6
-1.248, 2.469e-6
-1.247, 2.214e-6
-1.246, 2.218e-6
-1.245, 2.036e-6
-1.244, 2.077e-6
-1.243, 1.999e-6
-1.242, 1.935e-6
-1.241, 1.758e-6
-1.240, 1.774e-6
-1.239, 1.715e-6
-1.238, 1.660e-6
-1.237, 1.637e-6
-1.236, 1.460e-6
-1.235, 1.510e-6
-1.234, 1.368e-6
-1.233, 1.430e-6
-1.232, 1.354e-6
-1.231, 1.233e-6
-1.230, 1.238e-6
-1.229, 1.105e-6
-1.228, 1.133e-6
-1.227, 1.014e-6
-1.226, 9.548e-7
-1.225, 9.045e-7
-1.224, 9.094e-7
-1.223, 9.469e-7
-1.222, 8.552e-7
-1.221, 7.299e-7
-1.220, 6.667e-7
-1.219, 7.457e-7
-1.218, 6.421e-7
-1.217, 6.707e-7
-1.216, 4.783e-7
-1.215, 4.931e-7
-1.214, 5.000e-7
-1.213, 4.635e-7
-1.212, 4.457e-7
-1.211, 3.126e-7
-1.210, 3.688e-7
-1.209, 2.682e-7
-1.208, 3.540e-7
-1.207, 2.455e-7
-1.206, 1.478e-7
-1.205, 1.626e-7
-1.204, 1.882e-7
-1.203, 1.892e-7
-1.202, 4.025e-8
-1.201, 6.294e-8
-1.200, -3.473e-8
-1.199, 4.519e-8
-1.198, 2.545e-8
-1.197, -1.184e-9
-1.196, -7.321e-8
-1.195, -1.413e-7
-1.194, -5.150e-8
-1.193, -1.334e-7
-1.192, -1.028e-7
-1.191, -2.922e-7
-1.190, -2.015e-7
-1.189, -2.686e-7
-1.188, -2.024e-7
-1.187, -2.636e-7
-1.186, -3.692e-7
-1.185, -2.755e-7
-1.184, -3.692e-7
-1.183, -2.725e-7
-1.182, -4.313e-7
-1.181, -4.047e-7
-1.180, -4.491e-7
-1.179, -4.067e-7
-1.178, -3.909e-7
-1.177, -4.747e-7
-1.176, -4.698e-7
-1.175, -5.241e-7
-1.174, -4.757e-7
-1.173, -5.211e-7
-1.172, -4.521e-7
-1.171, -6.504e-7
-1.170, -5.675e-7
-1.169, -5.557e-7
-1.168, -5.616e-7
-1.167, -5.626e-7
-1.166, -7.027e-7
-1.165, -5.310e-7
-1.164, -6.454e-7
-1.163, -5.122e-7
-1.162, -6.721e-7
-1.161, -7.214e-7
-1.160, -7.244e-7
-1.159, -6.504e-7
-1.158, -6.366e-7
-1.157, -7.401e-7
-1.156, -7.244e-7
-1.155, -7.668e-7
-1.154, -7.096e-7
-1.153, -7.234e-7
-1.152, -7.490e-7
-1.151, -8.122e-7
-1.150, -7.766e-7
-1.149, -7.293e-7
-1.148, -7.914e-7
-1.147, -7.342e-7
-1.146, -8.546e-7
-1.145, -8.082e-7
-1.144, -7.816e-7
-1.143, -8.033e-7
-1.142, -8.210e-7
-1.141, -9.158e-7
-1.140, -8.141e-7
-1.139, -8.595e-7
-1.138, -7.757e-7
-1.137, -8.497e-7
-1.136, -8.950e-7
-1.135, -8.181e-7
-1.134, -8.753e-7
-1.133, -7.549e-7
-1.132, -9.473e-7
-1.131, -8.753e-7
-1.130, -9.651e-7
-1.129, -8.714e-7
-1.128, -8.654e-7
-1.127, -9.375e-7
-1.126, -9.572e-7
-1.125, -9.602e-7
-1.124, -8.467e-7
-1.123, -9.730e-7
-1.122, -8.625e-7
-1.121, -9.937e-7
-1.120, -9.572e-7
-1.119, -9.069e-7
-1.118, -9.424e-7
-1.117, -8.664e-7
-1.116, -9.986e-7
-1.115, -9.335e-7
-1.114, -9.602e-7
-1.113, -9.641e-7
-1.112, -9.424e-7
-1.111, -1.016e-6
-1.110, -9.690e-7
-1.109, -9.759e-7
-1.108, -9.355e-7
-1.107, -9.878e-7
-1.106, -1.024e-6
-1.105, -1.050e-6
-1.104, -1.007e-6
-1.103, -8.852e-7
-1.102, -1.002e-6
-1.101, -9.434e-7
-1.100, -1.055e-6
-1.099, -9.621e-7
-1.098, -9.957e-7
-1.097, -9.848e-7
-1.096, -1.012e-6
-1.095, -1.091e-6
-1.094, -9.680e-7
-1.093, -1.016e-6
-1.092, -9.572e-7
-1.091, -1.154e-6
-1.090, -1.008e-6
-1.089, -1.040e-6
-1.088, -1.065e-6
-1.087, -1.005e-6
-1.086, -1.111e-6
-1.085, -1.034e-6
-1.084, -1.037e-6
-1.083, -9.483e-7
-1.082, -1.123e-6
-1.081, -1.039e-6
-1.080, -1.117e-6
-1.079, -1.035e-6
-1.078, -9.769e-7
-1.077, -1.038e-6
-1.076, -9.976e-7
-1.075, -1.122e-6
-1.074, -9.513e-7
-1.073, -1.033e-6
-1.072, -1.003e-6
-1.071, -1.089e-6
-1.070, -1.068e-6
-1.069, -1.002e-6
-1.068, -1.067e-6
-1.067, -1.027e-6
-1.066, -1.084e-6
-1.065, -1.051e-6
-1.064, -1.093e-6
-1.063, -1.014e-6
-1.062, -1.053e-6
-1.061, -1.150e-6
-1.060, -1.116e-6
-1.059, -1.071e-6
-1.058, -1.023e-6
-1.057, -1.082e-6
-1.056, -1.167e-6
-1.055, -1.127e-6
-1.054, -1.074e-6
-1.053, -1.053e-6
-1.052, -1.074e-6
-1.051, -1.045e-6
-1.050, -1.142e-6
-1.049, -1.036e-6
-1.048, -1.056e-6
-1.047, -1.031e-6
-1.046, -1.146e-6
-1.045, -1.211e-6
-1.044, -1.032e-6
-1.043, -1.087e-6
-1.042, -1.017e-6
-1.041, -1.135e-6
-1.040, -1.042e-6
-1.039, -1.078e-6
-1.038, -1.057e-6
-1.037, -1.090e-6
-1.036, -1.169e-6
-1.035, -1.152e-6
-1.034, -1.168e-6
-1.033, -1.005e-6
-1.032, -1.132e-6
-1.031, -1.165e-6
-1.030, -1.169e-6
-1.029, -1.115e-6
-1.028, -1.053e-6
-1.027, -1.107e-6
-1.026, -1.117e-6
-1.025, -1.252e-6
-1.024, -1.082e-6
-1.023, -1.160e-6
-1.022, -1.110e-6
-1.021, -1.186e-6
-1.020, -1.159e-6
-1.019, -1.112e-6
-1.018, -1.127e-6
-1.017, -1.128e-6
-1.016, -1.219e-6
-1.015, -1.122e-6
-1.014, -1.159e-6
-1.013, -1.050e-6
-1.012, -1.183e-6
-1.011, -1.155e-6
-1.010, -1.201e-6
-1.009, -1.154e-6
-1.008, -1.136e-6
-1.007, -1.153e-6
-1.006, -1.133e-6
-1.005, -1.227e-6
-1.004, -1.084e-6
-1.003, -1.110e-6
-1.002, -1.080e-6
-1.001, -1.180e-6
