Potential V vs RHE, Current mA cm-2
0.4132999999999999,-0.003942800392723857
0.4122999999999999,-0.006228973853305756
0.4112999999999999,-0.006903791143341379
0.4102999999999999,-0.007232004164910068
0.4092999999999999,-0.007526264115281995
0.4082999999999999,-0.007722908985963236
0.4072999999999999,-0.007872868383748928
0.4062999999999999,-0.007974727597339212
0.4052999999999999,-0.00807800152222936
0.4042999999999999,-0.00825766985731222
0.4032999999999999,-0.008358114359602637
0.4022999999999999,-0.008426020501996158
0.4012999999999999,-0.008478364820091166
0.4002999999999999,-0.008547685673784552
0.3992999999999999,-0.008686327381171326
0.3982999999999999,-0.008799504285160529
0.3972999999999999,-0.008823554377258232
0.3962999999999999,-0.008857507448454996
0.3952999999999999,-0.008902778210050675
0.3942999999999999,-0.009014540402740013
0.39329999999999987,-0.009096593658132188
0.39229999999999987,-0.009099423080731917
0.39129999999999987,-0.009141864419727867
0.39029999999999987,-0.009189964603923278
0.38929999999999987,-0.0092861649723141
0.38829999999999987,-0.009390853608504115
0.38729999999999987,-0.009400756587603169
0.38629999999999987,-0.00943753908139966
0.38529999999999986,-0.009453100905698175
0.38429999999999986,-0.009539398294989941
0.38329999999999986,-0.009603060303483868
0.38229999999999986,-0.009610133859983196
0.38129999999999986,-0.00962569568428171
0.38029999999999986,-0.00965681933287874
0.37929999999999986,-0.009738872588270914
0.37829999999999986,-0.009809608153264164
0.37729999999999986,-0.009818096421063354
0.37629999999999986,-0.009803949308064703
0.37529999999999986,-0.00984780535836052
0.37429999999999986,-0.009910052655554582
0.37329999999999985,-0.009994935333546484
0.37229999999999985,-0.010006253023945404
0.37129999999999985,-0.009997764756146214
0.37029999999999985,-0.010038791383842298
0.36929999999999985,-0.010109526948835552
0.36829999999999985,-0.010161871266930559
0.36729999999999985,-0.010168944823429884
0.36629999999999985,-0.010168944823429884
0.36529999999999985,-0.010191580204227724
0.36429999999999985,-0.010283536438718951
0.36329999999999985,-0.010331636622914362
0.36229999999999984,-0.010324563066415037
0.36129999999999984,-0.010325977777714903
0.36029999999999984,-0.010371248539310585
0.35929999999999984,-0.010475937175500598
0.35829999999999984,-0.010550916874393444
0.35729999999999984,-0.010555161008293039
0.35629999999999984,-0.010556575719592905
0.35529999999999984,-0.010557990430892767
0.35429999999999984,-0.010641458397584805
0.35329999999999984,-0.010672582046181836
0.35229999999999984,-0.010658434933183185
0.35129999999999983,-0.010669752623582105
0.35029999999999983,-0.010690973293080082
0.34929999999999983,-0.010771611837172389
0.34829999999999983,-0.01085932393776402
0.34729999999999983,-0.010867812205563212
0.34629999999999983,-0.01084517682476537
0.34529999999999983,-0.01085932393776402
0.34429999999999983,-0.010922985946257948
0.3432999999999998,-0.010965427285253898
0.3422999999999998,-0.010949865460955385
0.3412999999999998,-0.010962597862654168
0.3402999999999998,-0.010988062666051741
0.3392999999999998,-0.011068701210144046
0.3382999999999998,-0.011106898415240403
0.3372999999999998,-0.011106898415240403
0.3362999999999998,-0.011096995436141347
0.3352999999999998,-0.01113377792993784
0.3342999999999998,-0.011200269361031495
0.3332999999999998,-0.011246954833927042
0.3322999999999998,-0.011252613679126503
0.3312999999999998,-0.011235637143528121
0.3302999999999998,-0.011271004926024748
0.3292999999999998,-0.011336081645818539
0.3282999999999998,-0.011375693562214758
0.3272999999999998,-0.011375693562214758
0.3262999999999998,-0.011362961160515975
0.3252999999999999,-0.011411061344711386
0.3242999999999999,-0.01150160286790275
0.3232999999999999,-0.011504432290502478
0.3222999999999999,-0.01152706767130032
0.3212999999999999,-0.011508676424402073
0.3202999999999999,-0.01153272651649978
0.3192999999999999,-0.011599217947593436
0.3182999999999999,-0.011654391688288171
0.3172999999999999,-0.011630341596190467
0.3162999999999999,-0.011655806399588036
0.3152999999999999,-0.011658635822187766
0.3142999999999999,-0.01173220080978075
0.3132999999999999,-0.01177747157137643
0.3122999999999999,-0.011754836190578589
0.3112999999999999,-0.01176332445837778
0.3102999999999999,-0.011784545127875756
0.3092999999999999,-0.011868013094567793
0.3082999999999999,-0.011921772123962664
0.3072999999999999,-0.011887819052765904
0.3062999999999999,-0.011897722031864958
0.3052999999999999,-0.011917527990063069
0.3042999999999999,-0.01195713990645929
0.3032999999999999,-0.012020801914953217
0.3022999999999999,-0.012006654801954566
0.3012999999999999,-0.012008069513254432
0.3002999999999999,-0.012046266718350788
0.2992999999999999,-0.012095781613846062
0.2982999999999999,-0.012152370065840664
0.2972999999999999,-0.012135393530242284
0.2962999999999999,-0.012122661128543499
0.2952999999999999,-0.012170761312738912
0.2942999999999999,-0.012231593898633108
0.2932999999999999,-0.012264132258530003
0.2922999999999999,-0.012272620526329192
0.2912999999999999,-0.012258473413330542
0.2902999999999999,-0.01231930599922474
0.2892999999999999,-0.012397115120717317
0.2882999999999999,-0.012408432811116237
0.2872999999999999,-0.012416921078915425
0.2862999999999999,-0.012397115120717317
0.2852999999999999,-0.012423994635414753
0.2842999999999999,-0.012489071355208544
0.2832999999999999,-0.01252160971510544
0.2822999999999999,-0.012514536158606114
0.2812999999999999,-0.012515950869905978
0.2802999999999999,-0.012531512694204494
0.2792999999999999,-0.012617810083496262
0.2782999999999999,-0.012641860175593968
0.2772999999999999,-0.012634786619094642
0.2762999999999999,-0.012630542485195047
0.2752999999999999,-0.012651763154693022
0.2742999999999999,-0.012708351606687625
0.2732999999999999,-0.012745134100484116
0.2722999999999999,-0.012730986987485465
0.2712999999999999,-0.01274088996658452
0.2702999999999999,-0.012784746016880337
0.2692999999999999,-0.012851237447973993
0.26829999999999987,-0.012875287540071698
0.26729999999999987,-0.01286396984967278
0.26629999999999987,-0.012859725715773183
0.26529999999999987,-0.012885190519170754
0.26429999999999987,-0.01294319368246522
0.26329999999999987,-0.013002611557059552
0.26229999999999987,-0.012995538000560226
0.26129999999999987,-0.012975732042362116
0.26029999999999986,-0.013023832226557529
0.25929999999999986,-0.013062029431653884
0.25829999999999986,-0.013128520862747541
0.25729999999999986,-0.01310871490454943
0.25629999999999986,-0.01309739721415051
0.25529999999999986,-0.013138423841846596
0.25429999999999986,-0.013185109314742142
0.25329999999999986,-0.013236038921537283
0.25229999999999986,-0.013228965365037957
0.25129999999999986,-0.013203500561640389
0.25029999999999986,-0.013250186034535932
0.24929999999999986,-0.013332239289928105
0.24829999999999985,-0.013344971691626892
0.24729999999999985,-0.013359118804625541
0.24629999999999985,-0.013312433331729994
0.24529999999999985,-0.013387413030622844
0.24429999999999985,-0.013469466286015013
0.24329999999999985,-0.01346239272951569
0.24229999999999985,-0.013470880997314878
0.24129999999999985,-0.013460978018215825
0.24029999999999985,-0.013480783976413935
0.23929999999999985,-0.013575569633504894
0.23829999999999985,-0.013593960880403138
0.23729999999999984,-0.013591131457803407
0.23629999999999984,-0.013609522704701654
0.23529999999999984,-0.013603863859502192
0.23429999999999984,-0.013700064227893015
0.23329999999999984,-0.013731187876490048
0.23229999999999984,-0.0137127966295918
0.23129999999999984,-0.013722699608690856
0.23029999999999984,-0.01373826143298937
0.22929999999999984,-0.013818899977081677
0.22829999999999984,-0.01385002362567871
0.22729999999999984,-0.013835876512680059
0.22629999999999983,-0.013845779491779115
0.22529999999999983,-0.013874073717776415
0.22429999999999983,-0.013933491592370747
0.22329999999999983,-0.013975932931366699
0.22229999999999983,-0.013973103508766968
0.22129999999999983,-0.013958956395768317
0.22029999999999983,-0.01400988600256346
0.21929999999999983,-0.014083450990156442
0.21829999999999983,-0.014140039442151042
0.21729999999999983,-0.014161260111649017
0.21629999999999983,-0.014161260111649017
0.21529999999999982,-0.014203701450644968
0.21429999999999982,-0.01426028990263957
0.21329999999999982,-0.014316878354634173
0.21229999999999982,-0.014288584128636872
0.21129999999999982,-0.01427443701563822
0.21029999999999982,-0.014316878354634173
0.20929999999999982,-0.014373466806628774
0.20829999999999982,-0.014415908145624722
0.20729999999999982,-0.014444202371622025
0.20629999999999982,-0.014444202371622025
0.20529999999999982,-0.014486643710617976
0.20429999999999982,-0.014571526388609878
0.20329999999999981,-0.014571526388609878
0.2022999999999998,-0.014599820614607179
0.2012999999999998,-0.014599820614607179
0.20029999999999992,-0.014628114840604478
0.19929999999999992,-0.014741291744593682
0.19829999999999992,-0.014769585970590984
0.19729999999999992,-0.014783733083589632
0.19629999999999992,-0.014812027309586936
0.19529999999999992,-0.014812027309586936
0.19429999999999992,-0.014995939778569388
0.19329999999999992,-0.01505252823056399
0.19229999999999992,-0.014995939778569388
0.19129999999999991,-0.014995939778569388
0.1902999999999999,-0.01503838111756534
0.1892999999999999,-0.015109116682558592
0.1882999999999999,-0.015179852247551842
0.1872999999999999,-0.015179852247551842
0.1862999999999999,-0.015193999360550494
0.1852999999999999,-0.015250587812545097
0.1842999999999999,-0.015307176264539698
0.1832999999999999,-0.0153637647165343
0.1822999999999999,-0.0153637647165343
0.1812999999999999,-0.015392058942531598
0.1802999999999999,-0.01543450028152755
0.1792999999999999,-0.015505235846520802
0.1782999999999999,-0.015575971411514053
0.1772999999999999,-0.015590118524512706
0.1762999999999999,-0.015575971411514053
0.1752999999999999,-0.015646706976507305
0.1742999999999999,-0.01573158965449921
0.1732999999999999,-0.015774030993495156
0.1722999999999999,-0.01580232521949246
0.1712999999999999,-0.01578817810649381
0.1702999999999999,-0.015873060784485714
0.1692999999999999,-0.015957943462477614
0.1682999999999999,-0.016028679027470863
0.1672999999999999,-0.016028679027470863
0.1662999999999999,-0.016028679027470863
0.1652999999999999,-0.016071120366466816
0.1642999999999999,-0.01618429727045602
0.1632999999999999,-0.016212591496453318
0.1622999999999999,-0.016226738609451972
0.1612999999999999,-0.01625503283544927
0.1602999999999999,-0.01629747417444522
0.1592999999999999,-0.016410651078434424
0.15829999999999989,-0.016453092417430374
0.15729999999999988,-0.01646723953042903
0.15629999999999988,-0.01650968086942498
0.15529999999999988,-0.016552122208420932
0.15429999999999988,-0.01665115199941148
0.15329999999999988,-0.016721887564404736
0.15229999999999988,-0.01670774045140608
0.15129999999999988,-0.016750181790402035
0.15029999999999988,-0.016806770242396636
0.14929999999999988,-0.01690580003338719
0.14829999999999988,-0.01697653559838044
0.14729999999999988,-0.016962388485381792
0.14629999999999987,-0.017004829824377742
0.14529999999999987,-0.017047271163373692
0.14429999999999987,-0.017146300954364244
0.14329999999999987,-0.0172453307453548
0.14229999999999987,-0.017273624971352097
0.14129999999999987,-0.0173019191973494
0.14029999999999987,-0.017358507649344
0.13929999999999987,-0.017443390327335904
0.13829999999999987,-0.0175282730053278
0.13729999999999987,-0.0175282730053278
0.13629999999999987,-0.017570714344323755
0.13529999999999986,-0.017641449909317007
0.13429999999999986,-0.01774047970030756
0.13329999999999986,-0.017797068152302163
0.13229999999999986,-0.017839509491298113
0.13129999999999986,-0.017839509491298113
0.13029999999999986,-0.017924392169290013
0.12929999999999986,-0.018051716186277867
0.12829999999999986,-0.018108304638272472
0.12729999999999986,-0.01813659886426977
0.12629999999999986,-0.01817904020326572
0.12529999999999986,-0.018249775768258973
0.12429999999999986,-0.018377099785246823
0.12329999999999985,-0.018433688237241428
0.12229999999999985,-0.01847612957623738
0.12129999999999985,-0.01851857091523333
0.12029999999999985,-0.018603453593225232
0.11929999999999985,-0.018716630497214438
0.11829999999999985,-0.018773218949209036
0.11729999999999985,-0.018815660288204986
0.11629999999999985,-0.01887224874019959
0.11529999999999985,-0.018942984305192843
0.11429999999999985,-0.019098602548177995
0.11329999999999985,-0.0191834852261699
0.11229999999999984,-0.019197632339168547
0.11129999999999984,-0.0192966621301591
0.11029999999999984,-0.019353250582153703
0.10929999999999984,-0.01950886882513886
0.10829999999999984,-0.019607898616129407
0.10729999999999984,-0.019664487068124008
0.10629999999999984,-0.019777663972113214
0.10529999999999984,-0.019890840876102416
0.10429999999999984,-0.020018164893090266
0.10329999999999984,-0.020131341797079472
0.10229999999999984,-0.020187930249074077
0.10129999999999983,-0.020244518701068675
0.10029999999999983,-0.020343548492059226
0.09929999999999983,-0.020499166735044382
0.09829999999999983,-0.020626490752032236
0.09729999999999983,-0.02071137343002414
0.09629999999999983,-0.020810403221014687
0.09529999999999983,-0.020937727238002544
0.09429999999999983,-0.021093345480987697
0.09329999999999983,-0.0212065223849769
0.09229999999999983,-0.021291405062968803
0.09129999999999983,-0.021390434853959358
0.09029999999999982,-0.021517758870947205
0.08929999999999982,-0.021701671339929663
0.08829999999999982,-0.021843142469916164
0.08729999999999982,-0.02194217226090672
0.08629999999999982,-0.022027054938898623
0.08529999999999982,-0.022196820294882423
0.08429999999999982,-0.02239487987686353
0.08329999999999982,-0.022508056780852735
0.08229999999999982,-0.022621233684841938
0.08129999999999982,-0.02272026347583249
0.08029999999999982,-0.022861734605818994
0.07929999999999982,-0.023073941300798748
0.07829999999999981,-0.0232012653177866
0.07729999999999981,-0.023300295108777156
0.07629999999999981,-0.023441766238763657
0.07529999999999992,-0.02354079602975421
0.07429999999999992,-0.02373885561173532
0.07329999999999992,-0.02388032674172182
0.07229999999999992,-0.023993503645711022
0.07129999999999992,-0.024134974775697527
0.07029999999999992,-0.02426229879268538
0.06929999999999992,-0.024446211261667832
0.06829999999999992,-0.024601829504652988
0.06729999999999992,-0.024700859295643543
0.06629999999999991,-0.02482818331263139
0.06529999999999991,-0.0249979486686152
0.06429999999999991,-0.025181861137597652
0.06329999999999991,-0.025323332267584157
0.06229999999999991,-0.025422362058574708
0.06129999999999991,-0.02553553896256391
0.06029999999999991,-0.025691157205549067
0.05929999999999991,-0.025860922561532867
0.05829999999999991,-0.026016540804518026
0.05729999999999991,-0.02612971770850723
0.056299999999999906,-0.02624289461249643
0.055299999999999905,-0.026412659968480235
0.054299999999999904,-0.02661071955046134
0.0532999999999999,-0.026766337793446494
0.0522999999999999,-0.026879514697435696
0.0512999999999999,-0.02695025026242895
0.0502999999999999,-0.0270775742794168
0.0492999999999999,-0.027247339635400606
0.0482999999999999,-0.02736051653938981
0.0472999999999999,-0.027459546330380363
0.0462999999999999,-0.027586870347368214
0.045299999999999896,-0.02772834147735472
0.044299999999999895,-0.027912253946337173
0.043299999999999894,-0.02802543085032638
0.04229999999999989,-0.02811031352831828
0.04129999999999989,-0.028223490432307482
0.04029999999999989,-0.028379108675292634
0.03929999999999989,-0.028534726918277787
0.03829999999999989,-0.028633756709268345
0.03729999999999989,-0.028732786500258897
0.03629999999999989,-0.028845963404248096
0.03529999999999989,-0.02894499319523865
0.034299999999999886,-0.029143052777219756
0.033299999999999885,-0.029256229681208955
0.032299999999999884,-0.029341112359200863
0.031299999999999883,-0.029425995037192763
0.030299999999999883,-0.02953917194118197
0.02929999999999988,-0.02970893729716577
0.02829999999999988,-0.029850408427152274
0.02729999999999988,-0.029935291105144177
0.02629999999999988,-0.03002017378313608
0.025299999999999878,-0.030133350687125283
0.024299999999999877,-0.030288968930110433
0.023299999999999876,-0.030416292947098293
0.022299999999999875,-0.030458734286094236
0.021299999999999875,-0.030543616964086147
0.020299999999999874,-0.03065679386807535
0.019299999999999873,-0.030812412111060502
0.018299999999999872,-0.030911441902051046
0.01729999999999987,-0.030968030354045658
0.01629999999999987,-0.03103876591903891
0.01529999999999987,-0.031180237049025412
0.014299999999999868,-0.03132170817901191
0.013299999999999867,-0.031420737970002464
0.012299999999999978,-0.03149147353499571
0.011299999999999866,-0.031533914873991674
0.010299999999999976,-0.03164709177798087
0.009299999999999864,-0.031802710020966025
0.008299999999999974,-0.031887592698957926
0.007299999999999862,-0.03195832826395118
0.006299999999999972,-0.03202906382894443
0.00529999999999986,-0.03214224073293363
0.0042999999999999705,-0.03229785897591879
0.0032999999999998586,-0.03236859454091204
0.0022999999999999687,-0.032425182992906636
0.0012999999999998568,-0.03251006567089854
0.00029999999999996696,-0.032623242574887745
-0.000700000000000145,-0.0327788608178729
-0.0017000000000000348,-0.0328637434958648
-0.0027000000000001467,-0.03293447906085806
-0.0037000000000000366,-0.03304765596484726
-0.0047000000000001485,-0.03316083286883646
-0.005700000000000038,-0.03333059822482026
-0.00670000000000015,-0.03342962801581082
-0.00770000000000004,-0.03344377512880947
-0.008700000000000152,-0.03351451069380272
-0.009700000000000042,-0.03358524625879597
-0.010700000000000154,-0.03376915872777843
-0.011700000000000044,-0.03385404140577032
-0.012700000000000156,-0.03386818851876898
-0.013700000000000045,-0.03395307119676088
-0.014700000000000157,-0.03405210098775143
-0.015700000000000047,-0.034179425004739285
-0.01670000000000016,-0.03425016056973254
-0.01770000000000005,-0.034278454795729836
-0.01870000000000016,-0.03432089613472579
-0.01970000000000005,-0.03444822015171364
-0.020700000000000163,-0.034547249942704195
-0.021700000000000053,-0.0346321326206961
-0.022700000000000164,-0.0346604268466934
-0.023700000000000054,-0.034731162411686646
-0.024700000000000166,-0.0348301922026772
-0.025700000000000056,-0.03494336910666641
-0.026700000000000168,-0.03504239889765696
-0.027700000000000058,-0.03507069312365426
-0.02870000000000017,-0.03509898734965156
-0.02970000000000006,-0.035198017140642114
-0.03070000000000017,-0.03532534115762996
-0.03170000000000006,-0.03539607672262322
-0.03270000000000017,-0.03543851806161917
-0.03370000000000006,-0.03549510651361377
-0.034700000000000175,-0.03560828341760297
-0.035700000000000065,-0.03576390166058813
-0.03670000000000018,-0.03584878433858003
-0.03770000000000007,-0.03590537279057463
-0.03870000000000018,-0.035947814129570585
-0.03970000000000007,-0.03600440258156519
-0.04070000000000018,-0.03614587371155169
-0.04170000000000007,-0.036188315050547634
-0.04270000000000018,-0.03624490350254224
-0.04370000000000007,-0.036301491954536844
-0.044700000000000184,-0.03638637463252875
-0.045700000000000074,-0.03652784576251525
-0.046700000000000186,-0.036598581327508505
-0.047700000000000076,-0.03661272844050715
-0.04870000000000019,-0.03666931689250175
-0.04970000000000008,-0.036740052457495
-0.05070000000000019,-0.036839082248485554
-0.05170000000000008,-0.03693811203947611
-0.05270000000000019,-0.03695225915247476
-0.05370000000000008,-0.03700884760446936
-0.05470000000000019,-0.03709373028246127
-0.05570000000000008,-0.037206907186450464
-0.056700000000000195,-0.037291789864442364
-0.057700000000000085,-0.03727764275144372
-0.058700000000000196,-0.03733423120343832
-0.059700000000000086,-0.037461555220426164
-0.0607000000000002,-0.03764546768940863
-0.06170000000000009,-0.037801085932393785
-0.0627000000000002,-0.037843527271389725
-0.06370000000000009,-0.037843527271389725
-0.0647000000000002,-0.037885968610385685
-0.06570000000000009,-0.03794255706238028
-0.0667000000000002,-0.037970851288377586
-0.0677000000000001,-0.037970851288377586
-0.0687000000000002,-0.03798499840137624
-0.0697000000000001,-0.03808402819236679
-0.07070000000000021,-0.03818305798335734
-0.0717000000000001,-0.038239646435351944
-0.07270000000000021,-0.03826794066134924
-0.0737000000000001,-0.03828208777434789
-0.07470000000000021,-0.03835282333934115
-0.0757000000000001,-0.0384518531303317
-0.07670000000000021,-0.03848014735632899
-0.0777000000000001,-0.038508441582326296
-0.07870000000000021,-0.0385367358083236
-0.0797000000000001,-0.03860747137331685
-0.08070000000000022,-0.03873479539030471
-0.0817000000000001,-0.038763089616302
-0.08270000000000022,-0.03880553095529796
-0.08370000000000011,-0.0388196780682966
-0.08470000000000022,-0.03884797229429391
-0.08570000000000011,-0.038961149198283106
-0.08670000000000022,-0.03903188476327636
-0.08770000000000011,-0.039046031876275006
-0.08870000000000022,-0.039088473215270966
-0.08970000000000011,-0.03913091455426691
-0.09070000000000022,-0.03927238568425342
-0.09170000000000011,-0.03930067991025072
-0.09270000000000023,-0.039314827023249364
-0.09370000000000012,-0.03935726836224532
-0.09470000000000023,-0.039428003927238574
-0.09570000000000012,-0.039527033718229125
-0.09670000000000023,-0.039597769283222374
-0.09770000000000012,-0.039611916396221025
-0.09870000000000023,-0.03964021062221833
-0.09970000000000012,-0.039725093300210235
-0.10070000000000023,-0.03983827020419943
-0.10170000000000012,-0.039909005769192686
-0.10270000000000024,-0.039965594221187284
-0.10370000000000013,-0.04000803556018324
-0.10470000000000024,-0.04010706535117379
-0.10570000000000013,-0.04016365380316839
-0.10670000000000024,-0.04017780091616704
-0.10770000000000013,-0.04020609514216435
-0.10870000000000024,-0.04020609514216435
-0.10970000000000013,-0.04029097782015625
-0.11070000000000024,-0.04043244895014275
-0.11170000000000013,-0.04048903740213735
-0.11270000000000002,-0.040531478741133296
-0.11370000000000013,-0.040545625854131954
-0.11470000000000002,-0.0406163614191252
-0.11570000000000014,-0.040729538323114406
-0.11670000000000003,-0.04075783254911171
-0.11770000000000014,-0.04077197966211036
-0.11870000000000003,-0.040800273888107655
-0.11970000000000014,-0.040885156566099555
-0.12070000000000003,-0.04102662769608607
-0.12170000000000014,-0.04106906903508201
-0.12270000000000003,-0.04108321614808067
-0.12370000000000014,-0.04112565748707661
-0.12470000000000003,-0.04119639305206987
-0.12570000000000014,-0.04132371706905772
-0.12670000000000003,-0.04140859974704963
-0.12770000000000015,-0.04142274686004828
-0.12870000000000004,-0.04149348242504153
-0.12970000000000015,-0.041535923764037475
-0.13070000000000004,-0.04166324778102533
-0.13170000000000015,-0.04171983623301993
-0.13270000000000004,-0.04173398334601858
-0.13370000000000015,-0.04176227757201588
-0.13470000000000004,-0.04183301313700913
-0.13570000000000015,-0.04196033715399699
-0.13670000000000004,-0.042016925605991594
-0.13770000000000016,-0.04204521983198889
-0.13870000000000005,-0.04210180828398349
-0.13970000000000016,-0.042186690961975394
-0.14070000000000005,-0.04225742652696864
-0.14170000000000016,-0.042299867865964604
-0.14270000000000005,-0.04231401497896324
-0.14370000000000016,-0.04232816209196189
-0.14470000000000005,-0.0424413389959511
-0.14570000000000016,-0.042568663012938955
-0.14670000000000005,-0.04262525146493356
-0.14770000000000016,-0.04268183991692816
-0.14870000000000005,-0.04271013414292545
-0.14970000000000017,-0.04279501682091736
-0.15070000000000006,-0.04289404661190791
-0.15170000000000017,-0.042936487950903865
-0.15270000000000006,-0.04297892928989981
-0.15370000000000017,-0.043021370628895765
-0.15470000000000006,-0.043106253306887665
-0.15570000000000017,-0.04324772443687417
-0.15670000000000006,-0.04326187154987282
-0.15770000000000017,-0.04330431288886877
-0.15870000000000006,-0.04333260711486608
-0.15970000000000018,-0.04341748979285798
-0.16070000000000007,-0.04354481380984583
-0.16170000000000018,-0.04357310803584313
-0.16270000000000007,-0.04361554937483908
-0.16370000000000018,-0.04367213782683368
-0.16470000000000007,-0.043771167617824236
-0.16570000000000018,-0.043856050295816136
-0.16670000000000007,-0.04389849163481209
-0.16770000000000018,-0.04389849163481209
-0.16870000000000007,-0.04394093297380804
-0.16970000000000018,-0.04401166853880129
-0.17070000000000007,-0.0441531396687878
-0.17170000000000019,-0.04423802234677969
-0.17270000000000008,-0.04425216945977835
-0.1737000000000002,-0.04436534636376756
-0.17470000000000008,-0.04464828862374056
-0.1757000000000002,-0.04500196644870682
-0.17670000000000008,-0.04515758469169197
-0.1777000000000002,-0.04512929046569467
-0.17870000000000008,-0.04508684912669872
-0.1797000000000002,-0.045100996239697363
-0.18070000000000008,-0.04508684912669872
-0.1817000000000002,-0.04512929046569467
-0.18270000000000008,-0.045143437578693324
-0.1837000000000002,-0.04518587891768927
-0.1847000000000001,-0.04534149716067442
-0.1857000000000002,-0.04546882117766228
-0.1867000000000001,-0.04553955674265553
-0.1877000000000002,-0.04552540962965688
-0.1887000000000001,-0.04552540962965688
-0.1897000000000002,-0.04561029230764878
-0.1907000000000001,-0.045695174985640685
-0.1917000000000001,-0.04573761632463663
-0.19269999999999998,-0.04575176343763528
-0.1937000000000001,-0.045794204776631244
-0.19469999999999998,-0.045893234567621795
-0.1957000000000001,-0.04603470569760829
-0.19669999999999999,-0.04609129414960289
-0.1977000000000001,-0.0461195883756002
-0.1987,-0.046147882601597495
-0.1997000000000001,-0.04619032394059345
-0.2007,-0.046317647957581295
-0.2017000000000001,-0.046345942183578605
-0.2027,-0.0463742364095759
-0.2037000000000001,-0.046444971974569156
-0.2047,-0.046515707539562405
-0.2057000000000001,-0.04667132578254756
-0.2067,-0.04672791423454216
-0.2077000000000001,-0.046784502686536764
-0.2087,-0.04684109113853137
-0.2097000000000001,-0.04692597381652327
-0.2107,-0.046996709381516524
-0.2117000000000001,-0.04703915072051247
-0.2127,-0.04703915072051247
-0.2137000000000001,-0.04709573917250707
-0.2147,-0.04719476896349762
-0.2157000000000001,-0.04749185833646928
-0.2167,-0.047520152562466576
-0.21770000000000012,-0.04747771122347064
-0.2187,-0.04747771122347064
-0.21970000000000012,-0.04756259390146254
-0.2207,-0.04767577080545173
-0.22170000000000012,-0.04776065348344364
-0.2227,-0.04780309482243959
-0.22370000000000012,-0.04780309482243959
-0.2247,-0.04790212461343014
-0.22570000000000012,-0.047987007291422044
-0.2267,-0.048029448630418
-0.22770000000000012,-0.04804359574341665
-0.22870000000000001,-0.048071889969413945
-0.22970000000000013,-0.0481426255344072
-0.23070000000000002,-0.0482558024383964
-0.23170000000000013,-0.04829824377739235
-0.23270000000000002,-0.04841142068138156
-0.23370000000000013,-0.04858118603736536
-0.23470000000000002,-0.04876509850634782
-0.23570000000000013,-0.04886412829733837
-0.23670000000000002,-0.04883583407134107
-0.2376999999999999,-0.04877924561934646
-0.23870000000000002,-0.048750951393349166
-0.2396999999999999,-0.04879339273234512
-0.24070000000000003,-0.04897730520132757
-0.24169999999999991,-0.049005599427324874
-0.24270000000000003,-0.04906218787931948
-0.24369999999999992,-0.04913292344431273
-0.24470000000000003,-0.049203659009305976
-0.24569999999999992,-0.04931683591329518
-0.24670000000000003,-0.04933098302629382
-0.24769999999999992,-0.049274394574299225
-0.24870000000000003,-0.04931683591329518
-0.24969999999999992,-0.04938757147828843
-0.25070000000000003,-0.04955733683427224
-0.2516999999999999,-0.04968466085126009
-0.25270000000000004,-0.04971295507725739
-0.2536999999999999,-0.04975539641625334
-0.25470000000000004,-0.049811984868247935
-0.2556999999999999,-0.049854426207243896
-0.25670000000000004,-0.0498827204332412
-0.25769999999999993,-0.049840279094245245
-0.25870000000000004,-0.04989686754623984
-0.25969999999999993,-0.050010044450229045
-0.26070000000000004,-0.05012322135421825
-0.26169999999999993,-0.0501939569192115
-0.26270000000000004,-0.05017980980621285
-0.26369999999999993,-0.05015151558021554
-0.26470000000000005,-0.05023639825820745
-0.26569999999999994,-0.05027883959720341
-0.26670000000000005,-0.05034957516219666
-0.26769999999999994,-0.050363722275195304
-0.26870000000000005,-0.05040616361419126
-0.26969999999999994,-0.050533487631179104
-0.27070000000000005,-0.05070325298716292
-0.27169999999999994,-0.05080228277815346
-0.27270000000000005,-0.05091545968214267
-0.27369999999999994,-0.05100034236013457
-0.27470000000000006,-0.05109937215112512
-0.27569999999999995,-0.05117010771611837
-0.27670000000000006,-0.05109937215112512
-0.27769999999999995,-0.051042783699130526
-0.27870000000000006,-0.051028636586131874
-0.27969999999999995,-0.051141813490121084
-0.28070000000000006,-0.051297431733106226
-0.28169999999999995,-0.05132572595910353
-0.28270000000000006,-0.05132572595910353
-0.28369999999999995,-0.05132572595910353
-0.28470000000000006,-0.05135402018510083
-0.28569999999999995,-0.051410608637095435
-0.28670000000000007,-0.05136816729809948
-0.28769999999999996,-0.05133987307210218
-0.28870000000000007,-0.05146719708909004
-0.28969999999999996,-0.051580373993079236
-0.29070000000000007,-0.051665256671071136
-0.29169999999999996,-0.05167940378406979
-0.29270000000000007,-0.05160866821907654
-0.29369999999999996,-0.05159452110607789
-0.2947000000000001,-0.05163696244507385
-0.29569999999999996,-0.051948198931044146
-0.2967000000000001,-0.0524433478859969
-0.29769999999999996,-0.05282531993696047
-0.2987000000000001,-0.05306582085793753
-0.29969999999999997,-0.053150703535929426
-0.3007000000000001,-0.05306582085793753
-0.30169999999999997,-0.05286776127595642
-0.3027000000000001,-0.05262726035497937
-0.30369999999999997,-0.05247164211199421
-0.3047000000000001,-0.05245749499899556
-0.30569999999999997,-0.05255652478998611
-0.3067000000000001,-0.05265555458097666
-0.3077,-0.05274043725896857
-0.3087000000000001,-0.05275458437196722
-0.3097,-0.05283946704995912
-0.3107000000000001,-0.05288190838895507
-0.3117,-0.05281117282396182
-0.3127000000000001,-0.05275458437196722
-0.3137,-0.052697995919972616
-0.3147000000000001,-0.05275458437196722
-0.3157,-0.05285361416295777
-0.3167000000000001,-0.052896055501953726
-0.3177,-0.05292434972795102
-0.3187000000000001,-0.052952643953948324
-0.3197,-0.052980938179945626
-0.3207000000000001,-0.05306582085793753
-0.3217,-0.05306582085793753
-0.3227000000000001,-0.05302337951894157
-0.3237,-0.05302337951894157
-0.3247000000000001,-0.05307996797093617
-0.3257,-0.05324973332691998
-0.3267000000000001,-0.05324973332691998
-0.3277,-0.05320729198792403
-0.3287000000000001,-0.053235586213921327
-0.3297,-0.053334616004911885
-0.3307000000000001,-0.05346194002189974
-0.3317,-0.05349023424789704
-0.3327000000000001,-0.05347608713489838
-0.3337,-0.05349023424789704
-0.3347000000000001,-0.053575116925888934
-0.3357,-0.05367414671687949
-0.3367000000000001,-0.05377317650787005
-0.3377,-0.05377317650787005
-0.3387000000000001,-0.053815617846866
-0.3397,-0.053886353411859246
-0.3407000000000001,-0.053971236089851146
-0.3417,-0.05399953031584845
-0.3427000000000001,-0.05399953031584845
-0.3437,-0.0540419716548444
-0.3447000000000001,-0.0541834427848309
-0.3457,-0.05438150236681201
-0.3467000000000001,-0.05456541483579446
-0.3477,-0.05467859173978367
-0.3487000000000001,-0.05466444462678501
-0.3497,-0.05470688596578097
-0.3507000000000001,-0.05473518019177826
-0.3517,-0.05466444462678501
-0.3527000000000001,-0.05467859173978367
-0.3537,-0.05472103307877962
-0.3547000000000001,-0.054876651321764766
-0.3557,-0.05513129935574049
-0.35670000000000013,-0.05523032914673103
-0.3577,-0.05523032914673103
-0.35870000000000013,-0.055202034920733736
-0.3597,-0.05525862337272834
-0.36070000000000013,-0.05548497718070674
-0.3617,-0.05569718387568649
-0.3626999999999999,-0.05598012613565951
-0.3637,-0.05620647994363791
-0.3646999999999999,-0.0563196568476271
-0.3657,-0.05637624529962171
-0.3666999999999999,-0.0563196568476271
-0.3677,-0.056248921282633854
-0.3686999999999999,-0.056291362621629815
-0.36970000000000003,-0.056446980864614964
-0.3706999999999999,-0.05660259910760012
-0.37170000000000003,-0.05668748178559202
-0.3726999999999999,-0.05671577601158932
-0.37370000000000003,-0.056843100028577176
-0.3746999999999999,-0.05692798270656907
-0.37570000000000003,-0.05702701249755963
-0.3766999999999999,-0.05714018940154882
-0.37770000000000004,-0.057182630740544776
-0.3786999999999999,-0.05725336630553804
-0.37970000000000004,-0.05742313166152184
-0.3806999999999999,-0.057564602791508344
-0.38170000000000004,-0.05769192680849619
-0.38269999999999993,-0.05773436814749215
-0.38370000000000004,-0.057748515260490796
-0.38469999999999993,-0.0578899863904773
-0.38570000000000004,-0.058045604633462464
-0.38669999999999993,-0.05813048731145436
-0.38770000000000004,-0.058215369989446264
-0.38869999999999993,-0.05828610555443951
-0.38970000000000005,-0.05847001802342197
-0.39069999999999994,-0.05863978337940577
-0.39170000000000005,-0.058682224718401725
-0.39269999999999994,-0.05873881317039633
-0.39370000000000005,-0.05880954873538958
-0.39469999999999994,-0.05895101986537608
-0.39570000000000005,-0.05916322656035583
-0.39669999999999994,-0.059233962125349086
-0.39770000000000005,-0.059375433255335584
-0.39869999999999994,-0.059502757272323445
-0.39970000000000006,-0.05967252262830725
-0.40069999999999995,-0.0598281408712924
-0.40170000000000006,-0.059927170662282946
-0.40269999999999995,-0.06004034756627216
-0.40370000000000006,-0.06023840714825326
-0.40469999999999995,-0.060408172504237065
-0.40570000000000006,-0.06062037919921682
-0.40669999999999995,-0.060705261877208726
-0.40770000000000006,-0.06074770321620467
-0.40869999999999995,-0.060846733007195224
-0.40970000000000006,-0.06103064547617768
-0.41069999999999995,-0.06134188196214799
-0.41170000000000007,-0.061554088657127755
-0.41269999999999996,-0.0616531184481183
-0.41370000000000007,-0.06182288380410209
-0.41469999999999996,-0.06202094338608321
-0.41570000000000007,-0.062289738533057575
-0.41669999999999996,-0.06288391727900088
-0.41770000000000007,-0.0636761556069253
-0.41869999999999996,-0.06424204012687132
-0.4197000000000001,-0.06456742372584028
-0.42069999999999996,-0.06470889485582677
-0.4217000000000001,-0.06459571795183758
-0.42269999999999996,-0.06446839393484971
-0.4237000000000001,-0.06442595259585376
-0.42469999999999997,-0.06459571795183758
-0.4257000000000001,-0.06490695443780789
-0.42669999999999997,-0.06520404381077954
-0.4277000000000001,-0.06545869184475524
-0.42869999999999997,-0.06562845720073905
-0.4297000000000001,-0.06586895812171611
-0.43069999999999997,-0.06603872347769991
-0.4317000000000001,-0.06616604749468777
-0.4327,-0.06630751862467427
-0.4337000000000001,-0.06646313686765942
-0.4347,-0.06674607912763245
-0.4357000000000001,-0.06709975695259869
-0.4367,-0.06732611076057708
-0.4377000000000001,-0.0675524645685555
-0.4387,-0.06776467126353526
-0.4397000000000001,-0.06801931929751097
-0.4407,-0.06828811444448532
-0.4417000000000001,-0.06850032113946508
-0.4427,-0.06872667494744349
-0.4437000000000001,-0.06899547009441785
-0.4447,-0.0693491479193841
-0.4457000000000001,-0.06973111997034764
-0.4467,-0.06998576800432338
-0.4477000000000001,-0.07014138624730852
-0.4487,-0.07041018139428289
-0.4497000000000001,-0.07073556499325184
-0.4507,-0.0711175370442154
-0.4517000000000001,-0.07135803796519245
-0.4527,-0.0715702446601722
-0.4537000000000001,-0.07186733403314385
-0.4547,-0.07222101185811013
-0.4557000000000001,-0.07258883679607502
-0.4567,-0.07290007328204533
-0.4577000000000001,-0.0730839857510278
-0.4587,-0.0733386337850035
-0.4597000000000001,-0.07373475294896571
-0.4607,-0.07407428366093333
-0.4617000000000001,-0.07432893169490903
-0.4627,-0.07458357972888473
-0.4637000000000001,-0.07489481621485504
-0.4647,-0.07534752383081185
-0.4657000000000001,-0.07585681989876326
-0.4667,-0.07626708617572413
-0.4677000000000001,-0.0767056466786823
-0.4687,-0.07704517739064991
-0.4697000000000001,-0.07746959078060942
-0.4707,-0.07786570994457162
-0.4717000000000001,-0.07824768199553518
-0.4727,-0.07854477136850684
-0.4737000000000001,-0.0789267434194704
-0.4747,-0.07980386442538671
-0.4757000000000001,-0.081006369030272
-0.4767,-0.08181275447119508
-0.4777000000000001,-0.08213813807016403
-0.4787,-0.08232205053914649
-0.4797000000000001,-0.08242108033013704
-0.4807,-0.08257669857312219
-0.48170000000000013,-0.08271816970310869
-0.4827,-0.0830577004150763
-0.48370000000000013,-0.08363773204802097
-0.4847,-0.08441582326294673
-0.48570000000000013,-0.0851939144778725
-0.4867,-0.08563247498083068
-0.4876999999999999,-0.08585882878880907
-0.4887,-0.08612762393578344
-0.4896999999999999,-0.08645300753475238
-0.4907,-0.0868491266987146
-0.4916999999999999,-0.0872735400886741
-0.4927,-0.08765551213963767
-0.4936999999999999,-0.08820724954658503
-0.49470000000000003,-0.08880142829252836
-0.4956999999999999,-0.08935316569947571
-0.49670000000000003,-0.08977757908943522
-0.4976999999999999,-0.09010296268840419
-0.49870000000000003,-0.09051322896536505
-0.4996999999999999,-0.09106496637231241
-0.5007,-0.09160255666626112
-0.5016999999999999,-0.09216844118620715
-0.5027,-0.09272017859315451
-0.5036999999999999,-0.09321532754810727
-0.5047,-0.09385194763304654
-0.5056999999999999,-0.09443197926599119
-0.5067,-0.09491298110794531
-0.5076999999999999,-0.09537983583690077
-0.5087,-0.0958608376788549
-0.5096999999999999,-0.09645501642479819
-0.5107,-0.09711993073573477
-0.5116999999999999,-0.09764337391668483
-0.5127,-0.09818096421063353
-0.5136999999999999,-0.09876099584357821
-0.5147,-0.09945420438051207
-0.5156999999999999,-0.10017570714344325
-0.5167,-0.10075573877638791
-0.5176999999999999,-0.10134991752233123
-0.5187,-0.1019299491552759
-0.5196999999999999,-0.10256656924021516
-0.5207,-0.10325977777714902
-0.5216999999999999,-0.1038398094100937
-0.5227,-0.1044056939300397
-0.5236999999999999,-0.10505646112797762
-0.5247,-0.1057779638909088
-0.5257,-0.10658434933183186
-0.5267000000000001,-0.10720682230377249
-0.5277,-0.10778685393671714
-0.5287000000000001,-0.10850835669964831
-0.5297,-0.10925815368857679
-0.5307000000000001,-0.1099938035645066
-0.5317,-0.11065871787544318
-0.5327000000000001,-0.11139436775137299
-0.5337,-0.11237051854827985
-0.5347000000000001,-0.11341740491017999
-0.5357,-0.11445014415908147
-0.5367000000000001,-0.11527067671300319
-0.5377,-0.11582241411995055
-0.5387000000000001,-0.11643073997889253
-0.5397,-0.11710980140282773
-0.5407000000000001,-0.11781715705276027
-0.5417,-0.11853865981569144
-0.5427000000000001,-0.1192601625786226
-0.5437,-0.12017972492353488
-0.5447000000000001,-0.12126905262443094
-0.5457,-0.12214617363034727
-0.5467000000000001,-0.12289597061927575
-0.5477,-0.12357503204321095
-0.5487000000000001,-0.12429653480614214
-0.5497,-0.12514536158606115
-0.5507000000000001,-0.12602248259197746
-0.5517,-0.1268430151458992
-0.5527000000000001,-0.12770598903881686
-0.5537,-0.12861140427073048
-0.5547000000000001,-0.12953096661564276
-0.5557,-0.13053541163854693
-0.5567000000000001,-0.1313700913054673
-0.5577,-0.13223306519838499
-0.5587000000000001,-0.133081891978304
-0.5597,-0.13405804277521088
-0.5607000000000001,-0.1351332233631083
-0.5617,-0.13605278570802057
-0.5627000000000001,-0.13697234805293285
-0.5637,-0.1381324113188222
-0.5647000000000001,-0.139151003454725
-0.5657,-0.1402261840426224
-0.5667000000000001,-0.1412306290655266
-0.5677,-0.1421784856364362
-0.5687000000000001,-0.14316878354634172
-0.5697,-0.14415908145624726
-0.5707000000000001,-0.14543232162612577
-0.5717,-0.14642261953603128
-0.5727000000000001,-0.14741291744593682
-0.5737,-0.14854468648582883
-0.5747000000000001,-0.1496764555257209
-0.5757,-0.1508082245656129
-0.5767000000000001,-0.15193999360550495
-0.5777,-0.15307176264539696
-0.5787000000000001,-0.154203531685289
-0.5797,-0.15547677185516753
-0.5807000000000001,-0.15675001202504607
-0.5817,-0.15816472332491108
-0.5827000000000001,-0.15943796349478964
-0.5837,-0.16056973253468165
-0.5847000000000001,-0.1618429727045602
-0.5857,-0.16311621287443873
-0.5867000000000001,-0.16424798191433077
-0.5877,-0.16537975095422278
-0.5887000000000001,-0.16651151999411481
-0.5897,-0.16806770242396638
-0.5907000000000001,-0.1694824137238314
-0.5917,-0.17061418276372342
-0.5927000000000001,-0.17174595180361546
-0.5937,-0.173019191973494
-0.5947000000000001,-0.17443390327335903
-0.5957,-0.17584861457322407
-0.5967000000000001,-0.1771218547431026
-0.5977,-0.17853656604296764
-0.5987000000000001,-0.18009274847281917
-0.5997,-0.18193187316264373
-0.6007000000000001,-0.18348805559249526
-0.6017,-0.1849027668923603
-0.6027000000000001,-0.18631747819222533
-0.6037,-0.18773218949209036
-0.6047000000000001,-0.18914690079195542
-0.6057,-0.19084455435179343
-0.6067000000000001,-0.192400736781645
-0.6077,-0.19395691921149652
-0.6087000000000001,-0.19551310164134805
-0.6097,-0.1972107552011861
-0.6107000000000001,-0.19904987989101067
-0.6117,-0.20060606232086217
-0.6126999999999999,-0.20202077362072723
-0.6137,-0.2037184271805653
-0.6146999999999999,-0.20555755187038985
-0.6157,-0.2073966765602144
-0.6166999999999999,-0.20909433012005244
-0.6177,-0.21079198367989047
-0.6186999999999999,-0.21319699288966104
-0.6197,-0.21588494435940458
-0.6206999999999999,-0.21843142469916169
-0.6217,-0.2202705493889862
-0.6226999999999999,-0.22196820294882427
-0.6237,-0.2235243853786758
-0.6246999999999999,-0.22522203893851384
-0.6257,-0.2270611636283384
-0.6266999999999999,-0.22875881718817642
-0.6277,-0.2307394130079875
-0.6286999999999999,-0.23286147995778506
-0.6297,-0.23526648916755558
-0.6306999999999999,-0.23753002724733965
-0.6317,-0.2395106230671507
-0.6326999999999999,-0.24149121888696176
-0.6337,-0.24361328583675934
-0.6346999999999999,-0.24587682391654336
-0.6357,-0.24814036199632744
-0.6366999999999999,-0.25026242894612494
-0.6377,-0.252525967025909
-0.6386999999999999,-0.25493097623567956
-0.6397,-0.25733598544545017
-0.6406999999999999,-0.25988246578520724
-0.6417,-0.2621460038649913
-0.6426999999999999,-0.26440954194477534
-0.6437,-0.26695602228453247
-0.6446999999999999,-0.2695025026242895
-0.6457,-0.27219045409403303
-0.6466999999999999,-0.27487840556377663
-0.6477,-0.2774248859035337
-0.6486999999999999,-0.2801128373732773
-0.6497,-0.28294225997300737
-0.6507,-0.2857716825727374
-0.6517000000000001,-0.288459634042481
-0.6527,-0.29128905664221105
-0.6537000000000001,-0.2944014215019141
-0.6547,-0.2973723152316307
-0.6557000000000001,-0.30034320896134725
-0.6567,-0.3034555738210504
-0.6577000000000001,-0.3064264675507669
-0.6587,-0.3093973612804835
-0.6597000000000001,-0.31265119727017304
-0.6607,-0.3159050332598627
-0.6617000000000001,-0.31901739811956575
-0.6627,-0.32241270523924187
-0.6637000000000001,-0.3256665412289314
-0.6647,-0.3293447906085805
-0.6657000000000001,-0.33302303998822963
-0.6667,-0.33684276049786527
-0.6677000000000001,-0.34066248100750085
-0.6687,-0.34448220151713643
-0.6697000000000001,-0.34830192202677207
-0.6707,-0.35183870027643466
-0.6717000000000001,-0.35537547852609724
-0.6727,-0.3589122567757598
-0.6737000000000001,-0.3625905061554089
-0.6747,-0.3666931689250175
-0.6757000000000001,-0.3709373028246126
-0.6767,-0.37518143672420773
-0.6777000000000001,-0.3792840994938163
-0.6787,-0.38338676226342494
-0.6797000000000001,-0.38777236729300657
-0.6807,-0.3920165011926017
-0.6817000000000001,-0.3962606350921968
-0.6827,-0.40064624012177835
-0.6837000000000001,-0.4051733162813465
-0.6847,-0.40998333470088766
-0.6857000000000001,-0.4147933531204288
-0.6867,-0.4196033715399699
-0.6877000000000001,-0.42441338995951106
-0.6887,-0.42922340837905215
-0.6897000000000001,-0.4343163690585663
-0.6907,-0.43940932973808033
-0.6917000000000001,-0.444360819287608
-0.6927,-0.44931230883713563
-0.6937000000000001,-0.4548296829066093
-0.6947,-0.4604885281060694
-0.6957000000000001,-0.4662888444355161
-0.6967,-0.47180621850498966
-0.6977000000000001,-0.4773235925744634
-0.6987,-0.4829824377739235
-0.6997000000000001,-0.48878275410337013
-0.7007,-0.49458307043281674
-0.7017000000000001,-0.5005248578922499
-0.7027,-0.5066081164816696
-0.7037000000000001,-0.5126913750710893
-0.7047,-0.5191990470504685
-0.7057000000000001,-0.5255652478998613
-0.7067,-0.5319314487492538
-0.7077000000000001,-0.5382976495986466
-0.7087,-0.5448053215780257
-0.7097000000000001,-0.5515959358173778
-0.7107,-0.5585280211867165
-0.7117000000000001,-0.5656015776860417
-0.7127,-0.5729580764453399
-0.7137000000000001,-0.5801731040746516
-0.7147,-0.5876710739639363
-0.7157000000000001,-0.594886101593248
-0.7167,-0.601959658092573
-0.7177000000000001,-0.6093161568518712
-0.7187,-0.6169555978711424
-0.7197000000000001,-0.6248779811503866
-0.7207,-0.6333662489495769
-0.7217000000000001,-0.6422789301387266
-0.7227,-0.6514745535878493
-0.7237000000000001,-0.6609531192969451
-0.7247,-0.6698658004860949
-0.7257000000000001,-0.6782125971552986
-0.7267,-0.6862764515645293
-0.7277000000000001,-0.694057363713787
-0.7287,-0.7022626892530042
-0.7297000000000001,-0.710892428182181
-0.7307,-0.7200880516313036
-0.7317000000000001,-0.7295666173403995
-0.7327,-0.7390451830494952
-0.7337000000000001,-0.7489481621485504
-0.7347,-0.7585681989876326
-0.7357000000000001,-0.7681882358267149
-0.7367,-0.7778082726657971
-0.7376999999999999,-0.7874283095048794
-0.7387,-0.7970483463439616
-0.7396999999999999,-0.8073757388329764
-0.7407,-0.8179860735819643
-0.7416999999999999,-0.828879350590925
-0.7427,-0.8396311564698993
-0.7436999999999999,-0.8503829623488736
-0.7447,-0.8614177104878209
-0.7456999999999999,-0.8725939297567548
-0.7467,-0.8837701490256885
-0.7476999999999999,-0.8949463682946223
-0.7487,-0.9068299432134885
-0.7496999999999999,-0.9188549892623414
-0.7507,-0.9307385641812077
-0.7516999999999999,-0.9424806679700873
-0.7527,-0.9547886562789133
-0.7536999999999999,-0.9672381157177256
-0.7547,-0.9799705174165111
-0.7556999999999999,-0.9924199768553232
-0.7567,-1.0048694362941357
-0.7576999999999999,-1.0174603668629343
-0.7587,-1.0301927685617198
-0.7596999999999999,-1.0432081125204782
-0.7607,-1.055516100829304
-0.7616999999999999,-1.0675411468781568
-0.7627,-1.079707664056996
-0.7636999999999999,-1.0920156523658218
-0.7647,-1.1046065829346206
-0.7656999999999999,-1.114792504293649
-0.7667,-1.121017234013055
-0.7676999999999999,-1.1334666934518673
-0.7687,-1.1481796909704638
-0.7696999999999999,-1.1627512173590735
-0.7707,-1.1770398014877106
-0.7716999999999999,-1.1921772123962666
-0.7727,-1.2084463923447144
-0.7736999999999999,-1.2251399856831218
-0.7747,-1.2419750501515157
-0.7757,-1.2579612878399904
-0.7767000000000001,-1.2742304677884386
-0.7777,-1.2904996477368864
-0.7787000000000001,-1.3071932410752938
-0.7797,-1.3207744695539982
-0.7807000000000001,-1.3354874670725945
-0.7817,-1.3524640026709753
-0.7827000000000001,-1.3649134621097874
-0.7837,-1.382172939968141
-0.7847000000000001,-1.4043839073760218
-0.7857,-1.4246142789640919
-0.7867000000000001,-1.4444202371622026
-0.7877,-1.461396772760583
-0.7887000000000001,-1.4670556179600431
-0.7897,-1.4826174422585585
-0.7907000000000001,-1.499593977856939
-0.7917,-1.5208146473549145
-0.7927000000000001,-1.54203531685289
-0.7937,-1.5646706976507305
-0.7947000000000001,-1.5887207897484361
-0.7957,-1.6113561705462767
-0.7967000000000001,-1.6339915513441174
-0.7977,-1.658041643441823
-0.7987000000000001,-1.6820917355395286
-0.7997,-1.7061418276372344
-0.8007000000000001,-1.7287772084350748
-0.8017,-1.7542420118326456
-0.8027000000000001,-1.779706815230216
-0.8037,-1.8094157525273817
-0.8047000000000001,-1.8391246898245475
-0.8057,-1.8674189158218486
-0.8067000000000001,-1.895713141819149
-0.8077,-1.922592656516585
-0.8087000000000001,-1.9466427486142908
-0.8097,-1.9749369746115912
-0.8107000000000001,-2.0060606232086218
-0.8117,-2.0371842718056525
-0.8127000000000001,-2.0683079204026833
-0.8137,-2.0994315689997145
-0.8147000000000001,-2.13196992889661
-0.8157,-2.1659230000933714
-0.8167000000000001,-2.1984613599902674
-0.8177,-2.230999719887163
-0.8187000000000001,-2.263538079784059
-0.8197,-2.296076439680954
-0.8207000000000001,-2.330029510877715
-0.8217,-2.3653972933743415
-0.8227000000000001,-2.4035944984706976
-0.8237,-2.438962280967323
-0.8247000000000001,-2.475744774763814
-0.8257,-2.5139419798601703
-0.8267000000000001,-2.550724473656661
-0.8277,-2.588921678753017
-0.8287000000000001,-2.6228747499497778
-0.8297,-2.655413109846674
-0.8307000000000001,-2.69361031494303
-0.8317,-2.7318075200393857
-0.8327000000000001,-2.7714194364356066
-0.8337,-2.813860775431558
-0.8347000000000001,-2.854887403127644
-0.8357,-2.8944993195238653
-0.8367000000000001,-2.9341112359200863
-0.8377,-2.973723152316307
-0.8387000000000001,-3.013335068712528
-0.8397,-3.050117562509019
-0.8407000000000001,-3.08407063370578
-0.8417,-3.1321708179011907
-0.8427000000000001,-3.1831004246963324
-0.8437,-3.2297858975918787
-0.8447000000000001,-3.279300793087155
-0.8457,-3.3302303998822964
-0.8467000000000001,-3.381160006677438
-0.8477,-3.432089613472579
-0.8487000000000001,-3.4830192202677206
-0.8497,-3.5353635383627267
-0.8507000000000001,-3.589122567757598
-0.8517,-3.6457110197521994
-0.8527000000000001,-3.699470049147071
-0.8537,-3.7546437898418072
-0.8547000000000001,-3.815476375736004
-0.8557,-3.8777236729300655
-0.8567000000000001,-3.9385562588242617
-0.8577,-3.9937299995189983
-0.8587000000000001,-4.0446596063141405
-0.8597,-4.098418635709011
-0.8607000000000001,-4.152177665103882
-0.8617,-4.20735140579862
-0.8626999999999999,-4.26393985779322
-0.8637,-4.323357732387552
-0.8646999999999999,-4.378531473082289
-0.8657,-4.442193481576215
-0.8666999999999999,-4.505855490070142
-0.8677,-4.569517498564068
-0.8686999999999999,-4.633179507057995
-0.8697,-4.702500360751382
-0.8706999999999999,-4.767577080545174
-0.8717,-4.83406851163883
-0.8726999999999999,-4.901974654032353
-0.8737,-4.9698807964258735
-0.8746999999999999,-5.0420310727189905
-0.8757,-5.102863658613187
-0.8766999999999999,-5.167940378406978
-0.8777,-5.241505365999961
-0.8786999999999999,-5.312240930993213
-0.8797,-5.38722062988606
-0.8806999999999999,-5.4622003287789065
-0.8817,-5.532935893772159
-0.8826999999999999,-5.59801261356595
-0.8837,-5.675821735058527
-0.8846999999999999,-5.747972011351644
-0.8857,-5.8229517102444905
