Sept. 15, 2024   03:17:10
Cyclic Voltammetry
File: c:/users/guazh/data/20240903_batch_252_500/2024-09-03-exp357\exp357-2024-09-15t03_03_02-h2koh\exp357_cv_sr_200mvs_efin_-1600mv.bin
Data Source:  Experiment
Instrument Model:  CHI760E
Header: CV ran at 200 mVs
Note: 

Init E (V) = -1
High E (V) = -1
Low E (V) = -1.6
Final E (V) = -1
Init P/N = N
Scan Rate (V/s) = 0.2
Segment = 3
Sample Interval (V) = 0.001
Quiet Time (sec) = 2
Sensitivity (A/V) = 0.01
Comp R (ohm) = 2.3

Results:

Channel 1:
Segment 1:

Segment 2:

Segment 3:

Potential/V, Current/A

-1.000, 1.214e-5
-1.001, 2.592e-5
-1.002, 2.806e-5
-1.003, 3.032e-5
-1.004, 3.176e-5
-1.005, 3.144e-5
-1.006, 3.256e-5
-1.007, 3.431e-5
-1.008, 3.376e-5
-1.009, 3.480e-5
-1.010, 3.557e-5
-1.011, 3.595e-5
-1.012, 3.576e-5
-1.013, 3.682e-5
-1.014, 3.749e-5
-1.015, 3.714e-5
-1.016, 3.737e-5
-1.017, 3.868e-5
-1.018, 3.830e-5
-1.019, 3.856e-5
-1.020, 3.958e-5
-1.021, 3.948e-5
-1.022, 3.897e-5
-1.023, 4.020e-5
-1.024, 4.061e-5
-1.025, 4.006e-5
-1.026, 4.057e-5
-1.027, 4.133e-5
-1.028, 4.069e-5
-1.029, 4.075e-5
-1.030, 4.157e-5
-1.031, 4.174e-5
-1.032, 4.135e-5
-1.033, 4.208e-5
-1.034, 4.259e-5
-1.035, 4.172e-5
-1.036, 4.216e-5
-1.037, 4.297e-5
-1.038, 4.221e-5
-1.039, 4.276e-5
-1.040, 4.345e-5
-1.041, 4.312e-5
-1.042, 4.267e-5
-1.043, 4.337e-5
-1.044, 4.374e-5
-1.045, 4.317e-5
-1.046, 4.369e-5
-1.047, 4.413e-5
-1.048, 4.345e-5
-1.049, 4.371e-5
-1.050, 4.438e-5
-1.051, 4.431e-5
-1.052, 4.350e-5
-1.053, 4.433e-5
-1.054, 4.456e-5
-1.055, 4.406e-5
-1.056, 4.442e-5
-1.057, 4.480e-5
-1.058, 4.425e-5
-1.059, 4.454e-5
-1.060, 4.522e-5
-1.061, 4.486e-5
-1.062, 4.431e-5
-1.063, 4.518e-5
-1.064, 4.522e-5
-1.065, 4.451e-5
-1.066, 4.504e-5
-1.067, 4.545e-5
-1.068, 4.499e-5
-1.069, 4.485e-5
-1.070, 4.547e-5
-1.071, 4.546e-5
-1.072, 4.454e-5
-1.073, 4.557e-5
-1.074, 4.579e-5
-1.075, 4.515e-5
-1.076, 4.556e-5
-1.077, 4.612e-5
-1.078, 4.513e-5
-1.079, 4.531e-5
-1.080, 4.575e-5
-1.081, 4.562e-5
-1.082, 4.525e-5
-1.083, 4.590e-5
-1.084, 4.624e-5
-1.085, 4.523e-5
-1.086, 4.567e-5
-1.087, 4.646e-5
-1.088, 4.556e-5
-1.089, 4.567e-5
-1.090, 4.624e-5
-1.091, 4.590e-5
-1.092, 4.572e-5
-1.093, 4.589e-5
-1.094, 4.637e-5
-1.095, 4.541e-5
-1.096, 4.553e-5
-1.097, 4.659e-5
-1.098, 4.575e-5
-1.099, 4.561e-5
-1.100, 4.668e-5
-1.101, 4.600e-5
-1.102, 4.558e-5
-1.103, 4.639e-5
-1.104, 4.623e-5
-1.105, 4.582e-5
-1.106, 4.601e-5
-1.107, 4.648e-5
-1.108, 4.598e-5
-1.109, 4.579e-5
-1.110, 4.640e-5
-1.111, 4.653e-5
-1.112, 4.564e-5
-1.113, 4.639e-5
-1.114, 4.655e-5
-1.115, 4.582e-5
-1.116, 4.627e-5
-1.117, 4.674e-5
-1.118, 4.585e-5
-1.119, 4.629e-5
-1.120, 4.652e-5
-1.121, 4.640e-5
-1.122, 4.597e-5
-1.123, 4.641e-5
-1.124, 4.669e-5
-1.125, 4.592e-5
-1.126, 4.619e-5
-1.127, 4.702e-5
-1.128, 4.613e-5
-1.129, 4.639e-5
-1.130, 4.690e-5
-1.131, 4.648e-5
-1.132, 4.595e-5
-1.133, 4.658e-5
-1.134, 4.685e-5
-1.135, 4.630e-5
-1.136, 4.638e-5
-1.137, 4.719e-5
-1.138, 4.606e-5
-1.139, 4.617e-5
-1.140, 4.728e-5
-1.141, 4.674e-5
-1.142, 4.619e-5
-1.143, 4.694e-5
-1.144, 4.698e-5
-1.145, 4.627e-5
-1.146, 4.659e-5
-1.147, 4.729e-5
-1.148, 4.671e-5
-1.149, 4.644e-5
-1.150, 4.713e-5
-1.151, 4.691e-5
-1.152, 4.642e-5
-1.153, 4.707e-5
-1.154, 4.736e-5
-1.155, 4.652e-5
-1.156, 4.729e-5
-1.157, 4.733e-5
-1.158, 4.689e-5
-1.159, 4.689e-5
-1.160, 4.722e-5
-1.161, 4.744e-5
-1.162, 4.667e-5
-1.163, 4.736e-5
-1.164, 4.764e-5
-1.165, 4.687e-5
-1.166, 4.729e-5
-1.167, 4.789e-5
-1.168, 4.719e-5
-1.169, 4.733e-5
-1.170, 4.758e-5
-1.171, 4.764e-5
-1.172, 4.718e-5
-1.173, 4.784e-5
-1.174, 4.802e-5
-1.175, 4.733e-5
-1.176, 4.750e-5
-1.177, 4.864e-5
-1.178, 4.788e-5
-1.179, 4.778e-5
-1.180, 4.861e-5
-1.181, 4.814e-5
-1.182, 4.780e-5
-1.183, 4.827e-5
-1.184, 4.867e-5
-1.185, 4.813e-5
-1.186, 4.827e-5
-1.187, 4.912e-5
-1.188, 4.832e-5
-1.189, 4.836e-5
-1.190, 4.912e-5
-1.191, 4.911e-5
-1.192, 4.874e-5
-1.193, 4.892e-5
-1.194, 4.945e-5
-1.195, 4.884e-5
-1.196, 4.951e-5
-1.197, 4.976e-5
-1.198, 4.921e-5
-1.199, 4.934e-5
-1.200, 5.008e-5
-1.201, 4.993e-5
-1.202, 4.949e-5
-1.203, 5.030e-5
-1.204, 5.082e-5
-1.205, 5.012e-5
-1.206, 5.043e-5
-1.207, 5.140e-5
-1.208, 5.054e-5
-1.209, 5.070e-5
-1.210, 5.154e-5
-1.211, 5.139e-5
-1.212, 5.134e-5
-1.213, 5.186e-5
-1.214, 5.208e-5
-1.215, 5.164e-5
-1.216, 5.206e-5
-1.217, 5.281e-5
-1.218, 5.258e-5
-1.219, 5.260e-5
-1.220, 5.347e-5
-1.221, 5.350e-5
-1.222, 5.299e-5
-1.223, 5.395e-5
-1.224, 5.438e-5
-1.225, 5.382e-5
-1.226, 5.452e-5
-1.227, 5.526e-5
-1.228, 5.496e-5
-1.229, 5.563e-5
-1.230, 5.610e-5
-1.231, 5.607e-5
-1.232, 5.582e-5
-1.233, 5.667e-5
-1.234, 5.734e-5
-1.235, 5.682e-5
-1.236, 5.743e-5
-1.237, 5.843e-5
-1.238, 5.802e-5
-1.239, 5.853e-5
-1.240, 5.933e-5
-1.241, 5.967e-5
-1.242, 5.954e-5
-1.243, 6.009e-5
-1.244, 6.127e-5
-1.245, 6.077e-5
-1.246, 6.129e-5
-1.247, 6.252e-5
-1.248, 6.242e-5
-1.249, 6.245e-5
-1.250, 6.386e-5
-1.251, 6.414e-5
-1.252, 6.432e-5
-1.253, 6.500e-5
-1.254, 6.604e-5
-1.255, 6.597e-5
-1.256, 6.657e-5
-1.257, 6.788e-5
-1.258, 6.788e-5
-1.259, 6.791e-5
-1.260, 6.973e-5
-1.261, 7.006e-5
-1.262, 6.992e-5
-1.263, 7.127e-5
-1.264, 7.225e-5
-1.265, 7.218e-5
-1.266, 7.336e-5
-1.267, 7.460e-5
-1.268, 7.518e-5
-1.269, 7.518e-5
-1.270, 7.698e-5
-1.271, 7.770e-5
-1.272, 7.773e-5
-1.273, 7.922e-5
-1.274, 8.059e-5
-1.275, 8.055e-5
-1.276, 8.198e-5
-1.277, 8.359e-5
-1.278, 8.371e-5
-1.279, 8.498e-5
-1.280, 8.654e-5
-1.281, 8.752e-5
-1.282, 8.788e-5
-1.283, 8.951e-5
-1.284, 9.129e-5
-1.285, 9.126e-5
-1.286, 9.271e-5
-1.287, 9.497e-5
-1.288, 9.512e-5
-1.289, 9.644e-5
-1.290, 9.839e-5
-1.291, 9.931e-5
-1.292, 1.006e-4
-1.293, 1.023e-4
-1.294, 1.041e-4
-1.295, 1.051e-4
-1.296, 1.064e-4
-1.297, 1.088e-4
-1.298, 1.101e-4
-1.299, 1.109e-4
-1.300, 1.136e-4
-1.301, 1.149e-4
-1.302, 1.162e-4
-1.303, 1.186e-4
-1.304, 1.204e-4
-1.305, 1.218e-4
-1.306, 1.238e-4
-1.307, 1.261e-4
-1.308, 1.281e-4
-1.309, 1.292e-4
-1.310, 1.321e-4
-1.311, 1.347e-4
-1.312, 1.359e-4
-1.313, 1.388e-4
-1.314, 1.414e-4
-1.315, 1.426e-4
-1.316, 1.455e-4
-1.317, 1.485e-4
-1.318, 1.506e-4
-1.319, 1.528e-4
-1.320, 1.559e-4
-1.321, 1.587e-4
-1.322, 1.610e-4
-1.323, 1.639e-4
-1.324, 1.674e-4
-1.325, 1.691e-4
-1.326, 1.725e-4
-1.327, 1.763e-4
-1.328, 1.782e-4
-1.329, 1.820e-4
-1.330, 1.853e-4
-1.331, 1.884e-4
-1.332, 1.917e-4
-1.333, 1.951e-4
-1.334, 1.993e-4
-1.335, 2.021e-4
-1.336, 2.056e-4
-1.337, 2.104e-4
-1.338, 2.132e-4
-1.339, 2.170e-4
-1.340, 2.216e-4
-1.341, 2.251e-4
-1.342, 2.288e-4
-1.343, 2.335e-4
-1.344, 2.377e-4
-1.345, 2.417e-4
-1.346, 2.461e-4
-1.347, 2.515e-4
-1.348, 2.556e-4
-1.349, 2.598e-4
-1.350, 2.654e-4
-1.351, 2.700e-4
-1.352, 2.745e-4
-1.353, 2.798e-4
-1.354, 2.854e-4
-1.355, 2.902e-4
-1.356, 2.951e-4
-1.357, 3.013e-4
-1.358, 3.066e-4
-1.359, 3.114e-4
-1.360, 3.176e-4
-1.361, 3.238e-4
-1.362, 3.289e-4
-1.363, 3.352e-4
-1.364, 3.425e-4
-1.365, 3.469e-4
-1.366, 3.536e-4
-1.367, 3.609e-4
-1.368, 3.667e-4
-1.369, 3.734e-4
-1.370, 3.797e-4
-1.371, 3.874e-4
-1.372, 3.936e-4
-1.373, 4.000e-4
-1.374, 4.083e-4
-1.375, 4.138e-4
-1.376, 4.212e-4
-1.377, 4.293e-4
-1.378, 4.358e-4
-1.379, 4.434e-4
-1.380, 4.518e-4
-1.381, 4.590e-4
-1.382, 4.673e-4
-1.383, 4.750e-4
-1.384, 4.835e-4
-1.385, 4.913e-4
-1.386, 4.991e-4
-1.387, 5.083e-4
-1.388, 5.164e-4
-1.389, 5.242e-4
-1.390, 5.337e-4
-1.391, 5.420e-4
-1.392, 5.509e-4
-1.393, 5.595e-4
-1.394, 5.686e-4
-1.395, 5.777e-4
-1.396, 5.866e-4
-1.397, 5.959e-4
-1.398, 6.056e-4
-1.399, 6.139e-4
-1.400, 6.242e-4
-1.401, 6.334e-4
-1.402, 6.430e-4
-1.403, 6.532e-4
-1.404, 6.628e-4
-1.405, 6.736e-4
-1.406, 6.828e-4
-1.407, 6.933e-4
-1.408, 7.043e-4
-1.409, 7.127e-4
-1.410, 7.244e-4
-1.411, 7.347e-4
-1.412, 7.433e-4
-1.413, 7.557e-4
-1.414, 7.663e-4
-1.415, 7.766e-4
-1.416, 7.887e-4
-1.417, 7.994e-4
-1.418, 8.105e-4
-1.419, 8.222e-4
-1.420, 8.333e-4
-1.421, 8.461e-4
-1.422, 8.561e-4
-1.423, 8.678e-4
-1.424, 8.811e-4
-1.425, 8.905e-4
-1.426, 9.033e-4
-1.427, 9.162e-4
-1.428, 9.274e-4
-1.429, 9.397e-4
-1.430, 9.514e-4
-1.431, 9.644e-4
-1.432, 9.761e-4
-1.433, 9.887e-4
-1.434, 1.001e-3
-1.435, 1.013e-3
-1.436, 1.026e-3
-1.437, 1.037e-3
-1.438, 1.050e-3
-1.439, 1.064e-3
-1.440, 1.076e-3
-1.441, 1.090e-3
-1.442, 1.103e-3
-1.443, 1.115e-3
-1.444, 1.130e-3
-1.445, 1.141e-3
-1.446, 1.156e-3
-1.447, 1.170e-3
-1.448, 1.182e-3
-1.449, 1.197e-3
-1.450, 1.209e-3
-1.451, 1.222e-3
-1.452, 1.236e-3
-1.453, 1.248e-3
-1.454, 1.264e-3
-1.455, 1.278e-3
-1.456, 1.291e-3
-1.457, 1.308e-3
-1.458, 1.321e-3
-1.459, 1.335e-3
-1.460, 1.351e-3
-1.461, 1.365e-3
-1.462, 1.380e-3
-1.463, 1.395e-3
-1.464, 1.410e-3
-1.465, 1.425e-3
-1.466, 1.439e-3
-1.467, 1.457e-3
-1.468, 1.471e-3
-1.469, 1.485e-3
-1.470, 1.503e-3
-1.471, 1.514e-3
-1.472, 1.530e-3
-1.473, 1.548e-3
-1.474, 1.562e-3
-1.475, 1.578e-3
-1.476, 1.594e-3
-1.477, 1.609e-3
-1.478, 1.627e-3
-1.479, 1.641e-3
-1.480, 1.658e-3
-1.481, 1.676e-3
-1.482, 1.688e-3
-1.483, 1.709e-3
-1.484, 1.727e-3
-1.485, 1.740e-3
-1.486, 1.761e-3
-1.487, 1.776e-3
-1.488, 1.792e-3
-1.489, 1.811e-3
-1.490, 1.823e-3
-1.491, 1.843e-3
-1.492, 1.862e-3
-1.493, 1.876e-3
-1.494, 1.896e-3
-1.495, 1.915e-3
-1.496, 1.930e-3
-1.497, 1.951e-3
-1.498, 1.966e-3
-1.499, 1.986e-3
-1.500, 2.005e-3
-1.501, 2.020e-3
-1.502, 2.043e-3
-1.503, 2.060e-3
-1.504, 2.077e-3
-1.505, 2.101e-3
-1.506, 2.114e-3
-1.507, 2.134e-3
-1.508, 2.155e-3
-1.509, 2.171e-3
-1.510, 2.193e-3
-1.511, 2.214e-3
-1.512, 2.230e-3
-1.513, 2.253e-3
-1.514, 2.272e-3
-1.515, 2.291e-3
-1.516, 2.314e-3
-1.517, 2.331e-3
-1.518, 2.354e-3
-1.519, 2.375e-3
-1.520, 2.393e-3
-1.521, 2.419e-3
-1.522, 2.437e-3
-1.523, 2.460e-3
-1.524, 2.482e-3
-1.525, 2.502e-3
-1.526, 2.525e-3
-1.527, 2.547e-3
-1.528, 2.570e-3
-1.529, 2.588e-3
-1.530, 2.612e-3
-1.531, 2.634e-3
-1.532, 2.652e-3
-1.533, 2.678e-3
-1.534, 2.699e-3
-1.535, 2.721e-3
-1.536, 2.746e-3
-1.537, 2.767e-3
-1.538, 2.793e-3
-1.539, 2.806e-3
-1.540, 2.832e-3
-1.541, 2.863e-3
-1.542, 2.870e-3
-1.543, 2.897e-3
-1.544, 2.933e-3
-1.545, 2.944e-3
-1.546, 2.970e-3
-1.547, 3.003e-3
-1.548, 3.019e-3
-1.549, 3.047e-3
-1.550, 3.072e-3
-1.551, 3.096e-3
-1.552, 3.126e-3
-1.553, 3.145e-3
-1.554, 3.178e-3
-1.555, 3.206e-3
-1.556, 3.229e-3
-1.557, 3.262e-3
-1.558, 3.290e-3
-1.559, 3.313e-3
-1.560, 3.342e-3
-1.561, 3.371e-3
-1.562, 3.389e-3
-1.563, 3.417e-3
-1.564, 3.444e-3
-1.565, 3.469e-3
-1.566, 3.501e-3
-1.567, 3.529e-3
-1.568, 3.559e-3
-1.569, 3.591e-3
-1.570, 3.617e-3
-1.571, 3.651e-3
-1.572, 3.676e-3
-1.573, 3.705e-3
-1.574, 3.739e-3
-1.575, 3.763e-3
-1.576, 3.795e-3
-1.577, 3.824e-3
-1.578, 3.853e-3
-1.579, 3.885e-3
-1.580, 3.911e-3
-1.581, 3.935e-3
-1.582, 3.960e-3
-1.583, 4.001e-3
-1.584, 4.031e-3
-1.585, 4.056e-3
-1.586, 4.094e-3
-1.587, 4.126e-3
-1.588, 4.155e-3
-1.589, 4.191e-3
-1.590, 4.220e-3
-1.591, 4.258e-3
-1.592, 4.288e-3
-1.593, 4.321e-3
-1.594, 4.363e-3
-1.595, 4.390e-3
-1.596, 4.430e-3
-1.597, 4.466e-3
-1.598, 4.500e-3
-1.599, 4.542e-3
-1.600, 4.525e-3
-1.599, 4.482e-3
-1.598, 4.440e-3
-1.597, 4.394e-3
-1.596, 4.358e-3
-1.595, 4.313e-3
-1.594, 4.269e-3
-1.593, 4.235e-3
-1.592, 4.191e-3
-1.591, 4.152e-3
-1.590, 4.111e-3
-1.589, 4.074e-3
-1.588, 4.033e-3
-1.587, 3.996e-3
-1.586, 3.954e-3
-1.585, 3.917e-3
-1.584, 3.876e-3
-1.583, 3.834e-3
-1.582, 3.802e-3
-1.581, 3.763e-3
-1.580, 3.728e-3
-1.579, 3.691e-3
-1.578, 3.657e-3
-1.577, 3.618e-3
-1.576, 3.582e-3
-1.575, 3.552e-3
-1.574, 3.512e-3
-1.573, 3.479e-3
-1.572, 3.448e-3
-1.571, 3.407e-3
-1.570, 3.377e-3
-1.569, 3.349e-3
-1.568, 3.311e-3
-1.567, 3.282e-3
-1.566, 3.251e-3
-1.565, 3.220e-3
-1.564, 3.187e-3
-1.563, 3.156e-3
-1.562, 3.129e-3
-1.561, 3.095e-3
-1.560, 3.067e-3
-1.559, 3.036e-3
-1.558, 3.007e-3
-1.557, 2.975e-3
-1.556, 2.948e-3
-1.555, 2.921e-3
-1.554, 2.886e-3
-1.553, 2.861e-3
-1.552, 2.835e-3
-1.551, 2.802e-3
-1.550, 2.775e-3
-1.549, 2.747e-3
-1.548, 2.721e-3
-1.547, 2.696e-3
-1.546, 2.666e-3
-1.545, 2.640e-3
-1.544, 2.615e-3
-1.543, 2.587e-3
-1.542, 2.561e-3
-1.541, 2.534e-3
-1.540, 2.505e-3
-1.539, 2.479e-3
-1.538, 2.446e-3
-1.537, 2.424e-3
-1.536, 2.401e-3
-1.535, 2.375e-3
-1.534, 2.354e-3
-1.533, 2.329e-3
-1.532, 2.303e-3
-1.531, 2.283e-3
-1.530, 2.256e-3
-1.529, 2.235e-3
-1.528, 2.211e-3
-1.527, 2.187e-3
-1.526, 2.168e-3
-1.525, 2.143e-3
-1.524, 2.121e-3
-1.523, 2.100e-3
-1.522, 2.078e-3
-1.521, 2.057e-3
-1.520, 2.036e-3
-1.519, 2.016e-3
-1.518, 1.995e-3
-1.517, 1.975e-3
-1.516, 1.952e-3
-1.515, 1.932e-3
-1.514, 1.911e-3
-1.513, 1.890e-3
-1.512, 1.873e-3
-1.511, 1.852e-3
-1.510, 1.833e-3
-1.509, 1.816e-3
-1.508, 1.794e-3
-1.507, 1.777e-3
-1.506, 1.756e-3
-1.505, 1.738e-3
-1.504, 1.721e-3
-1.503, 1.700e-3
-1.502, 1.684e-3
-1.501, 1.665e-3
-1.500, 1.644e-3
-1.499, 1.629e-3
-1.498, 1.611e-3
-1.497, 1.590e-3
-1.496, 1.577e-3
-1.495, 1.557e-3
-1.494, 1.541e-3
-1.493, 1.526e-3
-1.492, 1.508e-3
-1.491, 1.494e-3
-1.490, 1.476e-3
-1.489, 1.460e-3
-1.488, 1.446e-3
-1.487, 1.428e-3
-1.486, 1.414e-3
-1.485, 1.397e-3
-1.484, 1.381e-3
-1.483, 1.366e-3
-1.482, 1.351e-3
-1.481, 1.335e-3
-1.480, 1.319e-3
-1.479, 1.306e-3
-1.478, 1.292e-3
-1.477, 1.276e-3
-1.476, 1.262e-3
-1.475, 1.247e-3
-1.474, 1.234e-3
-1.473, 1.220e-3
-1.472, 1.206e-3
-1.471, 1.194e-3
-1.470, 1.180e-3
-1.469, 1.166e-3
-1.468, 1.152e-3
-1.467, 1.138e-3
-1.466, 1.127e-3
-1.465, 1.112e-3
-1.464, 1.099e-3
-1.463, 1.088e-3
-1.462, 1.073e-3
-1.461, 1.061e-3
-1.460, 1.049e-3
-1.459, 1.037e-3
-1.458, 1.024e-3
-1.457, 1.012e-3
-1.456, 1.000e-3
-1.455, 9.877e-4
-1.454, 9.762e-4
-1.453, 9.636e-4
-1.452, 9.523e-4
-1.451, 9.404e-4
-1.450, 9.271e-4
-1.449, 9.174e-4
-1.448, 9.047e-4
-1.447, 8.931e-4
-1.446, 8.838e-4
-1.445, 8.713e-4
-1.444, 8.605e-4
-1.443, 8.507e-4
-1.442, 8.395e-4
-1.441, 8.289e-4
-1.440, 8.174e-4
-1.439, 8.076e-4
-1.438, 7.967e-4
-1.437, 7.851e-4
-1.436, 7.764e-4
-1.435, 7.653e-4
-1.434, 7.548e-4
-1.433, 7.452e-4
-1.432, 7.347e-4
-1.431, 7.246e-4
-1.430, 7.142e-4
-1.429, 7.063e-4
-1.428, 6.968e-4
-1.427, 6.857e-4
-1.426, 6.780e-4
-1.425, 6.681e-4
-1.424, 6.581e-4
-1.423, 6.504e-4
-1.422, 6.402e-4
-1.421, 6.311e-4
-1.420, 6.233e-4
-1.419, 6.138e-4
-1.418, 6.055e-4
-1.417, 5.970e-4
-1.416, 5.889e-4
-1.415, 5.799e-4
-1.414, 5.713e-4
-1.413, 5.634e-4
-1.412, 5.549e-4
-1.411, 5.464e-4
-1.410, 5.382e-4
-1.409, 5.310e-4
-1.408, 5.212e-4
-1.407, 5.132e-4
-1.406, 5.077e-4
-1.405, 4.985e-4
-1.404, 4.903e-4
-1.403, 4.841e-4
-1.402, 4.758e-4
-1.401, 4.682e-4
-1.400, 4.610e-4
-1.399, 4.543e-4
-1.398, 4.466e-4
-1.397, 4.389e-4
-1.396, 4.331e-4
-1.395, 4.252e-4
-1.394, 4.183e-4
-1.393, 4.125e-4
-1.392, 4.044e-4
-1.391, 3.975e-4
-1.390, 3.924e-4
-1.389, 3.852e-4
-1.388, 3.780e-4
-1.387, 3.725e-4
-1.386, 3.664e-4
-1.385, 3.593e-4
-1.384, 3.531e-4
-1.383, 3.475e-4
-1.382, 3.405e-4
-1.381, 3.344e-4
-1.380, 3.293e-4
-1.379, 3.230e-4
-1.378, 3.168e-4
-1.377, 3.116e-4
-1.376, 3.061e-4
-1.375, 3.001e-4
-1.374, 2.939e-4
-1.373, 2.892e-4
-1.372, 2.830e-4
-1.371, 2.776e-4
-1.370, 2.731e-4
-1.369, 2.676e-4
-1.368, 2.622e-4
-1.367, 2.574e-4
-1.366, 2.523e-4
-1.365, 2.471e-4
-1.364, 2.418e-4
-1.363, 2.375e-4
-1.362, 2.329e-4
-1.361, 2.271e-4
-1.360, 2.237e-4
-1.359, 2.193e-4
-1.358, 2.133e-4
-1.357, 2.099e-4
-1.356, 2.055e-4
-1.355, 2.003e-4
-1.354, 1.967e-4
-1.353, 1.924e-4
-1.352, 1.882e-4
-1.351, 1.837e-4
-1.350, 1.797e-4
-1.349, 1.764e-4
-1.348, 1.714e-4
-1.347, 1.678e-4
-1.346, 1.646e-4
-1.345, 1.597e-4
-1.344, 1.565e-4
-1.343, 1.525e-4
-1.342, 1.490e-4
-1.341, 1.449e-4
-1.340, 1.421e-4
-1.339, 1.385e-4
-1.338, 1.344e-4
-1.337, 1.314e-4
-1.336, 1.287e-4
-1.335, 1.248e-4
-1.334, 1.211e-4
-1.333, 1.190e-4
-1.332, 1.153e-4
-1.331, 1.118e-4
-1.330, 1.095e-4
-1.329, 1.063e-4
-1.328, 1.030e-4
-1.327, 1.003e-4
-1.326, 9.787e-5
-1.325, 9.460e-5
-1.324, 9.166e-5
-1.323, 8.911e-5
-1.322, 8.685e-5
-1.321, 8.344e-5
-1.320, 8.184e-5
-1.319, 7.927e-5
-1.318, 7.607e-5
-1.317, 7.416e-5
-1.316, 7.199e-5
-1.315, 6.874e-5
-1.314, 6.670e-5
-1.313, 6.489e-5
-1.312, 6.264e-5
-1.311, 5.954e-5
-1.310, 5.802e-5
-1.309, 5.653e-5
-1.308, 5.331e-5
-1.307, 5.184e-5
-1.306, 5.007e-5
-1.305, 4.716e-5
-1.304, 4.572e-5
-1.303, 4.383e-5
-1.302, 4.158e-5
-1.301, 3.983e-5
-1.300, 3.854e-5
-1.299, 3.638e-5
-1.298, 3.438e-5
-1.297, 3.269e-5
-1.296, 3.171e-5
-1.295, 2.910e-5
-1.294, 2.738e-5
-1.293, 2.660e-5
-1.292, 2.457e-5
-1.291, 2.253e-5
-1.290, 2.205e-5
-1.289, 2.003e-5
-1.288, 1.812e-5
-1.287, 1.696e-5
-1.286, 1.619e-5
-1.285, 1.390e-5
-1.284, 1.279e-5
-1.283, 1.183e-5
-1.282, 1.061e-5
-1.281, 8.631e-6
-1.280, 7.832e-6
-1.279, 6.884e-6
-1.278, 4.832e-6
-1.277, 4.339e-6
-1.276, 3.491e-6
-1.275, 1.734e-6
-1.274, 7.972e-7
-1.273, 1.460e-7
-1.272, -9.195e-7
-1.271, -2.409e-6
-1.270, -2.912e-6
-1.269, -3.524e-6
-1.268, -5.448e-6
-1.267, -6.000e-6
-1.266, -6.346e-6
-1.265, -8.457e-6
-1.264, -8.556e-6
-1.263, -9.148e-6
-1.262, -1.031e-5
-1.261, -1.143e-5
-1.260, -1.175e-5
-1.259, -1.228e-5
-1.258, -1.362e-5
-1.257, -1.444e-5
-1.256, -1.434e-5
-1.255, -1.612e-5
-1.254, -1.690e-5
-1.253, -1.680e-5
-1.252, -1.755e-5
-1.251, -1.889e-5
-1.250, -1.862e-5
-1.249, -1.945e-5
-1.248, -2.062e-5
-1.247, -2.102e-5
-1.246, -2.098e-5
-1.245, -2.258e-5
-1.244, -2.291e-5
-1.243, -2.279e-5
-1.242, -2.343e-5
-1.241, -2.485e-5
-1.240, -2.449e-5
-1.239, -2.492e-5
-1.238, -2.595e-5
-1.237, -2.624e-5
-1.236, -2.623e-5
-1.235, -2.760e-5
-1.234, -2.779e-5
-1.233, -2.790e-5
-1.232, -2.814e-5
-1.231, -2.917e-5
-1.230, -2.918e-5
-1.229, -3.001e-5
-1.228, -3.068e-5
-1.227, -3.083e-5
-1.226, -3.037e-5
-1.225, -3.174e-5
-1.224, -3.178e-5
-1.223, -3.160e-5
-1.222, -3.235e-5
-1.221, -3.301e-5
-1.220, -3.253e-5
-1.219, -3.311e-5
-1.218, -3.391e-5
-1.217, -3.410e-5
-1.216, -3.367e-5
-1.215, -3.496e-5
-1.214, -3.530e-5
-1.213, -3.490e-5
-1.212, -3.524e-5
-1.211, -3.585e-5
-1.210, -3.547e-5
-1.209, -3.598e-5
-1.208, -3.678e-5
-1.207, -3.663e-5
-1.206, -3.664e-5
-1.205, -3.742e-5
-1.204, -3.760e-5
-1.203, -3.750e-5
-1.202, -3.774e-5
-1.201, -3.853e-5
-1.200, -3.792e-5
-1.199, -3.805e-5
-1.198, -3.913e-5
-1.197, -3.884e-5
-1.196, -3.850e-5
-1.195, -3.973e-5
-1.194, -3.957e-5
-1.193, -3.955e-5
-1.192, -3.946e-5
-1.191, -4.032e-5
-1.190, -4.013e-5
-1.189, -4.021e-5
-1.188, -4.100e-5
-1.187, -4.099e-5
-1.186, -4.011e-5
-1.185, -4.162e-5
-1.184, -4.133e-5
-1.183, -4.106e-5
-1.182, -4.162e-5
-1.181, -4.199e-5
-1.180, -4.171e-5
-1.179, -4.167e-5
-1.178, -4.278e-5
-1.177, -4.252e-5
-1.176, -4.180e-5
-1.175, -4.304e-5
-1.174, -4.293e-5
-1.173, -4.252e-5
-1.172, -4.260e-5
-1.171, -4.385e-5
-1.170, -4.284e-5
-1.169, -4.311e-5
-1.168, -4.393e-5
-1.167, -4.402e-5
-1.166, -4.346e-5
-1.165, -4.409e-5
-1.164, -4.419e-5
-1.163, -4.386e-5
-1.162, -4.425e-5
-1.161, -4.498e-5
-1.160, -4.421e-5
-1.159, -4.420e-5
-1.158, -4.519e-5
-1.157, -4.501e-5
-1.156, -4.456e-5
-1.155, -4.553e-5
-1.154, -4.533e-5
-1.153, -4.520e-5
-1.152, -4.533e-5
-1.151, -4.625e-5
-1.150, -4.552e-5
-1.149, -4.546e-5
-1.148, -4.644e-5
-1.147, -4.626e-5
-1.146, -4.554e-5
-1.145, -4.689e-5
-1.144, -4.674e-5
-1.143, -4.623e-5
-1.142, -4.687e-5
-1.141, -4.739e-5
-1.140, -4.680e-5
-1.139, -4.688e-5
-1.138, -4.774e-5
-1.137, -4.764e-5
-1.136, -4.711e-5
-1.135, -4.797e-5
-1.134, -4.798e-5
-1.133, -4.755e-5
-1.132, -4.781e-5
-1.131, -4.896e-5
-1.130, -4.804e-5
-1.129, -4.808e-5
-1.128, -4.877e-5
-1.127, -4.875e-5
-1.126, -4.859e-5
-1.125, -4.932e-5
-1.124, -4.940e-5
-1.123, -4.922e-5
-1.122, -4.912e-5
-1.121, -4.995e-5
-1.120, -4.959e-5
-1.119, -4.955e-5
-1.118, -5.070e-5
-1.117, -5.038e-5
-1.116, -4.970e-5
-1.115, -5.075e-5
-1.114, -5.084e-5
-1.113, -5.052e-5
-1.112, -5.067e-5
-1.111, -5.153e-5
-1.110, -5.101e-5
-1.109, -5.121e-5
-1.108, -5.202e-5
-1.107, -5.199e-5
-1.106, -5.129e-5
-1.105, -5.259e-5
-1.104, -5.244e-5
-1.103, -5.228e-5
-1.102, -5.250e-5
-1.101, -5.349e-5
-1.100, -5.286e-5
-1.099, -5.299e-5
-1.098, -5.391e-5
-1.097, -5.418e-5
-1.096, -5.347e-5
-1.095, -5.440e-5
-1.094, -5.448e-5
-1.093, -5.406e-5
-1.092, -5.457e-5
-1.091, -5.556e-5
-1.090, -5.487e-5
-1.089, -5.512e-5
-1.088, -5.606e-5
-1.087, -5.585e-5
-1.086, -5.569e-5
-1.085, -5.645e-5
-1.084, -5.693e-5
-1.083, -5.657e-5
-1.082, -5.684e-5
-1.081, -5.787e-5
-1.080, -5.735e-5
-1.079, -5.749e-5
-1.078, -5.875e-5
-1.077, -5.813e-5
-1.076, -5.829e-5
-1.075, -5.975e-5
-1.074, -5.948e-5
-1.073, -5.955e-5
-1.072, -5.964e-5
-1.071, -6.050e-5
-1.070, -6.053e-5
-1.069, -6.041e-5
-1.068, -6.153e-5
-1.067, -6.170e-5
-1.066, -6.121e-5
-1.065, -6.250e-5
-1.064, -6.276e-5
-1.063, -6.262e-5
-1.062, -6.329e-5
-1.061, -6.415e-5
-1.060, -6.381e-5
-1.059, -6.404e-5
-1.058, -6.501e-5
-1.057, -6.544e-5
-1.056, -6.488e-5
-1.055, -6.611e-5
-1.054, -6.682e-5
-1.053, -6.647e-5
-1.052, -6.698e-5
-1.051, -6.829e-5
-1.050, -6.789e-5
-1.049, -6.836e-5
-1.048, -6.964e-5
-1.047, -6.941e-5
-1.046, -6.971e-5
-1.045, -7.047e-5
-1.044, -7.120e-5
-1.043, -7.133e-5
-1.042, -7.149e-5
-1.041, -7.312e-5
-1.040, -7.275e-5
-1.039, -7.301e-5
-1.038, -7.483e-5
-1.037, -7.474e-5
-1.036, -7.489e-5
-1.035, -7.600e-5
-1.034, -7.666e-5
-1.033, -7.688e-5
-1.032, -7.700e-5
-1.031, -7.856e-5
-1.030, -7.866e-5
-1.029, -7.878e-5
-1.028, -8.018e-5
-1.027, -8.057e-5
-1.026, -8.055e-5
-1.025, -8.183e-5
-1.024, -8.297e-5
-1.023, -8.263e-5
-1.022, -8.351e-5
-1.021, -8.474e-5
-1.020, -8.468e-5
-1.019, -8.512e-5
-1.018, -8.646e-5
-1.017, -8.704e-5
-1.016, -8.657e-5
-1.015, -8.798e-5
-1.014, -8.857e-5
-1.013, -8.852e-5
-1.012, -8.958e-5
-1.011, -9.065e-5
-1.010, -9.042e-5
-1.009, -9.116e-5
-1.008, -9.193e-5
-1.007, -9.244e-5
-1.006, -9.263e-5
-1.005, -9.379e-5
-1.004, -9.430e-5
-1.003, -9.445e-5
-1.002, -9.528e-5
-1.001, -9.620e-5
