Sept. 15, 2024   03:19:49
Cyclic Voltammetry
File: c:/users/guazh/data/20240903_batch_252_500/2024-09-03-exp357\exp357-2024-09-15t03_03_02-h2koh\exp357_cv_sr_900mvs_efin_-1600mv.bin
Data Source:  Experiment
Instrument Model:  CHI760E
Header: CV ran at 900 mVs
Note: 

Init E (V) = -1
High E (V) = -1
Low E (V) = -1.6
Final E (V) = -1
Init P/N = N
Scan Rate (V/s) = 0.9
Segment = 3
Sample Interval (V) = 0.001
Quiet Time (sec) = 2
Sensitivity (A/V) = 0.01
Comp R (ohm) = 2.3

Results:

Channel 1:
Segment 1:

Segment 2:

Segment 3:

Potential/V, Current/A

-1.000, 2.174e-5
-1.001, 6.798e-5
-1.002, 9.265e-5
-1.003, 1.081e-4
-1.004, 1.173e-4
-1.005, 1.204e-4
-1.006, 1.266e-4
-1.007, 1.296e-4
-1.008, 1.327e-4
-1.009, 1.327e-4
-1.010, 1.327e-4
-1.011, 1.327e-4
-1.012, 1.358e-4
-1.013, 1.358e-4
-1.014, 1.358e-4
-1.015, 1.389e-4
-1.016, 1.389e-4
-1.017, 1.389e-4
-1.018, 1.389e-4
-1.019, 1.389e-4
-1.020, 1.420e-4
-1.021, 1.420e-4
-1.022, 1.420e-4
-1.023, 1.420e-4
-1.024, 1.451e-4
-1.025, 1.451e-4
-1.026, 1.451e-4
-1.027, 1.451e-4
-1.028, 1.451e-4
-1.029, 1.451e-4
-1.030, 1.451e-4
-1.031, 1.451e-4
-1.032, 1.451e-4
-1.033, 1.481e-4
-1.034, 1.481e-4
-1.035, 1.451e-4
-1.036, 1.451e-4
-1.037, 1.481e-4
-1.038, 1.481e-4
-1.039, 1.481e-4
-1.040, 1.481e-4
-1.041, 1.481e-4
-1.042, 1.481e-4
-1.043, 1.481e-4
-1.044, 1.481e-4
-1.045, 1.481e-4
-1.046, 1.481e-4
-1.047, 1.481e-4
-1.048, 1.481e-4
-1.049, 1.512e-4
-1.050, 1.481e-4
-1.051, 1.512e-4
-1.052, 1.512e-4
-1.053, 1.512e-4
-1.054, 1.512e-4
-1.055, 1.512e-4
-1.056, 1.512e-4
-1.057, 1.512e-4
-1.058, 1.481e-4
-1.059, 1.512e-4
-1.060, 1.512e-4
-1.061, 1.512e-4
-1.062, 1.512e-4
-1.063, 1.512e-4
-1.064, 1.512e-4
-1.065, 1.512e-4
-1.066, 1.512e-4
-1.067, 1.512e-4
-1.068, 1.543e-4
-1.069, 1.543e-4
-1.070, 1.543e-4
-1.071, 1.543e-4
-1.072, 1.512e-4
-1.073, 1.512e-4
-1.074, 1.512e-4
-1.075, 1.543e-4
-1.076, 1.512e-4
-1.077, 1.543e-4
-1.078, 1.512e-4
-1.079, 1.543e-4
-1.080, 1.543e-4
-1.081, 1.543e-4
-1.082, 1.543e-4
-1.083, 1.543e-4
-1.084, 1.543e-4
-1.085, 1.543e-4
-1.086, 1.543e-4
-1.087, 1.543e-4
-1.088, 1.512e-4
-1.089, 1.543e-4
-1.090, 1.543e-4
-1.091, 1.543e-4
-1.092, 1.543e-4
-1.093, 1.543e-4
-1.094, 1.543e-4
-1.095, 1.543e-4
-1.096, 1.543e-4
-1.097, 1.543e-4
-1.098, 1.543e-4
-1.099, 1.543e-4
-1.100, 1.543e-4
-1.101, 1.543e-4
-1.102, 1.543e-4
-1.103, 1.543e-4
-1.104, 1.543e-4
-1.105, 1.543e-4
-1.106, 1.543e-4
-1.107, 1.543e-4
-1.108, 1.574e-4
-1.109, 1.543e-4
-1.110, 1.543e-4
-1.111, 1.543e-4
-1.112, 1.543e-4
-1.113, 1.574e-4
-1.114, 1.543e-4
-1.115, 1.574e-4
-1.116, 1.574e-4
-1.117, 1.543e-4
-1.118, 1.574e-4
-1.119, 1.543e-4
-1.120, 1.543e-4
-1.121, 1.574e-4
-1.122, 1.543e-4
-1.123, 1.543e-4
-1.124, 1.574e-4
-1.125, 1.543e-4
-1.126, 1.574e-4
-1.127, 1.574e-4
-1.128, 1.574e-4
-1.129, 1.574e-4
-1.130, 1.574e-4
-1.131, 1.574e-4
-1.132, 1.574e-4
-1.133, 1.574e-4
-1.134, 1.574e-4
-1.135, 1.574e-4
-1.136, 1.543e-4
-1.137, 1.574e-4
-1.138, 1.574e-4
-1.139, 1.574e-4
-1.140, 1.574e-4
-1.141, 1.574e-4
-1.142, 1.574e-4
-1.143, 1.574e-4
-1.144, 1.574e-4
-1.145, 1.574e-4
-1.146, 1.574e-4
-1.147, 1.574e-4
-1.148, 1.574e-4
-1.149, 1.574e-4
-1.150, 1.605e-4
-1.151, 1.574e-4
-1.152, 1.605e-4
-1.153, 1.605e-4
-1.154, 1.574e-4
-1.155, 1.605e-4
-1.156, 1.605e-4
-1.157, 1.605e-4
-1.158, 1.605e-4
-1.159, 1.605e-4
-1.160, 1.605e-4
-1.161, 1.605e-4
-1.162, 1.605e-4
-1.163, 1.605e-4
-1.164, 1.605e-4
-1.165, 1.605e-4
-1.166, 1.605e-4
-1.167, 1.605e-4
-1.168, 1.605e-4
-1.169, 1.605e-4
-1.170, 1.605e-4
-1.171, 1.605e-4
-1.172, 1.636e-4
-1.173, 1.636e-4
-1.174, 1.636e-4
-1.175, 1.636e-4
-1.176, 1.636e-4
-1.177, 1.636e-4
-1.178, 1.636e-4
-1.179, 1.636e-4
-1.180, 1.636e-4
-1.181, 1.636e-4
-1.182, 1.636e-4
-1.183, 1.636e-4
-1.184, 1.666e-4
-1.185, 1.636e-4
-1.186, 1.636e-4
-1.187, 1.666e-4
-1.188, 1.666e-4
-1.189, 1.666e-4
-1.190, 1.666e-4
-1.191, 1.666e-4
-1.192, 1.666e-4
-1.193, 1.666e-4
-1.194, 1.666e-4
-1.195, 1.666e-4
-1.196, 1.697e-4
-1.197, 1.666e-4
-1.198, 1.697e-4
-1.199, 1.697e-4
-1.200, 1.697e-4
-1.201, 1.697e-4
-1.202, 1.697e-4
-1.203, 1.728e-4
-1.204, 1.697e-4
-1.205, 1.728e-4
-1.206, 1.728e-4
-1.207, 1.728e-4
-1.208, 1.728e-4
-1.209, 1.728e-4
-1.210, 1.728e-4
-1.211, 1.728e-4
-1.212, 1.759e-4
-1.213, 1.759e-4
-1.214, 1.759e-4
-1.215, 1.759e-4
-1.216, 1.759e-4
-1.217, 1.790e-4
-1.218, 1.790e-4
-1.219, 1.790e-4
-1.220, 1.790e-4
-1.221, 1.790e-4
-1.222, 1.790e-4
-1.223, 1.790e-4
-1.224, 1.790e-4
-1.225, 1.821e-4
-1.226, 1.821e-4
-1.227, 1.851e-4
-1.228, 1.851e-4
-1.229, 1.882e-4
-1.230, 1.851e-4
-1.231, 1.882e-4
-1.232, 1.882e-4
-1.233, 1.882e-4
-1.234, 1.913e-4
-1.235, 1.913e-4
-1.236, 1.913e-4
-1.237, 1.913e-4
-1.238, 1.913e-4
-1.239, 1.944e-4
-1.240, 1.944e-4
-1.241, 1.944e-4
-1.242, 1.975e-4
-1.243, 1.975e-4
-1.244, 1.975e-4
-1.245, 2.006e-4
-1.246, 2.006e-4
-1.247, 2.006e-4
-1.248, 2.036e-4
-1.249, 2.036e-4
-1.250, 2.067e-4
-1.251, 2.067e-4
-1.252, 2.067e-4
-1.253, 2.067e-4
-1.254, 2.098e-4
-1.255, 2.098e-4
-1.256, 2.129e-4
-1.257, 2.129e-4
-1.258, 2.160e-4
-1.259, 2.160e-4
-1.260, 2.191e-4
-1.261, 2.191e-4
-1.262, 2.221e-4
-1.263, 2.221e-4
-1.264, 2.252e-4
-1.265, 2.252e-4
-1.266, 2.252e-4
-1.267, 2.283e-4
-1.268, 2.314e-4
-1.269, 2.314e-4
-1.270, 2.314e-4
-1.271, 2.345e-4
-1.272, 2.376e-4
-1.273, 2.406e-4
-1.274, 2.406e-4
-1.275, 2.437e-4
-1.276, 2.437e-4
-1.277, 2.468e-4
-1.278, 2.499e-4
-1.279, 2.499e-4
-1.280, 2.561e-4
-1.281, 2.561e-4
-1.282, 2.591e-4
-1.283, 2.591e-4
-1.284, 2.622e-4
-1.285, 2.653e-4
-1.286, 2.653e-4
-1.287, 2.684e-4
-1.288, 2.715e-4
-1.289, 2.746e-4
-1.290, 2.776e-4
-1.291, 2.807e-4
-1.292, 2.838e-4
-1.293, 2.869e-4
-1.294, 2.900e-4
-1.295, 2.931e-4
-1.296, 2.931e-4
-1.297, 2.961e-4
-1.298, 2.992e-4
-1.299, 3.023e-4
-1.300, 3.054e-4
-1.301, 3.085e-4
-1.302, 3.115e-4
-1.303, 3.146e-4
-1.304, 3.177e-4
-1.305, 3.208e-4
-1.306, 3.270e-4
-1.307, 3.300e-4
-1.308, 3.331e-4
-1.309, 3.362e-4
-1.310, 3.424e-4
-1.311, 3.424e-4
-1.312, 3.485e-4
-1.313, 3.516e-4
-1.314, 3.547e-4
-1.315, 3.609e-4
-1.316, 3.640e-4
-1.317, 3.670e-4
-1.318, 3.732e-4
-1.319, 3.794e-4
-1.320, 3.794e-4
-1.321, 3.855e-4
-1.322, 3.917e-4
-1.323, 3.948e-4
-1.324, 4.010e-4
-1.325, 4.040e-4
-1.326, 4.102e-4
-1.327, 4.133e-4
-1.328, 4.164e-4
-1.329, 4.225e-4
-1.330, 4.287e-4
-1.331, 4.349e-4
-1.332, 4.410e-4
-1.333, 4.441e-4
-1.334, 4.503e-4
-1.335, 4.565e-4
-1.336, 4.626e-4
-1.337, 4.688e-4
-1.338, 4.719e-4
-1.339, 4.780e-4
-1.340, 4.873e-4
-1.341, 4.935e-4
-1.342, 4.965e-4
-1.343, 5.027e-4
-1.344, 5.089e-4
-1.345, 5.150e-4
-1.346, 5.212e-4
-1.347, 5.274e-4
-1.348, 5.366e-4
-1.349, 5.397e-4
-1.350, 5.489e-4
-1.351, 5.551e-4
-1.352, 5.644e-4
-1.353, 5.705e-4
-1.354, 5.798e-4
-1.355, 5.859e-4
-1.356, 5.921e-4
-1.357, 6.014e-4
-1.358, 6.075e-4
-1.359, 6.137e-4
-1.360, 6.199e-4
-1.361, 6.291e-4
-1.362, 6.353e-4
-1.363, 6.476e-4
-1.364, 6.538e-4
-1.365, 6.630e-4
-1.366, 6.723e-4
-1.367, 6.784e-4
-1.368, 6.877e-4
-1.369, 6.969e-4
-1.370, 7.062e-4
-1.371, 7.124e-4
-1.372, 7.216e-4
-1.373, 7.309e-4
-1.374, 7.401e-4
-1.375, 7.494e-4
-1.376, 7.586e-4
-1.377, 7.679e-4
-1.378, 7.771e-4
-1.379, 7.863e-4
-1.380, 7.956e-4
-1.381, 8.048e-4
-1.382, 8.172e-4
-1.383, 8.264e-4
-1.384, 8.357e-4
-1.385, 8.480e-4
-1.386, 8.573e-4
-1.387, 8.665e-4
-1.388, 8.788e-4
-1.389, 8.881e-4
-1.390, 8.973e-4
-1.391, 9.066e-4
-1.392, 9.189e-4
-1.393, 9.313e-4
-1.394, 9.436e-4
-1.395, 9.528e-4
-1.396, 9.621e-4
-1.397, 9.744e-4
-1.398, 9.868e-4
-1.399, 9.960e-4
-1.400, 1.008e-3
-1.401, 1.021e-3
-1.402, 1.030e-3
-1.403, 1.042e-3
-1.404, 1.055e-3
-1.405, 1.067e-3
-1.406, 1.076e-3
-1.407, 1.088e-3
-1.408, 1.104e-3
-1.409, 1.113e-3
-1.410, 1.125e-3
-1.411, 1.138e-3
-1.412, 1.150e-3
-1.413, 1.162e-3
-1.414, 1.175e-3
-1.415, 1.190e-3
-1.416, 1.199e-3
-1.417, 1.212e-3
-1.418, 1.224e-3
-1.419, 1.233e-3
-1.420, 1.249e-3
-1.421, 1.261e-3
-1.422, 1.277e-3
-1.423, 1.289e-3
-1.424, 1.304e-3
-1.425, 1.317e-3
-1.426, 1.332e-3
-1.427, 1.344e-3
-1.428, 1.360e-3
-1.429, 1.372e-3
-1.430, 1.384e-3
-1.431, 1.397e-3
-1.432, 1.409e-3
-1.433, 1.421e-3
-1.434, 1.440e-3
-1.435, 1.452e-3
-1.436, 1.468e-3
-1.437, 1.483e-3
-1.438, 1.499e-3
-1.439, 1.511e-3
-1.440, 1.526e-3
-1.441, 1.539e-3
-1.442, 1.551e-3
-1.443, 1.566e-3
-1.444, 1.582e-3
-1.445, 1.594e-3
-1.446, 1.610e-3
-1.447, 1.625e-3
-1.448, 1.640e-3
-1.449, 1.656e-3
-1.450, 1.674e-3
-1.451, 1.687e-3
-1.452, 1.702e-3
-1.453, 1.721e-3
-1.454, 1.733e-3
-1.455, 1.748e-3
-1.456, 1.761e-3
-1.457, 1.776e-3
-1.458, 1.795e-3
-1.459, 1.807e-3
-1.460, 1.825e-3
-1.461, 1.841e-3
-1.462, 1.856e-3
-1.463, 1.872e-3
-1.464, 1.890e-3
-1.465, 1.909e-3
-1.466, 1.924e-3
-1.467, 1.939e-3
-1.468, 1.955e-3
-1.469, 1.970e-3
-1.470, 1.986e-3
-1.471, 2.004e-3
-1.472, 2.020e-3
-1.473, 2.035e-3
-1.474, 2.054e-3
-1.475, 2.069e-3
-1.476, 2.087e-3
-1.477, 2.103e-3
-1.478, 2.121e-3
-1.479, 2.137e-3
-1.480, 2.155e-3
-1.481, 2.171e-3
-1.482, 2.186e-3
-1.483, 2.205e-3
-1.484, 2.223e-3
-1.485, 2.242e-3
-1.486, 2.260e-3
-1.487, 2.279e-3
-1.488, 2.297e-3
-1.489, 2.312e-3
-1.490, 2.331e-3
-1.491, 2.349e-3
-1.492, 2.365e-3
-1.493, 2.380e-3
-1.494, 2.399e-3
-1.495, 2.417e-3
-1.496, 2.436e-3
-1.497, 2.454e-3
-1.498, 2.476e-3
-1.499, 2.497e-3
-1.500, 2.516e-3
-1.501, 2.534e-3
-1.502, 2.556e-3
-1.503, 2.575e-3
-1.504, 2.593e-3
-1.505, 2.612e-3
-1.506, 2.627e-3
-1.507, 2.645e-3
-1.508, 2.664e-3
-1.509, 2.682e-3
-1.510, 2.704e-3
-1.511, 2.723e-3
-1.512, 2.744e-3
-1.513, 2.766e-3
-1.514, 2.784e-3
-1.515, 2.803e-3
-1.516, 2.821e-3
-1.517, 2.840e-3
-1.518, 2.861e-3
-1.519, 2.880e-3
-1.520, 2.901e-3
-1.521, 2.923e-3
-1.522, 2.945e-3
-1.523, 2.966e-3
-1.524, 2.988e-3
-1.525, 3.009e-3
-1.526, 3.028e-3
-1.527, 3.049e-3
-1.528, 3.071e-3
-1.529, 3.089e-3
-1.530, 3.111e-3
-1.531, 3.130e-3
-1.532, 3.151e-3
-1.533, 3.176e-3
-1.534, 3.197e-3
-1.535, 3.222e-3
-1.536, 3.247e-3
-1.537, 3.271e-3
-1.538, 3.296e-3
-1.539, 3.321e-3
-1.540, 3.345e-3
-1.541, 3.367e-3
-1.542, 3.385e-3
-1.543, 3.407e-3
-1.544, 3.425e-3
-1.545, 3.450e-3
-1.546, 3.475e-3
-1.547, 3.499e-3
-1.548, 3.521e-3
-1.549, 3.546e-3
-1.550, 3.570e-3
-1.551, 3.598e-3
-1.552, 3.620e-3
-1.553, 3.644e-3
-1.554, 3.669e-3
-1.555, 3.694e-3
-1.556, 3.718e-3
-1.557, 3.743e-3
-1.558, 3.771e-3
-1.559, 3.795e-3
-1.560, 3.817e-3
-1.561, 3.845e-3
-1.562, 3.873e-3
-1.563, 3.897e-3
-1.564, 3.922e-3
-1.565, 3.943e-3
-1.566, 3.968e-3
-1.567, 3.996e-3
-1.568, 4.021e-3
-1.569, 4.051e-3
-1.570, 4.079e-3
-1.571, 4.110e-3
-1.572, 4.138e-3
-1.573, 4.165e-3
-1.574, 4.193e-3
-1.575, 4.218e-3
-1.576, 4.246e-3
-1.577, 4.270e-3
-1.578, 4.298e-3
-1.579, 4.323e-3
-1.580, 4.350e-3
-1.581, 4.378e-3
-1.582, 4.406e-3
-1.583, 4.437e-3
-1.584, 4.464e-3
-1.585, 4.498e-3
-1.586, 4.529e-3
-1.587, 4.557e-3
-1.588, 4.585e-3
-1.589, 4.612e-3
-1.590, 4.637e-3
-1.591, 4.665e-3
-1.592, 4.696e-3
-1.593, 4.730e-3
-1.594, 4.760e-3
-1.595, 4.794e-3
-1.596, 4.828e-3
-1.597, 4.859e-3
-1.598, 4.890e-3
-1.599, 4.915e-3
-1.600, 4.893e-3
-1.599, 4.807e-3
-1.598, 4.739e-3
-1.597, 4.683e-3
-1.596, 4.631e-3
-1.595, 4.579e-3
-1.594, 4.529e-3
-1.593, 4.480e-3
-1.592, 4.434e-3
-1.591, 4.387e-3
-1.590, 4.344e-3
-1.589, 4.298e-3
-1.588, 4.252e-3
-1.587, 4.206e-3
-1.586, 4.159e-3
-1.585, 4.116e-3
-1.584, 4.076e-3
-1.583, 4.030e-3
-1.582, 3.990e-3
-1.581, 3.943e-3
-1.580, 3.903e-3
-1.579, 3.860e-3
-1.578, 3.820e-3
-1.577, 3.777e-3
-1.576, 3.737e-3
-1.575, 3.697e-3
-1.574, 3.657e-3
-1.573, 3.620e-3
-1.572, 3.583e-3
-1.571, 3.549e-3
-1.570, 3.512e-3
-1.569, 3.475e-3
-1.568, 3.438e-3
-1.567, 3.401e-3
-1.566, 3.364e-3
-1.565, 3.324e-3
-1.564, 3.287e-3
-1.563, 3.253e-3
-1.562, 3.219e-3
-1.561, 3.185e-3
-1.560, 3.151e-3
-1.559, 3.120e-3
-1.558, 3.083e-3
-1.557, 3.052e-3
-1.556, 3.019e-3
-1.555, 2.988e-3
-1.554, 2.957e-3
-1.553, 2.923e-3
-1.552, 2.892e-3
-1.551, 2.858e-3
-1.550, 2.827e-3
-1.549, 2.800e-3
-1.548, 2.772e-3
-1.547, 2.741e-3
-1.546, 2.713e-3
-1.545, 2.686e-3
-1.544, 2.658e-3
-1.543, 2.627e-3
-1.542, 2.599e-3
-1.541, 2.571e-3
-1.540, 2.544e-3
-1.539, 2.516e-3
-1.538, 2.488e-3
-1.537, 2.460e-3
-1.536, 2.433e-3
-1.535, 2.405e-3
-1.534, 2.380e-3
-1.533, 2.353e-3
-1.532, 2.331e-3
-1.531, 2.303e-3
-1.530, 2.279e-3
-1.529, 2.254e-3
-1.528, 2.226e-3
-1.527, 2.201e-3
-1.526, 2.180e-3
-1.525, 2.155e-3
-1.524, 2.134e-3
-1.523, 2.109e-3
-1.522, 2.087e-3
-1.521, 2.063e-3
-1.520, 2.038e-3
-1.519, 2.017e-3
-1.518, 1.995e-3
-1.517, 1.976e-3
-1.516, 1.952e-3
-1.515, 1.933e-3
-1.514, 1.912e-3
-1.513, 1.890e-3
-1.512, 1.869e-3
-1.511, 1.847e-3
-1.510, 1.828e-3
-1.509, 1.810e-3
-1.508, 1.788e-3
-1.507, 1.770e-3
-1.506, 1.751e-3
-1.505, 1.733e-3
-1.504, 1.714e-3
-1.503, 1.693e-3
-1.502, 1.674e-3
-1.501, 1.656e-3
-1.500, 1.637e-3
-1.499, 1.619e-3
-1.498, 1.600e-3
-1.497, 1.582e-3
-1.496, 1.566e-3
-1.495, 1.551e-3
-1.494, 1.532e-3
-1.493, 1.517e-3
-1.492, 1.502e-3
-1.491, 1.483e-3
-1.490, 1.468e-3
-1.489, 1.449e-3
-1.488, 1.434e-3
-1.487, 1.418e-3
-1.486, 1.403e-3
-1.485, 1.388e-3
-1.484, 1.372e-3
-1.483, 1.357e-3
-1.482, 1.341e-3
-1.481, 1.326e-3
-1.480, 1.310e-3
-1.479, 1.298e-3
-1.478, 1.283e-3
-1.477, 1.267e-3
-1.476, 1.255e-3
-1.475, 1.240e-3
-1.474, 1.227e-3
-1.473, 1.215e-3
-1.472, 1.203e-3
-1.471, 1.187e-3
-1.470, 1.175e-3
-1.469, 1.162e-3
-1.468, 1.147e-3
-1.467, 1.135e-3
-1.466, 1.122e-3
-1.465, 1.110e-3
-1.464, 1.095e-3
-1.463, 1.082e-3
-1.462, 1.073e-3
-1.461, 1.061e-3
-1.460, 1.048e-3
-1.459, 1.036e-3
-1.458, 1.024e-3
-1.457, 1.011e-3
-1.456, 9.991e-4
-1.455, 9.868e-4
-1.454, 9.775e-4
-1.453, 9.652e-4
-1.452, 9.528e-4
-1.451, 9.436e-4
-1.450, 9.313e-4
-1.449, 9.189e-4
-1.448, 9.097e-4
-1.447, 9.004e-4
-1.446, 8.881e-4
-1.445, 8.758e-4
-1.444, 8.665e-4
-1.443, 8.573e-4
-1.442, 8.480e-4
-1.441, 8.357e-4
-1.440, 8.264e-4
-1.439, 8.141e-4
-1.438, 8.048e-4
-1.437, 7.925e-4
-1.436, 7.833e-4
-1.435, 7.740e-4
-1.434, 7.617e-4
-1.433, 7.524e-4
-1.432, 7.432e-4
-1.431, 7.370e-4
-1.430, 7.247e-4
-1.429, 7.154e-4
-1.428, 7.062e-4
-1.427, 6.969e-4
-1.426, 6.877e-4
-1.425, 6.784e-4
-1.424, 6.692e-4
-1.423, 6.599e-4
-1.422, 6.507e-4
-1.421, 6.414e-4
-1.420, 6.322e-4
-1.419, 6.260e-4
-1.418, 6.168e-4
-1.417, 6.106e-4
-1.416, 5.983e-4
-1.415, 5.890e-4
-1.414, 5.829e-4
-1.413, 5.736e-4
-1.412, 5.674e-4
-1.411, 5.582e-4
-1.410, 5.520e-4
-1.409, 5.428e-4
-1.408, 5.335e-4
-1.407, 5.243e-4
-1.406, 5.181e-4
-1.405, 5.120e-4
-1.404, 5.027e-4
-1.403, 4.935e-4
-1.402, 4.873e-4
-1.401, 4.780e-4
-1.400, 4.719e-4
-1.399, 4.626e-4
-1.398, 4.565e-4
-1.397, 4.503e-4
-1.396, 4.410e-4
-1.395, 4.349e-4
-1.394, 4.256e-4
-1.393, 4.195e-4
-1.392, 4.133e-4
-1.391, 4.040e-4
-1.390, 3.979e-4
-1.389, 3.917e-4
-1.388, 3.825e-4
-1.387, 3.763e-4
-1.386, 3.670e-4
-1.385, 3.640e-4
-1.384, 3.547e-4
-1.383, 3.485e-4
-1.382, 3.424e-4
-1.381, 3.362e-4
-1.380, 3.300e-4
-1.379, 3.208e-4
-1.378, 3.146e-4
-1.377, 3.085e-4
-1.376, 3.023e-4
-1.375, 2.961e-4
-1.374, 2.900e-4
-1.373, 2.838e-4
-1.372, 2.776e-4
-1.371, 2.715e-4
-1.370, 2.653e-4
-1.369, 2.591e-4
-1.368, 2.530e-4
-1.367, 2.468e-4
-1.366, 2.406e-4
-1.365, 2.376e-4
-1.364, 2.283e-4
-1.363, 2.221e-4
-1.362, 2.160e-4
-1.361, 2.129e-4
-1.360, 2.067e-4
-1.359, 2.006e-4
-1.358, 1.944e-4
-1.357, 1.913e-4
-1.356, 1.821e-4
-1.355, 1.790e-4
-1.354, 1.759e-4
-1.353, 1.697e-4
-1.352, 1.636e-4
-1.351, 1.574e-4
-1.350, 1.512e-4
-1.349, 1.451e-4
-1.348, 1.389e-4
-1.347, 1.358e-4
-1.346, 1.327e-4
-1.345, 1.266e-4
-1.344, 1.204e-4
-1.343, 1.142e-4
-1.342, 1.142e-4
-1.341, 1.050e-4
-1.340, 1.019e-4
-1.339, 9.882e-5
-1.338, 9.265e-5
-1.337, 8.957e-5
-1.336, 8.340e-5
-1.335, 8.032e-5
-1.334, 7.415e-5
-1.333, 7.107e-5
-1.332, 6.490e-5
-1.331, 6.182e-5
-1.330, 5.873e-5
-1.329, 5.257e-5
-1.328, 4.949e-5
-1.327, 4.332e-5
-1.326, 4.024e-5
-1.325, 3.715e-5
-1.324, 3.099e-5
-1.323, 2.790e-5
-1.322, 2.482e-5
-1.321, 2.174e-5
-1.320, 1.557e-5
-1.319, 1.249e-5
-1.318, 6.322e-6
-1.317, 3.239e-6
-1.316, 1.559e-7
-1.315, -2.927e-6
-1.314, -6.010e-6
-1.313, -9.093e-6
-1.312, -1.218e-5
-1.311, -1.526e-5
-1.310, -2.143e-5
-1.309, -2.451e-5
-1.308, -2.759e-5
-1.307, -3.068e-5
-1.306, -3.376e-5
-1.305, -3.684e-5
-1.304, -3.992e-5
-1.303, -4.301e-5
-1.302, -4.609e-5
-1.301, -4.917e-5
-1.300, -5.226e-5
-1.299, -5.534e-5
-1.298, -5.842e-5
-1.297, -6.151e-5
-1.296, -6.459e-5
-1.295, -6.767e-5
-1.294, -7.076e-5
-1.293, -7.076e-5
-1.292, -7.384e-5
-1.291, -7.692e-5
-1.290, -8.000e-5
-1.289, -8.309e-5
-1.288, -8.617e-5
-1.287, -8.925e-5
-1.286, -8.925e-5
-1.285, -9.234e-5
-1.284, -9.542e-5
-1.283, -9.850e-5
-1.282, -1.016e-4
-1.281, -1.016e-4
-1.280, -1.047e-4
-1.279, -1.078e-4
-1.278, -1.078e-4
-1.277, -1.108e-4
-1.276, -1.139e-4
-1.275, -1.139e-4
-1.274, -1.170e-4
-1.273, -1.201e-4
-1.272, -1.201e-4
-1.271, -1.232e-4
-1.270, -1.263e-4
-1.269, -1.263e-4
-1.268, -1.293e-4
-1.267, -1.293e-4
-1.266, -1.324e-4
-1.265, -1.324e-4
-1.264, -1.324e-4
-1.263, -1.355e-4
-1.262, -1.386e-4
-1.261, -1.386e-4
-1.260, -1.417e-4
-1.259, -1.417e-4
-1.258, -1.448e-4
-1.257, -1.478e-4
-1.256, -1.448e-4
-1.255, -1.478e-4
-1.254, -1.509e-4
-1.253, -1.509e-4
-1.252, -1.509e-4
-1.251, -1.540e-4
-1.250, -1.540e-4
-1.249, -1.571e-4
-1.248, -1.571e-4
-1.247, -1.571e-4
-1.246, -1.571e-4
-1.245, -1.602e-4
-1.244, -1.602e-4
-1.243, -1.632e-4
-1.242, -1.632e-4
-1.241, -1.663e-4
-1.240, -1.663e-4
-1.239, -1.663e-4
-1.238, -1.663e-4
-1.237, -1.663e-4
-1.236, -1.694e-4
-1.235, -1.694e-4
-1.234, -1.694e-4
-1.233, -1.694e-4
-1.232, -1.725e-4
-1.231, -1.725e-4
-1.230, -1.725e-4
-1.229, -1.756e-4
-1.228, -1.756e-4
-1.227, -1.756e-4
-1.226, -1.787e-4
-1.225, -1.787e-4
-1.224, -1.787e-4
-1.223, -1.787e-4
-1.222, -1.787e-4
-1.221, -1.787e-4
-1.220, -1.817e-4
-1.219, -1.787e-4
-1.218, -1.817e-4
-1.217, -1.817e-4
-1.216, -1.817e-4
-1.215, -1.817e-4
-1.214, -1.817e-4
-1.213, -1.848e-4
-1.212, -1.848e-4
-1.211, -1.848e-4
-1.210, -1.848e-4
-1.209, -1.848e-4
-1.208, -1.848e-4
-1.207, -1.848e-4
-1.206, -1.848e-4
-1.205, -1.879e-4
-1.204, -1.879e-4
-1.203, -1.879e-4
-1.202, -1.879e-4
-1.201, -1.879e-4
-1.200, -1.879e-4
-1.199, -1.879e-4
-1.198, -1.879e-4
-1.197, -1.879e-4
-1.196, -1.910e-4
-1.195, -1.910e-4
-1.194, -1.910e-4
-1.193, -1.910e-4
-1.192, -1.910e-4
-1.191, -1.879e-4
-1.190, -1.910e-4
-1.189, -1.910e-4
-1.188, -1.910e-4
-1.187, -1.910e-4
-1.186, -1.910e-4
-1.185, -1.910e-4
-1.184, -1.910e-4
-1.183, -1.910e-4
-1.182, -1.910e-4
-1.181, -1.941e-4
-1.180, -1.910e-4
-1.179, -1.910e-4
-1.178, -1.941e-4
-1.177, -1.941e-4
-1.176, -1.941e-4
-1.175, -1.941e-4
-1.174, -1.910e-4
-1.173, -1.941e-4
-1.172, -1.910e-4
-1.171, -1.910e-4
-1.170, -1.910e-4
-1.169, -1.941e-4
-1.168, -1.941e-4
-1.167, -1.941e-4
-1.166, -1.941e-4
-1.165, -1.941e-4
-1.164, -1.941e-4
-1.163, -1.941e-4
-1.162, -1.941e-4
-1.161, -1.941e-4
-1.160, -1.941e-4
-1.159, -1.941e-4
-1.158, -1.941e-4
-1.157, -1.941e-4
-1.156, -1.941e-4
-1.155, -1.941e-4
-1.154, -1.941e-4
-1.153, -1.941e-4
-1.152, -1.941e-4
-1.151, -1.941e-4
-1.150, -1.941e-4
-1.149, -1.941e-4
-1.148, -1.941e-4
-1.147, -1.941e-4
-1.146, -1.941e-4
-1.145, -1.941e-4
-1.144, -1.941e-4
-1.143, -1.941e-4
-1.142, -1.941e-4
-1.141, -1.941e-4
-1.140, -1.941e-4
-1.139, -1.941e-4
-1.138, -1.941e-4
-1.137, -1.941e-4
-1.136, -1.941e-4
-1.135, -1.941e-4
-1.134, -1.941e-4
-1.133, -1.941e-4
-1.132, -1.941e-4
-1.131, -1.941e-4
-1.130, -1.941e-4
-1.129, -1.941e-4
-1.128, -1.941e-4
-1.127, -1.941e-4
-1.126, -1.941e-4
-1.125, -1.941e-4
-1.124, -1.972e-4
-1.123, -1.941e-4
-1.122, -1.972e-4
-1.121, -1.941e-4
-1.120, -1.941e-4
-1.119, -1.972e-4
-1.118, -1.972e-4
-1.117, -1.972e-4
-1.116, -1.972e-4
-1.115, -1.972e-4
-1.114, -1.972e-4
-1.113, -1.972e-4
-1.112, -1.972e-4
-1.111, -1.972e-4
-1.110, -1.972e-4
-1.109, -1.972e-4
-1.108, -1.972e-4
-1.107, -1.972e-4
-1.106, -1.972e-4
-1.105, -1.972e-4
-1.104, -1.972e-4
-1.103, -1.972e-4
-1.102, -1.972e-4
-1.101, -2.002e-4
-1.100, -2.002e-4
-1.099, -1.972e-4
-1.098, -1.972e-4
-1.097, -1.972e-4
-1.096, -1.972e-4
-1.095, -1.972e-4
-1.094, -2.002e-4
-1.093, -2.002e-4
-1.092, -2.002e-4
-1.091, -2.002e-4
-1.090, -2.002e-4
-1.089, -2.002e-4
-1.088, -2.002e-4
-1.087, -2.002e-4
-1.086, -2.002e-4
-1.085, -2.002e-4
-1.084, -2.002e-4
-1.083, -2.002e-4
-1.082, -2.002e-4
-1.081, -2.033e-4
-1.080, -2.002e-4
-1.079, -2.033e-4
-1.078, -2.033e-4
-1.077, -2.033e-4
-1.076, -2.033e-4
-1.075, -2.033e-4
-1.074, -2.064e-4
-1.073, -2.064e-4
-1.072, -2.033e-4
-1.071, -2.064e-4
-1.070, -2.064e-4
-1.069, -2.064e-4
-1.068, -2.064e-4
-1.067, -2.064e-4
-1.066, -2.064e-4
-1.065, -2.064e-4
-1.064, -2.064e-4
-1.063, -2.095e-4
-1.062, -2.095e-4
-1.061, -2.095e-4
-1.060, -2.095e-4
-1.059, -2.095e-4
-1.058, -2.095e-4
-1.057, -2.126e-4
-1.056, -2.095e-4
-1.055, -2.126e-4
-1.054, -2.126e-4
-1.053, -2.126e-4
-1.052, -2.126e-4
-1.051, -2.126e-4
-1.050, -2.126e-4
-1.049, -2.157e-4
-1.048, -2.157e-4
-1.047, -2.157e-4
-1.046, -2.157e-4
-1.045, -2.187e-4
-1.044, -2.187e-4
-1.043, -2.187e-4
-1.042, -2.187e-4
-1.041, -2.187e-4
-1.040, -2.218e-4
-1.039, -2.218e-4
-1.038, -2.218e-4
-1.037, -2.218e-4
-1.036, -2.218e-4
-1.035, -2.218e-4
-1.034, -2.249e-4
-1.033, -2.249e-4
-1.032, -2.280e-4
-1.031, -2.280e-4
-1.030, -2.280e-4
-1.029, -2.311e-4
-1.028, -2.311e-4
-1.027, -2.311e-4
-1.026, -2.311e-4
-1.025, -2.342e-4
-1.024, -2.342e-4
-1.023, -2.372e-4
-1.022, -2.372e-4
-1.021, -2.372e-4
-1.020, -2.372e-4
-1.019, -2.372e-4
-1.018, -2.403e-4
-1.017, -2.434e-4
-1.016, -2.434e-4
-1.015, -2.465e-4
-1.014, -2.465e-4
-1.013, -2.465e-4
-1.012, -2.465e-4
-1.011, -2.496e-4
-1.010, -2.527e-4
-1.009, -2.527e-4
-1.008, -2.527e-4
-1.007, -2.557e-4
-1.006, -2.557e-4
-1.005, -2.557e-4
-1.004, -2.588e-4
-1.003, -2.619e-4
-1.002, -2.619e-4
-1.001, -2.619e-4
