Mar. 16, 2025   06:29:36
Linear Sweep Voltammetry
File: c:/users/guazh/data/banditlqround7_x0exp891_r5/2025-03-03-exp909\1acid_3ac-2025-03-16t06_26_20-lsvinphos\1acid_3ac_lsv_50mvs_efin_-2300mv.bin
Data Source:  Experiment
Instrument Model:  CHI760E
Header: LSV ran at 50 mVs with Efin at -2300mV
Note: 

Init E (V) = -0.6
Final E (V) = -2.3
Scan Rate (V/s) = 0.05
Sample Interval (V) = 0.001
Quiet Time (sec) = 2
Sensitivity (A/V) = 1e-4
Comp R (ohm) = 9.2

Results:

Channel 1:
Ep = -1.925V
ip = 8.965e-4A
Ah = 1.200e-3C

Potential/V, Current/A

-0.600, 3.228e-6
-0.601, 3.344e-6
-0.602, 3.394e-6
-0.603, 3.428e-6
-0.604, 3.462e-6
-0.605, 3.498e-6
-0.606, 3.537e-6
-0.607, 3.570e-6
-0.608, 3.600e-6
-0.609, 3.631e-6
-0.610, 3.663e-6
-0.611, 3.703e-6
-0.612, 3.736e-6
-0.613, 3.763e-6
-0.614, 3.794e-6
-0.615, 3.830e-6
-0.616, 3.868e-6
-0.617, 3.899e-6
-0.618, 3.927e-6
-0.619, 3.957e-6
-0.620, 3.991e-6
-0.621, 4.029e-6
-0.622, 4.060e-6
-0.623, 4.087e-6
-0.624, 4.116e-6
-0.625, 4.151e-6
-0.626, 4.187e-6
-0.627, 4.219e-6
-0.628, 4.245e-6
-0.629, 4.275e-6
-0.630, 4.311e-6
-0.631, 4.346e-6
-0.632, 4.379e-6
-0.633, 4.407e-6
-0.634, 4.436e-6
-0.635, 4.471e-6
-0.636, 4.510e-6
-0.637, 4.542e-6
-0.638, 4.571e-6
-0.639, 4.599e-6
-0.640, 4.635e-6
-0.641, 4.672e-6
-0.642, 4.704e-6
-0.643, 4.732e-6
-0.644, 4.760e-6
-0.645, 4.794e-6
-0.646, 4.832e-6
-0.647, 4.863e-6
-0.648, 4.890e-6
-0.649, 4.919e-6
-0.650, 4.952e-6
-0.651, 4.990e-6
-0.652, 5.021e-6
-0.653, 5.048e-6
-0.654, 5.077e-6
-0.655, 5.109e-6
-0.656, 5.146e-6
-0.657, 5.177e-6
-0.658, 5.202e-6
-0.659, 5.231e-6
-0.660, 5.265e-6
-0.661, 5.299e-6
-0.662, 5.330e-6
-0.663, 5.355e-6
-0.664, 5.382e-6
-0.665, 5.412e-6
-0.666, 5.449e-6
-0.667, 5.478e-6
-0.668, 5.503e-6
-0.669, 5.530e-6
-0.670, 5.561e-6
-0.671, 5.594e-6
-0.672, 5.622e-6
-0.673, 5.645e-6
-0.674, 5.670e-6
-0.675, 5.700e-6
-0.676, 5.733e-6
-0.677, 5.760e-6
-0.678, 5.784e-6
-0.679, 5.808e-6
-0.680, 5.836e-6
-0.681, 5.868e-6
-0.682, 5.893e-6
-0.683, 5.913e-6
-0.684, 5.934e-6
-0.685, 5.959e-6
-0.686, 5.990e-6
-0.687, 6.014e-6
-0.688, 6.033e-6
-0.689, 6.056e-6
-0.690, 6.081e-6
-0.691, 6.110e-6
-0.692, 6.132e-6
-0.693, 6.150e-6
-0.694, 6.170e-6
-0.695, 6.193e-6
-0.696, 6.218e-6
-0.697, 6.238e-6
-0.698, 6.253e-6
-0.699, 6.272e-6
-0.700, 6.295e-6
-0.701, 6.321e-6
-0.702, 6.341e-6
-0.703, 6.355e-6
-0.704, 6.370e-6
-0.705, 6.392e-6
-0.706, 6.416e-6
-0.707, 6.433e-6
-0.708, 6.447e-6
-0.709, 6.460e-6
-0.710, 6.482e-6
-0.711, 6.501e-6
-0.712, 6.515e-6
-0.713, 6.527e-6
-0.714, 6.541e-6
-0.715, 6.558e-6
-0.716, 6.579e-6
-0.717, 6.593e-6
-0.718, 6.601e-6
-0.719, 6.613e-6
-0.720, 6.628e-6
-0.721, 6.646e-6
-0.722, 6.656e-6
-0.723, 6.664e-6
-0.724, 6.674e-6
-0.725, 6.686e-6
-0.726, 6.703e-6
-0.727, 6.713e-6
-0.728, 6.718e-6
-0.729, 6.725e-6
-0.730, 6.737e-6
-0.731, 6.751e-6
-0.732, 6.759e-6
-0.733, 6.762e-6
-0.734, 6.768e-6
-0.735, 6.777e-6
-0.736, 6.789e-6
-0.737, 6.797e-6
-0.738, 6.798e-6
-0.739, 6.800e-6
-0.740, 6.807e-6
-0.741, 6.817e-6
-0.742, 6.824e-6
-0.743, 6.825e-6
-0.744, 6.827e-6
-0.745, 6.833e-6
-0.746, 6.841e-6
-0.747, 6.844e-6
-0.748, 6.841e-6
-0.749, 6.842e-6
-0.750, 6.849e-6
-0.751, 6.853e-6
-0.752, 6.854e-6
-0.753, 6.851e-6
-0.754, 6.850e-6
-0.755, 6.854e-6
-0.756, 6.861e-6
-0.757, 6.858e-6
-0.758, 6.854e-6
-0.759, 6.851e-6
-0.760, 6.854e-6
-0.761, 6.859e-6
-0.762, 6.855e-6
-0.763, 6.850e-6
-0.764, 6.846e-6
-0.765, 6.846e-6
-0.766, 6.849e-6
-0.767, 6.846e-6
-0.768, 6.841e-6
-0.769, 6.837e-6
-0.770, 6.835e-6
-0.771, 6.836e-6
-0.772, 6.831e-6
-0.773, 6.823e-6
-0.774, 6.816e-6
-0.775, 6.815e-6
-0.776, 6.816e-6
-0.777, 6.811e-6
-0.778, 6.800e-6
-0.779, 6.794e-6
-0.780, 6.792e-6
-0.781, 6.791e-6
-0.782, 6.785e-6
-0.783, 6.774e-6
-0.784, 6.765e-6
-0.785, 6.764e-6
-0.786, 6.759e-6
-0.787, 6.753e-6
-0.788, 6.743e-6
-0.789, 6.733e-6
-0.790, 6.730e-6
-0.791, 6.728e-6
-0.792, 6.720e-6
-0.793, 6.710e-6
-0.794, 6.702e-6
-0.795, 6.698e-6
-0.796, 6.695e-6
-0.797, 6.686e-6
-0.798, 6.675e-6
-0.799, 6.665e-6
-0.800, 6.661e-6
-0.801, 6.658e-6
-0.802, 6.647e-6
-0.803, 6.636e-6
-0.804, 6.625e-6
-0.805, 6.620e-6
-0.806, 6.618e-6
-0.807, 6.608e-6
-0.808, 6.595e-6
-0.809, 6.585e-6
-0.810, 6.580e-6
-0.811, 6.576e-6
-0.812, 6.565e-6
-0.813, 6.553e-6
-0.814, 6.542e-6
-0.815, 6.535e-6
-0.816, 6.529e-6
-0.817, 6.521e-6
-0.818, 6.508e-6
-0.819, 6.501e-6
-0.820, 6.496e-6
-0.821, 6.491e-6
-0.822, 6.481e-6
-0.823, 6.468e-6
-0.824, 6.457e-6
-0.825, 6.452e-6
-0.826, 6.447e-6
-0.827, 6.437e-6
-0.828, 6.424e-6
-0.829, 6.412e-6
-0.830, 6.407e-6
-0.831, 6.402e-6
-0.832, 6.392e-6
-0.833, 6.380e-6
-0.834, 6.370e-6
-0.835, 6.364e-6
-0.836, 6.359e-6
-0.837, 6.348e-6
-0.838, 6.335e-6
-0.839, 6.326e-6
-0.840, 6.320e-6
-0.841, 6.315e-6
-0.842, 6.305e-6
-0.843, 6.291e-6
-0.844, 6.280e-6
-0.845, 6.277e-6
-0.846, 6.272e-6
-0.847, 6.260e-6
-0.848, 6.248e-6
-0.849, 6.239e-6
-0.850, 6.235e-6
-0.851, 6.230e-6
-0.852, 6.220e-6
-0.853, 6.207e-6
-0.854, 6.198e-6
-0.855, 6.194e-6
-0.856, 6.189e-6
-0.857, 6.180e-6
-0.858, 6.169e-6
-0.859, 6.160e-6
-0.860, 6.156e-6
-0.861, 6.151e-6
-0.862, 6.141e-6
-0.863, 6.127e-6
-0.864, 6.119e-6
-0.865, 6.116e-6
-0.866, 6.113e-6
-0.867, 6.101e-6
-0.868, 6.090e-6
-0.869, 6.079e-6
-0.870, 6.077e-6
-0.871, 6.075e-6
-0.872, 6.062e-6
-0.873, 6.051e-6
-0.874, 6.041e-6
-0.875, 6.038e-6
-0.876, 6.035e-6
-0.877, 6.024e-6
-0.878, 6.014e-6
-0.879, 6.005e-6
-0.880, 6.001e-6
-0.881, 5.997e-6
-0.882, 5.987e-6
-0.883, 5.975e-6
-0.884, 5.967e-6
-0.885, 5.964e-6
-0.886, 5.961e-6
-0.887, 5.950e-6
-0.888, 5.941e-6
-0.889, 5.934e-6
-0.890, 5.930e-6
-0.891, 5.927e-6
-0.892, 5.919e-6
-0.893, 5.908e-6
-0.894, 5.902e-6
-0.895, 5.898e-6
-0.896, 5.895e-6
-0.897, 5.887e-6
-0.898, 5.878e-6
-0.899, 5.870e-6
-0.900, 5.869e-6
-0.901, 5.866e-6
-0.902, 5.857e-6
-0.903, 5.846e-6
-0.904, 5.838e-6
-0.905, 5.837e-6
-0.906, 5.834e-6
-0.907, 5.824e-6
-0.908, 5.814e-6
-0.909, 5.806e-6
-0.910, 5.805e-6
-0.911, 5.801e-6
-0.912, 5.794e-6
-0.913, 5.785e-6
-0.914, 5.776e-6
-0.915, 5.775e-6
-0.916, 5.772e-6
-0.917, 5.763e-6
-0.918, 5.755e-6
-0.919, 5.747e-6
-0.920, 5.745e-6
-0.921, 5.744e-6
-0.922, 5.735e-6
-0.923, 5.727e-6
-0.924, 5.719e-6
-0.925, 5.716e-6
-0.926, 5.716e-6
-0.927, 5.708e-6
-0.928, 5.698e-6
-0.929, 5.692e-6
-0.930, 5.690e-6
-0.931, 5.691e-6
-0.932, 5.682e-6
-0.933, 5.672e-6
-0.934, 5.666e-6
-0.935, 5.666e-6
-0.936, 5.665e-6
-0.937, 5.656e-6
-0.938, 5.648e-6
-0.939, 5.642e-6
-0.940, 5.641e-6
-0.941, 5.640e-6
-0.942, 5.632e-6
-0.943, 5.623e-6
-0.944, 5.617e-6
-0.945, 5.617e-6
-0.946, 5.615e-6
-0.947, 5.610e-6
-0.948, 5.600e-6
-0.949, 5.594e-6
-0.950, 5.595e-6
-0.951, 5.593e-6
-0.952, 5.585e-6
-0.953, 5.579e-6
-0.954, 5.571e-6
-0.955, 5.572e-6
-0.956, 5.570e-6
-0.957, 5.563e-6
-0.958, 5.555e-6
-0.959, 5.549e-6
-0.960, 5.550e-6
-0.961, 5.548e-6
-0.962, 5.541e-6
-0.963, 5.533e-6
-0.964, 5.529e-6
-0.965, 5.530e-6
-0.966, 5.528e-6
-0.967, 5.521e-6
-0.968, 5.514e-6
-0.969, 5.508e-6
-0.970, 5.507e-6
-0.971, 5.507e-6
-0.972, 5.500e-6
-0.973, 5.494e-6
-0.974, 5.489e-6
-0.975, 5.489e-6
-0.976, 5.487e-6
-0.977, 5.481e-6
-0.978, 5.473e-6
-0.979, 5.467e-6
-0.980, 5.468e-6
-0.981, 5.466e-6
-0.982, 5.461e-6
-0.983, 5.453e-6
-0.984, 5.448e-6
-0.985, 5.448e-6
-0.986, 5.447e-6
-0.987, 5.443e-6
-0.988, 5.436e-6
-0.989, 5.430e-6
-0.990, 5.432e-6
-0.991, 5.431e-6
-0.992, 5.425e-6
-0.993, 5.418e-6
-0.994, 5.413e-6
-0.995, 5.414e-6
-0.996, 5.413e-6
-0.997, 5.408e-6
-0.998, 5.401e-6
-0.999, 5.397e-6
-1.000, 5.398e-6
-1.001, 5.398e-6
-1.002, 5.391e-6
-1.003, 5.385e-6
-1.004, 5.380e-6
-1.005, 5.382e-6
-1.006, 5.380e-6
-1.007, 5.374e-6
-1.008, 5.368e-6
-1.009, 5.363e-6
-1.010, 5.364e-6
-1.011, 5.365e-6
-1.012, 5.359e-6
-1.013, 5.352e-6
-1.014, 5.349e-6
-1.015, 5.350e-6
-1.016, 5.350e-6
-1.017, 5.343e-6
-1.018, 5.337e-6
-1.019, 5.334e-6
-1.020, 5.334e-6
-1.021, 5.333e-6
-1.022, 5.329e-6
-1.023, 5.322e-6
-1.024, 5.319e-6
-1.025, 5.321e-6
-1.026, 5.320e-6
-1.027, 5.315e-6
-1.028, 5.308e-6
-1.029, 5.304e-6
-1.030, 5.305e-6
-1.031, 5.306e-6
-1.032, 5.301e-6
-1.033, 5.295e-6
-1.034, 5.291e-6
-1.035, 5.293e-6
-1.036, 5.292e-6
-1.037, 5.287e-6
-1.038, 5.281e-6
-1.039, 5.276e-6
-1.040, 5.279e-6
-1.041, 5.279e-6
-1.042, 5.271e-6
-1.043, 5.267e-6
-1.044, 5.264e-6
-1.045, 5.266e-6
-1.046, 5.266e-6
-1.047, 5.260e-6
-1.048, 5.254e-6
-1.049, 5.253e-6
-1.050, 5.255e-6
-1.051, 5.254e-6
-1.052, 5.248e-6
-1.053, 5.242e-6
-1.054, 5.239e-6
-1.055, 5.241e-6
-1.056, 5.242e-6
-1.057, 5.236e-6
-1.058, 5.230e-6
-1.059, 5.227e-6
-1.060, 5.231e-6
-1.061, 5.230e-6
-1.062, 5.225e-6
-1.063, 5.220e-6
-1.064, 5.217e-6
-1.065, 5.221e-6
-1.066, 5.220e-6
-1.067, 5.214e-6
-1.068, 5.209e-6
-1.069, 5.207e-6
-1.070, 5.210e-6
-1.071, 5.208e-6
-1.072, 5.204e-6
-1.073, 5.199e-6
-1.074, 5.196e-6
-1.075, 5.201e-6
-1.076, 5.200e-6
-1.077, 5.193e-6
-1.078, 5.189e-6
-1.079, 5.186e-6
-1.080, 5.189e-6
-1.081, 5.190e-6
-1.082, 5.185e-6
-1.083, 5.180e-6
-1.084, 5.177e-6
-1.085, 5.180e-6
-1.086, 5.182e-6
-1.087, 5.175e-6
-1.088, 5.172e-6
-1.089, 5.169e-6
-1.090, 5.172e-6
-1.091, 5.172e-6
-1.092, 5.167e-6
-1.093, 5.160e-6
-1.094, 5.162e-6
-1.095, 5.164e-6
-1.096, 5.164e-6
-1.097, 5.159e-6
-1.098, 5.154e-6
-1.099, 5.153e-6
-1.100, 5.157e-6
-1.101, 5.157e-6
-1.102, 5.153e-6
-1.103, 5.148e-6
-1.104, 5.146e-6
-1.105, 5.150e-6
-1.106, 5.150e-6
-1.107, 5.145e-6
-1.108, 5.141e-6
-1.109, 5.139e-6
-1.110, 5.142e-6
-1.111, 5.141e-6
-1.112, 5.137e-6
-1.113, 5.133e-6
-1.114, 5.132e-6
-1.115, 5.136e-6
-1.116, 5.137e-6
-1.117, 5.132e-6
-1.118, 5.129e-6
-1.119, 5.127e-6
-1.120, 5.130e-6
-1.121, 5.131e-6
-1.122, 5.126e-6
-1.123, 5.122e-6
-1.124, 5.123e-6
-1.125, 5.125e-6
-1.126, 5.126e-6
-1.127, 5.121e-6
-1.128, 5.117e-6
-1.129, 5.117e-6
-1.130, 5.119e-6
-1.131, 5.121e-6
-1.132, 5.116e-6
-1.133, 5.111e-6
-1.134, 5.111e-6
-1.135, 5.114e-6
-1.136, 5.116e-6
-1.137, 5.111e-6
-1.138, 5.108e-6
-1.139, 5.107e-6
-1.140, 5.111e-6
-1.141, 5.112e-6
-1.142, 5.108e-6
-1.143, 5.103e-6
-1.144, 5.104e-6
-1.145, 5.107e-6
-1.146, 5.108e-6
-1.147, 5.104e-6
-1.148, 5.100e-6
-1.149, 5.100e-6
-1.150, 5.104e-6
-1.151, 5.104e-6
-1.152, 5.101e-6
-1.153, 5.097e-6
-1.154, 5.097e-6
-1.155, 5.100e-6
-1.156, 5.101e-6
-1.157, 5.097e-6
-1.158, 5.095e-6
-1.159, 5.094e-6
-1.160, 5.097e-6
-1.161, 5.099e-6
-1.162, 5.094e-6
-1.163, 5.090e-6
-1.164, 5.092e-6
-1.165, 5.096e-6
-1.166, 5.097e-6
-1.167, 5.093e-6
-1.168, 5.090e-6
-1.169, 5.092e-6
-1.170, 5.095e-6
-1.171, 5.095e-6
-1.172, 5.090e-6
-1.173, 5.087e-6
-1.174, 5.088e-6
-1.175, 5.092e-6
-1.176, 5.092e-6
-1.177, 5.090e-6
-1.178, 5.088e-6
-1.179, 5.087e-6
-1.180, 5.091e-6
-1.181, 5.091e-6
-1.182, 5.087e-6
-1.183, 5.084e-6
-1.184, 5.086e-6
-1.185, 5.092e-6
-1.186, 5.091e-6
-1.187, 5.087e-6
-1.188, 5.086e-6
-1.189, 5.084e-6
-1.190, 5.090e-6
-1.191, 5.091e-6
-1.192, 5.086e-6
-1.193, 5.086e-6
-1.194, 5.085e-6
-1.195, 5.091e-6
-1.196, 5.091e-6
-1.197, 5.086e-6
-1.198, 5.084e-6
-1.199, 5.085e-6
-1.200, 5.088e-6
-1.201, 5.090e-6
-1.202, 5.086e-6
-1.203, 5.085e-6
-1.204, 5.087e-6
-1.205, 5.090e-6
-1.206, 5.091e-6
-1.207, 5.088e-6
-1.208, 5.085e-6
-1.209, 5.087e-6
-1.210, 5.091e-6
-1.211, 5.091e-6
-1.212, 5.089e-6
-1.213, 5.085e-6
-1.214, 5.087e-6
-1.215, 5.093e-6
-1.216, 5.094e-6
-1.217, 5.092e-6
-1.218, 5.087e-6
-1.219, 5.090e-6
-1.220, 5.094e-6
-1.221, 5.096e-6
-1.222, 5.092e-6
-1.223, 5.089e-6
-1.224, 5.091e-6
-1.225, 5.096e-6
-1.226, 5.096e-6
-1.227, 5.094e-6
-1.228, 5.092e-6
-1.229, 5.097e-6
-1.230, 5.100e-6
-1.231, 5.102e-6
-1.232, 5.098e-6
-1.233, 5.096e-6
-1.234, 5.097e-6
-1.235, 5.103e-6
-1.236, 5.104e-6
-1.237, 5.099e-6
-1.238, 5.099e-6
-1.239, 5.098e-6
-1.240, 5.104e-6
-1.241, 5.108e-6
-1.242, 5.103e-6
-1.243, 5.101e-6
-1.244, 5.103e-6
-1.245, 5.108e-6
-1.246, 5.109e-6
-1.247, 5.106e-6
-1.248, 5.105e-6
-1.249, 5.107e-6
-1.250, 5.112e-6
-1.251, 5.113e-6
-1.252, 5.109e-6
-1.253, 5.108e-6
-1.254, 5.111e-6
-1.255, 5.117e-6
-1.256, 5.117e-6
-1.257, 5.116e-6
-1.258, 5.111e-6
-1.259, 5.115e-6
-1.260, 5.120e-6
-1.261, 5.123e-6
-1.262, 5.121e-6
-1.263, 5.117e-6
-1.264, 5.119e-6
-1.265, 5.126e-6
-1.266, 5.126e-6
-1.267, 5.125e-6
-1.268, 5.123e-6
-1.269, 5.125e-6
-1.270, 5.130e-6
-1.271, 5.131e-6
-1.272, 5.129e-6
-1.273, 5.128e-6
-1.274, 5.130e-6
-1.275, 5.137e-6
-1.276, 5.138e-6
-1.277, 5.134e-6
-1.278, 5.133e-6
-1.279, 5.137e-6
-1.280, 5.145e-6
-1.281, 5.146e-6
-1.282, 5.142e-6
-1.283, 5.141e-6
-1.284, 5.143e-6
-1.285, 5.149e-6
-1.286, 5.152e-6
-1.287, 5.148e-6
-1.288, 5.148e-6
-1.289, 5.151e-6
-1.290, 5.156e-6
-1.291, 5.158e-6
-1.292, 5.157e-6
-1.293, 5.155e-6
-1.294, 5.158e-6
-1.295, 5.164e-6
-1.296, 5.165e-6
-1.297, 5.164e-6
-1.298, 5.161e-6
-1.299, 5.165e-6
-1.300, 5.173e-6
-1.301, 5.174e-6
-1.302, 5.172e-6
-1.303, 5.171e-6
-1.304, 5.175e-6
-1.305, 5.181e-6
-1.306, 5.183e-6
-1.307, 5.182e-6
-1.308, 5.181e-6
-1.309, 5.184e-6
-1.310, 5.190e-6
-1.311, 5.192e-6
-1.312, 5.190e-6
-1.313, 5.190e-6
-1.314, 5.193e-6
-1.315, 5.200e-6
-1.316, 5.203e-6
-1.317, 5.200e-6
-1.318, 5.200e-6
-1.319, 5.204e-6
-1.320, 5.212e-6
-1.321, 5.216e-6
-1.322, 5.212e-6
-1.323, 5.211e-6
-1.324, 5.215e-6
-1.325, 5.222e-6
-1.326, 5.225e-6
-1.327, 5.224e-6
-1.328, 5.224e-6
-1.329, 5.227e-6
-1.330, 5.234e-6
-1.331, 5.238e-6
-1.332, 5.236e-6
-1.333, 5.234e-6
-1.334, 5.241e-6
-1.335, 5.247e-6
-1.336, 5.251e-6
-1.337, 5.247e-6
-1.338, 5.247e-6
-1.339, 5.253e-6
-1.340, 5.261e-6
-1.341, 5.264e-6
-1.342, 5.261e-6
-1.343, 5.261e-6
-1.344, 5.268e-6
-1.345, 5.277e-6
-1.346, 5.278e-6
-1.347, 5.277e-6
-1.348, 5.277e-6
-1.349, 5.282e-6
-1.350, 5.290e-6
-1.351, 5.293e-6
-1.352, 5.292e-6
-1.353, 5.293e-6
-1.354, 5.297e-6
-1.355, 5.306e-6
-1.356, 5.309e-6
-1.357, 5.310e-6
-1.358, 5.310e-6
-1.359, 5.314e-6
-1.360, 5.323e-6
-1.361, 5.326e-6
-1.362, 5.324e-6
-1.363, 5.327e-6
-1.364, 5.332e-6
-1.365, 5.342e-6
-1.366, 5.345e-6
-1.367, 5.344e-6
-1.368, 5.344e-6
-1.369, 5.350e-6
-1.370, 5.360e-6
-1.371, 5.363e-6
-1.372, 5.362e-6
-1.373, 5.363e-6
-1.374, 5.369e-6
-1.375, 5.380e-6
-1.376, 5.383e-6
-1.377, 5.383e-6
-1.378, 5.382e-6
-1.379, 5.391e-6
-1.380, 5.400e-6
-1.381, 5.403e-6
-1.382, 5.404e-6
-1.383, 5.407e-6
-1.384, 5.412e-6
-1.385, 5.423e-6
-1.386, 5.426e-6
-1.387, 5.425e-6
-1.388, 5.427e-6
-1.389, 5.434e-6
-1.390, 5.446e-6
-1.391, 5.449e-6
-1.392, 5.449e-6
-1.393, 5.451e-6
-1.394, 5.459e-6
-1.395, 5.470e-6
-1.396, 5.475e-6
-1.397, 5.473e-6
-1.398, 5.477e-6
-1.399, 5.484e-6
-1.400, 5.497e-6
-1.401, 5.502e-6
-1.402, 5.503e-6
-1.403, 5.503e-6
-1.404, 5.513e-6
-1.405, 5.524e-6
-1.406, 5.530e-6
-1.407, 5.530e-6
-1.408, 5.533e-6
-1.409, 5.543e-6
-1.410, 5.553e-6
-1.411, 5.559e-6
-1.412, 5.560e-6
-1.413, 5.561e-6
-1.414, 5.573e-6
-1.415, 5.585e-6
-1.416, 5.591e-6
-1.417, 5.593e-6
-1.418, 5.595e-6
-1.419, 5.605e-6
-1.420, 5.618e-6
-1.421, 5.623e-6
-1.422, 5.627e-6
-1.423, 5.628e-6
-1.424, 5.639e-6
-1.425, 5.653e-6
-1.426, 5.658e-6
-1.427, 5.659e-6
-1.428, 5.664e-6
-1.429, 5.674e-6
-1.430, 5.688e-6
-1.431, 5.696e-6
-1.432, 5.697e-6
-1.433, 5.703e-6
-1.434, 5.716e-6
-1.435, 5.729e-6
-1.436, 5.736e-6
-1.437, 5.738e-6
-1.438, 5.744e-6
-1.439, 5.754e-6
-1.440, 5.770e-6
-1.441, 5.779e-6
-1.442, 5.778e-6
-1.443, 5.785e-6
-1.444, 5.798e-6
-1.445, 5.813e-6
-1.446, 5.823e-6
-1.447, 5.827e-6
-1.448, 5.831e-6
-1.449, 5.845e-6
-1.450, 5.858e-6
-1.451, 5.868e-6
-1.452, 5.872e-6
-1.453, 5.877e-6
-1.454, 5.891e-6
-1.455, 5.905e-6
-1.456, 5.915e-6
-1.457, 5.919e-6
-1.458, 5.925e-6
-1.459, 5.938e-6
-1.460, 5.955e-6
-1.461, 5.965e-6
-1.462, 5.971e-6
-1.463, 5.976e-6
-1.464, 5.991e-6
-1.465, 6.011e-6
-1.466, 6.020e-6
-1.467, 6.024e-6
-1.468, 6.033e-6
-1.469, 6.048e-6
-1.470, 6.067e-6
-1.471, 6.077e-6
-1.472, 6.083e-6
-1.473, 6.093e-6
-1.474, 6.109e-6
-1.475, 6.128e-6
-1.476, 6.140e-6
-1.477, 6.146e-6
-1.478, 6.155e-6
-1.479, 6.172e-6
-1.480, 6.190e-6
-1.481, 6.202e-6
-1.482, 6.208e-6
-1.483, 6.218e-6
-1.484, 6.236e-6
-1.485, 6.258e-6
-1.486, 6.270e-6
-1.487, 6.278e-6
-1.488, 6.289e-6
-1.489, 6.307e-6
-1.490, 6.327e-6
-1.491, 6.343e-6
-1.492, 6.351e-6
-1.493, 6.363e-6
-1.494, 6.382e-6
-1.495, 6.405e-6
-1.496, 6.419e-6
-1.497, 6.430e-6
-1.498, 6.441e-6
-1.499, 6.461e-6
-1.500, 6.485e-6
-1.501, 6.500e-6
-1.502, 6.511e-6
-1.503, 6.525e-6
-1.504, 6.546e-6
-1.505, 6.570e-6
-1.506, 6.586e-6
-1.507, 6.598e-6
-1.508, 6.613e-6
-1.509, 6.636e-6
-1.510, 6.661e-6
-1.511, 6.679e-6
-1.512, 6.691e-6
-1.513, 6.705e-6
-1.514, 6.728e-6
-1.515, 6.755e-6
-1.516, 6.774e-6
-1.517, 6.787e-6
-1.518, 6.805e-6
-1.519, 6.829e-6
-1.520, 6.855e-6
-1.521, 6.876e-6
-1.522, 6.887e-6
-1.523, 6.906e-6
-1.524, 6.932e-6
-1.525, 6.961e-6
-1.526, 6.982e-6
-1.527, 6.996e-6
-1.528, 7.015e-6
-1.529, 7.043e-6
-1.530, 7.073e-6
-1.531, 7.095e-6
-1.532, 7.111e-6
-1.533, 7.130e-6
-1.534, 7.160e-6
-1.535, 7.189e-6
-1.536, 7.213e-6
-1.537, 7.232e-6
-1.538, 7.251e-6
-1.539, 7.281e-6
-1.540, 7.313e-6
-1.541, 7.336e-6
-1.542, 7.355e-6
-1.543, 7.376e-6
-1.544, 7.408e-6
-1.545, 7.445e-6
-1.546, 7.468e-6
-1.547, 7.489e-6
-1.548, 7.512e-6
-1.549, 7.546e-6
-1.550, 7.585e-6
-1.551, 7.609e-6
-1.552, 7.632e-6
-1.553, 7.658e-6
-1.554, 7.692e-6
-1.555, 7.730e-6
-1.556, 7.759e-6
-1.557, 7.782e-6
-1.558, 7.811e-6
-1.559, 7.846e-6
-1.560, 7.887e-6
-1.561, 7.918e-6
-1.562, 7.942e-6
-1.563, 7.970e-6
-1.564, 8.009e-6
-1.565, 8.048e-6
-1.566, 8.082e-6
-1.567, 8.106e-6
-1.568, 8.139e-6
-1.569, 8.183e-6
-1.570, 8.225e-6
-1.571, 8.263e-6
-1.572, 8.292e-6
-1.573, 8.325e-6
-1.574, 8.369e-6
-1.575, 8.412e-6
-1.576, 8.449e-6
-1.577, 8.481e-6
-1.578, 8.515e-6
-1.579, 8.562e-6
-1.580, 8.608e-6
-1.581, 8.643e-6
-1.582, 8.678e-6
-1.583, 8.713e-6
-1.584, 8.764e-6
-1.585, 8.815e-6
-1.586, 8.854e-6
-1.587, 8.893e-6
-1.588, 8.934e-6
-1.589, 8.982e-6
-1.590, 9.039e-6
-1.591, 9.081e-6
-1.592, 9.120e-6
-1.593, 9.163e-6
-1.594, 9.215e-6
-1.595, 9.277e-6
-1.596, 9.323e-6
-1.597, 9.363e-6
-1.598, 9.408e-6
-1.599, 9.465e-6
-1.600, 9.528e-6
-1.601, 9.578e-6
-1.602, 9.622e-6
-1.603, 9.673e-6
-1.604, 9.735e-6
-1.605, 9.800e-6
-1.606, 9.857e-6
-1.607, 9.905e-6
-1.608, 9.960e-6
-1.609, 1.003e-5
-1.610, 1.009e-5
-1.611, 1.015e-5
-1.612, 1.020e-5
-1.613, 1.026e-5
-1.614, 1.033e-5
-1.615, 1.041e-5
-1.616, 1.047e-5
-1.617, 1.053e-5
-1.618, 1.060e-5
-1.619, 1.068e-5
-1.620, 1.076e-5
-1.621, 1.083e-5
-1.622, 1.089e-5
-1.623, 1.096e-5
-1.624, 1.105e-5
-1.625, 1.113e-5
-1.626, 1.121e-5
-1.627, 1.129e-5
-1.628, 1.136e-5
-1.629, 1.145e-5
-1.630, 1.155e-5
-1.631, 1.163e-5
-1.632, 1.172e-5
-1.633, 1.180e-5
-1.634, 1.190e-5
-1.635, 1.200e-5
-1.636, 1.209e-5
-1.637, 1.217e-5
-1.638, 1.227e-5
-1.639, 1.239e-5
-1.640, 1.250e-5
-1.641, 1.260e-5
-1.642, 1.270e-5
-1.643, 1.281e-5
-1.644, 1.293e-5
-1.645, 1.305e-5
-1.646, 1.317e-5
-1.647, 1.328e-5
-1.648, 1.340e-5
-1.649, 1.354e-5
-1.650, 1.368e-5
-1.651, 1.381e-5
-1.652, 1.393e-5
-1.653, 1.406e-5
-1.654, 1.421e-5
-1.655, 1.436e-5
-1.656, 1.451e-5
-1.657, 1.465e-5
-1.658, 1.480e-5
-1.659, 1.497e-5
-1.660, 1.514e-5
-1.661, 1.530e-5
-1.662, 1.546e-5
-1.663, 1.563e-5
-1.664, 1.582e-5
-1.665, 1.601e-5
-1.666, 1.620e-5
-1.667, 1.638e-5
-1.668, 1.658e-5
-1.669, 1.678e-5
-1.670, 1.700e-5
-1.671, 1.720e-5
-1.672, 1.741e-5
-1.673, 1.763e-5
-1.674, 1.786e-5
-1.675, 1.810e-5
-1.676, 1.833e-5
-1.677, 1.857e-5
-1.678, 1.882e-5
-1.679, 1.908e-5
-1.680, 1.935e-5
-1.681, 1.962e-5
-1.682, 1.989e-5
-1.683, 2.017e-5
-1.684, 2.047e-5
-1.685, 2.077e-5
-1.686, 2.108e-5
-1.687, 2.138e-5
-1.688, 2.170e-5
-1.689, 2.204e-5
-1.690, 2.239e-5
-1.691, 2.274e-5
-1.692, 2.308e-5
-1.693, 2.344e-5
-1.694, 2.382e-5
-1.695, 2.421e-5
-1.696, 2.460e-5
-1.697, 2.500e-5
-1.698, 2.541e-5
-1.699, 2.586e-5
-1.700, 2.631e-5
-1.701, 2.676e-5
-1.702, 2.722e-5
-1.703, 2.769e-5
-1.704, 2.817e-5
-1.705, 2.869e-5
-1.706, 2.920e-5
-1.707, 2.973e-5
-1.708, 3.026e-5
-1.709, 3.083e-5
-1.710, 3.141e-5
-1.711, 3.200e-5
-1.712, 3.260e-5
-1.713, 3.322e-5
-1.714, 3.386e-5
-1.715, 3.452e-5
-1.716, 3.519e-5
-1.717, 3.587e-5
-1.718, 3.657e-5
-1.719, 3.730e-5
-1.720, 3.806e-5
-1.721, 3.882e-5
-1.722, 3.959e-5
-1.723, 4.040e-5
-1.724, 4.124e-5
-1.725, 4.209e-5
-1.726, 4.296e-5
-1.727, 4.383e-5
-1.728, 4.474e-5
-1.729, 4.568e-5
-1.730, 4.666e-5
-1.731, 4.764e-5
-1.732, 4.865e-5
-1.733, 4.968e-5
-1.734, 5.076e-5
-1.735, 5.186e-5
-1.736, 5.299e-5
-1.737, 5.413e-5
-1.738, 5.531e-5
-1.739, 5.654e-5
-1.740, 5.778e-5
-1.741, 5.904e-5
-1.742, 6.033e-5
-1.743, 6.165e-5
-1.744, 6.303e-5
-1.745, 6.445e-5
-1.746, 6.587e-5
-1.747, 6.733e-5
-1.748, 6.882e-5
-1.749, 7.037e-5
-1.750, 7.196e-5
-1.751, 7.355e-5
-1.752, 7.518e-5
-1.753, 7.685e-5
-1.754, 7.858e-5
-1.755, 8.035e-5
-1.756, 8.215e-5
-1.757, 8.398e-5
-1.758, 8.586e-5
-1.759, 8.779e-5
-1.760, 8.977e-5
-1.761, 9.176e-5
-1.762, 9.379e-5
-1.763, 9.588e-5
-1.764, 9.801e-5
-1.765, 1.002e-4
-1.766, 1.024e-4
-1.767, 1.047e-4
-1.768, 1.070e-4
-1.769, 1.093e-4
-1.770, 1.117e-4
-1.771, 1.141e-4
-1.772, 1.166e-4
-1.773, 1.191e-4
-1.774, 1.217e-4
-1.775, 1.243e-4
-1.776, 1.270e-4
-1.777, 1.297e-4
-1.778, 1.324e-4
-1.779, 1.352e-4
-1.780, 1.380e-4
-1.781, 1.408e-4
-1.782, 1.437e-4
-1.783, 1.466e-4
-1.784, 1.496e-4
-1.785, 1.526e-4
-1.786, 1.556e-4
-1.787, 1.586e-4
-1.788, 1.616e-4
-1.789, 1.647e-4
-1.790, 1.677e-4
-1.791, 1.708e-4
-1.792, 1.738e-4
-1.793, 1.769e-4
-1.794, 1.799e-4
-1.795, 1.829e-4
-1.796, 1.859e-4
-1.797, 1.889e-4
-1.798, 1.918e-4
-1.799, 1.948e-4
-1.800, 1.977e-4
-1.801, 2.006e-4
-1.802, 2.036e-4
-1.803, 2.065e-4
-1.804, 2.094e-4
-1.805, 2.124e-4
-1.806, 2.153e-4
-1.807, 2.183e-4
-1.808, 2.213e-4
-1.809, 2.244e-4
-1.810, 2.275e-4
-1.811, 2.307e-4
-1.812, 2.339e-4
-1.813, 2.372e-4
-1.814, 2.405e-4
-1.815, 2.440e-4
-1.816, 2.475e-4
-1.817, 2.511e-4
-1.818, 2.548e-4
-1.819, 2.585e-4
-1.820, 2.623e-4
-1.821, 2.662e-4
-1.822, 2.702e-4
-1.823, 2.742e-4
-1.824, 2.784e-4
-1.825, 2.826e-4
-1.826, 2.869e-4
-1.827, 2.913e-4
-1.828, 2.957e-4
-1.829, 3.003e-4
-1.830, 3.049e-4
-1.831, 3.096e-4
-1.832, 3.144e-4
-1.833, 3.192e-4
-1.834, 3.241e-4
-1.835, 3.292e-4
-1.836, 3.342e-4
-1.837, 3.394e-4
-1.838, 3.446e-4
-1.839, 3.499e-4
-1.840, 3.553e-4
-1.841, 3.608e-4
-1.842, 3.663e-4
-1.843, 3.719e-4
-1.844, 3.776e-4
-1.845, 3.834e-4
-1.846, 3.892e-4
-1.847, 3.951e-4
-1.848, 4.010e-4
-1.849, 4.071e-4
-1.850, 4.132e-4
-1.851, 4.194e-4
-1.852, 4.256e-4
-1.853, 4.319e-4
-1.854, 4.383e-4
-1.855, 4.448e-4
-1.856, 4.513e-4
-1.857, 4.578e-4
-1.858, 4.644e-4
-1.859, 4.711e-4
-1.860, 4.779e-4
-1.861, 4.847e-4
-1.862, 4.915e-4
-1.863, 4.985e-4
-1.864, 5.055e-4
-1.865, 5.126e-4
-1.866, 5.197e-4
-1.867, 5.269e-4
-1.868, 5.341e-4
-1.869, 5.414e-4
-1.870, 5.487e-4
-1.871, 5.561e-4
-1.872, 5.636e-4
-1.873, 5.711e-4
-1.874, 5.786e-4
-1.875, 5.863e-4
-1.876, 5.939e-4
-1.877, 6.016e-4
-1.878, 6.093e-4
-1.879, 6.171e-4
-1.880, 6.250e-4
-1.881, 6.329e-4
-1.882, 6.408e-4
-1.883, 6.488e-4
-1.884, 6.569e-4
-1.885, 6.650e-4
-1.886, 6.731e-4
-1.887, 6.813e-4
-1.888, 6.895e-4
-1.889, 6.978e-4
-1.890, 7.061e-4
-1.891, 7.145e-4
-1.892, 7.229e-4
-1.893, 7.313e-4
-1.894, 7.398e-4
-1.895, 7.484e-4
-1.896, 7.570e-4
-1.897, 7.656e-4
-1.898, 7.743e-4
-1.899, 7.830e-4
-1.900, 7.918e-4
-1.901, 8.005e-4
-1.902, 8.093e-4
-1.903, 8.181e-4
-1.904, 8.271e-4
-1.905, 8.360e-4
-1.906, 8.450e-4
-1.907, 8.540e-4
-1.908, 8.630e-4
-1.909, 8.721e-4
-1.910, 8.812e-4
-1.911, 8.903e-4
-1.912, 8.995e-4
-1.913, 9.087e-4
-1.914, 9.180e-4
-1.915, 9.273e-4
-1.916, 9.367e-4
-1.917, 9.460e-4
-1.918, 9.554e-4
-1.919, 9.648e-4
-1.920, 9.743e-4
-1.921, 9.838e-4
-1.922, 9.933e-4
-1.923, 1.003e-3
-1.924, 1.010e-3
-1.925, 1.011e-3
-1.926, 1.011e-3
-1.927, 1.011e-3
-1.928, 1.011e-3
-1.929, 1.011e-3
-1.930, 1.011e-3
-1.931, 1.011e-3
-1.932, 1.011e-3
-1.933, 1.011e-3
-1.934, 1.011e-3
-1.935, 1.011e-3
-1.936, 1.011e-3
-1.937, 1.011e-3
-1.938, 1.011e-3
-1.939, 1.011e-3
-1.940, 1.011e-3
-1.941, 1.011e-3
-1.942, 1.011e-3
-1.943, 1.011e-3
-1.944, 1.011e-3
-1.945, 1.011e-3
-1.946, 1.011e-3
-1.947, 1.011e-3
-1.948, 1.011e-3
-1.949, 1.011e-3
-1.950, 1.011e-3
-1.951, 1.011e-3
-1.952, 1.011e-3
-1.953, 1.011e-3
-1.954, 1.011e-3
-1.955, 1.011e-3
-1.956, 1.011e-3
-1.957, 1.011e-3
-1.958, 1.011e-3
-1.959, 1.011e-3
-1.960, 1.011e-3
-1.961, 1.011e-3
-1.962, 1.011e-3
-1.963, 1.011e-3
-1.964, 1.011e-3
-1.965, 1.011e-3
-1.966, 1.011e-3
-1.967, 1.011e-3
-1.968, 1.011e-3
-1.969, 1.011e-3
-1.970, 1.011e-3
-1.971, 1.011e-3
-1.972, 1.011e-3
-1.973, 1.011e-3
-1.974, 1.011e-3
-1.975, 1.011e-3
-1.976, 1.011e-3
-1.977, 1.011e-3
-1.978, 1.011e-3
-1.979, 1.011e-3
-1.980, 1.011e-3
-1.981, 1.011e-3
-1.982, 1.011e-3
-1.983, 1.011e-3
-1.984, 1.011e-3
-1.985, 1.011e-3
-1.986, 1.011e-3
-1.987, 1.011e-3
-1.988, 1.011e-3
-1.989, 1.011e-3
-1.990, 1.011e-3
-1.991, 1.011e-3
-1.992, 1.011e-3
-1.993, 1.011e-3
-1.994, 1.011e-3
-1.995, 1.011e-3
-1.996, 1.011e-3
-1.997, 1.011e-3
-1.998, 1.011e-3
-1.999, 1.011e-3
-2.000, 1.011e-3
-2.001, 1.011e-3
-2.002, 1.011e-3
-2.003, 1.011e-3
-2.004, 1.011e-3
-2.005, 1.011e-3
-2.006, 1.011e-3
-2.007, 1.011e-3
-2.008, 1.011e-3
-2.009, 1.011e-3
-2.010, 1.011e-3
-2.011, 1.011e-3
-2.012, 1.011e-3
-2.013, 1.011e-3
-2.014, 1.011e-3
-2.015, 1.011e-3
-2.016, 1.011e-3
-2.017, 1.011e-3
-2.018, 1.011e-3
-2.019, 1.011e-3
-2.020, 1.011e-3
-2.021, 1.011e-3
-2.022, 1.011e-3
-2.023, 1.011e-3
-2.024, 1.011e-3
-2.025, 1.011e-3
-2.026, 1.011e-3
-2.027, 1.011e-3
-2.028, 1.011e-3
-2.029, 1.011e-3
-2.030, 1.011e-3
-2.031, 1.011e-3
-2.032, 1.011e-3
-2.033, 1.011e-3
-2.034, 1.011e-3
-2.035, 1.011e-3
-2.036, 1.011e-3
-2.037, 1.011e-3
-2.038, 1.011e-3
-2.039, 1.011e-3
-2.040, 1.011e-3
-2.041, 1.011e-3
-2.042, 1.011e-3
-2.043, 1.011e-3
-2.044, 1.011e-3
-2.045, 1.011e-3
-2.046, 1.011e-3
-2.047, 1.011e-3
-2.048, 1.011e-3
-2.049, 1.011e-3
-2.050, 1.011e-3
-2.051, 1.011e-3
-2.052, 1.011e-3
-2.053, 1.011e-3
-2.054, 1.011e-3
-2.055, 1.011e-3
-2.056, 1.011e-3
-2.057, 1.011e-3
-2.058, 1.011e-3
-2.059, 1.011e-3
-2.060, 1.011e-3
-2.061, 1.011e-3
-2.062, 1.011e-3
-2.063, 1.011e-3
-2.064, 1.011e-3
-2.065, 1.011e-3
-2.066, 1.011e-3
-2.067, 1.011e-3
-2.068, 1.011e-3
-2.069, 1.011e-3
-2.070, 1.011e-3
-2.071, 1.011e-3
-2.072, 1.011e-3
-2.073, 1.011e-3
-2.074, 1.011e-3
-2.075, 1.011e-3
-2.076, 1.011e-3
-2.077, 1.011e-3
-2.078, 1.011e-3
-2.079, 1.011e-3
-2.080, 1.011e-3
-2.081, 1.011e-3
-2.082, 1.011e-3
-2.083, 1.011e-3
-2.084, 1.011e-3
-2.085, 1.011e-3
-2.086, 1.011e-3
-2.087, 1.011e-3
-2.088, 1.011e-3
-2.089, 1.011e-3
-2.090, 1.011e-3
-2.091, 1.011e-3
-2.092, 1.011e-3
-2.093, 1.011e-3
-2.094, 1.011e-3
-2.095, 1.011e-3
-2.096, 1.011e-3
-2.097, 1.011e-3
-2.098, 1.011e-3
-2.099, 1.011e-3
-2.100, 1.011e-3
-2.101, 1.011e-3
-2.102, 1.011e-3
-2.103, 1.011e-3
-2.104, 1.011e-3
-2.105, 1.011e-3
-2.106, 1.011e-3
-2.107, 1.011e-3
-2.108, 1.011e-3
-2.109, 1.011e-3
-2.110, 1.011e-3
-2.111, 1.011e-3
-2.112, 1.011e-3
-2.113, 1.011e-3
-2.114, 1.011e-3
-2.115, 1.011e-3
-2.116, 1.011e-3
-2.117, 1.011e-3
-2.118, 1.011e-3
-2.119, 1.011e-3
-2.120, 1.011e-3
-2.121, 1.011e-3
-2.122, 1.011e-3
-2.123, 1.011e-3
-2.124, 1.011e-3
-2.125, 1.011e-3
-2.126, 1.011e-3
-2.127, 1.011e-3
-2.128, 1.011e-3
-2.129, 1.011e-3
-2.130, 1.011e-3
-2.131, 1.011e-3
-2.132, 1.011e-3
-2.133, 1.011e-3
-2.134, 1.011e-3
-2.135, 1.011e-3
-2.136, 1.011e-3
-2.137, 1.011e-3
-2.138, 1.011e-3
-2.139, 1.011e-3
-2.140, 1.011e-3
-2.141, 1.011e-3
-2.142, 1.011e-3
-2.143, 1.011e-3
-2.144, 1.011e-3
-2.145, 1.011e-3
-2.146, 1.011e-3
-2.147, 1.011e-3
-2.148, 1.011e-3
-2.149, 1.011e-3
-2.150, 1.011e-3
-2.151, 1.011e-3
-2.152, 1.011e-3
-2.153, 1.011e-3
-2.154, 1.011e-3
-2.155, 1.011e-3
-2.156, 1.011e-3
-2.157, 1.011e-3
-2.158, 1.011e-3
-2.159, 1.011e-3
-2.160, 1.011e-3
-2.161, 1.011e-3
-2.162, 1.011e-3
-2.163, 1.011e-3
-2.164, 1.011e-3
-2.165, 1.011e-3
-2.166, 1.011e-3
-2.167, 1.011e-3
-2.168, 1.011e-3
-2.169, 1.011e-3
-2.170, 1.011e-3
-2.171, 1.011e-3
-2.172, 1.011e-3
-2.173, 1.011e-3
-2.174, 1.011e-3
-2.175, 1.011e-3
-2.176, 1.011e-3
-2.177, 1.011e-3
-2.178, 1.011e-3
-2.179, 1.011e-3
-2.180, 1.011e-3
-2.181, 1.011e-3
-2.182, 1.011e-3
-2.183, 1.011e-3
-2.184, 1.011e-3
-2.185, 1.011e-3
-2.186, 1.011e-3
-2.187, 1.011e-3
-2.188, 1.011e-3
-2.189, 1.011e-3
-2.190, 1.011e-3
-2.191, 1.011e-3
-2.192, 1.011e-3
-2.193, 1.011e-3
-2.194, 1.011e-3
-2.195, 1.011e-3
-2.196, 1.011e-3
-2.197, 1.011e-3
-2.198, 1.011e-3
-2.199, 1.011e-3
-2.200, 1.011e-3
-2.201, 1.011e-3
-2.202, 1.011e-3
-2.203, 1.011e-3
-2.204, 1.011e-3
-2.205, 1.011e-3
-2.206, 1.011e-3
-2.207, 1.011e-3
-2.208, 1.011e-3
-2.209, 1.011e-3
-2.210, 1.011e-3
-2.211, 1.011e-3
-2.212, 1.011e-3
-2.213, 1.011e-3
-2.214, 1.011e-3
-2.215, 1.011e-3
-2.216, 1.011e-3
-2.217, 1.011e-3
-2.218, 1.011e-3
-2.219, 1.011e-3
-2.220, 1.011e-3
-2.221, 1.011e-3
-2.222, 1.011e-3
-2.223, 1.011e-3
-2.224, 1.011e-3
-2.225, 1.011e-3
-2.226, 1.011e-3
-2.227, 1.011e-3
-2.228, 1.011e-3
-2.229, 1.011e-3
-2.230, 1.011e-3
-2.231, 1.011e-3
-2.232, 1.011e-3
-2.233, 1.011e-3
-2.234, 1.011e-3
-2.235, 1.011e-3
-2.236, 1.011e-3
-2.237, 1.011e-3
-2.238, 1.011e-3
-2.239, 1.011e-3
-2.240, 1.011e-3
-2.241, 1.011e-3
-2.242, 1.011e-3
-2.243, 1.011e-3
-2.244, 1.011e-3
-2.245, 1.011e-3
-2.246, 1.011e-3
-2.247, 1.011e-3
-2.248, 1.011e-3
-2.249, 1.011e-3
-2.250, 1.011e-3
-2.251, 1.011e-3
-2.252, 1.011e-3
-2.253, 1.011e-3
-2.254, 1.011e-3
-2.255, 1.011e-3
-2.256, 1.011e-3
-2.257, 1.011e-3
-2.258, 1.011e-3
-2.259, 1.011e-3
-2.260, 1.011e-3
-2.261, 1.011e-3
-2.262, 1.011e-3
-2.263, 1.011e-3
-2.264, 1.011e-3
-2.265, 1.011e-3
-2.266, 1.011e-3
-2.267, 1.011e-3
-2.268, 1.011e-3
-2.269, 1.011e-3
-2.270, 1.011e-3
-2.271, 1.011e-3
-2.272, 1.011e-3
-2.273, 1.011e-3
-2.274, 1.011e-3
-2.275, 1.011e-3
-2.276, 1.011e-3
-2.277, 1.011e-3
-2.278, 1.011e-3
-2.279, 1.011e-3
-2.280, 1.011e-3
-2.281, 1.011e-3
-2.282, 1.011e-3
-2.283, 1.011e-3
-2.284, 1.011e-3
-2.285, 1.011e-3
-2.286, 1.011e-3
-2.287, 1.011e-3
-2.288, 1.011e-3
-2.289, 1.011e-3
-2.290, 1.011e-3
-2.291, 1.011e-3
-2.292, 1.011e-3
-2.293, 1.011e-3
-2.294, 1.011e-3
-2.295, 1.011e-3
-2.296, 1.011e-3
-2.297, 1.011e-3
-2.298, 1.011e-3
-2.299, 1.011e-3
