Potential V vs RHE, Current mA cm-2
0.013299999999999867,-0.1330535977523067
0.012299999999999978,-0.3511313446265021
0.011299999999999866,-0.48199213986401795
0.010299999999999976,-0.5692798270656908
0.009299999999999864,-0.6128529351015338
0.008299999999999974,-0.6128529351015338
0.007299999999999862,-0.6128529351015338
0.006299999999999972,-0.6564260431373771
0.00529999999999986,-0.7001406223032067
0.0042999999999999705,-0.6564260431373771
0.0032999999999998586,-0.6564260431373771
0.0022999999999999687,-0.6564260431373771
0.0012999999999998568,-0.7001406223032067
0.00029999999999996696,-0.7001406223032067
-0.000700000000000145,-0.7001406223032067
-0.0017000000000000348,-0.6564260431373771
-0.0027000000000001467,-0.6564260431373771
-0.0037000000000000366,-0.7001406223032067
-0.0047000000000001485,-0.7001406223032067
-0.005700000000000038,-0.7001406223032067
-0.00670000000000015,-0.6564260431373771
-0.00770000000000004,-0.6564260431373771
-0.008700000000000152,-0.7001406223032067
-0.009700000000000042,-0.7001406223032067
-0.010700000000000154,-0.7001406223032067
-0.011700000000000044,-0.6564260431373771
-0.012700000000000156,-0.6564260431373771
-0.013700000000000045,-0.7001406223032067
-0.014700000000000157,-0.7001406223032067
-0.015700000000000047,-0.7001406223032067
-0.01670000000000016,-0.6564260431373771
-0.01770000000000005,-0.6564260431373771
-0.01870000000000016,-0.7001406223032067
-0.01970000000000005,-0.7001406223032067
-0.020700000000000163,-0.7001406223032067
-0.021700000000000053,-0.7001406223032067
-0.022700000000000164,-0.6564260431373771
-0.023700000000000054,-0.7001406223032067
-0.024700000000000166,-0.7001406223032067
-0.025700000000000056,-0.7001406223032067
-0.026700000000000168,-0.6564260431373771
-0.027700000000000058,-0.6564260431373771
-0.02870000000000017,-0.7001406223032067
-0.02970000000000006,-0.7001406223032067
-0.03070000000000017,-0.7001406223032067
-0.03170000000000006,-0.6564260431373771
-0.03270000000000017,-0.6564260431373771
-0.03370000000000006,-0.7001406223032067
-0.034700000000000175,-0.7437137303390498
-0.035700000000000065,-0.7001406223032067
-0.03670000000000018,-0.6564260431373771
-0.03770000000000007,-0.6564260431373771
-0.03870000000000018,-0.7001406223032067
-0.03970000000000007,-0.7437137303390498
-0.04070000000000018,-0.7001406223032067
-0.04170000000000007,-0.7001406223032067
-0.04270000000000018,-0.7001406223032067
-0.04370000000000007,-0.7001406223032067
-0.044700000000000184,-0.7001406223032067
-0.045700000000000074,-0.7001406223032067
-0.046700000000000186,-0.7001406223032067
-0.047700000000000076,-0.6564260431373771
-0.04870000000000019,-0.7001406223032067
-0.04970000000000008,-0.7437137303390498
-0.05070000000000019,-0.7001406223032067
-0.05170000000000008,-0.7001406223032067
-0.05270000000000019,-0.6564260431373771
-0.05370000000000008,-0.7001406223032067
-0.05470000000000019,-0.7437137303390498
-0.05570000000000008,-0.7001406223032067
-0.056700000000000195,-0.7001406223032067
-0.057700000000000085,-0.6564260431373771
-0.058700000000000196,-0.7001406223032067
-0.059700000000000086,-0.7437137303390498
-0.0607000000000002,-0.7001406223032067
-0.06170000000000009,-0.7001406223032067
-0.0627000000000002,-0.7001406223032067
-0.06370000000000009,-0.7001406223032067
-0.0647000000000002,-0.7437137303390498
-0.06570000000000009,-0.7001406223032067
-0.0667000000000002,-0.6564260431373771
-0.0677000000000001,-0.6564260431373771
-0.0687000000000002,-0.7001406223032067
-0.0697000000000001,-0.7437137303390498
-0.07070000000000021,-0.7001406223032067
-0.0717000000000001,-0.7001406223032067
-0.07270000000000021,-0.6564260431373771
-0.0737000000000001,-0.7001406223032067
-0.07470000000000021,-0.7437137303390498
-0.0757000000000001,-0.7001406223032067
-0.07670000000000021,-0.7001406223032067
-0.0777000000000001,-0.7001406223032067
-0.07870000000000021,-0.7001406223032067
-0.0797000000000001,-0.7437137303390498
-0.08070000000000022,-0.7001406223032067
-0.0817000000000001,-0.7001406223032067
-0.08270000000000022,-0.6564260431373771
-0.08370000000000011,-0.7001406223032067
-0.08470000000000022,-0.7437137303390498
-0.08570000000000011,-0.7001406223032067
-0.08670000000000022,-0.7001406223032067
-0.08770000000000011,-0.6564260431373771
-0.08870000000000022,-0.7001406223032067
-0.08970000000000011,-0.7437137303390498
-0.09070000000000022,-0.7001406223032067
-0.09170000000000011,-0.7001406223032067
-0.09270000000000023,-0.7001406223032067
-0.09370000000000012,-0.7001406223032067
-0.09470000000000023,-0.7001406223032067
-0.09570000000000012,-0.7001406223032067
-0.09670000000000023,-0.7001406223032067
-0.09770000000000012,-0.6564260431373771
-0.09870000000000023,-0.7001406223032067
-0.09970000000000012,-0.7437137303390498
-0.10070000000000023,-0.7437137303390498
-0.10170000000000012,-0.7001406223032067
-0.10270000000000024,-0.6564260431373771
-0.10370000000000013,-0.7001406223032067
-0.10470000000000024,-0.7437137303390498
-0.10570000000000013,-0.7001406223032067
-0.10670000000000024,-0.7001406223032067
-0.10770000000000013,-0.7001406223032067
-0.10870000000000024,-0.7001406223032067
-0.10970000000000013,-0.7437137303390498
-0.11070000000000024,-0.7001406223032067
-0.11170000000000013,-0.7001406223032067
-0.11270000000000002,-0.6564260431373771
-0.11370000000000013,-0.7001406223032067
-0.11470000000000002,-0.7001406223032067
-0.11570000000000014,-0.7001406223032067
-0.11670000000000003,-0.7001406223032067
-0.11770000000000014,-0.7001406223032067
-0.11870000000000003,-0.7001406223032067
-0.11970000000000014,-0.7437137303390498
-0.12070000000000003,-0.7001406223032067
-0.12170000000000014,-0.7001406223032067
-0.12270000000000003,-0.6564260431373771
-0.12370000000000014,-0.7001406223032067
-0.12470000000000003,-0.7437137303390498
-0.12570000000000014,-0.7001406223032067
-0.12670000000000003,-0.6564260431373771
-0.12770000000000015,-0.6564260431373771
-0.12870000000000004,-0.7001406223032067
-0.12970000000000015,-0.7001406223032067
-0.13070000000000004,-0.7001406223032067
-0.13170000000000015,-0.6564260431373771
-0.13270000000000004,-0.6564260431373771
-0.13370000000000015,-0.7001406223032067
-0.13470000000000004,-0.7437137303390498
-0.13570000000000015,-0.7001406223032067
-0.13670000000000004,-0.7001406223032067
-0.13770000000000016,-0.6564260431373771
-0.13870000000000005,-0.7001406223032067
-0.13970000000000016,-0.7001406223032067
-0.14070000000000005,-0.7001406223032067
-0.14170000000000016,-0.7001406223032067
-0.14270000000000005,-0.7001406223032067
-0.14370000000000016,-0.7001406223032067
-0.14470000000000005,-0.7437137303390498
-0.14570000000000016,-0.7001406223032067
-0.14670000000000005,-0.7001406223032067
-0.14770000000000016,-0.7001406223032067
-0.14870000000000005,-0.7001406223032067
-0.14970000000000017,-0.7437137303390498
-0.15070000000000006,-0.7001406223032067
-0.15170000000000017,-0.7001406223032067
-0.15270000000000006,-0.7001406223032067
-0.15370000000000017,-0.7001406223032067
-0.15470000000000006,-0.7437137303390498
-0.15570000000000017,-0.7001406223032067
-0.15670000000000006,-0.7001406223032067
-0.15770000000000017,-0.6564260431373771
-0.15870000000000006,-0.7001406223032067
-0.15970000000000018,-0.7437137303390498
-0.16070000000000007,-0.7001406223032067
-0.16170000000000018,-0.7001406223032067
-0.16270000000000007,-0.7001406223032067
-0.16370000000000018,-0.7001406223032067
-0.16470000000000007,-0.7437137303390498
-0.16570000000000018,-0.7437137303390498
-0.16670000000000007,-0.7001406223032067
-0.16770000000000018,-0.7001406223032067
-0.16870000000000007,-0.7437137303390498
-0.16970000000000018,-0.7437137303390498
-0.17070000000000007,-0.7437137303390498
-0.17170000000000019,-0.7001406223032067
-0.17270000000000008,-0.7001406223032067
-0.1737000000000002,-0.7437137303390498
-0.17470000000000008,-0.7437137303390498
-0.1757000000000002,-0.7437137303390498
-0.17670000000000008,-0.7001406223032067
-0.1777000000000002,-0.7001406223032067
-0.17870000000000008,-0.7437137303390498
-0.1797000000000002,-0.7872868383748929
-0.18070000000000008,-0.7437137303390498
-0.1817000000000002,-0.7001406223032067
-0.18270000000000008,-0.7001406223032067
-0.1837000000000002,-0.7437137303390498
-0.1847000000000001,-0.7437137303390498
-0.1857000000000002,-0.7437137303390498
-0.1867000000000001,-0.7001406223032067
-0.1877000000000002,-0.7001406223032067
-0.1887000000000001,-0.7437137303390498
-0.1897000000000002,-0.7437137303390498
-0.1907000000000001,-0.7437137303390498
-0.1917000000000001,-0.7001406223032067
-0.19269999999999998,-0.7001406223032067
-0.1937000000000001,-0.7437137303390498
-0.19469999999999998,-0.7437137303390498
-0.1957000000000001,-0.7437137303390498
-0.19669999999999999,-0.7437137303390498
-0.1977000000000001,-0.7001406223032067
-0.1987,-0.7437137303390498
-0.1997000000000001,-0.7872868383748929
-0.2007,-0.7437137303390498
-0.2017000000000001,-0.7437137303390498
-0.2027,-0.7437137303390498
-0.2037000000000001,-0.7872868383748929
-0.2047,-0.7872868383748929
-0.2057000000000001,-0.7872868383748929
-0.2067,-0.7437137303390498
-0.2077000000000001,-0.7437137303390498
-0.2087,-0.7872868383748929
-0.2097000000000001,-0.7872868383748929
-0.2107,-0.7872868383748929
-0.2117000000000001,-0.7437137303390498
-0.2127,-0.7437137303390498
-0.2137000000000001,-0.7872868383748929
-0.2147,-0.8308599464107361
-0.2157000000000001,-0.8308599464107361
-0.2167,-0.7872868383748929
-0.21770000000000012,-0.7872868383748929
-0.2187,-0.8308599464107361
-0.21970000000000012,-0.8308599464107361
-0.2207,-0.8308599464107361
-0.22170000000000012,-0.7872868383748929
-0.2227,-0.7872868383748929
-0.22370000000000012,-0.8308599464107361
-0.2247,-0.8745745255765657
-0.22570000000000012,-0.8308599464107361
-0.2267,-0.7872868383748929
-0.22770000000000012,-0.8308599464107361
-0.22870000000000001,-0.8308599464107361
-0.22970000000000013,-0.8745745255765657
-0.23070000000000002,-0.8745745255765657
-0.23170000000000013,-0.8745745255765657
-0.23270000000000002,-0.8308599464107361
-0.23370000000000013,-0.8745745255765657
-0.23470000000000002,-0.9181476336124089
-0.23570000000000013,-0.8745745255765657
-0.23670000000000002,-0.8745745255765657
-0.2376999999999999,-0.8745745255765657
-0.23870000000000002,-0.9181476336124089
-0.2396999999999999,-0.9181476336124089
-0.24070000000000003,-0.9181476336124089
-0.24169999999999991,-0.9181476336124089
-0.24270000000000003,-0.9181476336124089
-0.24369999999999992,-0.9617207416482519
-0.24470000000000003,-0.9617207416482519
-0.24569999999999992,-0.9617207416482519
-0.24670000000000003,-0.9617207416482519
-0.24769999999999992,-0.9181476336124089
-0.24870000000000003,-1.0054353208140816
-0.24969999999999992,-1.0054353208140816
-0.25070000000000003,-1.0054353208140816
-0.2516999999999999,-1.0054353208140816
-0.25270000000000004,-1.0054353208140816
-0.2536999999999999,-1.0490084288499246
-0.25470000000000004,-1.0490084288499246
-0.2556999999999999,-1.0490084288499246
-0.25670000000000004,-1.0490084288499246
-0.25769999999999993,-1.0490084288499246
-0.25870000000000004,-1.0925815368857679
-0.25969999999999993,-1.1362961160515976
-0.26070000000000004,-1.0925815368857679
-0.26169999999999993,-1.0925815368857679
-0.26270000000000004,-1.0925815368857679
-0.26369999999999993,-1.1362961160515976
-0.26470000000000005,-1.1798692240874404
-0.26569999999999994,-1.1798692240874404
-0.26670000000000005,-1.1798692240874404
-0.26769999999999994,-1.1798692240874404
-0.26870000000000005,-1.2234423321232837
-0.26969999999999994,-1.2671569112891135
-0.27070000000000005,-1.2234423321232837
-0.27169999999999994,-1.2234423321232837
-0.27270000000000005,-1.2234423321232837
-0.27369999999999994,-1.3107300193249565
-0.27470000000000006,-1.3107300193249565
-0.27569999999999995,-1.3107300193249565
-0.27670000000000006,-1.3107300193249565
-0.27769999999999995,-1.3107300193249565
-0.27870000000000006,-1.3980177065266295
-0.27969999999999995,-1.3980177065266295
-0.28070000000000006,-1.3980177065266295
-0.28169999999999995,-1.3980177065266295
-0.28270000000000006,-1.3980177065266295
-0.28369999999999995,-1.4854468648582886
-0.28470000000000006,-1.4854468648582886
-0.28569999999999995,-1.5293029151541047
-0.28670000000000007,-1.5293029151541047
-0.28769999999999996,-1.5293029151541047
-0.28870000000000007,-1.5717442541500557
-0.28969999999999996,-1.6156003044458718
-0.29070000000000007,-1.6156003044458718
-0.29169999999999996,-1.6156003044458718
-0.29270000000000007,-1.6594563547416883
-0.29369999999999996,-1.6594563547416883
-0.2947000000000001,-1.7033124050375041
-0.29569999999999996,-1.7471684553333202
-0.2967000000000001,-1.7471684553333202
-0.29769999999999996,-1.7471684553333202
-0.2987000000000001,-1.8334658446250875
-0.29969999999999997,-1.8773218949209036
-0.3007000000000001,-1.8773218949209036
-0.30169999999999997,-1.8773218949209036
-0.3027000000000001,-1.92117794521672
-0.30369999999999997,-1.9650339955125358
-0.3047000000000001,-2.008890045808352
-0.30569999999999997,-2.052746096104168
-0.3067000000000001,-2.052746096104168
-0.3077,-2.052746096104168
-0.3087000000000001,-2.1390434853959355
-0.3097,-2.1828995356917518
-0.3107000000000001,-2.1828995356917518
-0.3117,-2.226755585987568
-0.3127000000000001,-2.2706116362833835
-0.3137,-2.3144676865791998
-0.3147000000000001,-2.3569090255751513
-0.3157,-2.4007650758709675
-0.3167000000000001,-2.4446211261667834
-0.3177,-2.4884771764625997
-0.3187000000000001,-2.576189277054232
-0.3197,-2.618630616050183
-0.3207000000000001,-2.618630616050183
-0.3217,-2.618630616050183
-0.3227000000000001,-2.662486666345999
-0.3237,-2.7501987669376318
-0.3247000000000001,-2.794054817233447
-0.3257,-2.8379108675292635
-0.3267000000000001,-2.8803522065252145
-0.3277,-2.924208256821031
-0.3287000000000001,-3.0119203574126634
-0.3297,-3.0996324580042955
-0.3307000000000001,-3.0996324580042955
-0.3317,-3.0996324580042955
-0.3327000000000001,-3.1420737970002466
-0.3337,-3.2297858975918787
-0.3347000000000001,-3.317497998183511
-0.3357,-3.361354048479327
-0.3367000000000001,-3.403795387475278
-0.3377,-3.403795387475278
-0.3387000000000001,-3.5353635383627267
-0.3397,-3.623075638954359
-0.3407000000000001,-3.6655169779503103
-0.3417,-3.6655169779503103
-0.3427000000000001,-3.7532290785419424
-0.3437,-3.840941179133574
-0.3447000000000001,-3.971094618721158
-0.3457,-4.014950669016974
-0.3467000000000001,-4.0588067193127895
-0.3477,-4.102662769608606
-0.3487000000000001,-4.23281620919619
-0.3497,-4.3205283097878215
-0.3507000000000001,-4.3205283097878215
-0.3517,-4.3205283097878215
-0.3527000000000001,-4.364384360083638
-0.3537,-4.494537799671222
-0.3547000000000001,-4.712403339850438
-0.3557,-4.712403339850438
-0.35670000000000013,-4.800115440442069
-0.3577,-4.843971490737885
-0.35870000000000013,-4.974124930325469
-0.3597,-5.105693081212917
-0.36070000000000013,-5.191990470504685
-0.3617,-5.279702571096316
-0.3626999999999999,-5.367414671687949
-0.3637,-5.497568111275533
-0.3646999999999999,-5.629136262162981
-0.3657,-5.715433651454749
-0.3666999999999999,-5.759289701750564
-0.3677,-5.847001802342197
-0.3686999999999999,-5.977155241929781
-0.36970000000000003,-6.108723392817228
-0.3706999999999999,-6.152579443113044
-0.37170000000000003,-6.238876832404812
-0.3726999999999999,-6.326588932996443
-0.37370000000000003,-6.458157083883892
-0.3746999999999999,-6.54445447317566
-0.37570000000000003,-6.632166573767292
-0.3766999999999999,-6.762320013354876
-0.37770000000000004,-6.806176063650692
-0.3786999999999999,-6.981600264833956
-0.37970000000000004,-7.155609754717355
-0.3806999999999999,-7.243321855308987
-0.38170000000000004,-7.329619244600755
-0.38269999999999993,-7.37347529489657
-0.38370000000000004,-7.5474847847799715
-0.38469999999999993,-7.722908985963235
-0.38570000000000004,-7.984630576438266
-0.38669999999999993,-8.070927965730034
-0.38770000000000004,-8.246352166913299
-0.38869999999999993,-8.4203616567967
-0.38970000000000005,-8.55051509638428
-0.39069999999999994,-8.638227196975913
-0.39170000000000005,-8.769795347863363
-0.39269999999999994,-8.899948787450944
-0.39370000000000005,-9.073958277334345
-0.39469999999999994,-9.24938247851761
-0.39570000000000005,-9.379535918105192
-0.39669999999999994,-9.511104068992642
-0.39770000000000005,-9.685113558876042
-0.39869999999999994,-9.85912304875944
-0.39970000000000006,-10.078403300238522
-0.40069999999999995,-10.25241279012192
-0.40170000000000006,-10.382566229709504
-0.40269999999999995,-10.557990430892769
-0.40370000000000006,-10.775855971071984
-0.40469999999999995,-10.949865460955383
-0.40570000000000006,-11.1677310011346
-0.40669999999999995,-11.255443101726232
-0.40770000000000006,-11.343155202317865
-0.40869999999999995,-11.473308641905447
-0.40970000000000006,-11.647318131788847
-0.41069999999999995,-11.691174182084664
-0.41170000000000007,-11.82274233297211
-0.41269999999999996,-11.952895772559694
-0.41370000000000007,-12.12831997374296
-0.41469999999999996,-12.346185513922174
-0.41570000000000007,-12.56405105410139
-0.41669999999999996,-12.781916594280606
-0.41770000000000007,-13.13135028534727
-0.41869999999999996,-13.47936926511407
-0.4197000000000001,-13.698649516593148
-0.42069999999999996,-13.916515056772363
-0.4217000000000001,-14.175407224647667
-0.42269999999999996,-14.401761032626075
-0.4237000000000001,-14.529085049613924
-0.42469999999999997,-14.783733083589633
-0.4257000000000001,-14.967645552572087
-0.42669999999999997,-15.137410908555893
-0.4277000000000001,-15.448647394526201
-0.42869999999999997,-15.618412750510005
-0.4297000000000001,-15.91550212348166
-0.43069999999999997,-16.184297270456018
-0.4317000000000001,-16.311621287443874
-0.4327,-16.495533756426326
-0.4337000000000001,-16.70774045140608
-0.4347,-16.877505807389888
-0.4357000000000001,-17.103859615368293
-0.4367,-17.103859615368293
-0.4377000000000001,-17.2736249713521
-0.4387,-17.584861457322408
-0.4397000000000001,-17.924392169290012
-0.4407,-18.15074597726842
-0.4417000000000001,-18.44783535024008
-0.4427,-18.631747819222536
-0.4437000000000001,-18.97127853119014
-0.4447,-19.28251501716045
-0.4457000000000001,-19.409839034148305
-0.4467,-19.579604390132108
-0.4477000000000001,-20.202077362072725
-0.4487,-20.286960040064624
-0.4497000000000001,-20.683079204026836
-0.4507,-20.85284456001064
-0.4517000000000001,-21.2065223849769
-0.4527,-21.461170418952605
-0.4537000000000001,-21.63093577493641
-0.4547,-21.814848243918867
-0.4557000000000001,-21.772406904922917
-0.4567,-21.63093577493641
-0.4577000000000001,-21.98461359990267
-0.4587,-22.196820294882425
-0.4597000000000001,-22.592939458844636
-0.4607,-22.946617283810895
-0.4617000000000001,-23.724708498736668
-0.4627,-23.86617962872317
-0.4637000000000001,-24.120827662698876
-0.4647,-24.389622809673234
-0.4657000000000001,-24.389622809673234
-0.4667,-24.729153521640843
-0.4677000000000001,-24.814036199632742
-0.4687,-25.04039000761115
-0.4697000000000001,-25.252596702590903
-0.4707,-25.337479380582806
-0.4717000000000001,-25.86092256153287
-0.4727,-26.129717708507226
-0.4737000000000001,-27.134162731411404
-0.4747,-27.176604070407354
-0.4757000000000001,-27.572723234369565
-0.4767,-27.700047251357418
-0.4777000000000001,-27.827371268345274
-0.4787,-28.435697127287238
-0.4797000000000001,-28.265931771303435
-0.4807,-28.18104909331153
-0.48170000000000013,-28.831816291249446
-0.4827,-29.001581647233255
-0.48370000000000013,-29.440142150191413
-0.4847,-30.402145834099635
-0.48570000000000013,-30.968030354045652
-0.4867,-30.8407063370578
-0.4876999999999999,-30.968030354045652
-0.4887,-31.23682550102001
-0.4896999999999999,-31.449032195999767
-0.4907,-31.57635621298762
-0.4916999999999999,-31.57635621298762
-0.4927,-31.802710020966025
-0.4936999999999999,-32.49591855789989
-0.49470000000000003,-32.62324257488775
-0.4956999999999999,-32.93447906085806
-0.49670000000000003,-32.892037721862096
-0.4976999999999999,-33.288156885824314
-0.49870000000000003,-33.98136542275818
-0.4996999999999999,-33.98136542275818
-0.5007,-34.33504324772444
-0.5016999999999999,-33.98136542275818
-0.5027,-34.717015298688004
-0.5036999999999999,-34.94336910666641
-0.5047,-35.848784338580025
-0.5056999999999999,-35.42437094862052
-0.5067,-37.334231203438314
-0.5076999999999999,-37.164465847454515
-0.5087,-37.206907186450465
-0.5096999999999999,-36.8532293614842
-0.5107,-37.81523304539243
-0.5116999999999999,-38.08402819236679
-0.5127,-38.38111756533845
-0.5136999999999999,-38.16891087035869
-0.5147,-38.6499127123128
-0.5156999999999999,-39.173355893262865
-0.5167,-40.4748902891387
-0.5176999999999999,-39.86656443019674
-0.5187,-39.99388844718459
-0.5196999999999999,-41.39445263405098
-0.5207,-41.267128617063115
-0.5216999999999999,-41.083216148080666
-0.5227,-41.22468727806717
-0.5236999999999999,-42.087661170984845
-0.5247,-41.91789581500104
-0.5257,-43.09210619388902
-0.5267000000000001,-41.83301313700913
-0.5277,-42.186690961975394
-0.5287000000000001,-42.483780334947056
-0.5297,-43.36090134086337
-0.5307000000000001,-42.79501682091736
-0.5317,-43.134547532884966
-0.5327000000000001,-43.40334267985933
-0.5337,-43.44578401885527
-0.5347000000000001,-44.74731841473111
-0.5357,-45.27076159568118
-0.5367000000000001,-45.85079322862584
-0.5377,-46.062999923605595
-0.5387000000000001,-46.19032394059345
-0.5397,-46.45911908756781
-0.5407000000000001,-45.70932209863933
-0.5417,-45.70932209863933
-0.5427000000000001,-47.10988628550572
-0.5437,-49.076334992318124
-0.5447000000000001,-48.2840966643937
-0.5457,-48.41142068138156
-0.5467000000000001,-48.24165532539775
-0.5477,-48.76509850634781
-0.5487000000000001,-48.55289181136806
-0.5497,-48.41142068138156
-0.5507000000000001,-48.24165532539775
-0.5517,-49.68466085126009
-0.5527000000000001,-49.89686754623985
-0.5537,-50.64666453516831
-0.5547000000000001,-50.29298671020206
-0.5557,-51.21254905511432
-0.5567000000000001,-51.69355089706845
-0.5577,-51.509638428085985
-0.5587000000000001,-51.21254905511432
-0.5597,-52.91020261495237
-0.5607000000000001,-53.079967970936174
-0.5617,-52.78287859796452
-0.5627000000000001,-50.98619524713592
-0.5637,-52.34431809500636
-0.5647000000000001,-52.42920077299826
-0.5657,-52.69799591997262
-0.5667000000000001,-53.64585249088219
-0.5677,-54.1268543328363
-0.5687000000000001,-55.442535841710786
-0.5697,-55.881096344668954
-0.5707000000000001,-54.31076680181876
-0.5717,-54.791768643772876
-0.5727000000000001,-56.30550973462846
-0.5737,-56.53186354260687
-0.5747000000000001,-56.13574437864466
-0.5757,-56.30550973462846
-0.5767000000000001,-56.44698086461496
-0.5777,-56.05086170065276
-0.5787000000000001,-54.919092660760725
-0.5797,-55.31521182472294
-0.5807000000000001,-55.6971838756865
-0.5817,-57.097748062552874
-0.5827000000000001,-57.182630740544774
-0.5837,-57.974869068469204
-0.5847000000000001,-58.017310407465146
-0.5857,-57.87583927747865
-0.5867000000000001,-57.53630856551105
-0.5877,-59.31884480334099
-0.5887000000000001,-59.9696120012789
-0.5897,-60.40817250423707
-0.5907000000000001,-60.54964363422357
-0.5917,-61.327734849149344
-0.5927000000000001,-60.32328982624517
-0.5937,-60.761850329203334
-0.5947000000000001,-62.28973853305756
-0.5957,-62.89806439199953
-0.5967000000000001,-62.89806439199953
-0.5977,-62.24729719406162
-0.5987000000000001,-63.06782974798333
-0.5997,-63.20930087796983
-0.6007000000000001,-63.902509414903705
-0.6017,-63.20930087796983
-0.6027000000000001,-63.29418355596174
-0.6037,-66.56216665864997
-0.6047000000000001,-65.7274869917296
-0.6057,-65.60016297474175
-0.6067000000000001,-64.55327661284163
-0.6077,-65.11916113278764
-0.6087000000000001,-66.43484264166212
-0.6097,-66.12360615569182
-0.6107000000000001,-67.82125971552985
-0.6117,-65.68504565273366
-0.6126999999999999,-65.99628213870396
-0.6137,-66.51972531965401
-0.6146999999999999,-67.48172900356225
-0.6157,-67.34025787357575
-0.6166999999999999,-68.30226155748396
-0.6177,-68.91058741642594
-0.6186999999999999,-70.31115160329232
-0.6197,-70.66482942825859
-0.6206999999999999,-69.61794306635846
-0.6217,-68.52861536546239
-0.6226999999999999,-69.22182390239624
-0.6237,-69.6603844053544
-0.6246999999999999,-70.05650356931662
-0.6257,-69.26426524139221
-0.6266999999999999,-70.09894490831257
-0.6277,-70.53750541127073
-0.6286999999999999,-70.66482942825859
-0.6297,-71.48536198218031
-0.6306999999999999,-72.71616081306288
-0.6317,-72.75860215205884
-0.6326999999999999,-72.84348483005074
-0.6337,-73.62157604497652
-0.6346999999999999,-73.62157604497652
-0.6357,-75.14946424883075
-0.6366999999999999,-75.02214023184291
-0.6377,-73.93281253094682
-0.6386999999999999,-72.67371947406694
-0.6397,-71.75415712915466
-0.6406999999999999,-76.86126492166746
-0.6417,-76.67735245268499
-0.6426999999999999,-76.29538040172143
-0.6437,-78.68624249849334
-0.6446999999999999,-78.20524065653922
-0.6457,-79.20968567944341
-0.6466999999999999,-78.16279931754329
-0.6477,-78.47403580351359
-0.6486999999999999,-78.8135665154812
-0.6497,-79.73312886039348
-0.6507,-82.09569673116808
-0.6517000000000001,-81.91178426218562
-0.6527,-81.51566509822342
-0.6537000000000001,-80.65269120530574
-0.6547,-82.746463929106
-0.6557000000000001,-83.0011119630817
-0.6567,-81.99666694017753
-0.6577000000000001,-80.9497805782774
-0.6587,-79.7755701993894
-0.6597000000000001,-83.70846761301424
-0.6607,-83.96311564698992
-0.6617000000000001,-84.09043966397778
-0.6627,-82.78890526810196
-0.6637000000000001,-85.32123849486035
-0.6647,-85.23635581686847
-0.6657000000000001,-84.6563241839238
-0.6667,-84.92511933089816
-0.6677000000000001,-85.01000200889004
-0.6687,-84.61388284492786
-0.6697000000000001,-86.80668535971866
-0.6707,-88.06577841659853
-0.6717000000000001,-88.10821975559449
-0.6727,-87.66965925263632
-0.6737000000000001,-88.23554377258235
-0.6747,-87.93845439961068
-0.6757000000000001,-88.94289942251486
-0.6767,-87.62721791364037
-0.6777000000000001,-86.45300753475239
-0.6787,-88.7589869535324
-0.6797000000000001,-87.89601306061473
-0.6807,-89.46634260346492
-0.6817000000000001,-89.89075599342443
-0.6827,-89.42390126446898
-0.6837000000000001,-89.28243013448247
-0.6847,-90.07466846240689
-0.6857000000000001,-88.7589869535324
-0.6867,-87.33012854066871
-0.6857000000000001,-88.4194562415648
-0.6847,-88.71654561453644
-0.6837000000000001,-86.97645071570246
-0.6827,-87.33012854066871
-0.6817000000000001,-86.22665372677399
-0.6807,-84.92511933089816
-0.6797000000000001,-85.40612117285227
-0.6787,-85.23635581686847
-0.6777000000000001,-84.52900016693594
-0.6767,-88.32042645057423
-0.6757000000000001,-87.37256987966467
-0.6747,-86.18421238777805
-0.6737000000000001,-84.61388284492786
-0.6727,-82.8313466070979
-0.6717000000000001,-85.49100385084417
-0.6707,-85.57588652883607
-0.6697000000000001,-84.57144150593189
-0.6687,-85.13732602587791
-0.6677000000000001,-85.32123849486035
-0.6667,-83.39723112704392
-0.6657000000000001,-81.91178426218562
-0.6647,-80.86489790028548
-0.6637000000000001,-80.9497805782774
-0.6627,-79.7755701993894
-0.6617000000000001,-80.99222191727335
-0.6607,-80.61024986630979
-0.6597000000000001,-78.9550376454677
-0.6587,-79.25212701843935
-0.6577000000000001,-80.12924802435568
-0.6567,-79.60580484340561
-0.6557000000000001,-77.63935613659322
-0.6547,-78.43159446451764
-0.6537000000000001,-78.72868383748929
-0.6527,-77.51203211960537
-0.6517000000000001,-75.46070073480107
-0.6507,-76.5924697746931
-0.6497,-76.15390927173492
-0.6486999999999999,-75.81437855976732
-0.6477,-73.72060583596706
-0.6466999999999999,-74.20160767792116
-0.6457,-75.37581805680915
-0.6446999999999999,-74.89481621485504
-0.6437,-73.8479298529549
-0.6426999999999999,-72.53224834408043
-0.6417,-72.84348483005074
-0.6406999999999999,-73.45181068899271
-0.6397,-72.97080884703858
-0.6386999999999999,-72.10783495412092
-0.6377,-70.96191880123024
-0.6366999999999999,-71.52780332117625
-0.6357,-69.95747377832606
-0.6346999999999999,-70.43847562028017
-0.6337,-69.53306038836655
-0.6326999999999999,-68.44373268747047
-0.6317,-68.25982021848802
-0.6306999999999999,-70.43847562028017
-0.6297,-69.53306038836655
-0.6286999999999999,-67.52417034255821
-0.6277,-68.0900548625042
-0.6266999999999999,-68.44373268747047
-0.6257,-66.9582858226122
-0.6246999999999999,-65.4728389577539
-0.6237,-64.77963042082003
-0.6226999999999999,-65.34551494076604
-0.6217,-63.81762673691181
-0.6206999999999999,-65.0767197937917
-0.6197,-65.20404381077954
-0.6186999999999999,-65.16160247178358
-0.6177,-65.16160247178358
-0.6166999999999999,-64.46839393484973
-0.6157,-64.99183711579978
-0.6146999999999999,-63.3366248949577
-0.6137,-62.68585769701977
-0.6126999999999999,-63.06782974798333
-0.6117,-62.72829903601572
-0.6107000000000001,-62.02094338608321
-0.6097,-60.67696765121143
-0.6087000000000001,-62.41706255004542
-0.6077,-62.20485585506566
-0.6067000000000001,-60.40817250423707
-0.6057,-59.403727481332886
-0.6047000000000001,-59.6300812893113
-0.6037,-59.884729323287
-0.6027000000000001,-59.19152078635314
-0.6017,-57.974869068469204
-0.6007000000000001,-57.8333979384827
-0.5997,-58.79540162239092
-0.5987000000000001,-58.18707576344896
-0.5977,-57.30995475753264
-0.5967000000000001,-56.36209818662306
-0.5957,-56.22062705663656
-0.5947000000000001,-57.097748062552874
-0.5937,-56.65918755959472
-0.5927000000000001,-55.088858016744524
-0.5917,-53.433645795902436
-0.5907000000000001,-54.1268543328363
-0.5897,-54.73518019177827
-0.5887000000000001,-54.65029751378637
-0.5877,-53.872206298860604
-0.5867000000000001,-52.55652478998611
-0.5857,-52.91020261495237
-0.5847000000000001,-52.30187675601041
-0.5837,-53.079967970936174
-0.5827000000000001,-51.25499039411028
-0.5817,-49.557336834272235
-0.5807000000000001,-50.1656626932142
-0.5797,-49.28854168729788
-0.5787000000000001,-49.24610034830193
-0.5777,-48.51045047237211
-0.5767000000000001,-49.81198486824794
-0.5757,-48.97730520132757
-0.5747000000000001,-48.59533315036401
-0.5737,-48.89242252333566
-0.5727000000000001,-48.41142068138156
-0.5717,-49.85442620724389
-0.5707000000000001,-49.20365900930597
-0.5697,-49.03389365332217
-0.5687000000000001,-46.94012092952192
-0.5677,-46.37423640957591
-0.5667000000000001,-46.586443104555656
-0.5657,-46.84109113853137
-0.5647000000000001,-45.93567590661774
-0.5637,-45.70932209863933
-0.5627000000000001,-45.05855490070142
-0.5617,-45.45467406466363
-0.5607000000000001,-44.704877075735155
-0.5597,-44.619994397743255
-0.5587000000000001,-44.138992555789144
-0.5577,-44.223875233781044
-0.5567000000000001,-43.70043205283099
-0.5557,-43.40334267985933
-0.5547000000000001,-42.6111043519349
-0.5537,-42.31401497896325
-0.5527000000000001,-43.36090134086337
-0.5517,-43.27601866287147
-0.5507000000000001,-42.752575481921404
-0.5497,-41.43689397304693
-0.5487000000000001,-40.95589213109281
-0.5477,-41.182245939071215
-0.5467000000000001,-40.4748902891387
-0.5457,-40.135359577171094
-0.5447000000000001,-39.130914554266916
-0.5437,-39.51288660523048
-0.5427000000000001,-38.777236729300654
-0.5417,-39.130914554266916
-0.5407000000000001,-37.85767438438838
-0.5397,-37.90011572338433
-0.5387000000000001,-38.81967806829661
-0.5377,-38.81967806829661
-0.5367000000000001,-37.687909028404576
-0.5357,-36.81078802248826
-0.5347000000000001,-36.329786180534136
-0.5337,-36.89567070048016
-0.5327000000000001,-36.11757948555439
-0.5317,-36.20246216354629
-0.5307000000000001,-34.06624810075008
-0.5297,-33.670128936787876
-0.5287000000000001,-32.97692039985401
-0.5277,-32.58080123589179
-0.5267000000000001,-32.01491671594578
-0.5257,-31.533914873991666
-0.5247,-32.62324257488775
-0.5236999999999999,-33.330598224820264
-0.5227,-32.807155043870196
-0.5216999999999999,-31.930034037953877
-0.5207,-32.283711862920136
-0.5196999999999999,-33.14668575583781
-0.5187,-34.02380676175414
-0.5176999999999999,-33.54280491980002
-0.5167,-32.807155043870196
-0.5156999999999999,-31.618797551983565
-0.5147,-30.8407063370578
-0.5136999999999999,-31.19438416202406
-0.5127,-31.57635621298762
-0.5116999999999999,-30.402145834099635
-0.5107,-29.35525947219951
-0.5096999999999999,-29.39770081119546
-0.5087,-29.96358533114148
-0.5076999999999999,-29.482583489187363
-0.5067,-29.482583489187363
-0.5056999999999999,-28.350814449295335
-0.5047,-28.22349043230748
-0.5036999999999999,-28.265931771303435
-0.5027,-28.13860775431558
-0.5016999999999999,-27.615164573365515
-0.5007,-27.615164573365515
-0.4996999999999999,-27.38881076538711
-0.49870000000000003,-27.091721392415455
-0.4976999999999999,-28.09616641531963
-0.49670000000000003,-26.822926245441096
-0.4956999999999999,-26.29948306449103
-0.49470000000000003,-25.295038041586857
-0.4936999999999999,-24.559388165657033
-0.4927,-24.290593018682678
-0.4916999999999999,-24.9130659906233
-0.4907,-24.432064148669184
-0.4896999999999999,-23.993503645711023
-0.4887,-23.342736447773106
-0.4876999999999999,-22.819293266823045
-0.4867,-23.342736447773106
-0.48570000000000013,-22.72026347583249
-0.4847,-24.120827662698876
-0.48370000000000013,-23.724708498736668
-0.4827,-23.342736447773106
-0.48170000000000013,-22.67782213683654
-0.4807,-22.776851927827092
-0.4797000000000001,-22.46561544185678
-0.4787,-22.295850085872978
-0.4777000000000001,-22.295850085872978
-0.4767,-21.503611757948562
-0.4757000000000001,-20.76796188201874
-0.4747,-21.461170418952605
-0.4737000000000001,-21.107492593986347
-0.4727,-21.022609915994444
-0.4717000000000001,-20.72552054302279
-0.4707,-20.01816489309027
-0.4697000000000001,-20.10304757108217
-0.4687,-19.636192842126707
-0.4677000000000001,-20.01816489309027
-0.4667,-19.49472171214021
-0.4657000000000001,-19.155191000172596
-0.4647,-18.92883719219419
-0.4637000000000001,-18.674189158218486
-0.4627,-18.44783535024008
-0.4617000000000001,-18.631747819222536
-0.4607,-18.15074597726842
-0.4597000000000001,-17.881950830294063
-0.4587,-17.839509491298113
-0.4577000000000001,-17.358507649344002
-0.4567,-16.70774045140608
-0.4557000000000001,-16.53797509542228
-0.4547,-16.877505807389888
-0.4537000000000001,-17.103859615368293
-0.4527,-16.750181790402035
-0.4517000000000001,-16.184297270456018
-0.4507,-16.184297270456018
-0.4497000000000001,-15.618412750510005
-0.4487,-15.137410908555893
-0.4477000000000001,-15.349617603535648
-0.4467,-15.307176264539699
-0.4457000000000001,-15.3920589425316
-0.4447,-15.222293586547794
-0.4437000000000001,-14.57152638860988
-0.4427,-14.090524546655764
-0.4417000000000001,-13.610937416001518
-0.4407,-13.916515056772363
-0.4397000000000001,-13.47936926511407
-0.4387,-13.3930718758223
-0.4377000000000001,-13.349215825526485
-0.4367,-13.261503724934855
-0.4357000000000001,-12.694204493688973
-0.4347,-12.432482903213943
-0.4337000000000001,-12.258473413330542
-0.4327,-11.952895772559694
-0.4317000000000001,-11.604876792792895
-0.43069999999999997,-11.691174182084664
-0.4297000000000001,-11.56102074249708
-0.42869999999999997,-11.081433611842833
-0.4277000000000001,-11.1677310011346
-0.42669999999999997,-11.081433611842833
-0.4257000000000001,-11.343155202317865
-0.42469999999999997,-11.081433611842833
-0.4237000000000001,-10.949865460955383
-0.42269999999999996,-10.557990430892769
-0.4217000000000001,-10.078403300238522
-0.42069999999999996,-9.902979099055257
-0.4197000000000001,-9.728969609171857
-0.41869999999999996,-10.078403300238522
-0.41770000000000007,-10.034547249942705
-0.41669999999999996,-9.641257508580225
-0.41570000000000007,-9.335679867809377
-0.41469999999999996,-8.987660888042578
-0.41370000000000007,-8.85609273715513
-0.41269999999999996,-8.68208324727173
-0.41170000000000007,-8.725939297567548
-0.41069999999999995,-8.55051509638428
-0.40970000000000006,-8.4203616567967
-0.40869999999999995,-8.246352166913299
-0.40770000000000006,-7.984630576438266
-0.40669999999999995,-7.896918475846635
-0.40570000000000006,-7.5474847847799715
-0.40469999999999995,-7.37347529489657
-0.40370000000000006,-7.591340835075788
-0.40269999999999995,-7.5474847847799715
-0.40170000000000006,-7.067897654125724
-0.40069999999999995,-7.28576319430494
-0.39970000000000006,-7.111753704421539
-0.39869999999999994,-8.464217707092514
-0.39770000000000005,-8.202496116617484
-0.39669999999999994,-7.984630576438266
-0.39570000000000005,-7.940774526142452
-0.39469999999999994,-7.7653503249591855
-0.39370000000000005,-7.50504344578402
-0.39269999999999994,-7.243321855308987
-0.39170000000000005,-6.981600264833956
-0.39069999999999994,-7.111753704421539
-0.38970000000000005,-6.893888164242324
-0.38869999999999993,-7.111753704421539
-0.38770000000000004,-6.6760226240631075
-0.38669999999999993,-6.6760226240631075
-0.38570000000000004,-6.893888164242324
-0.38469999999999993,-6.588310523471475
-0.38370000000000004,-6.588310523471475
-0.38269999999999993,-6.458157083883892
-0.38170000000000004,-6.37044498329226
-0.3806999999999999,-6.064867342521412
-0.37970000000000004,-6.108723392817228
-0.3786999999999999,-5.847001802342197
-0.37770000000000004,-5.759289701750564
-0.3766999999999999,-5.5414241615713475
-0.37570000000000003,-5.629136262162981
-0.3746999999999999,-5.497568111275533
-0.37370000000000003,-5.235846520800501
-0.3726999999999999,-5.5414241615713475
-0.37170000000000003,-5.323558621392133
-0.3706999999999999,-5.105693081212917
-0.36970000000000003,-5.0618370309171015
-0.3686999999999999,-4.974124930325469
-0.3677,-4.887827541033701
-0.3666999999999999,-4.800115440442069
-0.3657,-4.756259390146253
-0.3646999999999999,-4.756259390146253
-0.3637,-4.712403339850438
-0.3626999999999999,-4.538393849967037
-0.3617,-4.450681749375406
-0.36070000000000013,-4.276672259492005
-0.3597,-4.23281620919619
-0.35870000000000013,-4.146518819904423
-0.3577,-3.927238568425342
-0.35670000000000013,-3.884797229429391
-0.3557,-3.7532290785419424
-0.3547000000000001,-3.971094618721158
-0.3537,-3.6655169779503103
-0.3527000000000001,-3.884797229429391
-0.3517,-3.6655169779503103
-0.3507000000000001,-3.623075638954359
-0.3497,-3.579219588658543
-0.3487000000000001,-3.5353635383627267
-0.3477,-3.273641947887695
-0.3467000000000001,-3.317497998183511
-0.3457,-3.317497998183511
-0.3447000000000001,-3.1859298472960624
-0.3437,-3.055776407708479
-0.3427000000000001,-2.924208256821031
-0.3417,-2.794054817233447
-0.3407000000000001,-2.7501987669376318
-0.3397,-2.794054817233447
-0.3387000000000001,-2.794054817233447
-0.3377,-2.706342716641815
-0.3367000000000001,-2.706342716641815
-0.3357,-2.662486666345999
-0.3347000000000001,-2.576189277054232
-0.3337,-2.532333226758415
-0.3327000000000001,-2.4884771764625997
-0.3317,-2.4007650758709675
-0.3307000000000001,-2.3144676865791998
-0.3297,-2.2706116362833835
-0.3287000000000001,-2.1828995356917518
-0.3277,-2.095187435100119
-0.3267000000000001,-1.9650339955125358
-0.3257,-1.8773218949209036
-0.3247000000000001,-1.92117794521672
-0.3237,-1.92117794521672
-0.3227000000000001,-1.8773218949209036
-0.3217,-1.8773218949209036
-0.3207000000000001,-1.8334658446250875
-0.3197,-1.8334658446250875
-0.3187000000000001,-1.7471684553333202
-0.3177,-1.7033124050375041
-0.3167000000000001,-1.6156003044458718
-0.3157,-1.5717442541500557
-0.3147000000000001,-1.6156003044458718
-0.3137,-1.5717442541500557
-0.3127000000000001,-1.5293029151541047
-0.3117,-1.4415908145624723
-0.3107000000000001,-1.3980177065266295
-0.3097,-1.3543031273607997
-0.3087000000000001,-1.2671569112891135
-0.3077,-1.2234423321232837
-0.3067000000000001,-1.1362961160515976
-0.30569999999999997,-1.0925815368857679
-0.3047000000000001,-1.1362961160515976
-0.30369999999999997,-1.1798692240874404
-0.3027000000000001,-1.1362961160515976
-0.30169999999999997,-1.0490084288499246
-0.3007000000000001,-1.0054353208140816
-0.29969999999999997,-1.0054353208140816
-0.2987000000000001,-0.9617207416482519
-0.29769999999999996,-0.9181476336124089
-0.2967000000000001,-0.8308599464107361
-0.29569999999999996,-0.7872868383748929
-0.2947000000000001,-0.7872868383748929
-0.29369999999999996,-0.7872868383748929
-0.29270000000000007,-0.7872868383748929
-0.29169999999999996,-0.7437137303390498
-0.29070000000000007,-0.7001406223032067
-0.28969999999999996,-0.7001406223032067
-0.28870000000000007,-0.6564260431373771
-0.28769999999999996,-0.6128529351015338
-0.28670000000000007,-0.5692798270656908
-0.28569999999999995,-0.5692798270656908
-0.28470000000000006,-0.5692798270656908
-0.28369999999999995,-0.5255652478998613
-0.28270000000000006,-0.48199213986401795
-0.28169999999999995,-0.4384190318281749
-0.28070000000000006,-0.3947044526623452
-0.27969999999999995,-0.4384190318281749
-0.27870000000000006,-0.3947044526623452
-0.27769999999999995,-0.3511313446265021
-0.27670000000000006,-0.30755823659065895
-0.27569999999999995,-0.30755823659065895
-0.27470000000000006,-0.30755823659065895
-0.27369999999999994,-0.30755823659065895
-0.27270000000000005,-0.26384365742482935
-0.27169999999999994,-0.2202705493889862
-0.27070000000000005,-0.2202705493889862
-0.26969999999999994,-0.2202705493889862
-0.26870000000000005,-0.1766974413531431
-0.26769999999999994,-0.1330535977523067
-0.26670000000000005,-0.1330535977523067
-0.26569999999999994,-0.08943804837746762
-0.26470000000000005,-0.08943804837746762
-0.26369999999999993,-0.1330535977523067
-0.26270000000000004,-0.08943804837746762
-0.26169999999999993,-0.04582249900262853
-0.26070000000000004,-0.002205534916489592
-0.25969999999999993,-0.04582249900262853
-0.25870000000000004,-0.04582249900262853
-0.25769999999999993,-0.002205534916489592
-0.25670000000000004,0.04140859974704963
-0.2556999999999999,0.04140859974704963
-0.25470000000000004,0.04140859974704963
-0.2536999999999999,0.04140859974704963
-0.25270000000000004,0.08502414912188871
-0.2516999999999999,0.12863969849672777
-0.25070000000000003,0.12863969849672777
-0.24969999999999992,0.12863969849672777
-0.24870000000000003,0.12863969849672777
-0.24769999999999992,0.12863969849672777
-0.24670000000000003,0.17231183632356148
-0.24569999999999992,0.17231183632356148
-0.24470000000000003,0.17231183632356148
-0.24369999999999992,0.17231183632356148
-0.24270000000000003,0.21588494435940458
-0.24169999999999991,0.21588494435940458
-0.24070000000000003,0.21588494435940458
-0.2396999999999999,0.21588494435940458
-0.23870000000000002,0.21588494435940458
-0.2376999999999999,0.2594580523952477
-0.23670000000000002,0.2594580523952477
-0.23570000000000013,0.3031726315610774
-0.23470000000000002,0.2594580523952477
-0.23370000000000013,0.2594580523952477
-0.23270000000000002,0.3031726315610774
-0.23170000000000013,0.3031726315610774
-0.23070000000000002,0.3031726315610774
-0.22970000000000013,0.3031726315610774
-0.22870000000000001,0.3031726315610774
-0.22770000000000012,0.3467457395969205
-0.2267,0.3467457395969205
-0.22570000000000012,0.3467457395969205
-0.2247,0.3467457395969205
-0.22370000000000012,0.3031726315610774
-0.2227,0.3031726315610774
-0.22170000000000012,0.3467457395969205
-0.2207,0.3467457395969205
-0.21970000000000012,0.3031726315610774
-0.2187,0.3031726315610774
-0.21770000000000012,0.3903188476327636
-0.2167,0.43403342679859325
-0.2157000000000001,0.4776065348344364
-0.2147,0.4776065348344364
-0.2137000000000001,0.43403342679859325
-0.2127,0.43403342679859325
-0.2117000000000001,0.4776065348344364
-0.2107,0.4776065348344364
-0.2097000000000001,0.4776065348344364
-0.2087,0.43403342679859325
-0.2077000000000001,0.43403342679859325
-0.2067,0.4776065348344364
-0.2057000000000001,0.43403342679859325
-0.2047,0.3903188476327636
-0.2037000000000001,0.43403342679859325
-0.2027,0.43403342679859325
-0.2017000000000001,0.4776065348344364
-0.2007,0.5647527509061226
-0.1997000000000001,0.5211796428702795
-0.1987,0.5211796428702795
-0.1977000000000001,0.5211796428702795
-0.19669999999999999,0.5647527509061226
-0.1957000000000001,0.5211796428702795
-0.19469999999999998,0.5211796428702795
-0.1937000000000001,0.4776065348344364
-0.19269999999999998,0.4776065348344364
-0.1917000000000001,0.4776065348344364
-0.1907000000000001,0.4776065348344364
-0.1897000000000002,0.43403342679859325
-0.1887000000000001,0.43403342679859325
-0.1877000000000002,0.43403342679859325
-0.1867000000000001,0.4776065348344364
-0.1857000000000002,0.4776065348344364
-0.1847000000000001,0.43403342679859325
-0.1837000000000002,0.43403342679859325
-0.18270000000000008,0.5211796428702795
-0.1817000000000002,0.6084673300719523
-0.18070000000000008,0.6520404381077953
-0.1797000000000002,0.6520404381077953
-0.17870000000000008,0.6084673300719523
-0.1777000000000002,0.5647527509061226
-0.17670000000000008,0.6084673300719523
-0.1757000000000002,0.9137620285828272
-0.17470000000000008,0.870188920546984
-0.1737000000000002,0.8264743413811545
-0.17270000000000008,0.8264743413811545
-0.17170000000000019,0.7829012333453113
-0.17070000000000007,0.7393281253094681
-0.16970000000000018,0.6956135461436386
-0.16870000000000007,0.6520404381077953
-0.16770000000000018,0.6520404381077953
-0.16670000000000007,0.6956135461436386
-0.16570000000000018,0.6520404381077953
-0.16470000000000007,0.6084673300719523
-0.16370000000000018,0.6084673300719523
-0.16270000000000007,0.6520404381077953
-0.16170000000000018,0.6520404381077953
-0.16070000000000007,0.6520404381077953
-0.15970000000000018,0.6520404381077953
-0.15870000000000006,0.6520404381077953
-0.15770000000000017,0.6520404381077953
-0.15670000000000006,0.6956135461436386
-0.15570000000000017,0.6956135461436386
-0.15470000000000006,0.6520404381077953
-0.15370000000000017,0.6520404381077953
-0.15270000000000006,0.6520404381077953
-0.15170000000000017,0.6520404381077953
-0.15070000000000006,0.6520404381077953
-0.14970000000000017,0.6520404381077953
-0.14870000000000005,0.6084673300719523
-0.14770000000000016,0.6520404381077953
-0.14670000000000005,0.6520404381077953
-0.14570000000000016,0.6520404381077953
-0.14470000000000005,0.6520404381077953
-0.14370000000000016,0.6520404381077953
-0.14270000000000005,0.6956135461436386
-0.14170000000000016,0.6956135461436386
-0.14070000000000005,0.7393281253094681
-0.13970000000000016,0.6956135461436386
-0.13870000000000005,0.6520404381077953
-0.13770000000000016,0.6956135461436386
-0.13670000000000004,0.7393281253094681
-0.13570000000000015,0.6956135461436386
-0.13470000000000004,0.6520404381077953
-0.13370000000000015,0.6520404381077953
-0.13270000000000004,0.6956135461436386
-0.13170000000000015,0.6956135461436386
-0.13070000000000004,0.6956135461436386
-0.12970000000000015,0.6520404381077953
-0.12870000000000004,0.6520404381077953
-0.12770000000000015,0.6520404381077953
-0.12670000000000003,0.7393281253094681
-0.12570000000000014,0.7393281253094681
-0.12470000000000003,0.6956135461436386
-0.12370000000000014,0.6956135461436386
-0.12270000000000003,0.6956135461436386
-0.12170000000000014,0.6956135461436386
-0.12070000000000003,0.6956135461436386
-0.11970000000000014,0.6956135461436386
-0.11870000000000003,0.6956135461436386
-0.11770000000000014,0.6956135461436386
-0.11670000000000003,0.7393281253094681
-0.11570000000000014,0.7393281253094681
-0.11470000000000002,0.6956135461436386
-0.11370000000000013,0.6956135461436386
-0.11270000000000002,0.6956135461436386
-0.11170000000000013,0.6956135461436386
-0.11070000000000024,0.7393281253094681
-0.10970000000000013,0.6956135461436386
-0.10870000000000024,0.6956135461436386
-0.10770000000000013,0.7393281253094681
-0.10670000000000024,0.7393281253094681
-0.10570000000000013,0.7393281253094681
-0.10470000000000024,0.6956135461436386
-0.10370000000000013,0.6956135461436386
-0.10270000000000024,0.6956135461436386
-0.10170000000000012,0.7393281253094681
-0.10070000000000023,0.7393281253094681
-0.09970000000000012,0.7393281253094681
-0.09870000000000023,0.6956135461436386
-0.09770000000000012,0.7393281253094681
-0.09670000000000023,0.7393281253094681
-0.09570000000000012,0.7393281253094681
-0.09470000000000023,0.6956135461436386
-0.09370000000000012,0.6956135461436386
-0.09270000000000023,0.7393281253094681
-0.09170000000000011,0.7829012333453113
-0.09070000000000022,0.7393281253094681
-0.08970000000000011,0.7393281253094681
-0.08870000000000022,0.6956135461436386
-0.08770000000000011,0.7393281253094681
-0.08670000000000022,0.7829012333453113
-0.08570000000000011,0.8264743413811545
-0.08470000000000022,0.8264743413811545
-0.08370000000000011,0.7829012333453113
-0.08270000000000022,0.8264743413811545
-0.0817000000000001,0.8264743413811545
-0.08070000000000022,0.8264743413811545
-0.0797000000000001,0.7829012333453113
-0.07870000000000021,0.7393281253094681
-0.0777000000000001,0.7393281253094681
-0.07670000000000021,0.7829012333453113
-0.0757000000000001,0.7829012333453113
-0.07470000000000021,0.7393281253094681
-0.0737000000000001,0.7393281253094681
-0.07270000000000021,0.7393281253094681
-0.0717000000000001,0.7829012333453113
-0.07070000000000021,0.7829012333453113
-0.0697000000000001,0.7393281253094681
-0.0687000000000002,0.7393281253094681
-0.0677000000000001,0.7393281253094681
-0.0667000000000002,0.7829012333453113
-0.06570000000000009,0.7829012333453113
-0.0647000000000002,0.7393281253094681
-0.06370000000000009,0.7393281253094681
-0.0627000000000002,0.7829012333453113
-0.06170000000000009,0.7829012333453113
-0.0607000000000002,0.7829012333453113
-0.059700000000000086,0.7393281253094681
-0.058700000000000196,0.7393281253094681
-0.057700000000000085,0.7829012333453113
-0.056700000000000195,0.7829012333453113
-0.05570000000000008,0.7829012333453113
-0.05470000000000019,0.7829012333453113
-0.05370000000000008,0.7393281253094681
-0.05270000000000019,0.7829012333453113
-0.05170000000000008,0.7829012333453113
-0.05070000000000019,0.7829012333453113
-0.04970000000000008,0.7829012333453113
-0.04870000000000019,0.7393281253094681
-0.047700000000000076,0.7393281253094681
-0.046700000000000186,0.7829012333453113
-0.045700000000000074,0.8264743413811545
-0.044700000000000184,0.7829012333453113
-0.04370000000000007,0.7393281253094681
-0.04270000000000018,0.7829012333453113
-0.04170000000000007,0.7829012333453113
-0.04070000000000018,0.8264743413811545
-0.03970000000000007,0.7829012333453113
-0.03870000000000018,0.7829012333453113
-0.03770000000000007,0.7829012333453113
-0.03670000000000018,0.8264743413811545
-0.035700000000000065,0.8264743413811545
-0.034700000000000175,0.7829012333453113
-0.03370000000000006,0.7829012333453113
-0.03270000000000017,0.7829012333453113
-0.03170000000000006,0.8264743413811545
-0.03070000000000017,0.8264743413811545
-0.02970000000000006,0.7829012333453113
-0.02870000000000017,0.7829012333453113
-0.027700000000000058,0.7829012333453113
-0.026700000000000168,0.8264743413811545
-0.025700000000000056,0.8264743413811545
-0.024700000000000166,0.7829012333453113
-0.023700000000000054,0.7829012333453113
-0.022700000000000164,0.7829012333453113
-0.021700000000000053,0.8264743413811545
-0.020700000000000163,0.8264743413811545
-0.01970000000000005,0.7829012333453113
-0.01870000000000016,0.7829012333453113
-0.01770000000000005,0.7829012333453113
-0.01670000000000016,0.8264743413811545
-0.015700000000000047,0.8264743413811545
-0.014700000000000157,0.7829012333453113
-0.013700000000000045,0.7829012333453113
-0.012700000000000156,0.8264743413811545
-0.011700000000000044,0.870188920546984
-0.010700000000000154,0.870188920546984
-0.009700000000000042,0.8264743413811545
-0.008700000000000152,0.7829012333453113
-0.00770000000000004,0.7829012333453113
-0.00670000000000015,0.8264743413811545
-0.005700000000000038,0.8264743413811545
-0.0047000000000001485,0.7829012333453113
-0.0037000000000000366,0.8264743413811545
-0.0027000000000001467,0.8264743413811545
-0.0017000000000000348,0.870188920546984
-0.000700000000000145,0.870188920546984
0.00029999999999996696,0.8264743413811545
0.0012999999999998568,0.7829012333453113
0.0022999999999999687,0.8264743413811545
0.0032999999999998586,0.870188920546984
0.0042999999999999705,0.870188920546984
0.00529999999999986,0.8264743413811545
0.006299999999999972,0.8264743413811545
0.007299999999999862,0.8264743413811545
0.008299999999999974,0.870188920546984
0.009299999999999864,0.870188920546984
0.010299999999999976,0.8264743413811545
0.011299999999999866,0.8264743413811545
0.012299999999999978,0.8264743413811545
