Mar. 9, 2025   19:47:54
Cyclic Voltammetry
File: c:/users/guazh/data/banditlqround7_x0exp891_r5/2025-03-03-exp859\exp859-2025-03-09t19_41_34-arkoh\exp859_cv_sr_200mvs_efin_-1400mv.bin
Data Source:  Experiment
Instrument Model:  CHI760E
Header: CV ran at 200 mVs
Note: 

Init E (V) = -1
High E (V) = -1
Low E (V) = -1.4
Final E (V) = -1
Init P/N = N
Scan Rate (V/s) = 0.2
Segment = 3
Sample Interval (V) = 0.001
Quiet Time (sec) = 2
Sensitivity (A/V) = 0.01
Comp R (ohm) = 1.4

Results:

Channel 1:
Segment 1:

Segment 2:

Segment 3:

Potential/V, Current/A

-1.000, 4.229e-5
-1.001, 8.453e-5
-1.002, 9.283e-5
-1.003, 9.174e-5
-1.004, 9.538e-5
-1.005, 9.728e-5
-1.006, 9.500e-5
-1.007, 9.566e-5
-1.008, 9.864e-5
-1.009, 9.672e-5
-1.010, 9.556e-5
-1.011, 9.875e-5
-1.012, 9.884e-5
-1.013, 9.581e-5
-1.014, 9.853e-5
-1.015, 1.002e-4
-1.016, 9.667e-5
-1.017, 9.745e-5
-1.018, 1.008e-4
-1.019, 9.798e-5
-1.020, 9.759e-5
-1.021, 9.993e-5
-1.022, 9.982e-5
-1.023, 9.766e-5
-1.024, 9.977e-5
-1.025, 1.013e-4
-1.026, 9.837e-5
-1.027, 9.800e-5
-1.028, 1.014e-4
-1.029, 9.899e-5
-1.030, 9.801e-5
-1.031, 1.010e-4
-1.032, 1.002e-4
-1.033, 9.801e-5
-1.034, 1.006e-4
-1.035, 1.012e-4
-1.036, 9.826e-5
-1.037, 9.877e-5
-1.038, 1.022e-4
-1.039, 1.001e-4
-1.040, 9.803e-5
-1.041, 1.015e-4
-1.042, 1.012e-4
-1.043, 9.804e-5
-1.044, 1.009e-4
-1.045, 1.021e-4
-1.046, 9.891e-5
-1.047, 9.960e-5
-1.048, 1.022e-4
-1.049, 1.002e-4
-1.050, 9.900e-5
-1.051, 1.020e-4
-1.052, 1.021e-4
-1.053, 9.865e-5
-1.054, 1.008e-4
-1.055, 1.028e-4
-1.056, 9.920e-5
-1.057, 9.985e-5
-1.058, 1.031e-4
-1.059, 1.002e-4
-1.060, 9.982e-5
-1.061, 1.024e-4
-1.062, 1.019e-4
-1.063, 9.908e-5
-1.064, 1.016e-4
-1.065, 1.034e-4
-1.066, 1.001e-4
-1.067, 1.006e-4
-1.068, 1.036e-4
-1.069, 1.012e-4
-1.070, 9.981e-5
-1.071, 1.033e-4
-1.072, 1.023e-4
-1.073, 9.970e-5
-1.074, 1.021e-4
-1.075, 1.045e-4
-1.076, 1.013e-4
-1.077, 1.011e-4
-1.078, 1.042e-4
-1.079, 1.019e-4
-1.080, 1.002e-4
-1.081, 1.034e-4
-1.082, 1.034e-4
-1.083, 1.006e-4
-1.084, 1.032e-4
-1.085, 1.040e-4
-1.086, 1.010e-4
-1.087, 1.023e-4
-1.088, 1.044e-4
-1.089, 1.026e-4
-1.090, 1.017e-4
-1.091, 1.041e-4
-1.092, 1.041e-4
-1.093, 1.013e-4
-1.094, 1.033e-4
-1.095, 1.052e-4
-1.096, 1.015e-4
-1.097, 1.027e-4
-1.098, 1.057e-4
-1.099, 1.033e-4
-1.100, 1.025e-4
-1.101, 1.056e-4
-1.102, 1.049e-4
-1.103, 1.025e-4
-1.104, 1.047e-4
-1.105, 1.058e-4
-1.106, 1.034e-4
-1.107, 1.036e-4
-1.108, 1.069e-4
-1.109, 1.043e-4
-1.110, 1.028e-4
-1.111, 1.066e-4
-1.112, 1.059e-4
-1.113, 1.035e-4
-1.114, 1.057e-4
-1.115, 1.071e-4
-1.116, 1.046e-4
-1.117, 1.045e-4
-1.118, 1.081e-4
-1.119, 1.058e-4
-1.120, 1.044e-4
-1.121, 1.079e-4
-1.122, 1.069e-4
-1.123, 1.047e-4
-1.124, 1.075e-4
-1.125, 1.084e-4
-1.126, 1.061e-4
-1.127, 1.065e-4
-1.128, 1.094e-4
-1.129, 1.072e-4
-1.130, 1.064e-4
-1.131, 1.090e-4
-1.132, 1.094e-4
-1.133, 1.066e-4
-1.134, 1.091e-4
-1.135, 1.107e-4
-1.136, 1.075e-4
-1.137, 1.086e-4
-1.138, 1.117e-4
-1.139, 1.094e-4
-1.140, 1.091e-4
-1.141, 1.117e-4
-1.142, 1.112e-4
-1.143, 1.095e-4
-1.144, 1.118e-4
-1.145, 1.128e-4
-1.146, 1.106e-4
-1.147, 1.115e-4
-1.148, 1.147e-4
-1.149, 1.121e-4
-1.150, 1.113e-4
-1.151, 1.155e-4
-1.152, 1.146e-4
-1.153, 1.126e-4
-1.154, 1.153e-4
-1.155, 1.167e-4
-1.156, 1.145e-4
-1.157, 1.155e-4
-1.158, 1.185e-4
-1.159, 1.167e-4
-1.160, 1.159e-4
-1.161, 1.195e-4
-1.162, 1.195e-4
-1.163, 1.167e-4
-1.164, 1.206e-4
-1.165, 1.220e-4
-1.166, 1.193e-4
-1.167, 1.212e-4
-1.168, 1.239e-4
-1.169, 1.223e-4
-1.170, 1.223e-4
-1.171, 1.254e-4
-1.172, 1.257e-4
-1.173, 1.237e-4
-1.174, 1.270e-4
-1.175, 1.295e-4
-1.176, 1.271e-4
-1.177, 1.287e-4
-1.178, 1.325e-4
-1.179, 1.305e-4
-1.180, 1.306e-4
-1.181, 1.337e-4
-1.182, 1.348e-4
-1.183, 1.333e-4
-1.184, 1.365e-4
-1.185, 1.387e-4
-1.186, 1.371e-4
-1.187, 1.386e-4
-1.188, 1.426e-4
-1.189, 1.411e-4
-1.190, 1.417e-4
-1.191, 1.463e-4
-1.192, 1.464e-4
-1.193, 1.457e-4
-1.194, 1.494e-4
-1.195, 1.515e-4
-1.196, 1.510e-4
-1.197, 1.527e-4
-1.198, 1.573e-4
-1.199, 1.567e-4
-1.200, 1.571e-4
-1.201, 1.620e-4
-1.202, 1.632e-4
-1.203, 1.621e-4
-1.204, 1.670e-4
-1.205, 1.699e-4
-1.206, 1.689e-4
-1.207, 1.719e-4
-1.208, 1.762e-4
-1.209, 1.762e-4
-1.210, 1.776e-4
-1.211, 1.827e-4
-1.212, 1.852e-4
-1.213, 1.844e-4
-1.214, 1.891e-4
-1.215, 1.936e-4
-1.216, 1.932e-4
-1.217, 1.965e-4
-1.218, 2.026e-4
-1.219, 2.027e-4
-1.220, 2.047e-4
-1.221, 2.105e-4
-1.222, 2.132e-4
-1.223, 2.142e-4
-1.224, 2.190e-4
-1.225, 2.243e-4
-1.226, 2.251e-4
-1.227, 2.287e-4
-1.228, 2.359e-4
-1.229, 2.383e-4
-1.230, 2.399e-4
-1.231, 2.471e-4
-1.232, 2.502e-4
-1.233, 2.518e-4
-1.234, 2.590e-4
-1.235, 2.642e-4
-1.236, 2.664e-4
-1.237, 2.712e-4
-1.238, 2.790e-4
-1.239, 2.818e-4
-1.240, 2.855e-4
-1.241, 2.939e-4
-1.242, 2.989e-4
-1.243, 3.015e-4
-1.244, 3.103e-4
-1.245, 3.166e-4
-1.246, 3.197e-4
-1.247, 3.267e-4
-1.248, 3.355e-4
-1.249, 3.398e-4
-1.250, 3.453e-4
-1.251, 3.554e-4
-1.252, 3.620e-4
-1.253, 3.663e-4
-1.254, 3.763e-4
-1.255, 3.852e-4
-1.256, 3.897e-4
-1.257, 3.983e-4
-1.258, 4.092e-4
-1.259, 4.150e-4
-1.260, 4.231e-4
-1.261, 4.345e-4
-1.262, 4.426e-4
-1.263, 4.496e-4
-1.264, 4.618e-4
-1.265, 4.731e-4
-1.266, 4.801e-4
-1.267, 4.913e-4
-1.268, 5.047e-4
-1.269, 5.130e-4
-1.270, 5.233e-4
-1.271, 5.383e-4
-1.272, 5.490e-4
-1.273, 5.590e-4
-1.274, 5.740e-4
-1.275, 5.875e-4
-1.276, 5.987e-4
-1.277, 6.117e-4
-1.278, 6.282e-4
-1.279, 6.404e-4
-1.280, 6.545e-4
-1.281, 6.717e-4
-1.282, 6.870e-4
-1.283, 6.993e-4
-1.284, 7.182e-4
-1.285, 7.352e-4
-1.286, 7.496e-4
-1.287, 7.677e-4
-1.288, 7.876e-4
-1.289, 8.037e-4
-1.290, 8.211e-4
-1.291, 8.428e-4
-1.292, 8.619e-4
-1.293, 8.789e-4
-1.294, 9.015e-4
-1.295, 9.236e-4
-1.296, 9.413e-4
-1.297, 9.633e-4
-1.298, 9.881e-4
-1.299, 1.008e-3
-1.300, 1.029e-3
-1.301, 1.054e-3
-1.302, 1.079e-3
-1.303, 1.100e-3
-1.304, 1.126e-3
-1.305, 1.153e-3
-1.306, 1.176e-3
-1.307, 1.201e-3
-1.308, 1.229e-3
-1.309, 1.253e-3
-1.310, 1.279e-3
-1.311, 1.310e-3
-1.312, 1.337e-3
-1.313, 1.364e-3
-1.314, 1.394e-3
-1.315, 1.425e-3
-1.316, 1.452e-3
-1.317, 1.483e-3
-1.318, 1.517e-3
-1.319, 1.546e-3
-1.320, 1.576e-3
-1.321, 1.611e-3
-1.322, 1.643e-3
-1.323, 1.673e-3
-1.324, 1.709e-3
-1.325, 1.744e-3
-1.326, 1.776e-3
-1.327, 1.811e-3
-1.328, 1.848e-3
-1.329, 1.882e-3
-1.330, 1.917e-3
-1.331, 1.955e-3
-1.332, 1.992e-3
-1.333, 2.026e-3
-1.334, 2.066e-3
-1.335, 2.106e-3
-1.336, 2.142e-3
-1.337, 2.181e-3
-1.338, 2.222e-3
-1.339, 2.260e-3
-1.340, 2.299e-3
-1.341, 2.342e-3
-1.342, 2.383e-3
-1.343, 2.423e-3
-1.344, 2.467e-3
-1.345, 2.511e-3
-1.346, 2.551e-3
-1.347, 2.594e-3
-1.348, 2.640e-3
-1.349, 2.681e-3
-1.350, 2.725e-3
-1.351, 2.772e-3
-1.352, 2.815e-3
-1.353, 2.858e-3
-1.354, 2.907e-3
-1.355, 2.955e-3
-1.356, 2.999e-3
-1.357, 3.046e-3
-1.358, 3.096e-3
-1.359, 3.142e-3
-1.360, 3.189e-3
-1.361, 3.241e-3
-1.362, 3.290e-3
-1.363, 3.338e-3
-1.364, 3.390e-3
-1.365, 3.442e-3
-1.366, 3.490e-3
-1.367, 3.541e-3
-1.368, 3.596e-3
-1.369, 3.647e-3
-1.370, 3.698e-3
-1.371, 3.754e-3
-1.372, 3.807e-3
-1.373, 3.857e-3
-1.374, 3.913e-3
-1.375, 3.969e-3
-1.376, 4.022e-3
-1.377, 4.078e-3
-1.378, 4.137e-3
-1.379, 4.191e-3
-1.380, 4.247e-3
-1.381, 4.306e-3
-1.382, 4.363e-3
-1.383, 4.417e-3
-1.384, 4.477e-3
-1.385, 4.538e-3
-1.386, 4.595e-3
-1.387, 4.654e-3
-1.388, 4.718e-3
-1.389, 4.777e-3
-1.390, 4.836e-3
-1.391, 4.900e-3
-1.392, 4.961e-3
-1.393, 5.019e-3
-1.394, 5.083e-3
-1.395, 5.148e-3
-1.396, 5.211e-3
-1.397, 5.274e-3
-1.398, 5.341e-3
-1.399, 5.404e-3
-1.400, 5.366e-3
-1.399, 5.276e-3
-1.398, 5.206e-3
-1.397, 5.136e-3
-1.396, 5.072e-3
-1.395, 5.007e-3
-1.394, 4.940e-3
-1.393, 4.873e-3
-1.392, 4.813e-3
-1.391, 4.746e-3
-1.390, 4.680e-3
-1.389, 4.621e-3
-1.388, 4.559e-3
-1.387, 4.494e-3
-1.386, 4.435e-3
-1.385, 4.375e-3
-1.384, 4.313e-3
-1.383, 4.251e-3
-1.382, 4.195e-3
-1.381, 4.136e-3
-1.380, 4.076e-3
-1.379, 4.022e-3
-1.378, 3.963e-3
-1.377, 3.903e-3
-1.376, 3.849e-3
-1.375, 3.795e-3
-1.374, 3.738e-3
-1.373, 3.683e-3
-1.372, 3.632e-3
-1.371, 3.577e-3
-1.370, 3.523e-3
-1.369, 3.471e-3
-1.368, 3.420e-3
-1.367, 3.366e-3
-1.366, 3.317e-3
-1.365, 3.268e-3
-1.364, 3.215e-3
-1.363, 3.165e-3
-1.362, 3.119e-3
-1.361, 3.068e-3
-1.360, 3.019e-3
-1.359, 2.974e-3
-1.358, 2.927e-3
-1.357, 2.877e-3
-1.356, 2.833e-3
-1.355, 2.789e-3
-1.354, 2.743e-3
-1.353, 2.698e-3
-1.352, 2.658e-3
-1.351, 2.612e-3
-1.350, 2.568e-3
-1.349, 2.528e-3
-1.348, 2.485e-3
-1.347, 2.441e-3
-1.346, 2.402e-3
-1.345, 2.362e-3
-1.344, 2.319e-3
-1.343, 2.279e-3
-1.342, 2.243e-3
-1.341, 2.202e-3
-1.340, 2.163e-3
-1.339, 2.127e-3
-1.338, 2.090e-3
-1.337, 2.049e-3
-1.336, 2.016e-3
-1.335, 1.981e-3
-1.334, 1.941e-3
-1.333, 1.907e-3
-1.332, 1.875e-3
-1.331, 1.839e-3
-1.330, 1.803e-3
-1.329, 1.773e-3
-1.328, 1.740e-3
-1.327, 1.704e-3
-1.326, 1.673e-3
-1.325, 1.643e-3
-1.324, 1.608e-3
-1.323, 1.577e-3
-1.322, 1.550e-3
-1.321, 1.517e-3
-1.320, 1.486e-3
-1.319, 1.459e-3
-1.318, 1.430e-3
-1.317, 1.399e-3
-1.316, 1.373e-3
-1.315, 1.345e-3
-1.314, 1.316e-3
-1.313, 1.289e-3
-1.312, 1.266e-3
-1.311, 1.237e-3
-1.310, 1.210e-3
-1.309, 1.189e-3
-1.308, 1.162e-3
-1.307, 1.135e-3
-1.306, 1.113e-3
-1.305, 1.089e-3
-1.304, 1.063e-3
-1.303, 1.040e-3
-1.302, 1.020e-3
-1.301, 9.957e-4
-1.300, 9.714e-4
-1.299, 9.528e-4
-1.298, 9.302e-4
-1.297, 9.053e-4
-1.296, 8.878e-4
-1.295, 8.681e-4
-1.294, 8.446e-4
-1.293, 8.254e-4
-1.292, 8.080e-4
-1.291, 7.861e-4
-1.290, 7.659e-4
-1.289, 7.494e-4
-1.288, 7.309e-4
-1.287, 7.102e-4
-1.286, 6.943e-4
-1.285, 6.786e-4
-1.284, 6.580e-4
-1.283, 6.416e-4
-1.282, 6.280e-4
-1.281, 6.084e-4
-1.280, 5.915e-4
-1.279, 5.794e-4
-1.278, 5.627e-4
-1.277, 5.456e-4
-1.276, 5.328e-4
-1.275, 5.184e-4
-1.274, 5.017e-4
-1.273, 4.879e-4
-1.272, 4.773e-4
-1.271, 4.609e-4
-1.270, 4.463e-4
-1.269, 4.366e-4
-1.268, 4.226e-4
-1.267, 4.079e-4
-1.266, 3.982e-4
-1.265, 3.867e-4
-1.264, 3.726e-4
-1.263, 3.613e-4
-1.262, 3.524e-4
-1.261, 3.389e-4
-1.260, 3.270e-4
-1.259, 3.189e-4
-1.258, 3.079e-4
-1.257, 2.947e-4
-1.256, 2.876e-4
-1.255, 2.778e-4
-1.254, 2.658e-4
-1.253, 2.573e-4
-1.252, 2.507e-4
-1.251, 2.389e-4
-1.250, 2.291e-4
-1.249, 2.231e-4
-1.248, 2.145e-4
-1.247, 2.037e-4
-1.246, 1.977e-4
-1.245, 1.914e-4
-1.244, 1.802e-4
-1.243, 1.731e-4
-1.242, 1.688e-4
-1.241, 1.588e-4
-1.240, 1.512e-4
-1.239, 1.471e-4
-1.238, 1.389e-4
-1.237, 1.304e-4
-1.236, 1.263e-4
-1.235, 1.208e-4
-1.234, 1.120e-4
-1.233, 1.063e-4
-1.232, 1.035e-4
-1.231, 9.509e-5
-1.230, 8.886e-5
-1.229, 8.452e-5
-1.228, 7.924e-5
-1.227, 7.221e-5
-1.226, 6.939e-5
-1.225, 6.535e-5
-1.224, 5.804e-5
-1.223, 5.416e-5
-1.222, 5.186e-5
-1.221, 4.526e-5
-1.220, 3.974e-5
-1.219, 3.871e-5
-1.218, 3.369e-5
-1.217, 2.621e-5
-1.216, 2.559e-5
-1.215, 2.212e-5
-1.214, 1.506e-5
-1.213, 1.281e-5
-1.212, 1.149e-5
-1.211, 5.434e-6
-1.210, 1.429e-6
-1.209, 1.192e-6
-1.208, -2.715e-6
-1.207, -8.408e-6
-1.206, -9.069e-6
-1.205, -1.081e-5
-1.204, -1.712e-5
-1.203, -1.866e-5
-1.202, -1.862e-5
-1.201, -2.424e-5
-1.200, -2.719e-5
-1.199, -2.653e-5
-1.198, -3.008e-5
-1.197, -3.491e-5
-1.196, -3.448e-5
-1.195, -3.591e-5
-1.194, -4.116e-5
-1.193, -4.263e-5
-1.192, -4.102e-5
-1.191, -4.642e-5
-1.190, -4.948e-5
-1.189, -4.763e-5
-1.188, -5.096e-5
-1.187, -5.491e-5
-1.186, -5.400e-5
-1.185, -5.526e-5
-1.184, -5.916e-5
-1.183, -5.972e-5
-1.182, -5.998e-5
-1.181, -6.311e-5
-1.180, -6.587e-5
-1.179, -6.414e-5
-1.178, -6.679e-5
-1.177, -7.068e-5
-1.176, -6.872e-5
-1.175, -6.927e-5
-1.174, -7.386e-5
-1.173, -7.343e-5
-1.172, -7.235e-5
-1.171, -7.632e-5
-1.170, -7.766e-5
-1.169, -7.617e-5
-1.168, -7.752e-5
-1.167, -8.135e-5
-1.166, -7.976e-5
-1.165, -7.985e-5
-1.164, -8.395e-5
-1.163, -8.357e-5
-1.162, -8.151e-5
-1.161, -8.571e-5
-1.160, -8.676e-5
-1.159, -8.441e-5
-1.158, -8.699e-5
-1.157, -8.904e-5
-1.156, -8.755e-5
-1.155, -8.791e-5
-1.154, -9.156e-5
-1.153, -9.078e-5
-1.152, -8.896e-5
-1.151, -9.255e-5
-1.150, -9.405e-5
-1.149, -9.076e-5
-1.148, -9.319e-5
-1.147, -9.585e-5
-1.146, -9.339e-5
-1.145, -9.373e-5
-1.144, -9.716e-5
-1.143, -9.632e-5
-1.142, -9.443e-5
-1.141, -9.758e-5
-1.140, -9.852e-5
-1.139, -9.611e-5
-1.138, -9.790e-5
-1.137, -1.011e-4
-1.136, -9.781e-5
-1.135, -9.785e-5
-1.134, -1.014e-4
-1.133, -1.002e-4
-1.132, -9.863e-5
-1.131, -1.017e-4
-1.130, -1.025e-4
-1.129, -9.996e-5
-1.128, -1.011e-4
-1.127, -1.044e-4
-1.126, -1.018e-4
-1.125, -1.012e-4
-1.124, -1.047e-4
-1.123, -1.041e-4
-1.122, -1.017e-4
-1.121, -1.048e-4
-1.120, -1.056e-4
-1.119, -1.025e-4
-1.118, -1.046e-4
-1.117, -1.068e-4
-1.116, -1.041e-4
-1.115, -1.037e-4
-1.114, -1.073e-4
-1.113, -1.065e-4
-1.112, -1.040e-4
-1.111, -1.072e-4
-1.110, -1.082e-4
-1.109, -1.051e-4
-1.108, -1.067e-4
-1.107, -1.094e-4
-1.106, -1.064e-4
-1.105, -1.063e-4
-1.104, -1.092e-4
-1.103, -1.084e-4
-1.102, -1.068e-4
-1.101, -1.089e-4
-1.100, -1.100e-4
-1.099, -1.071e-4
-1.098, -1.086e-4
-1.097, -1.117e-4
-1.096, -1.083e-4
-1.095, -1.080e-4
-1.094, -1.117e-4
-1.093, -1.104e-4
-1.092, -1.081e-4
-1.091, -1.111e-4
-1.090, -1.117e-4
-1.089, -1.091e-4
-1.088, -1.103e-4
-1.087, -1.130e-4
-1.086, -1.102e-4
-1.085, -1.098e-4
-1.084, -1.134e-4
-1.083, -1.121e-4
-1.082, -1.098e-4
-1.081, -1.132e-4
-1.080, -1.130e-4
-1.079, -1.104e-4
-1.078, -1.122e-4
-1.077, -1.143e-4
-1.076, -1.117e-4
-1.075, -1.122e-4
-1.074, -1.150e-4
-1.073, -1.137e-4
-1.072, -1.110e-4
-1.071, -1.145e-4
-1.070, -1.151e-4
-1.069, -1.119e-4
-1.068, -1.135e-4
-1.067, -1.161e-4
-1.066, -1.129e-4
-1.065, -1.134e-4
-1.064, -1.158e-4
-1.063, -1.154e-4
-1.062, -1.128e-4
-1.061, -1.155e-4
-1.060, -1.166e-4
-1.059, -1.137e-4
-1.058, -1.152e-4
-1.057, -1.177e-4
-1.056, -1.145e-4
-1.055, -1.140e-4
-1.054, -1.176e-4
-1.053, -1.163e-4
-1.052, -1.142e-4
-1.051, -1.171e-4
-1.050, -1.178e-4
-1.049, -1.155e-4
-1.048, -1.164e-4
-1.047, -1.184e-4
-1.046, -1.163e-4
-1.045, -1.156e-4
-1.044, -1.188e-4
-1.043, -1.182e-4
-1.042, -1.153e-4
-1.041, -1.190e-4
-1.040, -1.190e-4
-1.039, -1.159e-4
-1.038, -1.178e-4
-1.037, -1.200e-4
-1.036, -1.171e-4
-1.035, -1.173e-4
-1.034, -1.198e-4
-1.033, -1.193e-4
-1.032, -1.167e-4
-1.031, -1.199e-4
-1.030, -1.203e-4
-1.029, -1.172e-4
-1.028, -1.190e-4
-1.027, -1.215e-4
-1.026, -1.186e-4
-1.025, -1.184e-4
-1.024, -1.220e-4
-1.023, -1.206e-4
-1.022, -1.180e-4
-1.021, -1.209e-4
-1.020, -1.217e-4
-1.019, -1.190e-4
-1.018, -1.201e-4
-1.017, -1.229e-4
-1.016, -1.199e-4
-1.015, -1.200e-4
-1.014, -1.227e-4
-1.013, -1.213e-4
-1.012, -1.193e-4
-1.011, -1.226e-4
-1.010, -1.228e-4
-1.009, -1.203e-4
-1.008, -1.215e-4
-1.007, -1.238e-4
-1.006, -1.216e-4
-1.005, -1.208e-4
-1.004, -1.245e-4
-1.003, -1.237e-4
-1.002, -1.205e-4
-1.001, -1.241e-4
