Potential V vs RHE, Current mA cm-2
0.013299999999999867,4.360140226184043
0.012299999999999978,4.01070653511738
0.011299999999999866,3.7051288943465317
0.010299999999999976,3.3995512535756833
0.009299999999999864,3.0939736128048354
0.008299999999999974,2.8322520223298033
0.007299999999999862,2.5705304318547717
0.006299999999999972,2.352664891675556
0.00529999999999986,2.0909433012005243
0.0042999999999999705,1.9169338113171246
0.0032999999999998586,1.6990682711379093
0.0022999999999999687,1.4373466806628774
0.0012999999999998568,1.219056727093702
0.00029999999999996696,1.0010497157844997
-0.000700000000000145,0.7829012333453113
-0.0017000000000000348,0.5211796428702795
-0.0027000000000001467,0.3467457395969205
-0.0037000000000000366,0.17231183632356148
-0.0047000000000001485,-0.04582249900262853
-0.005700000000000038,-0.2202705493889862
-0.00670000000000015,-0.3947044526623452
-0.00770000000000004,-0.5692798270656908
-0.008700000000000152,-0.7872868383748929
-0.009700000000000042,-0.9617207416482519
-0.010700000000000154,-1.1798692240874404
-0.011700000000000044,-1.3543031273607997
-0.012700000000000156,-1.5293029151541047
-0.013700000000000045,-1.7033124050375041
-0.014700000000000157,-1.8334658446250875
-0.015700000000000047,-2.008890045808352
-0.01670000000000016,-2.1390434853959355
-0.01770000000000005,-2.3144676865791998
-0.01870000000000016,-2.4884771764625997
-0.01970000000000005,-2.662486666345999
-0.020700000000000163,-2.794054817233447
-0.021700000000000053,-2.968064307116847
-0.022700000000000164,-3.1420737970002466
-0.023700000000000054,-3.273641947887695
-0.024700000000000166,-3.403795387475278
-0.025700000000000056,-3.5353635383627267
-0.026700000000000168,-3.623075638954359
-0.027700000000000058,-3.7970851288377587
-0.02870000000000017,-3.971094618721158
-0.02970000000000006,-4.102662769608606
-0.03070000000000017,-4.276672259492005
-0.03170000000000006,-4.450681749375406
-0.03270000000000017,-4.582249900262854
-0.03370000000000006,-4.712403339850438
-0.034700000000000175,-4.843971490737885
-0.035700000000000065,-4.974124930325469
-0.03670000000000018,-5.105693081212917
-0.03770000000000007,-5.235846520800501
-0.03870000000000018,-5.411270721983764
-0.03970000000000007,-5.5414241615713475
-0.04070000000000018,-5.715433651454749
-0.04170000000000007,-5.847001802342197
-0.04270000000000018,-5.977155241929781
-0.04370000000000007,-6.108723392817228
-0.044700000000000184,-6.196435493408861
-0.045700000000000074,-6.326588932996443
-0.046700000000000186,-6.414301033588076
-0.047700000000000076,-6.54445447317566
-0.04870000000000019,-6.6760226240631075
-0.04970000000000008,-6.850032113946507
-0.05070000000000019,-6.981600264833956
-0.05170000000000008,-7.111753704421539
-0.05270000000000019,-7.243321855308987
-0.05370000000000008,-7.329619244600755
-0.05470000000000019,-7.461187395488204
-0.05570000000000008,-7.5474847847799715
-0.056700000000000195,-7.679052935667419
-0.057700000000000085,-7.809206375255003
-0.058700000000000196,-7.940774526142452
-0.059700000000000086,-8.11478401602585
-0.0607000000000002,-8.246352166913299
-0.06170000000000009,-8.376505606500881
-0.0627000000000002,-8.508073757388331
-0.06370000000000009,-8.638227196975913
-0.0647000000000002,-8.769795347863363
-0.06570000000000009,-8.899948787450944
-0.0667000000000002,-9.031516938338395
-0.0677000000000001,-9.161670377925978
-0.0687000000000002,-9.335679867809377
-0.0697000000000001,-9.467248018696827
-0.07070000000000021,-9.641257508580225
-0.0717000000000001,-9.728969609171857
-0.07270000000000021,-9.85912304875944
-0.0737000000000001,-9.946835149351072
-0.07470000000000021,-10.078403300238522
-0.0757000000000001,-10.164700689530287
-0.07670000000000021,-10.25241279012192
-0.0777000000000001,-10.340124890713554
-0.07870000000000021,-10.514134380596953
-0.0797000000000001,-10.601846481188586
-0.08070000000000022,-10.731999920776168
-0.0817000000000001,-10.819712021367803
-0.08270000000000022,-10.949865460955383
-0.08370000000000011,-11.081433611842833
-0.08470000000000022,-11.1677310011346
-0.08570000000000011,-11.255443101726232
-0.08670000000000022,-11.385596541313816
-0.08770000000000011,-11.517164692201263
-0.08870000000000022,-11.647318131788847
-0.08970000000000011,-11.82274233297211
-0.09070000000000022,-11.996751822855511
-0.09170000000000011,-12.170761312738911
-0.09270000000000023,-12.302329463626359
-0.09370000000000012,-12.390041564217992
-0.09470000000000023,-12.520195003805576
-0.09570000000000012,-12.651763154693022
-0.09670000000000023,-12.781916594280606
-0.09770000000000012,-12.913484745168056
-0.09870000000000023,-13.043638184755638
-0.09970000000000012,-13.217647674639037
-0.10070000000000023,-13.349215825526485
-0.10170000000000012,-13.47936926511407
-0.10270000000000024,-13.654793466297335
-0.10370000000000013,-13.784946905884919
-0.10470000000000024,-13.916515056772363
-0.10570000000000013,-14.002812446064135
-0.10670000000000024,-14.090524546655764
-0.10770000000000013,-14.217848563643619
-0.10870000000000024,-14.345172580631472
-0.10970000000000013,-14.529085049613924
-0.11070000000000024,-14.65640906660178
-0.11170000000000013,-14.783733083589633
-0.11270000000000002,-14.925204213576137
-0.11370000000000013,-15.05252823056399
-0.11470000000000002,-15.137410908555893
-0.11570000000000014,-15.222293586547794
-0.11670000000000003,-15.307176264539699
-0.11770000000000014,-15.448647394526201
-0.11870000000000003,-15.575971411514052
-0.11970000000000014,-15.74573676749786
-0.12070000000000003,-15.87306078448571
-0.12170000000000014,-16.014531914472215
-0.12270000000000003,-16.141855931460068
-0.12370000000000014,-16.269179948447924
-0.12470000000000003,-16.396503965435777
-0.12570000000000014,-16.495533756426326
-0.12670000000000003,-16.622857773414182
-0.12770000000000015,-16.750181790402035
-0.12870000000000004,-16.919947146385837
-0.12970000000000015,-17.103859615368293
-0.13070000000000004,-17.231183632356142
-0.13170000000000015,-17.40094898833995
-0.13270000000000004,-17.542420118326454
-0.13370000000000015,-17.669744135314307
-0.13470000000000004,-17.75462681330621
-0.13570000000000015,-17.839509491298113
-0.13670000000000004,-17.966833508285966
-0.13770000000000016,-18.10830463827247
-0.13870000000000005,-18.23562865526032
-0.13970000000000016,-18.362952672248177
-0.14070000000000005,-18.49027668923603
-0.14170000000000016,-18.631747819222536
-0.14270000000000005,-18.759071836210385
-0.14370000000000016,-18.843954514202288
-0.14470000000000005,-18.97127853119014
-0.14570000000000016,-19.056161209182044
-0.14670000000000005,-19.197632339168546
-0.14770000000000016,-19.3249563561564
-0.14870000000000005,-19.452280373144255
-0.14970000000000017,-19.636192842126707
-0.15070000000000006,-19.805958198110513
-0.15170000000000017,-19.97572355409432
-0.15270000000000006,-20.10304757108217
-0.15370000000000017,-20.244518701068674
-0.15470000000000006,-20.329401379060574
-0.15570000000000017,-20.456725396048434
-0.15670000000000006,-20.584049413036283
-0.15770000000000017,-20.76796188201874
-0.15870000000000006,-20.93772723800254
-0.15970000000000018,-21.107492593986347
-0.16070000000000007,-21.291405062968803
-0.16170000000000018,-21.418729079956652
-0.16270000000000007,-21.54605309694451
-0.16370000000000018,-21.67337711393236
-0.16470000000000007,-21.814848243918867
-0.16570000000000018,-21.899730921910766
-0.16670000000000007,-21.98461359990267
-0.16770000000000018,-22.111937616890522
-0.16870000000000007,-22.253408746877028
-0.16970000000000018,-22.38073276386488
-0.17070000000000007,-22.46561544185678
-0.17170000000000019,-22.592939458844636
-0.17270000000000008,-22.72026347583249
-0.1737000000000002,-22.861734605818995
-0.17470000000000008,-22.946617283810895
-0.1757000000000002,-23.073941300798747
-0.17670000000000008,-23.2012653177866
-0.1777000000000002,-23.342736447773106
-0.17870000000000008,-23.47006046476096
-0.1797000000000002,-23.597384481748815
-0.18070000000000008,-23.724708498736668
-0.1817000000000002,-23.86617962872317
-0.18270000000000008,-24.035944984706973
-0.1837000000000002,-24.16326900169483
-0.1847000000000001,-24.290593018682678
-0.1857000000000002,-24.432064148669184
-0.1867000000000001,-24.559388165657033
-0.1877000000000002,-24.686712182644893
-0.1887000000000001,-24.814036199632742
-0.1897000000000002,-24.95550732961925
-0.1907000000000001,-25.12527268560305
-0.1917000000000001,-25.252596702590903
-0.19269999999999998,-25.39406783257741
-0.1937000000000001,-25.521391849565262
-0.19469999999999998,-25.60627452755716
-0.1957000000000001,-25.691157205549064
-0.19669999999999999,-25.81848122253692
-0.1977000000000001,-25.959952352523427
-0.1987,-26.087276369511276
-0.1997000000000001,-26.21460038649913
-0.2007,-26.38436574248293
-0.2017000000000001,-26.525836872469437
-0.2027,-26.65316088945729
-0.2037000000000001,-26.738043567449193
-0.2047,-26.822926245441096
-0.2057000000000001,-26.9643973754276
-0.2067,-27.091721392415455
-0.2077000000000001,-27.219045409403304
-0.2087,-27.38881076538711
-0.2097000000000001,-27.530281895373616
-0.2107,-27.700047251357418
-0.2117000000000001,-27.827371268345274
-0.2127,-27.954695285333123
-0.2137000000000001,-28.09616641531963
-0.2147,-28.18104909331153
-0.2157000000000001,-28.308373110299385
-0.2167,-28.435697127287238
-0.21770000000000012,-28.577168257273744
-0.2187,-28.704492274261593
-0.21970000000000012,-28.831816291249446
-0.2207,-28.959140308237306
-0.22170000000000012,-29.100611438223805
-0.2227,-29.18549411621571
-0.22370000000000012,-29.31281813320356
-0.2247,-29.39770081119546
-0.22570000000000012,-29.525024828183312
-0.2267,-29.62405461917387
-0.22770000000000012,-29.751378636161718
-0.22870000000000001,-29.921143992145527
-0.22970000000000013,-30.04846800913338
-0.23070000000000002,-30.189939139119886
-0.23170000000000013,-30.359704495103685
-0.23270000000000002,-30.444587173095588
-0.23370000000000013,-30.571911190083444
-0.23470000000000002,-30.71338232006995
-0.23570000000000013,-30.79826499806185
-0.23670000000000002,-30.925589015049702
-0.2376999999999999,-31.052913032037555
-0.23870000000000002,-31.19438416202406
-0.2396999999999999,-31.36414951800786
-0.24070000000000003,-31.533914873991666
-0.24169999999999991,-31.661238890979522
-0.24270000000000003,-31.84515135996197
-0.24369999999999992,-31.930034037953877
-0.24470000000000003,-32.05735805494172
-0.24569999999999992,-32.14224073293363
-0.24670000000000003,-32.283711862920136
-0.24769999999999992,-32.368594540912035
-0.24870000000000003,-32.49591855789989
-0.24969999999999992,-32.62324257488775
-0.25070000000000003,-32.764713704874254
-0.2516999999999999,-32.892037721862096
-0.25270000000000004,-32.97692039985401
-0.2536999999999999,-33.10424441684186
-0.25470000000000004,-33.18912709483376
-0.2556999999999999,-33.288156885824314
-0.25670000000000004,-33.41548090281216
-0.25769999999999993,-33.54280491980002
-0.25870000000000004,-33.670128936787876
-0.25969999999999993,-33.81160006677438
-0.26070000000000004,-33.89648274476628
-0.26169999999999993,-33.98136542275818
-0.26270000000000004,-34.06624810075008
-0.26369999999999993,-34.10868943974604
-0.26470000000000005,-34.236013456733886
-0.26569999999999994,-34.33504324772444
-0.26670000000000005,-34.462367264712285
-0.26769999999999994,-34.632132620696105
-0.26870000000000005,-34.75945663768395
-0.26969999999999994,-34.94336910666641
-0.27070000000000005,-35.11313446265021
-0.27169999999999994,-35.240458479638065
-0.27270000000000005,-35.32534115762997
-0.27369999999999994,-35.42437094862052
-0.27470000000000006,-35.50925362661242
-0.27569999999999995,-35.594136304604326
-0.27670000000000006,-35.679018982596226
-0.27769999999999995,-35.721460321592176
-0.27870000000000006,-35.806342999584075
-0.27969999999999995,-35.90537279057463
-0.28070000000000006,-35.99025546856653
-0.28169999999999995,-36.11757948555439
-0.28270000000000006,-36.20246216354629
-0.28369999999999995,-36.28734484153819
-0.28470000000000006,-36.4288159715247
-0.28569999999999995,-36.5136986495166
-0.28670000000000007,-36.64102266650445
-0.28769999999999996,-36.768346683492304
-0.28870000000000007,-36.89567070048016
-0.28969999999999996,-37.07958316946261
-0.29070000000000007,-37.249348525446415
-0.29169999999999996,-37.376672542434264
-0.29270000000000007,-37.51814367242077
-0.29369999999999996,-37.56058501141672
-0.2947000000000001,-37.645467689408626
-0.29569999999999996,-37.645467689408626
-0.2967000000000001,-37.687909028404576
-0.29769999999999996,-37.73035036740053
-0.2987000000000001,-37.81523304539243
-0.29969999999999997,-37.90011572338433
-0.3007000000000001,-37.99914551437489
-0.30169999999999997,-38.12646953136274
-0.3027000000000001,-38.211352209354644
-0.30369999999999997,-38.29623488734655
-0.3047000000000001,-38.42355890433439
-0.30569999999999997,-38.5650300343209
-0.3067000000000001,-38.692354051308754
-0.3077,-38.86211940729255
-0.3087000000000001,-39.046031876275016
-0.3097,-39.21579723225882
-0.3107000000000001,-39.38556258824262
-0.3117,-39.56947505722508
-0.3127000000000001,-39.696799074212926
-0.3137,-39.82412309120078
-0.3147000000000001,-39.90900576919269
-0.3157,-39.99388844718459
-0.3167000000000001,-40.092918238175145
-0.3177,-40.177800916167044
-0.3187000000000001,-40.26268359415894
-0.3197,-40.34756627215084
-0.3207000000000001,-40.43244895014274
-0.3217,-40.559772967130606
-0.3227000000000001,-40.65880275812115
-0.3237,-40.743685436113054
-0.3247000000000001,-40.828568114104954
-0.3257,-40.87100945310091
-0.3267000000000001,-40.95589213109281
-0.3277,-40.99833347008877
-0.3287000000000001,-41.083216148080666
-0.3297,-41.182245939071215
-0.3307000000000001,-41.267128617063115
-0.3317,-41.39445263405098
-0.3327000000000001,-41.47933531204288
-0.3337,-41.56421799003478
-0.3347000000000001,-41.66324778102533
-0.3357,-41.74813045901723
-0.3367000000000001,-41.79057179801318
-0.3377,-41.91789581500104
-0.3387000000000001,-42.00277849299294
-0.3397,-42.130102509980794
-0.3407000000000001,-42.2715736399673
-0.3417,-42.39889765695515
-0.3427000000000001,-42.526221673943
-0.3437,-42.653545690930855
-0.3447000000000001,-42.752575481921404
-0.3457,-42.87989949890926
-0.3467000000000001,-43.007223515897124
-0.3477,-43.134547532884966
-0.3487000000000001,-43.31846000186743
-0.3497,-43.40334267985933
-0.3507000000000001,-43.57310803584313
-0.3517,-43.70043205283099
-0.3527000000000001,-43.79946184382153
-0.3537,-43.88434452181344
-0.3547000000000001,-43.96922719980534
-0.3557,-44.054109877797245
-0.35670000000000013,-44.138992555789144
-0.3577,-44.223875233781044
-0.35870000000000013,-44.3229050247716
-0.3597,-44.45022904175945
-0.36070000000000013,-44.4926703807554
-0.3617,-44.619994397743255
-0.3626999999999999,-44.66243573673921
-0.3637,-44.704877075735155
-0.3646999999999999,-44.74731841473111
-0.3657,-44.74731841473111
-0.3666999999999999,-44.80390686672572
-0.3677,-44.84634820572166
-0.3686999999999999,-44.88878954471762
-0.36970000000000003,-45.01611356170547
-0.3706999999999999,-45.05855490070142
-0.37170000000000003,-45.22832025668522
-0.3726999999999999,-45.32735004767578
-0.37370000000000003,-45.412232725667685
-0.3746999999999999,-45.497115403659585
-0.37570000000000003,-45.581998081651484
-0.3766999999999999,-45.624439420647434
-0.37770000000000004,-45.70932209863933
-0.3786999999999999,-45.85079322862584
-0.37970000000000004,-45.93567590661774
-0.3806999999999999,-46.062999923605595
-0.38170000000000004,-46.147882601597495
-0.38269999999999993,-46.2327652795894
-0.38370000000000004,-46.3176479575813
-0.38469999999999993,-46.41667774857186
-0.38570000000000004,-46.45911908756781
-0.38669999999999993,-46.544001765559706
-0.38770000000000004,-46.586443104555656
-0.38869999999999993,-46.713767121543505
-0.38970000000000005,-46.79864979953541
-0.39069999999999994,-46.94012092952192
-0.39170000000000005,-47.02500360751382
-0.39269999999999994,-47.10988628550572
-0.39370000000000005,-47.19476896349763
-0.39469999999999994,-47.32209298048547
-0.39570000000000005,-47.40697565847737
-0.39669999999999994,-47.506005449467935
-0.39770000000000005,-47.633329466455784
-0.39869999999999994,-47.71821214444768
-0.39970000000000006,-47.8879775004315
-0.40069999999999995,-47.987007291422046
-0.40170000000000006,-48.114331308409895
-0.40269999999999995,-48.1992139864018
-0.40370000000000006,-48.2840966643937
-0.40469999999999995,-48.36897934238561
-0.40570000000000006,-48.41142068138156
-0.40669999999999995,-48.45386202037751
-0.40770000000000006,-48.55289181136806
-0.40869999999999995,-48.59533315036401
-0.40970000000000006,-48.63777448935996
-0.41069999999999995,-48.68021582835591
-0.41170000000000007,-48.72265716735186
-0.41269999999999996,-48.80753984534376
-0.41370000000000007,-48.80753984534376
-0.41469999999999996,-48.89242252333566
-0.41570000000000007,-48.97730520132757
-0.41669999999999996,-49.076334992318124
-0.41770000000000007,-49.16121767031002
-0.41869999999999996,-49.28854168729788
-0.4197000000000001,-49.41586570428573
-0.42069999999999996,-49.59977817326819
-0.4217000000000001,-49.72710219025603
-0.42269999999999996,-49.89686754623985
-0.4237000000000001,-50.0807800152223
-0.42469999999999997,-50.20810403221015
-0.4257000000000001,-50.29298671020206
-0.42669999999999997,-50.37786938819396
-0.4277000000000001,-50.46275206618586
-0.42869999999999997,-50.547634744177756
-0.4297000000000001,-50.64666453516831
-0.43069999999999997,-50.73154721316022
-0.4317000000000001,-50.81642989115212
-0.4327,-50.90131256914402
-0.4337000000000001,-50.943753908139975
-0.4347,-50.98619524713592
-0.4357000000000001,-51.071077925127824
-0.4367,-51.17010771611838
-0.4377000000000001,-51.25499039411028
-0.4387,-51.38231441109813
-0.4397000000000001,-51.55207976708194
-0.4407,-51.77843357506035
-0.4417000000000001,-51.948198931044146
-0.4427,-52.11796428702795
-0.4437000000000001,-52.25943541701445
-0.4447,-52.386759434002315
-0.4457000000000001,-52.471642111994214
-0.4467,-52.55652478998611
-0.4477000000000001,-52.64140746797801
-0.4487,-52.78287859796452
-0.4497000000000001,-52.91020261495237
-0.4507,-52.995085292944275
-0.4517000000000001,-53.079967970936174
-0.4527,-53.16485064892808
-0.4537000000000001,-53.26388043991864
-0.4547,-53.39120445690648
-0.4557000000000001,-53.518528473894335
-0.4567,-53.68829382987814
-0.4577000000000001,-53.91464763785655
-0.4587,-54.1268543328363
-0.4597000000000001,-54.31076680181876
-0.4607,-54.480532157802564
-0.4617000000000001,-54.65029751378637
-0.4627,-54.791768643772876
-0.4637000000000001,-54.961533999756675
-0.4647,-55.046416677748574
-0.4657000000000001,-55.17374069473642
-0.4667,-55.357653163718886
-0.4677000000000001,-55.484977180706736
-0.4687,-55.612301197694585
-0.4697000000000001,-55.73962521468245
-0.4707,-55.838655005673
-0.4717000000000001,-56.008420361656796
-0.4727,-56.1781857176406
-0.4737000000000001,-56.404539525619015
-0.4747,-56.61674622059877
-0.4757000000000001,-56.786511576582576
-0.4767,-57.012865384560975
-0.4777000000000001,-57.26751341853669
-0.4787,-57.53630856551105
-0.4797000000000001,-57.87583927747865
-0.4807,-58.27195844144086
-0.48170000000000013,-58.66807760540307
-0.4827,-59.06419676936528
-0.48370000000000013,-59.44616882032884
-0.4847,-59.757405306299155
-0.48570000000000013,-60.06864179226946
-0.4867,-60.28084848724921
-0.4876999999999999,-60.59208497321952
-0.4887,-60.889174346191176
-0.4896999999999999,-61.242852171157445
-0.4907,-61.5965299961237
-0.4916999999999999,-61.89361936909536
-0.4927,-62.24729719406162
-0.4936999999999999,-62.544386567033264
-0.49470000000000003,-62.81318171400764
-0.4956999999999999,-63.06782974798333
-0.49670000000000003,-63.421507572949594
-0.4976999999999999,-63.860068075907755
-0.49870000000000003,-64.29862857886593
-0.4996999999999999,-64.77963042082003
-0.5007,-65.2464851497755
-0.5016999999999999,-65.68504565273366
-0.5027,-66.12360615569182
-0.5036999999999999,-66.51972531965401
-0.5047,-66.9582858226122
-0.5056999999999999,-67.39684632557035
-0.5067,-67.82125971552985
-0.5076999999999999,-68.30226155748396
-0.5087,-68.69838072144618
-0.5096999999999999,-69.13694122440434
-0.5107,-69.4906190493706
-0.5116999999999999,-69.78770842234226
-0.5127,-70.05650356931662
-0.5136999999999999,-70.31115160329232
-0.5147,-70.62238808926263
-0.5156999999999999,-71.0043601402262
-0.5167,-71.35803796519245
-0.5176999999999999,-71.75415712915466
-0.5187,-72.15027629311687
-0.5196999999999999,-72.48980700508447
-0.5207,-72.8859261690467
-0.5216999999999999,-73.32448667200485
-0.5227,-73.80548851395896
-0.5236999999999999,-74.37137303390499
-0.5247,-74.93725755385098
-0.5257,-75.46070073480107
-0.5267000000000001,-76.02658525474708
-0.5277,-76.55002843569714
-0.5287000000000001,-77.03103027765125
-0.5297,-77.55447345860131
-0.5307000000000001,-78.03547530055542
-0.5317,-78.60135982050144
-0.5327000000000001,-79.20968567944341
-0.5337,-79.64824618240156
-0.5347000000000001,-80.12924802435568
-0.5357,-80.52536718831789
-0.5367000000000001,-80.90733923928146
-0.5377,-81.3458997422396
-0.5387000000000001,-81.78446024519776
-0.5397,-82.22302074815593
-0.5407000000000001,-82.8313466070979
-0.5417,-83.35478978804795
-0.5427000000000001,-83.87823296899803
-0.5437,-84.35923481095215
-0.5447000000000001,-84.8826779919022
-0.5457,-85.44856251184822
-0.5467000000000001,-86.05688837079018
-0.5477,-86.7076555687281
-0.5487000000000001,-87.37256987966467
-0.5497,-88.06577841659853
-0.5507000000000001,-88.7589869535324
-0.5517,-89.46634260346492
-0.5527000000000001,-90.20199247939475
-0.5537,-90.89520101632861
-0.5547000000000001,-91.56011532726518
-0.5557,-92.2108825252031
-0.5567000000000001,-92.73432570615316
-0.5577,-93.25776888710321
-0.5587000000000001,-93.78121206805329
-0.5597,-94.26221391000739
-0.5607000000000001,-94.78565709095746
-0.5617,-95.22421759391563
-0.5627000000000001,-95.64863098387512
-0.5637,-96.00230880884139
-0.5647000000000001,-96.35598663380765
-0.5657,-96.65307600677932
-0.5667000000000001,-96.96431249274961
-0.5677,-97.40287299570777
-0.5687000000000001,-97.92631617665783
-0.5697,-98.49220069660386
-0.5707000000000001,-99.05808521654988
-0.5717,-99.66641107549184
-0.5727000000000001,-100.14741291744595
-0.5737,-100.62841475940007
-0.5747000000000001,-101.15185794035013
-0.5757,-101.71774246029614
-0.5767000000000001,-102.41095099723
-0.5777,-103.20318932515443
-0.5787000000000001,-103.93883920108425
-0.5797,-104.73107752900866
-0.5807000000000001,-105.42428606594254
-0.5817,-106.07505326388046
-0.5827000000000001,-106.68337912282242
-0.5837,-107.30585209476303
-0.5847000000000001,-107.95661929270095
-0.5857,-108.60738649063886
-0.5867000000000001,-108.69226916863077
-0.5857,-107.87173661470905
-0.5847000000000001,-106.99461560879273
-0.5837,-106.11749460287639
-0.5827000000000001,-105.21207937096277
-0.5817,-104.25007568705455
-0.5807000000000001,-103.28807200314633
-0.5797,-102.41095099723
-0.5787000000000001,-101.50553576531638
-0.5777,-100.54353208140815
-0.5767000000000001,-99.62396973649588
-0.5757,-98.7892900695755
-0.5747000000000001,-97.88387483766188
-0.5737,-97.13407784873341
-0.5727000000000001,-96.3984279728036
-0.5717,-95.74766077486568
-0.5707000000000001,-95.18177625491967
-0.5697,-94.601744621975
-0.5687000000000001,-94.13488989301955
-0.5677,-93.55485826007487
-0.5667000000000001,-92.90409106213696
-0.5657,-92.33820654219093
-0.5647000000000001,-91.72988068324898
-0.5637,-91.20643750229891
-0.5627000000000001,-90.7254356603448
-0.5617,-90.20199247939475
-0.5607000000000001,-89.72099063744062
-0.5597,-89.11266477849867
-0.5587000000000001,-88.46189758056073
-0.5577,-87.75454193062824
-0.5567000000000001,-87.06133339369435
-0.5557,-86.32568351776455
-0.5547000000000001,-85.70321054582392
-0.5537,-85.052443347886
-0.5527000000000001,-84.48655882793999
-0.5517,-83.87823296899803
-0.5507000000000001,-83.22746577106011
-0.5497,-82.47766878213164
-0.5487000000000001,-81.74201890620182
-0.5477,-80.99222191727335
-0.5467000000000001,-80.29901338033947
-0.5457,-79.69068752139752
-0.5447000000000001,-79.1248030014515
-0.5437,-78.60135982050144
-0.5427000000000001,-78.03547530055542
-0.5417,-77.46959078060941
-0.5407000000000001,-76.9037062606634
-0.5397,-76.38026307971333
-0.5387000000000001,-75.85681989876326
-0.5377,-75.33337671781321
-0.5367000000000001,-74.89481621485504
-0.5357,-74.45625571189689
-0.5347000000000001,-74.0176952089387
-0.5337,-73.53669336698461
-0.5327000000000001,-73.0556915250305
-0.5317,-72.63127813507097
-0.5307000000000001,-72.15027629311687
-0.5297,-71.6268331121668
-0.5287000000000001,-71.10338993121674
-0.5277,-70.57994675026669
-0.5267000000000001,-70.01406223032066
-0.5257,-69.4906190493706
-0.5247,-68.91058741642594
-0.5236999999999999,-68.34470289647993
-0.5227,-67.7788183765339
-0.5216999999999999,-67.17049251759194
-0.5207,-66.60460799764593
-0.5196999999999999,-66.08116481669586
-0.5187,-65.51528029674984
-0.5176999999999999,-64.94939577680383
-0.5167,-64.38351125685783
-0.5156999999999999,-63.81762673691181
-0.5147,-63.29418355596174
-0.5136999999999999,-62.81318171400764
-0.5127,-62.33217987205352
-0.5116999999999999,-61.89361936909536
-0.5107,-61.455058866137186
-0.5096999999999999,-60.974057024183075
-0.5087,-60.49305518222897
-0.5076999999999999,-59.9696120012789
-0.5067,-59.502757272323436
-0.5056999999999999,-59.02175543036933
-0.5047,-58.583194927411164
-0.5036999999999999,-58.18707576344896
-0.5027,-57.79095659948675
-0.5016999999999999,-57.352396096528594
-0.5007,-56.927982706569075
-0.4996999999999999,-56.44698086461496
-0.49870000000000003,-55.9235376836649
-0.4976999999999999,-55.400094502714836
-0.49670000000000003,-54.876651321764776
-0.4956999999999999,-54.39564947981066
-0.49470000000000003,-53.9570889768525
-0.4936999999999999,-53.56096981289029
-0.4927,-53.12240930993213
-0.4916999999999999,-52.69799591997262
-0.4907,-52.17455273902255
-0.4896999999999999,-51.69355089706845
-0.4887,-51.21254905511432
-0.4876999999999999,-50.77398855215617
-0.4867,-50.335428049198
-0.48570000000000013,-49.81198486824794
-0.4847,-49.41586570428573
-0.48370000000000013,-49.03389365332217
-0.4827,-48.63777448935996
-0.48170000000000013,-48.24165532539775
-0.4807,-47.84553616143554
-0.4797000000000001,-47.46356411047198
-0.4787,-47.067444946509774
-0.4777000000000001,-46.713767121543505
-0.4767,-46.3176479575813
-0.4757000000000001,-45.97811724561369
-0.4747,-45.624439420647434
-0.4737000000000001,-45.22832025668522
-0.4727,-44.84634820572166
-0.4717000000000001,-44.45022904175945
-0.4707,-44.096551216793195
-0.4697000000000001,-43.70043205283099
-0.4687,-43.36090134086337
-0.4677000000000001,-42.92234083790521
-0.4667,-42.568663012938956
-0.4657000000000001,-42.186690961975394
-0.4647,-41.83301313700913
-0.4637000000000001,-41.47933531204288
-0.4627,-41.083216148080666
-0.4617000000000001,-40.743685436113054
-0.4607,-40.34756627215084
-0.4597000000000001,-39.95144710818864
-0.4587,-39.61191639622103
-0.4577000000000001,-39.21579723225882
-0.4567,-38.81967806829661
-0.4557000000000001,-38.46600024333035
-0.4547,-38.12646953136274
-0.4537000000000001,-37.73035036740053
-0.4527,-37.376672542434264
-0.4517000000000001,-37.07958316946261
-0.4507,-36.725905344496354
-0.4497000000000001,-36.37222751953009
-0.4487,-36.07513814655844
-0.4477000000000001,-35.721460321592176
-0.4467,-35.38192960962457
-0.4457000000000001,-35.02825178465831
-0.4447,-34.67457395969205
-0.4437000000000001,-34.377484586720385
-0.4427,-34.06624810075008
-0.4417000000000001,-33.755011614779775
-0.4407,-33.45792224180811
-0.4397000000000001,-33.14668575583781
-0.4387,-32.807155043870196
-0.4377000000000001,-32.41103587990799
-0.4367,-32.09979939393769
-0.4357000000000001,-31.76026868197007
-0.4347,-31.49147353499572
-0.4337000000000001,-31.23682550102001
-0.4327,-30.968030354045652
-0.4317000000000001,-30.670940981073993
-0.43069999999999997,-30.359704495103685
-0.4297000000000001,-30.04846800913338
-0.42869999999999997,-29.708937297165768
-0.4277000000000001,-29.39770081119546
-0.42669999999999997,-29.100611438223805
-0.4257000000000001,-28.831816291249446
-0.42469999999999997,-28.619609596269694
-0.4237000000000001,-28.393255788291288
-0.42269999999999996,-28.13860775431558
-0.4217000000000001,-27.827371268345274
-0.42069999999999996,-27.572723234369565
-0.4197000000000001,-27.219045409403304
-0.41869999999999996,-26.907808923433
-0.41770000000000007,-26.65316088945729
-0.41669999999999996,-26.34192440348698
-0.41570000000000007,-26.129717708507226
-0.41469999999999996,-25.81848122253692
-0.41370000000000007,-25.563833188561212
-0.41269999999999996,-25.252596702590903
-0.41170000000000007,-24.95550732961925
-0.41069999999999995,-24.686712182644893
-0.40970000000000006,-24.389622809673234
-0.40869999999999995,-24.120827662698876
-0.40770000000000006,-23.86617962872317
-0.40669999999999995,-23.597384481748815
-0.40570000000000006,-23.342736447773106
-0.40469999999999995,-23.1163826397947
-0.40370000000000006,-22.861734605818995
-0.40269999999999995,-22.592939458844636
-0.40170000000000006,-22.38073276386488
-0.40069999999999995,-22.15437895588647
-0.39970000000000006,-21.899730921910766
-0.39869999999999994,-21.63093577493641
-0.39770000000000005,-21.376287740960702
-0.39669999999999994,-21.107492593986347
-0.39570000000000005,-20.85284456001064
-0.39469999999999994,-20.584049413036283
-0.39370000000000005,-20.371842718056527
-0.39269999999999994,-20.10304757108217
-0.39170000000000005,-19.890840876102416
-0.39069999999999994,-19.636192842126707
-0.38970000000000005,-19.367397695152352
-0.38869999999999993,-19.112749661176647
-0.38770000000000004,-18.843954514202288
-0.38669999999999993,-18.589306480226583
-0.38570000000000004,-18.362952672248177
-0.38469999999999993,-18.10830463827247
-0.38370000000000004,-17.881950830294063
-0.38269999999999993,-17.627302796318357
-0.38170000000000004,-17.40094898833995
-0.3806999999999999,-17.146300954364243
-0.37970000000000004,-16.877505807389888
-0.3786999999999999,-16.665299112410132
-0.37770000000000004,-16.354062626439823
-0.3766999999999999,-16.141855931460068
-0.37570000000000003,-15.91550212348166
-0.3746999999999999,-15.74573676749786
-0.37370000000000003,-15.575971411514052
-0.3726999999999999,-15.349617603535648
-0.37170000000000003,-15.179852247551842
-0.3706999999999999,-14.967645552572087
-0.36970000000000003,-14.741291744593681
-0.3686999999999999,-14.529085049613924
-0.3677,-14.345172580631472
-0.3666999999999999,-14.13438059695158
-0.3657,-13.916515056772363
-0.3646999999999999,-13.741090855589102
-0.3637,-13.523225315409885
-0.3626999999999999,-13.30535977523067
-0.3617,-13.13135028534727
-0.36070000000000013,-12.913484745168056
-0.3597,-12.651763154693022
-0.35870000000000013,-12.432482903213943
-0.3577,-12.214617363034726
-0.35670000000000013,-11.952895772559694
-0.3557,-11.73503023238048
-0.3547000000000001,-11.517164692201263
-0.3537,-11.343155202317865
-0.3527000000000001,-11.1677310011346
-0.3517,-10.949865460955383
-0.3507000000000001,-10.775855971071984
-0.3497,-10.557990430892769
-0.3487000000000001,-10.340124890713554
-0.3477,-10.164700689530287
-0.3467000000000001,-9.946835149351072
-0.3457,-9.728969609171857
-0.3447000000000001,-9.55496011928846
-0.3437,-9.379535918105192
-0.3427000000000001,-9.161670377925978
-0.3417,-8.987660888042578
-0.3407000000000001,-8.769795347863363
-0.3397,-8.594371146680096
-0.3387000000000001,-8.376505606500881
-0.3377,-8.202496116617484
-0.3367000000000001,-7.984630576438266
-0.3357,-7.7653503249591855
-0.3347000000000001,-7.591340835075788
-0.3337,-7.4173313451923875
-0.3327000000000001,-7.243321855308987
-0.3317,-7.067897654125724
-0.3307000000000001,-6.893888164242324
-0.3297,-6.6760226240631075
-0.3287000000000001,-6.500598422879844
-0.3277,-6.282732882700628
-0.3267000000000001,-6.108723392817228
-0.3257,-5.9347139029338285
-0.3247000000000001,-5.759289701750564
-0.3237,-5.585280211867165
-0.3227000000000001,-5.411270721983764
-0.3217,-5.279702571096316
-0.3207000000000001,-5.0618370309171015
-0.3197,-4.887827541033701
-0.3187000000000001,-4.668547289554621
-0.3177,-4.494537799671222
-0.3167000000000001,-4.276672259492005
-0.3157,-4.146518819904423
-0.3147000000000001,-3.971094618721158
-0.3137,-3.7970851288377587
-0.3127000000000001,-3.623075638954359
-0.3117,-3.4915074880669104
-0.3107000000000001,-3.317497998183511
-0.3097,-3.1420737970002466
-0.3087000000000001,-2.924208256821031
-0.3077,-2.7501987669376318
-0.3067000000000001,-2.576189277054232
-0.30569999999999997,-2.4007650758709675
-0.3047000000000001,-2.226755585987568
-0.30369999999999997,-2.095187435100119
-0.3027000000000001,-1.92117794521672
-0.30169999999999997,-1.7910245056291363
-0.3007000000000001,-1.6156003044458718
-0.29969999999999997,-1.4415908145624723
-0.2987000000000001,-1.2234423321232837
-0.29769999999999996,-1.0925815368857679
-0.2967000000000001,-0.8745745255765657
-0.29569999999999996,-0.7437137303390498
-0.2947000000000001,-0.5692798270656908
-0.29369999999999996,-0.4384190318281749
-0.29270000000000007,-0.30755823659065895
-0.29169999999999996,-0.1330535977523067
-0.29070000000000007,0.04140859974704963
-0.28969999999999996,0.21588494435940458
-0.28870000000000007,0.3467457395969205
-0.28769999999999996,0.5211796428702795
-0.28670000000000007,0.6956135461436386
-0.28569999999999995,0.870188920546984
-0.28470000000000006,1.0010497157844997
-0.28369999999999995,1.1317690398920295
-0.28270000000000006,1.2626298351295453
-0.28169999999999995,1.4373466806628774
-0.28070000000000006,1.5675001202504606
-0.27969999999999995,1.7429243214337253
-0.27870000000000006,1.9169338113171246
-0.27769999999999995,2.0909433012005243
-0.27670000000000006,2.2225114520879723
-0.27569999999999995,2.396520941971372
-0.27470000000000006,2.4842330425630044
-0.27369999999999994,2.6143864821505876
-0.27270000000000005,2.7898106833338523
-0.27169999999999994,2.919964122921436
-0.27070000000000005,3.0939736128048354
-0.26969999999999994,3.225541763692284
-0.26870000000000005,3.3995512535756833
-0.26769999999999994,3.5749754547589476
-0.26670000000000005,3.748984944642347
-0.26569999999999994,3.8791383842299307
-0.26470000000000005,4.01070653511738
-0.26369999999999993,4.140859974704963
-0.26270000000000004,4.272428125592412
-0.26169999999999993,4.402581565179994
-0.26070000000000004,4.534149716067443
-0.25969999999999993,4.708159205950842
-0.25870000000000004,4.839727356838291
-0.25769999999999993,5.01373684672169
-0.25670000000000004,5.145304997609139
-0.2556999999999999,5.231602386900906
-0.25470000000000004,5.3631705377883545
-0.2536999999999999,5.493323977375938
-0.25270000000000004,5.581036077967569
-0.2516999999999999,5.7111895175551535
-0.25070000000000003,5.8427576684426015
-0.24969999999999992,6.016767158326001
-0.24870000000000003,6.14833530921345
-0.24769999999999992,6.322344799096849
-0.24670000000000003,6.496354288980249
-0.24569999999999992,6.627922439867697
-0.24470000000000003,6.75807587945528
-0.24369999999999992,6.889644030342729
-0.24270000000000003,7.019797469930312
-0.24169999999999991,7.107509570521944
-0.24070000000000003,7.281519060405343
-0.2396999999999999,7.369231160996977
-0.23870000000000002,7.543240650880375
-0.2376999999999999,7.674808801767824
-0.23670000000000002,7.848818291651225
-0.23570000000000013,7.980386442538672
-0.23470000000000002,8.066683831830439
-0.23370000000000013,8.154395932422071
-0.23270000000000002,8.242108033013702
-0.23170000000000013,8.328405422305472
-0.23070000000000002,8.459973573192919
-0.22970000000000013,8.63398306307632
-0.22870000000000001,8.764136502663902
-0.22770000000000012,8.939560703847167
-0.2267,9.06971414343475
-0.22570000000000012,9.201282294322198
-0.2247,9.331435733909782
-0.22370000000000012,9.419147834501414
-0.2227,9.549301274088998
-0.22170000000000012,9.680869424976446
-0.2207,9.811022864564029
-0.21970000000000012,9.986447065747294
-0.2187,10.116600505334876
-0.21770000000000012,10.248168656222326
-0.2167,10.37832209580991
-0.2157000000000001,10.509890246697358
-0.2147,10.596187635989125
-0.2137000000000001,10.683899736580756
-0.2127,10.815467887468206
-0.2117000000000001,10.901765276759972
-0.2107,11.033333427647422
-0.2097000000000001,11.119630816939189
-0.2087,11.251198967826637
-0.2077000000000001,11.38135240741422
-0.2067,11.51292055830167
-0.2057000000000001,11.643073997889251
-0.2047,11.730786098480884
-0.2037000000000001,11.862354249368334
-0.2027,11.9486516386601
-0.2017000000000001,12.080219789547549
-0.2007,12.210373229135131
-0.1997000000000001,12.341941380022579
-0.1987,12.515950869905978
-0.1977000000000001,12.603662970497613
-0.19669999999999999,12.77767246038101
-0.1957000000000001,12.865384560972643
-0.19469999999999998,12.95168195026441
-0.1937000000000001,13.039394050856043
-0.19269999999999998,13.127106151447675
-0.1917000000000001,13.213403540739444
-0.1907000000000001,13.344971691626892
-0.1897000000000002,13.475125131214474
-0.1887000000000001,13.562837231806107
-0.1877000000000002,13.69299067139369
-0.1867000000000001,13.824558822281137
-0.1857000000000002,13.954712261868721
-0.1847000000000001,14.042424362460354
-0.1837000000000002,14.130136463051985
-0.18270000000000008,14.26028990263957
-0.1817000000000002,14.345172580631472
-0.18070000000000008,14.472496597619326
-0.1797000000000002,14.61396772760583
-0.17870000000000008,14.741291744593681
-0.1777000000000002,14.868615761581536
-0.17670000000000008,14.995939778569388
-0.1757000000000002,15.094969569559943
-0.17470000000000008,15.179852247551842
-0.1737000000000002,15.307176264539699
-0.17270000000000008,15.3920589425316
-0.17170000000000019,15.4769416205235
-0.17070000000000007,15.575971411514052
-0.16970000000000018,15.660854089505953
-0.16870000000000007,15.78817810649381
-0.16770000000000018,15.91550212348166
-0.16670000000000007,16.000384801473565
-0.16570000000000018,16.099414592464115
-0.16470000000000007,16.22673860945197
-0.16370000000000018,16.311621287443874
-0.16270000000000007,16.396503965435777
-0.16170000000000018,16.481386643427676
-0.16070000000000007,16.622857773414182
-0.15970000000000018,16.750181790402035
-0.15870000000000006,16.877505807389888
-0.15770000000000017,17.00482982437774
-0.15670000000000006,17.146300954364243
-0.15570000000000017,17.231183632356142
-0.15470000000000006,17.316066310348052
-0.15370000000000017,17.358507649344002
-0.15270000000000006,17.48583166633185
-0.15170000000000017,17.570714344323754
-0.15070000000000006,17.71218547431026
-0.14970000000000017,17.797068152302163
-0.14870000000000005,17.924392169290012
-0.14770000000000016,18.05171618627787
-0.14670000000000005,18.13659886426977
-0.14570000000000016,18.23562865526032
-0.14470000000000005,18.320511333252224
-0.14370000000000016,18.40539401124413
-0.14270000000000005,18.49027668923603
-0.14170000000000016,18.57515936722793
-0.14070000000000005,18.660042045219836
-0.13970000000000016,18.759071836210385
-0.13870000000000005,18.88639585319824
-0.13770000000000016,18.97127853119014
-0.13670000000000004,19.098602548177997
-0.13570000000000015,19.22592656516585
-0.13470000000000004,19.3249563561564
-0.13370000000000015,19.452280373144255
-0.13270000000000004,19.537163051136158
-0.13170000000000015,19.622045729128057
-0.13070000000000004,19.70692840711996
-0.12970000000000015,19.848399537106463
-0.12870000000000004,19.93328221509837
-0.12770000000000015,20.06060623208622
-0.12670000000000003,20.187930249074075
-0.12570000000000014,20.329401379060574
-0.12470000000000003,20.371842718056527
-0.12370000000000014,20.456725396048434
-0.12270000000000003,20.499166735044383
-0.12170000000000014,20.626490752032236
-0.12070000000000003,20.75381476902009
-0.11970000000000014,20.89528589900659
-0.11870000000000003,20.980168576998494
-0.11770000000000014,21.107492593986347
-0.11670000000000003,21.2348166109742
-0.11570000000000014,21.376287740960702
-0.11470000000000002,21.461170418952605
-0.11370000000000013,21.54605309694451
-0.11270000000000002,21.63093577493641
-0.11170000000000013,21.71581845292831
-0.11070000000000024,21.800701130920213
-0.10970000000000013,21.94217226090672
-0.10870000000000024,22.069496277894572
-0.10770000000000013,22.15437895588647
-0.10670000000000024,22.281702972874328
-0.10570000000000013,22.36658565086623
-0.10470000000000024,22.46561544185678
-0.10370000000000013,22.550498119848687
-0.10270000000000024,22.63538079784059
-0.10170000000000012,22.67782213683654
-0.10070000000000023,22.80514615382439
-0.09970000000000012,22.890028831816295
-0.09870000000000023,23.031499961802798
-0.09770000000000012,23.15882397879065
-0.09670000000000023,23.286147995778503
-0.09570000000000012,23.371030673770406
-0.09470000000000023,23.41347201276636
-0.09370000000000012,23.51250180375691
-0.09270000000000023,23.55494314275286
-0.09170000000000011,23.639825820744765
-0.09070000000000022,23.767149837732617
-0.08970000000000011,23.852032515724517
-0.08870000000000022,23.993503645711023
-0.08770000000000011,24.120827662698876
-0.08670000000000022,24.20571034069078
-0.08570000000000011,24.24815167968673
-0.08470000000000022,24.37547569667458
-0.08370000000000011,24.460358374666487
-0.08270000000000022,24.559388165657033
-0.0817000000000001,24.64427084364894
-0.08070000000000022,24.729153521640843
-0.0797000000000001,24.856477538628695
-0.07870000000000021,24.941360216620595
-0.0777000000000001,25.04039000761115
-0.07670000000000021,25.12527268560305
-0.0757000000000001,25.167714024599
-0.07470000000000021,25.252596702590903
-0.0737000000000001,25.337479380582806
-0.07270000000000021,25.42236205857471
-0.0717000000000001,25.507244736566612
-0.07070000000000021,25.60627452755716
-0.0697000000000001,25.73359854454502
-0.0687000000000002,25.81848122253692
-0.0677000000000001,25.90336390052882
-0.0667000000000002,26.030687917516673
-0.06570000000000009,26.129717708507226
-0.0647000000000002,26.21460038649913
-0.06370000000000009,26.29948306449103
-0.0627000000000002,26.426807081478888
-0.06170000000000009,26.469248420474838
-0.0607000000000002,26.55413109846674
-0.059700000000000086,26.65316088945729
-0.058700000000000196,26.780484906445146
-0.057700000000000085,26.822926245441096
-0.056700000000000195,26.95025026242895
-0.05570000000000008,26.992691601424898
-0.05470000000000019,27.0775742794168
-0.05370000000000008,27.134162731411404
-0.05270000000000019,27.219045409403304
-0.05170000000000008,27.303928087395207
-0.05070000000000019,27.34636942639116
-0.04970000000000008,27.473693443379013
-0.04870000000000019,27.558576121370916
-0.047700000000000076,27.700047251357418
-0.046700000000000186,27.78492992934932
-0.045700000000000074,27.869812607341224
-0.044700000000000184,27.954695285333123
-0.04370000000000007,28.039577963325023
-0.04270000000000018,28.12446064131693
-0.04170000000000007,28.22349043230748
-0.04070000000000018,28.350814449295335
-0.03970000000000007,28.478138466283188
-0.03870000000000018,28.60546248327104
-0.03770000000000007,28.746933613257543
-0.03670000000000018,28.831816291249446
-0.035700000000000065,28.91669896924135
-0.034700000000000175,29.001581647233255
-0.03370000000000006,29.086464325225155
-0.03270000000000017,29.171347003217054
-0.03170000000000006,29.27037679420761
-0.03070000000000017,29.35525947219951
-0.02970000000000006,29.440142150191413
-0.02870000000000017,29.525024828183312
-0.027700000000000058,29.609907506175215
-0.026700000000000168,29.652348845171172
-0.025700000000000056,29.694790184167122
-0.024700000000000166,29.793819975157668
-0.023700000000000054,29.836261314153624
-0.022700000000000164,29.878702653149578
-0.021700000000000053,29.921143992145527
-0.020700000000000163,30.00602667013743
-0.01970000000000005,30.04846800913338
-0.01870000000000016,30.13335068712528
-0.01770000000000005,30.21823336511718
-0.01670000000000016,30.359704495103685
-0.015700000000000047,30.444587173095588
-0.014700000000000157,30.529469851087494
-0.013700000000000045,30.571911190083444
-0.012700000000000156,30.656793868075347
-0.011700000000000044,30.741676546067247
-0.010700000000000154,30.8407063370578
-0.009700000000000042,30.968030354045652
-0.008700000000000152,31.095354371033505
-0.00770000000000004,31.22267838802136
-0.00670000000000015,31.321708179011907
-0.005700000000000038,31.40659085700382
-0.0047000000000001485,31.449032195999767
-0.0037000000000000366,31.49147353499572
-0.0027000000000001467,31.618797551983565
-0.0017000000000000348,31.661238890979522
-0.000700000000000145,31.788562907967375
0.00029999999999996696,31.930034037953877
0.0012999999999998568,32.01491671594578
0.0022999999999999687,32.09979939393769
0.0032999999999998586,32.184682071929586
0.0042999999999999705,32.22712341092554
0.00529999999999986,32.368594540912035
0.006299999999999972,32.41103587990799
0.007299999999999862,32.49591855789989
0.008299999999999974,32.62324257488775
0.009299999999999864,32.70812525287965
0.010299999999999976,32.79300793087155
0.011299999999999866,32.892037721862096
0.012299999999999978,33.01936173884996
