Dec. 22, 2024   01:41:34
Linear Sweep Voltammetry
File: c:/users/guazh/data/banditlqround7_x0exp667_r5/2024-12-16-exp726\1acid_3ac-2024-12-22t01_38_20-lsvinphos\1acid_3ac_lsv_50mvs_efin_-2300mv.bin
Data Source:  Experiment
Instrument Model:  CHI760E
Header: LSV ran at 50 mVs with Efin at -2300mV
Note: 

Init E (V) = -0.6
Final E (V) = -2.3
Scan Rate (V/s) = 0.05
Sample Interval (V) = 0.001
Quiet Time (sec) = 2
Sensitivity (A/V) = 1e-4
Comp R (ohm) = 9.2

Results:

Channel 1:
Ep = -2.006V
ip = 8.059e-4A
Ah = 1.265e-3C

Potential/V, Current/A

-0.600, 2.611e-6
-0.601, 2.714e-6
-0.602, 2.754e-6
-0.603, 2.785e-6
-0.604, 2.815e-6
-0.605, 2.847e-6
-0.606, 2.878e-6
-0.607, 2.903e-6
-0.608, 2.928e-6
-0.609, 2.956e-6
-0.610, 2.987e-6
-0.611, 3.016e-6
-0.612, 3.040e-6
-0.613, 3.066e-6
-0.614, 3.096e-6
-0.615, 3.126e-6
-0.616, 3.154e-6
-0.617, 3.181e-6
-0.618, 3.205e-6
-0.619, 3.233e-6
-0.620, 3.264e-6
-0.621, 3.292e-6
-0.622, 3.319e-6
-0.623, 3.346e-6
-0.624, 3.374e-6
-0.625, 3.406e-6
-0.626, 3.435e-6
-0.627, 3.462e-6
-0.628, 3.490e-6
-0.629, 3.518e-6
-0.630, 3.550e-6
-0.631, 3.578e-6
-0.632, 3.605e-6
-0.633, 3.634e-6
-0.634, 3.663e-6
-0.635, 3.696e-6
-0.636, 3.728e-6
-0.637, 3.754e-6
-0.638, 3.782e-6
-0.639, 3.812e-6
-0.640, 3.846e-6
-0.641, 3.879e-6
-0.642, 3.904e-6
-0.643, 3.933e-6
-0.644, 3.963e-6
-0.645, 3.996e-6
-0.646, 4.029e-6
-0.647, 4.056e-6
-0.648, 4.083e-6
-0.649, 4.115e-6
-0.650, 4.148e-6
-0.651, 4.178e-6
-0.652, 4.205e-6
-0.653, 4.235e-6
-0.654, 4.266e-6
-0.655, 4.300e-6
-0.656, 4.330e-6
-0.657, 4.360e-6
-0.658, 4.388e-6
-0.659, 4.421e-6
-0.660, 4.456e-6
-0.661, 4.488e-6
-0.662, 4.517e-6
-0.663, 4.549e-6
-0.664, 4.581e-6
-0.665, 4.615e-6
-0.666, 4.648e-6
-0.667, 4.677e-6
-0.668, 4.708e-6
-0.669, 4.739e-6
-0.670, 4.774e-6
-0.671, 4.807e-6
-0.672, 4.836e-6
-0.673, 4.865e-6
-0.674, 4.896e-6
-0.675, 4.932e-6
-0.676, 4.963e-6
-0.677, 4.993e-6
-0.678, 5.024e-6
-0.679, 5.056e-6
-0.680, 5.090e-6
-0.681, 5.124e-6
-0.682, 5.151e-6
-0.683, 5.182e-6
-0.684, 5.214e-6
-0.685, 5.248e-6
-0.686, 5.282e-6
-0.687, 5.308e-6
-0.688, 5.339e-6
-0.689, 5.370e-6
-0.690, 5.403e-6
-0.691, 5.435e-6
-0.692, 5.464e-6
-0.693, 5.493e-6
-0.694, 5.526e-6
-0.695, 5.559e-6
-0.696, 5.590e-6
-0.697, 5.618e-6
-0.698, 5.647e-6
-0.699, 5.677e-6
-0.700, 5.710e-6
-0.701, 5.739e-6
-0.702, 5.768e-6
-0.703, 5.796e-6
-0.704, 5.827e-6
-0.705, 5.860e-6
-0.706, 5.887e-6
-0.707, 5.912e-6
-0.708, 5.937e-6
-0.709, 5.965e-6
-0.710, 5.998e-6
-0.711, 6.025e-6
-0.712, 6.051e-6
-0.713, 6.078e-6
-0.714, 6.105e-6
-0.715, 6.135e-6
-0.716, 6.161e-6
-0.717, 6.185e-6
-0.718, 6.210e-6
-0.719, 6.234e-6
-0.720, 6.263e-6
-0.721, 6.289e-6
-0.722, 6.312e-6
-0.723, 6.336e-6
-0.724, 6.362e-6
-0.725, 6.389e-6
-0.726, 6.415e-6
-0.727, 6.436e-6
-0.728, 6.458e-6
-0.729, 6.483e-6
-0.730, 6.507e-6
-0.731, 6.531e-6
-0.732, 6.552e-6
-0.733, 6.571e-6
-0.734, 6.595e-6
-0.735, 6.619e-6
-0.736, 6.639e-6
-0.737, 6.659e-6
-0.738, 6.679e-6
-0.739, 6.700e-6
-0.740, 6.723e-6
-0.741, 6.741e-6
-0.742, 6.759e-6
-0.743, 6.777e-6
-0.744, 6.797e-6
-0.745, 6.818e-6
-0.746, 6.836e-6
-0.747, 6.851e-6
-0.748, 6.865e-6
-0.749, 6.883e-6
-0.750, 6.902e-6
-0.751, 6.917e-6
-0.752, 6.929e-6
-0.753, 6.944e-6
-0.754, 6.960e-6
-0.755, 6.977e-6
-0.756, 6.992e-6
-0.757, 7.002e-6
-0.758, 7.014e-6
-0.759, 7.027e-6
-0.760, 7.043e-6
-0.761, 7.055e-6
-0.762, 7.064e-6
-0.763, 7.076e-6
-0.764, 7.087e-6
-0.765, 7.100e-6
-0.766, 7.111e-6
-0.767, 7.118e-6
-0.768, 7.129e-6
-0.769, 7.139e-6
-0.770, 7.150e-6
-0.771, 7.159e-6
-0.772, 7.165e-6
-0.773, 7.170e-6
-0.774, 7.179e-6
-0.775, 7.188e-6
-0.776, 7.195e-6
-0.777, 7.199e-6
-0.778, 7.203e-6
-0.779, 7.210e-6
-0.780, 7.218e-6
-0.781, 7.222e-6
-0.782, 7.226e-6
-0.783, 7.229e-6
-0.784, 7.233e-6
-0.785, 7.240e-6
-0.786, 7.241e-6
-0.787, 7.243e-6
-0.788, 7.244e-6
-0.789, 7.247e-6
-0.790, 7.252e-6
-0.791, 7.253e-6
-0.792, 7.252e-6
-0.793, 7.253e-6
-0.794, 7.255e-6
-0.795, 7.258e-6
-0.796, 7.257e-6
-0.797, 7.255e-6
-0.798, 7.254e-6
-0.799, 7.253e-6
-0.800, 7.256e-6
-0.801, 7.255e-6
-0.802, 7.251e-6
-0.803, 7.248e-6
-0.804, 7.248e-6
-0.805, 7.247e-6
-0.806, 7.246e-6
-0.807, 7.241e-6
-0.808, 7.236e-6
-0.809, 7.235e-6
-0.810, 7.234e-6
-0.811, 7.231e-6
-0.812, 7.224e-6
-0.813, 7.218e-6
-0.814, 7.216e-6
-0.815, 7.215e-6
-0.816, 7.210e-6
-0.817, 7.203e-6
-0.818, 7.196e-6
-0.819, 7.195e-6
-0.820, 7.194e-6
-0.821, 7.187e-6
-0.822, 7.180e-6
-0.823, 7.171e-6
-0.824, 7.167e-6
-0.825, 7.163e-6
-0.826, 7.156e-6
-0.827, 7.146e-6
-0.828, 7.138e-6
-0.829, 7.133e-6
-0.830, 7.130e-6
-0.831, 7.122e-6
-0.832, 7.113e-6
-0.833, 7.105e-6
-0.834, 7.097e-6
-0.835, 7.094e-6
-0.836, 7.085e-6
-0.837, 7.074e-6
-0.838, 7.065e-6
-0.839, 7.060e-6
-0.840, 7.055e-6
-0.841, 7.046e-6
-0.842, 7.036e-6
-0.843, 7.026e-6
-0.844, 7.019e-6
-0.845, 7.015e-6
-0.846, 7.005e-6
-0.847, 6.994e-6
-0.848, 6.985e-6
-0.849, 6.978e-6
-0.850, 6.971e-6
-0.851, 6.962e-6
-0.852, 6.952e-6
-0.853, 6.941e-6
-0.854, 6.935e-6
-0.855, 6.928e-6
-0.856, 6.919e-6
-0.857, 6.909e-6
-0.858, 6.897e-6
-0.859, 6.890e-6
-0.860, 6.885e-6
-0.861, 6.875e-6
-0.862, 6.865e-6
-0.863, 6.854e-6
-0.864, 6.847e-6
-0.865, 6.841e-6
-0.866, 6.831e-6
-0.867, 6.820e-6
-0.868, 6.809e-6
-0.869, 6.800e-6
-0.870, 6.797e-6
-0.871, 6.787e-6
-0.872, 6.776e-6
-0.873, 6.765e-6
-0.874, 6.757e-6
-0.875, 6.751e-6
-0.876, 6.741e-6
-0.877, 6.730e-6
-0.878, 6.721e-6
-0.879, 6.712e-6
-0.880, 6.706e-6
-0.881, 6.697e-6
-0.882, 6.686e-6
-0.883, 6.677e-6
-0.884, 6.670e-6
-0.885, 6.664e-6
-0.886, 6.654e-6
-0.887, 6.642e-6
-0.888, 6.633e-6
-0.889, 6.625e-6
-0.890, 6.620e-6
-0.891, 6.610e-6
-0.892, 6.601e-6
-0.893, 6.590e-6
-0.894, 6.584e-6
-0.895, 6.578e-6
-0.896, 6.569e-6
-0.897, 6.558e-6
-0.898, 6.549e-6
-0.899, 6.543e-6
-0.900, 6.537e-6
-0.901, 6.528e-6
-0.902, 6.518e-6
-0.903, 6.508e-6
-0.904, 6.502e-6
-0.905, 6.497e-6
-0.906, 6.488e-6
-0.907, 6.479e-6
-0.908, 6.471e-6
-0.909, 6.466e-6
-0.910, 6.461e-6
-0.911, 6.451e-6
-0.912, 6.440e-6
-0.913, 6.434e-6
-0.914, 6.428e-6
-0.915, 6.423e-6
-0.916, 6.414e-6
-0.917, 6.405e-6
-0.918, 6.397e-6
-0.919, 6.391e-6
-0.920, 6.388e-6
-0.921, 6.379e-6
-0.922, 6.370e-6
-0.923, 6.362e-6
-0.924, 6.358e-6
-0.925, 6.355e-6
-0.926, 6.347e-6
-0.927, 6.337e-6
-0.928, 6.330e-6
-0.929, 6.325e-6
-0.930, 6.321e-6
-0.931, 6.314e-6
-0.932, 6.305e-6
-0.933, 6.296e-6
-0.934, 6.294e-6
-0.935, 6.290e-6
-0.936, 6.283e-6
-0.937, 6.274e-6
-0.938, 6.268e-6
-0.939, 6.264e-6
-0.940, 6.260e-6
-0.941, 6.253e-6
-0.942, 6.247e-6
-0.943, 6.240e-6
-0.944, 6.236e-6
-0.945, 6.234e-6
-0.946, 6.226e-6
-0.947, 6.220e-6
-0.948, 6.214e-6
-0.949, 6.211e-6
-0.950, 6.209e-6
-0.951, 6.203e-6
-0.952, 6.197e-6
-0.953, 6.190e-6
-0.954, 6.188e-6
-0.955, 6.185e-6
-0.956, 6.180e-6
-0.957, 6.173e-6
-0.958, 6.169e-6
-0.959, 6.165e-6
-0.960, 6.164e-6
-0.961, 6.158e-6
-0.962, 6.151e-6
-0.963, 6.147e-6
-0.964, 6.145e-6
-0.965, 6.145e-6
-0.966, 6.139e-6
-0.967, 6.133e-6
-0.968, 6.126e-6
-0.969, 6.126e-6
-0.970, 6.123e-6
-0.971, 6.118e-6
-0.972, 6.113e-6
-0.973, 6.110e-6
-0.974, 6.108e-6
-0.975, 6.107e-6
-0.976, 6.101e-6
-0.977, 6.096e-6
-0.978, 6.091e-6
-0.979, 6.090e-6
-0.980, 6.090e-6
-0.981, 6.084e-6
-0.982, 6.079e-6
-0.983, 6.075e-6
-0.984, 6.073e-6
-0.985, 6.073e-6
-0.986, 6.069e-6
-0.987, 6.064e-6
-0.988, 6.060e-6
-0.989, 6.059e-6
-0.990, 6.060e-6
-0.991, 6.056e-6
-0.992, 6.051e-6
-0.993, 6.048e-6
-0.994, 6.046e-6
-0.995, 6.047e-6
-0.996, 6.043e-6
-0.997, 6.039e-6
-0.998, 6.036e-6
-0.999, 6.036e-6
-1.000, 6.036e-6
-1.001, 6.032e-6
-1.002, 6.028e-6
-1.003, 6.026e-6
-1.004, 6.026e-6
-1.005, 6.027e-6
-1.006, 6.024e-6
-1.007, 6.020e-6
-1.008, 6.017e-6
-1.009, 6.018e-6
-1.010, 6.018e-6
-1.011, 6.014e-6
-1.012, 6.014e-6
-1.013, 6.010e-6
-1.014, 6.012e-6
-1.015, 6.012e-6
-1.016, 6.010e-6
-1.017, 6.007e-6
-1.018, 6.003e-6
-1.019, 6.006e-6
-1.020, 6.007e-6
-1.021, 6.006e-6
-1.022, 6.003e-6
-1.023, 6.001e-6
-1.024, 6.004e-6
-1.025, 6.006e-6
-1.026, 6.004e-6
-1.027, 6.000e-6
-1.028, 5.999e-6
-1.029, 6.002e-6
-1.030, 6.004e-6
-1.031, 6.002e-6
-1.032, 5.999e-6
-1.033, 6.000e-6
-1.034, 6.003e-6
-1.035, 6.004e-6
-1.036, 6.004e-6
-1.037, 6.003e-6
-1.038, 6.003e-6
-1.039, 6.004e-6
-1.040, 6.007e-6
-1.041, 6.007e-6
-1.042, 6.005e-6
-1.043, 6.005e-6
-1.044, 6.010e-6
-1.045, 6.011e-6
-1.046, 6.011e-6
-1.047, 6.011e-6
-1.048, 6.012e-6
-1.049, 6.015e-6
-1.050, 6.018e-6
-1.051, 6.019e-6
-1.052, 6.019e-6
-1.053, 6.019e-6
-1.054, 6.024e-6
-1.055, 6.027e-6
-1.056, 6.029e-6
-1.057, 6.029e-6
-1.058, 6.030e-6
-1.059, 6.035e-6
-1.060, 6.040e-6
-1.061, 6.039e-6
-1.062, 6.041e-6
-1.063, 6.044e-6
-1.064, 6.048e-6
-1.065, 6.054e-6
-1.066, 6.055e-6
-1.067, 6.057e-6
-1.068, 6.059e-6
-1.069, 6.065e-6
-1.070, 6.071e-6
-1.071, 6.072e-6
-1.072, 6.075e-6
-1.073, 6.078e-6
-1.074, 6.084e-6
-1.075, 6.091e-6
-1.076, 6.094e-6
-1.077, 6.095e-6
-1.078, 6.099e-6
-1.079, 6.105e-6
-1.080, 6.112e-6
-1.081, 6.115e-6
-1.082, 6.118e-6
-1.083, 6.122e-6
-1.084, 6.129e-6
-1.085, 6.135e-6
-1.086, 6.138e-6
-1.087, 6.142e-6
-1.088, 6.146e-6
-1.089, 6.154e-6
-1.090, 6.161e-6
-1.091, 6.165e-6
-1.092, 6.168e-6
-1.093, 6.173e-6
-1.094, 6.182e-6
-1.095, 6.188e-6
-1.096, 6.191e-6
-1.097, 6.196e-6
-1.098, 6.200e-6
-1.099, 6.209e-6
-1.100, 6.216e-6
-1.101, 6.221e-6
-1.102, 6.227e-6
-1.103, 6.231e-6
-1.104, 6.238e-6
-1.105, 6.247e-6
-1.106, 6.250e-6
-1.107, 6.256e-6
-1.108, 6.262e-6
-1.109, 6.270e-6
-1.110, 6.279e-6
-1.111, 6.283e-6
-1.112, 6.288e-6
-1.113, 6.295e-6
-1.114, 6.303e-6
-1.115, 6.312e-6
-1.116, 6.316e-6
-1.117, 6.321e-6
-1.118, 6.326e-6
-1.119, 6.335e-6
-1.120, 6.343e-6
-1.121, 6.348e-6
-1.122, 6.353e-6
-1.123, 6.359e-6
-1.124, 6.368e-6
-1.125, 6.374e-6
-1.126, 6.378e-6
-1.127, 6.384e-6
-1.128, 6.388e-6
-1.129, 6.397e-6
-1.130, 6.403e-6
-1.131, 6.408e-6
-1.132, 6.413e-6
-1.133, 6.418e-6
-1.134, 6.426e-6
-1.135, 6.433e-6
-1.136, 6.436e-6
-1.137, 6.441e-6
-1.138, 6.445e-6
-1.139, 6.454e-6
-1.140, 6.460e-6
-1.141, 6.463e-6
-1.142, 6.466e-6
-1.143, 6.470e-6
-1.144, 6.478e-6
-1.145, 6.485e-6
-1.146, 6.487e-6
-1.147, 6.490e-6
-1.148, 6.495e-6
-1.149, 6.503e-6
-1.150, 6.508e-6
-1.151, 6.510e-6
-1.152, 6.513e-6
-1.153, 6.518e-6
-1.154, 6.525e-6
-1.155, 6.530e-6
-1.156, 6.533e-6
-1.157, 6.535e-6
-1.158, 6.540e-6
-1.159, 6.546e-6
-1.160, 6.552e-6
-1.161, 6.555e-6
-1.162, 6.556e-6
-1.163, 6.562e-6
-1.164, 6.567e-6
-1.165, 6.572e-6
-1.166, 6.575e-6
-1.167, 6.578e-6
-1.168, 6.582e-6
-1.169, 6.587e-6
-1.170, 6.593e-6
-1.171, 6.596e-6
-1.172, 6.598e-6
-1.173, 6.601e-6
-1.174, 6.609e-6
-1.175, 6.614e-6
-1.176, 6.616e-6
-1.177, 6.620e-6
-1.178, 6.624e-6
-1.179, 6.631e-6
-1.180, 6.636e-6
-1.181, 6.637e-6
-1.182, 6.641e-6
-1.183, 6.644e-6
-1.184, 6.652e-6
-1.185, 6.657e-6
-1.186, 6.658e-6
-1.187, 6.661e-6
-1.188, 6.666e-6
-1.189, 6.672e-6
-1.190, 6.678e-6
-1.191, 6.680e-6
-1.192, 6.683e-6
-1.193, 6.689e-6
-1.194, 6.694e-6
-1.195, 6.700e-6
-1.196, 6.703e-6
-1.197, 6.705e-6
-1.198, 6.711e-6
-1.199, 6.718e-6
-1.200, 6.724e-6
-1.201, 6.726e-6
-1.202, 6.729e-6
-1.203, 6.734e-6
-1.204, 6.741e-6
-1.205, 6.747e-6
-1.206, 6.751e-6
-1.207, 6.754e-6
-1.208, 6.760e-6
-1.209, 6.766e-6
-1.210, 6.773e-6
-1.211, 6.777e-6
-1.212, 6.780e-6
-1.213, 6.784e-6
-1.214, 6.793e-6
-1.215, 6.799e-6
-1.216, 6.803e-6
-1.217, 6.808e-6
-1.218, 6.812e-6
-1.219, 6.820e-6
-1.220, 6.828e-6
-1.221, 6.830e-6
-1.222, 6.835e-6
-1.223, 6.838e-6
-1.224, 6.848e-6
-1.225, 6.854e-6
-1.226, 6.857e-6
-1.227, 6.862e-6
-1.228, 6.868e-6
-1.229, 6.879e-6
-1.230, 6.883e-6
-1.231, 6.887e-6
-1.232, 6.891e-6
-1.233, 6.897e-6
-1.234, 6.904e-6
-1.235, 6.911e-6
-1.236, 6.915e-6
-1.237, 6.919e-6
-1.238, 6.926e-6
-1.239, 6.933e-6
-1.240, 6.940e-6
-1.241, 6.945e-6
-1.242, 6.948e-6
-1.243, 6.955e-6
-1.244, 6.963e-6
-1.245, 6.971e-6
-1.246, 6.975e-6
-1.247, 6.979e-6
-1.248, 6.983e-6
-1.249, 6.993e-6
-1.250, 7.000e-6
-1.251, 7.004e-6
-1.252, 7.009e-6
-1.253, 7.014e-6
-1.254, 7.022e-6
-1.255, 7.030e-6
-1.256, 7.033e-6
-1.257, 7.037e-6
-1.258, 7.043e-6
-1.259, 7.053e-6
-1.260, 7.060e-6
-1.261, 7.065e-6
-1.262, 7.068e-6
-1.263, 7.074e-6
-1.264, 7.083e-6
-1.265, 7.089e-6
-1.266, 7.093e-6
-1.267, 7.098e-6
-1.268, 7.104e-6
-1.269, 7.112e-6
-1.270, 7.120e-6
-1.271, 7.121e-6
-1.272, 7.126e-6
-1.273, 7.132e-6
-1.274, 7.140e-6
-1.275, 7.145e-6
-1.276, 7.149e-6
-1.277, 7.153e-6
-1.278, 7.158e-6
-1.279, 7.166e-6
-1.280, 7.173e-6
-1.281, 7.177e-6
-1.282, 7.179e-6
-1.283, 7.185e-6
-1.284, 7.192e-6
-1.285, 7.197e-6
-1.286, 7.199e-6
-1.287, 7.201e-6
-1.288, 7.206e-6
-1.289, 7.214e-6
-1.290, 7.219e-6
-1.291, 7.222e-6
-1.292, 7.225e-6
-1.293, 7.229e-6
-1.294, 7.235e-6
-1.295, 7.238e-6
-1.296, 7.240e-6
-1.297, 7.242e-6
-1.298, 7.245e-6
-1.299, 7.252e-6
-1.300, 7.256e-6
-1.301, 7.255e-6
-1.302, 7.258e-6
-1.303, 7.261e-6
-1.304, 7.266e-6
-1.305, 7.270e-6
-1.306, 7.270e-6
-1.307, 7.271e-6
-1.308, 7.273e-6
-1.309, 7.277e-6
-1.310, 7.281e-6
-1.311, 7.280e-6
-1.312, 7.280e-6
-1.313, 7.281e-6
-1.314, 7.286e-6
-1.315, 7.288e-6
-1.316, 7.286e-6
-1.317, 7.287e-6
-1.318, 7.289e-6
-1.319, 7.292e-6
-1.320, 7.292e-6
-1.321, 7.292e-6
-1.322, 7.289e-6
-1.323, 7.291e-6
-1.324, 7.293e-6
-1.325, 7.295e-6
-1.326, 7.293e-6
-1.327, 7.289e-6
-1.328, 7.290e-6
-1.329, 7.293e-6
-1.330, 7.291e-6
-1.331, 7.289e-6
-1.332, 7.287e-6
-1.333, 7.286e-6
-1.334, 7.287e-6
-1.335, 7.286e-6
-1.336, 7.282e-6
-1.337, 7.281e-6
-1.338, 7.277e-6
-1.339, 7.279e-6
-1.340, 7.278e-6
-1.341, 7.273e-6
-1.342, 7.270e-6
-1.343, 7.269e-6
-1.344, 7.270e-6
-1.345, 7.268e-6
-1.346, 7.262e-6
-1.347, 7.258e-6
-1.348, 7.256e-6
-1.349, 7.256e-6
-1.350, 7.253e-6
-1.351, 7.247e-6
-1.352, 7.243e-6
-1.353, 7.240e-6
-1.354, 7.239e-6
-1.355, 7.236e-6
-1.356, 7.231e-6
-1.357, 7.227e-6
-1.358, 7.224e-6
-1.359, 7.222e-6
-1.360, 7.219e-6
-1.361, 7.214e-6
-1.362, 7.207e-6
-1.363, 7.205e-6
-1.364, 7.204e-6
-1.365, 7.200e-6
-1.366, 7.194e-6
-1.367, 7.187e-6
-1.368, 7.183e-6
-1.369, 7.183e-6
-1.370, 7.179e-6
-1.371, 7.172e-6
-1.372, 7.166e-6
-1.373, 7.162e-6
-1.374, 7.162e-6
-1.375, 7.157e-6
-1.376, 7.151e-6
-1.377, 7.144e-6
-1.378, 7.141e-6
-1.379, 7.141e-6
-1.380, 7.137e-6
-1.381, 7.129e-6
-1.382, 7.125e-6
-1.383, 7.122e-6
-1.384, 7.120e-6
-1.385, 7.117e-6
-1.386, 7.109e-6
-1.387, 7.104e-6
-1.388, 7.100e-6
-1.389, 7.101e-6
-1.390, 7.097e-6
-1.391, 7.090e-6
-1.392, 7.085e-6
-1.393, 7.081e-6
-1.394, 7.080e-6
-1.395, 7.078e-6
-1.396, 7.071e-6
-1.397, 7.066e-6
-1.398, 7.063e-6
-1.399, 7.063e-6
-1.400, 7.060e-6
-1.401, 7.054e-6
-1.402, 7.049e-6
-1.403, 7.047e-6
-1.404, 7.046e-6
-1.405, 7.044e-6
-1.406, 7.039e-6
-1.407, 7.034e-6
-1.408, 7.033e-6
-1.409, 7.035e-6
-1.410, 7.032e-6
-1.411, 7.027e-6
-1.412, 7.023e-6
-1.413, 7.021e-6
-1.414, 7.022e-6
-1.415, 7.022e-6
-1.416, 7.017e-6
-1.417, 7.013e-6
-1.418, 7.011e-6
-1.419, 7.013e-6
-1.420, 7.012e-6
-1.421, 7.008e-6
-1.422, 7.006e-6
-1.423, 7.004e-6
-1.424, 7.007e-6
-1.425, 7.007e-6
-1.426, 7.002e-6
-1.427, 7.000e-6
-1.428, 6.999e-6
-1.429, 7.002e-6
-1.430, 7.002e-6
-1.431, 6.999e-6
-1.432, 6.997e-6
-1.433, 6.999e-6
-1.434, 7.003e-6
-1.435, 7.003e-6
-1.436, 7.000e-6
-1.437, 6.997e-6
-1.438, 7.000e-6
-1.439, 7.002e-6
-1.440, 7.003e-6
-1.441, 7.001e-6
-1.442, 6.998e-6
-1.443, 7.000e-6
-1.444, 7.005e-6
-1.445, 7.006e-6
-1.446, 7.004e-6
-1.447, 7.003e-6
-1.448, 7.005e-6
-1.449, 7.011e-6
-1.450, 7.011e-6
-1.451, 7.011e-6
-1.452, 7.010e-6
-1.453, 7.011e-6
-1.454, 7.018e-6
-1.455, 7.020e-6
-1.456, 7.019e-6
-1.457, 7.019e-6
-1.458, 7.021e-6
-1.459, 7.028e-6
-1.460, 7.031e-6
-1.461, 7.030e-6
-1.462, 7.030e-6
-1.463, 7.032e-6
-1.464, 7.039e-6
-1.465, 7.043e-6
-1.466, 7.043e-6
-1.467, 7.043e-6
-1.468, 7.048e-6
-1.469, 7.054e-6
-1.470, 7.058e-6
-1.471, 7.058e-6
-1.472, 7.059e-6
-1.473, 7.066e-6
-1.474, 7.071e-6
-1.475, 7.076e-6
-1.476, 7.076e-6
-1.477, 7.078e-6
-1.478, 7.085e-6
-1.479, 7.092e-6
-1.480, 7.097e-6
-1.481, 7.097e-6
-1.482, 7.099e-6
-1.483, 7.106e-6
-1.484, 7.115e-6
-1.485, 7.122e-6
-1.486, 7.124e-6
-1.487, 7.125e-6
-1.488, 7.130e-6
-1.489, 7.140e-6
-1.490, 7.144e-6
-1.491, 7.147e-6
-1.492, 7.151e-6
-1.493, 7.158e-6
-1.494, 7.167e-6
-1.495, 7.172e-6
-1.496, 7.176e-6
-1.497, 7.181e-6
-1.498, 7.188e-6
-1.499, 7.198e-6
-1.500, 7.204e-6
-1.501, 7.207e-6
-1.502, 7.213e-6
-1.503, 7.220e-6
-1.504, 7.232e-6
-1.505, 7.239e-6
-1.506, 7.242e-6
-1.507, 7.248e-6
-1.508, 7.257e-6
-1.509, 7.267e-6
-1.510, 7.277e-6
-1.511, 7.282e-6
-1.512, 7.288e-6
-1.513, 7.296e-6
-1.514, 7.309e-6
-1.515, 7.318e-6
-1.516, 7.323e-6
-1.517, 7.330e-6
-1.518, 7.343e-6
-1.519, 7.355e-6
-1.520, 7.364e-6
-1.521, 7.372e-6
-1.522, 7.379e-6
-1.523, 7.392e-6
-1.524, 7.405e-6
-1.525, 7.417e-6
-1.526, 7.426e-6
-1.527, 7.434e-6
-1.528, 7.448e-6
-1.529, 7.466e-6
-1.530, 7.477e-6
-1.531, 7.487e-6
-1.532, 7.498e-6
-1.533, 7.513e-6
-1.534, 7.529e-6
-1.535, 7.543e-6
-1.536, 7.555e-6
-1.537, 7.569e-6
-1.538, 7.582e-6
-1.539, 7.603e-6
-1.540, 7.617e-6
-1.541, 7.628e-6
-1.542, 7.642e-6
-1.543, 7.657e-6
-1.544, 7.679e-6
-1.545, 7.695e-6
-1.546, 7.707e-6
-1.547, 7.722e-6
-1.548, 7.741e-6
-1.549, 7.760e-6
-1.550, 7.779e-6
-1.551, 7.792e-6
-1.552, 7.807e-6
-1.553, 7.826e-6
-1.554, 7.848e-6
-1.555, 7.867e-6
-1.556, 7.881e-6
-1.557, 7.895e-6
-1.558, 7.918e-6
-1.559, 7.939e-6
-1.560, 7.960e-6
-1.561, 7.978e-6
-1.562, 7.994e-6
-1.563, 8.017e-6
-1.564, 8.042e-6
-1.565, 8.060e-6
-1.566, 8.080e-6
-1.567, 8.097e-6
-1.568, 8.121e-6
-1.569, 8.148e-6
-1.570, 8.170e-6
-1.571, 8.191e-6
-1.572, 8.213e-6
-1.573, 8.239e-6
-1.574, 8.269e-6
-1.575, 8.294e-6
-1.576, 8.316e-6
-1.577, 8.339e-6
-1.578, 8.365e-6
-1.579, 8.396e-6
-1.580, 8.422e-6
-1.581, 8.446e-6
-1.582, 8.471e-6
-1.583, 8.502e-6
-1.584, 8.535e-6
-1.585, 8.566e-6
-1.586, 8.591e-6
-1.587, 8.618e-6
-1.588, 8.652e-6
-1.589, 8.688e-6
-1.590, 8.720e-6
-1.591, 8.750e-6
-1.592, 8.780e-6
-1.593, 8.816e-6
-1.594, 8.855e-6
-1.595, 8.889e-6
-1.596, 8.923e-6
-1.597, 8.957e-6
-1.598, 8.998e-6
-1.599, 9.042e-6
-1.600, 9.083e-6
-1.601, 9.119e-6
-1.602, 9.154e-6
-1.603, 9.199e-6
-1.604, 9.249e-6
-1.605, 9.291e-6
-1.606, 9.336e-6
-1.607, 9.374e-6
-1.608, 9.422e-6
-1.609, 9.476e-6
-1.610, 9.524e-6
-1.611, 9.571e-6
-1.612, 9.618e-6
-1.613, 9.673e-6
-1.614, 9.733e-6
-1.615, 9.786e-6
-1.616, 9.837e-6
-1.617, 9.893e-6
-1.618, 9.951e-6
-1.619, 1.002e-5
-1.620, 1.008e-5
-1.621, 1.013e-5
-1.622, 1.019e-5
-1.623, 1.026e-5
-1.624, 1.033e-5
-1.625, 1.040e-5
-1.626, 1.046e-5
-1.627, 1.053e-5
-1.628, 1.060e-5
-1.629, 1.068e-5
-1.630, 1.076e-5
-1.631, 1.084e-5
-1.632, 1.091e-5
-1.633, 1.100e-5
-1.634, 1.108e-5
-1.635, 1.117e-5
-1.636, 1.125e-5
-1.637, 1.133e-5
-1.638, 1.143e-5
-1.639, 1.154e-5
-1.640, 1.163e-5
-1.641, 1.172e-5
-1.642, 1.181e-5
-1.643, 1.192e-5
-1.644, 1.202e-5
-1.645, 1.211e-5
-1.646, 1.221e-5
-1.647, 1.231e-5
-1.648, 1.243e-5
-1.649, 1.255e-5
-1.650, 1.266e-5
-1.651, 1.278e-5
-1.652, 1.290e-5
-1.653, 1.302e-5
-1.654, 1.315e-5
-1.655, 1.328e-5
-1.656, 1.340e-5
-1.657, 1.353e-5
-1.658, 1.367e-5
-1.659, 1.382e-5
-1.660, 1.396e-5
-1.661, 1.409e-5
-1.662, 1.423e-5
-1.663, 1.438e-5
-1.664, 1.454e-5
-1.665, 1.470e-5
-1.666, 1.485e-5
-1.667, 1.501e-5
-1.668, 1.517e-5
-1.669, 1.534e-5
-1.670, 1.551e-5
-1.671, 1.567e-5
-1.672, 1.584e-5
-1.673, 1.602e-5
-1.674, 1.621e-5
-1.675, 1.639e-5
-1.676, 1.658e-5
-1.677, 1.677e-5
-1.678, 1.696e-5
-1.679, 1.716e-5
-1.680, 1.735e-5
-1.681, 1.755e-5
-1.682, 1.775e-5
-1.683, 1.796e-5
-1.684, 1.817e-5
-1.685, 1.838e-5
-1.686, 1.860e-5
-1.687, 1.881e-5
-1.688, 1.903e-5
-1.689, 1.927e-5
-1.690, 1.949e-5
-1.691, 1.972e-5
-1.692, 1.995e-5
-1.693, 2.018e-5
-1.694, 2.043e-5
-1.695, 2.068e-5
-1.696, 2.092e-5
-1.697, 2.116e-5
-1.698, 2.141e-5
-1.699, 2.167e-5
-1.700, 2.193e-5
-1.701, 2.217e-5
-1.702, 2.243e-5
-1.703, 2.270e-5
-1.704, 2.297e-5
-1.705, 2.324e-5
-1.706, 2.351e-5
-1.707, 2.379e-5
-1.708, 2.408e-5
-1.709, 2.437e-5
-1.710, 2.465e-5
-1.711, 2.493e-5
-1.712, 2.521e-5
-1.713, 2.551e-5
-1.714, 2.581e-5
-1.715, 2.611e-5
-1.716, 2.640e-5
-1.717, 2.671e-5
-1.718, 2.703e-5
-1.719, 2.734e-5
-1.720, 2.766e-5
-1.721, 2.796e-5
-1.722, 2.827e-5
-1.723, 2.860e-5
-1.724, 2.893e-5
-1.725, 2.925e-5
-1.726, 2.958e-5
-1.727, 2.991e-5
-1.728, 3.025e-5
-1.729, 3.061e-5
-1.730, 3.095e-5
-1.731, 3.129e-5
-1.732, 3.164e-5
-1.733, 3.201e-5
-1.734, 3.238e-5
-1.735, 3.275e-5
-1.736, 3.312e-5
-1.737, 3.349e-5
-1.738, 3.386e-5
-1.739, 3.424e-5
-1.740, 3.463e-5
-1.741, 3.501e-5
-1.742, 3.540e-5
-1.743, 3.580e-5
-1.744, 3.621e-5
-1.745, 3.662e-5
-1.746, 3.703e-5
-1.747, 3.744e-5
-1.748, 3.786e-5
-1.749, 3.830e-5
-1.750, 3.874e-5
-1.751, 3.917e-5
-1.752, 3.960e-5
-1.753, 4.005e-5
-1.754, 4.051e-5
-1.755, 4.098e-5
-1.756, 4.145e-5
-1.757, 4.192e-5
-1.758, 4.241e-5
-1.759, 4.290e-5
-1.760, 4.340e-5
-1.761, 4.388e-5
-1.762, 4.437e-5
-1.763, 4.489e-5
-1.764, 4.544e-5
-1.765, 4.597e-5
-1.766, 4.651e-5
-1.767, 4.706e-5
-1.768, 4.763e-5
-1.769, 4.821e-5
-1.770, 4.879e-5
-1.771, 4.938e-5
-1.772, 4.997e-5
-1.773, 5.059e-5
-1.774, 5.122e-5
-1.775, 5.185e-5
-1.776, 5.250e-5
-1.777, 5.318e-5
-1.778, 5.386e-5
-1.779, 5.455e-5
-1.780, 5.526e-5
-1.781, 5.598e-5
-1.782, 5.671e-5
-1.783, 5.748e-5
-1.784, 5.826e-5
-1.785, 5.906e-5
-1.786, 5.984e-5
-1.787, 6.066e-5
-1.788, 6.151e-5
-1.789, 6.238e-5
-1.790, 6.325e-5
-1.791, 6.416e-5
-1.792, 6.508e-5
-1.793, 6.605e-5
-1.794, 6.703e-5
-1.795, 6.803e-5
-1.796, 6.905e-5
-1.797, 7.009e-5
-1.798, 7.116e-5
-1.799, 7.225e-5
-1.800, 7.338e-5
-1.801, 7.455e-5
-1.802, 7.572e-5
-1.803, 7.694e-5
-1.804, 7.820e-5
-1.805, 7.949e-5
-1.806, 8.082e-5
-1.807, 8.216e-5
-1.808, 8.353e-5
-1.809, 8.495e-5
-1.810, 8.641e-5
-1.811, 8.790e-5
-1.812, 8.941e-5
-1.813, 9.096e-5
-1.814, 9.253e-5
-1.815, 9.412e-5
-1.816, 9.578e-5
-1.817, 9.746e-5
-1.818, 9.917e-5
-1.819, 1.009e-4
-1.820, 1.028e-4
-1.821, 1.046e-4
-1.822, 1.065e-4
-1.823, 1.084e-4
-1.824, 1.104e-4
-1.825, 1.123e-4
-1.826, 1.144e-4
-1.827, 1.164e-4
-1.828, 1.185e-4
-1.829, 1.207e-4
-1.830, 1.229e-4
-1.831, 1.251e-4
-1.832, 1.274e-4
-1.833, 1.297e-4
-1.834, 1.321e-4
-1.835, 1.345e-4
-1.836, 1.369e-4
-1.837, 1.393e-4
-1.838, 1.418e-4
-1.839, 1.444e-4
-1.840, 1.470e-4
-1.841, 1.496e-4
-1.842, 1.524e-4
-1.843, 1.551e-4
-1.844, 1.579e-4
-1.845, 1.608e-4
-1.846, 1.636e-4
-1.847, 1.665e-4
-1.848, 1.695e-4
-1.849, 1.725e-4
-1.850, 1.755e-4
-1.851, 1.786e-4
-1.852, 1.817e-4
-1.853, 1.849e-4
-1.854, 1.881e-4
-1.855, 1.914e-4
-1.856, 1.948e-4
-1.857, 1.981e-4
-1.858, 2.016e-4
-1.859, 2.050e-4
-1.860, 2.085e-4
-1.861, 2.121e-4
-1.862, 2.157e-4
-1.863, 2.194e-4
-1.864, 2.231e-4
-1.865, 2.269e-4
-1.866, 2.307e-4
-1.867, 2.346e-4
-1.868, 2.385e-4
-1.869, 2.425e-4
-1.870, 2.465e-4
-1.871, 2.505e-4
-1.872, 2.546e-4
-1.873, 2.588e-4
-1.874, 2.630e-4
-1.875, 2.673e-4
-1.876, 2.716e-4
-1.877, 2.759e-4
-1.878, 2.802e-4
-1.879, 2.847e-4
-1.880, 2.892e-4
-1.881, 2.937e-4
-1.882, 2.982e-4
-1.883, 3.028e-4
-1.884, 3.074e-4
-1.885, 3.120e-4
-1.886, 3.167e-4
-1.887, 3.214e-4
-1.888, 3.261e-4
-1.889, 3.309e-4
-1.890, 3.356e-4
-1.891, 3.403e-4
-1.892, 3.450e-4
-1.893, 3.498e-4
-1.894, 3.546e-4
-1.895, 3.593e-4
-1.896, 3.640e-4
-1.897, 3.687e-4
-1.898, 3.733e-4
-1.899, 3.780e-4
-1.900, 3.827e-4
-1.901, 3.874e-4
-1.902, 3.920e-4
-1.903, 3.965e-4
-1.904, 4.012e-4
-1.905, 4.058e-4
-1.906, 4.105e-4
-1.907, 4.151e-4
-1.908, 4.198e-4
-1.909, 4.246e-4
-1.910, 4.294e-4
-1.911, 4.342e-4
-1.912, 4.390e-4
-1.913, 4.439e-4
-1.914, 4.488e-4
-1.915, 4.537e-4
-1.916, 4.586e-4
-1.917, 4.636e-4
-1.918, 4.686e-4
-1.919, 4.736e-4
-1.920, 4.787e-4
-1.921, 4.840e-4
-1.922, 4.892e-4
-1.923, 4.945e-4
-1.924, 4.999e-4
-1.925, 5.051e-4
-1.926, 5.105e-4
-1.927, 5.159e-4
-1.928, 5.214e-4
-1.929, 5.268e-4
-1.930, 5.322e-4
-1.931, 5.375e-4
-1.932, 5.430e-4
-1.933, 5.485e-4
-1.934, 5.541e-4
-1.935, 5.598e-4
-1.936, 5.655e-4
-1.937, 5.713e-4
-1.938, 5.771e-4
-1.939, 5.829e-4
-1.940, 5.888e-4
-1.941, 5.947e-4
-1.942, 6.006e-4
-1.943, 6.064e-4
-1.944, 6.123e-4
-1.945, 6.182e-4
-1.946, 6.242e-4
-1.947, 6.300e-4
-1.948, 6.358e-4
-1.949, 6.418e-4
-1.950, 6.480e-4
-1.951, 6.541e-4
-1.952, 6.603e-4
-1.953, 6.665e-4
-1.954, 6.728e-4
-1.955, 6.792e-4
-1.956, 6.856e-4
-1.957, 6.920e-4
-1.958, 6.985e-4
-1.959, 7.047e-4
-1.960, 7.109e-4
-1.961, 7.168e-4
-1.962, 7.228e-4
-1.963, 7.287e-4
-1.964, 7.346e-4
-1.965, 7.405e-4
-1.966, 7.460e-4
-1.967, 7.514e-4
-1.968, 7.569e-4
-1.969, 7.625e-4
-1.970, 7.683e-4
-1.971, 7.741e-4
-1.972, 7.799e-4
-1.973, 7.859e-4
-1.974, 7.921e-4
-1.975, 7.983e-4
-1.976, 8.047e-4
-1.977, 8.111e-4
-1.978, 8.175e-4
-1.979, 8.241e-4
-1.980, 8.303e-4
-1.981, 8.366e-4
-1.982, 8.432e-4
-1.983, 8.502e-4
-1.984, 8.572e-4
-1.985, 8.639e-4
-1.986, 8.709e-4
-1.987, 8.778e-4
-1.988, 8.848e-4
-1.989, 8.918e-4
-1.990, 8.989e-4
-1.991, 9.058e-4
-1.992, 9.127e-4
-1.993, 9.197e-4
-1.994, 9.267e-4
-1.995, 9.341e-4
-1.996, 9.416e-4
-1.997, 9.491e-4
-1.998, 9.566e-4
-1.999, 9.637e-4
-2.000, 9.711e-4
-2.001, 9.782e-4
-2.002, 9.857e-4
-2.003, 9.929e-4
-2.004, 1.000e-3
-2.005, 1.008e-3
-2.006, 1.011e-3
-2.007, 1.011e-3
-2.008, 1.011e-3
-2.009, 1.011e-3
-2.010, 1.011e-3
-2.011, 1.011e-3
-2.012, 1.011e-3
-2.013, 1.011e-3
-2.014, 1.011e-3
-2.015, 1.011e-3
-2.016, 1.011e-3
-2.017, 1.011e-3
-2.018, 1.011e-3
-2.019, 1.011e-3
-2.020, 1.011e-3
-2.021, 1.011e-3
-2.022, 1.011e-3
-2.023, 1.011e-3
-2.024, 1.011e-3
-2.025, 1.011e-3
-2.026, 1.011e-3
-2.027, 1.011e-3
-2.028, 1.011e-3
-2.029, 1.011e-3
-2.030, 1.011e-3
-2.031, 1.011e-3
-2.032, 1.011e-3
-2.033, 1.011e-3
-2.034, 1.011e-3
-2.035, 1.011e-3
-2.036, 1.011e-3
-2.037, 1.011e-3
-2.038, 1.011e-3
-2.039, 1.011e-3
-2.040, 1.011e-3
-2.041, 1.011e-3
-2.042, 1.011e-3
-2.043, 1.011e-3
-2.044, 1.011e-3
-2.045, 1.011e-3
-2.046, 1.011e-3
-2.047, 1.011e-3
-2.048, 1.011e-3
-2.049, 1.011e-3
-2.050, 1.011e-3
-2.051, 1.011e-3
-2.052, 1.011e-3
-2.053, 1.011e-3
-2.054, 1.011e-3
-2.055, 1.011e-3
-2.056, 1.011e-3
-2.057, 1.011e-3
-2.058, 1.011e-3
-2.059, 1.011e-3
-2.060, 1.011e-3
-2.061, 1.011e-3
-2.062, 1.011e-3
-2.063, 1.011e-3
-2.064, 1.011e-3
-2.065, 1.011e-3
-2.066, 1.011e-3
-2.067, 1.011e-3
-2.068, 1.011e-3
-2.069, 1.011e-3
-2.070, 1.011e-3
-2.071, 1.011e-3
-2.072, 1.011e-3
-2.073, 1.011e-3
-2.074, 1.011e-3
-2.075, 1.011e-3
-2.076, 1.011e-3
-2.077, 1.011e-3
-2.078, 1.011e-3
-2.079, 1.011e-3
-2.080, 1.011e-3
-2.081, 1.011e-3
-2.082, 1.011e-3
-2.083, 1.011e-3
-2.084, 1.011e-3
-2.085, 1.011e-3
-2.086, 1.011e-3
-2.087, 1.011e-3
-2.088, 1.011e-3
-2.089, 1.011e-3
-2.090, 1.011e-3
-2.091, 1.011e-3
-2.092, 1.011e-3
-2.093, 1.011e-3
-2.094, 1.011e-3
-2.095, 1.011e-3
-2.096, 1.011e-3
-2.097, 1.011e-3
-2.098, 1.011e-3
-2.099, 1.011e-3
-2.100, 1.011e-3
-2.101, 1.011e-3
-2.102, 1.011e-3
-2.103, 1.011e-3
-2.104, 1.011e-3
-2.105, 1.011e-3
-2.106, 1.011e-3
-2.107, 1.011e-3
-2.108, 1.011e-3
-2.109, 1.011e-3
-2.110, 1.011e-3
-2.111, 1.011e-3
-2.112, 1.011e-3
-2.113, 1.011e-3
-2.114, 1.011e-3
-2.115, 1.011e-3
-2.116, 1.011e-3
-2.117, 1.011e-3
-2.118, 1.011e-3
-2.119, 1.011e-3
-2.120, 1.011e-3
-2.121, 1.011e-3
-2.122, 1.011e-3
-2.123, 1.011e-3
-2.124, 1.011e-3
-2.125, 1.011e-3
-2.126, 1.011e-3
-2.127, 1.011e-3
-2.128, 1.011e-3
-2.129, 1.011e-3
-2.130, 1.011e-3
-2.131, 1.011e-3
-2.132, 1.011e-3
-2.133, 1.011e-3
-2.134, 1.011e-3
-2.135, 1.011e-3
-2.136, 1.011e-3
-2.137, 1.011e-3
-2.138, 1.011e-3
-2.139, 1.011e-3
-2.140, 1.011e-3
-2.141, 1.011e-3
-2.142, 1.011e-3
-2.143, 1.011e-3
-2.144, 1.011e-3
-2.145, 1.011e-3
-2.146, 1.011e-3
-2.147, 1.011e-3
-2.148, 1.011e-3
-2.149, 1.011e-3
-2.150, 1.011e-3
-2.151, 1.011e-3
-2.152, 1.011e-3
-2.153, 1.011e-3
-2.154, 1.011e-3
-2.155, 1.011e-3
-2.156, 1.011e-3
-2.157, 1.011e-3
-2.158, 1.011e-3
-2.159, 1.011e-3
-2.160, 1.011e-3
-2.161, 1.011e-3
-2.162, 1.011e-3
-2.163, 1.011e-3
-2.164, 1.011e-3
-2.165, 1.011e-3
-2.166, 1.011e-3
-2.167, 1.011e-3
-2.168, 1.011e-3
-2.169, 1.011e-3
-2.170, 1.011e-3
-2.171, 1.011e-3
-2.172, 1.011e-3
-2.173, 1.011e-3
-2.174, 1.011e-3
-2.175, 1.011e-3
-2.176, 1.011e-3
-2.177, 1.011e-3
-2.178, 1.011e-3
-2.179, 1.011e-3
-2.180, 1.011e-3
-2.181, 1.011e-3
-2.182, 1.011e-3
-2.183, 1.011e-3
-2.184, 1.011e-3
-2.185, 1.011e-3
-2.186, 1.011e-3
-2.187, 1.011e-3
-2.188, 1.011e-3
-2.189, 1.011e-3
-2.190, 1.011e-3
-2.191, 1.011e-3
-2.192, 1.011e-3
-2.193, 1.011e-3
-2.194, 1.011e-3
-2.195, 1.011e-3
-2.196, 1.011e-3
-2.197, 1.011e-3
-2.198, 1.011e-3
-2.199, 1.011e-3
-2.200, 1.011e-3
-2.201, 1.011e-3
-2.202, 1.011e-3
-2.203, 1.011e-3
-2.204, 1.011e-3
-2.205, 1.011e-3
-2.206, 1.011e-3
-2.207, 1.011e-3
-2.208, 1.011e-3
-2.209, 1.011e-3
-2.210, 1.011e-3
-2.211, 1.011e-3
-2.212, 1.011e-3
-2.213, 1.011e-3
-2.214, 1.011e-3
-2.215, 1.011e-3
-2.216, 1.011e-3
-2.217, 1.011e-3
-2.218, 1.011e-3
-2.219, 1.011e-3
-2.220, 1.011e-3
-2.221, 1.011e-3
-2.222, 1.011e-3
-2.223, 1.011e-3
-2.224, 1.011e-3
-2.225, 1.011e-3
-2.226, 1.011e-3
-2.227, 1.011e-3
-2.228, 1.011e-3
-2.229, 1.011e-3
-2.230, 1.011e-3
-2.231, 1.011e-3
-2.232, 1.011e-3
-2.233, 1.011e-3
-2.234, 1.011e-3
-2.235, 1.011e-3
-2.236, 1.011e-3
-2.237, 1.011e-3
-2.238, 1.011e-3
-2.239, 1.011e-3
-2.240, 1.011e-3
-2.241, 1.011e-3
-2.242, 1.011e-3
-2.243, 1.011e-3
-2.244, 1.011e-3
-2.245, 1.011e-3
-2.246, 1.011e-3
-2.247, 1.011e-3
-2.248, 1.011e-3
-2.249, 1.011e-3
-2.250, 1.011e-3
-2.251, 1.011e-3
-2.252, 1.011e-3
-2.253, 1.011e-3
-2.254, 1.011e-3
-2.255, 1.011e-3
-2.256, 1.011e-3
-2.257, 1.011e-3
-2.258, 1.011e-3
-2.259, 1.011e-3
-2.260, 1.011e-3
-2.261, 1.011e-3
-2.262, 1.011e-3
-2.263, 1.011e-3
-2.264, 1.011e-3
-2.265, 1.011e-3
-2.266, 1.011e-3
-2.267, 1.011e-3
-2.268, 1.011e-3
-2.269, 1.011e-3
-2.270, 1.011e-3
-2.271, 1.011e-3
-2.272, 1.011e-3
-2.273, 1.011e-3
-2.274, 1.011e-3
-2.275, 1.011e-3
-2.276, 1.011e-3
-2.277, 1.011e-3
-2.278, 1.011e-3
-2.279, 1.011e-3
-2.280, 1.011e-3
-2.281, 1.011e-3
-2.282, 1.011e-3
-2.283, 1.011e-3
-2.284, 1.011e-3
-2.285, 1.011e-3
-2.286, 1.011e-3
-2.287, 1.011e-3
-2.288, 1.011e-3
-2.289, 1.011e-3
-2.290, 1.011e-3
-2.291, 1.011e-3
-2.292, 1.011e-3
-2.293, 1.011e-3
-2.294, 1.011e-3
-2.295, 1.011e-3
-2.296, 1.011e-3
-2.297, 1.011e-3
-2.298, 1.011e-3
-2.299, 1.011e-3
