Apr. 5, 2025   16:00:51
Cyclic Voltammetry
File: c:/users/guazh/data/banditlqround7_x0exp994_r5/2025-03-28-exp991\exp991-2025-04-05t15_47_45-h2koh\exp991_cv_sr_50mvs_efin_-1600mv.bin
Data Source:  Experiment
Instrument Model:  CHI760E
Header: CV ran at 50 mVs
Note: 

Init E (V) = -1
High E (V) = -1
Low E (V) = -1.6
Final E (V) = -1
Init P/N = N
Scan Rate (V/s) = 0.05
Segment = 3
Sample Interval (V) = 0.001
Quiet Time (sec) = 2
Sensitivity (A/V) = 0.01
Comp R (ohm) = 1.9

Results:

Channel 1:
Segment 1:

Segment 2:

Segment 3:

Potential/V, Current/A

-1.000, 5.722e-8
-1.001, 1.953e-7
-1.002, 2.940e-7
-1.003, 4.617e-7
-1.004, 4.617e-7
-1.005, 6.689e-7
-1.006, 5.900e-7
-1.007, 6.393e-7
-1.008, 7.281e-7
-1.009, 8.465e-7
-1.010, 8.958e-7
-1.011, 9.057e-7
-1.012, 8.070e-7
-1.013, 9.649e-7
-1.014, 1.064e-6
-1.015, 1.212e-6
-1.016, 1.064e-6
-1.017, 1.083e-6
-1.018, 1.212e-6
-1.019, 1.142e-6
-1.020, 1.281e-6
-1.021, 1.261e-6
-1.022, 1.251e-6
-1.023, 1.271e-6
-1.024, 1.389e-6
-1.025, 1.517e-6
-1.026, 1.508e-6
-1.027, 1.468e-6
-1.028, 1.498e-6
-1.029, 1.537e-6
-1.030, 1.596e-6
-1.031, 1.675e-6
-1.032, 1.557e-6
-1.033, 1.626e-6
-1.034, 1.725e-6
-1.035, 1.685e-6
-1.036, 1.725e-6
-1.037, 1.695e-6
-1.038, 1.784e-6
-1.039, 1.744e-6
-1.040, 1.902e-6
-1.041, 1.794e-6
-1.042, 1.813e-6
-1.043, 1.882e-6
-1.044, 1.784e-6
-1.045, 1.922e-6
-1.046, 1.932e-6
-1.047, 1.892e-6
-1.048, 1.873e-6
-1.049, 1.912e-6
-1.050, 2.030e-6
-1.051, 1.991e-6
-1.052, 2.011e-6
-1.053, 2.050e-6
-1.054, 1.971e-6
-1.055, 2.159e-6
-1.056, 2.021e-6
-1.057, 2.060e-6
-1.058, 2.129e-6
-1.059, 2.070e-6
-1.060, 2.238e-6
-1.061, 2.099e-6
-1.062, 2.139e-6
-1.063, 2.129e-6
-1.064, 2.099e-6
-1.065, 2.326e-6
-1.066, 2.188e-6
-1.067, 2.267e-6
-1.068, 2.198e-6
-1.069, 2.267e-6
-1.070, 2.238e-6
-1.071, 2.218e-6
-1.072, 2.218e-6
-1.073, 2.326e-6
-1.074, 2.346e-6
-1.075, 2.435e-6
-1.076, 2.356e-6
-1.077, 2.366e-6
-1.078, 2.386e-6
-1.079, 2.386e-6
-1.080, 2.405e-6
-1.081, 2.346e-6
-1.082, 2.376e-6
-1.083, 2.445e-6
-1.084, 2.435e-6
-1.085, 2.494e-6
-1.086, 2.484e-6
-1.087, 2.405e-6
-1.088, 2.543e-6
-1.089, 2.524e-6
-1.090, 2.573e-6
-1.091, 2.474e-6
-1.092, 2.553e-6
-1.093, 2.553e-6
-1.094, 2.573e-6
-1.095, 2.622e-6
-1.096, 2.514e-6
-1.097, 2.543e-6
-1.098, 2.691e-6
-1.099, 2.553e-6
-1.100, 2.622e-6
-1.101, 2.682e-6
-1.102, 2.622e-6
-1.103, 2.731e-6
-1.104, 2.583e-6
-1.105, 2.820e-6
-1.106, 2.662e-6
-1.107, 2.691e-6
-1.108, 2.711e-6
-1.109, 2.711e-6
-1.110, 2.770e-6
-1.111, 2.711e-6
-1.112, 2.751e-6
-1.113, 2.721e-6
-1.114, 2.810e-6
-1.115, 2.879e-6
-1.116, 2.820e-6
-1.117, 2.711e-6
-1.118, 2.760e-6
-1.119, 2.869e-6
-1.120, 2.889e-6
-1.121, 2.859e-6
-1.122, 2.879e-6
-1.123, 2.869e-6
-1.124, 2.830e-6
-1.125, 2.908e-6
-1.126, 2.948e-6
-1.127, 2.958e-6
-1.128, 3.027e-6
-1.129, 2.928e-6
-1.130, 2.978e-6
-1.131, 2.948e-6
-1.132, 2.987e-6
-1.133, 2.997e-6
-1.134, 2.938e-6
-1.135, 3.096e-6
-1.136, 3.165e-6
-1.137, 2.987e-6
-1.138, 3.027e-6
-1.139, 3.027e-6
-1.140, 3.106e-6
-1.141, 3.027e-6
-1.142, 3.047e-6
-1.143, 3.066e-6
-1.144, 3.165e-6
-1.145, 3.145e-6
-1.146, 3.195e-6
-1.147, 3.155e-6
-1.148, 3.086e-6
-1.149, 3.135e-6
-1.150, 3.175e-6
-1.151, 3.126e-6
-1.152, 3.195e-6
-1.153, 3.155e-6
-1.154, 3.185e-6
-1.155, 3.195e-6
-1.156, 3.274e-6
-1.157, 3.204e-6
-1.158, 3.234e-6
-1.159, 3.264e-6
-1.160, 3.343e-6
-1.161, 3.264e-6
-1.162, 3.234e-6
-1.163, 3.224e-6
-1.164, 3.244e-6
-1.165, 3.372e-6
-1.166, 3.274e-6
-1.167, 3.244e-6
-1.168, 3.303e-6
-1.169, 3.254e-6
-1.170, 3.274e-6
-1.171, 3.264e-6
-1.172, 3.244e-6
-1.173, 3.333e-6
-1.174, 3.234e-6
-1.175, 3.333e-6
-1.176, 3.333e-6
-1.177, 3.323e-6
-1.178, 3.323e-6
-1.179, 3.372e-6
-1.180, 3.402e-6
-1.181, 3.471e-6
-1.182, 3.431e-6
-1.183, 3.343e-6
-1.184, 3.392e-6
-1.185, 3.481e-6
-1.186, 3.382e-6
-1.187, 3.392e-6
-1.188, 3.451e-6
-1.189, 3.382e-6
-1.190, 3.481e-6
-1.191, 3.491e-6
-1.192, 3.471e-6
-1.193, 3.500e-6
-1.194, 3.461e-6
-1.195, 3.500e-6
-1.196, 3.500e-6
-1.197, 3.431e-6
-1.198, 3.530e-6
-1.199, 3.441e-6
-1.200, 3.629e-6
-1.201, 3.520e-6
-1.202, 3.491e-6
-1.203, 3.648e-6
-1.204, 3.560e-6
-1.205, 3.550e-6
-1.206, 3.629e-6
-1.207, 3.639e-6
-1.208, 3.658e-6
-1.209, 3.570e-6
-1.210, 3.639e-6
-1.211, 3.560e-6
-1.212, 3.678e-6
-1.213, 3.648e-6
-1.214, 3.648e-6
-1.215, 3.579e-6
-1.216, 3.639e-6
-1.217, 3.589e-6
-1.218, 3.639e-6
-1.219, 3.629e-6
-1.220, 3.727e-6
-1.221, 3.668e-6
-1.222, 3.698e-6
-1.223, 3.727e-6
-1.224, 3.668e-6
-1.225, 3.717e-6
-1.226, 3.678e-6
-1.227, 3.658e-6
-1.228, 3.747e-6
-1.229, 3.905e-6
-1.230, 3.905e-6
-1.231, 3.826e-6
-1.232, 3.865e-6
-1.233, 3.944e-6
-1.234, 3.865e-6
-1.235, 3.915e-6
-1.236, 3.856e-6
-1.237, 3.885e-6
-1.238, 3.875e-6
-1.239, 3.826e-6
-1.240, 3.925e-6
-1.241, 3.905e-6
-1.242, 3.944e-6
-1.243, 4.063e-6
-1.244, 3.984e-6
-1.245, 4.004e-6
-1.246, 4.004e-6
-1.247, 3.885e-6
-1.248, 4.053e-6
-1.249, 4.043e-6
-1.250, 4.043e-6
-1.251, 4.023e-6
-1.252, 4.004e-6
-1.253, 4.063e-6
-1.254, 4.043e-6
-1.255, 4.142e-6
-1.256, 4.102e-6
-1.257, 4.112e-6
-1.258, 4.191e-6
-1.259, 4.152e-6
-1.260, 4.171e-6
-1.261, 4.309e-6
-1.262, 4.211e-6
-1.263, 4.240e-6
-1.264, 4.240e-6
-1.265, 4.300e-6
-1.266, 4.240e-6
-1.267, 4.300e-6
-1.268, 4.349e-6
-1.269, 4.418e-6
-1.270, 4.418e-6
-1.271, 4.369e-6
-1.272, 4.359e-6
-1.273, 4.517e-6
-1.274, 4.428e-6
-1.275, 4.536e-6
-1.276, 4.487e-6
-1.277, 4.536e-6
-1.278, 4.596e-6
-1.279, 4.566e-6
-1.280, 4.605e-6
-1.281, 4.773e-6
-1.282, 4.763e-6
-1.283, 4.892e-6
-1.284, 4.862e-6
-1.285, 4.941e-6
-1.286, 5.030e-6
-1.287, 4.980e-6
-1.288, 5.000e-6
-1.289, 4.980e-6
-1.290, 5.138e-6
-1.291, 5.118e-6
-1.292, 5.138e-6
-1.293, 5.247e-6
-1.294, 5.237e-6
-1.295, 5.395e-6
-1.296, 5.414e-6
-1.297, 5.355e-6
-1.298, 5.503e-6
-1.299, 5.553e-6
-1.300, 5.661e-6
-1.301, 5.681e-6
-1.302, 5.750e-6
-1.303, 5.809e-6
-1.304, 5.829e-6
-1.305, 6.016e-6
-1.306, 6.016e-6
-1.307, 6.056e-6
-1.308, 6.273e-6
-1.309, 6.233e-6
-1.310, 6.450e-6
-1.311, 6.431e-6
-1.312, 6.510e-6
-1.313, 6.638e-6
-1.314, 6.727e-6
-1.315, 6.825e-6
-1.316, 7.003e-6
-1.317, 7.052e-6
-1.318, 7.171e-6
-1.319, 7.299e-6
-1.320, 7.486e-6
-1.321, 7.516e-6
-1.322, 7.713e-6
-1.323, 7.940e-6
-1.324, 7.970e-6
-1.325, 8.256e-6
-1.326, 8.345e-6
-1.327, 8.532e-6
-1.328, 8.621e-6
-1.329, 8.828e-6
-1.330, 8.966e-6
-1.331, 9.163e-6
-1.332, 9.341e-6
-1.333, 9.637e-6
-1.334, 9.854e-6
-1.335, 9.992e-6
-1.336, 1.024e-5
-1.337, 1.036e-5
-1.338, 1.067e-5
-1.339, 1.091e-5
-1.340, 1.123e-5
-1.341, 1.143e-5
-1.342, 1.160e-5
-1.343, 1.202e-5
-1.344, 1.221e-5
-1.345, 1.270e-5
-1.346, 1.297e-5
-1.347, 1.325e-5
-1.348, 1.358e-5
-1.349, 1.396e-5
-1.350, 1.422e-5
-1.351, 1.470e-5
-1.352, 1.502e-5
-1.353, 1.551e-5
-1.354, 1.586e-5
-1.355, 1.628e-5
-1.356, 1.669e-5
-1.357, 1.723e-5
-1.358, 1.775e-5
-1.359, 1.819e-5
-1.360, 1.874e-5
-1.361, 1.932e-5
-1.362, 1.975e-5
-1.363, 2.038e-5
-1.364, 2.093e-5
-1.365, 2.166e-5
-1.366, 2.226e-5
-1.367, 2.286e-5
-1.368, 2.358e-5
-1.369, 2.420e-5
-1.370, 2.513e-5
-1.371, 2.583e-5
-1.372, 2.653e-5
-1.373, 2.737e-5
-1.374, 2.822e-5
-1.375, 2.909e-5
-1.376, 3.004e-5
-1.377, 3.096e-5
-1.378, 3.187e-5
-1.379, 3.273e-5
-1.380, 3.387e-5
-1.381, 3.484e-5
-1.382, 3.589e-5
-1.383, 3.711e-5
-1.384, 3.816e-5
-1.385, 3.945e-5
-1.386, 4.065e-5
-1.387, 4.182e-5
-1.388, 4.311e-5
-1.389, 4.443e-5
-1.390, 4.584e-5
-1.391, 4.732e-5
-1.392, 4.869e-5
-1.393, 5.023e-5
-1.394, 5.174e-5
-1.395, 5.339e-5
-1.396, 5.505e-5
-1.397, 5.682e-5
-1.398, 5.852e-5
-1.399, 6.032e-5
-1.400, 6.212e-5
-1.401, 6.408e-5
-1.402, 6.608e-5
-1.403, 6.811e-5
-1.404, 7.010e-5
-1.405, 7.241e-5
-1.406, 7.456e-5
-1.407, 7.695e-5
-1.408, 7.927e-5
-1.409, 8.176e-5
-1.410, 8.426e-5
-1.411, 8.697e-5
-1.412, 8.962e-5
-1.413, 9.237e-5
-1.414, 9.522e-5
-1.415, 9.823e-5
-1.416, 1.013e-4
-1.417, 1.043e-4
-1.418, 1.076e-4
-1.419, 1.108e-4
-1.420, 1.141e-4
-1.421, 1.176e-4
-1.422, 1.212e-4
-1.423, 1.249e-4
-1.424, 1.286e-4
-1.425, 1.326e-4
-1.426, 1.365e-4
-1.427, 1.407e-4
-1.428, 1.450e-4
-1.429, 1.492e-4
-1.430, 1.538e-4
-1.431, 1.585e-4
-1.432, 1.631e-4
-1.433, 1.680e-4
-1.434, 1.730e-4
-1.435, 1.782e-4
-1.436, 1.836e-4
-1.437, 1.890e-4
-1.438, 1.944e-4
-1.439, 2.001e-4
-1.440, 2.060e-4
-1.441, 2.122e-4
-1.442, 2.183e-4
-1.443, 2.245e-4
-1.444, 2.307e-4
-1.445, 2.375e-4
-1.446, 2.444e-4
-1.447, 2.514e-4
-1.448, 2.587e-4
-1.449, 2.660e-4
-1.450, 2.737e-4
-1.451, 2.815e-4
-1.452, 2.894e-4
-1.453, 2.976e-4
-1.454, 3.059e-4
-1.455, 3.146e-4
-1.456, 3.234e-4
-1.457, 3.325e-4
-1.458, 3.418e-4
-1.459, 3.512e-4
-1.460, 3.610e-4
-1.461, 3.709e-4
-1.462, 3.811e-4
-1.463, 3.917e-4
-1.464, 4.022e-4
-1.465, 4.132e-4
-1.466, 4.240e-4
-1.467, 4.355e-4
-1.468, 4.471e-4
-1.469, 4.590e-4
-1.470, 4.710e-4
-1.471, 4.835e-4
-1.472, 4.963e-4
-1.473, 5.094e-4
-1.474, 5.228e-4
-1.475, 5.365e-4
-1.476, 5.504e-4
-1.477, 5.646e-4
-1.478, 5.791e-4
-1.479, 5.931e-4
-1.480, 6.081e-4
-1.481, 6.232e-4
-1.482, 6.393e-4
-1.483, 6.554e-4
-1.484, 6.716e-4
-1.485, 6.883e-4
-1.486, 7.052e-4
-1.487, 7.228e-4
-1.488, 7.404e-4
-1.489, 7.587e-4
-1.490, 7.771e-4
-1.491, 7.956e-4
-1.492, 8.150e-4
-1.493, 8.348e-4
-1.494, 8.540e-4
-1.495, 8.740e-4
-1.496, 8.946e-4
-1.497, 9.156e-4
-1.498, 9.374e-4
-1.499, 9.588e-4
-1.500, 9.806e-4
-1.501, 1.002e-3
-1.502, 1.026e-3
-1.503, 1.049e-3
-1.504, 1.072e-3
-1.505, 1.096e-3
-1.506, 1.120e-3
-1.507, 1.145e-3
-1.508, 1.169e-3
-1.509, 1.194e-3
-1.510, 1.219e-3
-1.511, 1.246e-3
-1.512, 1.273e-3
-1.513, 1.299e-3
-1.514, 1.327e-3
-1.515, 1.355e-3
-1.516, 1.382e-3
-1.517, 1.411e-3
-1.518, 1.437e-3
-1.519, 1.463e-3
-1.520, 1.492e-3
-1.521, 1.525e-3
-1.522, 1.557e-3
-1.523, 1.587e-3
-1.524, 1.617e-3
-1.525, 1.648e-3
-1.526, 1.681e-3
-1.527, 1.712e-3
-1.528, 1.744e-3
-1.529, 1.779e-3
-1.530, 1.814e-3
-1.531, 1.847e-3
-1.532, 1.880e-3
-1.533, 1.912e-3
-1.534, 1.949e-3
-1.535, 1.985e-3
-1.536, 2.024e-3
-1.537, 2.066e-3
-1.538, 2.100e-3
-1.539, 2.134e-3
-1.540, 2.171e-3
-1.541, 2.206e-3
-1.542, 2.243e-3
-1.543, 2.282e-3
-1.544, 2.319e-3
-1.545, 2.363e-3
-1.546, 2.407e-3
-1.547, 2.453e-3
-1.548, 2.499e-3
-1.549, 2.538e-3
-1.550, 2.577e-3
-1.551, 2.617e-3
-1.552, 2.662e-3
-1.553, 2.705e-3
-1.554, 2.752e-3
-1.555, 2.794e-3
-1.556, 2.840e-3
-1.557, 2.889e-3
-1.558, 2.935e-3
-1.559, 2.981e-3
-1.560, 3.026e-3
-1.561, 3.073e-3
-1.562, 3.119e-3
-1.563, 3.167e-3
-1.564, 3.218e-3
-1.565, 3.267e-3
-1.566, 3.317e-3
-1.567, 3.367e-3
-1.568, 3.424e-3
-1.569, 3.473e-3
-1.570, 3.519e-3
-1.571, 3.573e-3
-1.572, 3.620e-3
-1.573, 3.668e-3
-1.574, 3.721e-3
-1.575, 3.775e-3
-1.576, 3.831e-3
-1.577, 3.889e-3
-1.578, 3.949e-3
-1.579, 3.998e-3
-1.580, 4.047e-3
-1.581, 4.105e-3
-1.582, 4.159e-3
-1.583, 4.212e-3
-1.584, 4.267e-3
-1.585, 4.323e-3
-1.586, 4.377e-3
-1.587, 4.434e-3
-1.588, 4.489e-3
-1.589, 4.545e-3
-1.590, 4.603e-3
-1.591, 4.681e-3
-1.592, 4.740e-3
-1.593, 4.796e-3
-1.594, 4.856e-3
-1.595, 4.915e-3
-1.596, 4.970e-3
-1.597, 5.037e-3
-1.598, 5.095e-3
-1.599, 5.163e-3
-1.600, 5.162e-3
-1.599, 5.083e-3
-1.598, 5.012e-3
-1.597, 4.933e-3
-1.596, 4.869e-3
-1.595, 4.797e-3
-1.594, 4.720e-3
-1.593, 4.645e-3
-1.592, 4.580e-3
-1.591, 4.516e-3
-1.590, 4.424e-3
-1.589, 4.342e-3
-1.588, 4.263e-3
-1.587, 4.200e-3
-1.586, 4.131e-3
-1.585, 4.072e-3
-1.584, 4.016e-3
-1.583, 3.948e-3
-1.582, 3.886e-3
-1.581, 3.818e-3
-1.580, 3.754e-3
-1.579, 3.691e-3
-1.578, 3.632e-3
-1.577, 3.564e-3
-1.576, 3.501e-3
-1.575, 3.440e-3
-1.574, 3.378e-3
-1.573, 3.322e-3
-1.572, 3.272e-3
-1.571, 3.215e-3
-1.570, 3.157e-3
-1.569, 3.100e-3
-1.568, 3.046e-3
-1.567, 2.988e-3
-1.566, 2.931e-3
-1.565, 2.876e-3
-1.564, 2.828e-3
-1.563, 2.784e-3
-1.562, 2.735e-3
-1.561, 2.687e-3
-1.560, 2.637e-3
-1.559, 2.588e-3
-1.558, 2.540e-3
-1.557, 2.495e-3
-1.556, 2.450e-3
-1.555, 2.405e-3
-1.554, 2.357e-3
-1.553, 2.311e-3
-1.552, 2.266e-3
-1.551, 2.220e-3
-1.550, 2.179e-3
-1.549, 2.139e-3
-1.548, 2.097e-3
-1.547, 2.055e-3
-1.546, 2.013e-3
-1.545, 1.975e-3
-1.544, 1.936e-3
-1.543, 1.896e-3
-1.542, 1.856e-3
-1.541, 1.818e-3
-1.540, 1.783e-3
-1.539, 1.748e-3
-1.538, 1.712e-3
-1.537, 1.678e-3
-1.536, 1.641e-3
-1.535, 1.607e-3
-1.534, 1.575e-3
-1.533, 1.542e-3
-1.532, 1.509e-3
-1.531, 1.476e-3
-1.530, 1.446e-3
-1.529, 1.415e-3
-1.528, 1.388e-3
-1.527, 1.359e-3
-1.526, 1.331e-3
-1.525, 1.303e-3
-1.524, 1.273e-3
-1.523, 1.244e-3
-1.522, 1.215e-3
-1.521, 1.190e-3
-1.520, 1.165e-3
-1.519, 1.141e-3
-1.518, 1.117e-3
-1.517, 1.092e-3
-1.516, 1.067e-3
-1.515, 1.043e-3
-1.514, 1.021e-3
-1.513, 9.995e-4
-1.512, 9.771e-4
-1.511, 9.551e-4
-1.510, 9.341e-4
-1.509, 9.136e-4
-1.508, 8.935e-4
-1.507, 8.739e-4
-1.506, 8.541e-4
-1.505, 8.345e-4
-1.504, 8.153e-4
-1.503, 7.961e-4
-1.502, 7.775e-4
-1.501, 7.597e-4
-1.500, 7.424e-4
-1.499, 7.259e-4
-1.498, 7.096e-4
-1.497, 6.932e-4
-1.496, 6.776e-4
-1.495, 6.620e-4
-1.494, 6.461e-4
-1.493, 6.309e-4
-1.492, 6.162e-4
-1.491, 6.019e-4
-1.490, 5.885e-4
-1.489, 5.752e-4
-1.488, 5.617e-4
-1.487, 5.483e-4
-1.486, 5.355e-4
-1.485, 5.230e-4
-1.484, 5.104e-4
-1.483, 4.985e-4
-1.482, 4.869e-4
-1.481, 4.755e-4
-1.480, 4.641e-4
-1.479, 4.531e-4
-1.478, 4.423e-4
-1.477, 4.320e-4
-1.476, 4.217e-4
-1.475, 4.118e-4
-1.474, 4.021e-4
-1.473, 3.926e-4
-1.472, 3.832e-4
-1.471, 3.737e-4
-1.470, 3.646e-4
-1.469, 3.560e-4
-1.468, 3.470e-4
-1.467, 3.385e-4
-1.466, 3.300e-4
-1.465, 3.221e-4
-1.464, 3.145e-4
-1.463, 3.069e-4
-1.462, 2.993e-4
-1.461, 2.919e-4
-1.460, 2.849e-4
-1.459, 2.778e-4
-1.458, 2.711e-4
-1.457, 2.645e-4
-1.456, 2.581e-4
-1.455, 2.517e-4
-1.454, 2.456e-4
-1.453, 2.395e-4
-1.452, 2.337e-4
-1.451, 2.281e-4
-1.450, 2.225e-4
-1.449, 2.173e-4
-1.448, 2.120e-4
-1.447, 2.068e-4
-1.446, 2.016e-4
-1.445, 1.967e-4
-1.444, 1.919e-4
-1.443, 1.872e-4
-1.442, 1.826e-4
-1.441, 1.781e-4
-1.440, 1.737e-4
-1.439, 1.695e-4
-1.438, 1.651e-4
-1.437, 1.611e-4
-1.436, 1.570e-4
-1.435, 1.532e-4
-1.434, 1.492e-4
-1.433, 1.453e-4
-1.432, 1.417e-4
-1.431, 1.382e-4
-1.430, 1.347e-4
-1.429, 1.314e-4
-1.428, 1.282e-4
-1.427, 1.249e-4
-1.426, 1.218e-4
-1.425, 1.190e-4
-1.424, 1.159e-4
-1.423, 1.130e-4
-1.422, 1.103e-4
-1.421, 1.075e-4
-1.420, 1.049e-4
-1.419, 1.022e-4
-1.418, 9.964e-5
-1.417, 9.713e-5
-1.416, 9.469e-5
-1.415, 9.231e-5
-1.414, 9.008e-5
-1.413, 8.775e-5
-1.412, 8.560e-5
-1.411, 8.342e-5
-1.410, 8.133e-5
-1.409, 7.925e-5
-1.408, 7.720e-5
-1.407, 7.522e-5
-1.406, 7.334e-5
-1.405, 7.158e-5
-1.404, 6.977e-5
-1.403, 6.804e-5
-1.402, 6.631e-5
-1.401, 6.458e-5
-1.400, 6.298e-5
-1.399, 6.147e-5
-1.398, 5.989e-5
-1.397, 5.841e-5
-1.396, 5.697e-5
-1.395, 5.546e-5
-1.394, 5.418e-5
-1.393, 5.271e-5
-1.392, 5.133e-5
-1.391, 5.008e-5
-1.390, 4.879e-5
-1.389, 4.758e-5
-1.388, 4.637e-5
-1.387, 4.518e-5
-1.386, 4.408e-5
-1.385, 4.291e-5
-1.384, 4.192e-5
-1.383, 4.075e-5
-1.382, 3.976e-5
-1.381, 3.871e-5
-1.380, 3.775e-5
-1.379, 3.667e-5
-1.378, 3.595e-5
-1.377, 3.496e-5
-1.376, 3.406e-5
-1.375, 3.314e-5
-1.374, 3.238e-5
-1.373, 3.146e-5
-1.372, 3.061e-5
-1.371, 2.984e-5
-1.370, 2.899e-5
-1.369, 2.834e-5
-1.368, 2.747e-5
-1.367, 2.680e-5
-1.366, 2.616e-5
-1.365, 2.549e-5
-1.364, 2.484e-5
-1.363, 2.411e-5
-1.362, 2.348e-5
-1.361, 2.281e-5
-1.360, 2.223e-5
-1.359, 2.167e-5
-1.358, 2.104e-5
-1.357, 2.050e-5
-1.356, 1.997e-5
-1.355, 1.938e-5
-1.354, 1.897e-5
-1.353, 1.848e-5
-1.352, 1.792e-5
-1.351, 1.741e-5
-1.350, 1.697e-5
-1.349, 1.657e-5
-1.348, 1.615e-5
-1.347, 1.575e-5
-1.346, 1.533e-5
-1.345, 1.493e-5
-1.344, 1.450e-5
-1.343, 1.413e-5
-1.342, 1.369e-5
-1.341, 1.340e-5
-1.340, 1.305e-5
-1.339, 1.269e-5
-1.338, 1.242e-5
-1.337, 1.201e-5
-1.336, 1.172e-5
-1.335, 1.144e-5
-1.334, 1.117e-5
-1.333, 1.079e-5
-1.332, 1.047e-5
-1.331, 1.016e-5
-1.330, 9.834e-6
-1.329, 9.716e-6
-1.328, 9.450e-6
-1.327, 9.242e-6
-1.326, 8.946e-6
-1.325, 8.779e-6
-1.324, 8.522e-6
-1.323, 8.276e-6
-1.322, 8.078e-6
-1.321, 7.871e-6
-1.320, 7.684e-6
-1.319, 7.496e-6
-1.318, 7.220e-6
-1.317, 6.993e-6
-1.316, 6.845e-6
-1.315, 6.648e-6
-1.314, 6.539e-6
-1.313, 6.293e-6
-1.312, 6.135e-6
-1.311, 5.987e-6
-1.310, 5.918e-6
-1.309, 5.730e-6
-1.308, 5.503e-6
-1.307, 5.355e-6
-1.306, 5.237e-6
-1.305, 5.030e-6
-1.304, 4.892e-6
-1.303, 4.783e-6
-1.302, 4.645e-6
-1.301, 4.526e-6
-1.300, 4.507e-6
-1.299, 4.309e-6
-1.298, 4.122e-6
-1.297, 4.063e-6
-1.296, 3.954e-6
-1.295, 3.816e-6
-1.294, 3.796e-6
-1.293, 3.629e-6
-1.292, 3.510e-6
-1.291, 3.402e-6
-1.290, 3.333e-6
-1.289, 3.313e-6
-1.288, 3.185e-6
-1.287, 3.027e-6
-1.286, 2.948e-6
-1.285, 2.859e-6
-1.284, 2.820e-6
-1.283, 2.622e-6
-1.282, 2.662e-6
-1.281, 2.563e-6
-1.280, 2.474e-6
-1.279, 2.435e-6
-1.278, 2.277e-6
-1.277, 2.287e-6
-1.276, 2.149e-6
-1.275, 2.159e-6
-1.274, 2.070e-6
-1.273, 1.991e-6
-1.272, 1.942e-6
-1.271, 1.892e-6
-1.270, 1.873e-6
-1.269, 1.705e-6
-1.268, 1.675e-6
-1.267, 1.626e-6
-1.266, 1.596e-6
-1.265, 1.498e-6
-1.264, 1.527e-6
-1.263, 1.498e-6
-1.262, 1.409e-6
-1.261, 1.389e-6
-1.260, 1.300e-6
-1.259, 1.340e-6
-1.258, 1.271e-6
-1.257, 1.192e-6
-1.256, 1.142e-6
-1.255, 1.083e-6
-1.254, 1.054e-6
-1.253, 1.004e-6
-1.252, 1.014e-6
-1.251, 8.465e-7
-1.250, 8.465e-7
-1.249, 8.761e-7
-1.248, 7.084e-7
-1.247, 8.564e-7
-1.246, 7.182e-7
-1.245, 6.886e-7
-1.244, 7.478e-7
-1.243, 6.788e-7
-1.242, 6.393e-7
-1.241, 5.604e-7
-1.240, 5.505e-7
-1.239, 6.393e-7
-1.238, 5.407e-7
-1.237, 4.519e-7
-1.236, 4.617e-7
-1.235, 4.223e-7
-1.234, 4.913e-7
-1.233, 3.433e-7
-1.232, 3.433e-7
-1.231, 3.828e-7
-1.230, 3.631e-7
-1.229, 1.855e-7
-1.228, 1.776e-8
-1.227, 8.682e-8
-1.226, 1.855e-7
-1.225, 4.736e-8
-1.224, 9.669e-8
-1.223, -1.184e-8
-1.222, 4.736e-8
-1.221, -4.144e-8
-1.220, 8.682e-8
-1.219, 2.762e-8
-1.218, 7.893e-9
-1.217, 7.893e-9
-1.216, -1.105e-7
-1.215, -7.103e-8
-1.214, -4.144e-8
-1.213, -7.103e-8
-1.212, -7.103e-8
-1.211, -1.697e-7
-1.210, -1.204e-7
-1.209, -1.302e-7
-1.208, -1.006e-7
-1.207, -1.796e-7
-1.206, -2.092e-7
-1.205, -2.289e-7
-1.204, -1.598e-7
-1.203, -2.684e-7
-1.202, -3.473e-7
-1.201, -4.065e-7
-1.200, -3.769e-7
-1.199, -3.078e-7
-1.198, -3.078e-7
-1.197, -3.571e-7
-1.196, -3.966e-7
-1.195, -4.163e-7
-1.194, -3.078e-7
-1.193, -4.755e-7
-1.192, -3.966e-7
-1.191, -4.065e-7
-1.190, -5.150e-7
-1.189, -4.065e-7
-1.188, -4.558e-7
-1.187, -4.854e-7
-1.186, -5.446e-7
-1.185, -5.939e-7
-1.184, -4.953e-7
-1.183, -5.939e-7
-1.182, -6.038e-7
-1.181, -6.038e-7
-1.180, -5.545e-7
-1.179, -4.755e-7
-1.178, -6.334e-7
-1.177, -7.123e-7
-1.176, -7.617e-7
-1.175, -6.729e-7
-1.174, -6.334e-7
-1.173, -7.222e-7
-1.172, -7.222e-7
-1.171, -7.222e-7
-1.170, -8.110e-7
-1.169, -7.518e-7
-1.168, -8.208e-7
-1.167, -8.504e-7
-1.166, -8.406e-7
-1.165, -9.195e-7
-1.164, -8.702e-7
-1.163, -8.998e-7
-1.162, -9.096e-7
-1.161, -9.195e-7
-1.160, -9.688e-7
-1.159, -9.392e-7
-1.158, -9.886e-7
-1.157, -8.800e-7
-1.156, -1.018e-6
-1.155, -1.038e-6
-1.154, -1.008e-6
-1.153, -1.038e-6
-1.152, -1.028e-6
-1.151, -1.127e-6
-1.150, -1.087e-6
-1.149, -1.058e-6
-1.148, -1.137e-6
-1.147, -1.137e-6
-1.146, -1.215e-6
-1.145, -1.334e-6
-1.144, -1.235e-6
-1.143, -1.196e-6
-1.142, -1.265e-6
-1.141, -1.285e-6
-1.140, -1.393e-6
-1.139, -1.324e-6
-1.138, -1.373e-6
-1.137, -1.472e-6
-1.136, -1.482e-6
-1.135, -1.472e-6
-1.134, -1.472e-6
-1.133, -1.511e-6
-1.132, -1.482e-6
-1.131, -1.521e-6
-1.130, -1.502e-6
-1.129, -1.462e-6
-1.128, -1.531e-6
-1.127, -1.630e-6
-1.126, -1.729e-6
-1.125, -1.748e-6
-1.124, -1.669e-6
-1.123, -1.768e-6
-1.122, -1.758e-6
-1.121, -1.817e-6
-1.120, -1.788e-6
-1.119, -1.798e-6
-1.118, -1.817e-6
-1.117, -1.946e-6
-1.116, -1.936e-6
-1.115, -1.936e-6
-1.114, -1.896e-6
-1.113, -1.877e-6
-1.112, -1.965e-6
-1.111, -2.064e-6
-1.110, -2.034e-6
-1.109, -2.074e-6
-1.108, -2.133e-6
-1.107, -2.172e-6
-1.106, -2.153e-6
-1.105, -2.242e-6
-1.104, -2.242e-6
-1.103, -2.163e-6
-1.102, -2.202e-6
-1.101, -2.320e-6
-1.100, -2.399e-6
-1.099, -2.320e-6
-1.098, -2.360e-6
-1.097, -2.449e-6
-1.096, -2.498e-6
-1.095, -2.468e-6
-1.094, -2.468e-6
-1.093, -2.488e-6
-1.092, -2.538e-6
-1.091, -2.616e-6
-1.090, -2.567e-6
-1.089, -2.538e-6
-1.088, -2.745e-6
-1.087, -2.695e-6
-1.086, -2.735e-6
-1.085, -2.745e-6
-1.084, -2.695e-6
-1.083, -2.784e-6
-1.082, -2.834e-6
-1.081, -2.922e-6
-1.080, -2.912e-6
-1.079, -2.774e-6
-1.078, -2.981e-6
-1.077, -2.991e-6
-1.076, -3.031e-6
-1.075, -3.060e-6
-1.074, -3.100e-6
-1.073, -3.070e-6
-1.072, -3.120e-6
-1.071, -3.169e-6
-1.070, -3.297e-6
-1.069, -3.199e-6
-1.068, -3.287e-6
-1.067, -3.228e-6
-1.066, -3.337e-6
-1.065, -3.366e-6
-1.064, -3.297e-6
-1.063, -3.347e-6
-1.062, -3.495e-6
-1.061, -3.534e-6
-1.060, -3.485e-6
-1.059, -3.465e-6
-1.058, -3.504e-6
-1.057, -3.583e-6
-1.056, -3.613e-6
-1.055, -3.613e-6
-1.054, -3.564e-6
-1.053, -3.682e-6
-1.052, -3.741e-6
-1.051, -3.672e-6
-1.050, -3.830e-6
-1.049, -3.820e-6
-1.048, -3.899e-6
-1.047, -3.889e-6
-1.046, -4.017e-6
-1.045, -3.919e-6
-1.044, -3.869e-6
-1.043, -3.968e-6
-1.042, -4.017e-6
-1.041, -4.047e-6
-1.040, -4.146e-6
-1.039, -4.086e-6
-1.038, -4.077e-6
-1.037, -4.195e-6
-1.036, -4.195e-6
-1.035, -4.382e-6
-1.034, -4.274e-6
-1.033, -4.294e-6
-1.032, -4.392e-6
-1.031, -4.373e-6
-1.030, -4.511e-6
-1.029, -4.452e-6
-1.028, -4.521e-6
-1.027, -4.540e-6
-1.026, -4.590e-6
-1.025, -4.629e-6
-1.024, -4.718e-6
-1.023, -4.826e-6
-1.022, -4.807e-6
-1.021, -4.856e-6
-1.020, -4.915e-6
-1.019, -4.856e-6
-1.018, -4.935e-6
-1.017, -4.935e-6
-1.016, -4.994e-6
-1.015, -5.014e-6
-1.014, -5.014e-6
-1.013, -5.093e-6
-1.012, -5.261e-6
-1.011, -5.270e-6
-1.010, -5.290e-6
-1.009, -5.290e-6
-1.008, -5.241e-6
-1.007, -5.389e-6
-1.006, -5.399e-6
-1.005, -5.418e-6
-1.004, -5.399e-6
-1.003, -5.557e-6
-1.002, -5.586e-6
-1.001, -5.655e-6
