Sept. 7, 2024   22:14:06
Cyclic Voltammetry
File: c:/users/guazh/data/20240903_batch_252_500/2024-09-03-exp292\exp292-2024-09-07t21_55_00-h2koh\exp292_cv_sr_400mvs_efin_-1700mv.bin
Data Source:  Experiment
Instrument Model:  CHI760E
Header: CV ran at 400 mVs
Note: 

Init E (V) = -1
High E (V) = -1
Low E (V) = -1.7
Final E (V) = -1
Init P/N = N
Scan Rate (V/s) = 0.4
Segment = 3
Sample Interval (V) = 0.001
Quiet Time (sec) = 2
Sensitivity (A/V) = 0.01
Comp R (ohm) = 2.3

Results:

Channel 1:
Segment 1:

Segment 2:

Segment 3:

Potential/V, Current/A

-1.000, 1.865e-5
-1.001, 3.715e-5
-1.002, 4.332e-5
-1.003, 4.640e-5
-1.004, 4.949e-5
-1.005, 5.257e-5
-1.006, 5.257e-5
-1.007, 5.565e-5
-1.008, 5.565e-5
-1.009, 5.565e-5
-1.010, 5.873e-5
-1.011, 5.873e-5
-1.012, 6.182e-5
-1.013, 5.873e-5
-1.014, 5.873e-5
-1.015, 6.182e-5
-1.016, 6.182e-5
-1.017, 6.490e-5
-1.018, 6.182e-5
-1.019, 6.490e-5
-1.020, 6.490e-5
-1.021, 6.490e-5
-1.022, 6.490e-5
-1.023, 6.798e-5
-1.024, 6.490e-5
-1.025, 6.798e-5
-1.026, 6.798e-5
-1.027, 6.798e-5
-1.028, 6.798e-5
-1.029, 6.798e-5
-1.030, 6.798e-5
-1.031, 6.798e-5
-1.032, 6.798e-5
-1.033, 6.798e-5
-1.034, 6.798e-5
-1.035, 7.107e-5
-1.036, 7.107e-5
-1.037, 7.107e-5
-1.038, 7.107e-5
-1.039, 7.107e-5
-1.040, 7.107e-5
-1.041, 7.107e-5
-1.042, 7.107e-5
-1.043, 7.107e-5
-1.044, 7.415e-5
-1.045, 7.107e-5
-1.046, 7.415e-5
-1.047, 7.107e-5
-1.048, 7.415e-5
-1.049, 7.107e-5
-1.050, 7.415e-5
-1.051, 7.415e-5
-1.052, 7.415e-5
-1.053, 7.415e-5
-1.054, 7.107e-5
-1.055, 7.415e-5
-1.056, 7.415e-5
-1.057, 7.415e-5
-1.058, 7.415e-5
-1.059, 7.415e-5
-1.060, 7.415e-5
-1.061, 7.415e-5
-1.062, 7.415e-5
-1.063, 7.723e-5
-1.064, 7.723e-5
-1.065, 7.415e-5
-1.066, 7.415e-5
-1.067, 7.415e-5
-1.068, 7.723e-5
-1.069, 7.723e-5
-1.070, 7.723e-5
-1.071, 7.723e-5
-1.072, 7.723e-5
-1.073, 7.415e-5
-1.074, 7.723e-5
-1.075, 7.723e-5
-1.076, 7.723e-5
-1.077, 7.723e-5
-1.078, 7.723e-5
-1.079, 7.723e-5
-1.080, 7.723e-5
-1.081, 7.723e-5
-1.082, 7.723e-5
-1.083, 7.723e-5
-1.084, 8.032e-5
-1.085, 8.032e-5
-1.086, 7.723e-5
-1.087, 8.032e-5
-1.088, 8.032e-5
-1.089, 8.032e-5
-1.090, 8.032e-5
-1.091, 8.032e-5
-1.092, 8.032e-5
-1.093, 8.032e-5
-1.094, 8.032e-5
-1.095, 8.032e-5
-1.096, 8.032e-5
-1.097, 8.032e-5
-1.098, 8.032e-5
-1.099, 8.340e-5
-1.100, 8.340e-5
-1.101, 8.340e-5
-1.102, 8.340e-5
-1.103, 8.340e-5
-1.104, 8.340e-5
-1.105, 8.340e-5
-1.106, 8.340e-5
-1.107, 8.032e-5
-1.108, 8.340e-5
-1.109, 8.340e-5
-1.110, 8.340e-5
-1.111, 8.340e-5
-1.112, 8.340e-5
-1.113, 8.340e-5
-1.114, 8.340e-5
-1.115, 8.340e-5
-1.116, 8.340e-5
-1.117, 8.340e-5
-1.118, 8.340e-5
-1.119, 8.340e-5
-1.120, 8.340e-5
-1.121, 8.340e-5
-1.122, 8.340e-5
-1.123, 8.340e-5
-1.124, 8.340e-5
-1.125, 8.340e-5
-1.126, 8.340e-5
-1.127, 8.340e-5
-1.128, 8.340e-5
-1.129, 8.340e-5
-1.130, 8.340e-5
-1.131, 8.340e-5
-1.132, 8.340e-5
-1.133, 8.340e-5
-1.134, 8.340e-5
-1.135, 8.340e-5
-1.136, 8.340e-5
-1.137, 8.648e-5
-1.138, 8.648e-5
-1.139, 8.648e-5
-1.140, 8.340e-5
-1.141, 8.648e-5
-1.142, 8.648e-5
-1.143, 8.648e-5
-1.144, 8.648e-5
-1.145, 8.648e-5
-1.146, 8.648e-5
-1.147, 8.648e-5
-1.148, 8.648e-5
-1.149, 8.648e-5
-1.150, 8.648e-5
-1.151, 8.648e-5
-1.152, 8.648e-5
-1.153, 8.648e-5
-1.154, 8.648e-5
-1.155, 8.648e-5
-1.156, 8.957e-5
-1.157, 8.957e-5
-1.158, 8.957e-5
-1.159, 8.648e-5
-1.160, 8.648e-5
-1.161, 8.957e-5
-1.162, 8.957e-5
-1.163, 8.957e-5
-1.164, 8.957e-5
-1.165, 8.957e-5
-1.166, 8.957e-5
-1.167, 8.957e-5
-1.168, 8.957e-5
-1.169, 8.957e-5
-1.170, 8.957e-5
-1.171, 8.957e-5
-1.172, 9.265e-5
-1.173, 8.957e-5
-1.174, 8.957e-5
-1.175, 8.957e-5
-1.176, 8.957e-5
-1.177, 9.265e-5
-1.178, 9.265e-5
-1.179, 9.265e-5
-1.180, 9.265e-5
-1.181, 9.265e-5
-1.182, 9.265e-5
-1.183, 9.265e-5
-1.184, 9.265e-5
-1.185, 9.265e-5
-1.186, 9.265e-5
-1.187, 9.265e-5
-1.188, 9.573e-5
-1.189, 9.573e-5
-1.190, 9.573e-5
-1.191, 9.573e-5
-1.192, 9.573e-5
-1.193, 9.573e-5
-1.194, 9.573e-5
-1.195, 9.573e-5
-1.196, 9.573e-5
-1.197, 9.573e-5
-1.198, 9.573e-5
-1.199, 9.573e-5
-1.200, 9.573e-5
-1.201, 9.573e-5
-1.202, 9.882e-5
-1.203, 9.882e-5
-1.204, 9.882e-5
-1.205, 9.882e-5
-1.206, 9.882e-5
-1.207, 9.882e-5
-1.208, 9.882e-5
-1.209, 9.882e-5
-1.210, 9.882e-5
-1.211, 9.882e-5
-1.212, 1.019e-4
-1.213, 1.019e-4
-1.214, 1.019e-4
-1.215, 1.019e-4
-1.216, 1.019e-4
-1.217, 1.019e-4
-1.218, 1.019e-4
-1.219, 1.019e-4
-1.220, 1.019e-4
-1.221, 1.019e-4
-1.222, 1.050e-4
-1.223, 1.050e-4
-1.224, 1.050e-4
-1.225, 1.050e-4
-1.226, 1.050e-4
-1.227, 1.050e-4
-1.228, 1.050e-4
-1.229, 1.081e-4
-1.230, 1.081e-4
-1.231, 1.081e-4
-1.232, 1.081e-4
-1.233, 1.081e-4
-1.234, 1.081e-4
-1.235, 1.081e-4
-1.236, 1.111e-4
-1.237, 1.111e-4
-1.238, 1.111e-4
-1.239, 1.111e-4
-1.240, 1.111e-4
-1.241, 1.111e-4
-1.242, 1.111e-4
-1.243, 1.111e-4
-1.244, 1.142e-4
-1.245, 1.142e-4
-1.246, 1.142e-4
-1.247, 1.142e-4
-1.248, 1.173e-4
-1.249, 1.173e-4
-1.250, 1.173e-4
-1.251, 1.173e-4
-1.252, 1.173e-4
-1.253, 1.173e-4
-1.254, 1.173e-4
-1.255, 1.204e-4
-1.256, 1.204e-4
-1.257, 1.204e-4
-1.258, 1.204e-4
-1.259, 1.235e-4
-1.260, 1.235e-4
-1.261, 1.235e-4
-1.262, 1.235e-4
-1.263, 1.235e-4
-1.264, 1.266e-4
-1.265, 1.266e-4
-1.266, 1.266e-4
-1.267, 1.266e-4
-1.268, 1.266e-4
-1.269, 1.266e-4
-1.270, 1.296e-4
-1.271, 1.296e-4
-1.272, 1.296e-4
-1.273, 1.327e-4
-1.274, 1.296e-4
-1.275, 1.327e-4
-1.276, 1.327e-4
-1.277, 1.358e-4
-1.278, 1.358e-4
-1.279, 1.358e-4
-1.280, 1.358e-4
-1.281, 1.389e-4
-1.282, 1.389e-4
-1.283, 1.389e-4
-1.284, 1.389e-4
-1.285, 1.420e-4
-1.286, 1.420e-4
-1.287, 1.420e-4
-1.288, 1.420e-4
-1.289, 1.451e-4
-1.290, 1.451e-4
-1.291, 1.451e-4
-1.292, 1.481e-4
-1.293, 1.481e-4
-1.294, 1.481e-4
-1.295, 1.481e-4
-1.296, 1.512e-4
-1.297, 1.512e-4
-1.298, 1.543e-4
-1.299, 1.543e-4
-1.300, 1.543e-4
-1.301, 1.574e-4
-1.302, 1.574e-4
-1.303, 1.574e-4
-1.304, 1.605e-4
-1.305, 1.605e-4
-1.306, 1.636e-4
-1.307, 1.636e-4
-1.308, 1.636e-4
-1.309, 1.666e-4
-1.310, 1.666e-4
-1.311, 1.666e-4
-1.312, 1.697e-4
-1.313, 1.697e-4
-1.314, 1.697e-4
-1.315, 1.728e-4
-1.316, 1.759e-4
-1.317, 1.759e-4
-1.318, 1.759e-4
-1.319, 1.790e-4
-1.320, 1.790e-4
-1.321, 1.821e-4
-1.322, 1.821e-4
-1.323, 1.851e-4
-1.324, 1.882e-4
-1.325, 1.882e-4
-1.326, 1.913e-4
-1.327, 1.913e-4
-1.328, 1.913e-4
-1.329, 1.944e-4
-1.330, 1.975e-4
-1.331, 1.975e-4
-1.332, 2.036e-4
-1.333, 2.036e-4
-1.334, 2.036e-4
-1.335, 2.067e-4
-1.336, 2.098e-4
-1.337, 2.098e-4
-1.338, 2.160e-4
-1.339, 2.160e-4
-1.340, 2.160e-4
-1.341, 2.191e-4
-1.342, 2.221e-4
-1.343, 2.252e-4
-1.344, 2.252e-4
-1.345, 2.283e-4
-1.346, 2.314e-4
-1.347, 2.345e-4
-1.348, 2.376e-4
-1.349, 2.406e-4
-1.350, 2.406e-4
-1.351, 2.468e-4
-1.352, 2.468e-4
-1.353, 2.499e-4
-1.354, 2.530e-4
-1.355, 2.561e-4
-1.356, 2.591e-4
-1.357, 2.622e-4
-1.358, 2.653e-4
-1.359, 2.684e-4
-1.360, 2.715e-4
-1.361, 2.746e-4
-1.362, 2.776e-4
-1.363, 2.807e-4
-1.364, 2.869e-4
-1.365, 2.900e-4
-1.366, 2.931e-4
-1.367, 2.961e-4
-1.368, 2.992e-4
-1.369, 3.023e-4
-1.370, 3.085e-4
-1.371, 3.115e-4
-1.372, 3.146e-4
-1.373, 3.208e-4
-1.374, 3.208e-4
-1.375, 3.270e-4
-1.376, 3.331e-4
-1.377, 3.362e-4
-1.378, 3.393e-4
-1.379, 3.424e-4
-1.380, 3.455e-4
-1.381, 3.516e-4
-1.382, 3.578e-4
-1.383, 3.640e-4
-1.384, 3.670e-4
-1.385, 3.701e-4
-1.386, 3.763e-4
-1.387, 3.794e-4
-1.388, 3.855e-4
-1.389, 3.886e-4
-1.390, 3.948e-4
-1.391, 4.010e-4
-1.392, 4.040e-4
-1.393, 4.102e-4
-1.394, 4.133e-4
-1.395, 4.195e-4
-1.396, 4.256e-4
-1.397, 4.287e-4
-1.398, 4.349e-4
-1.399, 4.380e-4
-1.400, 4.441e-4
-1.401, 4.503e-4
-1.402, 4.565e-4
-1.403, 4.595e-4
-1.404, 4.657e-4
-1.405, 4.719e-4
-1.406, 4.780e-4
-1.407, 4.842e-4
-1.408, 4.873e-4
-1.409, 4.935e-4
-1.410, 4.996e-4
-1.411, 5.058e-4
-1.412, 5.120e-4
-1.413, 5.150e-4
-1.414, 5.212e-4
-1.415, 5.305e-4
-1.416, 5.335e-4
-1.417, 5.397e-4
-1.418, 5.489e-4
-1.419, 5.551e-4
-1.420, 5.613e-4
-1.421, 5.674e-4
-1.422, 5.736e-4
-1.423, 5.798e-4
-1.424, 5.859e-4
-1.425, 5.921e-4
-1.426, 5.983e-4
-1.427, 6.044e-4
-1.428, 6.137e-4
-1.429, 6.199e-4
-1.430, 6.260e-4
-1.431, 6.322e-4
-1.432, 6.384e-4
-1.433, 6.445e-4
-1.434, 6.507e-4
-1.435, 6.599e-4
-1.436, 6.661e-4
-1.437, 6.723e-4
-1.438, 6.784e-4
-1.439, 6.846e-4
-1.440, 6.939e-4
-1.441, 7.000e-4
-1.442, 7.062e-4
-1.443, 7.124e-4
-1.444, 7.216e-4
-1.445, 7.278e-4
-1.446, 7.370e-4
-1.447, 7.432e-4
-1.448, 7.494e-4
-1.449, 7.555e-4
-1.450, 7.648e-4
-1.451, 7.709e-4
-1.452, 7.771e-4
-1.453, 7.863e-4
-1.454, 7.925e-4
-1.455, 8.018e-4
-1.456, 8.079e-4
-1.457, 8.141e-4
-1.458, 8.233e-4
-1.459, 8.326e-4
-1.460, 8.388e-4
-1.461, 8.480e-4
-1.462, 8.542e-4
-1.463, 8.603e-4
-1.464, 8.696e-4
-1.465, 8.758e-4
-1.466, 8.819e-4
-1.467, 8.912e-4
-1.468, 9.004e-4
-1.469, 9.066e-4
-1.470, 9.189e-4
-1.471, 9.251e-4
-1.472, 9.343e-4
-1.473, 9.405e-4
-1.474, 9.498e-4
-1.475, 9.590e-4
-1.476, 9.683e-4
-1.477, 9.713e-4
-1.478, 9.806e-4
-1.479, 9.898e-4
-1.480, 9.960e-4
-1.481, 1.005e-3
-1.482, 1.011e-3
-1.483, 1.021e-3
-1.484, 1.030e-3
-1.485, 1.039e-3
-1.486, 1.045e-3
-1.487, 1.055e-3
-1.488, 1.064e-3
-1.489, 1.070e-3
-1.490, 1.079e-3
-1.491, 1.088e-3
-1.492, 1.098e-3
-1.493, 1.107e-3
-1.494, 1.113e-3
-1.495, 1.122e-3
-1.496, 1.132e-3
-1.497, 1.141e-3
-1.498, 1.147e-3
-1.499, 1.159e-3
-1.500, 1.166e-3
-1.501, 1.175e-3
-1.502, 1.187e-3
-1.503, 1.193e-3
-1.504, 1.203e-3
-1.505, 1.212e-3
-1.506, 1.221e-3
-1.507, 1.230e-3
-1.508, 1.240e-3
-1.509, 1.249e-3
-1.510, 1.258e-3
-1.511, 1.267e-3
-1.512, 1.277e-3
-1.513, 1.286e-3
-1.514, 1.295e-3
-1.515, 1.304e-3
-1.516, 1.317e-3
-1.517, 1.326e-3
-1.518, 1.335e-3
-1.519, 1.347e-3
-1.520, 1.357e-3
-1.521, 1.366e-3
-1.522, 1.378e-3
-1.523, 1.388e-3
-1.524, 1.400e-3
-1.525, 1.409e-3
-1.526, 1.421e-3
-1.527, 1.431e-3
-1.528, 1.440e-3
-1.529, 1.449e-3
-1.530, 1.462e-3
-1.531, 1.474e-3
-1.532, 1.483e-3
-1.533, 1.495e-3
-1.534, 1.508e-3
-1.535, 1.517e-3
-1.536, 1.529e-3
-1.537, 1.542e-3
-1.538, 1.551e-3
-1.539, 1.563e-3
-1.540, 1.576e-3
-1.541, 1.585e-3
-1.542, 1.597e-3
-1.543, 1.610e-3
-1.544, 1.622e-3
-1.545, 1.631e-3
-1.546, 1.647e-3
-1.547, 1.659e-3
-1.548, 1.668e-3
-1.549, 1.680e-3
-1.550, 1.690e-3
-1.551, 1.702e-3
-1.552, 1.714e-3
-1.553, 1.727e-3
-1.554, 1.736e-3
-1.555, 1.742e-3
-1.556, 1.754e-3
-1.557, 1.767e-3
-1.558, 1.782e-3
-1.559, 1.795e-3
-1.560, 1.807e-3
-1.561, 1.819e-3
-1.562, 1.828e-3
-1.563, 1.847e-3
-1.564, 1.856e-3
-1.565, 1.872e-3
-1.566, 1.881e-3
-1.567, 1.896e-3
-1.568, 1.909e-3
-1.569, 1.921e-3
-1.570, 1.930e-3
-1.571, 1.946e-3
-1.572, 1.964e-3
-1.573, 1.973e-3
-1.574, 1.986e-3
-1.575, 2.004e-3
-1.576, 2.017e-3
-1.577, 2.029e-3
-1.578, 2.047e-3
-1.579, 2.060e-3
-1.580, 2.075e-3
-1.581, 2.087e-3
-1.582, 2.103e-3
-1.583, 2.118e-3
-1.584, 2.131e-3
-1.585, 2.146e-3
-1.586, 2.164e-3
-1.587, 2.180e-3
-1.588, 2.198e-3
-1.589, 2.214e-3
-1.590, 2.232e-3
-1.591, 2.251e-3
-1.592, 2.266e-3
-1.593, 2.285e-3
-1.594, 2.300e-3
-1.595, 2.316e-3
-1.596, 2.331e-3
-1.597, 2.349e-3
-1.598, 2.368e-3
-1.599, 2.383e-3
-1.600, 2.402e-3
-1.601, 2.420e-3
-1.602, 2.436e-3
-1.603, 2.454e-3
-1.604, 2.473e-3
-1.605, 2.494e-3
-1.606, 2.510e-3
-1.607, 2.528e-3
-1.608, 2.547e-3
-1.609, 2.562e-3
-1.610, 2.581e-3
-1.611, 2.602e-3
-1.612, 2.621e-3
-1.613, 2.642e-3
-1.614, 2.661e-3
-1.615, 2.682e-3
-1.616, 2.701e-3
-1.617, 2.723e-3
-1.618, 2.747e-3
-1.619, 2.769e-3
-1.620, 2.790e-3
-1.621, 2.809e-3
-1.622, 2.830e-3
-1.623, 2.855e-3
-1.624, 2.877e-3
-1.625, 2.898e-3
-1.626, 2.923e-3
-1.627, 2.948e-3
-1.628, 2.972e-3
-1.629, 2.994e-3
-1.630, 3.019e-3
-1.631, 3.040e-3
-1.632, 3.065e-3
-1.633, 3.089e-3
-1.634, 3.111e-3
-1.635, 3.139e-3
-1.636, 3.163e-3
-1.637, 3.188e-3
-1.638, 3.213e-3
-1.639, 3.237e-3
-1.640, 3.259e-3
-1.641, 3.284e-3
-1.642, 3.311e-3
-1.643, 3.333e-3
-1.644, 3.364e-3
-1.645, 3.392e-3
-1.646, 3.419e-3
-1.647, 3.450e-3
-1.648, 3.484e-3
-1.649, 3.512e-3
-1.650, 3.543e-3
-1.651, 3.580e-3
-1.652, 3.607e-3
-1.653, 3.610e-3
-1.654, 3.607e-3
-1.655, 3.610e-3
-1.656, 3.623e-3
-1.657, 3.647e-3
-1.658, 3.669e-3
-1.659, 3.706e-3
-1.660, 3.749e-3
-1.661, 3.795e-3
-1.662, 3.829e-3
-1.663, 3.876e-3
-1.664, 3.919e-3
-1.665, 3.947e-3
-1.666, 3.971e-3
-1.667, 4.005e-3
-1.668, 4.042e-3
-1.669, 4.079e-3
-1.670, 4.113e-3
-1.671, 4.147e-3
-1.672, 4.178e-3
-1.673, 4.215e-3
-1.674, 4.252e-3
-1.675, 4.289e-3
-1.676, 4.326e-3
-1.677, 4.360e-3
-1.678, 4.394e-3
-1.679, 4.431e-3
-1.680, 4.468e-3
-1.681, 4.498e-3
-1.682, 4.538e-3
-1.683, 4.579e-3
-1.684, 4.619e-3
-1.685, 4.656e-3
-1.686, 4.690e-3
-1.687, 4.730e-3
-1.688, 4.773e-3
-1.689, 4.813e-3
-1.690, 4.841e-3
-1.691, 4.875e-3
-1.692, 4.908e-3
-1.693, 4.939e-3
-1.694, 4.961e-3
-1.695, 4.989e-3
-1.696, 5.019e-3
-1.697, 5.063e-3
-1.698, 5.109e-3
-1.699, 5.167e-3
-1.700, 5.158e-3
-1.699, 5.093e-3
-1.698, 5.019e-3
-1.697, 4.958e-3
-1.696, 4.899e-3
-1.695, 4.822e-3
-1.694, 4.751e-3
-1.693, 4.671e-3
-1.692, 4.600e-3
-1.691, 4.538e-3
-1.690, 4.468e-3
-1.689, 4.412e-3
-1.688, 4.350e-3
-1.687, 4.283e-3
-1.686, 4.224e-3
-1.685, 4.184e-3
-1.684, 4.125e-3
-1.683, 4.073e-3
-1.682, 4.058e-3
-1.681, 4.008e-3
-1.680, 3.950e-3
-1.679, 3.866e-3
-1.678, 3.836e-3
-1.677, 3.805e-3
-1.676, 3.737e-3
-1.675, 3.703e-3
-1.674, 3.666e-3
-1.673, 3.604e-3
-1.672, 3.558e-3
-1.671, 3.503e-3
-1.670, 3.456e-3
-1.669, 3.410e-3
-1.668, 3.361e-3
-1.667, 3.318e-3
-1.666, 3.271e-3
-1.665, 3.228e-3
-1.664, 3.179e-3
-1.663, 3.126e-3
-1.662, 3.083e-3
-1.661, 3.046e-3
-1.660, 3.009e-3
-1.659, 2.972e-3
-1.658, 2.929e-3
-1.657, 2.895e-3
-1.656, 2.861e-3
-1.655, 2.830e-3
-1.654, 2.793e-3
-1.653, 2.750e-3
-1.652, 2.716e-3
-1.651, 2.695e-3
-1.650, 2.673e-3
-1.649, 2.652e-3
-1.648, 2.618e-3
-1.647, 2.575e-3
-1.646, 2.534e-3
-1.645, 2.494e-3
-1.644, 2.457e-3
-1.643, 2.427e-3
-1.642, 2.396e-3
-1.641, 2.362e-3
-1.640, 2.325e-3
-1.639, 2.288e-3
-1.638, 2.254e-3
-1.637, 2.223e-3
-1.636, 2.195e-3
-1.635, 2.164e-3
-1.634, 2.131e-3
-1.633, 2.097e-3
-1.632, 2.060e-3
-1.631, 2.029e-3
-1.630, 2.004e-3
-1.629, 1.976e-3
-1.628, 1.949e-3
-1.627, 1.921e-3
-1.626, 1.890e-3
-1.625, 1.859e-3
-1.624, 1.835e-3
-1.623, 1.813e-3
-1.622, 1.782e-3
-1.621, 1.758e-3
-1.620, 1.736e-3
-1.619, 1.708e-3
-1.618, 1.684e-3
-1.617, 1.659e-3
-1.616, 1.640e-3
-1.615, 1.613e-3
-1.614, 1.594e-3
-1.613, 1.573e-3
-1.612, 1.548e-3
-1.611, 1.526e-3
-1.610, 1.511e-3
-1.609, 1.489e-3
-1.608, 1.468e-3
-1.607, 1.443e-3
-1.606, 1.425e-3
-1.605, 1.406e-3
-1.604, 1.388e-3
-1.603, 1.372e-3
-1.602, 1.354e-3
-1.601, 1.335e-3
-1.600, 1.317e-3
-1.599, 1.298e-3
-1.598, 1.280e-3
-1.597, 1.264e-3
-1.596, 1.246e-3
-1.595, 1.227e-3
-1.594, 1.212e-3
-1.593, 1.196e-3
-1.592, 1.181e-3
-1.591, 1.166e-3
-1.590, 1.150e-3
-1.589, 1.135e-3
-1.588, 1.119e-3
-1.587, 1.101e-3
-1.586, 1.088e-3
-1.585, 1.073e-3
-1.584, 1.058e-3
-1.583, 1.042e-3
-1.582, 1.030e-3
-1.581, 1.014e-3
-1.580, 1.002e-3
-1.579, 9.898e-4
-1.578, 9.744e-4
-1.577, 9.621e-4
-1.576, 9.498e-4
-1.575, 9.374e-4
-1.574, 9.251e-4
-1.573, 9.097e-4
-1.572, 8.973e-4
-1.571, 8.850e-4
-1.570, 8.758e-4
-1.569, 8.634e-4
-1.568, 8.542e-4
-1.567, 8.418e-4
-1.566, 8.295e-4
-1.565, 8.172e-4
-1.564, 8.079e-4
-1.563, 7.956e-4
-1.562, 7.833e-4
-1.561, 7.740e-4
-1.560, 7.648e-4
-1.559, 7.555e-4
-1.558, 7.463e-4
-1.557, 7.370e-4
-1.556, 7.247e-4
-1.555, 7.185e-4
-1.554, 7.062e-4
-1.553, 6.969e-4
-1.552, 6.877e-4
-1.551, 6.784e-4
-1.550, 6.692e-4
-1.549, 6.630e-4
-1.548, 6.538e-4
-1.547, 6.445e-4
-1.546, 6.384e-4
-1.545, 6.291e-4
-1.544, 6.199e-4
-1.543, 6.137e-4
-1.542, 6.044e-4
-1.541, 5.983e-4
-1.540, 5.921e-4
-1.539, 5.829e-4
-1.538, 5.767e-4
-1.537, 5.674e-4
-1.536, 5.613e-4
-1.535, 5.551e-4
-1.534, 5.489e-4
-1.533, 5.428e-4
-1.532, 5.335e-4
-1.531, 5.274e-4
-1.530, 5.212e-4
-1.529, 5.150e-4
-1.528, 5.089e-4
-1.527, 5.027e-4
-1.526, 4.935e-4
-1.525, 4.873e-4
-1.524, 4.842e-4
-1.523, 4.780e-4
-1.522, 4.688e-4
-1.521, 4.657e-4
-1.520, 4.595e-4
-1.519, 4.534e-4
-1.518, 4.472e-4
-1.517, 4.410e-4
-1.516, 4.349e-4
-1.515, 4.318e-4
-1.514, 4.256e-4
-1.513, 4.195e-4
-1.512, 4.164e-4
-1.511, 4.102e-4
-1.510, 4.040e-4
-1.509, 4.010e-4
-1.508, 3.948e-4
-1.507, 3.886e-4
-1.506, 3.855e-4
-1.505, 3.794e-4
-1.504, 3.763e-4
-1.503, 3.701e-4
-1.502, 3.640e-4
-1.501, 3.609e-4
-1.500, 3.547e-4
-1.499, 3.516e-4
-1.498, 3.455e-4
-1.497, 3.424e-4
-1.496, 3.393e-4
-1.495, 3.362e-4
-1.494, 3.300e-4
-1.493, 3.270e-4
-1.492, 3.208e-4
-1.491, 3.177e-4
-1.490, 3.115e-4
-1.489, 3.085e-4
-1.488, 3.054e-4
-1.487, 2.992e-4
-1.486, 2.961e-4
-1.485, 2.931e-4
-1.484, 2.869e-4
-1.483, 2.838e-4
-1.482, 2.807e-4
-1.481, 2.776e-4
-1.480, 2.746e-4
-1.479, 2.715e-4
-1.478, 2.653e-4
-1.477, 2.622e-4
-1.476, 2.591e-4
-1.475, 2.561e-4
-1.474, 2.530e-4
-1.473, 2.468e-4
-1.472, 2.468e-4
-1.471, 2.437e-4
-1.470, 2.376e-4
-1.469, 2.345e-4
-1.468, 2.314e-4
-1.467, 2.283e-4
-1.466, 2.252e-4
-1.465, 2.221e-4
-1.464, 2.191e-4
-1.463, 2.160e-4
-1.462, 2.129e-4
-1.461, 2.098e-4
-1.460, 2.067e-4
-1.459, 2.036e-4
-1.458, 2.006e-4
-1.457, 1.975e-4
-1.456, 1.944e-4
-1.455, 1.913e-4
-1.454, 1.882e-4
-1.453, 1.851e-4
-1.452, 1.821e-4
-1.451, 1.790e-4
-1.450, 1.790e-4
-1.449, 1.759e-4
-1.448, 1.728e-4
-1.447, 1.697e-4
-1.446, 1.666e-4
-1.445, 1.636e-4
-1.444, 1.605e-4
-1.443, 1.574e-4
-1.442, 1.574e-4
-1.441, 1.543e-4
-1.440, 1.512e-4
-1.439, 1.481e-4
-1.438, 1.451e-4
-1.437, 1.420e-4
-1.436, 1.420e-4
-1.435, 1.389e-4
-1.434, 1.358e-4
-1.433, 1.327e-4
-1.432, 1.327e-4
-1.431, 1.296e-4
-1.430, 1.266e-4
-1.429, 1.235e-4
-1.428, 1.235e-4
-1.427, 1.204e-4
-1.426, 1.173e-4
-1.425, 1.173e-4
-1.424, 1.142e-4
-1.423, 1.111e-4
-1.422, 1.081e-4
-1.421, 1.081e-4
-1.420, 1.050e-4
-1.419, 1.019e-4
-1.418, 1.019e-4
-1.417, 9.882e-5
-1.416, 9.573e-5
-1.415, 9.573e-5
-1.414, 9.265e-5
-1.413, 8.957e-5
-1.412, 8.957e-5
-1.411, 8.648e-5
-1.410, 8.340e-5
-1.409, 8.340e-5
-1.408, 8.032e-5
-1.407, 7.723e-5
-1.406, 7.723e-5
-1.405, 7.415e-5
-1.404, 7.415e-5
-1.403, 7.107e-5
-1.402, 6.798e-5
-1.401, 6.798e-5
-1.400, 6.798e-5
-1.399, 6.490e-5
-1.398, 6.182e-5
-1.397, 5.873e-5
-1.396, 5.873e-5
-1.395, 5.565e-5
-1.394, 5.565e-5
-1.393, 5.257e-5
-1.392, 5.257e-5
-1.391, 4.949e-5
-1.390, 4.949e-5
-1.389, 4.640e-5
-1.388, 4.640e-5
-1.387, 4.332e-5
-1.386, 4.024e-5
-1.385, 4.024e-5
-1.384, 4.024e-5
-1.383, 3.715e-5
-1.382, 3.407e-5
-1.381, 3.407e-5
-1.380, 3.099e-5
-1.379, 3.099e-5
-1.378, 2.790e-5
-1.377, 2.482e-5
-1.376, 2.790e-5
-1.375, 2.482e-5
-1.374, 2.174e-5
-1.373, 2.174e-5
-1.372, 2.174e-5
-1.371, 1.865e-5
-1.370, 1.865e-5
-1.369, 1.557e-5
-1.368, 1.557e-5
-1.367, 1.249e-5
-1.366, 9.405e-6
-1.365, 9.405e-6
-1.364, 9.405e-6
-1.363, 9.405e-6
-1.362, 6.322e-6
-1.361, 6.322e-6
-1.360, 3.239e-6
-1.359, 3.239e-6
-1.358, 1.559e-7
-1.357, 1.559e-7
-1.356, 1.559e-7
-1.355, -2.927e-6
-1.354, -2.927e-6
-1.353, -6.010e-6
-1.352, -6.010e-6
-1.351, -6.010e-6
-1.350, -9.093e-6
-1.349, -9.093e-6
-1.348, -9.093e-6
-1.347, -1.218e-5
-1.346, -1.218e-5
-1.345, -1.218e-5
-1.344, -1.526e-5
-1.343, -1.526e-5
-1.342, -1.834e-5
-1.341, -1.834e-5
-1.340, -1.834e-5
-1.339, -1.834e-5
-1.338, -1.834e-5
-1.337, -2.143e-5
-1.336, -2.143e-5
-1.335, -2.451e-5
-1.334, -2.451e-5
-1.333, -2.759e-5
-1.332, -2.759e-5
-1.331, -2.759e-5
-1.330, -2.759e-5
-1.329, -2.759e-5
-1.328, -3.068e-5
-1.327, -3.068e-5
-1.326, -3.376e-5
-1.325, -3.376e-5
-1.324, -3.376e-5
-1.323, -3.376e-5
-1.322, -3.376e-5
-1.321, -3.684e-5
-1.320, -3.684e-5
-1.319, -3.684e-5
-1.318, -3.992e-5
-1.317, -3.992e-5
-1.316, -3.992e-5
-1.315, -3.992e-5
-1.314, -4.301e-5
-1.313, -4.301e-5
-1.312, -4.301e-5
-1.311, -4.301e-5
-1.310, -4.301e-5
-1.309, -4.301e-5
-1.308, -4.609e-5
-1.307, -4.609e-5
-1.306, -4.609e-5
-1.305, -4.917e-5
-1.304, -4.609e-5
-1.303, -4.917e-5
-1.302, -4.917e-5
-1.301, -4.917e-5
-1.300, -5.226e-5
-1.299, -5.226e-5
-1.298, -5.226e-5
-1.297, -5.534e-5
-1.296, -5.226e-5
-1.295, -5.534e-5
-1.294, -5.534e-5
-1.293, -5.534e-5
-1.292, -5.534e-5
-1.291, -5.534e-5
-1.290, -5.842e-5
-1.289, -5.842e-5
-1.288, -5.842e-5
-1.287, -5.842e-5
-1.286, -5.842e-5
-1.285, -5.842e-5
-1.284, -6.151e-5
-1.283, -5.842e-5
-1.282, -6.151e-5
-1.281, -6.151e-5
-1.280, -6.151e-5
-1.279, -6.151e-5
-1.278, -6.459e-5
-1.277, -6.459e-5
-1.276, -6.459e-5
-1.275, -6.459e-5
-1.274, -6.459e-5
-1.273, -6.767e-5
-1.272, -6.459e-5
-1.271, -6.459e-5
-1.270, -6.767e-5
-1.269, -6.767e-5
-1.268, -6.767e-5
-1.267, -6.767e-5
-1.266, -6.767e-5
-1.265, -6.767e-5
-1.264, -6.767e-5
-1.263, -6.767e-5
-1.262, -7.076e-5
-1.261, -7.076e-5
-1.260, -7.076e-5
-1.259, -7.076e-5
-1.258, -7.076e-5
-1.257, -7.076e-5
-1.256, -7.076e-5
-1.255, -7.076e-5
-1.254, -7.384e-5
-1.253, -7.384e-5
-1.252, -7.384e-5
-1.251, -7.384e-5
-1.250, -7.384e-5
-1.249, -7.384e-5
-1.248, -7.384e-5
-1.247, -7.384e-5
-1.246, -7.692e-5
-1.245, -7.384e-5
-1.244, -7.692e-5
-1.243, -7.692e-5
-1.242, -7.692e-5
-1.241, -7.692e-5
-1.240, -7.692e-5
-1.239, -7.692e-5
-1.238, -7.692e-5
-1.237, -7.692e-5
-1.236, -8.000e-5
-1.235, -7.692e-5
-1.234, -8.000e-5
-1.233, -8.000e-5
-1.232, -8.000e-5
-1.231, -8.000e-5
-1.230, -8.000e-5
-1.229, -8.309e-5
-1.228, -8.000e-5
-1.227, -8.000e-5
-1.226, -8.309e-5
-1.225, -8.309e-5
-1.224, -8.000e-5
-1.223, -8.309e-5
-1.222, -8.309e-5
-1.221, -8.309e-5
-1.220, -8.617e-5
-1.219, -8.309e-5
-1.218, -8.309e-5
-1.217, -8.309e-5
-1.216, -8.309e-5
-1.215, -8.309e-5
-1.214, -8.617e-5
-1.213, -8.617e-5
-1.212, -8.617e-5
-1.211, -8.617e-5
-1.210, -8.617e-5
-1.209, -8.617e-5
-1.208, -8.617e-5
-1.207, -8.617e-5
-1.206, -8.925e-5
-1.205, -8.617e-5
-1.204, -8.617e-5
-1.203, -8.925e-5
-1.202, -8.925e-5
-1.201, -8.925e-5
-1.200, -8.925e-5
-1.199, -8.925e-5
-1.198, -8.925e-5
-1.197, -8.925e-5
-1.196, -8.925e-5
-1.195, -8.925e-5
-1.194, -8.925e-5
-1.193, -9.234e-5
-1.192, -9.234e-5
-1.191, -8.925e-5
-1.190, -9.234e-5
-1.189, -9.234e-5
-1.188, -9.234e-5
-1.187, -9.234e-5
-1.186, -9.234e-5
-1.185, -9.234e-5
-1.184, -9.234e-5
-1.183, -9.234e-5
-1.182, -9.234e-5
-1.181, -9.234e-5
-1.180, -9.542e-5
-1.179, -9.542e-5
-1.178, -9.542e-5
-1.177, -9.542e-5
-1.176, -9.542e-5
-1.175, -9.542e-5
-1.174, -9.542e-5
-1.173, -9.542e-5
-1.172, -9.542e-5
-1.171, -9.542e-5
-1.170, -9.542e-5
-1.169, -9.850e-5
-1.168, -9.850e-5
-1.167, -9.850e-5
-1.166, -9.850e-5
-1.165, -9.850e-5
-1.164, -9.850e-5
-1.163, -9.850e-5
-1.162, -9.850e-5
-1.161, -9.850e-5
-1.160, -1.016e-4
-1.159, -1.016e-4
-1.158, -1.016e-4
-1.157, -1.016e-4
-1.156, -1.016e-4
-1.155, -1.016e-4
-1.154, -1.016e-4
-1.153, -1.016e-4
-1.152, -1.047e-4
-1.151, -1.047e-4
-1.150, -1.016e-4
-1.149, -1.047e-4
-1.148, -1.047e-4
-1.147, -1.047e-4
-1.146, -1.047e-4
-1.145, -1.047e-4
-1.144, -1.047e-4
-1.143, -1.047e-4
-1.142, -1.047e-4
-1.141, -1.047e-4
-1.140, -1.078e-4
-1.139, -1.078e-4
-1.138, -1.078e-4
-1.137, -1.078e-4
-1.136, -1.078e-4
-1.135, -1.078e-4
-1.134, -1.078e-4
-1.133, -1.108e-4
-1.132, -1.108e-4
-1.131, -1.108e-4
-1.130, -1.078e-4
-1.129, -1.108e-4
-1.128, -1.108e-4
-1.127, -1.108e-4
-1.126, -1.108e-4
-1.125, -1.108e-4
-1.124, -1.108e-4
-1.123, -1.139e-4
-1.122, -1.139e-4
-1.121, -1.139e-4
-1.120, -1.139e-4
-1.119, -1.170e-4
-1.118, -1.170e-4
-1.117, -1.139e-4
-1.116, -1.170e-4
-1.115, -1.170e-4
-1.114, -1.170e-4
-1.113, -1.170e-4
-1.112, -1.170e-4
-1.111, -1.201e-4
-1.110, -1.201e-4
-1.109, -1.201e-4
-1.108, -1.201e-4
-1.107, -1.201e-4
-1.106, -1.232e-4
-1.105, -1.201e-4
-1.104, -1.232e-4
-1.103, -1.232e-4
-1.102, -1.232e-4
-1.101, -1.232e-4
-1.100, -1.263e-4
-1.099, -1.263e-4
-1.098, -1.263e-4
-1.097, -1.263e-4
-1.096, -1.263e-4
-1.095, -1.263e-4
-1.094, -1.293e-4
-1.093, -1.293e-4
-1.092, -1.324e-4
-1.091, -1.324e-4
-1.090, -1.293e-4
-1.089, -1.324e-4
-1.088, -1.324e-4
-1.087, -1.324e-4
-1.086, -1.355e-4
-1.085, -1.355e-4
-1.084, -1.355e-4
-1.083, -1.355e-4
-1.082, -1.355e-4
-1.081, -1.355e-4
-1.080, -1.386e-4
-1.079, -1.417e-4
-1.078, -1.386e-4
-1.077, -1.386e-4
-1.076, -1.417e-4
-1.075, -1.417e-4
-1.074, -1.448e-4
-1.073, -1.448e-4
-1.072, -1.448e-4
-1.071, -1.478e-4
-1.070, -1.478e-4
-1.069, -1.448e-4
-1.068, -1.478e-4
-1.067, -1.478e-4
-1.066, -1.478e-4
-1.065, -1.509e-4
-1.064, -1.509e-4
-1.063, -1.540e-4
-1.062, -1.509e-4
-1.061, -1.540e-4
-1.060, -1.540e-4
-1.059, -1.571e-4
-1.058, -1.571e-4
-1.057, -1.571e-4
-1.056, -1.571e-4
-1.055, -1.602e-4
-1.054, -1.602e-4
-1.053, -1.602e-4
-1.052, -1.632e-4
-1.051, -1.632e-4
-1.050, -1.632e-4
-1.049, -1.663e-4
-1.048, -1.663e-4
-1.047, -1.694e-4
-1.046, -1.694e-4
-1.045, -1.694e-4
-1.044, -1.694e-4
-1.043, -1.694e-4
-1.042, -1.725e-4
-1.041, -1.725e-4
-1.040, -1.725e-4
-1.039, -1.756e-4
-1.038, -1.756e-4
-1.037, -1.756e-4
-1.036, -1.787e-4
-1.035, -1.787e-4
-1.034, -1.817e-4
-1.033, -1.817e-4
-1.032, -1.817e-4
-1.031, -1.848e-4
-1.030, -1.848e-4
-1.029, -1.848e-4
-1.028, -1.879e-4
-1.027, -1.910e-4
-1.026, -1.910e-4
-1.025, -1.910e-4
-1.024, -1.910e-4
-1.023, -1.941e-4
-1.022, -1.941e-4
-1.021, -1.972e-4
-1.020, -1.972e-4
-1.019, -2.002e-4
-1.018, -2.002e-4
-1.017, -2.002e-4
-1.016, -2.033e-4
-1.015, -2.033e-4
-1.014, -2.064e-4
-1.013, -2.064e-4
-1.012, -2.095e-4
-1.011, -2.095e-4
-1.010, -2.126e-4
-1.009, -2.126e-4
-1.008, -2.126e-4
-1.007, -2.157e-4
-1.006, -2.157e-4
-1.005, -2.157e-4
-1.004, -2.157e-4
-1.003, -2.187e-4
-1.002, -2.218e-4
-1.001, -2.218e-4
