Mar. 6, 2025   20:38:52
Cyclic Voltammetry
File: c:/users/guazh/data/banditlqround7_x0exp169_r20_3/2025-03-03-exp891\exp891-2025-03-06t20_31_01-arkoh\exp891_cv_sr_700mvs_efin_-1400mv.bin
Data Source:  Experiment
Instrument Model:  CHI760E
Header: CV ran at 700 mVs
Note: 

Init E (V) = -1
High E (V) = -1
Low E (V) = -1.4
Final E (V) = -1
Init P/N = N
Scan Rate (V/s) = 0.7
Segment = 3
Sample Interval (V) = 0.001
Quiet Time (sec) = 2
Sensitivity (A/V) = 0.01
Comp R (ohm) = 1.3

Results:

Channel 1:
Segment 1:

Segment 2:

Segment 3:

Potential/V, Current/A

-1.000, 1.559e-7
-1.001, 8.340e-5
-1.002, 1.574e-4
-1.003, 2.221e-4
-1.004, 2.807e-4
-1.005, 3.362e-4
-1.006, 3.886e-4
-1.007, 4.349e-4
-1.008, 4.780e-4
-1.009, 5.181e-4
-1.010, 5.551e-4
-1.011, 5.890e-4
-1.012, 6.199e-4
-1.013, 6.507e-4
-1.014, 6.815e-4
-1.015, 7.093e-4
-1.016, 7.370e-4
-1.017, 7.617e-4
-1.018, 7.863e-4
-1.019, 8.079e-4
-1.020, 8.326e-4
-1.021, 8.511e-4
-1.022, 8.727e-4
-1.023, 8.881e-4
-1.024, 9.035e-4
-1.025, 9.220e-4
-1.026, 9.374e-4
-1.027, 9.498e-4
-1.028, 9.652e-4
-1.029, 9.806e-4
-1.030, 9.929e-4
-1.031, 1.005e-3
-1.032, 1.021e-3
-1.033, 1.033e-3
-1.034, 1.042e-3
-1.035, 1.051e-3
-1.036, 1.064e-3
-1.037, 1.073e-3
-1.038, 1.082e-3
-1.039, 1.095e-3
-1.040, 1.107e-3
-1.041, 1.116e-3
-1.042, 1.129e-3
-1.043, 1.135e-3
-1.044, 1.144e-3
-1.045, 1.150e-3
-1.046, 1.159e-3
-1.047, 1.166e-3
-1.048, 1.172e-3
-1.049, 1.181e-3
-1.050, 1.184e-3
-1.051, 1.193e-3
-1.052, 1.203e-3
-1.053, 1.209e-3
-1.054, 1.215e-3
-1.055, 1.224e-3
-1.056, 1.230e-3
-1.057, 1.236e-3
-1.058, 1.243e-3
-1.059, 1.246e-3
-1.060, 1.252e-3
-1.061, 1.255e-3
-1.062, 1.264e-3
-1.063, 1.270e-3
-1.064, 1.277e-3
-1.065, 1.280e-3
-1.066, 1.283e-3
-1.067, 1.286e-3
-1.068, 1.289e-3
-1.069, 1.292e-3
-1.070, 1.292e-3
-1.071, 1.295e-3
-1.072, 1.298e-3
-1.073, 1.298e-3
-1.074, 1.304e-3
-1.075, 1.310e-3
-1.076, 1.317e-3
-1.077, 1.320e-3
-1.078, 1.326e-3
-1.079, 1.326e-3
-1.080, 1.329e-3
-1.081, 1.329e-3
-1.082, 1.329e-3
-1.083, 1.329e-3
-1.084, 1.332e-3
-1.085, 1.338e-3
-1.086, 1.341e-3
-1.087, 1.344e-3
-1.088, 1.347e-3
-1.089, 1.351e-3
-1.090, 1.354e-3
-1.091, 1.357e-3
-1.092, 1.357e-3
-1.093, 1.360e-3
-1.094, 1.360e-3
-1.095, 1.366e-3
-1.096, 1.369e-3
-1.097, 1.372e-3
-1.098, 1.378e-3
-1.099, 1.381e-3
-1.100, 1.384e-3
-1.101, 1.391e-3
-1.102, 1.394e-3
-1.103, 1.400e-3
-1.104, 1.400e-3
-1.105, 1.400e-3
-1.106, 1.400e-3
-1.107, 1.403e-3
-1.108, 1.409e-3
-1.109, 1.412e-3
-1.110, 1.415e-3
-1.111, 1.415e-3
-1.112, 1.418e-3
-1.113, 1.421e-3
-1.114, 1.425e-3
-1.115, 1.428e-3
-1.116, 1.428e-3
-1.117, 1.428e-3
-1.118, 1.428e-3
-1.119, 1.431e-3
-1.120, 1.431e-3
-1.121, 1.434e-3
-1.122, 1.437e-3
-1.123, 1.440e-3
-1.124, 1.443e-3
-1.125, 1.446e-3
-1.126, 1.446e-3
-1.127, 1.446e-3
-1.128, 1.446e-3
-1.129, 1.446e-3
-1.130, 1.449e-3
-1.131, 1.446e-3
-1.132, 1.449e-3
-1.133, 1.449e-3
-1.134, 1.455e-3
-1.135, 1.458e-3
-1.136, 1.462e-3
-1.137, 1.462e-3
-1.138, 1.465e-3
-1.139, 1.465e-3
-1.140, 1.468e-3
-1.141, 1.468e-3
-1.142, 1.471e-3
-1.143, 1.474e-3
-1.144, 1.474e-3
-1.145, 1.480e-3
-1.146, 1.480e-3
-1.147, 1.483e-3
-1.148, 1.486e-3
-1.149, 1.489e-3
-1.150, 1.492e-3
-1.151, 1.499e-3
-1.152, 1.499e-3
-1.153, 1.505e-3
-1.154, 1.508e-3
-1.155, 1.514e-3
-1.156, 1.520e-3
-1.157, 1.526e-3
-1.158, 1.532e-3
-1.159, 1.536e-3
-1.160, 1.539e-3
-1.161, 1.542e-3
-1.162, 1.545e-3
-1.163, 1.545e-3
-1.164, 1.545e-3
-1.165, 1.545e-3
-1.166, 1.548e-3
-1.167, 1.548e-3
-1.168, 1.551e-3
-1.169, 1.557e-3
-1.170, 1.560e-3
-1.171, 1.563e-3
-1.172, 1.569e-3
-1.173, 1.573e-3
-1.174, 1.576e-3
-1.175, 1.579e-3
-1.176, 1.579e-3
-1.177, 1.579e-3
-1.178, 1.582e-3
-1.179, 1.585e-3
-1.180, 1.588e-3
-1.181, 1.591e-3
-1.182, 1.591e-3
-1.183, 1.594e-3
-1.184, 1.594e-3
-1.185, 1.597e-3
-1.186, 1.600e-3
-1.187, 1.600e-3
-1.188, 1.600e-3
-1.189, 1.603e-3
-1.190, 1.606e-3
-1.191, 1.610e-3
-1.192, 1.613e-3
-1.193, 1.616e-3
-1.194, 1.619e-3
-1.195, 1.622e-3
-1.196, 1.622e-3
-1.197, 1.625e-3
-1.198, 1.628e-3
-1.199, 1.628e-3
-1.200, 1.631e-3
-1.201, 1.637e-3
-1.202, 1.640e-3
-1.203, 1.647e-3
-1.204, 1.656e-3
-1.205, 1.662e-3
-1.206, 1.665e-3
-1.207, 1.668e-3
-1.208, 1.671e-3
-1.209, 1.674e-3
-1.210, 1.680e-3
-1.211, 1.684e-3
-1.212, 1.690e-3
-1.213, 1.693e-3
-1.214, 1.696e-3
-1.215, 1.702e-3
-1.216, 1.705e-3
-1.217, 1.711e-3
-1.218, 1.717e-3
-1.219, 1.724e-3
-1.220, 1.727e-3
-1.221, 1.733e-3
-1.222, 1.736e-3
-1.223, 1.736e-3
-1.224, 1.739e-3
-1.225, 1.742e-3
-1.226, 1.748e-3
-1.227, 1.754e-3
-1.228, 1.758e-3
-1.229, 1.764e-3
-1.230, 1.764e-3
-1.231, 1.764e-3
-1.232, 1.764e-3
-1.233, 1.764e-3
-1.234, 1.761e-3
-1.235, 1.764e-3
-1.236, 1.764e-3
-1.237, 1.764e-3
-1.238, 1.767e-3
-1.239, 1.770e-3
-1.240, 1.776e-3
-1.241, 1.782e-3
-1.242, 1.785e-3
-1.243, 1.785e-3
-1.244, 1.788e-3
-1.245, 1.791e-3
-1.246, 1.795e-3
-1.247, 1.798e-3
-1.248, 1.801e-3
-1.249, 1.807e-3
-1.250, 1.807e-3
-1.251, 1.813e-3
-1.252, 1.816e-3
-1.253, 1.819e-3
-1.254, 1.825e-3
-1.255, 1.825e-3
-1.256, 1.828e-3
-1.257, 1.832e-3
-1.258, 1.838e-3
-1.259, 1.844e-3
-1.260, 1.850e-3
-1.261, 1.859e-3
-1.262, 1.872e-3
-1.263, 1.878e-3
-1.264, 1.884e-3
-1.265, 1.890e-3
-1.266, 1.893e-3
-1.267, 1.902e-3
-1.268, 1.909e-3
-1.269, 1.912e-3
-1.270, 1.915e-3
-1.271, 1.921e-3
-1.272, 1.924e-3
-1.273, 1.930e-3
-1.274, 1.936e-3
-1.275, 1.943e-3
-1.276, 1.949e-3
-1.277, 1.955e-3
-1.278, 1.958e-3
-1.279, 1.964e-3
-1.280, 1.973e-3
-1.281, 1.976e-3
-1.282, 1.986e-3
-1.283, 1.992e-3
-1.284, 2.001e-3
-1.285, 2.010e-3
-1.286, 2.020e-3
-1.287, 2.026e-3
-1.288, 2.029e-3
-1.289, 2.032e-3
-1.290, 2.035e-3
-1.291, 2.038e-3
-1.292, 2.044e-3
-1.293, 2.050e-3
-1.294, 2.057e-3
-1.295, 2.066e-3
-1.296, 2.072e-3
-1.297, 2.081e-3
-1.298, 2.094e-3
-1.299, 2.103e-3
-1.300, 2.115e-3
-1.301, 2.124e-3
-1.302, 2.134e-3
-1.303, 2.143e-3
-1.304, 2.155e-3
-1.305, 2.164e-3
-1.306, 2.177e-3
-1.307, 2.192e-3
-1.308, 2.208e-3
-1.309, 2.223e-3
-1.310, 2.238e-3
-1.311, 2.257e-3
-1.312, 2.272e-3
-1.313, 2.291e-3
-1.314, 2.303e-3
-1.315, 2.319e-3
-1.316, 2.337e-3
-1.317, 2.356e-3
-1.318, 2.377e-3
-1.319, 2.396e-3
-1.320, 2.417e-3
-1.321, 2.442e-3
-1.322, 2.470e-3
-1.323, 2.497e-3
-1.324, 2.522e-3
-1.325, 2.547e-3
-1.326, 2.571e-3
-1.327, 2.596e-3
-1.328, 2.624e-3
-1.329, 2.652e-3
-1.330, 2.679e-3
-1.331, 2.710e-3
-1.332, 2.741e-3
-1.333, 2.769e-3
-1.334, 2.803e-3
-1.335, 2.837e-3
-1.336, 2.874e-3
-1.337, 2.911e-3
-1.338, 2.954e-3
-1.339, 2.994e-3
-1.340, 3.040e-3
-1.341, 3.080e-3
-1.342, 3.126e-3
-1.343, 3.176e-3
-1.344, 3.225e-3
-1.345, 3.281e-3
-1.346, 3.333e-3
-1.347, 3.385e-3
-1.348, 3.438e-3
-1.349, 3.490e-3
-1.350, 3.546e-3
-1.351, 3.601e-3
-1.352, 3.660e-3
-1.353, 3.721e-3
-1.354, 3.789e-3
-1.355, 3.857e-3
-1.356, 3.934e-3
-1.357, 4.014e-3
-1.358, 4.098e-3
-1.359, 4.184e-3
-1.360, 4.273e-3
-1.361, 4.366e-3
-1.362, 4.464e-3
-1.363, 4.569e-3
-1.364, 4.671e-3
-1.365, 4.776e-3
-1.366, 4.890e-3
-1.367, 5.010e-3
-1.368, 5.137e-3
-1.369, 5.263e-3
-1.370, 5.389e-3
-1.371, 5.519e-3
-1.372, 5.658e-3
-1.373, 5.796e-3
-1.374, 5.938e-3
-1.375, 6.086e-3
-1.376, 6.237e-3
-1.377, 6.388e-3
-1.378, 6.546e-3
-1.379, 6.703e-3
-1.380, 6.863e-3
-1.381, 7.023e-3
-1.382, 7.193e-3
-1.383, 7.360e-3
-1.384, 7.529e-3
-1.385, 7.696e-3
-1.386, 7.859e-3
-1.387, 8.025e-3
-1.388, 8.186e-3
-1.389, 8.343e-3
-1.390, 8.506e-3
-1.391, 8.664e-3
-1.392, 8.815e-3
-1.393, 8.966e-3
-1.394, 9.120e-3
-1.395, 9.274e-3
-1.396, 9.431e-3
-1.397, 9.579e-3
-1.398, 9.727e-3
-1.399, 9.875e-3
-1.400, 9.956e-3
-1.399, 9.925e-3
-1.398, 9.903e-3
-1.397, 9.882e-3
-1.396, 9.857e-3
-1.395, 9.832e-3
-1.394, 9.801e-3
-1.393, 9.771e-3
-1.392, 9.743e-3
-1.391, 9.712e-3
-1.390, 9.684e-3
-1.389, 9.653e-3
-1.388, 9.626e-3
-1.387, 9.592e-3
-1.386, 9.561e-3
-1.385, 9.527e-3
-1.384, 9.496e-3
-1.383, 9.459e-3
-1.382, 9.422e-3
-1.381, 9.382e-3
-1.380, 9.339e-3
-1.379, 9.296e-3
-1.378, 9.246e-3
-1.377, 9.194e-3
-1.376, 9.145e-3
-1.375, 9.092e-3
-1.374, 9.037e-3
-1.373, 8.981e-3
-1.372, 8.923e-3
-1.371, 8.867e-3
-1.370, 8.812e-3
-1.369, 8.756e-3
-1.368, 8.707e-3
-1.367, 8.654e-3
-1.366, 8.605e-3
-1.365, 8.556e-3
-1.364, 8.503e-3
-1.363, 8.451e-3
-1.362, 8.395e-3
-1.361, 8.337e-3
-1.360, 8.275e-3
-1.359, 8.210e-3
-1.358, 8.146e-3
-1.357, 8.084e-3
-1.356, 8.019e-3
-1.355, 7.955e-3
-1.354, 7.884e-3
-1.353, 7.822e-3
-1.352, 7.767e-3
-1.351, 7.711e-3
-1.350, 7.656e-3
-1.349, 7.594e-3
-1.348, 7.532e-3
-1.347, 7.471e-3
-1.346, 7.409e-3
-1.345, 7.344e-3
-1.344, 7.276e-3
-1.343, 7.205e-3
-1.342, 7.134e-3
-1.341, 7.064e-3
-1.340, 6.996e-3
-1.339, 6.931e-3
-1.338, 6.866e-3
-1.337, 6.805e-3
-1.336, 6.746e-3
-1.335, 6.684e-3
-1.334, 6.620e-3
-1.333, 6.558e-3
-1.332, 6.499e-3
-1.331, 6.444e-3
-1.330, 6.391e-3
-1.329, 6.330e-3
-1.328, 6.271e-3
-1.327, 6.206e-3
-1.326, 6.145e-3
-1.325, 6.083e-3
-1.324, 6.018e-3
-1.323, 5.951e-3
-1.322, 5.883e-3
-1.321, 5.812e-3
-1.320, 5.744e-3
-1.319, 5.676e-3
-1.318, 5.611e-3
-1.317, 5.547e-3
-1.316, 5.485e-3
-1.315, 5.426e-3
-1.314, 5.368e-3
-1.313, 5.309e-3
-1.312, 5.248e-3
-1.311, 5.186e-3
-1.310, 5.121e-3
-1.309, 5.060e-3
-1.308, 4.995e-3
-1.307, 4.930e-3
-1.306, 4.865e-3
-1.305, 4.804e-3
-1.304, 4.736e-3
-1.303, 4.668e-3
-1.302, 4.600e-3
-1.301, 4.535e-3
-1.300, 4.474e-3
-1.299, 4.415e-3
-1.298, 4.357e-3
-1.297, 4.292e-3
-1.296, 4.233e-3
-1.295, 4.175e-3
-1.294, 4.119e-3
-1.293, 4.064e-3
-1.292, 4.002e-3
-1.291, 3.940e-3
-1.290, 3.882e-3
-1.289, 3.832e-3
-1.288, 3.771e-3
-1.287, 3.709e-3
-1.286, 3.651e-3
-1.285, 3.592e-3
-1.284, 3.533e-3
-1.283, 3.481e-3
-1.282, 3.429e-3
-1.281, 3.376e-3
-1.280, 3.321e-3
-1.279, 3.268e-3
-1.278, 3.213e-3
-1.277, 3.160e-3
-1.276, 3.105e-3
-1.275, 3.056e-3
-1.274, 3.000e-3
-1.273, 2.945e-3
-1.272, 2.889e-3
-1.271, 2.837e-3
-1.270, 2.784e-3
-1.269, 2.735e-3
-1.268, 2.679e-3
-1.267, 2.627e-3
-1.266, 2.571e-3
-1.265, 2.516e-3
-1.264, 2.464e-3
-1.263, 2.411e-3
-1.262, 2.359e-3
-1.261, 2.312e-3
-1.260, 2.266e-3
-1.259, 2.217e-3
-1.258, 2.171e-3
-1.257, 2.121e-3
-1.256, 2.072e-3
-1.255, 2.023e-3
-1.254, 1.970e-3
-1.253, 1.918e-3
-1.252, 1.865e-3
-1.251, 1.816e-3
-1.250, 1.770e-3
-1.249, 1.721e-3
-1.248, 1.674e-3
-1.247, 1.625e-3
-1.246, 1.579e-3
-1.245, 1.536e-3
-1.244, 1.489e-3
-1.243, 1.446e-3
-1.242, 1.403e-3
-1.241, 1.357e-3
-1.240, 1.314e-3
-1.239, 1.270e-3
-1.238, 1.230e-3
-1.237, 1.190e-3
-1.236, 1.147e-3
-1.235, 1.107e-3
-1.234, 1.070e-3
-1.233, 1.033e-3
-1.232, 9.929e-4
-1.231, 9.559e-4
-1.230, 9.158e-4
-1.229, 8.727e-4
-1.228, 8.326e-4
-1.227, 7.956e-4
-1.226, 7.555e-4
-1.225, 7.216e-4
-1.224, 6.877e-4
-1.223, 6.507e-4
-1.222, 6.137e-4
-1.221, 5.798e-4
-1.220, 5.428e-4
-1.219, 5.089e-4
-1.218, 4.719e-4
-1.217, 4.380e-4
-1.216, 4.010e-4
-1.215, 3.670e-4
-1.214, 3.331e-4
-1.213, 3.023e-4
-1.212, 2.684e-4
-1.211, 2.376e-4
-1.210, 2.098e-4
-1.209, 1.759e-4
-1.208, 1.451e-4
-1.207, 1.142e-4
-1.206, 8.340e-5
-1.205, 5.257e-5
-1.204, 2.174e-5
-1.203, -9.093e-6
-1.202, -3.684e-5
-1.201, -6.459e-5
-1.200, -9.234e-5
-1.199, -1.201e-4
-1.198, -1.448e-4
-1.197, -1.694e-4
-1.196, -1.972e-4
-1.195, -2.249e-4
-1.194, -2.496e-4
-1.193, -2.773e-4
-1.192, -3.020e-4
-1.191, -3.267e-4
-1.190, -3.513e-4
-1.189, -3.729e-4
-1.188, -3.945e-4
-1.187, -4.161e-4
-1.186, -4.376e-4
-1.185, -4.592e-4
-1.184, -4.808e-4
-1.183, -5.055e-4
-1.182, -5.301e-4
-1.181, -5.517e-4
-1.180, -5.733e-4
-1.179, -5.918e-4
-1.178, -6.134e-4
-1.177, -6.319e-4
-1.176, -6.535e-4
-1.175, -6.720e-4
-1.174, -6.905e-4
-1.173, -7.090e-4
-1.172, -7.275e-4
-1.171, -7.490e-4
-1.170, -7.675e-4
-1.169, -7.860e-4
-1.168, -8.045e-4
-1.167, -8.230e-4
-1.166, -8.385e-4
-1.165, -8.569e-4
-1.164, -8.693e-4
-1.163, -8.847e-4
-1.162, -9.032e-4
-1.161, -9.155e-4
-1.160, -9.340e-4
-1.159, -9.494e-4
-1.158, -9.649e-4
-1.157, -9.803e-4
-1.156, -9.988e-4
-1.155, -1.011e-3
-1.154, -1.023e-3
-1.153, -1.033e-3
-1.152, -1.045e-3
-1.151, -1.057e-3
-1.150, -1.070e-3
-1.149, -1.085e-3
-1.148, -1.097e-3
-1.147, -1.107e-3
-1.146, -1.122e-3
-1.145, -1.134e-3
-1.144, -1.144e-3
-1.143, -1.153e-3
-1.142, -1.162e-3
-1.141, -1.171e-3
-1.140, -1.181e-3
-1.139, -1.190e-3
-1.138, -1.199e-3
-1.137, -1.208e-3
-1.136, -1.221e-3
-1.135, -1.233e-3
-1.134, -1.242e-3
-1.133, -1.258e-3
-1.132, -1.270e-3
-1.131, -1.279e-3
-1.130, -1.289e-3
-1.129, -1.298e-3
-1.128, -1.304e-3
-1.127, -1.313e-3
-1.126, -1.322e-3
-1.125, -1.332e-3
-1.124, -1.341e-3
-1.123, -1.350e-3
-1.122, -1.359e-3
-1.121, -1.369e-3
-1.120, -1.375e-3
-1.119, -1.381e-3
-1.118, -1.390e-3
-1.117, -1.393e-3
-1.116, -1.400e-3
-1.115, -1.409e-3
-1.114, -1.415e-3
-1.113, -1.421e-3
-1.112, -1.430e-3
-1.111, -1.437e-3
-1.110, -1.446e-3
-1.109, -1.452e-3
-1.108, -1.458e-3
-1.107, -1.464e-3
-1.106, -1.474e-3
-1.105, -1.480e-3
-1.104, -1.483e-3
-1.103, -1.489e-3
-1.102, -1.498e-3
-1.101, -1.504e-3
-1.100, -1.514e-3
-1.099, -1.517e-3
-1.098, -1.520e-3
-1.097, -1.526e-3
-1.096, -1.529e-3
-1.095, -1.535e-3
-1.094, -1.535e-3
-1.093, -1.538e-3
-1.092, -1.541e-3
-1.091, -1.544e-3
-1.090, -1.548e-3
-1.089, -1.554e-3
-1.088, -1.560e-3
-1.087, -1.563e-3
-1.086, -1.569e-3
-1.085, -1.575e-3
-1.084, -1.581e-3
-1.083, -1.585e-3
-1.082, -1.591e-3
-1.081, -1.591e-3
-1.080, -1.591e-3
-1.079, -1.594e-3
-1.078, -1.600e-3
-1.077, -1.609e-3
-1.076, -1.612e-3
-1.075, -1.615e-3
-1.074, -1.618e-3
-1.073, -1.618e-3
-1.072, -1.622e-3
-1.071, -1.625e-3
-1.070, -1.625e-3
-1.069, -1.628e-3
-1.068, -1.631e-3
-1.067, -1.631e-3
-1.066, -1.634e-3
-1.065, -1.640e-3
-1.064, -1.643e-3
-1.063, -1.646e-3
-1.062, -1.652e-3
-1.061, -1.659e-3
-1.060, -1.662e-3
-1.059, -1.662e-3
-1.058, -1.665e-3
-1.057, -1.668e-3
-1.056, -1.671e-3
-1.055, -1.674e-3
-1.054, -1.674e-3
-1.053, -1.677e-3
-1.052, -1.680e-3
-1.051, -1.683e-3
-1.050, -1.686e-3
-1.049, -1.689e-3
-1.048, -1.689e-3
-1.047, -1.689e-3
-1.046, -1.699e-3
-1.045, -1.699e-3
-1.044, -1.702e-3
-1.043, -1.705e-3
-1.042, -1.705e-3
-1.041, -1.708e-3
-1.040, -1.708e-3
-1.039, -1.708e-3
-1.038, -1.708e-3
-1.037, -1.711e-3
-1.036, -1.723e-3
-1.035, -1.739e-3
-1.034, -1.748e-3
-1.033, -1.757e-3
-1.032, -1.763e-3
-1.031, -1.766e-3
-1.030, -1.773e-3
-1.029, -1.779e-3
-1.028, -1.782e-3
-1.027, -1.785e-3
-1.026, -1.788e-3
-1.025, -1.785e-3
-1.024, -1.785e-3
-1.023, -1.785e-3
-1.022, -1.785e-3
-1.021, -1.785e-3
-1.020, -1.788e-3
-1.019, -1.797e-3
-1.018, -1.797e-3
-1.017, -1.800e-3
-1.016, -1.800e-3
-1.015, -1.800e-3
-1.014, -1.800e-3
-1.013, -1.803e-3
-1.012, -1.807e-3
-1.011, -1.807e-3
-1.010, -1.807e-3
-1.009, -1.810e-3
-1.008, -1.810e-3
-1.007, -1.816e-3
-1.006, -1.822e-3
-1.005, -1.825e-3
-1.004, -1.825e-3
-1.003, -1.822e-3
-1.002, -1.822e-3
-1.001, -1.822e-3
