Aug. 16, 2024   10:08:43
Cyclic Voltammetry
File: c:/users/guazh/data/20240813_batch_94_500/2024-08-15-exp103\exp103-2024-08-16t09_58_58-h2koh\exp103_cv_sr_100mvs_efin_-1500mv.bin
Data Source:  Experiment
Instrument Model:  CHI760E
Header: CV ran at 100 mVs
Note: 

Init E (V) = -1
High E (V) = -1
Low E (V) = -1.5
Final E (V) = -1
Init P/N = N
Scan Rate (V/s) = 0.1
Segment = 3
Sample Interval (V) = 0.001
Quiet Time (sec) = 2
Sensitivity (A/V) = 0.01
Comp R (ohm) = 1.9

Results:

Channel 1:
Segment 1:

Segment 2:

Segment 3:

Potential/V, Current/A

-1.000, -1.970e-4
-1.001, -1.800e-4
-1.002, -1.693e-4
-1.003, -1.601e-4
-1.004, -1.520e-4
-1.005, -1.447e-4
-1.006, -1.374e-4
-1.007, -1.309e-4
-1.008, -1.245e-4
-1.009, -1.181e-4
-1.010, -1.124e-4
-1.011, -1.063e-4
-1.012, -1.009e-4
-1.013, -9.542e-5
-1.014, -9.005e-5
-1.015, -8.523e-5
-1.016, -8.022e-5
-1.017, -7.534e-5
-1.018, -7.040e-5
-1.019, -6.567e-5
-1.020, -6.117e-5
-1.021, -5.659e-5
-1.022, -5.237e-5
-1.023, -4.755e-5
-1.024, -4.300e-5
-1.025, -3.889e-5
-1.026, -3.429e-5
-1.027, -3.012e-5
-1.028, -2.566e-5
-1.029, -2.151e-5
-1.030, -1.722e-5
-1.031, -1.276e-5
-1.032, -8.911e-6
-1.033, -4.609e-6
-1.034, -6.137e-7
-1.035, 2.948e-6
-1.036, 7.240e-6
-1.037, 1.032e-5
-1.038, 1.388e-5
-1.039, 1.702e-5
-1.040, 1.966e-5
-1.041, 2.254e-5
-1.042, 2.475e-5
-1.043, 2.686e-5
-1.044, 2.906e-5
-1.045, 3.029e-5
-1.046, 3.228e-5
-1.047, 3.369e-5
-1.048, 3.507e-5
-1.049, 3.655e-5
-1.050, 3.799e-5
-1.051, 3.944e-5
-1.052, 4.068e-5
-1.053, 4.226e-5
-1.054, 4.361e-5
-1.055, 4.514e-5
-1.056, 4.679e-5
-1.057, 4.798e-5
-1.058, 4.981e-5
-1.059, 5.163e-5
-1.060, 5.329e-5
-1.061, 5.540e-5
-1.062, 5.726e-5
-1.063, 5.970e-5
-1.064, 6.166e-5
-1.065, 6.414e-5
-1.066, 6.686e-5
-1.067, 6.934e-5
-1.068, 7.242e-5
-1.069, 7.532e-5
-1.070, 7.847e-5
-1.071, 8.201e-5
-1.072, 8.488e-5
-1.073, 8.842e-5
-1.074, 9.202e-5
-1.075, 9.562e-5
-1.076, 9.953e-5
-1.077, 1.026e-4
-1.078, 1.065e-4
-1.079, 1.103e-4
-1.080, 1.138e-4
-1.081, 1.180e-4
-1.082, 1.216e-4
-1.083, 1.255e-4
-1.084, 1.294e-4
-1.085, 1.330e-4
-1.086, 1.373e-4
-1.087, 1.409e-4
-1.088, 1.450e-4
-1.089, 1.491e-4
-1.090, 1.531e-4
-1.091, 1.570e-4
-1.092, 1.612e-4
-1.093, 1.654e-4
-1.094, 1.695e-4
-1.095, 1.736e-4
-1.096, 1.780e-4
-1.097, 1.822e-4
-1.098, 1.867e-4
-1.099, 1.912e-4
-1.100, 1.955e-4
-1.101, 2.003e-4
-1.102, 2.045e-4
-1.103, 2.096e-4
-1.104, 2.139e-4
-1.105, 2.188e-4
-1.106, 2.236e-4
-1.107, 2.283e-4
-1.108, 2.335e-4
-1.109, 2.385e-4
-1.110, 2.438e-4
-1.111, 2.496e-4
-1.112, 2.550e-4
-1.113, 2.607e-4
-1.114, 2.664e-4
-1.115, 2.720e-4
-1.116, 2.783e-4
-1.117, 2.841e-4
-1.118, 2.904e-4
-1.119, 2.965e-4
-1.120, 3.027e-4
-1.121, 3.092e-4
-1.122, 3.154e-4
-1.123, 3.219e-4
-1.124, 3.280e-4
-1.125, 3.345e-4
-1.126, 3.414e-4
-1.127, 3.478e-4
-1.128, 3.542e-4
-1.129, 3.609e-4
-1.130, 3.673e-4
-1.131, 3.737e-4
-1.132, 3.797e-4
-1.133, 3.863e-4
-1.134, 3.927e-4
-1.135, 3.986e-4
-1.136, 4.046e-4
-1.137, 4.105e-4
-1.138, 4.166e-4
-1.139, 4.224e-4
-1.140, 4.280e-4
-1.141, 4.341e-4
-1.142, 4.400e-4
-1.143, 4.455e-4
-1.144, 4.512e-4
-1.145, 4.567e-4
-1.146, 4.635e-4
-1.147, 4.678e-4
-1.148, 4.735e-4
-1.149, 4.783e-4
-1.150, 4.835e-4
-1.151, 4.891e-4
-1.152, 4.938e-4
-1.153, 4.989e-4
-1.154, 5.038e-4
-1.155, 5.088e-4
-1.156, 5.141e-4
-1.157, 5.186e-4
-1.158, 5.230e-4
-1.159, 5.281e-4
-1.160, 5.328e-4
-1.161, 5.377e-4
-1.162, 5.420e-4
-1.163, 5.464e-4
-1.164, 5.509e-4
-1.165, 5.550e-4
-1.166, 5.593e-4
-1.167, 5.642e-4
-1.168, 5.683e-4
-1.169, 5.725e-4
-1.170, 5.760e-4
-1.171, 5.805e-4
-1.172, 5.844e-4
-1.173, 5.885e-4
-1.174, 5.925e-4
-1.175, 5.956e-4
-1.176, 5.996e-4
-1.177, 6.043e-4
-1.178, 6.078e-4
-1.179, 6.113e-4
-1.180, 6.151e-4
-1.181, 6.194e-4
-1.182, 6.223e-4
-1.183, 6.257e-4
-1.184, 6.289e-4
-1.185, 6.323e-4
-1.186, 6.362e-4
-1.187, 6.392e-4
-1.188, 6.422e-4
-1.189, 6.453e-4
-1.190, 6.491e-4
-1.191, 6.522e-4
-1.192, 6.550e-4
-1.193, 6.590e-4
-1.194, 6.620e-4
-1.195, 6.649e-4
-1.196, 6.678e-4
-1.197, 6.708e-4
-1.198, 6.739e-4
-1.199, 6.771e-4
-1.200, 6.793e-4
-1.201, 6.826e-4
-1.202, 6.852e-4
-1.203, 6.883e-4
-1.204, 6.906e-4
-1.205, 6.925e-4
-1.206, 6.960e-4
-1.207, 6.989e-4
-1.208, 7.014e-4
-1.209, 7.022e-4
-1.210, 7.044e-4
-1.211, 7.076e-4
-1.212, 7.099e-4
-1.213, 7.116e-4
-1.214, 7.144e-4
-1.215, 7.157e-4
-1.216, 7.186e-4
-1.217, 7.198e-4
-1.218, 7.235e-4
-1.219, 7.244e-4
-1.220, 7.262e-4
-1.221, 7.273e-4
-1.222, 7.293e-4
-1.223, 7.301e-4
-1.224, 7.317e-4
-1.225, 7.340e-4
-1.226, 7.359e-4
-1.227, 7.377e-4
-1.228, 7.405e-4
-1.229, 7.432e-4
-1.230, 7.429e-4
-1.231, 7.462e-4
-1.232, 7.476e-4
-1.233, 7.502e-4
-1.234, 7.496e-4
-1.235, 7.502e-4
-1.236, 7.514e-4
-1.237, 7.533e-4
-1.238, 7.535e-4
-1.239, 7.548e-4
-1.240, 7.557e-4
-1.241, 7.579e-4
-1.242, 7.588e-4
-1.243, 7.602e-4
-1.244, 7.618e-4
-1.245, 7.631e-4
-1.246, 7.646e-4
-1.247, 7.658e-4
-1.248, 7.660e-4
-1.249, 7.676e-4
-1.250, 7.679e-4
-1.251, 7.695e-4
-1.252, 7.704e-4
-1.253, 7.709e-4
-1.254, 7.723e-4
-1.255, 7.723e-4
-1.256, 7.733e-4
-1.257, 7.759e-4
-1.258, 7.771e-4
-1.259, 7.771e-4
-1.260, 7.778e-4
-1.261, 7.806e-4
-1.262, 7.811e-4
-1.263, 7.823e-4
-1.264, 7.841e-4
-1.265, 7.829e-4
-1.266, 7.845e-4
-1.267, 7.847e-4
-1.268, 7.868e-4
-1.269, 7.873e-4
-1.270, 7.891e-4
-1.271, 7.900e-4
-1.272, 7.893e-4
-1.273, 7.902e-4
-1.274, 7.913e-4
-1.275, 7.924e-4
-1.276, 7.939e-4
-1.277, 7.938e-4
-1.278, 7.956e-4
-1.279, 7.958e-4
-1.280, 7.974e-4
-1.281, 7.990e-4
-1.282, 8.015e-4
-1.283, 8.014e-4
-1.284, 8.037e-4
-1.285, 8.044e-4
-1.286, 8.070e-4
-1.287, 8.080e-4
-1.288, 8.080e-4
-1.289, 8.101e-4
-1.290, 8.123e-4
-1.291, 8.140e-4
-1.292, 8.162e-4
-1.293, 8.167e-4
-1.294, 8.178e-4
-1.295, 8.194e-4
-1.296, 8.215e-4
-1.297, 8.234e-4
-1.298, 8.249e-4
-1.299, 8.259e-4
-1.300, 8.271e-4
-1.301, 8.301e-4
-1.302, 8.326e-4
-1.303, 8.350e-4
-1.304, 8.358e-4
-1.305, 8.367e-4
-1.306, 8.409e-4
-1.307, 8.421e-4
-1.308, 8.454e-4
-1.309, 8.477e-4
-1.310, 8.479e-4
-1.311, 8.517e-4
-1.312, 8.527e-4
-1.313, 8.565e-4
-1.314, 8.581e-4
-1.315, 8.601e-4
-1.316, 8.641e-4
-1.317, 8.666e-4
-1.318, 8.701e-4
-1.319, 8.727e-4
-1.320, 8.753e-4
-1.321, 8.800e-4
-1.322, 8.826e-4
-1.323, 8.874e-4
-1.324, 8.877e-4
-1.325, 8.931e-4
-1.326, 8.963e-4
-1.327, 9.012e-4
-1.328, 9.043e-4
-1.329, 9.055e-4
-1.330, 9.111e-4
-1.331, 9.148e-4
-1.332, 9.204e-4
-1.333, 9.218e-4
-1.334, 9.264e-4
-1.335, 9.312e-4
-1.336, 9.364e-4
-1.337, 9.409e-4
-1.338, 9.449e-4
-1.339, 9.508e-4
-1.340, 9.566e-4
-1.341, 9.614e-4
-1.342, 9.654e-4
-1.343, 9.723e-4
-1.344, 9.780e-4
-1.345, 9.820e-4
-1.346, 9.875e-4
-1.347, 9.956e-4
-1.348, 1.003e-3
-1.349, 1.006e-3
-1.350, 1.014e-3
-1.351, 1.020e-3
-1.352, 1.026e-3
-1.353, 1.032e-3
-1.354, 1.041e-3
-1.355, 1.047e-3
-1.356, 1.054e-3
-1.357, 1.062e-3
-1.358, 1.071e-3
-1.359, 1.080e-3
-1.360, 1.085e-3
-1.361, 1.092e-3
-1.362, 1.102e-3
-1.363, 1.108e-3
-1.364, 1.116e-3
-1.365, 1.124e-3
-1.366, 1.133e-3
-1.367, 1.142e-3
-1.368, 1.150e-3
-1.369, 1.160e-3
-1.370, 1.169e-3
-1.371, 1.181e-3
-1.372, 1.190e-3
-1.373, 1.196e-3
-1.374, 1.207e-3
-1.375, 1.216e-3
-1.376, 1.227e-3
-1.377, 1.236e-3
-1.378, 1.245e-3
-1.379, 1.257e-3
-1.380, 1.262e-3
-1.381, 1.271e-3
-1.382, 1.284e-3
-1.383, 1.295e-3
-1.384, 1.307e-3
-1.385, 1.316e-3
-1.386, 1.326e-3
-1.387, 1.338e-3
-1.388, 1.352e-3
-1.389, 1.362e-3
-1.390, 1.377e-3
-1.391, 1.391e-3
-1.392, 1.403e-3
-1.393, 1.414e-3
-1.394, 1.427e-3
-1.395, 1.439e-3
-1.396, 1.453e-3
-1.397, 1.466e-3
-1.398, 1.480e-3
-1.399, 1.493e-3
-1.400, 1.509e-3
-1.401, 1.526e-3
-1.402, 1.533e-3
-1.403, 1.551e-3
-1.404, 1.564e-3
-1.405, 1.581e-3
-1.406, 1.589e-3
-1.407, 1.604e-3
-1.408, 1.619e-3
-1.409, 1.638e-3
-1.410, 1.654e-3
-1.411, 1.669e-3
-1.412, 1.683e-3
-1.413, 1.700e-3
-1.414, 1.717e-3
-1.415, 1.732e-3
-1.416, 1.750e-3
-1.417, 1.768e-3
-1.418, 1.784e-3
-1.419, 1.802e-3
-1.420, 1.818e-3
-1.421, 1.835e-3
-1.422, 1.855e-3
-1.423, 1.872e-3
-1.424, 1.887e-3
-1.425, 1.909e-3
-1.426, 1.927e-3
-1.427, 1.940e-3
-1.428, 1.961e-3
-1.429, 1.979e-3
-1.430, 1.995e-3
-1.431, 2.012e-3
-1.432, 2.033e-3
-1.433, 2.053e-3
-1.434, 2.069e-3
-1.435, 2.082e-3
-1.436, 2.105e-3
-1.437, 2.127e-3
-1.438, 2.148e-3
-1.439, 2.165e-3
-1.440, 2.189e-3
-1.441, 2.200e-3
-1.442, 2.229e-3
-1.443, 2.245e-3
-1.444, 2.261e-3
-1.445, 2.281e-3
-1.446, 2.312e-3
-1.447, 2.322e-3
-1.448, 2.352e-3
-1.449, 2.382e-3
-1.450, 2.388e-3
-1.451, 2.421e-3
-1.452, 2.436e-3
-1.453, 2.461e-3
-1.454, 2.480e-3
-1.455, 2.501e-3
-1.456, 2.527e-3
-1.457, 2.546e-3
-1.458, 2.567e-3
-1.459, 2.591e-3
-1.460, 2.612e-3
-1.461, 2.640e-3
-1.462, 2.662e-3
-1.463, 2.686e-3
-1.464, 2.708e-3
-1.465, 2.732e-3
-1.466, 2.755e-3
-1.467, 2.780e-3
-1.468, 2.796e-3
-1.469, 2.822e-3
-1.470, 2.847e-3
-1.471, 2.870e-3
-1.472, 2.894e-3
-1.473, 2.920e-3
-1.474, 2.947e-3
-1.475, 2.971e-3
-1.476, 2.992e-3
-1.477, 3.017e-3
-1.478, 3.048e-3
-1.479, 3.070e-3
-1.480, 3.095e-3
-1.481, 3.122e-3
-1.482, 3.156e-3
-1.483, 3.181e-3
-1.484, 3.196e-3
-1.485, 3.233e-3
-1.486, 3.257e-3
-1.487, 3.289e-3
-1.488, 3.315e-3
-1.489, 3.344e-3
-1.490, 3.371e-3
-1.491, 3.404e-3
-1.492, 3.430e-3
-1.493, 3.456e-3
-1.494, 3.486e-3
-1.495, 3.513e-3
-1.496, 3.540e-3
-1.497, 3.572e-3
-1.498, 3.599e-3
-1.499, 3.629e-3
-1.500, 3.617e-3
-1.499, 3.565e-3
-1.498, 3.528e-3
-1.497, 3.492e-3
-1.496, 3.455e-3
-1.495, 3.419e-3
-1.494, 3.387e-3
-1.493, 3.357e-3
-1.492, 3.320e-3
-1.491, 3.285e-3
-1.490, 3.258e-3
-1.489, 3.223e-3
-1.488, 3.197e-3
-1.487, 3.159e-3
-1.486, 3.135e-3
-1.485, 3.105e-3
-1.484, 3.082e-3
-1.483, 3.050e-3
-1.482, 3.025e-3
-1.481, 2.997e-3
-1.480, 2.968e-3
-1.479, 2.941e-3
-1.478, 2.905e-3
-1.477, 2.880e-3
-1.476, 2.851e-3
-1.475, 2.828e-3
-1.474, 2.803e-3
-1.473, 2.773e-3
-1.472, 2.750e-3
-1.471, 2.725e-3
-1.470, 2.703e-3
-1.469, 2.682e-3
-1.468, 2.647e-3
-1.467, 2.626e-3
-1.466, 2.597e-3
-1.465, 2.576e-3
-1.464, 2.548e-3
-1.463, 2.522e-3
-1.462, 2.499e-3
-1.461, 2.478e-3
-1.460, 2.453e-3
-1.459, 2.425e-3
-1.458, 2.402e-3
-1.457, 2.380e-3
-1.456, 2.353e-3
-1.455, 2.327e-3
-1.454, 2.308e-3
-1.453, 2.284e-3
-1.452, 2.259e-3
-1.451, 2.238e-3
-1.450, 2.219e-3
-1.449, 2.189e-3
-1.448, 2.166e-3
-1.447, 2.143e-3
-1.446, 2.123e-3
-1.445, 2.095e-3
-1.444, 2.070e-3
-1.443, 2.052e-3
-1.442, 2.030e-3
-1.441, 2.001e-3
-1.440, 1.983e-3
-1.439, 1.968e-3
-1.438, 1.938e-3
-1.437, 1.917e-3
-1.436, 1.899e-3
-1.435, 1.879e-3
-1.434, 1.855e-3
-1.433, 1.834e-3
-1.432, 1.815e-3
-1.431, 1.791e-3
-1.430, 1.772e-3
-1.429, 1.751e-3
-1.428, 1.734e-3
-1.427, 1.711e-3
-1.426, 1.692e-3
-1.425, 1.670e-3
-1.424, 1.651e-3
-1.423, 1.630e-3
-1.422, 1.610e-3
-1.421, 1.589e-3
-1.420, 1.566e-3
-1.419, 1.548e-3
-1.418, 1.528e-3
-1.417, 1.507e-3
-1.416, 1.490e-3
-1.415, 1.470e-3
-1.414, 1.451e-3
-1.413, 1.434e-3
-1.412, 1.417e-3
-1.411, 1.402e-3
-1.410, 1.383e-3
-1.409, 1.363e-3
-1.408, 1.344e-3
-1.407, 1.326e-3
-1.406, 1.307e-3
-1.405, 1.289e-3
-1.404, 1.270e-3
-1.403, 1.253e-3
-1.402, 1.235e-3
-1.401, 1.216e-3
-1.400, 1.201e-3
-1.399, 1.185e-3
-1.398, 1.165e-3
-1.397, 1.146e-3
-1.396, 1.129e-3
-1.395, 1.113e-3
-1.394, 1.096e-3
-1.393, 1.078e-3
-1.392, 1.060e-3
-1.391, 1.044e-3
-1.390, 1.028e-3
-1.389, 1.010e-3
-1.388, 9.955e-4
-1.387, 9.784e-4
-1.386, 9.639e-4
-1.385, 9.462e-4
-1.384, 9.324e-4
-1.383, 9.140e-4
-1.382, 8.993e-4
-1.381, 8.829e-4
-1.380, 8.664e-4
-1.379, 8.532e-4
-1.378, 8.377e-4
-1.377, 8.241e-4
-1.376, 8.109e-4
-1.375, 7.954e-4
-1.374, 7.790e-4
-1.373, 7.652e-4
-1.372, 7.514e-4
-1.371, 7.363e-4
-1.370, 7.201e-4
-1.369, 7.050e-4
-1.368, 6.915e-4
-1.367, 6.772e-4
-1.366, 6.624e-4
-1.365, 6.481e-4
-1.364, 6.350e-4
-1.363, 6.223e-4
-1.362, 6.101e-4
-1.361, 5.955e-4
-1.360, 5.823e-4
-1.359, 5.695e-4
-1.358, 5.555e-4
-1.357, 5.437e-4
-1.356, 5.298e-4
-1.355, 5.174e-4
-1.354, 5.038e-4
-1.353, 4.925e-4
-1.352, 4.799e-4
-1.351, 4.676e-4
-1.350, 4.552e-4
-1.349, 4.440e-4
-1.348, 4.319e-4
-1.347, 4.209e-4
-1.346, 4.091e-4
-1.345, 3.976e-4
-1.344, 3.865e-4
-1.343, 3.753e-4
-1.342, 3.635e-4
-1.341, 3.528e-4
-1.340, 3.418e-4
-1.339, 3.310e-4
-1.338, 3.204e-4
-1.337, 3.105e-4
-1.336, 2.999e-4
-1.335, 2.900e-4
-1.334, 2.793e-4
-1.333, 2.690e-4
-1.332, 2.594e-4
-1.331, 2.497e-4
-1.330, 2.399e-4
-1.329, 2.302e-4
-1.328, 2.214e-4
-1.327, 2.121e-4
-1.326, 2.034e-4
-1.325, 1.944e-4
-1.324, 1.857e-4
-1.323, 1.769e-4
-1.322, 1.687e-4
-1.321, 1.602e-4
-1.320, 1.522e-4
-1.319, 1.440e-4
-1.318, 1.362e-4
-1.317, 1.289e-4
-1.316, 1.213e-4
-1.315, 1.138e-4
-1.314, 1.070e-4
-1.313, 1.002e-4
-1.312, 9.357e-5
-1.311, 8.707e-5
-1.310, 8.095e-5
-1.309, 7.520e-5
-1.308, 6.937e-5
-1.307, 6.387e-5
-1.306, 5.875e-5
-1.305, 5.382e-5
-1.304, 4.949e-5
-1.303, 4.497e-5
-1.302, 4.089e-5
-1.301, 3.727e-5
-1.300, 3.364e-5
-1.299, 3.033e-5
-1.298, 2.742e-5
-1.297, 2.457e-5
-1.296, 2.211e-5
-1.295, 1.966e-5
-1.294, 1.748e-5
-1.293, 1.525e-5
-1.292, 1.341e-5
-1.291, 1.145e-5
-1.290, 9.647e-6
-1.289, 7.999e-6
-1.288, 6.421e-6
-1.287, 4.862e-6
-1.286, 3.076e-6
-1.285, 1.616e-6
-1.284, 1.362e-7
-1.283, -1.344e-6
-1.282, -2.804e-6
-1.281, -4.333e-6
-1.280, -5.862e-6
-1.279, -7.155e-6
-1.278, -8.556e-6
-1.277, -9.927e-6
-1.276, -1.131e-5
-1.275, -1.259e-5
-1.274, -1.367e-5
-1.273, -1.519e-5
-1.272, -1.624e-5
-1.271, -1.751e-5
-1.270, -1.872e-5
-1.269, -1.964e-5
-1.268, -2.125e-5
-1.267, -2.227e-5
-1.266, -2.343e-5
-1.265, -2.460e-5
-1.264, -2.561e-5
-1.263, -2.665e-5
-1.262, -2.783e-5
-1.261, -2.901e-5
-1.260, -2.988e-5
-1.259, -3.096e-5
-1.258, -3.194e-5
-1.257, -3.278e-5
-1.256, -3.351e-5
-1.255, -3.468e-5
-1.254, -3.549e-5
-1.253, -3.637e-5
-1.252, -3.717e-5
-1.251, -3.780e-5
-1.250, -3.866e-5
-1.249, -3.931e-5
-1.248, -4.007e-5
-1.247, -4.072e-5
-1.246, -4.174e-5
-1.245, -4.251e-5
-1.244, -4.327e-5
-1.243, -4.440e-5
-1.242, -4.520e-5
-1.241, -4.628e-5
-1.240, -4.703e-5
-1.239, -4.784e-5
-1.238, -4.909e-5
-1.237, -4.993e-5
-1.236, -5.098e-5
-1.235, -5.205e-5
-1.234, -5.288e-5
-1.233, -5.423e-5
-1.232, -5.502e-5
-1.231, -5.619e-5
-1.230, -5.733e-5
-1.229, -5.892e-5
-1.228, -6.003e-5
-1.227, -6.102e-5
-1.226, -6.209e-5
-1.225, -6.343e-5
-1.224, -6.452e-5
-1.223, -6.586e-5
-1.222, -6.744e-5
-1.221, -6.847e-5
-1.220, -6.971e-5
-1.219, -7.096e-5
-1.218, -7.233e-5
-1.217, -7.360e-5
-1.216, -7.515e-5
-1.215, -7.656e-5
-1.214, -7.788e-5
-1.213, -7.952e-5
-1.212, -8.115e-5
-1.211, -8.297e-5
-1.210, -8.459e-5
-1.209, -8.673e-5
-1.208, -8.884e-5
-1.207, -9.117e-5
-1.206, -9.409e-5
-1.205, -9.710e-5
-1.204, -1.009e-4
-1.203, -1.052e-4
-1.202, -1.100e-4
-1.201, -1.156e-4
-1.200, -1.217e-4
-1.199, -1.287e-4
-1.198, -1.369e-4
-1.197, -1.451e-4
-1.196, -1.540e-4
-1.195, -1.635e-4
-1.194, -1.729e-4
-1.193, -1.833e-4
-1.192, -1.929e-4
-1.191, -2.034e-4
-1.190, -2.141e-4
-1.189, -2.238e-4
-1.188, -2.344e-4
-1.187, -2.441e-4
-1.186, -2.540e-4
-1.185, -2.637e-4
-1.184, -2.728e-4
-1.183, -2.820e-4
-1.182, -2.913e-4
-1.181, -3.001e-4
-1.180, -3.090e-4
-1.179, -3.174e-4
-1.178, -3.261e-4
-1.177, -3.343e-4
-1.176, -3.422e-4
-1.175, -3.501e-4
-1.174, -3.573e-4
-1.173, -3.645e-4
-1.172, -3.714e-4
-1.171, -3.787e-4
-1.170, -3.852e-4
-1.169, -3.910e-4
-1.168, -3.965e-4
-1.167, -4.033e-4
-1.166, -4.094e-4
-1.165, -4.150e-4
-1.164, -4.202e-4
-1.163, -4.266e-4
-1.162, -4.315e-4
-1.161, -4.373e-4
-1.160, -4.417e-4
-1.159, -4.474e-4
-1.158, -4.527e-4
-1.157, -4.578e-4
-1.156, -4.624e-4
-1.155, -4.669e-4
-1.154, -4.712e-4
-1.153, -4.756e-4
-1.152, -4.798e-4
-1.151, -4.843e-4
-1.150, -4.887e-4
-1.149, -4.926e-4
-1.148, -4.964e-4
-1.147, -5.004e-4
-1.146, -5.040e-4
-1.145, -5.081e-4
-1.144, -5.115e-4
-1.143, -5.145e-4
-1.142, -5.189e-4
-1.141, -5.219e-4
-1.140, -5.253e-4
-1.139, -5.286e-4
-1.138, -5.308e-4
-1.137, -5.348e-4
-1.136, -5.377e-4
-1.135, -5.412e-4
-1.134, -5.437e-4
-1.133, -5.462e-4
-1.132, -5.489e-4
-1.131, -5.523e-4
-1.130, -5.544e-4
-1.129, -5.569e-4
-1.128, -5.598e-4
-1.127, -5.624e-4
-1.126, -5.647e-4
-1.125, -5.661e-4
-1.124, -5.689e-4
-1.123, -5.720e-4
-1.122, -5.736e-4
-1.121, -5.757e-4
-1.120, -5.782e-4
-1.119, -5.797e-4
-1.118, -5.819e-4
-1.117, -5.838e-4
-1.116, -5.859e-4
-1.115, -5.874e-4
-1.114, -5.893e-4
-1.113, -5.924e-4
-1.112, -5.931e-4
-1.111, -5.950e-4
-1.110, -5.972e-4
-1.109, -5.982e-4
-1.108, -6.001e-4
-1.107, -6.016e-4
-1.106, -6.033e-4
-1.105, -6.049e-4
-1.104, -6.052e-4
-1.103, -6.081e-4
-1.102, -6.094e-4
-1.101, -6.109e-4
-1.100, -6.112e-4
-1.099, -6.127e-4
-1.098, -6.144e-4
-1.097, -6.155e-4
-1.096, -6.166e-4
-1.095, -6.180e-4
-1.094, -6.188e-4
-1.093, -6.206e-4
-1.092, -6.209e-4
-1.091, -6.225e-4
-1.090, -6.232e-4
-1.089, -6.241e-4
-1.088, -6.254e-4
-1.087, -6.260e-4
-1.086, -6.274e-4
-1.085, -6.290e-4
-1.084, -6.290e-4
-1.083, -6.308e-4
-1.082, -6.314e-4
-1.081, -6.331e-4
-1.080, -6.349e-4
-1.079, -6.351e-4
-1.078, -6.362e-4
-1.077, -6.358e-4
-1.076, -6.377e-4
-1.075, -6.387e-4
-1.074, -6.392e-4
-1.073, -6.399e-4
-1.072, -6.403e-4
-1.071, -6.417e-4
-1.070, -6.436e-4
-1.069, -6.440e-4
-1.068, -6.450e-4
-1.067, -6.454e-4
-1.066, -6.475e-4
-1.065, -6.487e-4
-1.064, -6.500e-4
-1.063, -6.506e-4
-1.062, -6.514e-4
-1.061, -6.522e-4
-1.060, -6.541e-4
-1.059, -6.550e-4
-1.058, -6.564e-4
-1.057, -6.576e-4
-1.056, -6.589e-4
-1.055, -6.601e-4
-1.054, -6.614e-4
-1.053, -6.628e-4
-1.052, -6.638e-4
-1.051, -6.642e-4
-1.050, -6.650e-4
-1.049, -6.674e-4
-1.048, -6.689e-4
-1.047, -6.708e-4
-1.046, -6.710e-4
-1.045, -6.733e-4
-1.044, -6.748e-4
-1.043, -6.776e-4
-1.042, -6.788e-4
-1.041, -6.796e-4
-1.040, -6.824e-4
-1.039, -6.834e-4
-1.038, -6.857e-4
-1.037, -6.870e-4
-1.036, -6.893e-4
-1.035, -6.922e-4
-1.034, -6.943e-4
-1.033, -6.969e-4
-1.032, -6.986e-4
-1.031, -7.010e-4
-1.030, -7.028e-4
-1.029, -7.048e-4
-1.028, -7.070e-4
-1.027, -7.092e-4
-1.026, -7.112e-4
-1.025, -7.147e-4
-1.024, -7.173e-4
-1.023, -7.198e-4
-1.022, -7.214e-4
-1.021, -7.253e-4
-1.020, -7.286e-4
-1.019, -7.313e-4
-1.018, -7.345e-4
-1.017, -7.376e-4
-1.016, -7.413e-4
-1.015, -7.440e-4
-1.014, -7.483e-4
-1.013, -7.523e-4
-1.012, -7.554e-4
-1.011, -7.584e-4
-1.010, -7.617e-4
-1.009, -7.658e-4
-1.008, -7.698e-4
-1.007, -7.733e-4
-1.006, -7.763e-4
-1.005, -7.805e-4
-1.004, -7.853e-4
-1.003, -7.895e-4
-1.002, -7.933e-4
-1.001, -7.976e-4
