Potential V vs RHE, Current mA cm-2
0.05339999999999995,-0.04091345079209686
0.05239999999999995,-0.04217254384897674
0.051399999999999946,-0.042738428368922755
0.050399999999999945,-0.04323357732387552
0.049399999999999944,-0.04365799071383503
0.04839999999999994,-0.044039962764798594
0.04739999999999994,-0.0444077877027635
0.04639999999999994,-0.04481805397972436
0.04539999999999994,-0.04522832025668522
0.04439999999999994,-0.04563858653364609
0.04339999999999994,-0.04597811724561369
0.04239999999999994,-0.046331795070579954
0.04139999999999994,-0.046713767121543515
0.040399999999999936,-0.04713818051150302
0.039399999999999935,-0.047548446788463886
0.038399999999999934,-0.04793041883942745
0.03739999999999993,-0.048284096664393705
0.03639999999999993,-0.04868021582835592
0.03539999999999993,-0.04907633499231812
0.03439999999999993,-0.04948660126927898
0.03339999999999993,-0.049854426207243896
0.03239999999999993,-0.050208104032210155
0.03139999999999993,-0.050590076083173716
0.030399999999999927,-0.051028636586131874
0.029399999999999926,-0.05143890286309273
0.028399999999999925,-0.05182087491405629
0.027399999999999924,-0.05217455273902255
0.026399999999999924,-0.052584819015983414
0.025399999999999923,-0.05302337951894157
0.024399999999999922,-0.053433645795902436
0.02339999999999992,-0.053815617846866
0.02239999999999992,-0.05421173701082821
0.02139999999999992,-0.054622003287789066
0.020399999999999918,-0.05506056379074723
0.019399999999999917,-0.055470830067708095
0.018399999999999916,-0.05585280211867165
0.017399999999999916,-0.056248921282633854
0.016399999999999915,-0.05665918755959472
0.015399999999999914,-0.05709774806255288
0.014399999999999913,-0.057522161452512384
0.013399999999999912,-0.05793242772947325
0.012399999999999911,-0.05834269400643411
0.01139999999999991,-0.058724666057397665
0.01039999999999991,-0.05917737367335448
0.009399999999999908,-0.059601787063313996
0.008399999999999908,-0.05998375911427755
0.007399999999999907,-0.06039402539123842
0.006399999999999906,-0.06079014455520062
0.005399999999999905,-0.06127114639715474
0.004399999999999904,-0.06172385401311155
0.003399999999999903,-0.06210582606407511
0.002399999999999902,-0.06253023945403462
0.0013999999999999013,-0.06296879995699278
0.00039999999999990044,-0.06346394891194555
-0.0006000000000001005,-0.06391665652790236
-0.0016000000000001013,-0.06434106991786188
-0.0026000000000001022,-0.06476548330782138
-0.003600000000000103,-0.06520404381077954
-0.004600000000000104,-0.065670898539735
-0.005600000000000105,-0.06613775326869047
-0.006600000000000106,-0.06656216665864997
-0.007600000000000107,-0.06697243293561084
-0.008600000000000108,-0.067410993438569
-0.009600000000000108,-0.06789199528052312
-0.01060000000000011,-0.06838714423547587
-0.01160000000000011,-0.06879741051243674
-0.012600000000000111,-0.06922182390239626
-0.013600000000000112,-0.0696603844053544
-0.014600000000000113,-0.07015553336030717
-0.015600000000000114,-0.07063653520226129
-0.016600000000000115,-0.07106094859222079
-0.017600000000000116,-0.07151365620817761
-0.018600000000000116,-0.07195221671113576
-0.019600000000000117,-0.07246151277908719
-0.020600000000000118,-0.072914220395044
-0.02160000000000012,-0.07335278089800215
-0.02260000000000012,-0.0737913414009603
-0.02360000000000012,-0.07424404901691713
-0.024600000000000122,-0.07473919797186988
-0.025600000000000123,-0.07522019981382401
-0.026600000000000124,-0.0756446132037835
-0.027600000000000124,-0.07609732081974033
-0.028600000000000125,-0.07652173420969983
-0.029600000000000126,-0.07701688316465259
-0.030600000000000127,-0.0774978850066067
-0.03160000000000013,-0.07793644550956487
-0.03260000000000013,-0.07837500601252304
-0.03360000000000013,-0.07884186074147849
-0.03460000000000002,-0.0793511568094299
-0.03560000000000002,-0.07981801153838537
-0.03660000000000002,-0.08024242492834488
-0.03760000000000002,-0.08068098543130305
-0.03860000000000002,-0.08113369304725986
-0.039600000000000024,-0.08162884200221261
-0.040600000000000025,-0.08212399095716538
-0.041600000000000026,-0.08254840434712489
-0.04260000000000003,-0.0829728177370844
-0.04360000000000003,-0.08342552535304121
-0.04460000000000003,-0.08387823296899803
-0.04560000000000003,-0.08433094058495484
-0.04660000000000003,-0.0847412068619157
-0.04760000000000003,-0.08517976736487386
-0.04860000000000003,-0.08564662209382931
-0.04960000000000003,-0.08611347682278478
-0.050600000000000034,-0.08656618443874159
-0.051600000000000035,-0.0869905978287011
-0.052600000000000036,-0.08740086410566196
-0.053600000000000037,-0.08779698326962418
-0.05460000000000004,-0.08824969088558099
-0.05560000000000004,-0.08868825138853914
-0.05660000000000004,-0.0891268118914973
-0.05760000000000004,-0.08953707816845817
-0.05860000000000004,-0.08996149155841768
-0.05960000000000004,-0.09044249340037179
-0.06060000000000004,-0.09086690679033131
-0.061600000000000044,-0.09127717306729217
-0.06260000000000004,-0.09167329223125438
-0.06360000000000005,-0.09208355850821524
-0.06460000000000005,-0.09255041323717071
-0.06560000000000005,-0.0929748266271302
-0.06660000000000005,-0.09335679867809377
-0.06760000000000005,-0.09373877072905733
-0.06860000000000005,-0.09413488989301955
-0.06960000000000005,-0.09458759750897636
-0.07060000000000005,-0.0949978637859372
-0.07160000000000005,-0.09535154161090346
-0.07260000000000005,-0.0957193665488684
-0.07360000000000005,-0.09610133859983194
-0.07460000000000006,-0.09653989910279011
-0.07560000000000006,-0.09693601826675231
-0.07660000000000006,-0.09727554897871993
-0.07760000000000006,-0.09762922680368619
-0.07860000000000006,-0.09799705174165109
-0.07960000000000006,-0.09837902379261465
-0.08060000000000006,-0.09874684873057955
-0.08160000000000006,-0.09908637944254717
-0.08260000000000006,-0.09941176304151612
-0.08360000000000006,-0.09977958797948104
-0.08460000000000006,-0.1001332658044473
-0.08560000000000006,-0.1005010907424122
-0.08660000000000007,-0.10081232722838251
-0.08760000000000007,-0.10110941660135417
-0.08860000000000007,-0.10143480020032314
-0.08960000000000007,-0.1017884780252894
-0.09060000000000007,-0.10211386162425835
-0.09160000000000007,-0.10239680388423136
-0.09260000000000007,-0.10267974614420436
-0.09360000000000007,-0.10296268840417737
-0.09460000000000007,-0.10328807200314633
-0.09560000000000007,-0.10361345560211528
-0.09660000000000007,-0.10388225074908965
-0.09760000000000008,-0.1041227516700667
-0.09860000000000008,-0.10439154681704105
-0.09960000000000008,-0.10470278330301136
-0.10060000000000008,-0.10497157844998573
-0.10160000000000008,-0.10519793225796412
-0.10260000000000008,-0.10546672740493848
-0.10360000000000008,-0.10569308121291689
-0.10460000000000008,-0.10599017058588855
-0.10560000000000008,-0.10623067150686559
-0.10660000000000008,-0.1064287310888467
-0.10760000000000008,-0.10664093778382645
-0.10860000000000009,-0.10683899736580757
-0.10960000000000009,-0.10712193962578058
-0.11060000000000009,-0.10736244054675763
-0.11160000000000009,-0.10750391167674413
-0.11260000000000009,-0.10770197125872524
-0.11360000000000009,-0.10790003084070635
-0.11460000000000009,-0.1081405317616834
-0.11560000000000009,-0.10835273845666317
-0.11660000000000009,-0.10846591536065237
-0.1176000000000001,-0.10863568071663617
-0.1186000000000001,-0.10880544607261997
-0.1196000000000001,-0.10900350565460108
-0.1206000000000001,-0.10915912389758622
-0.1216000000000001,-0.10928644791457408
-0.1226000000000001,-0.10942791904456058
-0.1236000000000001,-0.10955524306154844
-0.1246000000000001,-0.10972500841753224
-0.1256000000000001,-0.10988062666051741
-0.1266000000000001,-0.10995136222551065
-0.1276000000000001,-0.11006453912949986
-0.1286000000000001,-0.11017771603348907
-0.1296000000000001,-0.11031918716347557
-0.1306000000000001,-0.11043236406746475
-0.1316000000000001,-0.11051724674545668
-0.1326000000000001,-0.11057383519745125
-0.1336000000000001,-0.11065871787544318
-0.1346000000000001,-0.11078604189243102
-0.1356000000000001,-0.11087092457042293
-0.1366000000000001,-0.11089921879642024
-0.1376000000000001,-0.1109558072484148
-0.1386000000000001,-0.11102654281340808
-0.1396000000000001,-0.11111142549139998
-0.1406000000000001,-0.11118216105639324
-0.14160000000000011,-0.11119630816939187
-0.14260000000000012,-0.11121045528239053
-0.14360000000000012,-0.11123874950838784
-0.14460000000000012,-0.11130948507338108
-0.14560000000000012,-0.11135192641237703
-0.14660000000000012,-0.11135192641237703
-0.14760000000000012,-0.11135192641237703
-0.14860000000000012,-0.1113660735253757
-0.14960000000000012,-0.11142266197737029
-0.15060000000000012,-0.11142266197737029
-0.15160000000000012,-0.11139436775137299
-0.15260000000000012,-0.11138022063837434
-0.15360000000000013,-0.11138022063837434
-0.15460000000000013,-0.11140851486437164
-0.15560000000000013,-0.11139436775137299
-0.15660000000000013,-0.11133777929937837
-0.15760000000000013,-0.11130948507338108
-0.15860000000000013,-0.11129533796038243
-0.15960000000000002,-0.11129533796038243
-0.16060000000000002,-0.11128119084738379
-0.16160000000000002,-0.11121045528239053
-0.16260000000000002,-0.11113971971739729
-0.16360000000000002,-0.11111142549139998
-0.16460000000000002,-0.11109727837840132
-0.16560000000000002,-0.11111142549139998
-0.16660000000000003,-0.11106898415240402
-0.16760000000000003,-0.11096995436141348
-0.16860000000000003,-0.11089921879642024
-0.16960000000000003,-0.11087092457042293
-0.17060000000000003,-0.11080018900542968
-0.17160000000000003,-0.11070115921443913
-0.17260000000000003,-0.11064457076244452
-0.17360000000000003,-0.11058798231044992
-0.17460000000000003,-0.11053139385845531
-0.17560000000000003,-0.11043236406746475
-0.17660000000000003,-0.11034748138947285
-0.17760000000000004,-0.1102484515984823
-0.17860000000000004,-0.11017771603348907
-0.17960000000000004,-0.11014942180749175
-0.18060000000000004,-0.1100786862424985
-0.18160000000000004,-0.10995136222551065
-0.18260000000000004,-0.10986647954751874
-0.18360000000000004,-0.10978159686952685
-0.18460000000000004,-0.10972500841753224
-0.18560000000000004,-0.10964012573954035
-0.18660000000000004,-0.10951280172255247
-0.18760000000000004,-0.10939962481856329
-0.18860000000000005,-0.1093147421405714
-0.18960000000000005,-0.10925815368857679
-0.19060000000000005,-0.1091732710105849
-0.19160000000000005,-0.10904594699359701
-0.19260000000000005,-0.10894691720260646
-0.19360000000000005,-0.10883374029861728
-0.19460000000000005,-0.10877715184662266
-0.19560000000000005,-0.10867812205563213
-0.19660000000000005,-0.10855079803864424
-0.19760000000000005,-0.10843762113465506
-0.19860000000000005,-0.10833859134366451
-0.19960000000000006,-0.10826785577867125
-0.20060000000000006,-0.10818297310067936
-0.20160000000000006,-0.10804150197069286
-0.20260000000000006,-0.10791417795370499
-0.20360000000000006,-0.1078292952757131
-0.20460000000000006,-0.10777270682371849
-0.20560000000000006,-0.10767367703272793
-0.20660000000000006,-0.1075463530157401
-0.20760000000000006,-0.10740488188575359
-0.20860000000000006,-0.10733414632076034
-0.20960000000000006,-0.10726341075576709
-0.21060000000000006,-0.10716438096477654
-0.21160000000000007,-0.10703705694778867
-0.21260000000000007,-0.10690973293080082
-0.21360000000000007,-0.10683899736580757
-0.21460000000000007,-0.10676826180081432
-0.21560000000000007,-0.10666923200982377
-0.21660000000000007,-0.1065702022188332
-0.21760000000000007,-0.10645702531484401
-0.21860000000000007,-0.1063721426368521
-0.21960000000000007,-0.10630140707185885
-0.22060000000000007,-0.10621652439386696
-0.22160000000000007,-0.10610334748987776
-0.22260000000000008,-0.10599017058588855
-0.22360000000000008,-0.10590528790789665
-0.22460000000000008,-0.10584869945590204
-0.22560000000000008,-0.10576381677791014
-0.22660000000000008,-0.1056364927609223
-0.22760000000000008,-0.10553746296993173
-0.22860000000000008,-0.10543843317894118
-0.22960000000000008,-0.10542428606594254
-0.23060000000000008,-0.10532525627495198
-0.23160000000000008,-0.10521207937096277
-0.23260000000000008,-0.10511304957997222
-0.23360000000000009,-0.10504231401497897
-0.2346000000000001,-0.10499987267598301
-0.2356000000000001,-0.10492913711098976
-0.2366000000000001,-0.10481596020700056
-0.2376000000000001,-0.10473107752900866
-0.2386000000000001,-0.10467448907701406
-0.2396000000000001,-0.10461790062501947
-0.2406000000000001,-0.10456131217302486
-0.2416000000000001,-0.104433988156037
-0.2426000000000001,-0.10437739970404242
-0.2436000000000001,-0.1043208112520478
-0.2446000000000001,-0.1042925170260505
-0.2456000000000001,-0.10425007568705455
-0.2466000000000001,-0.10413689878306535
-0.2476000000000001,-0.1040661632180721
-0.2486000000000001,-0.10402372187907614
-0.2496000000000001,-0.10400957476607749
-0.2506000000000001,-0.1039529863140829
-0.2516000000000001,-0.10386810363609099
-0.2526000000000001,-0.10378322095809908
-0.2536000000000001,-0.10376907384510045
-0.2546000000000001,-0.10376907384510045
-0.2556000000000001,-0.1036983382801072
-0.2566000000000001,-0.10364174982811258
-0.2576000000000001,-0.10357101426311933
-0.2586000000000001,-0.10352857292412339
-0.2596000000000001,-0.10354272003712203
-0.2606000000000001,-0.10352857292412339
-0.2616000000000001,-0.10347198447212877
-0.2626000000000001,-0.10341539602013419
-0.2636000000000001,-0.10337295468113822
-0.2646000000000001,-0.10338710179413689
-0.2656000000000001,-0.10334466045514094
-0.2666000000000001,-0.10328807200314633
-0.2676000000000001,-0.10325977777714902
-0.2686000000000001,-0.10325977777714902
-0.2696000000000001,-0.10325977777714902
-0.2706000000000001,-0.10324563066415038
-0.2716000000000001,-0.10318904221215577
-0.2726000000000001,-0.10316074798615847
-0.2736000000000001,-0.10314660087315983
-0.2746000000000001,-0.10318904221215577
-0.2756000000000001,-0.10317489509915713
-0.2766000000000001,-0.10313245376016117
-0.2776000000000001,-0.10311830664716252
-0.2786000000000001,-0.10311830664716252
-0.2796000000000001,-0.10314660087315983
-0.2806000000000001,-0.10313245376016117
-0.28160000000000013,-0.10313245376016117
-0.28260000000000013,-0.10311830664716252
-0.28360000000000013,-0.10313245376016117
-0.2846,-0.10316074798615847
-0.2856,-0.10317489509915713
-0.2866,-0.10314660087315983
-0.2876,-0.10313245376016117
-0.2886,-0.10316074798615847
-0.2896,-0.10320318932515443
-0.2906,-0.10324563066415038
-0.2916,-0.10321733643815308
-0.2926,-0.10321733643815308
-0.2936,-0.1032739248901477
-0.29460000000000003,-0.10333051334214227
-0.29560000000000003,-0.10333051334214227
-0.29660000000000003,-0.10335880756813957
-0.29760000000000003,-0.10335880756813957
-0.29860000000000003,-0.10341539602013419
-0.29960000000000003,-0.10347198447212877
-0.30060000000000003,-0.10352857292412339
-0.30160000000000003,-0.10351442581112473
-0.30260000000000004,-0.10354272003712203
-0.30360000000000004,-0.10358516137611798
-0.30460000000000004,-0.10371248539310583
-0.30560000000000004,-0.10372663250610449
-0.30660000000000004,-0.10374077961910314
-0.30760000000000004,-0.10379736807109774
-0.30860000000000004,-0.10386810363609099
-0.30960000000000004,-0.10396713342708154
-0.31060000000000004,-0.10400957476607749
-0.31160000000000004,-0.1040378689920748
-0.31260000000000004,-0.1041227516700667
-0.31360000000000005,-0.10422178146105725
-0.31460000000000005,-0.1043491054780451
-0.31560000000000005,-0.10441984104303836
-0.31660000000000005,-0.10447642949503295
-0.31760000000000005,-0.10457545928602352
-0.31860000000000005,-0.10468863619001273
-0.31960000000000005,-0.10487254865899517
-0.32060000000000005,-0.10498572556298437
-0.32160000000000005,-0.10507060824097628
-0.32260000000000005,-0.10518378514496549
-0.32360000000000005,-0.10536769761394793
-0.32460000000000006,-0.10552331585693309
-0.32560000000000006,-0.10567893409991824
-0.32660000000000006,-0.10580625811690608
-0.32760000000000006,-0.10591943502089529
-0.32860000000000006,-0.10608920037687909
-0.32960000000000006,-0.10628725995886021
-0.33060000000000006,-0.10641458397584806
-0.33160000000000006,-0.10654190799283592
-0.33260000000000006,-0.10666923200982377
-0.33360000000000006,-0.10681070313981027
-0.33460000000000006,-0.10699461560879273
-0.33560000000000006,-0.10709364539978329
-0.33660000000000007,-0.10719267519077383
-0.33760000000000007,-0.10730585209476304
-0.33860000000000007,-0.10743317611175088
-0.33960000000000007,-0.10758879435473605
-0.34060000000000007,-0.10767367703272793
-0.34160000000000007,-0.10774441259772119
-0.34260000000000007,-0.10781514816271445
-0.34360000000000007,-0.10794247217970229
-0.3446000000000001,-0.10806979619669015
-0.3456000000000001,-0.1081405317616834
-0.3466000000000001,-0.10819712021367801
-0.34759999999999996,-0.10828200289166989
-0.3486000000000001,-0.1083668855696618
-0.34959999999999997,-0.10848006247365101
-0.3506000000000001,-0.10852250381264696
-0.35159999999999997,-0.10859323937764022
-0.3526000000000001,-0.10867812205563213
-0.35359999999999997,-0.10873471050762673
-0.3546000000000001,-0.10886203452461457
-0.35559999999999997,-0.10894691720260646
-0.3566000000000001,-0.10897521142860378
-0.3576,-0.10904594699359701
-0.3586000000000001,-0.10914497678458758
-0.3596,-0.10925815368857679
-0.3606000000000001,-0.1093430363665687
-0.3616,-0.10939962481856329
-0.3626000000000001,-0.10944206615755923
-0.3636,-0.10956939017454709
-0.3646000000000001,-0.1096825670785363
-0.3656,-0.1097674497565282
-0.3666000000000001,-0.10980989109552414
-0.3676,-0.10989477377351606
-0.3686000000000001,-0.11000795067750524
-0.3696,-0.11012112758149446
-0.3706000000000001,-0.11022015737248501
-0.3716,-0.11030504005047691
-0.3726000000000001,-0.11036162850247151
-0.3736,-0.11048895251945937
-0.3746000000000001,-0.11063042364944586
-0.3756,-0.11070115921443913
-0.3766000000000001,-0.11078604189243102
-0.3776,-0.11087092457042293
-0.3786000000000001,-0.11098410147441214
-0.3796,-0.11113971971739729
-0.3806000000000001,-0.11122460239538919
-0.3816,-0.11129533796038243
-0.3826000000000001,-0.11138022063837434
-0.3836,-0.11152169176836085
-0.3846000000000001,-0.111677310011346
-0.3856,-0.1117621926893379
-0.3866000000000001,-0.1118470753673298
-0.3876,-0.11194610515832035
-0.3886000000000001,-0.11208757628830686
-0.3896,-0.11225734164429065
-0.3906000000000001,-0.11235637143528121
-0.3916,-0.11245540122627176
-0.3926000000000001,-0.11256857813026097
-0.3936,-0.11273834348624477
-0.3946000000000001,-0.11290810884222857
-0.3956,-0.11302128574621777
-0.3966000000000001,-0.11314860976320563
-0.3976,-0.11329008089319213
-0.3986000000000001,-0.11345984624917593
-0.3996,-0.11362961160515975
-0.4006000000000001,-0.11377108273514626
-0.4016,-0.1138984067521341
-0.4026000000000001,-0.11406817210811791
-0.4036,-0.1142379374641017
-0.4046000000000001,-0.11446429127208012
-0.4056,-0.11460576240206662
-0.40660000000000013,-0.11477552775805042
-0.4076,-0.11494529311403422
-0.40860000000000013,-0.11514335269601533
-0.4096,-0.11536970650399375
-0.41060000000000013,-0.1155253247469789
-0.4116,-0.11570923721596137
-0.41260000000000013,-0.11589314968494381
-0.4136,-0.11614779771891949
-0.41460000000000014,-0.11638829863989655
-0.4156,-0.11657221110887903
-0.41660000000000014,-0.11678441780385877
-0.4176,-0.11695418315984259
-0.41860000000000014,-0.11718053696782099
-0.41960000000000003,-0.11744933211479533
-0.42060000000000014,-0.11761909747077916
-0.42160000000000003,-0.11783130416575889
-0.42260000000000014,-0.11802936374774001
-0.42360000000000003,-0.11822742332972111
-0.42460000000000014,-0.11848207136369682
-0.42560000000000003,-0.11868013094567793
-0.42660000000000015,-0.11886404341466038
-0.42760000000000004,-0.11904795588364282
-0.42860000000000015,-0.11928845680461989
-0.42960000000000004,-0.11952895772559695
-0.43060000000000015,-0.11972701730757807
-0.43160000000000004,-0.11989678266356185
-0.43260000000000015,-0.12010898935854163
-0.43360000000000004,-0.12033534316652002
-0.43460000000000015,-0.12058999120049572
-0.43560000000000004,-0.12078805078247684
-0.43660000000000015,-0.120943669025462
-0.43760000000000004,-0.12114172860744309
-0.43860000000000016,-0.12135393530242285
-0.43960000000000005,-0.12156614199740261
-0.44060000000000016,-0.12176420157938371
-0.44160000000000005,-0.12193396693536751
-0.44260000000000016,-0.12211787940434997
-0.44360000000000005,-0.12233008609932973
-0.44460000000000016,-0.12254229279430948
-0.44560000000000005,-0.12275449948928924
-0.44660000000000016,-0.12292426484527302
-0.44760000000000005,-0.12312232442725414
-0.44860000000000017,-0.12334867823523256
-0.44960000000000006,-0.12360332626920825
-0.45060000000000017,-0.12378723873819068
-0.45160000000000006,-0.12395700409417452
-0.45260000000000017,-0.12415506367615564
-0.45360000000000006,-0.12439556459713268
-0.45460000000000017,-0.12465021263110838
-0.45560000000000006,-0.12483412510009084
-0.4566000000000002,-0.12501803756907331
-0.45760000000000006,-0.12523024426405305
-0.4586000000000002,-0.1254424509590328
-0.45960000000000006,-0.12569709899300852
-0.4606000000000002,-0.12589515857498962
-0.46160000000000007,-0.1260932181569707
-0.4626000000000002,-0.12630542485195048
-0.46360000000000007,-0.12654592577292753
-0.4646000000000002,-0.12682886803290053
-0.46560000000000007,-0.12705522184087895
-0.4666000000000002,-0.1272674285358587
-0.46760000000000007,-0.12750792945683576
-0.4686000000000002,-0.1277625774908115
-0.4696000000000001,-0.12807381397678178
-0.4706000000000002,-0.12831431489775882
-0.4716000000000001,-0.12852652159273859
-0.47259999999999996,-0.12880946385271158
-0.4736000000000001,-0.12907825899968592
-0.47459999999999997,-0.12940364259865492
-0.4756000000000001,-0.12967243774562928
-0.47659999999999997,-0.1299129386666063
-0.4776000000000001,-0.13021002803957799
-0.47859999999999997,-0.13052126452554827
-0.4796000000000001,-0.13087494235051456
-0.48059999999999997,-0.13115788461048755
-0.4816000000000001,-0.1314549739834592
-0.4826,-0.13175206335643086
-0.4836000000000001,-0.13210574118139712
-0.4846,-0.13244527189336472
-0.4856000000000001,-0.13275650837933503
-0.4866,-0.13306774486530534
-0.4876000000000001,-0.133364834238277
-0.4886,-0.13374680628924054
-0.4896000000000001,-0.13412877834020412
-0.4906,-0.1344541619391731
-0.4916000000000001,-0.13479369265114066
-0.4926,-0.1351615175891056
-0.4936000000000001,-0.1355576367530678
-0.4946,-0.13596790303002868
-0.4956000000000001,-0.1363074337419963
-0.4966,-0.13666111156696256
-0.4976000000000001,-0.1370147893919288
-0.4986,-0.1374674970078856
-0.4996000000000001,-0.13790605751084378
-0.5005999999999999,-0.1382738824488087
-0.5016,-0.1386700016127709
-0.5025999999999999,-0.13905197366373448
-0.5036,-0.13949053416669263
-0.5045999999999999,-0.13995738889564807
-0.5056,-0.140325213833613
-0.5065999999999999,-0.1407496272235725
-0.5076,-0.14115989350053335
-0.5085999999999999,-0.14161260111649018
-0.5096,-0.1420370145064497
-0.5105999999999999,-0.1424614278964092
-0.5116,-0.1428858412863687
-0.5126,-0.1433102546763282
-0.5136000000000001,-0.1437346680662877
-0.5146,-0.14415908145624726
-0.5156000000000001,-0.14458349484620675
-0.5166,-0.14500790823616627
-0.5176000000000001,-0.14543232162612577
-0.5186,-0.1458567350160853
-0.5196000000000001,-0.14628114840604478
-0.5206,-0.1467055617960043
-0.5216000000000001,-0.14712997518596382
-0.5226,-0.14755438857592332
-0.5236000000000001,-0.14812027309586934
-0.5246,-0.14854468648582883
-0.5256000000000001,-0.14896909987578838
-0.5266,-0.14939351326574787
-0.5276000000000001,-0.1498179266557074
-0.5286,-0.1502423400456669
-0.5296000000000001,-0.1506667534356264
-0.5306,-0.1512326379555724
-0.5316000000000001,-0.15151558021554543
-0.5326,-0.15193999360550495
-0.5336000000000001,-0.15236440699546444
-0.5346,-0.15293029151541046
-0.5356000000000001,-0.15321323377538346
-0.5366,-0.15363764716534298
-0.5376000000000001,-0.1540620605553025
-0.5386,-0.15448647394526202
-0.5396000000000001,-0.15491088733522151
-0.5406,-0.155335300725181
-0.5416000000000001,-0.15575971411514053
-0.5426,-0.15604265637511353
-0.5436000000000001,-0.15646706976507307
-0.5446,-0.15703295428501907
-0.5456000000000001,-0.15731589654499206
-0.5466,-0.15774030993495158
-0.5476000000000001,-0.15816472332491108
-0.5486,-0.1585891367148706
-0.5496000000000001,-0.15901355010483012
-0.5506,-0.15929649236480314
-0.5516000000000001,-0.15972090575476264
-0.5526,-0.16000384801473563
-0.5536000000000001,-0.16042826140469515
-0.5546,-0.16085267479465465
-0.5556000000000001,-0.16127708818461417
-0.5566,-0.1615600304445872
-0.5576000000000001,-0.1619844438345467
-0.5586,-0.1624088572245062
-0.5596000000000001,-0.1626917994844792
-0.5606,-0.16311621287443873
-0.5616000000000001,-0.16339915513441172
-0.5626,-0.16382356852437122
-0.5636000000000001,-0.16410651078434427
-0.5646,-0.16453092417430376
-0.5656000000000001,-0.16495533756426325
-0.5666,-0.16523827982423628
-0.5676000000000001,-0.1655212220842093
-0.5686,-0.1659456354741688
-0.5696000000000001,-0.16637004886412832
-0.5706,-0.1666529911241013
-0.5716000000000001,-0.1669359333840743
-0.5726,-0.16736034677403386
-0.5736000000000001,-0.16764328903400685
-0.5746,-0.16806770242396638
-0.5756000000000001,-0.16849211581392587
-0.5766,-0.16877505807389886
-0.5776000000000001,-0.16905800033387192
-0.5786,-0.1694824137238314
-0.5796000000000001,-0.1697653559838044
-0.5806,-0.17004829824377743
-0.5816000000000001,-0.17033124050375043
-0.5826,-0.17061418276372342
-0.5836000000000001,-0.17089712502369644
-0.5846,-0.17118006728366944
-0.5856000000000001,-0.17146300954364244
-0.5866,-0.17174595180361546
-0.5876000000000001,-0.17202889406358848
-0.5886,-0.17245330745354798
-0.5896000000000001,-0.172736249713521
-0.5906,-0.173019191973494
-0.5916000000000001,-0.173302134233467
-0.5926,-0.17358507649344
-0.5936000000000001,-0.17400948988339954
-0.5946,-0.17429243214337253
-0.5956000000000001,-0.17471684553333205
-0.5966,-0.17485831666331855
-0.5975999999999999,-0.17528273005327805
-0.5986,-0.17556567231325104
-0.5995999999999999,-0.17584861457322407
-0.6006,-0.17627302796318356
-0.6015999999999999,-0.17655597022315658
-0.6026,-0.1768389124831296
-0.6035999999999999,-0.1772633258730891
-0.6046,-0.17754626813306212
-0.6055999999999999,-0.17782921039303512
-0.6066,-0.17811215265300812
-0.6075999999999999,-0.1783950949129811
-0.6086,-0.17881950830294063
-0.6095999999999999,-0.17910245056291366
-0.6106,-0.17938539282288665
-0.6115999999999999,-0.17966833508285968
-0.6126,-0.17995127734283267
-0.6135999999999999,-0.18037569073279217
-0.6146,-0.1806586329927652
-0.6155999999999999,-0.18094157525273818
-0.6166,-0.18122451751271118
-0.6175999999999999,-0.18164893090267073
-0.6186,-0.18193187316264373
-0.6195999999999999,-0.18235628655260325
-0.6206,-0.18263922881257624
-0.6215999999999999,-0.18292217107254924
-0.6226,-0.18320511333252223
-0.6235999999999999,-0.18362952672248176
-0.6246,-0.18391246898245475
-0.6255999999999999,-0.1843368823724143
-0.6266,-0.1846198246323873
-0.6275999999999999,-0.1850442380223468
-0.6286,-0.18532718028231981
-0.6295999999999999,-0.1857515936722793
-0.6306,-0.1860345359322523
-0.6315999999999999,-0.18631747819222533
-0.6326,-0.18674189158218485
-0.6335999999999999,-0.18702483384215784
-0.6346,-0.18744924723211737
-0.6355999999999999,-0.18787366062207686
-0.6366,-0.18815660288204988
-0.6376,-0.18843954514202288
-0.6386000000000001,-0.18886395853198237
-0.6396,-0.18928837192194192
-0.6406000000000001,-0.18971278531190142
-0.6416,-0.19013719870186094
-0.6426000000000001,-0.19042014096183393
-0.6436,-0.19084455435179343
-0.6446000000000001,-0.19126896774175295
-0.6456,-0.19169338113171247
-0.6466000000000001,-0.192117794521672
-0.6476,-0.19254220791163149
-0.6486000000000001,-0.192966621301591
-0.6496,-0.1933910346915505
-0.6506000000000001,-0.19381544808151
-0.6516,-0.19423986147146954
-0.6526000000000001,-0.19466427486142904
-0.6536,-0.19523015938137506
-0.6546000000000001,-0.19565457277133455
-0.6556,-0.19607898616129407
-0.6566000000000001,-0.1965033995512536
-0.6576,-0.1970692840711996
-0.6586000000000001,-0.1974936974611591
-0.6596,-0.19805958198110513
-0.6606000000000001,-0.19848399537106462
-0.6616,-0.19904987989101067
-0.6626000000000001,-0.19947429328097016
-0.6636,-0.20004017780091618
-0.6646000000000001,-0.20060606232086217
-0.6656,-0.2010304757108217
-0.6666000000000001,-0.20159636023076774
-0.6676,-0.20216224475071373
-0.6686000000000001,-0.20272812927065975
-0.6696,-0.20329401379060577
-0.6706000000000001,-0.2038598983105518
-0.6716,-0.20456725396048434
-0.6726000000000001,-0.20513313848043033
-0.6736,-0.20569902300037635
-0.6746000000000001,-0.20640637865030886
-0.6756,-0.20697226317025488
-0.6766000000000001,-0.2076796188201874
-0.6776,-0.2082455033401334
-0.6786000000000001,-0.2089528589900659
-0.6796,-0.20966021463999845
-0.6806000000000001,-0.21036757028993097
-0.6816,-0.21107492593986346
-0.6826000000000001,-0.211782281589796
-0.6836,-0.21248963723972852
-0.6846000000000001,-0.21319699288966104
-0.6856,-0.21404581966958006
-0.6866000000000001,-0.21475317531951257
-0.6876,-0.2156020020994316
-0.6886000000000001,-0.21630935774936413
-0.6896,-0.21715818452928315
-0.6906000000000001,-0.21800701130920216
-0.6916,-0.21885583808912115
-0.6926000000000001,-0.21970466486904017
-0.6936,-0.22055349164895924
-0.6946000000000001,-0.22154378955886472
-0.6956,-0.22239261633878374
-0.6966000000000001,-0.2232414431187028
-0.6976,-0.2242317410286083
-0.6986000000000001,-0.22522203893851384
-0.6996,-0.22621233684841938
-0.7006000000000001,-0.22720263475832486
-0.7016,-0.2281929326682304
-0.7026000000000001,-0.22918323057813594
-0.7036,-0.23031499961802795
-0.7046000000000001,-0.23144676865792
-0.7056,-0.23243706656782553
-0.7066000000000001,-0.23356883560771755
-0.7076,-0.23470060464760956
-0.7086000000000001,-0.2359738448174881
-0.7096,-0.23710561385738013
-0.7106000000000001,-0.2382373828972722
-0.7116,-0.2395106230671507
-0.7126000000000001,-0.24064239210704275
-0.7136,-0.2420571034069078
-0.7146000000000001,-0.24333034357678635
-0.7156,-0.2446035837466648
-0.7166000000000001,-0.24587682391654336
-0.7176,-0.24729153521640837
-0.7186000000000001,-0.24870624651627343
-0.7196,-0.25012095781613847
-0.7206000000000001,-0.2515356691160035
-0.7216,-0.25295038041586854
-0.7225999999999999,-0.25436509171573357
-0.7236,-0.25592127414558513
-0.7245999999999999,-0.25733598544545017
-0.7256,-0.2588921678753017
-0.7265999999999999,-0.26044835030515323
-0.7276,-0.2621460038649913
-0.7285999999999999,-0.26384365742482935
-0.7296,-0.26554131098466743
-0.7305999999999999,-0.26723896454450546
-0.7316,-0.2689366181043435
-0.7325999999999999,-0.2706342716641816
-0.7336,-0.2724733963540061
-0.7345999999999999,-0.27431252104383064
-0.7356,-0.27601017460366867
-0.7365999999999999,-0.27784929929349317
-0.7376,-0.27982989511330425
-0.7385999999999999,-0.2818104909331153
-0.7396,-0.28379108675292636
-0.7405999999999999,-0.2856302114427509
-0.7416,-0.28775227839254847
-0.7425999999999999,-0.28973287421235955
-0.7436,-0.29199641229214357
-0.7445999999999999,-0.2941184792419411
-0.7456,-0.2962405461917387
-0.7465999999999999,-0.29850408427152275
-0.7476,-0.3006261512213203
-0.7485999999999999,-0.30303116043109085
-0.7496,-0.30529469851087493
-0.7505999999999999,-0.30755823659065895
-0.7516,-0.3099632458004295
-0.7525999999999999,-0.31236825501020005
-0.7536,-0.3149147353499572
-0.7545999999999999,-0.3173197445597277
-0.7556,-0.31986622489948474
-0.7565999999999999,-0.32241270523924187
-0.7576,-0.3251006567089854
-0.7585999999999999,-0.32778860817872896
-0.7596,-0.33047655964847256
-0.7605999999999999,-0.33316451111821616
-0.7616,-0.33585246258795975
-0.7626,-0.3388233563176763
-0.7636000000000001,-0.3417942500473929
-0.7646,-0.34462367264712296
-0.7656000000000001,-0.34759456637683955
-0.7666,-0.3505654601065561
-0.7676000000000001,-0.3535363538362727
-0.7686,-0.3567901898259622
-0.7696000000000001,-0.35990255468566534
-0.7706,-0.36301491954536846
-0.7716000000000001,-0.3661272844050715
-0.7726,-0.36938112039476106
-0.7736000000000001,-0.3727764275144372
-0.7746,-0.37617173463411324
-0.7756000000000001,-0.3795670417537893
-0.7766,-0.3829623488734654
-0.7776000000000001,-0.386499127123128
-0.7786,-0.3900359053727906
-0.7796000000000001,-0.39357268362245323
-0.7806,-0.39725093300210224
-0.7816000000000001,-0.40092918238175135
-0.7826,-0.404748902891387
-0.7836000000000001,-0.40856862340102257
-0.7846,-0.4123883439106582
-0.7856000000000001,-0.4163495355502803
-0.7866,-0.42031072718990237
-0.7876000000000001,-0.4242719188295245
-0.7886,-0.42823311046914664
-0.7896000000000001,-0.43247724436874174
-0.7906,-0.4365799071383503
-0.7916000000000001,-0.4408240410379454
-0.7926,-0.44520964606752705
-0.7936000000000001,-0.44959525109710863
-0.7946,-0.4541223272566768
-0.7956000000000001,-0.4585079322862584
-0.7966,-0.4630350084458265
-0.7976000000000001,-0.46756208460539456
-0.7986,-0.4723721030249357
-0.7996000000000001,-0.4770406503144904
-0.8006,-0.481709197604045
-0.8016000000000001,-0.48651921602358617
-0.8026,-0.49147070557311373
-0.8036000000000001,-0.4964221951226413
-0.8046,-0.5013736846721689
-0.8056000000000001,-0.5064666453516832
-0.8066,-0.5115596060311972
-0.8076000000000001,-0.5166525667107114
-0.8086,-0.5220284696501986
-0.8096000000000001,-0.5274043725896858
-0.8106,-0.5326388043991863
-0.8116000000000001,-0.53815617846866
-0.8126,-0.5436735525381337
-0.8136000000000001,-0.5491909266076073
-0.8146,-0.5548497718070674
-0.8156000000000001,-0.5603671458765411
-0.8166,-0.5660259910760012
-0.8176000000000001,-0.5715433651454748
-0.8186,-0.577485152604908
-0.8196000000000001,-0.5832854689343547
-0.8206,-0.5889443141338148
-0.8216000000000001,-0.5947446304632614
-0.8226,-0.6006864179226945
-0.8236000000000001,-0.6067696765121142
-0.8246,-0.6128529351015338
-0.8256000000000001,-0.6189361936909535
-0.8266,-0.6250194522803731
-0.8276000000000001,-0.6313856531297658
-0.8286,-0.637893325109145
-0.8296000000000001,-0.6444009970885242
-0.8306,-0.6509086690679033
-0.8316000000000001,-0.657557812177269
-0.8326,-0.6644898975466078
-0.8336000000000001,-0.6714219829159465
-0.8346,-0.6783540682852851
-0.8356000000000001,-0.6852861536546238
-0.8366,-0.6922182390239625
-0.8376000000000001,-0.6994332666532742
-0.8386,-0.7066482942825859
-0.8396000000000001,-0.714004793041884
-0.8406,-0.7213612918011821
-0.8416000000000001,-0.7287177905604804
-0.8426,-0.7362157604497651
-0.8436000000000001,-0.7439966725990228
-0.8446,-0.751636113618294
-0.8456000000000001,-0.7594170257675517
-0.8466,-0.7671979379168093
-0.8475999999999999,-0.7751203211960536
-0.8486,-0.7833256467352708
-0.8495999999999999,-0.7913895011445016
-0.8506,-0.7995948266837187
-0.8515999999999999,-0.8078001522229359
-0.8526,-0.8160054777621532
-0.8535999999999999,-0.8244937455613434
-0.8546,-0.8329820133605336
-0.8555999999999999,-0.8414702811597239
-0.8566,-0.8499585489589141
-0.8575999999999999,-0.8588712301480638
-0.8586,-0.8677839113372136
-0.8595999999999999,-0.8765551213963767
-0.8606,-0.885609273715513
-0.8615999999999999,-0.8946634260346491
-0.8626,-0.9038590494837719
-0.8635999999999999,-0.9131961440628811
-0.8646,-0.9225332386419903
-0.8655999999999999,-0.9318703332210997
-0.8666,-0.941490370060182
-0.8675999999999999,-0.9511104068992642
-0.8686,-0.960871914868333
-0.8695999999999999,-0.9707748939673883
-0.8706,-0.9803949308064704
-0.8715999999999999,-0.9902979099055255
-0.8726,-1.0002008890045808
-0.8735999999999999,-1.0103868103636091
-0.8746,-1.0205727317226374
-0.8755999999999999,-1.0307586530816657
-0.8766,-1.040944574440694
-0.8775999999999999,-1.0512719669297088
-0.8786,-1.06174083054871
-0.8795999999999999,-1.0722096941677113
-0.8806,-1.0828200289166992
-0.8815999999999999,-1.0935718347956733
-0.8826,-1.104465111804634
-0.8835999999999999,-1.1154998599435815
-0.8846,-1.1266760792125152
-0.8855999999999999,-1.1377108273514627
-0.8866,-1.1487455754904097
-0.8876,-1.1600632658893302
-0.8886000000000001,-1.1715224274182368
-0.8896,-1.1828401178171573
-0.8906000000000001,-1.1944407504760506
-0.8916,-1.206041383134944
-0.8926000000000001,-1.21792495805381
-0.8936,-1.2298085329726764
-0.8946000000000001,-1.2418335790215291
-0.8956,-1.253858625070382
-0.8966000000000001,-1.2658836711192347
-0.8976,-1.2780501882980742
-0.8986000000000001,-1.2903581766069
-0.8996,-1.3026661649157256
-0.9006000000000001,-1.315115624354538
-0.9016,-1.3275650837933504
-0.9026000000000001,-1.340297485492136
-0.9036,-1.3533128294508943
-0.9046000000000001,-1.3661867022796659
-0.9056,-1.3789191039784512
-0.9066000000000001,-1.3919344479372096
-0.9076,-1.404949791895968
-0.9086000000000001,-1.4189554337646317
-0.9096,-1.431687835463417
-0.9106000000000001,-1.4444202371622026
-0.9116,-1.4585673501608527
-0.9126000000000001,-1.471299751859638
-0.9136,-1.4854468648582886
-0.9146000000000001,-1.499593977856939
-0.9156,-1.5137410908555893
-0.9166000000000001,-1.5293029151541047
-0.9176,-1.54486473945262
-0.9186000000000001,-1.5590118524512704
-0.9196,-1.5745736767497858
-0.9206000000000001,-1.5887207897484361
-0.9216,-1.6042826140469515
-0.9226000000000001,-1.6184297270456018
-0.9236,-1.6339915513441174
-0.9246000000000001,-1.6495533756426328
-0.9256,-1.6665299112410132
-0.9266000000000001,-1.6820917355395286
-0.9276,-1.6990682711379093
-0.9286000000000001,-1.7146300954364246
-0.9296,-1.7316066310348048
-0.9306000000000001,-1.7471684553333202
-0.9316,-1.7627302796318356
-0.9326000000000001,-1.779706815230216
-0.9336,-1.7966833508285964
-0.9346000000000001,-1.8122451751271118
-0.9356,-1.8292217107254924
-0.9366000000000001,-1.8461982463238729
-0.9376,-1.8617600706223882
-0.9386000000000001,-1.8787366062207687
-0.9396,-1.895713141819149
-0.9406000000000001,-1.9112749661176645
-0.9416,-1.9282515017160449
-0.9426000000000001,-1.9452280373144257
-0.9436,-1.9622045729128061
-0.9446000000000001,-1.9777663972113213
-0.9456,-1.9947429328097017
-0.9466000000000001,-2.011719468408082
-0.9476,-2.0286960040064623
-0.9486000000000001,-2.045672539604843
-0.9496,-2.0626490752032236
-0.9506000000000001,-2.079625610801604
-0.9516,-2.0966021463999844
-0.9526000000000001,-2.1149933932982297
-0.9536,-2.13196992889661
-0.9546000000000001,-2.148946464494991
-0.9556,-2.1673377113932366
-0.9566000000000001,-2.184314246991617
-0.9576,-2.201290782589997
-0.9586000000000001,-2.2196820294882422
-0.9596,-2.238073276386488
-0.9606000000000001,-2.2550498119848683
-0.9616,-2.273441058883114
-0.9626000000000001,-2.2918323057813597
-0.9636,-2.30880884137974
-0.9646000000000001,-2.3272000882779853
-0.9656,-2.3455913351762305
-0.9666000000000001,-2.3639825820744766
-0.9676,-2.382373828972722
-0.9686000000000001,-2.4007650758709675
-0.9696,-2.4191563227692128
-0.9706000000000001,-2.438962280967323
-0.9716,-2.457353527865569
-0.9725999999999999,-2.4771594860636794
-0.9736,-2.4955507329619246
-0.9745999999999999,-2.515356691160035
-0.9756,-2.533747938058281
-0.9765999999999999,-2.5535538962563913
-0.9776,-2.5719451431546365
-0.9785999999999999,-2.591751101352747
-0.9796,-2.6129717708507227
-0.9805999999999999,-2.631363017748968
-0.9816,-2.6511689759470785
-0.9825999999999999,-2.6723896454450546
-0.9836,-2.6921956036431647
-0.9845999999999999,-2.712001561841275
-0.9856,-2.7332222313392514
-0.9865999999999999,-2.7530281895373614
-0.9876,-2.7742488590353367
-0.9885999999999999,-2.794054817233447
-0.9896,-2.8152754867314234
-0.9905999999999999,-2.8350814449295334
-0.9916,-2.854887403127644
-0.9925999999999999,-2.8761080726256196
-0.9936,-2.897328742123595
-0.9945999999999999,-2.9185494116215707
-0.9956,-2.9397700811195464
-0.9965999999999999,-2.9595760393176564
-0.9976,-2.9807967088156326
-0.9985999999999999,-3.002017378313608
-0.9996,-3.024652759111448
-1.0006,-3.0458734286094242
-1.0016,-3.0670940981073995
-1.0026,-3.0883147676053753
-1.0036,-3.110950148403216
-1.0046,-3.1321708179011907
-1.0056,-3.153391487399167
-1.0066,-3.1760268681970074
-1.0076,-3.198662248994848
-1.0086,-3.2212976297926885
-1.0096,-3.2425182992906643
-1.0106,-3.265153680088505
-1.0116,-3.2934479060858055
-1.0126,-3.317497998183511
-1.0136,-3.3387186676814866
-1.0146,-3.359939337179462
-1.0156,-3.381160006677438
-1.0166,-3.402380676175413
-1.0176,-3.4236013456733887
-1.0186,-3.4434073038714996
-1.0196,-3.4646279733694745
-1.0206,-3.4844339315675854
-1.0216,-3.505654601065561
-1.0226,-3.525460559263671
-1.0236,-3.546681228761647
-1.0246,-3.5679018982596227
-1.0256,-3.589122567757598
-1.0266,-3.6117579485554394
-1.0276,-3.6343933293532795
-1.0286,-3.658443421450985
-1.0296,-3.6824935135486903
-1.0306,-3.7093730282461257
-1.0316,-3.734837831643697
-1.0326,-3.7617173463411326
-1.0336,-3.7900115723384333
-1.0346,-3.818305798335734
-1.0356,-3.8466000243330347
-1.0366,-3.8777236729300655
-1.0376,-3.9074326102272314
-1.0386,-3.9385562588242617
-1.0396,-3.9682651961214277
-1.0406,-3.999388844718459
-1.0416,-4.030512493315489
-1.0426,-4.06163614191252
-1.0436,-4.09275979050955
-1.0446,-4.1238834391065815
-1.0456,-4.155007087703612
-1.0466,-4.184716025000778
-1.0476,-4.215839673597809
-1.0486,-4.24696332219484
-1.0496,-4.278086970791871
-1.0506,-4.307795908089036
-1.0516,-4.338919556686067
-1.0526,-4.368628493983234
-1.0536,-4.399752142580264
-1.0546,-4.42946107987743
-1.0556,-4.459170017174596
-1.0566,-4.490293665771627
-1.0576,-4.520002603068792
-1.0586,-4.551126251665823
-1.0596,-4.580835188962989
-1.0606,-4.610544126260154
-1.0616,-4.6416677748571855
-1.0626,-4.671376712154351
-1.0636,-4.699670938151652
-1.0646,-4.725135741549222
-1.0656,-4.7463564110471985
-1.0666,-4.764747657945444
-1.0676,-4.77748005964423
-1.0686,-4.790212461343015
-1.0696,-4.807188996941395
-1.0706,-4.826994955139505
-1.0716,-4.851045047237211
-1.0726,-4.879339273234511
-1.0736,-4.910462921831542
-1.0746,-4.941586570428573
-1.0756000000000001,-4.972710219025604
-1.0766,-5.0052485789225
-1.0776000000000001,-5.03637222751953
-1.0786,-5.068910587416426
-1.0796000000000001,-5.101448947313322
-1.0806,-5.133987307210218
-1.0816000000000001,-5.163696244507384
-1.0826,-5.191990470504685
-1.0836000000000001,-5.221699407801851
-1.0846,-5.249993633799152
-1.0856000000000001,-5.279702571096316
-1.0866,-5.305167374493887
-1.0876000000000001,-5.332046889191323
-1.0886,-5.360341115188624
-1.0896000000000001,-5.394294186385385
-1.0906,-5.431076680181876
-1.0916000000000001,-5.466444462678503
-1.0926,-5.5003975338752635
-1.0936000000000001,-5.534350605072024
-1.0946,-5.562644831069325
-1.0956000000000001,-5.593768479666355
-1.0966,-5.631965684762711
-1.0976,-5.667333467259336
-1.0986,-5.701286538456097
-1.0996,-5.732410187053128
-1.1006,-5.766363258249889
-1.1016,-5.793242772947325
-1.1026,-5.824366421544356
-1.1036,-5.849831224941926
-1.1046,-5.878125450939227
-1.1056,-5.903590254336798
-1.1066,-5.923396212534908
-1.1076,-5.944616882032884
-1.1086,-5.96583755153086
-1.1096,-5.987058221028835
-1.1106,-6.011108313126541
-1.1116,-6.035158405224247
-1.1126,-6.060623208621817
-1.1136,-6.088917434619118
-1.1146,-6.117211660616419
-1.1156,-6.146920597913584
-1.1166,-6.1766295352107505
-1.1176,-6.207753183807781
-1.1186,-6.240291543704677
-1.1196,-6.2756593262013025
-1.1206,-6.311027108697928
-1.1216,-6.34780960249442
-1.1226,-6.387421518890641
-1.1236,-6.427033435286861
-1.1246,-6.468060062982947
-1.1256,-6.511916113278764
-1.1266,-6.55577216357458
-1.1276,-6.599628213870396
-1.1286,-6.644898975466076
-1.1296,-6.6887550257618935
-1.1306,-6.73261107605771
-1.1316,-6.776467126353525
-1.1326,-6.818908465349477
-1.1336,-6.861349804345428
-1.1346,-6.9052058546412445
-1.1356,-6.947647193637194
-1.1366,-6.987259110033416
-1.1376,-7.026871026429637
-1.1386,-7.070727076725453
-1.1396,-7.113168415721404
-1.1406,-7.152780332117626
-1.1416,-7.195221671113577
-1.1426,-7.2390777214093935
-1.1436,-7.28576319430494
-1.1446,-7.332448667200485
-1.1456,-7.3777194287961665
-1.1466,-7.418746056492251
-1.1476,-7.461187395488204
-1.1486,-7.506458157083885
-1.1496,-7.551728918679565
-1.1506,-7.598414391575112
-1.1516,-7.646514575770523
-1.1526,-7.697444182565665
-1.1536,-7.745544366761076
-1.1546,-7.792229839656622
-1.1556,-7.838915312552168
-1.1566,-7.88701549674758
-1.1576,-7.933700969643125
-1.1586,-7.981801153838537
-1.1596,-8.02141307023476
-1.1606,-8.061024986630978
-1.1616,-8.099222191727335
-1.1626,-8.140248819423421
-1.1636,-8.188349003618832
-1.1646,-8.232205053914647
-1.1656,-8.278890526810194
-1.1666,-8.321331865806146
-1.1676,-8.359529070902502
-1.1686,-8.403385121198317
-1.1696,-8.448655882793998
-1.1706,-8.492511933089816
-1.1716,-8.537782694685495
-1.1726,-8.580224033681448
-1.1736,-8.626909506576993
-1.1746,-8.67076555687281
-1.1756,-8.714621607168628
-1.1766,-8.759892368764307
-1.1776,-8.802333707760258
-1.1786,-8.85043389195567
-1.1796,-8.899948787450944
-1.1806,-8.953707816845819
-1.1816,-9.014540402740012
-1.1826,-9.072543566034481
-1.1836,-9.120643750229892
-1.1846,-9.171573357025034
-1.1856,-9.228161809019635
-1.1866,-9.284750261014237
-1.1876,-9.337094579109243
-1.1886,-9.392268319803978
-1.1896,-9.450271483098444
-1.1906,-9.502615801193452
-1.1916,-9.560618964487917
-1.1926,-9.62003683908225
-1.1936,-9.683698847576176
-1.1946,-9.747360856070104
-1.1956,-9.806778730664435
-1.1966,-9.86761131655863
-1.1976,-9.919955634653638
-1.1986,-9.980788220547833
-1.1996,-10.051523785541084
-1.2006000000000001,-10.113771082735147
-1.2016,-10.176018379929207
-1.2026000000000001,-10.234021543223676
-1.2036,-10.293439417818007
-1.2046000000000001,-10.355686715012068
-1.2056,-10.425007568705455
-1.2066000000000001,-10.488669577199383
-1.2076,-10.562234564792364
-1.2086000000000001,-10.65136137668386
-1.2096,-10.729170498176439
-1.2106000000000001,-10.80273548576942
-1.2116,-10.872056339462807
-1.2126000000000001,-10.944206615755926
-1.2136,-11.026259871148095
-1.2146000000000001,-11.106898415240401
-1.2156,-11.186122248032843
-1.2166000000000001,-11.254028390426367
-1.2176,-11.336081645818538
-1.2186000000000001,-11.425208457710037
-1.2196,-11.51009113570194
-1.2206000000000001,-11.587900257194516
-1.2216,-11.664294667387228
-1.2226,-11.739274366280075
-1.2236,-11.807180508673596
-1.2246,-11.876501362366984
-1.2256,-11.941578082160774
-1.2266,-12.020801914953216
-1.2276,-12.094366902546199
-1.2286,-12.166517178839316
-1.2296,-12.235838032532703
-1.2306,-12.299500041026628
-1.2316,-12.365991472120287
-1.2326,-12.436727037113537
-1.2336,-12.514536158606116
-1.2346,-12.593759991398557
-1.2356,-12.672983824190998
-1.2366,-12.757866502182901
-1.2376,-12.844163891474668
-1.2386,-12.92621714686684
-1.2396,-13.006855690959148
-1.2406,-13.090323657651185
-1.2416,-13.169547490443627
-1.2426,-13.245941900636339
-1.2436,-13.323751022128915
-1.2446,-13.410048411420682
-1.2456,-13.496345800712449
-1.2466,-13.581228478704354
-1.2476,-13.667525867996119
-1.2486,-13.752408545988024
-1.2496,-13.838705935279789
-1.2506,-13.919344479372096
-1.2516,-13.998568312164537
-1.2526,-14.083450990156441
-1.2536,-14.175407224647667
-1.2546,-14.26028990263957
-1.2556,-14.30273124163552
-1.2566,-14.30273124163552
-1.2576,-14.30273124163552
-1.2586,-14.30273124163552
-1.2596,-14.30273124163552
-1.2606,-14.30273124163552
-1.2616,-14.30273124163552
-1.2626,-14.30273124163552
-1.2636,-14.30273124163552
-1.2646,-14.30273124163552
-1.2656,-14.30273124163552
-1.2666,-14.30273124163552
-1.2676,-14.30273124163552
-1.2686,-14.30273124163552
-1.2696,-14.30273124163552
-1.2706,-14.30273124163552
-1.2716,-14.30273124163552
-1.2726,-14.30273124163552
-1.2736,-14.30273124163552
-1.2746,-14.30273124163552
-1.2756,-14.30273124163552
-1.2766,-14.30273124163552
-1.2776,-14.30273124163552
-1.2786,-14.30273124163552
-1.2796,-14.30273124163552
-1.2806,-14.30273124163552
-1.2816,-14.30273124163552
-1.2826,-14.30273124163552
-1.2836,-14.30273124163552
-1.2846,-14.30273124163552
-1.2856,-14.30273124163552
-1.2866,-14.30273124163552
-1.2876,-14.30273124163552
-1.2886,-14.30273124163552
-1.2896,-14.30273124163552
-1.2906,-14.30273124163552
-1.2916,-14.30273124163552
-1.2926,-14.30273124163552
-1.2936,-14.30273124163552
-1.2946,-14.30273124163552
-1.2956,-14.30273124163552
-1.2966,-14.30273124163552
-1.2976,-14.30273124163552
-1.2986,-14.30273124163552
-1.2996,-14.30273124163552
-1.3006,-14.30273124163552
-1.3016,-14.30273124163552
-1.3026,-14.30273124163552
-1.3036,-14.30273124163552
-1.3046,-14.30273124163552
-1.3056,-14.30273124163552
-1.3066,-14.30273124163552
-1.3076,-14.30273124163552
-1.3086,-14.30273124163552
-1.3096,-14.30273124163552
-1.3106,-14.30273124163552
-1.3116,-14.30273124163552
-1.3126,-14.30273124163552
-1.3136,-14.30273124163552
-1.3146,-14.30273124163552
-1.3156,-14.30273124163552
-1.3166,-14.30273124163552
-1.3176,-14.30273124163552
-1.3186,-14.30273124163552
-1.3196,-14.30273124163552
-1.3206,-14.30273124163552
-1.3216,-14.30273124163552
-1.3226,-14.30273124163552
-1.3236,-14.30273124163552
-1.3246,-14.30273124163552
-1.3256000000000001,-14.30273124163552
-1.3266,-14.30273124163552
-1.3276000000000001,-14.30273124163552
-1.3286,-14.30273124163552
-1.3296000000000001,-14.30273124163552
-1.3306,-14.30273124163552
-1.3316000000000001,-14.30273124163552
-1.3326,-14.30273124163552
-1.3336000000000001,-14.30273124163552
-1.3346,-14.30273124163552
-1.3356000000000001,-14.30273124163552
-1.3366,-14.30273124163552
-1.3376000000000001,-14.30273124163552
-1.3386,-14.30273124163552
-1.3396000000000001,-14.30273124163552
-1.3406,-14.30273124163552
-1.3416000000000001,-14.30273124163552
-1.3426,-14.30273124163552
-1.3436000000000001,-14.30273124163552
-1.3446,-14.30273124163552
-1.3456000000000001,-14.30273124163552
-1.3466,-14.30273124163552
-1.3476,-14.30273124163552
-1.3485999999999998,-14.30273124163552
-1.3496000000000001,-14.30273124163552
-1.3506,-14.30273124163552
-1.3516,-14.30273124163552
-1.3525999999999998,-14.30273124163552
-1.3536000000000001,-14.30273124163552
-1.3546,-14.30273124163552
-1.3556,-14.30273124163552
-1.3565999999999998,-14.30273124163552
-1.3576000000000001,-14.30273124163552
-1.3586,-14.30273124163552
-1.3596,-14.30273124163552
-1.3605999999999998,-14.30273124163552
-1.3616000000000001,-14.30273124163552
-1.3626,-14.30273124163552
-1.3636,-14.30273124163552
-1.3645999999999998,-14.30273124163552
-1.3656000000000001,-14.30273124163552
-1.3666,-14.30273124163552
-1.3676,-14.30273124163552
-1.3685999999999998,-14.30273124163552
-1.3696000000000002,-14.30273124163552
-1.3706,-14.30273124163552
-1.3716,-14.30273124163552
-1.3725999999999998,-14.30273124163552
-1.3736000000000002,-14.30273124163552
-1.3746,-14.30273124163552
-1.3756,-14.30273124163552
-1.3765999999999998,-14.30273124163552
-1.3776000000000002,-14.30273124163552
-1.3786,-14.30273124163552
-1.3796,-14.30273124163552
-1.3805999999999998,-14.30273124163552
-1.3816000000000002,-14.30273124163552
-1.3826,-14.30273124163552
-1.3836,-14.30273124163552
-1.3845999999999998,-14.30273124163552
-1.3856000000000002,-14.30273124163552
-1.3866,-14.30273124163552
-1.3876,-14.30273124163552
-1.3885999999999998,-14.30273124163552
-1.3896000000000002,-14.30273124163552
-1.3906,-14.30273124163552
-1.3916,-14.30273124163552
-1.3925999999999998,-14.30273124163552
-1.3936000000000002,-14.30273124163552
-1.3946,-14.30273124163552
-1.3956,-14.30273124163552
-1.3965999999999998,-14.30273124163552
-1.3976000000000002,-14.30273124163552
-1.3986,-14.30273124163552
-1.3996,-14.30273124163552
-1.4005999999999998,-14.30273124163552
-1.4016000000000002,-14.30273124163552
-1.4026,-14.30273124163552
-1.4036,-14.30273124163552
-1.4045999999999998,-14.30273124163552
-1.4056000000000002,-14.30273124163552
-1.4066,-14.30273124163552
-1.4076,-14.30273124163552
-1.4085999999999999,-14.30273124163552
-1.4096000000000002,-14.30273124163552
-1.4106,-14.30273124163552
-1.4116,-14.30273124163552
-1.4125999999999999,-14.30273124163552
-1.4136000000000002,-14.30273124163552
-1.4146,-14.30273124163552
-1.4156,-14.30273124163552
-1.4165999999999999,-14.30273124163552
-1.4176000000000002,-14.30273124163552
-1.4186,-14.30273124163552
-1.4196,-14.30273124163552
-1.4205999999999999,-14.30273124163552
-1.4216000000000002,-14.30273124163552
-1.4226,-14.30273124163552
-1.4236,-14.30273124163552
-1.4245999999999999,-14.30273124163552
-1.4256000000000002,-14.30273124163552
-1.4266,-14.30273124163552
-1.4276,-14.30273124163552
-1.4285999999999999,-14.30273124163552
-1.4296000000000002,-14.30273124163552
-1.4306,-14.30273124163552
-1.4316,-14.30273124163552
-1.4325999999999999,-14.30273124163552
-1.4336000000000002,-14.30273124163552
-1.4346,-14.30273124163552
-1.4356,-14.30273124163552
-1.4365999999999999,-14.30273124163552
-1.4376000000000002,-14.30273124163552
-1.4386,-14.30273124163552
-1.4396,-14.30273124163552
-1.4405999999999999,-14.30273124163552
-1.4416000000000002,-14.30273124163552
-1.4426,-14.30273124163552
-1.4436,-14.30273124163552
-1.4445999999999999,-14.30273124163552
-1.4456000000000002,-14.30273124163552
-1.4466,-14.30273124163552
-1.4476,-14.30273124163552
-1.4485999999999999,-14.30273124163552
-1.4496000000000002,-14.30273124163552
-1.4506000000000001,-14.30273124163552
-1.4516,-14.30273124163552
-1.4526,-14.30273124163552
-1.4536000000000002,-14.30273124163552
-1.4546000000000001,-14.30273124163552
-1.4556,-14.30273124163552
-1.4566,-14.30273124163552
-1.4576000000000002,-14.30273124163552
-1.4586000000000001,-14.30273124163552
-1.4596,-14.30273124163552
-1.4606,-14.30273124163552
-1.4616000000000002,-14.30273124163552
-1.4626000000000001,-14.30273124163552
-1.4636,-14.30273124163552
-1.4646,-14.30273124163552
-1.4656000000000002,-14.30273124163552
-1.4666000000000001,-14.30273124163552
-1.4676,-14.30273124163552
-1.4686,-14.30273124163552
-1.4696000000000002,-14.30273124163552
-1.4706000000000001,-14.30273124163552
-1.4716,-14.30273124163552
-1.4726,-14.30273124163552
-1.4735999999999998,-14.30273124163552
-1.4746000000000001,-14.30273124163552
-1.4756,-14.30273124163552
-1.4766,-14.30273124163552
-1.4775999999999998,-14.30273124163552
-1.4786000000000001,-14.30273124163552
-1.4796,-14.30273124163552
-1.4806,-14.30273124163552
-1.4815999999999998,-14.30273124163552
-1.4826000000000001,-14.30273124163552
-1.4836,-14.30273124163552
-1.4846,-14.30273124163552
-1.4855999999999998,-14.30273124163552
-1.4866000000000001,-14.30273124163552
-1.4876,-14.30273124163552
-1.4886,-14.30273124163552
-1.4895999999999998,-14.30273124163552
-1.4906000000000001,-14.30273124163552
-1.4916,-14.30273124163552
-1.4926,-14.30273124163552
-1.4935999999999998,-14.30273124163552
-1.4946000000000002,-14.30273124163552
-1.4956,-14.30273124163552
-1.4966,-14.30273124163552
-1.4975999999999998,-14.30273124163552
-1.4986000000000002,-14.30273124163552
-1.4996,-14.30273124163552
-1.5006,-14.30273124163552
-1.5015999999999998,-14.30273124163552
-1.5026000000000002,-14.30273124163552
-1.5036,-14.30273124163552
-1.5046,-14.30273124163552
-1.5055999999999998,-14.30273124163552
-1.5066000000000002,-14.30273124163552
-1.5076,-14.30273124163552
-1.5086,-14.30273124163552
-1.5095999999999998,-14.30273124163552
-1.5106000000000002,-14.30273124163552
-1.5116,-14.30273124163552
-1.5126,-14.30273124163552
-1.5135999999999998,-14.30273124163552
-1.5146000000000002,-14.30273124163552
-1.5156,-14.30273124163552
-1.5166,-14.30273124163552
-1.5175999999999998,-14.30273124163552
-1.5186000000000002,-14.30273124163552
-1.5196,-14.30273124163552
-1.5206,-14.30273124163552
-1.5215999999999998,-14.30273124163552
-1.5226000000000002,-14.30273124163552
-1.5236,-14.30273124163552
-1.5246,-14.30273124163552
-1.5255999999999998,-14.30273124163552
-1.5266000000000002,-14.30273124163552
-1.5276,-14.30273124163552
-1.5286,-14.30273124163552
-1.5295999999999998,-14.30273124163552
-1.5306000000000002,-14.30273124163552
-1.5316,-14.30273124163552
-1.5326,-14.30273124163552
-1.5335999999999999,-14.30273124163552
-1.5346000000000002,-14.30273124163552
-1.5356,-14.30273124163552
-1.5366,-14.30273124163552
-1.5375999999999999,-14.30273124163552
-1.5386000000000002,-14.30273124163552
-1.5396,-14.30273124163552
-1.5406,-14.30273124163552
-1.5415999999999999,-14.30273124163552
-1.5426000000000002,-14.30273124163552
-1.5436,-14.30273124163552
-1.5446,-14.30273124163552
-1.5455999999999999,-14.30273124163552
-1.5466000000000002,-14.30273124163552
-1.5476,-14.30273124163552
-1.5486,-14.30273124163552
-1.5495999999999999,-14.30273124163552
-1.5506000000000002,-14.30273124163552
-1.5516,-14.30273124163552
-1.5526,-14.30273124163552
-1.5535999999999999,-14.30273124163552
-1.5546000000000002,-14.30273124163552
-1.5556,-14.30273124163552
-1.5566,-14.30273124163552
-1.5575999999999999,-14.30273124163552
-1.5586000000000002,-14.30273124163552
-1.5596,-14.30273124163552
-1.5606,-14.30273124163552
-1.5615999999999999,-14.30273124163552
-1.5626000000000002,-14.30273124163552
-1.5636,-14.30273124163552
-1.5646,-14.30273124163552
-1.5655999999999999,-14.30273124163552
-1.5666000000000002,-14.30273124163552
-1.5676,-14.30273124163552
-1.5686,-14.30273124163552
-1.5695999999999999,-14.30273124163552
-1.5706000000000002,-14.30273124163552
-1.5716,-14.30273124163552
-1.5726,-14.30273124163552
-1.5735999999999999,-14.30273124163552
-1.5746000000000002,-14.30273124163552
-1.5756000000000001,-14.30273124163552
-1.5766,-14.30273124163552
-1.5776,-14.30273124163552
-1.5786000000000002,-14.30273124163552
-1.5796000000000001,-14.30273124163552
-1.5806,-14.30273124163552
-1.5816,-14.30273124163552
-1.5826000000000002,-14.30273124163552
-1.5836000000000001,-14.30273124163552
-1.5846,-14.30273124163552
-1.5856,-14.30273124163552
-1.5866000000000002,-14.30273124163552
-1.5876000000000001,-14.30273124163552
-1.5886,-14.30273124163552
-1.5896,-14.30273124163552
-1.5906000000000002,-14.30273124163552
-1.5916000000000001,-14.30273124163552
-1.5926,-14.30273124163552
-1.5936,-14.30273124163552
-1.5946000000000002,-14.30273124163552
-1.5956000000000001,-14.30273124163552
-1.5966,-14.30273124163552
-1.5976,-14.30273124163552
-1.5985999999999998,-14.30273124163552
-1.5996000000000001,-14.30273124163552
-1.6006,-14.30273124163552
-1.6016,-14.30273124163552
-1.6025999999999998,-14.30273124163552
-1.6036000000000001,-14.30273124163552
-1.6046,-14.30273124163552
-1.6056,-14.30273124163552
-1.6065999999999998,-14.30273124163552
-1.6076000000000001,-14.30273124163552
-1.6086,-14.30273124163552
-1.6096,-14.30273124163552
-1.6105999999999998,-14.30273124163552
-1.6116000000000001,-14.30273124163552
-1.6126,-14.30273124163552
-1.6136,-14.30273124163552
-1.6145999999999998,-14.30273124163552
-1.6156000000000001,-14.30273124163552
-1.6166,-14.30273124163552
-1.6176,-14.30273124163552
-1.6185999999999998,-14.30273124163552
-1.6196000000000002,-14.30273124163552
-1.6206,-14.30273124163552
-1.6216,-14.30273124163552
-1.6225999999999998,-14.30273124163552
-1.6236000000000002,-14.30273124163552
-1.6246,-14.30273124163552
-1.6256,-14.30273124163552
-1.6265999999999998,-14.30273124163552
-1.6276000000000002,-14.30273124163552
-1.6286,-14.30273124163552
-1.6296,-14.30273124163552
-1.6305999999999998,-14.30273124163552
-1.6316000000000002,-14.30273124163552
-1.6326,-14.30273124163552
-1.6336,-14.30273124163552
-1.6345999999999998,-14.30273124163552
-1.6356000000000002,-14.30273124163552
-1.6366,-14.30273124163552
-1.6376,-14.30273124163552
-1.6385999999999998,-14.30273124163552
-1.6396000000000002,-14.30273124163552
-1.6406,-14.30273124163552
-1.6416,-14.30273124163552
-1.6425999999999998,-14.30273124163552
-1.6436000000000002,-14.30273124163552
-1.6446,-14.30273124163552
-1.6456,-14.30273124163552
