Potential V vs RHE, Current mA cm-2
0.013299999999999867,-0.12950267238964547
0.012299999999999978,-0.18702483384215784
0.011299999999999866,-0.20640637865030886
0.010299999999999976,-0.20838697447011992
0.009299999999999864,-0.21022609915994445
0.008299999999999974,-0.2267782213683654
0.007299999999999862,-0.22465615441856782
0.006299999999999972,-0.22578792345845985
0.00529999999999986,-0.232578537697812
0.0042999999999999705,-0.24106680549700227
0.0032999999999998586,-0.24064239210704275
0.0022999999999999687,-0.2443206414866918
0.0012999999999998568,-0.2537992071957876
0.00029999999999996696,-0.251960082505963
-0.000700000000000145,-0.251111255726044
-0.0017000000000000348,-0.2624289461249643
-0.0027000000000001467,-0.2614386482150588
-0.0037000000000000366,-0.25903363900528825
-0.0047000000000001485,-0.2692195603643165
-0.005700000000000038,-0.2733222231339251
-0.00670000000000015,-0.2692195603643165
-0.00770000000000004,-0.26709749341451894
-0.008700000000000152,-0.2801128373732773
-0.009700000000000042,-0.2775663570335202
-0.010700000000000154,-0.2768590013835877
-0.011700000000000044,-0.2869034516126294
-0.012700000000000156,-0.2866205093526564
-0.013700000000000045,-0.2819519620631018
-0.014700000000000157,-0.28761080726256194
-0.015700000000000047,-0.2938355369819681
-0.01670000000000016,-0.2888840474324405
-0.01770000000000005,-0.29454289263190064
-0.01870000000000016,-0.2996358533114148
-0.01970000000000005,-0.2983626131415362
-0.020700000000000163,-0.2959576039317657
-0.021700000000000053,-0.3055776407708479
-0.022700000000000164,-0.30430440060096936
-0.023700000000000054,-0.2996358533114148
-0.024700000000000166,-0.3041629294709829
-0.025700000000000056,-0.31321708179011915
-0.026700000000000168,-0.3067094098107399
-0.027700000000000058,-0.3096803035404565
-0.02870000000000017,-0.3176026868197007
-0.02970000000000006,-0.3149147353499572
-0.03070000000000017,-0.31265119727017304
-0.03170000000000006,-0.3236859454091204
-0.03270000000000017,-0.32014916715945774
-0.03370000000000006,-0.3185929847296063
-0.034700000000000175,-0.32297858975918786
-0.035700000000000065,-0.3293447906085805
-0.03670000000000018,-0.32326153201916086
-0.03770000000000007,-0.3214224073293363
-0.03870000000000018,-0.3350036358080407
-0.03970000000000007,-0.33075950190844555
-0.04070000000000018,-0.32736419478876944
-0.04170000000000007,-0.3416527789174064
-0.04270000000000018,-0.3350036358080407
-0.04370000000000007,-0.3348621646780542
-0.044700000000000184,-0.33811600066774383
-0.045700000000000074,-0.3420771923073659
-0.046700000000000186,-0.33585246258795975
-0.047700000000000076,-0.3359939337179463
-0.04870000000000019,-0.3502825178465831
-0.04970000000000008,-0.35268752705635364
-0.05070000000000019,-0.34094542326747385
-0.05170000000000008,-0.3545266517461782
-0.05270000000000019,-0.35212164253640765
-0.05370000000000008,-0.3467457395969205
-0.05470000000000019,-0.35169722914644813
-0.05570000000000008,-0.36018549694563834
-0.056700000000000195,-0.35495106513613767
-0.057700000000000085,-0.3570731320859353
-0.058700000000000196,-0.3688152358748151
-0.059700000000000086,-0.3591951990357328
-0.0607000000000002,-0.35622430530601623
-0.06170000000000009,-0.3733423120343832
-0.0627000000000002,-0.3698055337847206
-0.06370000000000009,-0.3647125731052065
-0.0647000000000002,-0.37051288943465316
-0.06570000000000009,-0.3764546768940863
-0.0667000000000002,-0.3712202450845856
-0.0677000000000001,-0.3715031873445586
-0.0687000000000002,-0.38211352209354643
-0.0697000000000001,-0.37914262836382984
-0.07070000000000021,-0.37461555220426174
-0.0717000000000001,-0.3872064827730605
-0.07270000000000021,-0.38494294469327645
-0.0737000000000001,-0.38310382000345194
-0.07470000000000021,-0.386499127123128
-0.0757000000000001,-0.3947044526623452
-0.07670000000000021,-0.3887626652029121
-0.0777000000000001,-0.38947002085284455
-0.07870000000000021,-0.40008035560183236
-0.0797000000000001,-0.3944215104023722
-0.08070000000000022,-0.39286532797252066
-0.0817000000000001,-0.406163614191252
-0.08270000000000022,-0.404183018371441
-0.08370000000000011,-0.39937299995189984
-0.08470000000000022,-0.4071539121011576
-0.08570000000000011,-0.4118224593907122
-0.08670000000000022,-0.4034756627215085
-0.08770000000000011,-0.406163614191252
-0.08870000000000022,-0.41748130459017235
-0.08970000000000011,-0.4164910066802668
-0.09070000000000022,-0.4122468727806717
-0.09170000000000011,-0.4234230920496055
-0.09270000000000023,-0.4221498518797269
-0.09370000000000012,-0.41691542007022636
-0.09470000000000023,-0.42031072718990237
-0.09570000000000012,-0.4280916393391601
-0.09670000000000023,-0.423281620919619
-0.09770000000000012,-0.4263939857793221
-0.09870000000000023,-0.4309210619388902
-0.09970000000000012,-0.43247724436874174
-0.10070000000000023,-0.42950635063902515
-0.10170000000000012,-0.4391263874781074
-0.10270000000000024,-0.43884344521813434
-0.10370000000000013,-0.43474078244852576
-0.10470000000000024,-0.44039962764798596
-0.10570000000000013,-0.44775612640728407
-0.10670000000000024,-0.4422387523378105
-0.10770000000000013,-0.443511992507689
-0.10870000000000024,-0.45596145194650134
-0.10970000000000013,-0.4498781933570817
-0.11070000000000024,-0.4459170017174596
-0.11170000000000013,-0.4593567590661774
-0.11270000000000002,-0.4570932209863934
-0.11370000000000013,-0.45610292307648787
-0.11470000000000002,-0.46091294149602896
-0.11570000000000014,-0.4655814887855836
-0.11670000000000003,-0.46091294149602896
-0.11770000000000014,-0.4604885281060694
-0.11870000000000003,-0.4719476896349762
-0.11970000000000014,-0.4677035557353811
-0.12070000000000003,-0.465157075395624
-0.12170000000000014,-0.47803094822439585
-0.12270000000000003,-0.4764747657945444
-0.12370000000000014,-0.4740697565847738
-0.12470000000000003,-0.48029448630418
-0.12570000000000014,-0.4848215624637481
-0.12670000000000003,-0.4815677264740585
-0.12770000000000015,-0.4812847842140855
-0.12870000000000004,-0.49246100348301924
-0.12970000000000015,-0.4906218787931947
-0.13070000000000004,-0.48496303359373455
-0.13170000000000015,-0.4971295507725738
-0.13270000000000004,-0.4968466085126009
-0.13370000000000015,-0.4907633499231812
-0.13470000000000004,-0.4969880796425873
-0.13570000000000015,-0.5040616361419126
-0.13670000000000004,-0.4962807239926549
-0.13770000000000016,-0.5006663290222364
-0.13870000000000005,-0.5107107792512783
-0.13970000000000016,-0.5068910587416426
-0.14070000000000005,-0.5078813566515481
-0.14170000000000016,-0.5145304997609139
-0.14270000000000005,-0.5126913750710893
-0.14370000000000016,-0.5102863658613187
-0.14470000000000005,-0.5122669616811297
-0.14570000000000016,-0.5238675943400232
-0.14670000000000005,-0.5150963842808599
-0.14770000000000016,-0.5165110955807248
-0.14870000000000005,-0.5286776127595643
-0.14970000000000017,-0.5249993633799152
-0.15070000000000006,-0.5211796428702795
-0.15170000000000017,-0.5341949868290379
-0.15270000000000006,-0.5312240930993213
-0.15370000000000017,-0.5281117282396182
-0.15470000000000006,-0.5327802755291728
-0.15570000000000017,-0.540136774288471
-0.15670000000000006,-0.5330632177891458
-0.15770000000000017,-0.5350438136089569
-0.15870000000000006,-0.5449467927080122
-0.15970000000000018,-0.5388635341185926
-0.16070000000000007,-0.5399953031584845
-0.16170000000000018,-0.5523032914673103
-0.16270000000000007,-0.5491909266076073
-0.16370000000000018,-0.5438150236681201
-0.16470000000000007,-0.5531521182472294
-0.16570000000000018,-0.5585280211867165
-0.16670000000000007,-0.5513129935574048
-0.16770000000000018,-0.5540009450271484
-0.16870000000000007,-0.5622062705663656
-0.16970000000000018,-0.5609330303964871
-0.17070000000000007,-0.5527277048572699
-0.17170000000000019,-0.5692798270656908
-0.17270000000000008,-0.5675821735058527
-0.1737000000000002,-0.5606500881365141
-0.17470000000000008,-0.5687139425457448
-0.1757000000000002,-0.5729580764453399
-0.17670000000000008,-0.5687139425457448
-0.1777000000000002,-0.5752216145251239
-0.17870000000000008,-0.5811634019845571
-0.1797000000000002,-0.5729580764453399
-0.18070000000000008,-0.5736654320952724
-0.1817000000000002,-0.5821536998944625
-0.18270000000000008,-0.576636325824989
-0.1837000000000002,-0.57578749904507
-0.1847000000000001,-0.5834269400643411
-0.1857000000000002,-0.5985643509728971
-0.1867000000000001,-0.5852660647541656
-0.1877000000000002,-0.5888028430038282
-0.1887000000000001,-0.5965837551530859
-0.1897000000000002,-0.5924810923834773
-0.1907000000000001,-0.5900760831737067
-0.1917000000000001,-0.5978569953229644
-0.19269999999999998,-0.5987058221028836
-0.1937000000000001,-0.5964422840230995
-0.19469999999999998,-0.5992717066228296
-0.1957000000000001,-0.6093161568518712
-0.19669999999999999,-0.600827889052681
-0.1977000000000001,-0.601959658092573
-0.1987,-0.6122870505815878
-0.1997000000000001,-0.6108723392817229
-0.2007,-0.6053549652122492
-0.2017000000000001,-0.6183703091710075
-0.2027,-0.6151164731813179
-0.2037000000000001,-0.6135602907514663
-0.2047,-0.6146920597913584
-0.2057000000000001,-0.6200679627308455
-0.2067,-0.620209433860832
-0.2077000000000001,-0.6203509049908186
-0.2087,-0.6315271242597523
-0.2097000000000001,-0.6285562305300357
-0.2107,-0.6220485585506567
-0.2117000000000001,-0.6335077200795635
-0.2127,-0.6306782974798333
-0.2137000000000001,-0.6292635861799682
-0.2147,-0.6363371426792934
-0.2157000000000001,-0.6492110155080654
-0.2167,-0.6414301033588077
-0.21770000000000012,-0.6435521703086051
-0.2187,-0.6514745535878493
-0.21970000000000012,-0.6476548330782137
-0.2207,-0.6453912949984297
-0.22170000000000012,-0.65670898539735
-0.2227,-0.6545869184475525
-0.22370000000000012,-0.652747793757728
-0.2247,-0.6574163410472825
-0.22570000000000012,-0.6680266757962704
-0.2267,-0.6579822255672285
-0.22770000000000012,-0.6637825418966752
-0.22870000000000001,-0.6762320013354877
-0.22970000000000013,-0.674675818905636
-0.23070000000000002,-0.6745343477756495
-0.23170000000000013,-0.6848617402646643
-0.23270000000000002,-0.6793443661951906
-0.23370000000000013,-0.6814664331449882
-0.23470000000000002,-0.6885399896443134
-0.23570000000000013,-0.695472075013652
-0.23670000000000002,-0.69151088337403
-0.2376999999999999,-0.6927841235439085
-0.23870000000000002,-0.7046676984627748
-0.2396999999999999,-0.7005650356931662
-0.24070000000000003,-0.6960379595335981
-0.24169999999999991,-0.7117412549621
-0.24270000000000003,-0.7072141788025319
-0.24369999999999992,-0.7031115160329233
-0.24470000000000003,-0.7117412549621
-0.24569999999999992,-0.7209368784112227
-0.24670000000000003,-0.7152780332117625
-0.24769999999999992,-0.7164098022516546
-0.24870000000000003,-0.7278689637805613
-0.24969999999999992,-0.7250395411808312
-0.25070000000000003,-0.7219271763211282
-0.2516999999999999,-0.7362157604497651
-0.25270000000000004,-0.73197162655017
-0.2536999999999999,-0.7349425202798866
-0.25470000000000004,-0.7394695964394546
-0.2556999999999999,-0.7461187395488204
-0.25670000000000004,-0.7403184232193737
-0.25769999999999993,-0.7431478458191038
-0.25870000000000004,-0.7543240650880375
-0.25969999999999993,-0.753899651698078
-0.26070000000000004,-0.7541825939580511
-0.26169999999999993,-0.7625293906272548
-0.26270000000000004,-0.7638026307971333
-0.26369999999999993,-0.7604073236774572
-0.26470000000000005,-0.7653588132269848
-0.26569999999999994,-0.7792229839656621
-0.26670000000000005,-0.7721494274663371
-0.26769999999999994,-0.7739885521561616
-0.26870000000000005,-0.7878527228948389
-0.26969999999999994,-0.7851647714250953
-0.27070000000000005,-0.7821938776953787
-0.27169999999999994,-0.794643337134191
-0.27270000000000005,-0.791813914534461
-0.27369999999999994,-0.794643337134191
-0.27470000000000006,-0.7969068752139751
-0.27569999999999995,-0.8073757388329764
-0.27670000000000006,-0.8066683831830439
-0.27769999999999995,-0.8048292584932193
-0.27870000000000006,-0.8219472652215865
-0.27969999999999995,-0.8208154961816942
-0.28070000000000006,-0.8227960920015054
-0.28169999999999995,-0.8319917154506281
-0.28270000000000006,-0.8332649556205066
-0.28369999999999995,-0.8318502443206416
-0.28470000000000006,-0.8375090895201018
-0.28569999999999995,-0.850807375738833
-0.28670000000000007,-0.846846184099211
-0.28769999999999996,-0.8512317891287926
-0.28870000000000007,-0.8652374309974565
-0.28969999999999996,-0.867076555687281
-0.29070000000000007,-0.8650959598674699
-0.29169999999999996,-0.8779698326962417
-0.29270000000000007,-0.8829213222457692
-0.29369999999999996,-0.882213966595837
-0.2947000000000001,-0.8926828302148382
-0.29569999999999996,-0.9059811164335695
-0.2967000000000001,-0.90272728044388
-0.29769999999999996,-0.9092349524232591
-0.2987000000000001,-0.927201785931545
-0.29969999999999997,-0.9263529591516261
-0.3007000000000001,-0.928333554971437
-0.30169999999999997,-0.9419147834501415
-0.3027000000000001,-0.9472906863896284
-0.30369999999999997,-0.9516762914192101
-0.3047000000000001,-0.9646916353779685
-0.30569999999999997,-0.978838748376619
-0.3067000000000001,-0.9799705174165111
-0.3077,-0.9856293626159711
-0.3087000000000001,-1.003313253864284
-0.3097,-1.0093965124537037
-0.3107000000000001,-1.0187336070328128
-0.3117,-1.0393883920108424
-0.3127000000000001,-1.0449057660803163
-0.3137,-1.0525452070995875
-0.3147000000000001,-1.063721426368521
-0.3157,-1.0798491351869823
-0.3167000000000001,-1.0822541443967533
-0.3177,-1.0951280172255249
-0.3187000000000001,-1.1241295988727582
-0.3197,-1.1338911068418267
-0.3207000000000001,-1.1447843838507878
-0.3217,-1.1696833027284124
-0.3227000000000001,-1.1819912910372383
-0.3237,-1.1945822216060369
-0.3247000000000001,-1.2141052375441745
-0.3257,-1.2411262233715967
-0.3267000000000001,-1.2545659807203144
-0.3277,-1.2733816410085195
-0.3287000000000001,-1.3032320494356717
-0.3297,-1.3219062385938902
-0.3307000000000001,-1.3425610235719199
-0.3317,-1.3763726236386942
-0.3327000000000001,-1.4015544847762917
-0.3337,-1.420370145064497
-0.3347000000000001,-1.4514937936615278
-0.3357,-1.4854468648582886
-0.3367000000000001,-1.5094969569559942
-0.3377,-1.53920589425316
-0.3387000000000001,-1.5816472332491107
-0.3397,-1.612770881846142
-0.3407000000000001,-1.6467239530429028
-0.3417,-1.6919947146385839
-0.3427000000000001,-1.7301919197349398
-0.3437,-1.769803836131161
-0.3447000000000001,-1.8164893090267071
-0.3457,-1.8716630497214433
-0.3467000000000001,-1.9155191000172598
-0.3477,-1.963619284212671
-0.3487000000000001,-2.0216224475071374
-0.3497,-2.072552054302279
-0.3507000000000001,-2.12914050629688
-0.3517,-2.194217226090672
-0.3527000000000001,-2.257879234584599
-0.3537,-2.3158823978790646
-0.3547000000000001,-2.3781296950731265
-0.3557,-2.451694682666109
-0.35670000000000013,-2.518186113759765
-0.3577,-2.586092256153287
-0.35870000000000013,-2.6752190680447843
-0.3597,-2.7516134782374966
-0.36070000000000013,-2.833666733629668
-0.3617,-2.9312818133203558
-0.3626999999999999,-3.0204086252118536
-0.3637,-3.0982177467044303
-0.3646999999999999,-3.1915886924955226
-0.3657,-3.2906184834860754
-0.3666999999999999,-3.386818851876898
-0.3677,-3.4886780654671803
-0.3686999999999999,-3.5990255468566534
-0.36970000000000003,-3.7065436056463965
-0.3706999999999999,-3.8069881079368133
-0.37170000000000003,-3.918750300626152
-0.3726999999999999,-4.030512493315489
-0.37370000000000003,-4.133786418205637
-0.3746999999999999,-4.24696332219484
-0.37570000000000003,-4.379946184382153
-0.3766999999999999,-4.493123088371357
-0.37770000000000004,-4.630350084458265
-0.3786999999999999,-4.781724193543823
-0.37970000000000004,-4.909048210531677
-0.3806999999999999,-5.044860495318721
-0.38170000000000004,-5.18774633660509
-0.38269999999999993,-5.3306321778914585
-0.38370000000000004,-5.479176864377286
-0.38469999999999993,-5.629136262162981
-0.38570000000000004,-5.7960721955470555
-0.38669999999999993,-5.933299191633965
-0.38770000000000004,-6.077599744220197
-0.38869999999999993,-6.250194522803732
-0.38970000000000005,-6.425618723986997
-0.39069999999999994,-6.5967987912706665
-0.39170000000000005,-6.780711260253121
-0.39269999999999994,-6.968867863135171
-0.39370000000000005,-7.152780332117626
-0.39469999999999994,-7.33952222369981
-0.39570000000000005,-7.554558341279295
-0.39669999999999994,-7.745544366761076
-0.39770000000000005,-7.935115680942991
-0.39869999999999994,-8.143078242023151
-0.39970000000000006,-8.328405422305472
-0.40069999999999995,-8.496756066989409
-0.40170000000000006,-8.689156803771056
-0.40269999999999995,-8.897119364851218
-0.40370000000000006,-9.122058461529756
-0.40469999999999995,-9.356900537307352
-0.40570000000000006,-9.604475014783732
-0.40669999999999995,-9.832243534062004
-0.40770000000000006,-10.052938496840952
-0.40869999999999995,-10.265145191820706
-0.40970000000000006,-10.463204773801811
-0.41069999999999995,-10.686729159180487
-0.41170000000000007,-10.964012573954035
-0.41269999999999996,-11.275249059924343
-0.41370000000000007,-11.545458918198566
-0.41469999999999996,-11.804351086073867
-0.41570000000000007,-12.053340274850113
-0.41669999999999996,-12.248570434231487
-0.41770000000000007,-12.480583087409354
-0.41869999999999996,-12.776257749081147
-0.4197000000000001,-13.05778529775429
-0.42069999999999996,-13.377510051523787
-0.4217000000000001,-13.70430836179261
-0.42269999999999996,-14.042424362460354
-0.4237000000000001,-14.359319693630123
-0.42469999999999997,-14.62811484060448
-0.4257000000000001,-14.896909987578834
-0.42669999999999997,-15.179852247551842
-0.4277000000000001,-15.519382959519453
-0.42869999999999997,-15.943796349478962
-0.4297000000000001,-16.29747417444522
-0.43069999999999997,-16.60871066041553
-0.4317000000000001,-16.891652920388537
-0.4327,-17.132153841365596
-0.4337000000000001,-17.45753744033455
-0.4347,-17.825362378299463
-0.4357000000000001,-18.19318731626437
-0.4367,-18.617600706223882
-0.4377000000000001,-18.97127853119014
-0.4387,-19.381544808151002
-0.4397000000000001,-19.749369746115914
-0.4407,-20.03231200608892
-0.4417000000000001,-20.34354849205923
-0.4427,-20.654784978029536
-0.4437000000000001,-21.036757028993097
-0.4447,-21.461170418952605
-0.4457000000000001,-21.786554017921564
-0.4467,-22.083643390893226
-0.4477000000000001,-22.437321215859484
-0.4487,-22.861734605818995
-0.4497000000000001,-23.385177786769056
-0.4507,-23.823738289727217
-0.4517000000000001,-24.24815167968673
-0.4527,-24.686712182644893
-0.4537000000000001,-25.1394197986017
-0.4547,-25.662862979551768
-0.4557000000000001,-26.15801193450453
-0.4567,-26.58242532446404
-0.4577000000000001,-26.907808923433
-0.4587,-27.275633861397907
-0.4597000000000001,-27.912253946337174
-0.4607,-28.435697127287238
-0.4617000000000001,-28.8459634042481
-0.4627,-29.171347003217054
-0.4637000000000001,-29.31281813320356
-0.4647,-29.62405461917387
-0.4657000000000001,-30.10505646112798
-0.4667,-30.487028512091538
-0.4677000000000001,-31.095354371033505
-0.4687,-31.731974455972775
-0.4697000000000001,-32.354447427913385
-0.4707,-32.93447906085806
-0.4717000000000001,-33.302303998822964
-0.4727,-33.627687597791926
-0.4737000000000001,-34.05210098775143
-0.4747,-34.53310282970554
-0.4757000000000001,-35.198017140642115
-0.4767,-35.721460321592176
-0.4777000000000001,-36.18831505054764
-0.4787,-36.725905344496354
-0.4797000000000001,-37.192760073451815
-0.4807,-37.716203254401876
-0.48170000000000013,-38.154763757360044
-0.4827,-38.5084415823263
-0.48370000000000013,-39.03188476327636
-0.4847,-39.56947505722508
-0.48570000000000013,-40.24853648116029
-0.4867,-40.88515656609956
-0.4876999999999999,-41.23883439106582
-0.4887,-41.677394894023976
-0.4896999999999999,-42.172543848976744
-0.4907,-42.78086970791871
-0.4916999999999999,-43.50237247084988
-0.4927,-44.08240410379454
-0.4936999999999999,-44.634141510741905
-0.49470000000000003,-45.22832025668522
-0.4956999999999999,-45.78005766363259
-0.49670000000000003,-46.3176479575813
-0.4976999999999999,-46.74206134754081
-0.49870000000000003,-47.27965164148953
-0.4996999999999999,-47.94456595242609
-0.5007,-48.59533315036401
-0.5016999999999999,-49.23195323530328
-0.5027,-49.74124930325469
-0.5036999999999999,-50.1373684672169
-0.5047,-50.61837030917101
-0.5056999999999999,-51.29743173310623
-0.5067,-52.075522948032
-0.5076999999999999,-52.57067190298476
-0.5087,-52.95264395394832
-0.5096999999999999,-53.362910230909186
-0.5107,-54.11270721983765
-0.5116999999999999,-55.385947389716186
-0.5127,-56.20647994363791
-0.5136999999999999,-56.68748178559202
-0.5147,-57.027012497559625
-0.5156999999999999,-56.84310002857717
-0.5167,-57.097748062552874
-0.5176999999999999,-57.45142588751914
-0.5187,-57.7485152604908
-0.5196999999999999,-58.83784296138688
-0.5207,-59.5734928373167
-0.5216999999999999,-60.18181869625866
-0.5227,-61.00235125018038
-0.5236999999999999,-61.35602907514664
-0.5247,-61.83703091710075
-0.5257,-62.40291543704677
-0.5267000000000001,-62.700004810018434
-0.5277,-63.43565468594825
-0.5287000000000001,-64.15715744887942
-0.5297,-64.79377753381868
-0.5307000000000001,-65.48698607075255
-0.5317,-65.95384079970802
-0.5327000000000001,-66.32166573767293
-0.5337,-66.63290222364323
-0.5347000000000001,-66.84510891862298
-0.5357,-67.4675818905636
-0.5367000000000001,-68.23152599249072
-0.5377,-68.93888164242324
-0.5387000000000001,-69.6037959533598
-0.5397,-70.09894490831257
-0.5407000000000001,-70.43847562028017
-0.5417,-70.99021302722754
-0.5427000000000001,-71.66927445116276
-0.5437,-72.40492432709259
-0.5447000000000001,-73.197162655017
-0.5457,-73.90451830494952
-0.5467000000000001,-74.47040282489553
-0.5477,-74.89481621485504
-0.5487000000000001,-75.20605270082535
-0.5497,-75.57387763879026
-0.5507000000000001,-76.11146793273898
-0.5517,-76.64905822668769
-0.5527000000000001,-77.11591295564315
-0.5537,-77.61106191059591
-0.5547000000000001,-78.12035797854733
-0.5557,-78.67209538549469
-0.5567000000000001,-79.22383279244205
-0.5577,-79.7755701993894
-0.5587000000000001,-80.25657204134353
-0.5597,-80.66683831830439
-0.5607000000000001,-81.10539882126255
-0.5617,-81.60054777621531
-0.5627000000000001,-82.06740250517078
-0.5637,-82.6615812511141
-0.5647000000000001,-83.25575999705741
-0.5657,-83.92067430799398
-0.5667000000000001,-84.38752903694943
-0.5677,-84.75535397491434
-0.5687000000000001,-85.08073757388331
-0.5697,-85.34953272085767
-0.5707000000000001,-85.60418075483337
-0.5717,-86.31153640476589
-0.5727000000000001,-87.03303916769705
-0.5737,-87.71210059163228
-0.5747000000000001,-88.22139665958369
-0.5757,-88.7589869535324
-0.5767000000000001,-89.67854929844468
-0.5777,-90.7820241123394
-0.5787000000000001,-91.85720470023682
-0.5797,-92.76261993215046
-0.5807000000000001,-92.67773725415857
-0.5817,-93.01726796612617
-0.5827000000000001,-93.72462361605868
-0.5837,-93.71047650306002
-0.5847000000000001,-93.14459198311401
-0.5857,-92.6635901411599
-0.5867000000000001,-92.40894210718419
-0.5857,-92.22502963820175
-0.5847000000000001,-91.41864419727867
-0.5837,-90.89520101632861
-0.5827000000000001,-89.87660888042578
-0.5817,-88.44775046756209
-0.5807000000000001,-87.64136502663902
-0.5797,-86.9057151507092
-0.5787000000000001,-86.24080083977263
-0.5777,-85.77394611081716
-0.5767000000000001,-85.0241491218887
-0.5757,-84.30264635895755
-0.5747000000000001,-83.39723112704392
-0.5737,-82.47766878213164
-0.5727000000000001,-81.74201890620182
-0.5717,-80.86489790028548
-0.5707000000000001,-79.93118844237456
-0.5697,-78.983331871465
-0.5687000000000001,-78.21938776953787
-0.5677,-77.55447345860131
-0.5667000000000001,-77.05932450364854
-0.5657,-76.7339409046796
-0.5647000000000001,-76.13976215873627
-0.5637,-75.51728918679565
-0.5627000000000001,-74.9089633278537
-0.5617,-74.20160767792116
-0.5607000000000001,-73.38107512399945
-0.5597,-72.53224834408043
-0.5587000000000001,-71.6834215641614
-0.5577,-71.11753704421541
-0.5567000000000001,-70.91947746223428
-0.5557,-70.65068231525994
-0.5547000000000001,-70.39603428128423
-0.5537,-70.07065068231528
-0.5527000000000001,-69.3774421453814
-0.5517,-67.99102507151366
-0.5507000000000001,-66.36410707666887
-0.5497,-65.3596620537647
-0.5487000000000001,-65.4728389577539
-0.5477,-65.64260431373769
-0.5467000000000001,-65.48698607075255
-0.5457,-64.70889485582677
-0.5447000000000001,-63.5063902509415
-0.5437,-62.233150081062966
-0.5427000000000001,-61.35602907514664
-0.5417,-60.95990991118443
-0.5407000000000001,-60.521349408226264
-0.5397,-60.30914271324652
-0.5387000000000001,-60.06864179226946
-0.5377,-59.44616882032884
-0.5367000000000001,-58.69637183140037
-0.5357,-57.7485152604908
-0.5347000000000001,-56.927982706569075
-0.5337,-56.022567474655446
-0.5327000000000001,-55.65474253669055
-0.5317,-55.626448310693235
-0.5307000000000001,-55.400094502714836
-0.5297,-54.77762153077422
-0.5287000000000001,-54.02782454184575
-0.5277,-53.518528473894335
-0.5267000000000001,-52.91020261495237
-0.5257,-52.49993633799151
-0.5247,-52.16040562602391
-0.5236999999999999,-51.60866821907654
-0.5227,-51.24084328111163
-0.5216999999999999,-50.97204813413727
-0.5207,-50.63251742216966
-0.5196999999999999,-50.094927128220945
-0.5187,-49.28854168729788
-0.5176999999999999,-48.73680428035051
-0.5167,-48.156772647405845
-0.5156999999999999,-47.02500360751382
-0.5147,-46.88353247752732
-0.5136999999999999,-46.75620846053947
-0.5127,-46.45911908756781
-0.5116999999999999,-46.218618166590744
-0.5107,-45.80835188962989
-0.5096999999999999,-45.11514335269602
-0.5087,-44.43608192876081
-0.5076999999999999,-43.82775606981884
-0.5067,-43.205283097878215
-0.5056999999999999,-42.681839916928155
-0.5047,-42.172543848976744
-0.5036999999999999,-41.91789581500104
-0.5027,-41.56421799003478
-0.5016999999999999,-41.083216148080666
-0.5007,-40.616361419125205
-0.4996999999999999,-40.37586049814815
-0.49870000000000003,-39.55532794422642
-0.4976999999999999,-38.89041363328986
-0.49670000000000003,-38.6216184863155
-0.4956999999999999,-38.4518531303317
-0.49470000000000003,-38.16891087035869
-0.4936999999999999,-37.78693881939513
-0.4927,-37.235201412447765
-0.4916999999999999,-36.570287101511205
-0.4907,-35.96196124256923
-0.4896999999999999,-35.48095940061512
-0.4887,-34.99995755866101
-0.4876999999999999,-34.632132620696105
-0.4867,-34.33504324772444
-0.48570000000000013,-33.924776970763574
-0.4847,-33.47206935480677
-0.48370000000000013,-33.04765596484726
-0.4827,-32.59494834889044
-0.48170000000000013,-32.11394650693633
-0.4807,-31.717827342974125
-0.4797000000000001,-31.335855292010564
-0.4787,-30.82655922405915
-0.4777000000000001,-30.345557382105042
-0.4767,-30.02017378313608
-0.4757000000000001,-29.793819975157668
-0.4747,-29.55331905418062
-0.4737000000000001,-29.25622968120896
-0.4727,-28.732786500258893
-0.4717000000000001,-28.280078884302082
-0.4707,-27.926401059335824
-0.4697000000000001,-27.544429008372262
-0.4687,-27.134162731411404
-0.4677000000000001,-26.851220471438396
-0.4667,-26.469248420474838
-0.4657000000000001,-26.044835030515326
-0.4647,-25.747745657543668
-0.4637000000000001,-25.40821494557606
-0.4627,-25.04039000761115
-0.4617000000000001,-24.61597661765164
-0.4607,-24.149121888696175
-0.4597000000000001,-23.738855611735314
-0.4587,-23.300295108777156
-0.4577000000000001,-23.003205735805498
-0.4567,-22.790999040825742
-0.4557000000000001,-22.479762554855434
-0.4547,-22.182673181883775
-0.4537000000000001,-21.857289582914817
-0.4527,-21.531905983945855
-0.4517000000000001,-21.277257949970153
-0.4507,-21.036757028993097
-0.4497000000000001,-20.75381476902009
-0.4487,-20.44257828304978
-0.4477000000000001,-20.10304757108217
-0.4467,-19.70692840711996
-0.4457000000000001,-19.2683679041618
-0.4447,-18.829807401203638
-0.4437000000000001,-18.518570915233333
-0.4427,-18.19318731626437
-0.4417000000000001,-18.009274847281915
-0.4407,-17.825362378299463
-0.4397000000000001,-17.499978779330505
-0.4387,-17.103859615368293
-0.4377000000000001,-16.693593338407435
-0.4367,-16.269179948447924
-0.4357000000000001,-16.014531914472215
-0.4347,-15.844766558488407
-0.4337000000000001,-15.70329542850191
-0.4327,-15.533530072518102
-0.4317000000000001,-15.321323377538347
-0.43069999999999997,-15.080822456561293
-0.4297000000000001,-14.797880196588284
-0.42869999999999997,-14.444202371622024
-0.4277000000000001,-14.175407224647667
-0.42669999999999997,-13.963200529667912
-0.4257000000000001,-13.725529031290584
-0.42469999999999997,-13.475125131214474
-0.4237000000000001,-13.255844879735394
-0.42269999999999996,-13.015343958758336
-0.4217000000000001,-12.760695924782631
-0.42069999999999996,-12.517365581205844
-0.4197000000000001,-12.275449948928925
-0.41869999999999996,-12.047681429650654
-0.41770000000000007,-11.836889445970762
-0.41669999999999996,-11.60912092669249
-0.41570000000000007,-11.374278850914896
-0.41469999999999996,-11.162072155935139
-0.41370000000000007,-10.95976844005444
-0.41269999999999996,-10.765952991972927
-0.41170000000000007,-10.560819853492498
-0.41069999999999995,-10.37549267321018
-0.40970000000000006,-10.174603668629343
-0.40869999999999995,-9.955323417150264
-0.40770000000000006,-9.753019701269562
-0.40669999999999995,-9.542227717589672
-0.40570000000000006,-9.348412269508163
-0.40469999999999995,-9.174402779624762
-0.40370000000000006,-8.989075599342444
-0.40269999999999995,-8.813651398159179
-0.40170000000000006,-8.632568351776454
-0.40069999999999995,-8.457144150593189
-0.39970000000000006,-8.28313466070979
-0.39869999999999994,-8.09497805782774
-0.39770000000000005,-7.925212701843934
-0.39669999999999994,-7.768179747558916
-0.39570000000000005,-7.6083173706741665
-0.39469999999999994,-7.4767492197867185
-0.39370000000000005,-7.332448667200485
-0.39269999999999994,-7.181074558114926
-0.39170000000000005,-7.032529871629097
-0.39069999999999994,-6.874082206044213
-0.38970000000000005,-6.712805117859599
-0.38869999999999993,-6.55577216357458
-0.38770000000000004,-6.432692280486322
-0.38669999999999993,-6.302538840898738
-0.38570000000000004,-6.149750020513314
-0.38469999999999993,-6.011108313126541
-0.38370000000000004,-5.873881317039633
-0.38269999999999993,-5.739483743552454
-0.38170000000000004,-5.613574437864465
-0.3806999999999999,-5.480591575677152
-0.37970000000000004,-5.365999960388084
-0.3786999999999999,-5.252823056398881
-0.37770000000000004,-5.1467197089090035
-0.3766999999999999,-5.027883959720341
-0.37570000000000003,-4.903389365332218
-0.3746999999999999,-4.781724193543823
-0.37370000000000003,-4.6614737330552956
-0.3726999999999999,-4.562443942064744
-0.37170000000000003,-4.471902418873381
-0.3706999999999999,-4.382775606981883
-0.36970000000000003,-4.276672259492005
-0.3686999999999999,-4.164910066802668
-0.3677,-4.0588067193127895
-0.3666999999999999,-3.9428003927238575
-0.3657,-3.840941179133574
-0.3646999999999999,-3.7603026350412674
-0.3637,-3.669761111849905
-0.3626999999999999,-3.5820490112582726
-0.3617,-3.5014104671659654
-0.36070000000000013,-3.4221866343735234
-0.3597,-3.3373039563816214
-0.35870000000000013,-3.2524212783897193
-0.3577,-3.168953311697682
-0.35670000000000013,-3.0883147676053753
-0.3557,-3.009090934812933
-0.3547000000000001,-2.9440142150191413
-0.3537,-2.870449227426159
-0.3527000000000001,-2.795469528533313
-0.3517,-2.7247339635400607
-0.3507000000000001,-2.656827821146539
-0.3497,-2.581848122253692
-0.3487000000000001,-2.5139419798601703
-0.3477,-2.4545241052658384
-0.3467000000000001,-2.392276808071777
-0.3457,-2.33144422217758
-0.3447000000000001,-2.2748557701829792
-0.3437,-2.2126084729889177
-0.3427000000000001,-2.1475317531951257
-0.3417,-2.0881138786007942
-0.3407000000000001,-2.0371842718056525
-0.3397,-1.980595819811051
-0.3387000000000001,-1.92400736781645
-0.3377,-1.8801513175206337
-0.3367000000000001,-1.8249775768258971
-0.3357,-1.776877392630486
-0.3347000000000001,-1.7358507649344
-0.3337,-1.6835064468393939
-0.3327000000000001,-1.6354062626439825
-0.3317,-1.5887207897484361
-0.3307000000000001,-1.5491088733522151
-0.3297,-1.5038381117565338
-0.3287000000000001,-1.461396772760583
-0.3277,-1.423199567664227
-0.3267000000000001,-1.382172939968141
-0.3257,-1.3373265917624193
-0.3247000000000001,-1.3019588092657932
-0.3237,-1.2614980660896533
-0.3227000000000001,-1.2275449948928923
-0.3217,-1.1921772123962666
-0.3207000000000001,-1.1568094298996403
-0.3197,-1.119319580453217
-0.3187000000000001,-1.0850835669964831
-0.3177,-1.0580625811690607
-0.3167000000000001,-1.0243924522322732
-0.3157,-0.9902979099055255
-0.3147000000000001,-0.9680869424976446
-0.3137,-0.9349826980808027
-0.3127000000000001,-0.9017369825339743
-0.3117,-0.8783942460862012
-0.3107000000000001,-0.8467047129692244
-0.3097,-0.8215228518316268
-0.3087000000000001,-0.7963409906940291
-0.3077,-0.7771009170158646
-0.3067000000000001,-0.7458357972888473
-0.30569999999999997,-0.7183903980714657
-0.3047000000000001,-0.6994332666532742
-0.30369999999999997,-0.6756661168155416
-0.3027000000000001,-0.6517574958478223
-0.30169999999999997,-0.6301124129598873
-0.3007000000000001,-0.6111552815416958
-0.29969999999999997,-0.5876710739639363
-0.2987000000000001,-0.5671577601158931
-0.29769999999999996,-0.5528691759872564
-0.2967000000000001,-0.5268384880697398
-0.29569999999999996,-0.5051934051818046
-0.2947000000000001,-0.49246100348301924
-0.29369999999999996,-0.4691182670352462
-0.29270000000000007,-0.45256614482682517
-0.29169999999999996,-0.43615549374839085
-0.29070000000000007,-0.4218669096197539
-0.28969999999999996,-0.39951447108188637
-0.28870000000000007,-0.37857674384388385
-0.28769999999999996,-0.37164465847454514
-0.28670000000000007,-0.3519801714064211
-0.28569999999999995,-0.3354280491980002
-0.28470000000000006,-0.32764713704874243
-0.28369999999999995,-0.30656793868075344
-0.28270000000000006,-0.2946843637618871
-0.28169999999999995,-0.2816690198031288
-0.28070000000000006,-0.2723319252240196
-0.27969999999999995,-0.25295038041586854
-0.27870000000000006,-0.23837885402725867
-0.27769999999999995,-0.2321541243078525
-0.27670000000000006,-0.2153190598394586
-0.27569999999999995,-0.2010304757108217
-0.27470000000000006,-0.19989870667092968
-0.27369999999999994,-0.18320511333252223
-0.27270000000000005,-0.17033124050375043
-0.27169999999999994,-0.16141855931460067
-0.27070000000000005,-0.15660854089505957
-0.26969999999999994,-0.13800508730183433
-0.26870000000000005,-0.12838505046275206
-0.26769999999999994,-0.12433897614513807
-0.26670000000000005,-0.10828200289166989
-0.26569999999999994,-0.09935517458952153
-0.26470000000000005,-0.09529495315890889
-0.26369999999999993,-0.086509595986747
-0.26270000000000004,-0.07297080884703859
-0.26169999999999993,-0.06599628213870397
-0.26070000000000004,-0.06305368263498468
-0.25969999999999993,-0.046586443104555654
-0.25870000000000004,-0.043106253306887665
-0.25769999999999993,-0.04379946184382154
-0.25670000000000004,-0.028308373110299385
-0.2556999999999999,-0.01950886882513886
-0.25470000000000004,-0.0174150961013386
-0.2536999999999999,-0.007649343998370253
-0.25270000000000004,0.0012841334468874936
-0.2516999999999999,0.004215839673597809
-0.25070000000000003,0.007983215865138404
-0.24969999999999992,0.02124896372397285
-0.24870000000000003,0.028633756709268345
-0.24769999999999992,0.02627118883849373
-0.24670000000000003,0.04078612677510901
-0.24569999999999992,0.04497367222270952
-0.24470000000000003,0.04343163690585663
-0.24369999999999992,0.05613574437864466
-0.24270000000000003,0.06186532514309807
-0.24169999999999991,0.06591139946071205
-0.24070000000000003,0.06953306038836657
-0.2396999999999999,0.07833256467352707
-0.23870000000000002,0.0867076555687281
-0.2376999999999999,0.08418946945496834
-0.23670000000000002,0.09298897374012885
-0.23570000000000013,0.10108112237535687
-0.23470000000000002,0.09703504805774286
-0.23370000000000013,0.10652776087983726
-0.23270000000000002,0.11643073997889253
-0.23170000000000013,0.11112557260439863
-0.23070000000000002,0.11587900257194515
-0.22970000000000013,0.12480583087409354
-0.22870000000000001,0.12955926084164004
-0.22770000000000012,0.1284416389147467
-0.2267,0.13569910788305434
-0.22570000000000012,0.1428858412863687
-0.2247,0.14415908145624726
-0.22370000000000012,0.14783733083589634
-0.2227,0.15293029151541046
-0.22170000000000012,0.1588720789748436
-0.2207,0.1543450028152755
-0.21970000000000012,0.16778476016399335
-0.2187,0.16919947146385841
-0.21770000000000012,0.16622857773414182
-0.2167,0.17528273005327805
-0.2157000000000001,0.1846198246323873
-0.2147,0.18094157525273818
-0.2137000000000001,0.18631747819222533
-0.2127,0.1922592656516585
-0.2117000000000001,0.1919763233916855
-0.2107,0.18688336271217135
-0.2097000000000001,0.19890840876102414
-0.2087,0.20343548492059227
-0.2077000000000001,0.19890840876102414
-0.2067,0.2081040322101469
-0.2057000000000001,0.212065223849769
-0.2047,0.20909433012005244
-0.2037000000000001,0.21489464644949907
-0.2027,0.22012907825899972
-0.2017000000000001,0.22154378955886472
-0.2007,0.22012907825899972
-0.1997000000000001,0.22904175944814942
-0.1987,0.2284758749282034
-0.1977000000000001,0.22522203893851384
-0.19669999999999999,0.23272000882779853
-0.1957000000000001,0.24050092097705625
-0.19469999999999998,0.23427619125765006
-0.1937000000000001,0.23837885402725867
-0.19269999999999998,0.2468671218264489
-0.1917000000000001,0.24333034357678635
-0.1907000000000001,0.24021797871708325
-0.1897000000000002,0.2532333226758416
-0.1887000000000001,0.25464803397570657
-0.1877000000000002,0.24941360216620592
-0.1867000000000001,0.2577603988354097
-0.1857000000000002,0.2617215904750318
-0.1847000000000001,0.2577603988354097
-0.1837000000000002,0.2610142348250993
-0.18270000000000008,0.26738043567449193
-0.1817000000000002,0.27190751183406003
-0.18070000000000008,0.2662486666345999
-0.1797000000000002,0.2751613478237496
-0.17870000000000008,0.27982989511330425
-0.1777000000000002,0.2731807520039386
-0.17670000000000008,0.2820934331930883
-0.1757000000000002,0.2849228557928184
-0.17470000000000008,0.2806787218932233
-0.1737000000000002,0.2866205093526564
-0.17270000000000008,0.2918549411621571
-0.17170000000000019,0.290157287602319
-0.17070000000000007,0.28647903822266996
-0.16970000000000018,0.2976552574916037
-0.16870000000000007,0.3007676223513068
-0.16770000000000018,0.2918549411621571
-0.16670000000000007,0.3004846800913338
-0.16570000000000018,0.3071338232006995
-0.16470000000000007,0.3009090934812933
-0.16370000000000018,0.30600205416080745
-0.16270000000000007,0.31180237049025405
-0.16170000000000018,0.3093973612804835
-0.16070000000000007,0.30571911190083445
-0.15970000000000018,0.3133585529201056
-0.15870000000000006,0.3139244374400516
-0.15770000000000017,0.3116608993602676
-0.15670000000000006,0.3173197445597277
-0.15570000000000017,0.32128093619934983
-0.15470000000000006,0.31265119727017304
-0.15370000000000017,0.31930034037953875
-0.15270000000000006,0.32807155043870195
-0.15170000000000017,0.32283711862920134
-0.15070000000000006,0.3184515135996197
-0.14970000000000017,0.33047655964847256
-0.14870000000000005,0.32948626173856704
-0.14770000000000016,0.3253835989689584
-0.14670000000000005,0.326656839138837
-0.14570000000000016,0.3311839152984051
-0.14470000000000005,0.328354492698675
-0.14370000000000016,0.3293447906085805
-0.14270000000000005,0.3350036358080407
-0.14170000000000016,0.33571099145797323
-0.14070000000000005,0.32948626173856704
-0.13970000000000016,0.3392477697076358
-0.13870000000000005,0.34023806761754133
-0.13770000000000016,0.3316083286883646
-0.13670000000000004,0.33769158727778426
-0.13570000000000015,0.34405778812717697
-0.13470000000000004,0.3354280491980002
-0.13370000000000015,0.34377484586720397
-0.13270000000000004,0.3432089613472579
-0.13170000000000015,0.34490661490709595
-0.13070000000000004,0.3386818851876898
-0.12970000000000015,0.3456139705570285
-0.12870000000000004,0.35127281575648867
-0.12770000000000015,0.3405210098775144
-0.12670000000000003,0.347736037506826
-0.12570000000000014,0.35495106513613767
-0.12470000000000003,0.3480189797667991
-0.12370000000000014,0.35127281575648867
-0.12270000000000003,0.35551694965608377
-0.12170000000000014,0.3539607672262322
-0.12070000000000003,0.35127281575648867
-0.11970000000000014,0.35311194044631317
-0.11870000000000003,0.36287344841538194
-0.11770000000000014,0.3536778249662592
-0.11670000000000003,0.3584878433858003
-0.11570000000000014,0.3672590534449635
-0.11470000000000002,0.3580634299958408
-0.11370000000000013,0.3611757948555439
-0.11270000000000002,0.3658443421450985
-0.11170000000000013,0.365702871015112
-0.11070000000000024,0.36188315050547637
-0.10970000000000013,0.3724934852544642
-0.10870000000000024,0.3720690718645046
-0.10770000000000013,0.3661272844050715
-0.10670000000000024,0.37192760073451814
-0.10570000000000013,0.37829380158391085
-0.10470000000000024,0.37164465847454514
-0.10370000000000013,0.3717861296045316
-0.10270000000000024,0.37942557062380283
-0.10170000000000012,0.37659614802407276
-0.10070000000000023,0.37588879237414025
-0.09970000000000012,0.387065011643074
-0.09870000000000023,0.3855088292132225
-0.09770000000000012,0.37744497480399175
-0.09670000000000023,0.385933242603182
-0.09570000000000012,0.3910262032826961
-0.09470000000000023,0.38197205096355985
-0.09370000000000012,0.3893285497228581
-0.09270000000000023,0.3932897413624802
-0.09170000000000011,0.3954118083122777
-0.09070000000000022,0.3890456074628851
-0.08970000000000011,0.39809975978202133
-0.08870000000000022,0.4024853648116029
-0.08770000000000011,0.39215797232258814
-0.08670000000000022,0.40022182673181883
-0.08570000000000011,0.40984186357090113
-0.08470000000000022,0.3988071154319538
-0.08370000000000011,0.4037586049814815
-0.08270000000000022,0.41026627696086065
-0.0817000000000001,0.40941745018094167
-0.08070000000000022,0.406446556451225
-0.0797000000000001,0.4156421799003478
-0.07870000000000021,0.4159251221603208
-0.0777000000000001,0.4081442100110631
-0.07670000000000021,0.4128127573006177
-0.0757000000000001,0.4234230920496055
-0.07470000000000021,0.4147933531204288
-0.0737000000000001,0.42002778492992937
-0.07270000000000021,0.4271013414292546
-0.0717000000000001,0.4280916393391601
-0.07070000000000021,0.4188960158900374
-0.0697000000000001,0.43176988871880917
-0.0687000000000002,0.4333260711486608
-0.0677000000000001,0.42596957238936256
-0.0667000000000002,0.4323357732387552
-0.06570000000000009,0.43615549374839085
-0.0647000000000002,0.43587255148841775
-0.06370000000000009,0.4338919556686068
-0.0627000000000002,0.44619994397743257
-0.06170000000000009,0.44761465527729766
-0.0607000000000002,0.4329016577587012
-0.059700000000000086,0.44973672222709515
-0.058700000000000196,0.45100996239697366
-0.057700000000000085,0.43870197408814793
-0.056700000000000195,0.4514343757869332
-0.05570000000000008,0.4549711540365957
-0.05470000000000019,0.44931230883713563
-0.05370000000000008,0.45242467369683875
-0.05270000000000019,0.4604885281060694
-0.05170000000000008,0.4599226435861234
-0.05070000000000019,0.4535564427367308
-0.04970000000000008,0.46331795070579956
-0.04870000000000019,0.46897679590525965
-0.047700000000000076,0.45978117245613687
-0.046700000000000186,0.46812796912534066
-0.045700000000000074,0.4753429967546523
-0.044700000000000184,0.4661473733055296
-0.04370000000000007,0.4719476896349762
-0.04270000000000018,0.47774800596442285
-0.04170000000000007,0.47590888127459835
-0.04070000000000018,0.47180621850498966
-0.03970000000000007,0.48142625534407196
-0.03870000000000018,0.4851045047237211
-0.03770000000000007,0.4793041883942744
-0.03670000000000018,0.4858118603736536
-0.035700000000000065,0.4958563106026953
-0.034700000000000175,0.4877924561934647
-0.03370000000000006,0.48835834071341067
-0.03270000000000017,0.5008078001522229
-0.03170000000000006,0.49401718591287075
-0.03070000000000017,0.48835834071341067
-0.02970000000000006,0.4979783775524929
-0.02870000000000017,0.5027883959720341
-0.027700000000000058,0.4962807239926549
-0.026700000000000168,0.5059007608317371
-0.025700000000000056,0.5129743173310622
-0.024700000000000166,0.50335428049198
-0.023700000000000054,0.5059007608317371
-0.022700000000000164,0.5166525667107114
-0.021700000000000053,0.5122669616811297
-0.020700000000000163,0.5049104629218315
-0.01970000000000005,0.5146719708909003
-0.01870000000000016,0.5135402018510082
-0.01770000000000005,0.5083057700415077
-0.01670000000000016,0.5189161047904954
-0.015700000000000047,0.5231602386900907
-0.014700000000000157,0.5176428646206169
-0.013700000000000045,0.5223114119101716
-0.012700000000000156,0.5282531993696047
-0.011700000000000044,0.5307996797093618
-0.010700000000000154,0.5244334788599692
-0.009700000000000042,0.5326388043991863
-0.008700000000000152,0.5399953031584845
-0.00770000000000004,0.5324973332691998
-0.00670000000000015,0.53815617846866
-0.005700000000000038,0.5473518019177827
-0.0047000000000001485,0.53815617846866
-0.0037000000000000366,0.539287947508552
-0.0027000000000001467,0.5487665132176478
-0.0017000000000000348,0.5501812245175128
-0.000700000000000145,0.5431076680181876
0.00029999999999996696,0.5554156563270134
0.0012999999999998568,0.5581036077967569
0.0022999999999999687,0.5525862337272834
0.0032999999999998586,0.558669492316703
0.0042999999999999705,0.5667333467259337
0.00529999999999986,0.5579621366667705
0.006299999999999972,0.557820665536784
0.007299999999999862,0.5695627693256637
0.008299999999999974,0.5699871827156233
0.009299999999999864,0.5637624529962171
0.010299999999999976,0.5739483743552454
0.011299999999999866,0.576636325824989
0.012299999999999978,0.5657430488160282
