Potential V vs RHE, Current mA cm-2
0.05339999999999995,-0.22168526068885125
0.05239999999999995,-0.2709172139241546
0.051399999999999946,-0.3139244374400516
0.050399999999999945,-0.34094542326747385
0.049399999999999944,-0.35905372790574636
0.04839999999999994,-0.3723520141244776
0.04739999999999994,-0.3825379354835059
0.04639999999999994,-0.39060178989273664
0.04539999999999994,-0.3965435773521698
0.04439999999999994,-0.4013535957717109
0.04339999999999994,-0.4054562585413195
0.04239999999999994,-0.40941745018094167
0.04139999999999994,-0.4128127573006177
0.040399999999999936,-0.41550070877036127
0.039399999999999935,-0.4179057179801318
0.038399999999999934,-0.4201692560599159
0.03739999999999993,-0.4224327941397
0.03639999999999993,-0.4239889765695515
0.03539999999999993,-0.4254036878694165
0.03439999999999993,-0.4268183991692816
0.03339999999999993,-0.4279501682091736
0.03239999999999993,-0.42950635063902515
0.03139999999999993,-0.4309210619388902
0.030399999999999927,-0.43176988871880917
0.029399999999999926,-0.4327601866287147
0.028399999999999925,-0.43375048453862025
0.027399999999999924,-0.4348822535785123
0.026399999999999924,-0.43601402261840433
0.025399999999999923,-0.43672137826833685
0.024399999999999922,-0.4371457916582963
0.02339999999999992,-0.4379946184382154
0.02239999999999992,-0.4385605029581614
0.02139999999999992,-0.4396922719980534
0.020399999999999918,-0.4399752142580264
0.019399999999999917,-0.44039962764798596
0.018399999999999916,-0.4411069832979185
0.017399999999999916,-0.44181433894785094
0.016399999999999915,-0.44252169459778345
0.015399999999999914,-0.4428046368577565
0.014399999999999913,-0.4429461079877429
0.013399999999999912,-0.4436534636376755
0.012399999999999911,-0.444360819287608
0.01139999999999991,-0.444926703807554
0.01039999999999991,-0.44535111719751347
0.009399999999999908,-0.44549258832750005
0.008399999999999908,-0.4457755305874731
0.007399999999999907,-0.44676582849737856
0.006399999999999906,-0.447190241887338
0.005399999999999905,-0.44761465527729766
0.004399999999999904,-0.4478975975372706
0.003399999999999903,-0.44818053979724365
0.002399999999999902,-0.4490293665771626
0.0013999999999999013,-0.4494537799671222
0.00039999999999990044,-0.4500196644870682
-0.0006000000000001005,-0.4505855490070142
-0.0016000000000001013,-0.45100996239697366
-0.0026000000000001022,-0.4520002603068792
-0.003600000000000103,-0.45256614482682517
-0.004600000000000104,-0.45313202934677127
-0.005600000000000105,-0.4536979138667173
-0.006600000000000106,-0.4542637983866633
-0.007600000000000107,-0.45539556742655535
-0.008600000000000108,-0.4562443942064743
-0.009600000000000108,-0.45681027872642027
-0.01060000000000011,-0.4578005766363259
-0.01160000000000011,-0.4589323456762179
-0.012600000000000111,-0.4606299992360559
-0.013600000000000112,-0.46176176827594795
-0.014600000000000113,-0.462610595055867
-0.015600000000000114,-0.463459421835786
-0.016600000000000115,-0.46473266200566454
-0.017600000000000116,-0.4661473733055296
-0.018600000000000116,-0.4678450268653676
-0.019600000000000117,-0.4692597381652327
-0.020600000000000118,-0.47053297833511115
-0.02160000000000012,-0.4723721030249357
-0.02260000000000012,-0.47435269884474673
-0.02360000000000012,-0.47661623692453087
-0.024600000000000122,-0.4784553616143554
-0.025600000000000123,-0.48029448630418
-0.026600000000000124,-0.482558024383964
-0.027600000000000124,-0.4851045047237211
-0.028600000000000125,-0.48765098506347815
-0.029600000000000126,-0.4901974654032352
-0.030600000000000127,-0.4923195323530327
-0.03160000000000013,-0.4954318972127358
-0.03260000000000013,-0.49882720433241184
-0.03360000000000013,-0.5019395691921149
-0.03460000000000002,-0.505334876311791
-0.03560000000000002,-0.5084472411714941
-0.03660000000000002,-0.5118425482911703
-0.03760000000000002,-0.5159452110607788
-0.03860000000000002,-0.5200478738303875
-0.039600000000000024,-0.5240090654700096
-0.040600000000000025,-0.5279702571096317
-0.041600000000000026,-0.5323558621392133
-0.04260000000000003,-0.537307351688741
-0.04360000000000003,-0.5421173701082821
-0.04460000000000003,-0.5469273885278232
-0.04560000000000003,-0.5517374069473643
-0.04660000000000003,-0.5568303676268785
-0.04760000000000003,-0.5627721550863116
-0.04860000000000003,-0.5687139425457448
-0.04960000000000003,-0.5743727877452048
-0.050600000000000034,-0.5801731040746516
-0.051600000000000035,-0.5863978337940576
-0.052600000000000036,-0.5929055057734368
-0.053600000000000037,-0.5995546488828025
-0.05460000000000004,-0.6059208497321952
-0.05560000000000004,-0.6129944062315204
-0.05660000000000004,-0.619926491600859
-0.05760000000000004,-0.6270000481001843
-0.05860000000000004,-0.634780960249442
-0.05960000000000004,-0.6424204012687131
-0.06060000000000004,-0.6497769000280114
-0.061600000000000044,-0.657557812177269
-0.06260000000000004,-0.6659046088464727
-0.06360000000000005,-0.674392876645663
-0.06460000000000005,-0.6827396733148667
-0.06560000000000005,-0.6908035277240974
-0.06660000000000005,-0.6995747377832607
-0.06760000000000005,-0.7086288901023969
-0.06860000000000005,-0.7175415712915466
-0.06960000000000005,-0.7265957236106829
-0.07060000000000005,-0.7353669336698461
-0.07160000000000005,-0.7445625571189688
-0.07260000000000005,-0.754465536218024
-0.07360000000000005,-0.7639441019271197
-0.07460000000000006,-0.7731397253762425
-0.07560000000000006,-0.7824768199553517
-0.07660000000000006,-0.792379799054407
-0.07760000000000006,-0.8025657204134353
-0.07860000000000006,-0.8124686995124906
-0.07960000000000006,-0.8222302074815594
-0.08060000000000006,-0.8319917154506281
-0.08160000000000006,-0.8417532234196969
-0.08260000000000006,-0.8523635581686846
-0.08360000000000006,-0.8625494795277129
-0.08460000000000006,-0.8724524586267681
-0.08560000000000006,-0.8824969088558098
-0.08660000000000007,-0.8925413590848515
-0.08760000000000007,-0.903010222703853
-0.08860000000000007,-0.9133376151928677
-0.08960000000000007,-0.9235235365518959
-0.09060000000000007,-0.9335679867809377
-0.09160000000000007,-0.9434709658799929
-0.09260000000000007,-0.9537983583690077
-0.09360000000000007,-0.9642672219880091
-0.09460000000000007,-0.9741702010870643
-0.09560000000000007,-0.9842146513161061
-0.09660000000000007,-0.9944005726751344
-0.09760000000000008,-1.004445022904176
-0.09860000000000008,-1.0146309442632042
-0.09960000000000008,-1.024675394492246
-0.10060000000000008,-1.0342954313313282
-0.10160000000000008,-1.0443398815603702
-0.10260000000000008,-1.054384331789412
-0.10360000000000008,-1.0641458397584806
-0.10460000000000008,-1.073624405467576
-0.10560000000000008,-1.0828200289166992
-0.10660000000000008,-1.0927230080157544
-0.10760000000000008,-1.1023430448548366
-0.10860000000000009,-1.112104552823905
-0.10960000000000009,-1.1215831185330012
-0.11060000000000009,-1.1306372708521373
-0.11160000000000009,-1.140115836561233
-0.11260000000000009,-1.1495944022703288
-0.11360000000000009,-1.1587900257194514
-0.11460000000000009,-1.1684100625585339
-0.11560000000000009,-1.1776056860076565
-0.11660000000000009,-1.1862354249368332
-0.1176000000000001,-1.1955725195159426
-0.1186000000000001,-1.2044852007050921
-0.1196000000000001,-1.213114939634269
-0.1206000000000001,-1.2217446785634458
-0.1216000000000001,-1.2305158886226089
-0.1226000000000001,-1.239852983201718
-0.1236000000000001,-1.248482722130895
-0.1246000000000001,-1.2569709899300852
-0.1256000000000001,-1.2656007288592617
-0.1266000000000001,-1.274088996658452
-0.1276000000000001,-1.2831431489775882
-0.1286000000000001,-1.2916314167767784
-0.1296000000000001,-1.2999782134459823
-0.1306000000000001,-1.3081835389851995
-0.1316000000000001,-1.31624739339443
-0.1326000000000001,-1.3250186034535933
-0.1336000000000001,-1.333931284642743
-0.1346000000000001,-1.3419951390519738
-0.1356000000000001,-1.350483406851164
-0.1366000000000001,-1.3589716746503544
-0.1376000000000001,-1.3671770001895716
-0.1386000000000001,-1.3758067391187483
-0.1396000000000001,-1.384436478047925
-0.1406000000000001,-1.3926418035871422
-0.14160000000000011,-1.4011300713863324
-0.14260000000000012,-1.4096183391855226
-0.14360000000000012,-1.4189554337646317
-0.14460000000000012,-1.427443701563822
-0.14560000000000012,-1.4345172580631471
-0.14660000000000012,-1.4430055258623373
-0.14760000000000012,-1.4529085049613928
-0.14860000000000012,-1.461396772760583
-0.14960000000000012,-1.4698850405597732
-0.15060000000000012,-1.4783733083589634
-0.15160000000000012,-1.4868615761581534
-0.15260000000000012,-1.4967645552572086
-0.15360000000000013,-1.505252823056399
-0.15460000000000013,-1.5137410908555893
-0.15560000000000013,-1.5222293586547795
-0.15660000000000013,-1.5321323377538347
-0.15760000000000013,-1.54203531685289
-0.15860000000000013,-1.55052358465208
-0.15960000000000002,-1.5604265637511354
-0.16060000000000002,-1.5689148315503256
-0.16160000000000002,-1.5788178106493809
-0.16260000000000002,-1.5887207897484361
-0.16360000000000002,-1.5986237688474914
-0.16460000000000002,-1.6085267479465466
-0.16560000000000002,-1.6184297270456018
-0.16660000000000003,-1.6283327061446573
-0.16760000000000003,-1.6396503965435776
-0.16860000000000003,-1.6481386643427678
-0.16960000000000003,-1.658041643441823
-0.17060000000000003,-1.6679446225408785
-0.17160000000000003,-1.6792623129397986
-0.17260000000000003,-1.690580003338719
-0.17360000000000003,-1.700482982437774
-0.17460000000000003,-1.7103859615368293
-0.17560000000000003,-1.7217036519357498
-0.17660000000000003,-1.7316066310348048
-0.17760000000000004,-1.7429243214337253
-0.17860000000000004,-1.7542420118326456
-0.17960000000000004,-1.7655597022315657
-0.18060000000000004,-1.776877392630486
-0.18160000000000004,-1.7881950830294064
-0.18260000000000004,-1.7995127734283267
-0.18360000000000004,-1.8108304638272468
-0.18460000000000004,-1.822148154226167
-0.18560000000000004,-1.8334658446250875
-0.18660000000000004,-1.8447835350240078
-0.18760000000000004,-1.857515936722793
-0.18860000000000005,-1.8688336271217136
-0.18960000000000005,-1.8815660288204987
-0.19060000000000005,-1.892883719219419
-0.19160000000000005,-1.9056161209182045
-0.19260000000000005,-1.9183485226169896
-0.19360000000000005,-1.9310809243157752
-0.19460000000000005,-1.9423986147146954
-0.19560000000000005,-1.9551310164134805
-0.19660000000000005,-1.967863418112266
-0.19760000000000005,-1.980595819811051
-0.19860000000000005,-1.9947429328097017
-0.19960000000000006,-2.007475334508487
-0.20060000000000006,-2.020207736207272
-0.20160000000000006,-2.0329401379060577
-0.20260000000000006,-2.047087250904708
-0.20360000000000006,-2.0598196526034935
-0.20460000000000006,-2.073966765602144
-0.20560000000000006,-2.0866991673009294
-0.20660000000000006,-2.0994315689997145
-0.20760000000000006,-2.113578681998365
-0.20860000000000006,-2.127725794997015
-0.20960000000000006,-2.1404581966958003
-0.21060000000000006,-2.1546053096944506
-0.21160000000000007,-2.1673377113932366
-0.21260000000000007,-2.181484824391887
-0.21360000000000007,-2.1956319373905373
-0.21460000000000007,-2.2097790503891876
-0.21560000000000007,-2.2239261633878376
-0.21660000000000007,-2.238073276386488
-0.21760000000000007,-2.253635100685003
-0.21860000000000007,-2.2677822136836534
-0.21960000000000007,-2.2819293266823037
-0.22060000000000007,-2.2946617283810897
-0.22160000000000007,-2.310223552679605
-0.22260000000000008,-2.3243706656782552
-0.22360000000000008,-2.3385177786769056
-0.22460000000000008,-2.352664891675556
-0.22560000000000008,-2.3668120046742067
-0.22660000000000008,-2.380959117672857
-0.22760000000000008,-2.3951062306715074
-0.22860000000000008,-2.4092533436701573
-0.22960000000000008,-2.4234004566688077
-0.23060000000000008,-2.437547569667458
-0.23160000000000008,-2.451694682666109
-0.23260000000000008,-2.465841795664759
-0.23360000000000009,-2.4799889086634095
-0.2346000000000001,-2.4955507329619246
-0.2356000000000001,-2.50828313466071
-0.2366000000000001,-2.5224302476593605
-0.2376000000000001,-2.5379920719578757
-0.2386000000000001,-2.552139184956526
-0.2396000000000001,-2.5648715866553116
-0.2406000000000001,-2.579018699653962
-0.2416000000000001,-2.5931658126526123
-0.2426000000000001,-2.6073129256512626
-0.2436000000000001,-2.621460038649913
-0.2446000000000001,-2.634192440348698
-0.2456000000000001,-2.648339553347349
-0.2466000000000001,-2.661071955046134
-0.2476000000000001,-2.6752190680447843
-0.2486000000000001,-2.6879514697435702
-0.2496000000000001,-2.700683871442355
-0.2506000000000001,-2.7134162731411404
-0.2516000000000001,-2.7261486748399255
-0.2526000000000001,-2.738881076538711
-0.2536000000000001,-2.7516134782374966
-0.2546000000000001,-2.764345879936282
-0.2556000000000001,-2.775663570335202
-0.2566000000000001,-2.788395972033987
-0.2576000000000001,-2.7997136624329078
-0.2586000000000001,-2.8124460641316933
-0.2596000000000001,-2.823763754530613
-0.2606000000000001,-2.8350814449295334
-0.2616000000000001,-2.846399135328454
-0.2626000000000001,-2.8577168257273744
-0.2636000000000001,-2.867619804826429
-0.2646000000000001,-2.877522783925485
-0.2656000000000001,-2.88742576302454
-0.2666000000000001,-2.897328742123595
-0.2676000000000001,-2.9072317212226504
-0.2686000000000001,-2.9171347003217054
-0.2696000000000001,-2.925622968120896
-0.2706000000000001,-2.9341112359200863
-0.2716000000000001,-2.942599503719276
-0.2726000000000001,-2.9525024828183315
-0.2736000000000001,-2.9609907506175217
-0.2746000000000001,-2.968064307116847
-0.2756000000000001,-2.975137863616172
-0.2766000000000001,-2.9822114201154974
-0.2776000000000001,-2.989284976614823
-0.2786000000000001,-2.996358533114148
-0.2796000000000001,-3.003432089613473
-0.2806000000000001,-3.009090934812933
-0.28160000000000013,-3.0147497800123935
-0.28260000000000013,-3.021823336511718
-0.28360000000000013,-3.0260674704113137
-0.2846,-3.031726315610774
-0.2856,-3.0359704495103688
-0.2866,-3.0402145834099636
-0.2876,-3.044458717309559
-0.2886,-3.0487028512091543
-0.2896,-3.0515322738088844
-0.2906,-3.054361696408614
-0.2916,-3.0586058303082093
-0.2926,-3.0614352529079394
-0.2936,-3.0642646755076695
-0.29460000000000003,-3.0656793868075347
-0.29560000000000003,-3.0670940981073995
-0.29660000000000003,-3.0685088094072643
-0.29760000000000003,-3.069923520707129
-0.29860000000000003,-3.0713382320069944
-0.29960000000000003,-3.0713382320069944
-0.30060000000000003,-3.0713382320069944
-0.30160000000000003,-3.0727529433068597
-0.30260000000000004,-3.0727529433068597
-0.30360000000000004,-3.0727529433068597
-0.30460000000000004,-3.0713382320069944
-0.30560000000000004,-3.0713382320069944
-0.30660000000000004,-3.069923520707129
-0.30760000000000004,-3.069923520707129
-0.30860000000000004,-3.0685088094072643
-0.30960000000000004,-3.0685088094072643
-0.31060000000000004,-3.0656793868075347
-0.31160000000000004,-3.0642646755076695
-0.31260000000000004,-3.0614352529079394
-0.31360000000000005,-3.0586058303082093
-0.31460000000000005,-3.0571911190083445
-0.31560000000000005,-3.054361696408614
-0.31660000000000005,-3.0529469851087487
-0.31760000000000005,-3.050117562509019
-0.31860000000000005,-3.047288139909289
-0.31960000000000005,-3.044458717309559
-0.32060000000000005,-3.041629294709829
-0.32160000000000005,-3.0387998721100984
-0.32260000000000005,-3.034555738210504
-0.32360000000000005,-3.031726315610774
-0.32460000000000006,-3.028896893011044
-0.32560000000000006,-3.0260674704113137
-0.32660000000000006,-3.021823336511718
-0.32760000000000006,-3.0189939139119883
-0.32860000000000006,-3.0161644913122583
-0.32960000000000006,-3.0119203574126634
-0.33060000000000006,-3.0076762235130676
-0.33160000000000006,-3.004846800913338
-0.33260000000000006,-3.002017378313608
-0.33360000000000006,-2.997773244414013
-0.33460000000000006,-2.994943821814283
-0.33560000000000006,-2.9921143992145525
-0.33660000000000007,-2.9878702653149576
-0.33760000000000007,-2.9850408427152275
-0.33860000000000007,-2.9822114201154974
-0.33960000000000007,-2.9793819975157674
-0.34060000000000007,-2.975137863616172
-0.34160000000000007,-2.972308441016442
-0.34260000000000007,-2.9694790184167124
-0.34360000000000007,-2.968064307116847
-0.3446000000000001,-2.965234884517117
-0.3456000000000001,-2.9624054619173865
-0.3466000000000001,-2.9595760393176564
-0.34759999999999996,-2.956746616717927
-0.3486000000000001,-2.9539171941181968
-0.34959999999999997,-2.9525024828183315
-0.3506000000000001,-2.949673060218602
-0.35159999999999997,-2.9482583489187366
-0.3526000000000001,-2.945428926319006
-0.35359999999999997,-2.9440142150191413
-0.3546000000000001,-2.942599503719276
-0.35559999999999997,-2.9397700811195464
-0.3566000000000001,-2.938355369819681
-0.3576,-2.938355369819681
-0.3586000000000001,-2.9369406585198163
-0.3596,-2.935525947219951
-0.3606000000000001,-2.9341112359200863
-0.3616,-2.9341112359200863
-0.3626000000000001,-2.9341112359200863
-0.3636,-2.932696524620221
-0.3646000000000001,-2.932696524620221
-0.3656,-2.932696524620221
-0.3666000000000001,-2.932696524620221
-0.3676,-2.932696524620221
-0.3686000000000001,-2.9341112359200863
-0.3696,-2.9341112359200863
-0.3706000000000001,-2.9341112359200863
-0.3716,-2.935525947219951
-0.3726000000000001,-2.9369406585198163
-0.3736,-2.938355369819681
-0.3746000000000001,-2.9397700811195464
-0.3756,-2.9397700811195464
-0.3766000000000001,-2.942599503719276
-0.3776,-2.9440142150191413
-0.3786000000000001,-2.945428926319006
-0.3796,-2.9482583489187366
-0.3806000000000001,-2.949673060218602
-0.3816,-2.9525024828183315
-0.3826000000000001,-2.9553319054180616
-0.3836,-2.9581613280177916
-0.3846000000000001,-2.9609907506175217
-0.3856,-2.963820173217252
-0.3866000000000001,-2.9666495958169823
-0.3876,-2.970893729716577
-0.3886000000000001,-2.973723152316307
-0.3896,-2.977967286215902
-0.3906000000000001,-2.9807967088156326
-0.3916,-2.9850408427152275
-0.3926000000000001,-2.989284976614823
-0.3936,-2.9935291105144173
-0.3946000000000001,-2.996358533114148
-0.3956,-3.000602667013743
-0.3966000000000001,-3.006261512213203
-0.3976,-3.010505646112798
-0.3986000000000001,-3.0147497800123935
-0.3996,-3.0204086252118536
-0.4006000000000001,-3.024652759111448
-0.4016,-3.028896893011044
-0.4026000000000001,-3.034555738210504
-0.4036,-3.0402145834099636
-0.4046000000000001,-3.044458717309559
-0.4056,-3.0487028512091543
-0.40660000000000013,-3.054361696408614
-0.4076,-3.0600205416080746
-0.40860000000000013,-3.0656793868075347
-0.4096,-3.0713382320069944
-0.41060000000000013,-3.076997077206455
-0.4116,-3.08124121110605
-0.41260000000000013,-3.08690005630551
-0.4136,-3.0939736128048354
-0.41460000000000014,-3.0982177467044303
-0.4156,-3.1038765919038904
-0.41660000000000014,-3.1095354371033506
-0.4176,-3.1166089936026755
-0.41860000000000014,-3.122267838802136
-0.41960000000000003,-3.1279266840015962
-0.42060000000000014,-3.135000240500921
-0.42160000000000003,-3.1406590857003813
-0.42260000000000014,-3.1477326421997063
-0.42360000000000003,-3.1548061986990317
-0.42460000000000014,-3.160465043898492
-0.42560000000000003,-3.164709177798087
-0.42660000000000015,-3.171782734297412
-0.42760000000000004,-3.178856290796737
-0.42860000000000015,-3.1845151359961976
-0.42960000000000004,-3.1901739811956578
-0.43060000000000015,-3.195832826395118
-0.43160000000000004,-3.201491671594578
-0.43260000000000015,-3.208565228093903
-0.43360000000000004,-3.214224073293363
-0.43460000000000015,-3.2198829184928233
-0.43560000000000004,-3.225541763692284
-0.43660000000000015,-3.2312006088917435
-0.43760000000000004,-3.238274165391069
-0.43860000000000016,-3.243933010590529
-0.43960000000000005,-3.249591855789989
-0.44060000000000016,-3.2552507009894494
-0.44160000000000005,-3.2609095461889095
-0.44260000000000016,-3.267983102688235
-0.44360000000000005,-3.27222723658783
-0.44460000000000016,-3.279300793087155
-0.44560000000000005,-3.2849596382866153
-0.44660000000000016,-3.2906184834860754
-0.44760000000000005,-3.2962773286855356
-0.44860000000000017,-3.303350885184861
-0.44960000000000006,-3.3090097303843207
-0.45060000000000017,-3.314668575583781
-0.45160000000000006,-3.3203274207832414
-0.45260000000000017,-3.325986265982701
-0.45360000000000006,-3.3316451111821612
-0.45460000000000017,-3.3373039563816214
-0.45560000000000006,-3.3429628015810815
-0.4566000000000002,-3.3500363580804073
-0.45760000000000006,-3.355695203279867
-0.4586000000000002,-3.362768759779192
-0.45960000000000006,-3.368427604978652
-0.4606000000000002,-3.3740864501781123
-0.46160000000000007,-3.381160006677438
-0.4626000000000002,-3.386818851876898
-0.46360000000000007,-3.3938924083762227
-0.4646000000000002,-3.400965964875548
-0.46560000000000007,-3.4066248100750083
-0.4666000000000002,-3.412283655274469
-0.46760000000000007,-3.4193572117737934
-0.4686000000000002,-3.426430768273119
-0.4696000000000001,-3.432089613472579
-0.4706000000000002,-3.437748458672039
-0.4716000000000001,-3.4434073038714996
-0.47259999999999996,-3.450480860370824
-0.4736000000000001,-3.4575544168701495
-0.47459999999999997,-3.4632132620696097
-0.4756000000000001,-3.4702868185689346
-0.47659999999999997,-3.475945663768395
-0.4776000000000001,-3.4830192202677206
-0.47859999999999997,-3.4900927767670455
-0.4796000000000001,-3.4971663332663705
-0.48059999999999997,-3.504239889765696
-0.4816000000000001,-3.509898734965156
-0.4826,-3.5169722914644814
-0.4836000000000001,-3.5240458479638064
-0.4846,-3.5311194044631313
-0.4856000000000001,-3.536778249662592
-0.4866,-3.543851806161917
-0.4876000000000001,-3.550925362661242
-0.4886,-3.557998919160567
-0.4896000000000001,-3.5650724756598926
-0.4906,-3.5707313208593527
-0.4916000000000001,-3.5778048773586777
-0.4926,-3.586293145157868
-0.4936000000000001,-3.593366701657193
-0.4946,-3.5990255468566534
-0.4956000000000001,-3.606099103355979
-0.4966,-3.6131726598553033
-0.4976000000000001,-3.6188315050547635
-0.4986,-3.6259050615540893
-0.4996000000000001,-3.6329786180534143
-0.5005999999999999,-3.6400521745527397
-0.5016,-3.6457110197521994
-0.5025999999999999,-3.6527845762515243
-0.5036,-3.65985813275085
-0.5045999999999999,-3.6655169779503103
-0.5056,-3.6725905344496357
-0.5065999999999999,-3.67966409094896
-0.5076,-3.686737647448285
-0.5085999999999999,-3.6923964926477457
-0.5096,-3.699470049147071
-0.5105999999999999,-3.7065436056463965
-0.5116,-3.713617162145721
-0.5126,-3.7206907186450464
-0.5136000000000001,-3.727764275144372
-0.5146,-3.734837831643697
-0.5156000000000001,-3.7404966768431565
-0.5166,-3.747570233342482
-0.5176000000000001,-3.7546437898418072
-0.5186,-3.7617173463411326
-0.5196000000000001,-3.768790902840458
-0.5206,-3.7758644593397825
-0.5216000000000001,-3.782938015839108
-0.5226,-3.7900115723384333
-0.5236000000000001,-3.7970851288377587
-0.5246,-3.8055733966369485
-0.5256000000000001,-3.812646953136274
-0.5266,-3.819720509635599
-0.5276000000000001,-3.8282087774347895
-0.5286,-3.835282333934114
-0.5296000000000001,-3.84235589043344
-0.5306,-3.85084415823263
-0.5316000000000001,-3.8593324260318203
-0.5326,-3.86782069383101
-0.5336000000000001,-3.8763089616302007
-0.5346,-3.884797229429391
-0.5356000000000001,-3.8918707859287163
-0.5366,-3.901773765027771
-0.5376000000000001,-3.910262032826961
-0.5386,-3.918750300626152
-0.5396000000000001,-3.927238568425342
-0.5406,-3.935726836224532
-0.5416000000000001,-3.944215104023722
-0.5426,-3.9541180831227782
-0.5436000000000001,-3.9640210622218324
-0.5446,-3.9725093300210226
-0.5456000000000001,-3.982412309120079
-0.5466,-3.992315288219133
-0.5476000000000001,-4.002218267318188
-0.5486,-4.013535957717109
-0.5496000000000001,-4.023438936816164
-0.5506,-4.033341915915219
-0.5516000000000001,-4.0446596063141405
-0.5526,-4.054562585413195
-0.5536000000000001,-4.065880275812115
-0.5546,-4.077197966211036
-0.5556000000000001,-4.08710094531009
-0.5566,-4.098418635709011
-0.5576000000000001,-4.111151037407797
-0.5586,-4.122468727806717
-0.5596000000000001,-4.133786418205637
-0.5606,-4.146518819904423
-0.5616000000000001,-4.159251221603208
-0.5626,-4.170568912002128
-0.5636000000000001,-4.1833013137009125
-0.5646,-4.1960337153996985
-0.5656000000000001,-4.2087661170984845
-0.5666,-4.22149851879727
-0.5676000000000001,-4.234230920496055
-0.5686,-4.2483780334947046
-0.5696000000000001,-4.2611104351934905
-0.5706,-4.27525754819214
-0.5716000000000001,-4.289404661190791
-0.5726,-4.303551774189442
-0.5736000000000001,-4.317698887188092
-0.5746,-4.331846000186743
-0.5756000000000001,-4.347407824485257
-0.5766,-4.361554937483908
-0.5776000000000001,-4.377116761782423
-0.5786,-4.391263874781075
-0.5796000000000001,-4.406825699079589
-0.5806,-4.420972812078239
-0.5816000000000001,-4.436534636376755
-0.5826,-4.453511171975136
-0.5836000000000001,-4.469072996273651
-0.5846,-4.4846348205721664
-0.5856000000000001,-4.501611356170546
-0.5866,-4.5171731804690625
-0.5876000000000001,-4.534149716067443
-0.5886,-4.551126251665823
-0.5896000000000001,-4.568102787264204
-0.5906,-4.585079322862584
-0.5916000000000001,-4.6020558584609645
-0.5926,-4.62044710535921
-0.5936000000000001,-4.63742364095759
-0.5946,-4.655814887855835
-0.5956000000000001,-4.672791423454216
-0.5966,-4.691182670352461
-0.5975999999999999,-4.709573917250707
-0.5986,-4.727965164148953
-0.5995999999999999,-4.7463564110471985
-0.6006,-4.764747657945444
-0.6015999999999999,-4.784553616143554
-0.6026,-4.804359574341665
-0.6035999999999999,-4.82275082123991
-0.6046,-4.842556779438021
-0.6055999999999999,-4.860948026336266
-0.6066,-4.880753984534377
-0.6075999999999999,-4.901974654032353
-0.6086,-4.921780612230462
-0.6095999999999999,-4.940171859128707
-0.6106,-4.961392528626684
-0.6115999999999999,-4.981198486824794
-0.6126,-5.002419156322769
-0.6135999999999999,-5.02505453712061
-0.6146,-5.046275206618586
-0.6155999999999999,-5.067495876116562
-0.6166,-5.087301834314672
-0.6175999999999999,-5.108522503812647
-0.6186,-5.129743173310623
-0.6195999999999999,-5.150963842808599
-0.6206,-5.172184512306574
-0.6215999999999999,-5.1934051818045495
-0.6226,-5.216040562602391
-0.6235999999999999,-5.2386759434002315
-0.6246,-5.261311324198071
-0.6255999999999999,-5.282531993696048
-0.6266,-5.306582085793753
-0.6275999999999999,-5.329217466591594
-0.6286,-5.351852847389433
-0.6295999999999999,-5.374488228187275
-0.6306,-5.397123608985115
-0.6315999999999999,-5.419758989782956
-0.6326,-5.443809081880661
-0.6335999999999999,-5.467859173978367
-0.6346,-5.491909266076072
-0.6355999999999999,-5.5145446468739125
-0.6366,-5.538594738971618
-0.6376,-5.561230119769459
-0.6386000000000001,-5.5866949231670295
-0.6396,-5.610745015264735
-0.6406000000000001,-5.634795107362441
-0.6416,-5.658845199460147
-0.6426000000000001,-5.684310002857718
-0.6436,-5.708360094955423
-0.6446000000000001,-5.732410187053128
-0.6456,-5.757874990450699
-0.6466000000000001,-5.781925082548405
-0.6476,-5.807389885945976
-0.6486000000000001,-5.832854689343546
-0.6496,-5.858319492741117
-0.6506000000000001,-5.882369584838822
-0.6516,-5.9078343882363935
-0.6526000000000001,-5.9347139029338285
-0.6536,-5.9601787063314
-0.6546000000000001,-5.98564350972897
-0.6556,-6.011108313126541
-0.6566000000000001,-6.036573116524112
-0.6576,-6.062037919921682
-0.6586000000000001,-6.088917434619118
-0.6596,-6.115796949316553
-0.6606000000000001,-6.141261752714124
-0.6616,-6.166726556111695
-0.6626000000000001,-6.193606070809131
-0.6636,-6.220485585506567
-0.6646000000000001,-6.247365100204002
-0.6656,-6.274244614901438
-0.6666000000000001,-6.301124129598874
-0.6676,-6.328003644296309
-0.6686000000000001,-6.3548831589937445
-0.6696,-6.381762673691181
-0.6706000000000001,-6.408642188388616
-0.6716,-6.435521703086052
-0.6726000000000001,-6.463815929083352
-0.6736,-6.492110155080653
-0.6746000000000001,-6.518989669778089
-0.6756,-6.54728389577539
-0.6766000000000001,-6.574163410472826
-0.6776,-6.603872347769991
-0.6786000000000001,-6.632166573767292
-0.6796,-6.660460799764593
-0.6806000000000001,-6.6887550257618935
-0.6816,-6.718463963059059
-0.6826000000000001,-6.74675818905636
-0.6836,-6.775052415053661
-0.6846000000000001,-6.803346641050961
-0.6856,-6.833055578348127
-0.6866000000000001,-6.861349804345428
-0.6876,-6.891058741642594
-0.6886000000000001,-6.920767678939759
-0.6896,-6.950476616236925
-0.6906000000000001,-6.980185553534091
-0.6916,-7.009894490831256
-0.6926000000000001,-7.039603428128422
-0.6936,-7.069312365425588
-0.6946000000000001,-7.099021302722755
-0.6956,-7.12873024001992
-0.6966000000000001,-7.159853888616951
-0.6976,-7.190977537213982
-0.6986000000000001,-7.220686474511147
-0.6996,-7.251810123108179
-0.7006000000000001,-7.281519060405343
-0.7016,-7.31405742030224
-0.7026000000000001,-7.345181068899271
-0.7036,-7.376304717496302
-0.7046000000000001,-7.407428366093333
-0.7056,-7.438552014690363
-0.7066000000000001,-7.471090374587258
-0.7076,-7.50221402318429
-0.7086000000000001,-7.5347523830811864
-0.7096,-7.567290742978082
-0.7106000000000001,-7.598414391575112
-0.7116,-7.630952751472008
-0.7126000000000001,-7.66490582266877
-0.7136,-7.697444182565665
-0.7146000000000001,-7.729982542462561
-0.7156,-7.763935613659322
-0.7166000000000001,-7.796473973556218
-0.7176,-7.830427044752977
-0.7186000000000001,-7.864380115949738
-0.7196,-7.896918475846635
-0.7206000000000001,-7.930871547043396
-0.7216,-7.964824618240158
-0.7225999999999999,-7.998777689436918
-0.7236,-8.03273076063368
-0.7245999999999999,-8.066683831830439
-0.7256,-8.102051614327065
-0.7265999999999999,-8.13741939682369
-0.7276,-8.172787179320316
-0.7285999999999999,-8.208154961816943
-0.7296,-8.242108033013702
-0.7305999999999999,-8.277475815510329
-0.7316,-8.312843598006955
-0.7325999999999999,-8.348211380503582
-0.7336,-8.383579163000208
-0.7345999999999999,-8.418946945496833
-0.7356,-8.455729439293325
-0.7365999999999999,-8.491097221789948
-0.7376,-8.52787971558644
-0.7385999999999999,-8.564662209382933
-0.7396,-8.601444703179425
-0.7405999999999999,-8.638227196975913
-0.7416,-8.67642440207227
-0.7425999999999999,-8.71320689586876
-0.7436,-8.751404100965116
-0.7445999999999999,-8.789601306061472
-0.7456,-8.826383799857965
-0.7465999999999999,-8.864581004954319
-0.7476,-8.902778210050675
-0.7485999999999999,-8.942390126446897
-0.7496,-8.980587331543253
-0.7505999999999999,-9.01878453663961
-0.7516,-9.056981741735965
-0.7525999999999999,-9.096593658132186
-0.7536,-9.136205574528407
-0.7545999999999999,-9.175817490924628
-0.7556,-9.21542940732085
-0.7565999999999999,-9.25504132371707
-0.7576,-9.296067951413157
-0.7585999999999999,-9.335679867809377
-0.7596,-9.376706495505463
-0.7605999999999999,-9.417733123201549
-0.7616,-9.4601744621975
-0.7626,-9.502615801193452
-0.7636000000000001,-9.543642428889537
-0.7646,-9.584669056585623
-0.7656000000000001,-9.625695684281709
-0.7666,-9.66813702327766
-0.7676000000000001,-9.710578362273612
-0.7686,-9.753019701269562
-0.7696000000000001,-9.795461040265515
-0.7706,-9.837902379261465
-0.7716000000000001,-9.881758429557282
-0.7726,-9.925614479853097
-0.7736000000000001,-9.969470530148914
-0.7746,-10.011911869144866
-0.7756000000000001,-10.055767919440681
-0.7766,-10.101038681036362
-0.7776000000000001,-10.144894731332178
-0.7786,-10.190165492927859
-0.7796000000000001,-10.23543625452354
-0.7806,-10.280707016119223
-0.7816000000000001,-10.327392489014768
-0.7826,-10.374077961910315
-0.7836000000000001,-10.419348723505994
-0.7846,-10.46603419640154
-0.7856000000000001,-10.511304957997222
-0.7866,-10.557990430892769
-0.7876000000000001,-10.604675903788314
-0.7886,-10.652776087983725
-0.7896000000000001,-10.700876272179137
-0.7906,-10.74897645637455
-0.7916000000000001,-10.79707664056996
-0.7926,-10.846591536065237
-0.7936000000000001,-10.893277008960782
-0.7946,-10.942791904456058
-0.7956000000000001,-10.99089208865147
-0.7966,-11.040406984146745
-0.7976000000000001,-11.089921879642024
-0.7986,-11.139436775137298
-0.7996000000000001,-11.188951670632575
-0.8006,-11.239881277427717
-0.8016000000000001,-11.290810884222859
-0.8026,-11.341740491018
-0.8036000000000001,-11.39267009781314
-0.8046,-11.443599704608282
-0.8056000000000001,-11.494529311403422
-0.8066,-11.545458918198566
-0.8076000000000001,-11.59780323629357
-0.8086,-11.650147554388578
-0.8096000000000001,-11.702491872483584
-0.8106,-11.754836190578589
-0.8116000000000001,-11.807180508673596
-0.8126,-11.859524826768602
-0.8136000000000001,-11.911869144863608
-0.8146,-11.96562817425848
-0.8156000000000001,-12.017972492353486
-0.8166,-12.071731521748358
-0.8176000000000001,-12.12549055114323
-0.8186,-12.1792495805381
-0.8196000000000001,-12.231593898633106
-0.8206,-12.285352928027978
-0.8216000000000001,-12.340526668722715
-0.8226,-12.394285698117587
-0.8236000000000001,-12.452288861412054
-0.8246,-12.506047890806924
-0.8256000000000001,-12.561221631501661
-0.8266,-12.617810083496263
-0.8276000000000001,-12.672983824190998
-0.8286,-12.7295722761856
-0.8296000000000001,-12.786160728180201
-0.8306,-12.842749180174803
-0.8316000000000001,-12.90075234346927
-0.8326,-12.958755506763735
-0.8336000000000001,-13.016758670058202
-0.8346,-13.07476183335267
-0.8356000000000001,-13.132764996647134
-0.8366,-13.193597582541333
-0.8376000000000001,-13.253015457135664
-0.8386,-13.312433331729995
-0.8396000000000001,-13.371851206324326
-0.8406,-13.432683792218524
-0.8416000000000001,-13.492101666812855
-0.8426,-13.554348964006916
-0.8436000000000001,-13.615181549901113
-0.8446,-13.67601413579531
-0.8456000000000001,-13.736846721689506
-0.8466,-13.796264596283837
-0.8475999999999999,-13.858511893477898
-0.8486,-13.922173901971824
-0.8495999999999999,-13.983006487866021
-0.8506,-14.045253785060085
-0.8515999999999999,-14.110330504853877
-0.8526,-14.175407224647667
-0.8535999999999999,-14.24614278964092
-0.8546,-14.288584128636872
-0.8555999999999999,-14.30273124163552
-0.8566,-14.30273124163552
-0.8575999999999999,-14.30273124163552
-0.8586,-14.30273124163552
-0.8595999999999999,-14.30273124163552
-0.8606,-14.30273124163552
-0.8615999999999999,-14.30273124163552
-0.8626,-14.30273124163552
-0.8635999999999999,-14.30273124163552
-0.8646,-14.30273124163552
-0.8655999999999999,-14.30273124163552
-0.8666,-14.30273124163552
-0.8675999999999999,-14.30273124163552
-0.8686,-14.30273124163552
-0.8695999999999999,-14.30273124163552
-0.8706,-14.30273124163552
-0.8715999999999999,-14.30273124163552
-0.8726,-14.30273124163552
-0.8735999999999999,-14.30273124163552
-0.8746,-14.30273124163552
-0.8755999999999999,-14.30273124163552
-0.8766,-14.30273124163552
-0.8775999999999999,-14.30273124163552
-0.8786,-14.30273124163552
-0.8795999999999999,-14.30273124163552
-0.8806,-14.30273124163552
-0.8815999999999999,-14.30273124163552
-0.8826,-14.30273124163552
-0.8835999999999999,-14.30273124163552
-0.8846,-14.30273124163552
-0.8855999999999999,-14.30273124163552
-0.8866,-14.30273124163552
-0.8876,-14.30273124163552
-0.8886000000000001,-14.30273124163552
-0.8896,-14.30273124163552
-0.8906000000000001,-14.30273124163552
-0.8916,-14.30273124163552
-0.8926000000000001,-14.30273124163552
-0.8936,-14.30273124163552
-0.8946000000000001,-14.30273124163552
-0.8956,-14.30273124163552
-0.8966000000000001,-14.30273124163552
-0.8976,-14.30273124163552
-0.8986000000000001,-14.30273124163552
-0.8996,-14.30273124163552
-0.9006000000000001,-14.30273124163552
-0.9016,-14.30273124163552
-0.9026000000000001,-14.30273124163552
-0.9036,-14.30273124163552
-0.9046000000000001,-14.30273124163552
-0.9056,-14.30273124163552
-0.9066000000000001,-14.30273124163552
-0.9076,-14.30273124163552
-0.9086000000000001,-14.30273124163552
-0.9096,-14.30273124163552
-0.9106000000000001,-14.30273124163552
-0.9116,-14.30273124163552
-0.9126000000000001,-14.30273124163552
-0.9136,-14.30273124163552
-0.9146000000000001,-14.30273124163552
-0.9156,-14.30273124163552
-0.9166000000000001,-14.30273124163552
-0.9176,-14.30273124163552
-0.9186000000000001,-14.30273124163552
-0.9196,-14.30273124163552
-0.9206000000000001,-14.30273124163552
-0.9216,-14.30273124163552
-0.9226000000000001,-14.30273124163552
-0.9236,-14.30273124163552
-0.9246000000000001,-14.30273124163552
-0.9256,-14.30273124163552
-0.9266000000000001,-14.30273124163552
-0.9276,-14.30273124163552
-0.9286000000000001,-14.30273124163552
-0.9296,-14.30273124163552
-0.9306000000000001,-14.30273124163552
-0.9316,-14.30273124163552
-0.9326000000000001,-14.30273124163552
-0.9336,-14.30273124163552
-0.9346000000000001,-14.30273124163552
-0.9356,-14.30273124163552
-0.9366000000000001,-14.30273124163552
-0.9376,-14.30273124163552
-0.9386000000000001,-14.30273124163552
-0.9396,-14.30273124163552
-0.9406000000000001,-14.30273124163552
-0.9416,-14.30273124163552
-0.9426000000000001,-14.30273124163552
-0.9436,-14.30273124163552
-0.9446000000000001,-14.30273124163552
-0.9456,-14.30273124163552
-0.9466000000000001,-14.30273124163552
-0.9476,-14.30273124163552
-0.9486000000000001,-14.30273124163552
-0.9496,-14.30273124163552
-0.9506000000000001,-14.30273124163552
-0.9516,-14.30273124163552
-0.9526000000000001,-14.30273124163552
-0.9536,-14.30273124163552
-0.9546000000000001,-14.30273124163552
-0.9556,-14.30273124163552
-0.9566000000000001,-14.30273124163552
-0.9576,-14.30273124163552
-0.9586000000000001,-14.30273124163552
-0.9596,-14.30273124163552
-0.9606000000000001,-14.30273124163552
-0.9616,-14.30273124163552
-0.9626000000000001,-14.30273124163552
-0.9636,-14.30273124163552
-0.9646000000000001,-14.30273124163552
-0.9656,-14.30273124163552
-0.9666000000000001,-14.30273124163552
-0.9676,-14.30273124163552
-0.9686000000000001,-14.30273124163552
-0.9696,-14.30273124163552
-0.9706000000000001,-14.30273124163552
-0.9716,-14.30273124163552
-0.9725999999999999,-14.30273124163552
-0.9736,-14.30273124163552
-0.9745999999999999,-14.30273124163552
-0.9756,-14.30273124163552
-0.9765999999999999,-14.30273124163552
-0.9776,-14.30273124163552
-0.9785999999999999,-14.30273124163552
-0.9796,-14.30273124163552
-0.9805999999999999,-14.30273124163552
-0.9816,-14.30273124163552
-0.9825999999999999,-14.30273124163552
-0.9836,-14.30273124163552
-0.9845999999999999,-14.30273124163552
-0.9856,-14.30273124163552
-0.9865999999999999,-14.30273124163552
-0.9876,-14.30273124163552
-0.9885999999999999,-14.30273124163552
-0.9896,-14.30273124163552
-0.9905999999999999,-14.30273124163552
-0.9916,-14.30273124163552
-0.9925999999999999,-14.30273124163552
-0.9936,-14.30273124163552
-0.9945999999999999,-14.30273124163552
-0.9956,-14.30273124163552
-0.9965999999999999,-14.30273124163552
-0.9976,-14.30273124163552
-0.9985999999999999,-14.30273124163552
-0.9996,-14.30273124163552
-1.0006,-14.30273124163552
-1.0016,-14.30273124163552
-1.0026,-14.30273124163552
-1.0036,-14.30273124163552
-1.0046,-14.30273124163552
-1.0056,-14.30273124163552
-1.0066,-14.30273124163552
-1.0076,-14.30273124163552
-1.0086,-14.30273124163552
-1.0096,-14.30273124163552
-1.0106,-14.30273124163552
-1.0116,-14.30273124163552
-1.0126,-14.30273124163552
-1.0136,-14.30273124163552
-1.0146,-14.30273124163552
-1.0156,-14.30273124163552
-1.0166,-14.30273124163552
-1.0176,-14.30273124163552
-1.0186,-14.30273124163552
-1.0196,-14.30273124163552
-1.0206,-14.30273124163552
-1.0216,-14.30273124163552
-1.0226,-14.30273124163552
-1.0236,-14.30273124163552
-1.0246,-14.30273124163552
-1.0256,-14.30273124163552
-1.0266,-14.30273124163552
-1.0276,-14.30273124163552
-1.0286,-14.30273124163552
-1.0296,-14.30273124163552
-1.0306,-14.30273124163552
-1.0316,-14.30273124163552
-1.0326,-14.30273124163552
-1.0336,-14.30273124163552
-1.0346,-14.30273124163552
-1.0356,-14.30273124163552
-1.0366,-14.30273124163552
-1.0376,-14.30273124163552
-1.0386,-14.30273124163552
-1.0396,-14.30273124163552
-1.0406,-14.30273124163552
-1.0416,-14.30273124163552
-1.0426,-14.30273124163552
-1.0436,-14.30273124163552
-1.0446,-14.30273124163552
-1.0456,-14.30273124163552
-1.0466,-14.30273124163552
-1.0476,-14.30273124163552
-1.0486,-14.30273124163552
-1.0496,-14.30273124163552
-1.0506,-14.30273124163552
-1.0516,-14.30273124163552
-1.0526,-14.30273124163552
-1.0536,-14.30273124163552
-1.0546,-14.30273124163552
-1.0556,-14.30273124163552
-1.0566,-14.30273124163552
-1.0576,-14.30273124163552
-1.0586,-14.30273124163552
-1.0596,-14.30273124163552
-1.0606,-14.30273124163552
-1.0616,-14.30273124163552
-1.0626,-14.30273124163552
-1.0636,-14.30273124163552
-1.0646,-14.30273124163552
-1.0656,-14.30273124163552
-1.0666,-14.30273124163552
-1.0676,-14.30273124163552
-1.0686,-14.30273124163552
-1.0696,-14.30273124163552
-1.0706,-14.30273124163552
-1.0716,-14.30273124163552
-1.0726,-14.30273124163552
-1.0736,-14.30273124163552
-1.0746,-14.30273124163552
-1.0756000000000001,-14.30273124163552
-1.0766,-14.30273124163552
-1.0776000000000001,-14.30273124163552
-1.0786,-14.30273124163552
-1.0796000000000001,-14.30273124163552
-1.0806,-14.30273124163552
-1.0816000000000001,-14.30273124163552
-1.0826,-14.30273124163552
-1.0836000000000001,-14.30273124163552
-1.0846,-14.30273124163552
-1.0856000000000001,-14.30273124163552
-1.0866,-14.30273124163552
-1.0876000000000001,-14.30273124163552
-1.0886,-14.30273124163552
-1.0896000000000001,-14.30273124163552
-1.0906,-14.30273124163552
-1.0916000000000001,-14.30273124163552
-1.0926,-14.30273124163552
-1.0936000000000001,-14.30273124163552
-1.0946,-14.30273124163552
-1.0956000000000001,-14.30273124163552
-1.0966,-14.30273124163552
-1.0976,-14.30273124163552
-1.0986,-14.30273124163552
-1.0996,-14.30273124163552
-1.1006,-14.30273124163552
-1.1016,-14.30273124163552
-1.1026,-14.30273124163552
-1.1036,-14.30273124163552
-1.1046,-14.30273124163552
-1.1056,-14.30273124163552
-1.1066,-14.30273124163552
-1.1076,-14.30273124163552
-1.1086,-14.30273124163552
-1.1096,-14.30273124163552
-1.1106,-14.30273124163552
-1.1116,-14.30273124163552
-1.1126,-14.30273124163552
-1.1136,-14.30273124163552
-1.1146,-14.30273124163552
-1.1156,-14.30273124163552
-1.1166,-14.30273124163552
-1.1176,-14.30273124163552
-1.1186,-14.30273124163552
-1.1196,-14.30273124163552
-1.1206,-14.30273124163552
-1.1216,-14.30273124163552
-1.1226,-14.30273124163552
-1.1236,-14.30273124163552
-1.1246,-14.30273124163552
-1.1256,-14.30273124163552
-1.1266,-14.30273124163552
-1.1276,-14.30273124163552
-1.1286,-14.30273124163552
-1.1296,-14.30273124163552
-1.1306,-14.30273124163552
-1.1316,-14.30273124163552
-1.1326,-14.30273124163552
-1.1336,-14.30273124163552
-1.1346,-14.30273124163552
-1.1356,-14.30273124163552
-1.1366,-14.30273124163552
-1.1376,-14.30273124163552
-1.1386,-14.30273124163552
-1.1396,-14.30273124163552
-1.1406,-14.30273124163552
-1.1416,-14.30273124163552
-1.1426,-14.30273124163552
-1.1436,-14.30273124163552
-1.1446,-14.30273124163552
-1.1456,-14.30273124163552
-1.1466,-14.30273124163552
-1.1476,-14.30273124163552
-1.1486,-14.30273124163552
-1.1496,-14.30273124163552
-1.1506,-14.30273124163552
-1.1516,-14.30273124163552
-1.1526,-14.30273124163552
-1.1536,-14.30273124163552
-1.1546,-14.30273124163552
-1.1556,-14.30273124163552
-1.1566,-14.30273124163552
-1.1576,-14.30273124163552
-1.1586,-14.30273124163552
-1.1596,-14.30273124163552
-1.1606,-14.30273124163552
-1.1616,-14.30273124163552
-1.1626,-14.30273124163552
-1.1636,-14.30273124163552
-1.1646,-14.30273124163552
-1.1656,-14.30273124163552
-1.1666,-14.30273124163552
-1.1676,-14.30273124163552
-1.1686,-14.30273124163552
-1.1696,-14.30273124163552
-1.1706,-14.30273124163552
-1.1716,-14.30273124163552
-1.1726,-14.30273124163552
-1.1736,-14.30273124163552
-1.1746,-14.30273124163552
-1.1756,-14.30273124163552
-1.1766,-14.30273124163552
-1.1776,-14.30273124163552
-1.1786,-14.30273124163552
-1.1796,-14.30273124163552
-1.1806,-14.30273124163552
-1.1816,-14.30273124163552
-1.1826,-14.30273124163552
-1.1836,-14.30273124163552
-1.1846,-14.30273124163552
-1.1856,-14.30273124163552
-1.1866,-14.30273124163552
-1.1876,-14.30273124163552
-1.1886,-14.30273124163552
-1.1896,-14.30273124163552
-1.1906,-14.30273124163552
-1.1916,-14.30273124163552
-1.1926,-14.30273124163552
-1.1936,-14.30273124163552
-1.1946,-14.30273124163552
-1.1956,-14.30273124163552
-1.1966,-14.30273124163552
-1.1976,-14.30273124163552
-1.1986,-14.30273124163552
-1.1996,-14.30273124163552
-1.2006000000000001,-14.30273124163552
-1.2016,-14.30273124163552
-1.2026000000000001,-14.30273124163552
-1.2036,-14.30273124163552
-1.2046000000000001,-14.30273124163552
-1.2056,-14.30273124163552
-1.2066000000000001,-14.30273124163552
-1.2076,-14.30273124163552
-1.2086000000000001,-14.30273124163552
-1.2096,-14.30273124163552
-1.2106000000000001,-14.30273124163552
-1.2116,-14.30273124163552
-1.2126000000000001,-14.30273124163552
-1.2136,-14.30273124163552
-1.2146000000000001,-14.30273124163552
-1.2156,-14.30273124163552
-1.2166000000000001,-14.30273124163552
-1.2176,-14.30273124163552
-1.2186000000000001,-14.30273124163552
-1.2196,-14.30273124163552
-1.2206000000000001,-14.30273124163552
-1.2216,-14.30273124163552
-1.2226,-14.30273124163552
-1.2236,-14.30273124163552
-1.2246,-14.30273124163552
-1.2256,-14.30273124163552
-1.2266,-14.30273124163552
-1.2276,-14.30273124163552
-1.2286,-14.30273124163552
-1.2296,-14.30273124163552
-1.2306,-14.30273124163552
-1.2316,-14.30273124163552
-1.2326,-14.30273124163552
-1.2336,-14.30273124163552
-1.2346,-14.30273124163552
-1.2356,-14.30273124163552
-1.2366,-14.30273124163552
-1.2376,-14.30273124163552
-1.2386,-14.30273124163552
-1.2396,-14.30273124163552
-1.2406,-14.30273124163552
-1.2416,-14.30273124163552
-1.2426,-14.30273124163552
-1.2436,-14.30273124163552
-1.2446,-14.30273124163552
-1.2456,-14.30273124163552
-1.2466,-14.30273124163552
-1.2476,-14.30273124163552
-1.2486,-14.30273124163552
-1.2496,-14.30273124163552
-1.2506,-14.30273124163552
-1.2516,-14.30273124163552
-1.2526,-14.30273124163552
-1.2536,-14.30273124163552
-1.2546,-14.30273124163552
-1.2556,-14.30273124163552
-1.2566,-14.30273124163552
-1.2576,-14.30273124163552
-1.2586,-14.30273124163552
-1.2596,-14.30273124163552
-1.2606,-14.30273124163552
-1.2616,-14.30273124163552
-1.2626,-14.30273124163552
-1.2636,-14.30273124163552
-1.2646,-14.30273124163552
-1.2656,-14.30273124163552
-1.2666,-14.30273124163552
-1.2676,-14.30273124163552
-1.2686,-14.30273124163552
-1.2696,-14.30273124163552
-1.2706,-14.30273124163552
-1.2716,-14.30273124163552
-1.2726,-14.30273124163552
-1.2736,-14.30273124163552
-1.2746,-14.30273124163552
-1.2756,-14.30273124163552
-1.2766,-14.30273124163552
-1.2776,-14.30273124163552
-1.2786,-14.30273124163552
-1.2796,-14.30273124163552
-1.2806,-14.30273124163552
-1.2816,-14.30273124163552
-1.2826,-14.30273124163552
-1.2836,-14.30273124163552
-1.2846,-14.30273124163552
-1.2856,-14.30273124163552
-1.2866,-14.30273124163552
-1.2876,-14.30273124163552
-1.2886,-14.30273124163552
-1.2896,-14.30273124163552
-1.2906,-14.30273124163552
-1.2916,-14.30273124163552
-1.2926,-14.30273124163552
-1.2936,-14.30273124163552
-1.2946,-14.30273124163552
-1.2956,-14.30273124163552
-1.2966,-14.30273124163552
-1.2976,-14.30273124163552
-1.2986,-14.30273124163552
-1.2996,-14.30273124163552
-1.3006,-14.30273124163552
-1.3016,-14.30273124163552
-1.3026,-14.30273124163552
-1.3036,-14.30273124163552
-1.3046,-14.30273124163552
-1.3056,-14.30273124163552
-1.3066,-14.30273124163552
-1.3076,-14.30273124163552
-1.3086,-14.30273124163552
-1.3096,-14.30273124163552
-1.3106,-14.30273124163552
-1.3116,-14.30273124163552
-1.3126,-14.30273124163552
-1.3136,-14.30273124163552
-1.3146,-14.30273124163552
-1.3156,-14.30273124163552
-1.3166,-14.30273124163552
-1.3176,-14.30273124163552
-1.3186,-14.30273124163552
-1.3196,-14.30273124163552
-1.3206,-14.30273124163552
-1.3216,-14.30273124163552
-1.3226,-14.30273124163552
-1.3236,-14.30273124163552
-1.3246,-14.30273124163552
-1.3256000000000001,-14.30273124163552
-1.3266,-14.30273124163552
-1.3276000000000001,-14.30273124163552
-1.3286,-14.30273124163552
-1.3296000000000001,-14.30273124163552
-1.3306,-14.30273124163552
-1.3316000000000001,-14.30273124163552
-1.3326,-14.30273124163552
-1.3336000000000001,-14.30273124163552
-1.3346,-14.30273124163552
-1.3356000000000001,-14.30273124163552
-1.3366,-14.30273124163552
-1.3376000000000001,-14.30273124163552
-1.3386,-14.30273124163552
-1.3396000000000001,-14.30273124163552
-1.3406,-14.30273124163552
-1.3416000000000001,-14.30273124163552
-1.3426,-14.30273124163552
-1.3436000000000001,-14.30273124163552
-1.3446,-14.30273124163552
-1.3456000000000001,-14.30273124163552
-1.3466,-14.30273124163552
-1.3476,-14.30273124163552
-1.3485999999999998,-14.30273124163552
-1.3496000000000001,-14.30273124163552
-1.3506,-14.30273124163552
-1.3516,-14.30273124163552
-1.3525999999999998,-14.30273124163552
-1.3536000000000001,-14.30273124163552
-1.3546,-14.30273124163552
-1.3556,-14.30273124163552
-1.3565999999999998,-14.30273124163552
-1.3576000000000001,-14.30273124163552
-1.3586,-14.30273124163552
-1.3596,-14.30273124163552
-1.3605999999999998,-14.30273124163552
-1.3616000000000001,-14.30273124163552
-1.3626,-14.30273124163552
-1.3636,-14.30273124163552
-1.3645999999999998,-14.30273124163552
-1.3656000000000001,-14.30273124163552
-1.3666,-14.30273124163552
-1.3676,-14.30273124163552
-1.3685999999999998,-14.30273124163552
-1.3696000000000002,-14.30273124163552
-1.3706,-14.30273124163552
-1.3716,-14.30273124163552
-1.3725999999999998,-14.30273124163552
-1.3736000000000002,-14.30273124163552
-1.3746,-14.30273124163552
-1.3756,-14.30273124163552
-1.3765999999999998,-14.30273124163552
-1.3776000000000002,-14.30273124163552
-1.3786,-14.30273124163552
-1.3796,-14.30273124163552
-1.3805999999999998,-14.30273124163552
-1.3816000000000002,-14.30273124163552
-1.3826,-14.30273124163552
-1.3836,-14.30273124163552
-1.3845999999999998,-14.30273124163552
-1.3856000000000002,-14.30273124163552
-1.3866,-14.30273124163552
-1.3876,-14.30273124163552
-1.3885999999999998,-14.30273124163552
-1.3896000000000002,-14.30273124163552
-1.3906,-14.30273124163552
-1.3916,-14.30273124163552
-1.3925999999999998,-14.30273124163552
-1.3936000000000002,-14.30273124163552
-1.3946,-14.30273124163552
-1.3956,-14.30273124163552
-1.3965999999999998,-14.30273124163552
-1.3976000000000002,-14.30273124163552
-1.3986,-14.30273124163552
-1.3996,-14.30273124163552
-1.4005999999999998,-14.30273124163552
-1.4016000000000002,-14.30273124163552
-1.4026,-14.30273124163552
-1.4036,-14.30273124163552
-1.4045999999999998,-14.30273124163552
-1.4056000000000002,-14.30273124163552
-1.4066,-14.30273124163552
-1.4076,-14.30273124163552
-1.4085999999999999,-14.30273124163552
-1.4096000000000002,-14.30273124163552
-1.4106,-14.30273124163552
-1.4116,-14.30273124163552
-1.4125999999999999,-14.30273124163552
-1.4136000000000002,-14.30273124163552
-1.4146,-14.30273124163552
-1.4156,-14.30273124163552
-1.4165999999999999,-14.30273124163552
-1.4176000000000002,-14.30273124163552
-1.4186,-14.30273124163552
-1.4196,-14.30273124163552
-1.4205999999999999,-14.30273124163552
-1.4216000000000002,-14.30273124163552
-1.4226,-14.30273124163552
-1.4236,-14.30273124163552
-1.4245999999999999,-14.30273124163552
-1.4256000000000002,-14.30273124163552
-1.4266,-14.30273124163552
-1.4276,-14.30273124163552
-1.4285999999999999,-14.30273124163552
-1.4296000000000002,-14.30273124163552
-1.4306,-14.30273124163552
-1.4316,-14.30273124163552
-1.4325999999999999,-14.30273124163552
-1.4336000000000002,-14.30273124163552
-1.4346,-14.30273124163552
-1.4356,-14.30273124163552
-1.4365999999999999,-14.30273124163552
-1.4376000000000002,-14.30273124163552
-1.4386,-14.30273124163552
-1.4396,-14.30273124163552
-1.4405999999999999,-14.30273124163552
-1.4416000000000002,-14.30273124163552
-1.4426,-14.30273124163552
-1.4436,-14.30273124163552
-1.4445999999999999,-14.30273124163552
-1.4456000000000002,-14.30273124163552
-1.4466,-14.30273124163552
-1.4476,-14.30273124163552
-1.4485999999999999,-14.30273124163552
-1.4496000000000002,-14.30273124163552
-1.4506000000000001,-14.30273124163552
-1.4516,-14.30273124163552
-1.4526,-14.30273124163552
-1.4536000000000002,-14.30273124163552
-1.4546000000000001,-14.30273124163552
-1.4556,-14.30273124163552
-1.4566,-14.30273124163552
-1.4576000000000002,-14.30273124163552
-1.4586000000000001,-14.30273124163552
-1.4596,-14.30273124163552
-1.4606,-14.30273124163552
-1.4616000000000002,-14.30273124163552
-1.4626000000000001,-14.30273124163552
-1.4636,-14.30273124163552
-1.4646,-14.30273124163552
-1.4656000000000002,-14.30273124163552
-1.4666000000000001,-14.30273124163552
-1.4676,-14.30273124163552
-1.4686,-14.30273124163552
-1.4696000000000002,-14.30273124163552
-1.4706000000000001,-14.30273124163552
-1.4716,-14.30273124163552
-1.4726,-14.30273124163552
-1.4735999999999998,-14.30273124163552
-1.4746000000000001,-14.30273124163552
-1.4756,-14.30273124163552
-1.4766,-14.30273124163552
-1.4775999999999998,-14.30273124163552
-1.4786000000000001,-14.30273124163552
-1.4796,-14.30273124163552
-1.4806,-14.30273124163552
-1.4815999999999998,-14.30273124163552
-1.4826000000000001,-14.30273124163552
-1.4836,-14.30273124163552
-1.4846,-14.30273124163552
-1.4855999999999998,-14.30273124163552
-1.4866000000000001,-14.30273124163552
-1.4876,-14.30273124163552
-1.4886,-14.30273124163552
-1.4895999999999998,-14.30273124163552
-1.4906000000000001,-14.30273124163552
-1.4916,-14.30273124163552
-1.4926,-14.30273124163552
-1.4935999999999998,-14.30273124163552
-1.4946000000000002,-14.30273124163552
-1.4956,-14.30273124163552
-1.4966,-14.30273124163552
-1.4975999999999998,-14.30273124163552
-1.4986000000000002,-14.30273124163552
-1.4996,-14.30273124163552
-1.5006,-14.30273124163552
-1.5015999999999998,-14.30273124163552
-1.5026000000000002,-14.30273124163552
-1.5036,-14.30273124163552
-1.5046,-14.30273124163552
-1.5055999999999998,-14.30273124163552
-1.5066000000000002,-14.30273124163552
-1.5076,-14.30273124163552
-1.5086,-14.30273124163552
-1.5095999999999998,-14.30273124163552
-1.5106000000000002,-14.30273124163552
-1.5116,-14.30273124163552
-1.5126,-14.30273124163552
-1.5135999999999998,-14.30273124163552
-1.5146000000000002,-14.30273124163552
-1.5156,-14.30273124163552
-1.5166,-14.30273124163552
-1.5175999999999998,-14.30273124163552
-1.5186000000000002,-14.30273124163552
-1.5196,-14.30273124163552
-1.5206,-14.30273124163552
-1.5215999999999998,-14.30273124163552
-1.5226000000000002,-14.30273124163552
-1.5236,-14.30273124163552
-1.5246,-14.30273124163552
-1.5255999999999998,-14.30273124163552
-1.5266000000000002,-14.30273124163552
-1.5276,-14.30273124163552
-1.5286,-14.30273124163552
-1.5295999999999998,-14.30273124163552
-1.5306000000000002,-14.30273124163552
-1.5316,-14.30273124163552
-1.5326,-14.30273124163552
-1.5335999999999999,-14.30273124163552
-1.5346000000000002,-14.30273124163552
-1.5356,-14.30273124163552
-1.5366,-14.30273124163552
-1.5375999999999999,-14.30273124163552
-1.5386000000000002,-14.30273124163552
-1.5396,-14.30273124163552
-1.5406,-14.30273124163552
-1.5415999999999999,-14.30273124163552
-1.5426000000000002,-14.30273124163552
-1.5436,-14.30273124163552
-1.5446,-14.30273124163552
-1.5455999999999999,-14.30273124163552
-1.5466000000000002,-14.30273124163552
-1.5476,-14.30273124163552
-1.5486,-14.30273124163552
-1.5495999999999999,-14.30273124163552
-1.5506000000000002,-14.30273124163552
-1.5516,-14.30273124163552
-1.5526,-14.30273124163552
-1.5535999999999999,-14.30273124163552
-1.5546000000000002,-14.30273124163552
-1.5556,-14.30273124163552
-1.5566,-14.30273124163552
-1.5575999999999999,-14.30273124163552
-1.5586000000000002,-14.30273124163552
-1.5596,-14.30273124163552
-1.5606,-14.30273124163552
-1.5615999999999999,-14.30273124163552
-1.5626000000000002,-14.30273124163552
-1.5636,-14.30273124163552
-1.5646,-14.30273124163552
-1.5655999999999999,-14.30273124163552
-1.5666000000000002,-14.30273124163552
-1.5676,-14.30273124163552
-1.5686,-14.30273124163552
-1.5695999999999999,-14.30273124163552
-1.5706000000000002,-14.30273124163552
-1.5716,-14.30273124163552
-1.5726,-14.30273124163552
-1.5735999999999999,-14.30273124163552
-1.5746000000000002,-14.30273124163552
-1.5756000000000001,-14.30273124163552
-1.5766,-14.30273124163552
-1.5776,-14.30273124163552
-1.5786000000000002,-14.30273124163552
-1.5796000000000001,-14.30273124163552
-1.5806,-14.30273124163552
-1.5816,-14.30273124163552
-1.5826000000000002,-14.30273124163552
-1.5836000000000001,-14.30273124163552
-1.5846,-14.30273124163552
-1.5856,-14.30273124163552
-1.5866000000000002,-14.30273124163552
-1.5876000000000001,-14.30273124163552
-1.5886,-14.30273124163552
-1.5896,-14.30273124163552
-1.5906000000000002,-14.30273124163552
-1.5916000000000001,-14.30273124163552
-1.5926,-14.30273124163552
-1.5936,-14.30273124163552
-1.5946000000000002,-14.30273124163552
-1.5956000000000001,-14.30273124163552
-1.5966,-14.30273124163552
-1.5976,-14.30273124163552
-1.5985999999999998,-14.30273124163552
-1.5996000000000001,-14.30273124163552
-1.6006,-14.30273124163552
-1.6016,-14.30273124163552
-1.6025999999999998,-14.30273124163552
-1.6036000000000001,-14.30273124163552
-1.6046,-14.30273124163552
-1.6056,-14.30273124163552
-1.6065999999999998,-14.30273124163552
-1.6076000000000001,-14.30273124163552
-1.6086,-14.30273124163552
-1.6096,-14.30273124163552
-1.6105999999999998,-14.30273124163552
-1.6116000000000001,-14.30273124163552
-1.6126,-14.30273124163552
-1.6136,-14.30273124163552
-1.6145999999999998,-14.30273124163552
-1.6156000000000001,-14.30273124163552
-1.6166,-14.30273124163552
-1.6176,-14.30273124163552
-1.6185999999999998,-14.30273124163552
-1.6196000000000002,-14.30273124163552
-1.6206,-14.30273124163552
-1.6216,-14.30273124163552
-1.6225999999999998,-14.30273124163552
-1.6236000000000002,-14.30273124163552
-1.6246,-14.30273124163552
-1.6256,-14.30273124163552
-1.6265999999999998,-14.30273124163552
-1.6276000000000002,-14.30273124163552
-1.6286,-14.30273124163552
-1.6296,-14.30273124163552
-1.6305999999999998,-14.30273124163552
-1.6316000000000002,-14.30273124163552
-1.6326,-14.30273124163552
-1.6336,-14.30273124163552
-1.6345999999999998,-14.30273124163552
-1.6356000000000002,-14.30273124163552
-1.6366,-14.30273124163552
-1.6376,-14.30273124163552
-1.6385999999999998,-14.30273124163552
-1.6396000000000002,-14.30273124163552
-1.6406,-14.30273124163552
-1.6416,-14.30273124163552
-1.6425999999999998,-14.30273124163552
-1.6436000000000002,-14.30273124163552
-1.6446,-14.30273124163552
-1.6456,-14.30273124163552
