Mar. 14, 2025   01:28:59
Cyclic Voltammetry
File: c:/users/guazh/data/banditlqround7_x0exp891_r5/2025-03-03-exp888\exp888-2025-03-14t01_20_09-arkoh\exp888_cv_sr_900mvs_efin_-1400mv.bin
Data Source:  Experiment
Instrument Model:  CHI760E
Header: CV ran at 900 mVs
Note: 

Init E (V) = -1
High E (V) = -1
Low E (V) = -1.4
Final E (V) = -1
Init P/N = N
Scan Rate (V/s) = 0.9
Segment = 3
Sample Interval (V) = 0.001
Quiet Time (sec) = 2
Sensitivity (A/V) = 0.01
Comp R (ohm) = 2.8

Results:

Channel 1:
Segment 1:

Segment 2:

Segment 3:

Potential/V, Current/A

-1.000, 5.565e-5
-1.001, 1.851e-4
-1.002, 2.653e-4
-1.003, 3.177e-4
-1.004, 3.578e-4
-1.005, 3.855e-4
-1.006, 4.071e-4
-1.007, 4.225e-4
-1.008, 4.349e-4
-1.009, 4.441e-4
-1.010, 4.503e-4
-1.011, 4.534e-4
-1.012, 4.565e-4
-1.013, 4.595e-4
-1.014, 4.626e-4
-1.015, 4.657e-4
-1.016, 4.657e-4
-1.017, 4.688e-4
-1.018, 4.688e-4
-1.019, 4.688e-4
-1.020, 4.750e-4
-1.021, 4.750e-4
-1.022, 4.780e-4
-1.023, 4.780e-4
-1.024, 4.811e-4
-1.025, 4.811e-4
-1.026, 4.811e-4
-1.027, 4.811e-4
-1.028, 4.811e-4
-1.029, 4.811e-4
-1.030, 4.811e-4
-1.031, 4.811e-4
-1.032, 4.842e-4
-1.033, 4.842e-4
-1.034, 4.873e-4
-1.035, 4.873e-4
-1.036, 4.904e-4
-1.037, 4.904e-4
-1.038, 4.935e-4
-1.039, 4.935e-4
-1.040, 4.935e-4
-1.041, 4.935e-4
-1.042, 4.935e-4
-1.043, 4.935e-4
-1.044, 4.935e-4
-1.045, 4.935e-4
-1.046, 4.965e-4
-1.047, 4.965e-4
-1.048, 4.965e-4
-1.049, 4.996e-4
-1.050, 4.996e-4
-1.051, 5.027e-4
-1.052, 5.027e-4
-1.053, 5.058e-4
-1.054, 5.058e-4
-1.055, 5.058e-4
-1.056, 5.058e-4
-1.057, 5.058e-4
-1.058, 5.058e-4
-1.059, 5.089e-4
-1.060, 5.089e-4
-1.061, 5.089e-4
-1.062, 5.089e-4
-1.063, 5.089e-4
-1.064, 5.120e-4
-1.065, 5.150e-4
-1.066, 5.150e-4
-1.067, 5.181e-4
-1.068, 5.212e-4
-1.069, 5.212e-4
-1.070, 5.212e-4
-1.071, 5.243e-4
-1.072, 5.243e-4
-1.073, 5.243e-4
-1.074, 5.243e-4
-1.075, 5.243e-4
-1.076, 5.243e-4
-1.077, 5.243e-4
-1.078, 5.274e-4
-1.079, 5.305e-4
-1.080, 5.335e-4
-1.081, 5.366e-4
-1.082, 5.366e-4
-1.083, 5.397e-4
-1.084, 5.397e-4
-1.085, 5.397e-4
-1.086, 5.397e-4
-1.087, 5.428e-4
-1.088, 5.428e-4
-1.089, 5.428e-4
-1.090, 5.459e-4
-1.091, 5.459e-4
-1.092, 5.459e-4
-1.093, 5.489e-4
-1.094, 5.520e-4
-1.095, 5.520e-4
-1.096, 5.551e-4
-1.097, 5.582e-4
-1.098, 5.613e-4
-1.099, 5.613e-4
-1.100, 5.644e-4
-1.101, 5.644e-4
-1.102, 5.674e-4
-1.103, 5.674e-4
-1.104, 5.674e-4
-1.105, 5.705e-4
-1.106, 5.705e-4
-1.107, 5.736e-4
-1.108, 5.736e-4
-1.109, 5.767e-4
-1.110, 5.798e-4
-1.111, 5.798e-4
-1.112, 5.829e-4
-1.113, 5.859e-4
-1.114, 5.890e-4
-1.115, 5.890e-4
-1.116, 5.921e-4
-1.117, 5.921e-4
-1.118, 5.921e-4
-1.119, 5.952e-4
-1.120, 5.952e-4
-1.121, 5.983e-4
-1.122, 5.983e-4
-1.123, 6.014e-4
-1.124, 6.044e-4
-1.125, 6.075e-4
-1.126, 6.106e-4
-1.127, 6.137e-4
-1.128, 6.168e-4
-1.129, 6.168e-4
-1.130, 6.199e-4
-1.131, 6.199e-4
-1.132, 6.229e-4
-1.133, 6.229e-4
-1.134, 6.260e-4
-1.135, 6.260e-4
-1.136, 6.291e-4
-1.137, 6.291e-4
-1.138, 6.291e-4
-1.139, 6.353e-4
-1.140, 6.384e-4
-1.141, 6.384e-4
-1.142, 6.414e-4
-1.143, 6.476e-4
-1.144, 6.476e-4
-1.145, 6.507e-4
-1.146, 6.507e-4
-1.147, 6.507e-4
-1.148, 6.538e-4
-1.149, 6.538e-4
-1.150, 6.569e-4
-1.151, 6.599e-4
-1.152, 6.599e-4
-1.153, 6.630e-4
-1.154, 6.630e-4
-1.155, 6.692e-4
-1.156, 6.723e-4
-1.157, 6.754e-4
-1.158, 6.784e-4
-1.159, 6.784e-4
-1.160, 6.815e-4
-1.161, 6.846e-4
-1.162, 6.846e-4
-1.163, 6.846e-4
-1.164, 6.877e-4
-1.165, 6.908e-4
-1.166, 6.908e-4
-1.167, 6.939e-4
-1.168, 6.939e-4
-1.169, 7.000e-4
-1.170, 7.031e-4
-1.171, 7.031e-4
-1.172, 7.093e-4
-1.173, 7.124e-4
-1.174, 7.154e-4
-1.175, 7.154e-4
-1.176, 7.185e-4
-1.177, 7.216e-4
-1.178, 7.216e-4
-1.179, 7.247e-4
-1.180, 7.247e-4
-1.181, 7.278e-4
-1.182, 7.278e-4
-1.183, 7.309e-4
-1.184, 7.339e-4
-1.185, 7.370e-4
-1.186, 7.401e-4
-1.187, 7.432e-4
-1.188, 7.494e-4
-1.189, 7.494e-4
-1.190, 7.524e-4
-1.191, 7.555e-4
-1.192, 7.555e-4
-1.193, 7.586e-4
-1.194, 7.586e-4
-1.195, 7.617e-4
-1.196, 7.617e-4
-1.197, 7.648e-4
-1.198, 7.679e-4
-1.199, 7.709e-4
-1.200, 7.740e-4
-1.201, 7.802e-4
-1.202, 7.833e-4
-1.203, 7.863e-4
-1.204, 7.894e-4
-1.205, 7.894e-4
-1.206, 7.925e-4
-1.207, 7.956e-4
-1.208, 7.956e-4
-1.209, 8.018e-4
-1.210, 8.018e-4
-1.211, 8.018e-4
-1.212, 8.048e-4
-1.213, 8.079e-4
-1.214, 8.110e-4
-1.215, 8.172e-4
-1.216, 8.172e-4
-1.217, 8.233e-4
-1.218, 8.264e-4
-1.219, 8.295e-4
-1.220, 8.326e-4
-1.221, 8.326e-4
-1.222, 8.357e-4
-1.223, 8.388e-4
-1.224, 8.388e-4
-1.225, 8.388e-4
-1.226, 8.418e-4
-1.227, 8.449e-4
-1.228, 8.480e-4
-1.229, 8.542e-4
-1.230, 8.573e-4
-1.231, 8.603e-4
-1.232, 8.603e-4
-1.233, 8.665e-4
-1.234, 8.665e-4
-1.235, 8.727e-4
-1.236, 8.727e-4
-1.237, 8.727e-4
-1.238, 8.758e-4
-1.239, 8.788e-4
-1.240, 8.788e-4
-1.241, 8.819e-4
-1.242, 8.819e-4
-1.243, 8.850e-4
-1.244, 8.912e-4
-1.245, 8.943e-4
-1.246, 8.973e-4
-1.247, 9.004e-4
-1.248, 9.035e-4
-1.249, 9.066e-4
-1.250, 9.097e-4
-1.251, 9.097e-4
-1.252, 9.128e-4
-1.253, 9.128e-4
-1.254, 9.158e-4
-1.255, 9.189e-4
-1.256, 9.158e-4
-1.257, 9.189e-4
-1.258, 9.220e-4
-1.259, 9.282e-4
-1.260, 9.313e-4
-1.261, 9.343e-4
-1.262, 9.374e-4
-1.263, 9.405e-4
-1.264, 9.405e-4
-1.265, 9.467e-4
-1.266, 9.467e-4
-1.267, 9.498e-4
-1.268, 9.498e-4
-1.269, 9.528e-4
-1.270, 9.528e-4
-1.271, 9.559e-4
-1.272, 9.559e-4
-1.273, 9.590e-4
-1.274, 9.621e-4
-1.275, 9.683e-4
-1.276, 9.683e-4
-1.277, 9.713e-4
-1.278, 9.775e-4
-1.279, 9.744e-4
-1.280, 9.806e-4
-1.281, 9.837e-4
-1.282, 9.837e-4
-1.283, 9.868e-4
-1.284, 9.868e-4
-1.285, 9.868e-4
-1.286, 9.898e-4
-1.287, 9.929e-4
-1.288, 9.929e-4
-1.289, 9.960e-4
-1.290, 9.991e-4
-1.291, 1.002e-3
-1.292, 1.005e-3
-1.293, 1.008e-3
-1.294, 1.011e-3
-1.295, 1.011e-3
-1.296, 1.011e-3
-1.297, 1.014e-3
-1.298, 1.014e-3
-1.299, 1.018e-3
-1.300, 1.018e-3
-1.301, 1.021e-3
-1.302, 1.021e-3
-1.303, 1.024e-3
-1.304, 1.024e-3
-1.305, 1.030e-3
-1.306, 1.030e-3
-1.307, 1.033e-3
-1.308, 1.039e-3
-1.309, 1.039e-3
-1.310, 1.042e-3
-1.311, 1.042e-3
-1.312, 1.045e-3
-1.313, 1.048e-3
-1.314, 1.048e-3
-1.315, 1.048e-3
-1.316, 1.051e-3
-1.317, 1.055e-3
-1.318, 1.055e-3
-1.319, 1.061e-3
-1.320, 1.064e-3
-1.321, 1.067e-3
-1.322, 1.070e-3
-1.323, 1.073e-3
-1.324, 1.079e-3
-1.325, 1.079e-3
-1.326, 1.085e-3
-1.327, 1.088e-3
-1.328, 1.088e-3
-1.329, 1.095e-3
-1.330, 1.095e-3
-1.331, 1.098e-3
-1.332, 1.104e-3
-1.333, 1.107e-3
-1.334, 1.113e-3
-1.335, 1.119e-3
-1.336, 1.122e-3
-1.337, 1.132e-3
-1.338, 1.138e-3
-1.339, 1.141e-3
-1.340, 1.147e-3
-1.341, 1.150e-3
-1.342, 1.156e-3
-1.343, 1.162e-3
-1.344, 1.169e-3
-1.345, 1.175e-3
-1.346, 1.178e-3
-1.347, 1.187e-3
-1.348, 1.193e-3
-1.349, 1.203e-3
-1.350, 1.212e-3
-1.351, 1.218e-3
-1.352, 1.227e-3
-1.353, 1.240e-3
-1.354, 1.246e-3
-1.355, 1.255e-3
-1.356, 1.264e-3
-1.357, 1.273e-3
-1.358, 1.283e-3
-1.359, 1.292e-3
-1.360, 1.301e-3
-1.361, 1.314e-3
-1.362, 1.323e-3
-1.363, 1.335e-3
-1.364, 1.351e-3
-1.365, 1.363e-3
-1.366, 1.378e-3
-1.367, 1.391e-3
-1.368, 1.409e-3
-1.369, 1.421e-3
-1.370, 1.437e-3
-1.371, 1.452e-3
-1.372, 1.471e-3
-1.373, 1.486e-3
-1.374, 1.505e-3
-1.375, 1.523e-3
-1.376, 1.542e-3
-1.377, 1.563e-3
-1.378, 1.585e-3
-1.379, 1.610e-3
-1.380, 1.634e-3
-1.381, 1.659e-3
-1.382, 1.687e-3
-1.383, 1.717e-3
-1.384, 1.745e-3
-1.385, 1.773e-3
-1.386, 1.804e-3
-1.387, 1.838e-3
-1.388, 1.875e-3
-1.389, 1.912e-3
-1.390, 1.952e-3
-1.391, 1.995e-3
-1.392, 2.038e-3
-1.393, 2.087e-3
-1.394, 2.140e-3
-1.395, 2.198e-3
-1.396, 2.260e-3
-1.397, 2.322e-3
-1.398, 2.396e-3
-1.399, 2.470e-3
-1.400, 2.427e-3
-1.399, 2.263e-3
-1.398, 2.183e-3
-1.397, 2.140e-3
-1.396, 2.118e-3
-1.395, 2.109e-3
-1.394, 2.109e-3
-1.393, 2.112e-3
-1.392, 2.121e-3
-1.391, 2.134e-3
-1.390, 2.146e-3
-1.389, 2.164e-3
-1.388, 2.180e-3
-1.387, 2.198e-3
-1.386, 2.220e-3
-1.385, 2.238e-3
-1.384, 2.257e-3
-1.383, 2.275e-3
-1.382, 2.294e-3
-1.381, 2.312e-3
-1.380, 2.328e-3
-1.379, 2.343e-3
-1.378, 2.362e-3
-1.377, 2.374e-3
-1.376, 2.390e-3
-1.375, 2.402e-3
-1.374, 2.411e-3
-1.373, 2.420e-3
-1.372, 2.427e-3
-1.371, 2.430e-3
-1.370, 2.433e-3
-1.369, 2.433e-3
-1.368, 2.430e-3
-1.367, 2.427e-3
-1.366, 2.420e-3
-1.365, 2.411e-3
-1.364, 2.399e-3
-1.363, 2.386e-3
-1.362, 2.371e-3
-1.361, 2.356e-3
-1.360, 2.340e-3
-1.359, 2.319e-3
-1.358, 2.300e-3
-1.357, 2.282e-3
-1.356, 2.254e-3
-1.355, 2.229e-3
-1.354, 2.201e-3
-1.353, 2.174e-3
-1.352, 2.143e-3
-1.351, 2.115e-3
-1.350, 2.081e-3
-1.349, 2.050e-3
-1.348, 2.017e-3
-1.347, 1.986e-3
-1.346, 1.952e-3
-1.345, 1.918e-3
-1.344, 1.884e-3
-1.343, 1.850e-3
-1.342, 1.813e-3
-1.341, 1.776e-3
-1.340, 1.739e-3
-1.339, 1.702e-3
-1.338, 1.668e-3
-1.337, 1.628e-3
-1.336, 1.591e-3
-1.335, 1.551e-3
-1.334, 1.514e-3
-1.333, 1.477e-3
-1.332, 1.437e-3
-1.331, 1.403e-3
-1.330, 1.366e-3
-1.329, 1.329e-3
-1.328, 1.295e-3
-1.327, 1.261e-3
-1.326, 1.224e-3
-1.325, 1.190e-3
-1.324, 1.153e-3
-1.323, 1.116e-3
-1.322, 1.082e-3
-1.321, 1.048e-3
-1.320, 1.011e-3
-1.319, 9.775e-4
-1.318, 9.436e-4
-1.317, 9.097e-4
-1.316, 8.788e-4
-1.315, 8.480e-4
-1.314, 8.172e-4
-1.313, 7.833e-4
-1.312, 7.586e-4
-1.311, 7.247e-4
-1.310, 6.969e-4
-1.309, 6.661e-4
-1.308, 6.353e-4
-1.307, 6.075e-4
-1.306, 5.798e-4
-1.305, 5.489e-4
-1.304, 5.243e-4
-1.303, 4.965e-4
-1.302, 4.688e-4
-1.301, 4.441e-4
-1.300, 4.195e-4
-1.299, 3.979e-4
-1.298, 3.732e-4
-1.297, 3.516e-4
-1.296, 3.270e-4
-1.295, 3.023e-4
-1.294, 2.807e-4
-1.293, 2.591e-4
-1.292, 2.345e-4
-1.291, 2.129e-4
-1.290, 1.944e-4
-1.289, 1.728e-4
-1.288, 1.512e-4
-1.287, 1.327e-4
-1.286, 1.142e-4
-1.285, 9.882e-5
-1.284, 8.032e-5
-1.283, 6.490e-5
-1.282, 4.949e-5
-1.281, 3.099e-5
-1.280, 1.249e-5
-1.279, -2.927e-6
-1.278, -2.143e-5
-1.277, -3.684e-5
-1.276, -5.226e-5
-1.275, -6.459e-5
-1.274, -8.000e-5
-1.273, -9.542e-5
-1.272, -1.078e-4
-1.271, -1.201e-4
-1.270, -1.324e-4
-1.269, -1.448e-4
-1.268, -1.571e-4
-1.267, -1.663e-4
-1.266, -1.787e-4
-1.265, -1.910e-4
-1.264, -2.033e-4
-1.263, -2.157e-4
-1.262, -2.280e-4
-1.261, -2.372e-4
-1.260, -2.496e-4
-1.259, -2.588e-4
-1.258, -2.712e-4
-1.257, -2.804e-4
-1.256, -2.866e-4
-1.255, -2.989e-4
-1.254, -3.051e-4
-1.253, -3.112e-4
-1.252, -3.205e-4
-1.251, -3.297e-4
-1.250, -3.390e-4
-1.249, -3.482e-4
-1.248, -3.544e-4
-1.247, -3.637e-4
-1.246, -3.729e-4
-1.245, -3.791e-4
-1.244, -3.883e-4
-1.243, -3.945e-4
-1.242, -4.037e-4
-1.241, -4.068e-4
-1.240, -4.130e-4
-1.239, -4.191e-4
-1.238, -4.253e-4
-1.237, -4.315e-4
-1.236, -4.376e-4
-1.235, -4.407e-4
-1.234, -4.500e-4
-1.233, -4.592e-4
-1.232, -4.654e-4
-1.231, -4.716e-4
-1.230, -4.777e-4
-1.229, -4.870e-4
-1.228, -4.901e-4
-1.227, -4.962e-4
-1.226, -4.993e-4
-1.225, -5.055e-4
-1.224, -5.086e-4
-1.223, -5.116e-4
-1.222, -5.147e-4
-1.221, -5.209e-4
-1.220, -5.271e-4
-1.219, -5.301e-4
-1.218, -5.363e-4
-1.217, -5.425e-4
-1.216, -5.486e-4
-1.215, -5.548e-4
-1.214, -5.610e-4
-1.213, -5.610e-4
-1.212, -5.702e-4
-1.211, -5.702e-4
-1.210, -5.733e-4
-1.209, -5.764e-4
-1.208, -5.795e-4
-1.207, -5.826e-4
-1.206, -5.887e-4
-1.205, -5.949e-4
-1.204, -5.980e-4
-1.203, -6.011e-4
-1.202, -6.072e-4
-1.201, -6.134e-4
-1.200, -6.165e-4
-1.199, -6.195e-4
-1.198, -6.257e-4
-1.197, -6.288e-4
-1.196, -6.319e-4
-1.195, -6.350e-4
-1.194, -6.380e-4
-1.193, -6.380e-4
-1.192, -6.411e-4
-1.191, -6.473e-4
-1.190, -6.504e-4
-1.189, -6.535e-4
-1.188, -6.596e-4
-1.187, -6.627e-4
-1.186, -6.658e-4
-1.185, -6.720e-4
-1.184, -6.750e-4
-1.183, -6.812e-4
-1.182, -6.843e-4
-1.181, -6.843e-4
-1.180, -6.874e-4
-1.179, -6.905e-4
-1.178, -6.935e-4
-1.177, -6.935e-4
-1.176, -6.997e-4
-1.175, -7.028e-4
-1.174, -7.059e-4
-1.173, -7.090e-4
-1.172, -7.120e-4
-1.171, -7.151e-4
-1.170, -7.213e-4
-1.169, -7.244e-4
-1.168, -7.275e-4
-1.167, -7.305e-4
-1.166, -7.305e-4
-1.165, -7.305e-4
-1.164, -7.367e-4
-1.163, -7.367e-4
-1.162, -7.367e-4
-1.161, -7.398e-4
-1.160, -7.429e-4
-1.159, -7.490e-4
-1.158, -7.521e-4
-1.157, -7.552e-4
-1.156, -7.583e-4
-1.155, -7.614e-4
-1.154, -7.645e-4
-1.153, -7.675e-4
-1.152, -7.706e-4
-1.151, -7.706e-4
-1.150, -7.737e-4
-1.149, -7.737e-4
-1.148, -7.737e-4
-1.147, -7.737e-4
-1.146, -7.799e-4
-1.145, -7.799e-4
-1.144, -7.799e-4
-1.143, -7.860e-4
-1.142, -7.891e-4
-1.141, -7.891e-4
-1.140, -7.922e-4
-1.139, -7.984e-4
-1.138, -7.984e-4
-1.137, -8.015e-4
-1.136, -8.015e-4
-1.135, -8.015e-4
-1.134, -8.015e-4
-1.133, -8.015e-4
-1.132, -8.045e-4
-1.131, -8.045e-4
-1.130, -8.045e-4
-1.129, -8.076e-4
-1.128, -8.107e-4
-1.127, -8.107e-4
-1.126, -8.138e-4
-1.125, -8.138e-4
-1.124, -8.169e-4
-1.123, -8.200e-4
-1.122, -8.200e-4
-1.121, -8.200e-4
-1.120, -8.200e-4
-1.119, -8.200e-4
-1.118, -8.200e-4
-1.117, -8.200e-4
-1.116, -8.200e-4
-1.115, -8.200e-4
-1.114, -8.200e-4
-1.113, -8.230e-4
-1.112, -8.230e-4
-1.111, -8.261e-4
-1.110, -8.292e-4
-1.109, -8.261e-4
-1.108, -8.292e-4
-1.107, -8.292e-4
-1.106, -8.292e-4
-1.105, -8.261e-4
-1.104, -8.261e-4
-1.103, -8.261e-4
-1.102, -8.261e-4
-1.101, -8.261e-4
-1.100, -8.261e-4
-1.099, -8.261e-4
-1.098, -8.261e-4
-1.097, -8.261e-4
-1.096, -8.292e-4
-1.095, -8.292e-4
-1.094, -8.292e-4
-1.093, -8.292e-4
-1.092, -8.292e-4
-1.091, -8.292e-4
-1.090, -8.292e-4
-1.089, -8.261e-4
-1.088, -8.261e-4
-1.087, -8.230e-4
-1.086, -8.230e-4
-1.085, -8.230e-4
-1.084, -8.230e-4
-1.083, -8.230e-4
-1.082, -8.230e-4
-1.081, -8.230e-4
-1.080, -8.230e-4
-1.079, -8.230e-4
-1.078, -8.230e-4
-1.077, -8.230e-4
-1.076, -8.230e-4
-1.075, -8.230e-4
-1.074, -8.200e-4
-1.073, -8.200e-4
-1.072, -8.138e-4
-1.071, -8.169e-4
-1.070, -8.138e-4
-1.069, -8.169e-4
-1.068, -8.138e-4
-1.067, -8.169e-4
-1.066, -8.138e-4
-1.065, -8.138e-4
-1.064, -8.138e-4
-1.063, -8.138e-4
-1.062, -8.138e-4
-1.061, -8.107e-4
-1.060, -8.107e-4
-1.059, -8.076e-4
-1.058, -8.076e-4
-1.057, -8.045e-4
-1.056, -8.045e-4
-1.055, -8.045e-4
-1.054, -8.045e-4
-1.053, -8.045e-4
-1.052, -8.045e-4
-1.051, -8.045e-4
-1.050, -8.045e-4
-1.049, -8.045e-4
-1.048, -8.045e-4
-1.047, -8.045e-4
-1.046, -8.045e-4
-1.045, -8.015e-4
-1.044, -7.984e-4
-1.043, -7.984e-4
-1.042, -7.953e-4
-1.041, -7.922e-4
-1.040, -7.922e-4
-1.039, -7.922e-4
-1.038, -7.922e-4
-1.037, -7.922e-4
-1.036, -7.922e-4
-1.035, -7.922e-4
-1.034, -7.953e-4
-1.033, -7.922e-4
-1.032, -7.922e-4
-1.031, -7.891e-4
-1.030, -7.891e-4
-1.029, -7.860e-4
-1.028, -7.860e-4
-1.027, -7.830e-4
-1.026, -7.830e-4
-1.025, -7.830e-4
-1.024, -7.830e-4
-1.023, -7.830e-4
-1.022, -7.830e-4
-1.021, -7.830e-4
-1.020, -7.830e-4
-1.019, -7.830e-4
-1.018, -7.830e-4
-1.017, -7.830e-4
-1.016, -7.830e-4
-1.015, -7.799e-4
-1.014, -7.799e-4
-1.013, -7.799e-4
-1.012, -7.768e-4
-1.011, -7.768e-4
-1.010, -7.768e-4
-1.009, -7.799e-4
-1.008, -7.768e-4
-1.007, -7.799e-4
-1.006, -7.799e-4
-1.005, -7.799e-4
-1.004, -7.830e-4
-1.003, -7.830e-4
-1.002, -7.799e-4
-1.001, -7.799e-4
