Sept. 21, 2024   13:30:51
Linear Sweep Voltammetry
File: c:/users/guazh/data/20240903_batch_400_500/2024-09-20-exp408\post-regen1-2024-09-21t13_27_40-lsvinphos\post-regen1_lsv_50mvs_efin_-2300mv.bin
Data Source:  Experiment
Instrument Model:  CHI760E
Header: LSV ran at 50 mVs with Efin at -2300mV
Note: 

Init E (V) = -0.6
Final E (V) = -2.3
Scan Rate (V/s) = 0.05
Sample Interval (V) = 0.001
Quiet Time (sec) = 2
Sensitivity (A/V) = 1e-4
Comp R (ohm) = 11.7

Results:

Channel 1:
Ep = -1.843V
ip = 8.960e-4A
Ah = 1.064e-3C

Potential/V, Current/A

-0.600, 3.070e-6
-0.601, 3.157e-6
-0.602, 3.195e-6
-0.603, 3.225e-6
-0.604, 3.251e-6
-0.605, 3.280e-6
-0.606, 3.309e-6
-0.607, 3.337e-6
-0.608, 3.366e-6
-0.609, 3.393e-6
-0.610, 3.420e-6
-0.611, 3.450e-6
-0.612, 3.477e-6
-0.613, 3.504e-6
-0.614, 3.533e-6
-0.615, 3.561e-6
-0.616, 3.592e-6
-0.617, 3.619e-6
-0.618, 3.647e-6
-0.619, 3.674e-6
-0.620, 3.701e-6
-0.621, 3.729e-6
-0.622, 3.755e-6
-0.623, 3.784e-6
-0.624, 3.812e-6
-0.625, 3.841e-6
-0.626, 3.870e-6
-0.627, 3.897e-6
-0.628, 3.926e-6
-0.629, 3.952e-6
-0.630, 3.981e-6
-0.631, 4.010e-6
-0.632, 4.038e-6
-0.633, 4.068e-6
-0.634, 4.097e-6
-0.635, 4.126e-6
-0.636, 4.156e-6
-0.637, 4.180e-6
-0.638, 4.207e-6
-0.639, 4.234e-6
-0.640, 4.264e-6
-0.641, 4.293e-6
-0.642, 4.319e-6
-0.643, 4.350e-6
-0.644, 4.378e-6
-0.645, 4.407e-6
-0.646, 4.437e-6
-0.647, 4.466e-6
-0.648, 4.494e-6
-0.649, 4.525e-6
-0.650, 4.554e-6
-0.651, 4.583e-6
-0.652, 4.612e-6
-0.653, 4.643e-6
-0.654, 4.672e-6
-0.655, 4.701e-6
-0.656, 4.731e-6
-0.657, 4.760e-6
-0.658, 4.791e-6
-0.659, 4.819e-6
-0.660, 4.847e-6
-0.661, 4.876e-6
-0.662, 4.904e-6
-0.663, 4.934e-6
-0.664, 4.962e-6
-0.665, 4.995e-6
-0.666, 5.027e-6
-0.667, 5.056e-6
-0.668, 5.084e-6
-0.669, 5.112e-6
-0.670, 5.150e-6
-0.671, 5.186e-6
-0.672, 5.209e-6
-0.673, 5.228e-6
-0.674, 5.257e-6
-0.675, 5.286e-6
-0.676, 5.317e-6
-0.677, 5.342e-6
-0.678, 5.371e-6
-0.679, 5.399e-6
-0.680, 5.432e-6
-0.681, 5.460e-6
-0.682, 5.484e-6
-0.683, 5.519e-6
-0.684, 5.542e-6
-0.685, 5.568e-6
-0.686, 5.600e-6
-0.687, 5.624e-6
-0.688, 5.647e-6
-0.689, 5.675e-6
-0.690, 5.702e-6
-0.691, 5.731e-6
-0.692, 5.761e-6
-0.693, 5.792e-6
-0.694, 5.817e-6
-0.695, 5.839e-6
-0.696, 5.865e-6
-0.697, 5.888e-6
-0.698, 5.916e-6
-0.699, 5.937e-6
-0.700, 5.963e-6
-0.701, 5.986e-6
-0.702, 6.008e-6
-0.703, 6.031e-6
-0.704, 6.057e-6
-0.705, 6.081e-6
-0.706, 6.103e-6
-0.707, 6.126e-6
-0.708, 6.149e-6
-0.709, 6.167e-6
-0.710, 6.189e-6
-0.711, 6.212e-6
-0.712, 6.232e-6
-0.713, 6.254e-6
-0.714, 6.275e-6
-0.715, 6.297e-6
-0.716, 6.319e-6
-0.717, 6.339e-6
-0.718, 6.360e-6
-0.719, 6.380e-6
-0.720, 6.400e-6
-0.721, 6.419e-6
-0.722, 6.438e-6
-0.723, 6.459e-6
-0.724, 6.479e-6
-0.725, 6.499e-6
-0.726, 6.518e-6
-0.727, 6.532e-6
-0.728, 6.551e-6
-0.729, 6.567e-6
-0.730, 6.584e-6
-0.731, 6.600e-6
-0.732, 6.616e-6
-0.733, 6.632e-6
-0.734, 6.650e-6
-0.735, 6.662e-6
-0.736, 6.676e-6
-0.737, 6.689e-6
-0.738, 6.702e-6
-0.739, 6.716e-6
-0.740, 6.732e-6
-0.741, 6.745e-6
-0.742, 6.756e-6
-0.743, 6.767e-6
-0.744, 6.779e-6
-0.745, 6.791e-6
-0.746, 6.804e-6
-0.747, 6.814e-6
-0.748, 6.826e-6
-0.749, 6.835e-6
-0.750, 6.843e-6
-0.751, 6.851e-6
-0.752, 6.857e-6
-0.753, 6.868e-6
-0.754, 6.876e-6
-0.755, 6.886e-6
-0.756, 6.895e-6
-0.757, 6.904e-6
-0.758, 6.908e-6
-0.759, 6.913e-6
-0.760, 6.915e-6
-0.761, 6.919e-6
-0.762, 6.925e-6
-0.763, 6.932e-6
-0.764, 6.936e-6
-0.765, 6.942e-6
-0.766, 6.947e-6
-0.767, 6.955e-6
-0.768, 6.962e-6
-0.769, 6.965e-6
-0.770, 6.964e-6
-0.771, 6.968e-6
-0.772, 6.967e-6
-0.773, 6.970e-6
-0.774, 6.973e-6
-0.775, 6.974e-6
-0.776, 6.976e-6
-0.777, 6.974e-6
-0.778, 6.974e-6
-0.779, 6.973e-6
-0.780, 6.973e-6
-0.781, 6.972e-6
-0.782, 6.970e-6
-0.783, 6.963e-6
-0.784, 6.963e-6
-0.785, 6.963e-6
-0.786, 6.961e-6
-0.787, 6.957e-6
-0.788, 6.959e-6
-0.789, 6.961e-6
-0.790, 6.958e-6
-0.791, 6.955e-6
-0.792, 6.954e-6
-0.793, 6.950e-6
-0.794, 6.947e-6
-0.795, 6.943e-6
-0.796, 6.938e-6
-0.797, 6.932e-6
-0.798, 6.927e-6
-0.799, 6.924e-6
-0.800, 6.924e-6
-0.801, 6.921e-6
-0.802, 6.916e-6
-0.803, 6.913e-6
-0.804, 6.906e-6
-0.805, 6.899e-6
-0.806, 6.896e-6
-0.807, 6.888e-6
-0.808, 6.880e-6
-0.809, 6.874e-6
-0.810, 6.868e-6
-0.811, 6.864e-6
-0.812, 6.858e-6
-0.813, 6.852e-6
-0.814, 6.846e-6
-0.815, 6.836e-6
-0.816, 6.829e-6
-0.817, 6.822e-6
-0.818, 6.813e-6
-0.819, 6.812e-6
-0.820, 6.807e-6
-0.821, 6.799e-6
-0.822, 6.791e-6
-0.823, 6.784e-6
-0.824, 6.775e-6
-0.825, 6.766e-6
-0.826, 6.758e-6
-0.827, 6.749e-6
-0.828, 6.744e-6
-0.829, 6.736e-6
-0.830, 6.731e-6
-0.831, 6.725e-6
-0.832, 6.715e-6
-0.833, 6.706e-6
-0.834, 6.699e-6
-0.835, 6.692e-6
-0.836, 6.684e-6
-0.837, 6.675e-6
-0.838, 6.666e-6
-0.839, 6.659e-6
-0.840, 6.652e-6
-0.841, 6.644e-6
-0.842, 6.635e-6
-0.843, 6.629e-6
-0.844, 6.620e-6
-0.845, 6.612e-6
-0.846, 6.606e-6
-0.847, 6.594e-6
-0.848, 6.585e-6
-0.849, 6.577e-6
-0.850, 6.568e-6
-0.851, 6.563e-6
-0.852, 6.555e-6
-0.853, 6.547e-6
-0.854, 6.537e-6
-0.855, 6.529e-6
-0.856, 6.522e-6
-0.857, 6.513e-6
-0.858, 6.505e-6
-0.859, 6.500e-6
-0.860, 6.493e-6
-0.861, 6.486e-6
-0.862, 6.475e-6
-0.863, 6.466e-6
-0.864, 6.459e-6
-0.865, 6.449e-6
-0.866, 6.440e-6
-0.867, 6.434e-6
-0.868, 6.429e-6
-0.869, 6.420e-6
-0.870, 6.415e-6
-0.871, 6.406e-6
-0.872, 6.397e-6
-0.873, 6.390e-6
-0.874, 6.379e-6
-0.875, 6.371e-6
-0.876, 6.365e-6
-0.877, 6.354e-6
-0.878, 6.349e-6
-0.879, 6.341e-6
-0.880, 6.333e-6
-0.881, 6.325e-6
-0.882, 6.314e-6
-0.883, 6.309e-6
-0.884, 6.302e-6
-0.885, 6.293e-6
-0.886, 6.285e-6
-0.887, 6.277e-6
-0.888, 6.271e-6
-0.889, 6.261e-6
-0.890, 6.251e-6
-0.891, 6.245e-6
-0.892, 6.239e-6
-0.893, 6.232e-6
-0.894, 6.225e-6
-0.895, 6.217e-6
-0.896, 6.214e-6
-0.897, 6.208e-6
-0.898, 6.198e-6
-0.899, 6.193e-6
-0.900, 6.186e-6
-0.901, 6.178e-6
-0.902, 6.171e-6
-0.903, 6.164e-6
-0.904, 6.157e-6
-0.905, 6.149e-6
-0.906, 6.144e-6
-0.907, 6.137e-6
-0.908, 6.133e-6
-0.909, 6.126e-6
-0.910, 6.120e-6
-0.911, 6.111e-6
-0.912, 6.103e-6
-0.913, 6.094e-6
-0.914, 6.086e-6
-0.915, 6.080e-6
-0.916, 6.072e-6
-0.917, 6.063e-6
-0.918, 6.060e-6
-0.919, 6.057e-6
-0.920, 6.050e-6
-0.921, 6.041e-6
-0.922, 6.033e-6
-0.923, 6.027e-6
-0.924, 6.021e-6
-0.925, 6.020e-6
-0.926, 6.017e-6
-0.927, 6.010e-6
-0.928, 6.000e-6
-0.929, 5.991e-6
-0.930, 5.982e-6
-0.931, 5.980e-6
-0.932, 5.978e-6
-0.933, 5.976e-6
-0.934, 5.971e-6
-0.935, 5.967e-6
-0.936, 5.958e-6
-0.937, 5.950e-6
-0.938, 5.946e-6
-0.939, 5.944e-6
-0.940, 5.941e-6
-0.941, 5.938e-6
-0.942, 5.933e-6
-0.943, 5.930e-6
-0.944, 5.925e-6
-0.945, 5.921e-6
-0.946, 5.918e-6
-0.947, 5.915e-6
-0.948, 5.915e-6
-0.949, 5.911e-6
-0.950, 5.909e-6
-0.951, 5.906e-6
-0.952, 5.902e-6
-0.953, 5.898e-6
-0.954, 5.898e-6
-0.955, 5.895e-6
-0.956, 5.894e-6
-0.957, 5.891e-6
-0.958, 5.891e-6
-0.959, 5.889e-6
-0.960, 5.887e-6
-0.961, 5.886e-6
-0.962, 5.884e-6
-0.963, 5.883e-6
-0.964, 5.883e-6
-0.965, 5.883e-6
-0.966, 5.884e-6
-0.967, 5.882e-6
-0.968, 5.880e-6
-0.969, 5.881e-6
-0.970, 5.880e-6
-0.971, 5.881e-6
-0.972, 5.881e-6
-0.973, 5.885e-6
-0.974, 5.884e-6
-0.975, 5.885e-6
-0.976, 5.887e-6
-0.977, 5.887e-6
-0.978, 5.888e-6
-0.979, 5.891e-6
-0.980, 5.893e-6
-0.981, 5.896e-6
-0.982, 5.896e-6
-0.983, 5.900e-6
-0.984, 5.903e-6
-0.985, 5.905e-6
-0.986, 5.907e-6
-0.987, 5.908e-6
-0.988, 5.913e-6
-0.989, 5.917e-6
-0.990, 5.923e-6
-0.991, 5.927e-6
-0.992, 5.931e-6
-0.993, 5.935e-6
-0.994, 5.942e-6
-0.995, 5.947e-6
-0.996, 5.952e-6
-0.997, 5.954e-6
-0.998, 5.960e-6
-0.999, 5.967e-6
-1.000, 5.974e-6
-1.001, 5.981e-6
-1.002, 5.987e-6
-1.003, 5.994e-6
-1.004, 6.001e-6
-1.005, 6.010e-6
-1.006, 6.019e-6
-1.007, 6.026e-6
-1.008, 6.035e-6
-1.009, 6.043e-6
-1.010, 6.052e-6
-1.011, 6.063e-6
-1.012, 6.072e-6
-1.013, 6.082e-6
-1.014, 6.092e-6
-1.015, 6.102e-6
-1.016, 6.113e-6
-1.017, 6.122e-6
-1.018, 6.134e-6
-1.019, 6.143e-6
-1.020, 6.156e-6
-1.021, 6.167e-6
-1.022, 6.178e-6
-1.023, 6.190e-6
-1.024, 6.205e-6
-1.025, 6.217e-6
-1.026, 6.228e-6
-1.027, 6.241e-6
-1.028, 6.254e-6
-1.029, 6.268e-6
-1.030, 6.283e-6
-1.031, 6.298e-6
-1.032, 6.313e-6
-1.033, 6.328e-6
-1.034, 6.344e-6
-1.035, 6.360e-6
-1.036, 6.377e-6
-1.037, 6.391e-6
-1.038, 6.409e-6
-1.039, 6.424e-6
-1.040, 6.441e-6
-1.041, 6.458e-6
-1.042, 6.473e-6
-1.043, 6.492e-6
-1.044, 6.508e-6
-1.045, 6.527e-6
-1.046, 6.551e-6
-1.047, 6.571e-6
-1.048, 6.589e-6
-1.049, 6.609e-6
-1.050, 6.635e-6
-1.051, 6.652e-6
-1.052, 6.658e-6
-1.053, 6.674e-6
-1.054, 6.691e-6
-1.055, 6.711e-6
-1.056, 6.733e-6
-1.057, 6.752e-6
-1.058, 6.770e-6
-1.059, 6.791e-6
-1.060, 6.818e-6
-1.061, 6.853e-6
-1.062, 6.858e-6
-1.063, 6.876e-6
-1.064, 6.898e-6
-1.065, 6.918e-6
-1.066, 6.938e-6
-1.067, 6.960e-6
-1.068, 6.986e-6
-1.069, 7.008e-6
-1.070, 7.032e-6
-1.071, 7.054e-6
-1.072, 7.072e-6
-1.073, 7.094e-6
-1.074, 7.115e-6
-1.075, 7.141e-6
-1.076, 7.166e-6
-1.077, 7.187e-6
-1.078, 7.211e-6
-1.079, 7.228e-6
-1.080, 7.250e-6
-1.081, 7.272e-6
-1.082, 7.291e-6
-1.083, 7.316e-6
-1.084, 7.338e-6
-1.085, 7.361e-6
-1.086, 7.383e-6
-1.087, 7.403e-6
-1.088, 7.427e-6
-1.089, 7.453e-6
-1.090, 7.476e-6
-1.091, 7.499e-6
-1.092, 7.520e-6
-1.093, 7.543e-6
-1.094, 7.567e-6
-1.095, 7.587e-6
-1.096, 7.609e-6
-1.097, 7.633e-6
-1.098, 7.656e-6
-1.099, 7.677e-6
-1.100, 7.701e-6
-1.101, 7.727e-6
-1.102, 7.748e-6
-1.103, 7.770e-6
-1.104, 7.794e-6
-1.105, 7.818e-6
-1.106, 7.845e-6
-1.107, 7.862e-6
-1.108, 7.885e-6
-1.109, 7.906e-6
-1.110, 7.930e-6
-1.111, 7.951e-6
-1.112, 7.973e-6
-1.113, 7.997e-6
-1.114, 8.018e-6
-1.115, 8.040e-6
-1.116, 8.061e-6
-1.117, 8.081e-6
-1.118, 8.104e-6
-1.119, 8.126e-6
-1.120, 8.148e-6
-1.121, 8.171e-6
-1.122, 8.194e-6
-1.123, 8.216e-6
-1.124, 8.236e-6
-1.125, 8.261e-6
-1.126, 8.282e-6
-1.127, 8.301e-6
-1.128, 8.323e-6
-1.129, 8.346e-6
-1.130, 8.380e-6
-1.131, 8.399e-6
-1.132, 8.431e-6
-1.133, 8.458e-6
-1.134, 8.468e-6
-1.135, 8.489e-6
-1.136, 8.508e-6
-1.137, 8.523e-6
-1.138, 8.543e-6
-1.139, 8.559e-6
-1.140, 8.563e-6
-1.141, 8.574e-6
-1.142, 8.592e-6
-1.143, 8.610e-6
-1.144, 8.626e-6
-1.145, 8.644e-6
-1.146, 8.664e-6
-1.147, 8.682e-6
-1.148, 8.702e-6
-1.149, 8.720e-6
-1.150, 8.739e-6
-1.151, 8.759e-6
-1.152, 8.775e-6
-1.153, 8.795e-6
-1.154, 8.811e-6
-1.155, 8.829e-6
-1.156, 8.845e-6
-1.157, 8.860e-6
-1.158, 8.878e-6
-1.159, 8.896e-6
-1.160, 8.914e-6
-1.161, 8.931e-6
-1.162, 8.946e-6
-1.163, 8.964e-6
-1.164, 8.983e-6
-1.165, 9.001e-6
-1.166, 9.016e-6
-1.167, 9.030e-6
-1.168, 9.047e-6
-1.169, 9.065e-6
-1.170, 9.078e-6
-1.171, 9.095e-6
-1.172, 9.109e-6
-1.173, 9.124e-6
-1.174, 9.135e-6
-1.175, 9.150e-6
-1.176, 9.166e-6
-1.177, 9.182e-6
-1.178, 9.199e-6
-1.179, 9.212e-6
-1.180, 9.226e-6
-1.181, 9.241e-6
-1.182, 9.256e-6
-1.183, 9.269e-6
-1.184, 9.283e-6
-1.185, 9.299e-6
-1.186, 9.314e-6
-1.187, 9.328e-6
-1.188, 9.343e-6
-1.189, 9.355e-6
-1.190, 9.368e-6
-1.191, 9.381e-6
-1.192, 9.393e-6
-1.193, 9.406e-6
-1.194, 9.419e-6
-1.195, 9.432e-6
-1.196, 9.446e-6
-1.197, 9.457e-6
-1.198, 9.473e-6
-1.199, 9.485e-6
-1.200, 9.498e-6
-1.201, 9.509e-6
-1.202, 9.516e-6
-1.203, 9.530e-6
-1.204, 9.544e-6
-1.205, 9.556e-6
-1.206, 9.569e-6
-1.207, 9.579e-6
-1.208, 9.589e-6
-1.209, 9.600e-6
-1.210, 9.611e-6
-1.211, 9.623e-6
-1.212, 9.634e-6
-1.213, 9.646e-6
-1.214, 9.659e-6
-1.215, 9.668e-6
-1.216, 9.678e-6
-1.217, 9.688e-6
-1.218, 9.699e-6
-1.219, 9.712e-6
-1.220, 9.723e-6
-1.221, 9.733e-6
-1.222, 9.744e-6
-1.223, 9.755e-6
-1.224, 9.763e-6
-1.225, 9.776e-6
-1.226, 9.785e-6
-1.227, 9.795e-6
-1.228, 9.805e-6
-1.229, 9.818e-6
-1.230, 9.829e-6
-1.231, 9.837e-6
-1.232, 9.848e-6
-1.233, 9.858e-6
-1.234, 9.866e-6
-1.235, 9.877e-6
-1.236, 9.887e-6
-1.237, 9.893e-6
-1.238, 9.904e-6
-1.239, 9.915e-6
-1.240, 9.923e-6
-1.241, 9.934e-6
-1.242, 9.941e-6
-1.243, 9.950e-6
-1.244, 9.960e-6
-1.245, 9.971e-6
-1.246, 9.981e-6
-1.247, 9.989e-6
-1.248, 9.999e-6
-1.249, 1.001e-5
-1.250, 1.002e-5
-1.251, 1.003e-5
-1.252, 1.003e-5
-1.253, 1.004e-5
-1.254, 1.005e-5
-1.255, 1.006e-5
-1.256, 1.007e-5
-1.257, 1.007e-5
-1.258, 1.008e-5
-1.259, 1.009e-5
-1.260, 1.010e-5
-1.261, 1.011e-5
-1.262, 1.011e-5
-1.263, 1.012e-5
-1.264, 1.013e-5
-1.265, 1.014e-5
-1.266, 1.014e-5
-1.267, 1.015e-5
-1.268, 1.016e-5
-1.269, 1.017e-5
-1.270, 1.018e-5
-1.271, 1.019e-5
-1.272, 1.019e-5
-1.273, 1.020e-5
-1.274, 1.021e-5
-1.275, 1.022e-5
-1.276, 1.022e-5
-1.277, 1.023e-5
-1.278, 1.024e-5
-1.279, 1.025e-5
-1.280, 1.026e-5
-1.281, 1.027e-5
-1.282, 1.027e-5
-1.283, 1.028e-5
-1.284, 1.029e-5
-1.285, 1.029e-5
-1.286, 1.030e-5
-1.287, 1.031e-5
-1.288, 1.032e-5
-1.289, 1.032e-5
-1.290, 1.033e-5
-1.291, 1.034e-5
-1.292, 1.035e-5
-1.293, 1.035e-5
-1.294, 1.036e-5
-1.295, 1.037e-5
-1.296, 1.037e-5
-1.297, 1.038e-5
-1.298, 1.038e-5
-1.299, 1.039e-5
-1.300, 1.040e-5
-1.301, 1.040e-5
-1.302, 1.041e-5
-1.303, 1.042e-5
-1.304, 1.043e-5
-1.305, 1.044e-5
-1.306, 1.044e-5
-1.307, 1.045e-5
-1.308, 1.045e-5
-1.309, 1.046e-5
-1.310, 1.047e-5
-1.311, 1.048e-5
-1.312, 1.048e-5
-1.313, 1.049e-5
-1.314, 1.050e-5
-1.315, 1.051e-5
-1.316, 1.051e-5
-1.317, 1.052e-5
-1.318, 1.053e-5
-1.319, 1.054e-5
-1.320, 1.054e-5
-1.321, 1.055e-5
-1.322, 1.056e-5
-1.323, 1.057e-5
-1.324, 1.057e-5
-1.325, 1.058e-5
-1.326, 1.059e-5
-1.327, 1.059e-5
-1.328, 1.060e-5
-1.329, 1.061e-5
-1.330, 1.062e-5
-1.331, 1.063e-5
-1.332, 1.063e-5
-1.333, 1.064e-5
-1.334, 1.065e-5
-1.335, 1.066e-5
-1.336, 1.067e-5
-1.337, 1.067e-5
-1.338, 1.068e-5
-1.339, 1.069e-5
-1.340, 1.069e-5
-1.341, 1.070e-5
-1.342, 1.071e-5
-1.343, 1.072e-5
-1.344, 1.072e-5
-1.345, 1.073e-5
-1.346, 1.074e-5
-1.347, 1.075e-5
-1.348, 1.076e-5
-1.349, 1.076e-5
-1.350, 1.077e-5
-1.351, 1.078e-5
-1.352, 1.079e-5
-1.353, 1.080e-5
-1.354, 1.081e-5
-1.355, 1.082e-5
-1.356, 1.083e-5
-1.357, 1.084e-5
-1.358, 1.085e-5
-1.359, 1.086e-5
-1.360, 1.087e-5
-1.361, 1.088e-5
-1.362, 1.089e-5
-1.363, 1.090e-5
-1.364, 1.091e-5
-1.365, 1.091e-5
-1.366, 1.093e-5
-1.367, 1.093e-5
-1.368, 1.094e-5
-1.369, 1.095e-5
-1.370, 1.096e-5
-1.371, 1.097e-5
-1.372, 1.098e-5
-1.373, 1.099e-5
-1.374, 1.100e-5
-1.375, 1.101e-5
-1.376, 1.102e-5
-1.377, 1.103e-5
-1.378, 1.104e-5
-1.379, 1.105e-5
-1.380, 1.106e-5
-1.381, 1.108e-5
-1.382, 1.109e-5
-1.383, 1.110e-5
-1.384, 1.111e-5
-1.385, 1.112e-5
-1.386, 1.113e-5
-1.387, 1.114e-5
-1.388, 1.116e-5
-1.389, 1.117e-5
-1.390, 1.118e-5
-1.391, 1.120e-5
-1.392, 1.121e-5
-1.393, 1.122e-5
-1.394, 1.123e-5
-1.395, 1.125e-5
-1.396, 1.126e-5
-1.397, 1.127e-5
-1.398, 1.129e-5
-1.399, 1.130e-5
-1.400, 1.131e-5
-1.401, 1.132e-5
-1.402, 1.134e-5
-1.403, 1.135e-5
-1.404, 1.137e-5
-1.405, 1.138e-5
-1.406, 1.139e-5
-1.407, 1.141e-5
-1.408, 1.142e-5
-1.409, 1.144e-5
-1.410, 1.145e-5
-1.411, 1.147e-5
-1.412, 1.148e-5
-1.413, 1.150e-5
-1.414, 1.151e-5
-1.415, 1.153e-5
-1.416, 1.155e-5
-1.417, 1.156e-5
-1.418, 1.158e-5
-1.419, 1.159e-5
-1.420, 1.161e-5
-1.421, 1.163e-5
-1.422, 1.165e-5
-1.423, 1.167e-5
-1.424, 1.169e-5
-1.425, 1.171e-5
-1.426, 1.172e-5
-1.427, 1.174e-5
-1.428, 1.176e-5
-1.429, 1.178e-5
-1.430, 1.180e-5
-1.431, 1.182e-5
-1.432, 1.184e-5
-1.433, 1.186e-5
-1.434, 1.188e-5
-1.435, 1.190e-5
-1.436, 1.192e-5
-1.437, 1.194e-5
-1.438, 1.196e-5
-1.439, 1.198e-5
-1.440, 1.200e-5
-1.441, 1.202e-5
-1.442, 1.204e-5
-1.443, 1.206e-5
-1.444, 1.208e-5
-1.445, 1.210e-5
-1.446, 1.212e-5
-1.447, 1.215e-5
-1.448, 1.217e-5
-1.449, 1.220e-5
-1.450, 1.222e-5
-1.451, 1.225e-5
-1.452, 1.227e-5
-1.453, 1.230e-5
-1.454, 1.232e-5
-1.455, 1.234e-5
-1.456, 1.237e-5
-1.457, 1.240e-5
-1.458, 1.243e-5
-1.459, 1.246e-5
-1.460, 1.249e-5
-1.461, 1.252e-5
-1.462, 1.255e-5
-1.463, 1.258e-5
-1.464, 1.261e-5
-1.465, 1.264e-5
-1.466, 1.266e-5
-1.467, 1.269e-5
-1.468, 1.272e-5
-1.469, 1.276e-5
-1.470, 1.279e-5
-1.471, 1.282e-5
-1.472, 1.286e-5
-1.473, 1.289e-5
-1.474, 1.292e-5
-1.475, 1.295e-5
-1.476, 1.299e-5
-1.477, 1.302e-5
-1.478, 1.306e-5
-1.479, 1.310e-5
-1.480, 1.313e-5
-1.481, 1.317e-5
-1.482, 1.321e-5
-1.483, 1.324e-5
-1.484, 1.328e-5
-1.485, 1.332e-5
-1.486, 1.337e-5
-1.487, 1.340e-5
-1.488, 1.345e-5
-1.489, 1.349e-5
-1.490, 1.353e-5
-1.491, 1.357e-5
-1.492, 1.361e-5
-1.493, 1.365e-5
-1.494, 1.370e-5
-1.495, 1.375e-5
-1.496, 1.380e-5
-1.497, 1.384e-5
-1.498, 1.389e-5
-1.499, 1.394e-5
-1.500, 1.399e-5
-1.501, 1.405e-5
-1.502, 1.409e-5
-1.503, 1.414e-5
-1.504, 1.419e-5
-1.505, 1.424e-5
-1.506, 1.429e-5
-1.507, 1.434e-5
-1.508, 1.440e-5
-1.509, 1.445e-5
-1.510, 1.451e-5
-1.511, 1.457e-5
-1.512, 1.463e-5
-1.513, 1.469e-5
-1.514, 1.474e-5
-1.515, 1.480e-5
-1.516, 1.486e-5
-1.517, 1.492e-5
-1.518, 1.499e-5
-1.519, 1.505e-5
-1.520, 1.512e-5
-1.521, 1.519e-5
-1.522, 1.525e-5
-1.523, 1.532e-5
-1.524, 1.540e-5
-1.525, 1.547e-5
-1.526, 1.554e-5
-1.527, 1.561e-5
-1.528, 1.568e-5
-1.529, 1.576e-5
-1.530, 1.584e-5
-1.531, 1.592e-5
-1.532, 1.600e-5
-1.533, 1.608e-5
-1.534, 1.616e-5
-1.535, 1.625e-5
-1.536, 1.633e-5
-1.537, 1.642e-5
-1.538, 1.651e-5
-1.539, 1.660e-5
-1.540, 1.670e-5
-1.541, 1.679e-5
-1.542, 1.688e-5
-1.543, 1.698e-5
-1.544, 1.708e-5
-1.545, 1.718e-5
-1.546, 1.727e-5
-1.547, 1.737e-5
-1.548, 1.748e-5
-1.549, 1.759e-5
-1.550, 1.770e-5
-1.551, 1.781e-5
-1.552, 1.792e-5
-1.553, 1.803e-5
-1.554, 1.815e-5
-1.555, 1.827e-5
-1.556, 1.838e-5
-1.557, 1.851e-5
-1.558, 1.864e-5
-1.559, 1.877e-5
-1.560, 1.890e-5
-1.561, 1.903e-5
-1.562, 1.916e-5
-1.563, 1.930e-5
-1.564, 1.944e-5
-1.565, 1.959e-5
-1.566, 1.973e-5
-1.567, 1.988e-5
-1.568, 2.003e-5
-1.569, 2.017e-5
-1.570, 2.033e-5
-1.571, 2.049e-5
-1.572, 2.066e-5
-1.573, 2.083e-5
-1.574, 2.099e-5
-1.575, 2.116e-5
-1.576, 2.134e-5
-1.577, 2.151e-5
-1.578, 2.170e-5
-1.579, 2.188e-5
-1.580, 2.207e-5
-1.581, 2.227e-5
-1.582, 2.247e-5
-1.583, 2.267e-5
-1.584, 2.287e-5
-1.585, 2.308e-5
-1.586, 2.330e-5
-1.587, 2.352e-5
-1.588, 2.375e-5
-1.589, 2.397e-5
-1.590, 2.421e-5
-1.591, 2.443e-5
-1.592, 2.468e-5
-1.593, 2.492e-5
-1.594, 2.517e-5
-1.595, 2.544e-5
-1.596, 2.570e-5
-1.597, 2.595e-5
-1.598, 2.622e-5
-1.599, 2.649e-5
-1.600, 2.677e-5
-1.601, 2.706e-5
-1.602, 2.735e-5
-1.603, 2.766e-5
-1.604, 2.796e-5
-1.605, 2.826e-5
-1.606, 2.857e-5
-1.607, 2.889e-5
-1.608, 2.923e-5
-1.609, 2.956e-5
-1.610, 2.990e-5
-1.611, 3.025e-5
-1.612, 3.061e-5
-1.613, 3.097e-5
-1.614, 3.135e-5
-1.615, 3.174e-5
-1.616, 3.213e-5
-1.617, 3.252e-5
-1.618, 3.292e-5
-1.619, 3.333e-5
-1.620, 3.374e-5
-1.621, 3.416e-5
-1.622, 3.460e-5
-1.623, 3.504e-5
-1.624, 3.549e-5
-1.625, 3.594e-5
-1.626, 3.641e-5
-1.627, 3.689e-5
-1.628, 3.737e-5
-1.629, 3.787e-5
-1.630, 3.837e-5
-1.631, 3.888e-5
-1.632, 3.941e-5
-1.633, 3.994e-5
-1.634, 4.049e-5
-1.635, 4.105e-5
-1.636, 4.161e-5
-1.637, 4.218e-5
-1.638, 4.277e-5
-1.639, 4.338e-5
-1.640, 4.397e-5
-1.641, 4.458e-5
-1.642, 4.522e-5
-1.643, 4.585e-5
-1.644, 4.650e-5
-1.645, 4.716e-5
-1.646, 4.786e-5
-1.647, 4.855e-5
-1.648, 4.924e-5
-1.649, 4.995e-5
-1.650, 5.066e-5
-1.651, 5.140e-5
-1.652, 5.215e-5
-1.653, 5.291e-5
-1.654, 5.368e-5
-1.655, 5.447e-5
-1.656, 5.528e-5
-1.657, 5.610e-5
-1.658, 5.693e-5
-1.659, 5.776e-5
-1.660, 5.861e-5
-1.661, 5.946e-5
-1.662, 6.033e-5
-1.663, 6.121e-5
-1.664, 6.213e-5
-1.665, 6.305e-5
-1.666, 6.399e-5
-1.667, 6.494e-5
-1.668, 6.589e-5
-1.669, 6.686e-5
-1.670, 6.786e-5
-1.671, 6.886e-5
-1.672, 6.986e-5
-1.673, 7.089e-5
-1.674, 7.194e-5
-1.675, 7.300e-5
-1.676, 7.407e-5
-1.677, 7.515e-5
-1.678, 7.624e-5
-1.679, 7.734e-5
-1.680, 7.847e-5
-1.681, 7.962e-5
-1.682, 8.078e-5
-1.683, 8.195e-5
-1.684, 8.313e-5
-1.685, 8.432e-5
-1.686, 8.553e-5
-1.687, 8.677e-5
-1.688, 8.802e-5
-1.689, 8.927e-5
-1.690, 9.054e-5
-1.691, 9.183e-5
-1.692, 9.314e-5
-1.693, 9.447e-5
-1.694, 9.581e-5
-1.695, 9.717e-5
-1.696, 9.854e-5
-1.697, 9.992e-5
-1.698, 1.013e-4
-1.699, 1.027e-4
-1.700, 1.042e-4
-1.701, 1.057e-4
-1.702, 1.072e-4
-1.703, 1.087e-4
-1.704, 1.102e-4
-1.705, 1.118e-4
-1.706, 1.134e-4
-1.707, 1.150e-4
-1.708, 1.166e-4
-1.709, 1.183e-4
-1.710, 1.200e-4
-1.711, 1.217e-4
-1.712, 1.235e-4
-1.713, 1.252e-4
-1.714, 1.271e-4
-1.715, 1.289e-4
-1.716, 1.308e-4
-1.717, 1.328e-4
-1.718, 1.347e-4
-1.719, 1.367e-4
-1.720, 1.388e-4
-1.721, 1.409e-4
-1.722, 1.430e-4
-1.723, 1.452e-4
-1.724, 1.475e-4
-1.725, 1.498e-4
-1.726, 1.521e-4
-1.727, 1.546e-4
-1.728, 1.571e-4
-1.729, 1.596e-4
-1.730, 1.623e-4
-1.731, 1.650e-4
-1.732, 1.678e-4
-1.733, 1.707e-4
-1.734, 1.737e-4
-1.735, 1.768e-4
-1.736, 1.801e-4
-1.737, 1.835e-4
-1.738, 1.870e-4
-1.739, 1.906e-4
-1.740, 1.945e-4
-1.741, 1.985e-4
-1.742, 2.026e-4
-1.743, 2.070e-4
-1.744, 2.115e-4
-1.745, 2.163e-4
-1.746, 2.212e-4
-1.747, 2.263e-4
-1.748, 2.316e-4
-1.749, 2.371e-4
-1.750, 2.427e-4
-1.751, 2.485e-4
-1.752, 2.544e-4
-1.753, 2.605e-4
-1.754, 2.667e-4
-1.755, 2.730e-4
-1.756, 2.795e-4
-1.757, 2.861e-4
-1.758, 2.928e-4
-1.759, 2.995e-4
-1.760, 3.064e-4
-1.761, 3.134e-4
-1.762, 3.204e-4
-1.763, 3.276e-4
-1.764, 3.348e-4
-1.765, 3.421e-4
-1.766, 3.495e-4
-1.767, 3.570e-4
-1.768, 3.645e-4
-1.769, 3.720e-4
-1.770, 3.797e-4
-1.771, 3.873e-4
-1.772, 3.951e-4
-1.773, 4.028e-4
-1.774, 4.107e-4
-1.775, 4.185e-4
-1.776, 4.264e-4
-1.777, 4.344e-4
-1.778, 4.423e-4
-1.779, 4.504e-4
-1.780, 4.584e-4
-1.781, 4.665e-4
-1.782, 4.747e-4
-1.783, 4.829e-4
-1.784, 4.911e-4
-1.785, 4.993e-4
-1.786, 5.076e-4
-1.787, 5.159e-4
-1.788, 5.243e-4
-1.789, 5.327e-4
-1.790, 5.411e-4
-1.791, 5.496e-4
-1.792, 5.581e-4
-1.793, 5.666e-4
-1.794, 5.751e-4
-1.795, 5.837e-4
-1.796, 5.923e-4
-1.797, 6.009e-4
-1.798, 6.096e-4
-1.799, 6.182e-4
-1.800, 6.269e-4
-1.801, 6.357e-4
-1.802, 6.444e-4
-1.803, 6.532e-4
-1.804, 6.620e-4
-1.805, 6.708e-4
-1.806, 6.797e-4
-1.807, 6.886e-4
-1.808, 6.975e-4
-1.809, 7.064e-4
-1.810, 7.153e-4
-1.811, 7.243e-4
-1.812, 7.333e-4
-1.813, 7.423e-4
-1.814, 7.513e-4
-1.815, 7.604e-4
-1.816, 7.695e-4
-1.817, 7.786e-4
-1.818, 7.877e-4
-1.819, 7.969e-4
-1.820, 8.061e-4
-1.821, 8.153e-4
-1.822, 8.245e-4
-1.823, 8.337e-4
-1.824, 8.429e-4
-1.825, 8.522e-4
-1.826, 8.615e-4
-1.827, 8.708e-4
-1.828, 8.801e-4
-1.829, 8.895e-4
-1.830, 8.989e-4
-1.831, 9.083e-4
-1.832, 9.177e-4
-1.833, 9.272e-4
-1.834, 9.366e-4
-1.835, 9.460e-4
-1.836, 9.555e-4
-1.837, 9.649e-4
-1.838, 9.745e-4
-1.839, 9.840e-4
-1.840, 9.936e-4
-1.841, 1.003e-3
-1.842, 1.010e-3
-1.843, 1.011e-3
-1.844, 1.011e-3
-1.845, 1.011e-3
-1.846, 1.011e-3
-1.847, 1.011e-3
-1.848, 1.011e-3
-1.849, 1.011e-3
-1.850, 1.011e-3
-1.851, 1.011e-3
-1.852, 1.011e-3
-1.853, 1.011e-3
-1.854, 1.011e-3
-1.855, 1.011e-3
-1.856, 1.011e-3
-1.857, 1.011e-3
-1.858, 1.011e-3
-1.859, 1.011e-3
-1.860, 1.011e-3
-1.861, 1.011e-3
-1.862, 1.011e-3
-1.863, 1.011e-3
-1.864, 1.011e-3
-1.865, 1.011e-3
-1.866, 1.011e-3
-1.867, 1.011e-3
-1.868, 1.011e-3
-1.869, 1.011e-3
-1.870, 1.011e-3
-1.871, 1.011e-3
-1.872, 1.011e-3
-1.873, 1.011e-3
-1.874, 1.011e-3
-1.875, 1.011e-3
-1.876, 1.011e-3
-1.877, 1.011e-3
-1.878, 1.011e-3
-1.879, 1.011e-3
-1.880, 1.011e-3
-1.881, 1.011e-3
-1.882, 1.011e-3
-1.883, 1.011e-3
-1.884, 1.011e-3
-1.885, 1.011e-3
-1.886, 1.011e-3
-1.887, 1.011e-3
-1.888, 1.011e-3
-1.889, 1.011e-3
-1.890, 1.011e-3
-1.891, 1.011e-3
-1.892, 1.011e-3
-1.893, 1.011e-3
-1.894, 1.011e-3
-1.895, 1.011e-3
-1.896, 1.011e-3
-1.897, 1.011e-3
-1.898, 1.011e-3
-1.899, 1.011e-3
-1.900, 1.011e-3
-1.901, 1.011e-3
-1.902, 1.011e-3
-1.903, 1.011e-3
-1.904, 1.011e-3
-1.905, 1.011e-3
-1.906, 1.011e-3
-1.907, 1.011e-3
-1.908, 1.011e-3
-1.909, 1.011e-3
-1.910, 1.011e-3
-1.911, 1.011e-3
-1.912, 1.011e-3
-1.913, 1.011e-3
-1.914, 1.011e-3
-1.915, 1.011e-3
-1.916, 1.011e-3
-1.917, 1.011e-3
-1.918, 1.011e-3
-1.919, 1.011e-3
-1.920, 1.011e-3
-1.921, 1.011e-3
-1.922, 1.011e-3
-1.923, 1.011e-3
-1.924, 1.011e-3
-1.925, 1.011e-3
-1.926, 1.011e-3
-1.927, 1.011e-3
-1.928, 1.011e-3
-1.929, 1.011e-3
-1.930, 1.011e-3
-1.931, 1.011e-3
-1.932, 1.011e-3
-1.933, 1.011e-3
-1.934, 1.011e-3
-1.935, 1.011e-3
-1.936, 1.011e-3
-1.937, 1.011e-3
-1.938, 1.011e-3
-1.939, 1.011e-3
-1.940, 1.011e-3
-1.941, 1.011e-3
-1.942, 1.011e-3
-1.943, 1.011e-3
-1.944, 1.011e-3
-1.945, 1.011e-3
-1.946, 1.011e-3
-1.947, 1.011e-3
-1.948, 1.011e-3
-1.949, 1.011e-3
-1.950, 1.011e-3
-1.951, 1.011e-3
-1.952, 1.011e-3
-1.953, 1.011e-3
-1.954, 1.011e-3
-1.955, 1.011e-3
-1.956, 1.011e-3
-1.957, 1.011e-3
-1.958, 1.011e-3
-1.959, 1.011e-3
-1.960, 1.011e-3
-1.961, 1.011e-3
-1.962, 1.011e-3
-1.963, 1.011e-3
-1.964, 1.011e-3
-1.965, 1.011e-3
-1.966, 1.011e-3
-1.967, 1.011e-3
-1.968, 1.011e-3
-1.969, 1.011e-3
-1.970, 1.011e-3
-1.971, 1.011e-3
-1.972, 1.011e-3
-1.973, 1.011e-3
-1.974, 1.011e-3
-1.975, 1.011e-3
-1.976, 1.011e-3
-1.977, 1.011e-3
-1.978, 1.011e-3
-1.979, 1.011e-3
-1.980, 1.011e-3
-1.981, 1.011e-3
-1.982, 1.011e-3
-1.983, 1.011e-3
-1.984, 1.011e-3
-1.985, 1.011e-3
-1.986, 1.011e-3
-1.987, 1.011e-3
-1.988, 1.011e-3
-1.989, 1.011e-3
-1.990, 1.011e-3
-1.991, 1.011e-3
-1.992, 1.011e-3
-1.993, 1.011e-3
-1.994, 1.011e-3
-1.995, 1.011e-3
-1.996, 1.011e-3
-1.997, 1.011e-3
-1.998, 1.011e-3
-1.999, 1.011e-3
-2.000, 1.011e-3
-2.001, 1.011e-3
-2.002, 1.011e-3
-2.003, 1.011e-3
-2.004, 1.011e-3
-2.005, 1.011e-3
-2.006, 1.011e-3
-2.007, 1.011e-3
-2.008, 1.011e-3
-2.009, 1.011e-3
-2.010, 1.011e-3
-2.011, 1.011e-3
-2.012, 1.011e-3
-2.013, 1.011e-3
-2.014, 1.011e-3
-2.015, 1.011e-3
-2.016, 1.011e-3
-2.017, 1.011e-3
-2.018, 1.011e-3
-2.019, 1.011e-3
-2.020, 1.011e-3
-2.021, 1.011e-3
-2.022, 1.011e-3
-2.023, 1.011e-3
-2.024, 1.011e-3
-2.025, 1.011e-3
-2.026, 1.011e-3
-2.027, 1.011e-3
-2.028, 1.011e-3
-2.029, 1.011e-3
-2.030, 1.011e-3
-2.031, 1.011e-3
-2.032, 1.011e-3
-2.033, 1.011e-3
-2.034, 1.011e-3
-2.035, 1.011e-3
-2.036, 1.011e-3
-2.037, 1.011e-3
-2.038, 1.011e-3
-2.039, 1.011e-3
-2.040, 1.011e-3
-2.041, 1.011e-3
-2.042, 1.011e-3
-2.043, 1.011e-3
-2.044, 1.011e-3
-2.045, 1.011e-3
-2.046, 1.011e-3
-2.047, 1.011e-3
-2.048, 1.011e-3
-2.049, 1.011e-3
-2.050, 1.011e-3
-2.051, 1.011e-3
-2.052, 1.011e-3
-2.053, 1.011e-3
-2.054, 1.011e-3
-2.055, 1.011e-3
-2.056, 1.011e-3
-2.057, 1.011e-3
-2.058, 1.011e-3
-2.059, 1.011e-3
-2.060, 1.011e-3
-2.061, 1.011e-3
-2.062, 1.011e-3
-2.063, 1.011e-3
-2.064, 1.011e-3
-2.065, 1.011e-3
-2.066, 1.011e-3
-2.067, 1.011e-3
-2.068, 1.011e-3
-2.069, 1.011e-3
-2.070, 1.011e-3
-2.071, 1.011e-3
-2.072, 1.011e-3
-2.073, 1.011e-3
-2.074, 1.011e-3
-2.075, 1.011e-3
-2.076, 1.011e-3
-2.077, 1.011e-3
-2.078, 1.011e-3
-2.079, 1.011e-3
-2.080, 1.011e-3
-2.081, 1.011e-3
-2.082, 1.011e-3
-2.083, 1.011e-3
-2.084, 1.011e-3
-2.085, 1.011e-3
-2.086, 1.011e-3
-2.087, 1.011e-3
-2.088, 1.011e-3
-2.089, 1.011e-3
-2.090, 1.011e-3
-2.091, 1.011e-3
-2.092, 1.011e-3
-2.093, 1.011e-3
-2.094, 1.011e-3
-2.095, 1.011e-3
-2.096, 1.011e-3
-2.097, 1.011e-3
-2.098, 1.011e-3
-2.099, 1.011e-3
-2.100, 1.011e-3
-2.101, 1.011e-3
-2.102, 1.011e-3
-2.103, 1.011e-3
-2.104, 1.011e-3
-2.105, 1.011e-3
-2.106, 1.011e-3
-2.107, 1.011e-3
-2.108, 1.011e-3
-2.109, 1.011e-3
-2.110, 1.011e-3
-2.111, 1.011e-3
-2.112, 1.011e-3
-2.113, 1.011e-3
-2.114, 1.011e-3
-2.115, 1.011e-3
-2.116, 1.011e-3
-2.117, 1.011e-3
-2.118, 1.011e-3
-2.119, 1.011e-3
-2.120, 1.011e-3
-2.121, 1.011e-3
-2.122, 1.011e-3
-2.123, 1.011e-3
-2.124, 1.011e-3
-2.125, 1.011e-3
-2.126, 1.011e-3
-2.127, 1.011e-3
-2.128, 1.011e-3
-2.129, 1.011e-3
-2.130, 1.011e-3
-2.131, 1.011e-3
-2.132, 1.011e-3
-2.133, 1.011e-3
-2.134, 1.011e-3
-2.135, 1.011e-3
-2.136, 1.011e-3
-2.137, 1.011e-3
-2.138, 1.011e-3
-2.139, 1.011e-3
-2.140, 1.011e-3
-2.141, 1.011e-3
-2.142, 1.011e-3
-2.143, 1.011e-3
-2.144, 1.011e-3
-2.145, 1.011e-3
-2.146, 1.011e-3
-2.147, 1.011e-3
-2.148, 1.011e-3
-2.149, 1.011e-3
-2.150, 1.011e-3
-2.151, 1.011e-3
-2.152, 1.011e-3
-2.153, 1.011e-3
-2.154, 1.011e-3
-2.155, 1.011e-3
-2.156, 1.011e-3
-2.157, 1.011e-3
-2.158, 1.011e-3
-2.159, 1.011e-3
-2.160, 1.011e-3
-2.161, 1.011e-3
-2.162, 1.011e-3
-2.163, 1.011e-3
-2.164, 1.011e-3
-2.165, 1.011e-3
-2.166, 1.011e-3
-2.167, 1.011e-3
-2.168, 1.011e-3
-2.169, 1.011e-3
-2.170, 1.011e-3
-2.171, 1.011e-3
-2.172, 1.011e-3
-2.173, 1.011e-3
-2.174, 1.011e-3
-2.175, 1.011e-3
-2.176, 1.011e-3
-2.177, 1.011e-3
-2.178, 1.011e-3
-2.179, 1.011e-3
-2.180, 1.011e-3
-2.181, 1.011e-3
-2.182, 1.011e-3
-2.183, 1.011e-3
-2.184, 1.011e-3
-2.185, 1.011e-3
-2.186, 1.011e-3
-2.187, 1.011e-3
-2.188, 1.011e-3
-2.189, 1.011e-3
-2.190, 1.011e-3
-2.191, 1.011e-3
-2.192, 1.011e-3
-2.193, 1.011e-3
-2.194, 1.011e-3
-2.195, 1.011e-3
-2.196, 1.011e-3
-2.197, 1.011e-3
-2.198, 1.011e-3
-2.199, 1.011e-3
-2.200, 1.011e-3
-2.201, 1.011e-3
-2.202, 1.011e-3
-2.203, 1.011e-3
-2.204, 1.011e-3
-2.205, 1.011e-3
-2.206, 1.011e-3
-2.207, 1.011e-3
-2.208, 1.011e-3
-2.209, 1.011e-3
-2.210, 1.011e-3
-2.211, 1.011e-3
-2.212, 1.011e-3
-2.213, 1.011e-3
-2.214, 1.011e-3
-2.215, 1.011e-3
-2.216, 1.011e-3
-2.217, 1.011e-3
-2.218, 1.011e-3
-2.219, 1.011e-3
-2.220, 1.011e-3
-2.221, 1.011e-3
-2.222, 1.011e-3
-2.223, 1.011e-3
-2.224, 1.011e-3
-2.225, 1.011e-3
-2.226, 1.011e-3
-2.227, 1.011e-3
-2.228, 1.011e-3
-2.229, 1.011e-3
-2.230, 1.011e-3
-2.231, 1.011e-3
-2.232, 1.011e-3
-2.233, 1.011e-3
-2.234, 1.011e-3
-2.235, 1.011e-3
-2.236, 1.011e-3
-2.237, 1.011e-3
-2.238, 1.011e-3
-2.239, 1.011e-3
-2.240, 1.011e-3
-2.241, 1.011e-3
-2.242, 1.011e-3
-2.243, 1.011e-3
-2.244, 1.011e-3
-2.245, 1.011e-3
-2.246, 1.011e-3
-2.247, 1.011e-3
-2.248, 1.011e-3
-2.249, 1.011e-3
-2.250, 1.011e-3
-2.251, 1.011e-3
-2.252, 1.011e-3
-2.253, 1.011e-3
-2.254, 1.011e-3
-2.255, 1.011e-3
-2.256, 1.011e-3
-2.257, 1.011e-3
-2.258, 1.011e-3
-2.259, 1.011e-3
-2.260, 1.011e-3
-2.261, 1.011e-3
-2.262, 1.011e-3
-2.263, 1.011e-3
-2.264, 1.011e-3
-2.265, 1.011e-3
-2.266, 1.011e-3
-2.267, 1.011e-3
-2.268, 1.011e-3
-2.269, 1.011e-3
-2.270, 1.011e-3
-2.271, 1.011e-3
-2.272, 1.011e-3
-2.273, 1.011e-3
-2.274, 1.011e-3
-2.275, 1.011e-3
-2.276, 1.011e-3
-2.277, 1.011e-3
-2.278, 1.011e-3
-2.279, 1.011e-3
-2.280, 1.011e-3
-2.281, 1.011e-3
-2.282, 1.011e-3
-2.283, 1.011e-3
-2.284, 1.011e-3
-2.285, 1.011e-3
-2.286, 1.011e-3
-2.287, 1.011e-3
-2.288, 1.011e-3
-2.289, 1.011e-3
-2.290, 1.011e-3
-2.291, 1.011e-3
-2.292, 1.011e-3
-2.293, 1.011e-3
-2.294, 1.011e-3
-2.295, 1.011e-3
-2.296, 1.011e-3
-2.297, 1.011e-3
-2.298, 1.011e-3
-2.299, 1.011e-3
