July 12, 2024   11:57:54
Cyclic Voltammetry
File: c:/users/guazh/data/20240709_batch67/2024-07-10-exp21\exp21-2024-07-12t11_31_25-arkoh\exp21_cv_sr_800mvs_efin_-2000mv.bin
Data Source:  Experiment
Instrument Model:  CHI760E
Header: CV ran at 800 mVs
Note: 

Init E (V) = -1
High E (V) = -1
Low E (V) = -2
Final E (V) = -1
Init P/N = N
Scan Rate (V/s) = 0.8
Segment = 3
Sample Interval (V) = 0.001
Quiet Time (sec) = 2
Sensitivity (A/V) = 0.01
Comp R (ohm) = 1.7

Results:

Channel 1:
Segment 1:

Segment 2:

Segment 3:

Potential/V, Current/A

-1.000, 1.559e-7
-1.001, 3.239e-6
-1.002, 1.559e-7
-1.003, 1.559e-7
-1.004, 1.559e-7
-1.005, 3.239e-6
-1.006, 1.559e-7
-1.007, 1.559e-7
-1.008, 1.559e-7
-1.009, 3.239e-6
-1.010, 1.559e-7
-1.011, 3.239e-6
-1.012, 1.559e-7
-1.013, 3.239e-6
-1.014, 3.239e-6
-1.015, 3.239e-6
-1.016, 1.559e-7
-1.017, 3.239e-6
-1.018, 3.239e-6
-1.019, 3.239e-6
-1.020, 1.559e-7
-1.021, 3.239e-6
-1.022, 3.239e-6
-1.023, 3.239e-6
-1.024, 3.239e-6
-1.025, 3.239e-6
-1.026, 3.239e-6
-1.027, 3.239e-6
-1.028, 3.239e-6
-1.029, 3.239e-6
-1.030, 3.239e-6
-1.031, 3.239e-6
-1.032, 3.239e-6
-1.033, 3.239e-6
-1.034, 1.559e-7
-1.035, 3.239e-6
-1.036, 3.239e-6
-1.037, 3.239e-6
-1.038, 3.239e-6
-1.039, 3.239e-6
-1.040, 3.239e-6
-1.041, 3.239e-6
-1.042, 3.239e-6
-1.043, 3.239e-6
-1.044, 3.239e-6
-1.045, 3.239e-6
-1.046, 3.239e-6
-1.047, 3.239e-6
-1.048, 3.239e-6
-1.049, 3.239e-6
-1.050, 3.239e-6
-1.051, 3.239e-6
-1.052, 3.239e-6
-1.053, 3.239e-6
-1.054, 6.322e-6
-1.055, 3.239e-6
-1.056, 3.239e-6
-1.057, 3.239e-6
-1.058, 3.239e-6
-1.059, 3.239e-6
-1.060, 3.239e-6
-1.061, 3.239e-6
-1.062, 3.239e-6
-1.063, 3.239e-6
-1.064, 3.239e-6
-1.065, 3.239e-6
-1.066, 3.239e-6
-1.067, 6.322e-6
-1.068, 3.239e-6
-1.069, 3.239e-6
-1.070, 3.239e-6
-1.071, 3.239e-6
-1.072, 3.239e-6
-1.073, 6.322e-6
-1.074, 3.239e-6
-1.075, 3.239e-6
-1.076, 3.239e-6
-1.077, 3.239e-6
-1.078, 3.239e-6
-1.079, 6.322e-6
-1.080, 6.322e-6
-1.081, 6.322e-6
-1.082, 3.239e-6
-1.083, 3.239e-6
-1.084, 3.239e-6
-1.085, 6.322e-6
-1.086, 3.239e-6
-1.087, 6.322e-6
-1.088, 3.239e-6
-1.089, 6.322e-6
-1.090, 6.322e-6
-1.091, 6.322e-6
-1.092, 3.239e-6
-1.093, 6.322e-6
-1.094, 3.239e-6
-1.095, 3.239e-6
-1.096, 3.239e-6
-1.097, 3.239e-6
-1.098, 3.239e-6
-1.099, 6.322e-6
-1.100, 3.239e-6
-1.101, 3.239e-6
-1.102, 3.239e-6
-1.103, 3.239e-6
-1.104, 3.239e-6
-1.105, 3.239e-6
-1.106, 6.322e-6
-1.107, 6.322e-6
-1.108, 6.322e-6
-1.109, 3.239e-6
-1.110, 6.322e-6
-1.111, 6.322e-6
-1.112, 6.322e-6
-1.113, 3.239e-6
-1.114, 6.322e-6
-1.115, 6.322e-6
-1.116, 6.322e-6
-1.117, 6.322e-6
-1.118, 6.322e-6
-1.119, 3.239e-6
-1.120, 6.322e-6
-1.121, 6.322e-6
-1.122, 3.239e-6
-1.123, 3.239e-6
-1.124, 6.322e-6
-1.125, 6.322e-6
-1.126, 6.322e-6
-1.127, 6.322e-6
-1.128, 6.322e-6
-1.129, 6.322e-6
-1.130, 6.322e-6
-1.131, 6.322e-6
-1.132, 3.239e-6
-1.133, 6.322e-6
-1.134, 6.322e-6
-1.135, 6.322e-6
-1.136, 6.322e-6
-1.137, 6.322e-6
-1.138, 6.322e-6
-1.139, 6.322e-6
-1.140, 6.322e-6
-1.141, 6.322e-6
-1.142, 6.322e-6
-1.143, 6.322e-6
-1.144, 6.322e-6
-1.145, 6.322e-6
-1.146, 6.322e-6
-1.147, 6.322e-6
-1.148, 6.322e-6
-1.149, 6.322e-6
-1.150, 6.322e-6
-1.151, 6.322e-6
-1.152, 6.322e-6
-1.153, 6.322e-6
-1.154, 6.322e-6
-1.155, 6.322e-6
-1.156, 6.322e-6
-1.157, 6.322e-6
-1.158, 3.239e-6
-1.159, 6.322e-6
-1.160, 6.322e-6
-1.161, 6.322e-6
-1.162, 6.322e-6
-1.163, 6.322e-6
-1.164, 6.322e-6
-1.165, 6.322e-6
-1.166, 6.322e-6
-1.167, 6.322e-6
-1.168, 6.322e-6
-1.169, 6.322e-6
-1.170, 6.322e-6
-1.171, 6.322e-6
-1.172, 6.322e-6
-1.173, 6.322e-6
-1.174, 6.322e-6
-1.175, 6.322e-6
-1.176, 6.322e-6
-1.177, 6.322e-6
-1.178, 6.322e-6
-1.179, 6.322e-6
-1.180, 6.322e-6
-1.181, 6.322e-6
-1.182, 9.405e-6
-1.183, 6.322e-6
-1.184, 6.322e-6
-1.185, 6.322e-6
-1.186, 6.322e-6
-1.187, 6.322e-6
-1.188, 6.322e-6
-1.189, 6.322e-6
-1.190, 6.322e-6
-1.191, 6.322e-6
-1.192, 6.322e-6
-1.193, 6.322e-6
-1.194, 6.322e-6
-1.195, 6.322e-6
-1.196, 6.322e-6
-1.197, 9.405e-6
-1.198, 6.322e-6
-1.199, 6.322e-6
-1.200, 6.322e-6
-1.201, 9.405e-6
-1.202, 6.322e-6
-1.203, 6.322e-6
-1.204, 6.322e-6
-1.205, 6.322e-6
-1.206, 6.322e-6
-1.207, 6.322e-6
-1.208, 6.322e-6
-1.209, 9.405e-6
-1.210, 6.322e-6
-1.211, 9.405e-6
-1.212, 6.322e-6
-1.213, 9.405e-6
-1.214, 9.405e-6
-1.215, 6.322e-6
-1.216, 6.322e-6
-1.217, 6.322e-6
-1.218, 6.322e-6
-1.219, 6.322e-6
-1.220, 6.322e-6
-1.221, 6.322e-6
-1.222, 6.322e-6
-1.223, 6.322e-6
-1.224, 9.405e-6
-1.225, 6.322e-6
-1.226, 6.322e-6
-1.227, 9.405e-6
-1.228, 9.405e-6
-1.229, 9.405e-6
-1.230, 9.405e-6
-1.231, 6.322e-6
-1.232, 9.405e-6
-1.233, 9.405e-6
-1.234, 9.405e-6
-1.235, 9.405e-6
-1.236, 9.405e-6
-1.237, 9.405e-6
-1.238, 9.405e-6
-1.239, 9.405e-6
-1.240, 9.405e-6
-1.241, 9.405e-6
-1.242, 9.405e-6
-1.243, 9.405e-6
-1.244, 9.405e-6
-1.245, 9.405e-6
-1.246, 9.405e-6
-1.247, 9.405e-6
-1.248, 9.405e-6
-1.249, 9.405e-6
-1.250, 9.405e-6
-1.251, 9.405e-6
-1.252, 9.405e-6
-1.253, 9.405e-6
-1.254, 9.405e-6
-1.255, 9.405e-6
-1.256, 9.405e-6
-1.257, 9.405e-6
-1.258, 9.405e-6
-1.259, 9.405e-6
-1.260, 9.405e-6
-1.261, 9.405e-6
-1.262, 9.405e-6
-1.263, 9.405e-6
-1.264, 9.405e-6
-1.265, 9.405e-6
-1.266, 9.405e-6
-1.267, 9.405e-6
-1.268, 9.405e-6
-1.269, 9.405e-6
-1.270, 9.405e-6
-1.271, 9.405e-6
-1.272, 9.405e-6
-1.273, 9.405e-6
-1.274, 9.405e-6
-1.275, 9.405e-6
-1.276, 9.405e-6
-1.277, 9.405e-6
-1.278, 9.405e-6
-1.279, 9.405e-6
-1.280, 1.249e-5
-1.281, 1.249e-5
-1.282, 9.405e-6
-1.283, 9.405e-6
-1.284, 9.405e-6
-1.285, 9.405e-6
-1.286, 9.405e-6
-1.287, 9.405e-6
-1.288, 9.405e-6
-1.289, 9.405e-6
-1.290, 9.405e-6
-1.291, 9.405e-6
-1.292, 9.405e-6
-1.293, 9.405e-6
-1.294, 1.249e-5
-1.295, 9.405e-6
-1.296, 9.405e-6
-1.297, 9.405e-6
-1.298, 1.249e-5
-1.299, 9.405e-6
-1.300, 9.405e-6
-1.301, 9.405e-6
-1.302, 1.249e-5
-1.303, 1.249e-5
-1.304, 1.249e-5
-1.305, 1.249e-5
-1.306, 1.249e-5
-1.307, 1.249e-5
-1.308, 1.249e-5
-1.309, 1.249e-5
-1.310, 1.249e-5
-1.311, 9.405e-6
-1.312, 1.249e-5
-1.313, 1.249e-5
-1.314, 9.405e-6
-1.315, 9.405e-6
-1.316, 1.249e-5
-1.317, 1.249e-5
-1.318, 1.249e-5
-1.319, 1.249e-5
-1.320, 1.249e-5
-1.321, 1.249e-5
-1.322, 1.249e-5
-1.323, 1.249e-5
-1.324, 1.249e-5
-1.325, 1.249e-5
-1.326, 9.405e-6
-1.327, 1.249e-5
-1.328, 1.249e-5
-1.329, 1.249e-5
-1.330, 1.249e-5
-1.331, 1.249e-5
-1.332, 1.249e-5
-1.333, 1.249e-5
-1.334, 1.249e-5
-1.335, 1.249e-5
-1.336, 1.249e-5
-1.337, 1.249e-5
-1.338, 1.249e-5
-1.339, 1.249e-5
-1.340, 1.249e-5
-1.341, 1.249e-5
-1.342, 1.249e-5
-1.343, 1.249e-5
-1.344, 1.249e-5
-1.345, 1.249e-5
-1.346, 1.249e-5
-1.347, 1.249e-5
-1.348, 1.249e-5
-1.349, 1.249e-5
-1.350, 1.249e-5
-1.351, 1.249e-5
-1.352, 1.249e-5
-1.353, 1.249e-5
-1.354, 1.249e-5
-1.355, 1.249e-5
-1.356, 1.557e-5
-1.357, 1.249e-5
-1.358, 1.249e-5
-1.359, 1.249e-5
-1.360, 1.557e-5
-1.361, 1.557e-5
-1.362, 1.249e-5
-1.363, 1.249e-5
-1.364, 1.249e-5
-1.365, 1.249e-5
-1.366, 1.557e-5
-1.367, 1.249e-5
-1.368, 1.557e-5
-1.369, 1.249e-5
-1.370, 1.557e-5
-1.371, 1.557e-5
-1.372, 1.249e-5
-1.373, 1.557e-5
-1.374, 1.557e-5
-1.375, 1.249e-5
-1.376, 1.249e-5
-1.377, 1.249e-5
-1.378, 1.557e-5
-1.379, 1.557e-5
-1.380, 1.249e-5
-1.381, 1.249e-5
-1.382, 1.249e-5
-1.383, 1.557e-5
-1.384, 1.249e-5
-1.385, 1.249e-5
-1.386, 1.557e-5
-1.387, 1.557e-5
-1.388, 1.557e-5
-1.389, 1.557e-5
-1.390, 1.249e-5
-1.391, 1.557e-5
-1.392, 1.557e-5
-1.393, 1.557e-5
-1.394, 1.557e-5
-1.395, 1.557e-5
-1.396, 1.557e-5
-1.397, 1.557e-5
-1.398, 1.557e-5
-1.399, 1.557e-5
-1.400, 1.557e-5
-1.401, 1.557e-5
-1.402, 1.557e-5
-1.403, 1.557e-5
-1.404, 1.557e-5
-1.405, 1.557e-5
-1.406, 1.557e-5
-1.407, 1.557e-5
-1.408, 1.557e-5
-1.409, 1.557e-5
-1.410, 1.557e-5
-1.411, 1.557e-5
-1.412, 1.557e-5
-1.413, 1.557e-5
-1.414, 1.557e-5
-1.415, 1.557e-5
-1.416, 1.557e-5
-1.417, 1.557e-5
-1.418, 1.557e-5
-1.419, 1.557e-5
-1.420, 1.557e-5
-1.421, 1.557e-5
-1.422, 1.557e-5
-1.423, 1.557e-5
-1.424, 1.865e-5
-1.425, 1.557e-5
-1.426, 1.557e-5
-1.427, 1.865e-5
-1.428, 1.557e-5
-1.429, 1.557e-5
-1.430, 1.557e-5
-1.431, 1.557e-5
-1.432, 1.865e-5
-1.433, 1.557e-5
-1.434, 1.557e-5
-1.435, 1.557e-5
-1.436, 1.865e-5
-1.437, 1.865e-5
-1.438, 1.557e-5
-1.439, 1.557e-5
-1.440, 1.865e-5
-1.441, 1.865e-5
-1.442, 1.865e-5
-1.443, 1.557e-5
-1.444, 1.557e-5
-1.445, 1.865e-5
-1.446, 1.557e-5
-1.447, 1.865e-5
-1.448, 1.865e-5
-1.449, 1.865e-5
-1.450, 1.865e-5
-1.451, 1.865e-5
-1.452, 1.557e-5
-1.453, 1.865e-5
-1.454, 1.865e-5
-1.455, 1.865e-5
-1.456, 1.557e-5
-1.457, 1.865e-5
-1.458, 1.865e-5
-1.459, 1.865e-5
-1.460, 1.865e-5
-1.461, 1.865e-5
-1.462, 1.865e-5
-1.463, 1.865e-5
-1.464, 1.865e-5
-1.465, 1.865e-5
-1.466, 1.865e-5
-1.467, 1.865e-5
-1.468, 1.865e-5
-1.469, 1.865e-5
-1.470, 1.865e-5
-1.471, 1.865e-5
-1.472, 1.865e-5
-1.473, 1.865e-5
-1.474, 1.865e-5
-1.475, 1.865e-5
-1.476, 1.865e-5
-1.477, 1.865e-5
-1.478, 1.865e-5
-1.479, 1.865e-5
-1.480, 1.865e-5
-1.481, 1.865e-5
-1.482, 1.865e-5
-1.483, 1.865e-5
-1.484, 1.865e-5
-1.485, 1.865e-5
-1.486, 1.865e-5
-1.487, 1.865e-5
-1.488, 2.174e-5
-1.489, 1.865e-5
-1.490, 2.174e-5
-1.491, 1.865e-5
-1.492, 1.865e-5
-1.493, 1.865e-5
-1.494, 2.174e-5
-1.495, 1.865e-5
-1.496, 1.865e-5
-1.497, 1.865e-5
-1.498, 2.174e-5
-1.499, 2.174e-5
-1.500, 2.174e-5
-1.501, 2.174e-5
-1.502, 2.174e-5
-1.503, 2.174e-5
-1.504, 2.174e-5
-1.505, 2.174e-5
-1.506, 2.174e-5
-1.507, 2.174e-5
-1.508, 2.174e-5
-1.509, 1.865e-5
-1.510, 2.174e-5
-1.511, 2.174e-5
-1.512, 2.174e-5
-1.513, 2.174e-5
-1.514, 2.174e-5
-1.515, 2.174e-5
-1.516, 2.174e-5
-1.517, 2.174e-5
-1.518, 2.174e-5
-1.519, 2.174e-5
-1.520, 2.174e-5
-1.521, 2.174e-5
-1.522, 2.174e-5
-1.523, 2.174e-5
-1.524, 2.174e-5
-1.525, 2.174e-5
-1.526, 2.174e-5
-1.527, 2.174e-5
-1.528, 2.174e-5
-1.529, 2.174e-5
-1.530, 2.174e-5
-1.531, 2.174e-5
-1.532, 2.174e-5
-1.533, 2.482e-5
-1.534, 2.482e-5
-1.535, 2.174e-5
-1.536, 2.174e-5
-1.537, 2.482e-5
-1.538, 2.482e-5
-1.539, 2.482e-5
-1.540, 2.482e-5
-1.541, 2.482e-5
-1.542, 2.482e-5
-1.543, 2.482e-5
-1.544, 2.482e-5
-1.545, 2.174e-5
-1.546, 2.482e-5
-1.547, 2.482e-5
-1.548, 2.482e-5
-1.549, 2.482e-5
-1.550, 2.482e-5
-1.551, 2.482e-5
-1.552, 2.482e-5
-1.553, 2.482e-5
-1.554, 2.482e-5
-1.555, 2.482e-5
-1.556, 2.790e-5
-1.557, 2.482e-5
-1.558, 2.482e-5
-1.559, 2.482e-5
-1.560, 2.790e-5
-1.561, 2.790e-5
-1.562, 2.790e-5
-1.563, 2.482e-5
-1.564, 2.482e-5
-1.565, 2.790e-5
-1.566, 2.482e-5
-1.567, 2.482e-5
-1.568, 2.482e-5
-1.569, 2.790e-5
-1.570, 2.790e-5
-1.571, 2.790e-5
-1.572, 2.790e-5
-1.573, 2.790e-5
-1.574, 2.790e-5
-1.575, 2.790e-5
-1.576, 2.790e-5
-1.577, 2.790e-5
-1.578, 2.790e-5
-1.579, 2.790e-5
-1.580, 2.790e-5
-1.581, 2.790e-5
-1.582, 2.790e-5
-1.583, 2.790e-5
-1.584, 2.790e-5
-1.585, 2.790e-5
-1.586, 2.790e-5
-1.587, 3.099e-5
-1.588, 2.790e-5
-1.589, 3.099e-5
-1.590, 3.099e-5
-1.591, 3.099e-5
-1.592, 3.099e-5
-1.593, 3.099e-5
-1.594, 3.099e-5
-1.595, 3.099e-5
-1.596, 3.099e-5
-1.597, 3.407e-5
-1.598, 3.099e-5
-1.599, 3.099e-5
-1.600, 3.099e-5
-1.601, 3.407e-5
-1.602, 3.407e-5
-1.603, 3.407e-5
-1.604, 3.099e-5
-1.605, 3.407e-5
-1.606, 3.407e-5
-1.607, 3.099e-5
-1.608, 3.407e-5
-1.609, 3.407e-5
-1.610, 3.407e-5
-1.611, 3.407e-5
-1.612, 3.407e-5
-1.613, 3.407e-5
-1.614, 3.715e-5
-1.615, 3.407e-5
-1.616, 3.407e-5
-1.617, 3.407e-5
-1.618, 3.715e-5
-1.619, 3.407e-5
-1.620, 3.715e-5
-1.621, 3.715e-5
-1.622, 3.715e-5
-1.623, 3.715e-5
-1.624, 3.715e-5
-1.625, 3.715e-5
-1.626, 3.715e-5
-1.627, 4.024e-5
-1.628, 4.024e-5
-1.629, 3.715e-5
-1.630, 4.024e-5
-1.631, 4.024e-5
-1.632, 4.024e-5
-1.633, 4.024e-5
-1.634, 4.024e-5
-1.635, 4.024e-5
-1.636, 4.024e-5
-1.637, 4.024e-5
-1.638, 4.024e-5
-1.639, 4.024e-5
-1.640, 4.332e-5
-1.641, 4.332e-5
-1.642, 4.332e-5
-1.643, 4.332e-5
-1.644, 4.332e-5
-1.645, 4.640e-5
-1.646, 4.332e-5
-1.647, 4.332e-5
-1.648, 4.332e-5
-1.649, 4.640e-5
-1.650, 4.332e-5
-1.651, 4.640e-5
-1.652, 4.332e-5
-1.653, 4.640e-5
-1.654, 4.640e-5
-1.655, 4.949e-5
-1.656, 4.640e-5
-1.657, 4.949e-5
-1.658, 4.949e-5
-1.659, 4.949e-5
-1.660, 4.949e-5
-1.661, 4.949e-5
-1.662, 4.949e-5
-1.663, 5.257e-5
-1.664, 5.257e-5
-1.665, 5.257e-5
-1.666, 5.257e-5
-1.667, 5.257e-5
-1.668, 5.257e-5
-1.669, 5.257e-5
-1.670, 5.565e-5
-1.671, 5.257e-5
-1.672, 5.565e-5
-1.673, 5.565e-5
-1.674, 5.565e-5
-1.675, 5.565e-5
-1.676, 5.873e-5
-1.677, 5.873e-5
-1.678, 5.873e-5
-1.679, 5.565e-5
-1.680, 5.873e-5
-1.681, 5.873e-5
-1.682, 6.182e-5
-1.683, 5.873e-5
-1.684, 6.182e-5
-1.685, 6.182e-5
-1.686, 6.182e-5
-1.687, 6.182e-5
-1.688, 6.490e-5
-1.689, 6.490e-5
-1.690, 6.490e-5
-1.691, 6.490e-5
-1.692, 6.798e-5
-1.693, 6.798e-5
-1.694, 6.798e-5
-1.695, 6.798e-5
-1.696, 6.798e-5
-1.697, 6.798e-5
-1.698, 7.107e-5
-1.699, 7.107e-5
-1.700, 7.107e-5
-1.701, 7.107e-5
-1.702, 7.415e-5
-1.703, 7.415e-5
-1.704, 7.415e-5
-1.705, 7.723e-5
-1.706, 7.723e-5
-1.707, 7.723e-5
-1.708, 7.723e-5
-1.709, 7.723e-5
-1.710, 8.032e-5
-1.711, 8.032e-5
-1.712, 8.340e-5
-1.713, 8.340e-5
-1.714, 8.340e-5
-1.715, 8.340e-5
-1.716, 8.648e-5
-1.717, 8.648e-5
-1.718, 8.648e-5
-1.719, 8.957e-5
-1.720, 8.957e-5
-1.721, 9.265e-5
-1.722, 8.957e-5
-1.723, 9.265e-5
-1.724, 9.265e-5
-1.725, 9.573e-5
-1.726, 9.573e-5
-1.727, 9.882e-5
-1.728, 9.882e-5
-1.729, 9.882e-5
-1.730, 9.882e-5
-1.731, 1.019e-4
-1.732, 1.050e-4
-1.733, 1.050e-4
-1.734, 1.081e-4
-1.735, 1.081e-4
-1.736, 1.081e-4
-1.737, 1.081e-4
-1.738, 1.111e-4
-1.739, 1.142e-4
-1.740, 1.142e-4
-1.741, 1.142e-4
-1.742, 1.173e-4
-1.743, 1.173e-4
-1.744, 1.204e-4
-1.745, 1.204e-4
-1.746, 1.235e-4
-1.747, 1.266e-4
-1.748, 1.266e-4
-1.749, 1.266e-4
-1.750, 1.296e-4
-1.751, 1.327e-4
-1.752, 1.327e-4
-1.753, 1.327e-4
-1.754, 1.358e-4
-1.755, 1.389e-4
-1.756, 1.420e-4
-1.757, 1.420e-4
-1.758, 1.451e-4
-1.759, 1.451e-4
-1.760, 1.481e-4
-1.761, 1.512e-4
-1.762, 1.543e-4
-1.763, 1.543e-4
-1.764, 1.574e-4
-1.765, 1.605e-4
-1.766, 1.605e-4
-1.767, 1.636e-4
-1.768, 1.636e-4
-1.769, 1.697e-4
-1.770, 1.697e-4
-1.771, 1.728e-4
-1.772, 1.759e-4
-1.773, 1.790e-4
-1.774, 1.821e-4
-1.775, 1.821e-4
-1.776, 1.851e-4
-1.777, 1.882e-4
-1.778, 1.913e-4
-1.779, 1.944e-4
-1.780, 1.975e-4
-1.781, 2.006e-4
-1.782, 2.036e-4
-1.783, 2.067e-4
-1.784, 2.098e-4
-1.785, 2.129e-4
-1.786, 2.160e-4
-1.787, 2.221e-4
-1.788, 2.221e-4
-1.789, 2.252e-4
-1.790, 2.283e-4
-1.791, 2.345e-4
-1.792, 2.376e-4
-1.793, 2.406e-4
-1.794, 2.437e-4
-1.795, 2.499e-4
-1.796, 2.499e-4
-1.797, 2.561e-4
-1.798, 2.591e-4
-1.799, 2.622e-4
-1.800, 2.684e-4
-1.801, 2.746e-4
-1.802, 2.776e-4
-1.803, 2.807e-4
-1.804, 2.869e-4
-1.805, 2.900e-4
-1.806, 2.961e-4
-1.807, 2.992e-4
-1.808, 3.054e-4
-1.809, 3.085e-4
-1.810, 3.146e-4
-1.811, 3.177e-4
-1.812, 3.270e-4
-1.813, 3.300e-4
-1.814, 3.393e-4
-1.815, 3.424e-4
-1.816, 3.455e-4
-1.817, 3.516e-4
-1.818, 3.609e-4
-1.819, 3.670e-4
-1.820, 3.701e-4
-1.821, 3.763e-4
-1.822, 3.825e-4
-1.823, 3.886e-4
-1.824, 3.948e-4
-1.825, 4.010e-4
-1.826, 4.071e-4
-1.827, 4.164e-4
-1.828, 4.225e-4
-1.829, 4.287e-4
-1.830, 4.380e-4
-1.831, 4.441e-4
-1.832, 4.503e-4
-1.833, 4.595e-4
-1.834, 4.657e-4
-1.835, 4.750e-4
-1.836, 4.811e-4
-1.837, 4.873e-4
-1.838, 4.965e-4
-1.839, 5.058e-4
-1.840, 5.150e-4
-1.841, 5.243e-4
-1.842, 5.305e-4
-1.843, 5.397e-4
-1.844, 5.489e-4
-1.845, 5.582e-4
-1.846, 5.674e-4
-1.847, 5.736e-4
-1.848, 5.829e-4
-1.849, 5.921e-4
-1.850, 6.044e-4
-1.851, 6.137e-4
-1.852, 6.229e-4
-1.853, 6.353e-4
-1.854, 6.445e-4
-1.855, 6.538e-4
-1.856, 6.661e-4
-1.857, 6.754e-4
-1.858, 6.877e-4
-1.859, 6.969e-4
-1.860, 7.062e-4
-1.861, 7.185e-4
-1.862, 7.278e-4
-1.863, 7.401e-4
-1.864, 7.524e-4
-1.865, 7.648e-4
-1.866, 7.771e-4
-1.867, 7.894e-4
-1.868, 8.018e-4
-1.869, 8.141e-4
-1.870, 8.295e-4
-1.871, 8.418e-4
-1.872, 8.542e-4
-1.873, 8.665e-4
-1.874, 8.758e-4
-1.875, 8.881e-4
-1.876, 9.035e-4
-1.877, 9.158e-4
-1.878, 9.313e-4
-1.879, 9.436e-4
-1.880, 9.621e-4
-1.881, 9.775e-4
-1.882, 9.898e-4
-1.883, 1.005e-3
-1.884, 1.018e-3
-1.885, 1.033e-3
-1.886, 1.048e-3
-1.887, 1.064e-3
-1.888, 1.076e-3
-1.889, 1.092e-3
-1.890, 1.107e-3
-1.891, 1.125e-3
-1.892, 1.141e-3
-1.893, 1.159e-3
-1.894, 1.175e-3
-1.895, 1.193e-3
-1.896, 1.209e-3
-1.897, 1.224e-3
-1.898, 1.240e-3
-1.899, 1.258e-3
-1.900, 1.277e-3
-1.901, 1.292e-3
-1.902, 1.307e-3
-1.903, 1.326e-3
-1.904, 1.344e-3
-1.905, 1.363e-3
-1.906, 1.381e-3
-1.907, 1.403e-3
-1.908, 1.421e-3
-1.909, 1.440e-3
-1.910, 1.458e-3
-1.911, 1.480e-3
-1.912, 1.499e-3
-1.913, 1.517e-3
-1.914, 1.536e-3
-1.915, 1.554e-3
-1.916, 1.576e-3
-1.917, 1.597e-3
-1.918, 1.616e-3
-1.919, 1.640e-3
-1.920, 1.662e-3
-1.921, 1.684e-3
-1.922, 1.705e-3
-1.923, 1.727e-3
-1.924, 1.751e-3
-1.925, 1.770e-3
-1.926, 1.791e-3
-1.927, 1.813e-3
-1.928, 1.835e-3
-1.929, 1.859e-3
-1.930, 1.881e-3
-1.931, 1.902e-3
-1.932, 1.927e-3
-1.933, 1.952e-3
-1.934, 1.976e-3
-1.935, 2.001e-3
-1.936, 2.026e-3
-1.937, 2.050e-3
-1.938, 2.075e-3
-1.939, 2.100e-3
-1.940, 2.124e-3
-1.941, 2.146e-3
-1.942, 2.171e-3
-1.943, 2.198e-3
-1.944, 2.223e-3
-1.945, 2.248e-3
-1.946, 2.279e-3
-1.947, 2.303e-3
-1.948, 2.331e-3
-1.949, 2.359e-3
-1.950, 2.386e-3
-1.951, 2.414e-3
-1.952, 2.442e-3
-1.953, 2.467e-3
-1.954, 2.491e-3
-1.955, 2.522e-3
-1.956, 2.550e-3
-1.957, 2.578e-3
-1.958, 2.605e-3
-1.959, 2.636e-3
-1.960, 2.667e-3
-1.961, 2.698e-3
-1.962, 2.729e-3
-1.963, 2.760e-3
-1.964, 2.787e-3
-1.965, 2.818e-3
-1.966, 2.849e-3
-1.967, 2.880e-3
-1.968, 2.908e-3
-1.969, 2.938e-3
-1.970, 2.969e-3
-1.971, 3.003e-3
-1.972, 3.034e-3
-1.973, 3.068e-3
-1.974, 3.102e-3
-1.975, 3.136e-3
-1.976, 3.167e-3
-1.977, 3.204e-3
-1.978, 3.234e-3
-1.979, 3.271e-3
-1.980, 3.302e-3
-1.981, 3.333e-3
-1.982, 3.367e-3
-1.983, 3.401e-3
-1.984, 3.435e-3
-1.985, 3.472e-3
-1.986, 3.509e-3
-1.987, 3.546e-3
-1.988, 3.583e-3
-1.989, 3.620e-3
-1.990, 3.657e-3
-1.991, 3.694e-3
-1.992, 3.731e-3
-1.993, 3.765e-3
-1.994, 3.799e-3
-1.995, 3.836e-3
-1.996, 3.876e-3
-1.997, 3.910e-3
-1.998, 3.950e-3
-1.999, 3.990e-3
-2.000, 4.005e-3
-1.999, 3.977e-3
-1.998, 3.953e-3
-1.997, 3.928e-3
-1.996, 3.903e-3
-1.995, 3.879e-3
-1.994, 3.851e-3
-1.993, 3.826e-3
-1.992, 3.799e-3
-1.991, 3.774e-3
-1.990, 3.746e-3
-1.989, 3.725e-3
-1.988, 3.697e-3
-1.987, 3.675e-3
-1.986, 3.651e-3
-1.985, 3.626e-3
-1.984, 3.601e-3
-1.983, 3.573e-3
-1.982, 3.549e-3
-1.981, 3.524e-3
-1.980, 3.496e-3
-1.979, 3.469e-3
-1.978, 3.444e-3
-1.977, 3.416e-3
-1.976, 3.392e-3
-1.975, 3.367e-3
-1.974, 3.342e-3
-1.973, 3.318e-3
-1.972, 3.296e-3
-1.971, 3.268e-3
-1.970, 3.244e-3
-1.969, 3.219e-3
-1.968, 3.194e-3
-1.967, 3.167e-3
-1.966, 3.139e-3
-1.965, 3.114e-3
-1.964, 3.089e-3
-1.963, 3.065e-3
-1.962, 3.040e-3
-1.961, 3.015e-3
-1.960, 2.994e-3
-1.959, 2.972e-3
-1.958, 2.948e-3
-1.957, 2.923e-3
-1.956, 2.898e-3
-1.955, 2.874e-3
-1.954, 2.849e-3
-1.953, 2.824e-3
-1.952, 2.800e-3
-1.951, 2.778e-3
-1.950, 2.750e-3
-1.949, 2.729e-3
-1.948, 2.707e-3
-1.947, 2.686e-3
-1.946, 2.664e-3
-1.945, 2.639e-3
-1.944, 2.621e-3
-1.943, 2.596e-3
-1.942, 2.575e-3
-1.941, 2.550e-3
-1.940, 2.528e-3
-1.939, 2.504e-3
-1.938, 2.482e-3
-1.937, 2.457e-3
-1.936, 2.439e-3
-1.935, 2.414e-3
-1.934, 2.396e-3
-1.933, 2.374e-3
-1.932, 2.353e-3
-1.931, 2.331e-3
-1.930, 2.312e-3
-1.929, 2.291e-3
-1.928, 2.269e-3
-1.927, 2.248e-3
-1.926, 2.226e-3
-1.925, 2.205e-3
-1.924, 2.183e-3
-1.923, 2.164e-3
-1.922, 2.143e-3
-1.921, 2.124e-3
-1.920, 2.106e-3
-1.919, 2.087e-3
-1.918, 2.066e-3
-1.917, 2.047e-3
-1.916, 2.029e-3
-1.915, 2.010e-3
-1.914, 1.989e-3
-1.913, 1.967e-3
-1.912, 1.949e-3
-1.911, 1.930e-3
-1.910, 1.909e-3
-1.909, 1.893e-3
-1.908, 1.875e-3
-1.907, 1.859e-3
-1.906, 1.841e-3
-1.905, 1.822e-3
-1.904, 1.804e-3
-1.903, 1.788e-3
-1.902, 1.770e-3
-1.901, 1.751e-3
-1.900, 1.733e-3
-1.899, 1.714e-3
-1.898, 1.696e-3
-1.897, 1.680e-3
-1.896, 1.662e-3
-1.895, 1.647e-3
-1.894, 1.628e-3
-1.893, 1.616e-3
-1.892, 1.600e-3
-1.891, 1.582e-3
-1.890, 1.566e-3
-1.889, 1.551e-3
-1.888, 1.532e-3
-1.887, 1.517e-3
-1.886, 1.499e-3
-1.885, 1.483e-3
-1.884, 1.468e-3
-1.883, 1.452e-3
-1.882, 1.437e-3
-1.881, 1.421e-3
-1.880, 1.409e-3
-1.879, 1.394e-3
-1.878, 1.381e-3
-1.877, 1.366e-3
-1.876, 1.351e-3
-1.875, 1.335e-3
-1.874, 1.320e-3
-1.873, 1.304e-3
-1.872, 1.292e-3
-1.871, 1.277e-3
-1.870, 1.261e-3
-1.869, 1.249e-3
-1.868, 1.236e-3
-1.867, 1.224e-3
-1.866, 1.212e-3
-1.865, 1.196e-3
-1.864, 1.184e-3
-1.863, 1.172e-3
-1.862, 1.159e-3
-1.861, 1.147e-3
-1.860, 1.132e-3
-1.859, 1.119e-3
-1.858, 1.107e-3
-1.857, 1.095e-3
-1.856, 1.082e-3
-1.855, 1.067e-3
-1.854, 1.058e-3
-1.853, 1.045e-3
-1.852, 1.033e-3
-1.851, 1.024e-3
-1.850, 1.011e-3
-1.849, 9.991e-4
-1.848, 9.868e-4
-1.847, 9.744e-4
-1.846, 9.652e-4
-1.845, 9.528e-4
-1.844, 9.405e-4
-1.843, 9.313e-4
-1.842, 9.189e-4
-1.841, 9.097e-4
-1.840, 9.004e-4
-1.839, 8.881e-4
-1.838, 8.788e-4
-1.837, 8.696e-4
-1.836, 8.573e-4
-1.835, 8.480e-4
-1.834, 8.357e-4
-1.833, 8.264e-4
-1.832, 8.141e-4
-1.831, 8.048e-4
-1.830, 7.956e-4
-1.829, 7.863e-4
-1.828, 7.771e-4
-1.827, 7.679e-4
-1.826, 7.617e-4
-1.825, 7.494e-4
-1.824, 7.401e-4
-1.823, 7.309e-4
-1.822, 7.216e-4
-1.821, 7.124e-4
-1.820, 7.031e-4
-1.819, 6.939e-4
-1.818, 6.877e-4
-1.817, 6.754e-4
-1.816, 6.692e-4
-1.815, 6.599e-4
-1.814, 6.538e-4
-1.813, 6.445e-4
-1.812, 6.384e-4
-1.811, 6.291e-4
-1.810, 6.229e-4
-1.809, 6.137e-4
-1.808, 6.044e-4
-1.807, 5.983e-4
-1.806, 5.890e-4
-1.805, 5.829e-4
-1.804, 5.736e-4
-1.803, 5.674e-4
-1.802, 5.582e-4
-1.801, 5.520e-4
-1.800, 5.459e-4
-1.799, 5.397e-4
-1.798, 5.335e-4
-1.797, 5.243e-4
-1.796, 5.181e-4
-1.795, 5.120e-4
-1.794, 5.027e-4
-1.793, 4.965e-4
-1.792, 4.904e-4
-1.791, 4.842e-4
-1.790, 4.750e-4
-1.789, 4.688e-4
-1.788, 4.626e-4
-1.787, 4.595e-4
-1.786, 4.534e-4
-1.785, 4.472e-4
-1.784, 4.410e-4
-1.783, 4.349e-4
-1.782, 4.287e-4
-1.781, 4.225e-4
-1.780, 4.164e-4
-1.779, 4.102e-4
-1.778, 4.071e-4
-1.777, 4.010e-4
-1.776, 3.948e-4
-1.775, 3.917e-4
-1.774, 3.855e-4
-1.773, 3.794e-4
-1.772, 3.732e-4
-1.771, 3.670e-4
-1.770, 3.640e-4
-1.769, 3.578e-4
-1.768, 3.516e-4
-1.767, 3.485e-4
-1.766, 3.424e-4
-1.765, 3.393e-4
-1.764, 3.331e-4
-1.763, 3.270e-4
-1.762, 3.239e-4
-1.761, 3.177e-4
-1.760, 3.146e-4
-1.759, 3.115e-4
-1.758, 3.054e-4
-1.757, 3.023e-4
-1.756, 2.961e-4
-1.755, 2.931e-4
-1.754, 2.869e-4
-1.753, 2.838e-4
-1.752, 2.807e-4
-1.751, 2.776e-4
-1.750, 2.715e-4
-1.749, 2.653e-4
-1.748, 2.622e-4
-1.747, 2.591e-4
-1.746, 2.561e-4
-1.745, 2.530e-4
-1.744, 2.499e-4
-1.743, 2.468e-4
-1.742, 2.437e-4
-1.741, 2.376e-4
-1.740, 2.345e-4
-1.739, 2.314e-4
-1.738, 2.283e-4
-1.737, 2.221e-4
-1.736, 2.191e-4
-1.735, 2.160e-4
-1.734, 2.160e-4
-1.733, 2.129e-4
-1.732, 2.067e-4
-1.731, 2.036e-4
-1.730, 2.006e-4
-1.729, 1.975e-4
-1.728, 1.944e-4
-1.727, 1.913e-4
-1.726, 1.882e-4
-1.725, 1.851e-4
-1.724, 1.821e-4
-1.723, 1.790e-4
-1.722, 1.759e-4
-1.721, 1.759e-4
-1.720, 1.728e-4
-1.719, 1.697e-4
-1.718, 1.666e-4
-1.717, 1.636e-4
-1.716, 1.605e-4
-1.715, 1.574e-4
-1.714, 1.574e-4
-1.713, 1.543e-4
-1.712, 1.512e-4
-1.711, 1.481e-4
-1.710, 1.451e-4
-1.709, 1.420e-4
-1.708, 1.420e-4
-1.707, 1.389e-4
-1.706, 1.358e-4
-1.705, 1.327e-4
-1.704, 1.327e-4
-1.703, 1.296e-4
-1.702, 1.266e-4
-1.701, 1.266e-4
-1.700, 1.235e-4
-1.699, 1.204e-4
-1.698, 1.204e-4
-1.697, 1.173e-4
-1.696, 1.142e-4
-1.695, 1.142e-4
-1.694, 1.111e-4
-1.693, 1.081e-4
-1.692, 1.081e-4
-1.691, 1.050e-4
-1.690, 1.050e-4
-1.689, 1.019e-4
-1.688, 9.882e-5
-1.687, 9.882e-5
-1.686, 9.573e-5
-1.685, 9.573e-5
-1.684, 9.265e-5
-1.683, 8.957e-5
-1.682, 8.957e-5
-1.681, 8.957e-5
-1.680, 8.957e-5
-1.679, 8.648e-5
-1.678, 8.340e-5
-1.677, 8.032e-5
-1.676, 8.032e-5
-1.675, 7.723e-5
-1.674, 7.723e-5
-1.673, 7.415e-5
-1.672, 7.723e-5
-1.671, 7.415e-5
-1.670, 7.107e-5
-1.669, 7.107e-5
-1.668, 7.107e-5
-1.667, 6.798e-5
-1.666, 6.798e-5
-1.665, 6.490e-5
-1.664, 6.490e-5
-1.663, 6.182e-5
-1.662, 6.182e-5
-1.661, 6.182e-5
-1.660, 5.873e-5
-1.659, 5.873e-5
-1.658, 5.565e-5
-1.657, 5.565e-5
-1.656, 5.565e-5
-1.655, 5.257e-5
-1.654, 5.257e-5
-1.653, 5.257e-5
-1.652, 4.949e-5
-1.651, 4.949e-5
-1.650, 4.949e-5
-1.649, 4.949e-5
-1.648, 4.640e-5
-1.647, 4.640e-5
-1.646, 4.332e-5
-1.645, 4.640e-5
-1.644, 4.332e-5
-1.643, 4.024e-5
-1.642, 4.024e-5
-1.641, 4.024e-5
-1.640, 4.024e-5
-1.639, 3.715e-5
-1.638, 3.715e-5
-1.637, 3.715e-5
-1.636, 3.715e-5
-1.635, 3.407e-5
-1.634, 3.407e-5
-1.633, 3.407e-5
-1.632, 3.099e-5
-1.631, 3.407e-5
-1.630, 3.099e-5
-1.629, 3.099e-5
-1.628, 2.790e-5
-1.627, 3.099e-5
-1.626, 2.790e-5
-1.625, 2.790e-5
-1.624, 2.790e-5
-1.623, 2.790e-5
-1.622, 2.482e-5
-1.621, 2.482e-5
-1.620, 2.482e-5
-1.619, 2.174e-5
-1.618, 2.482e-5
-1.617, 2.174e-5
-1.616, 2.174e-5
-1.615, 2.174e-5
-1.614, 2.174e-5
-1.613, 2.174e-5
-1.612, 1.865e-5
-1.611, 1.865e-5
-1.610, 1.865e-5
-1.609, 1.865e-5
-1.608, 1.865e-5
-1.607, 1.557e-5
-1.606, 1.557e-5
-1.605, 1.557e-5
-1.604, 1.557e-5
-1.603, 1.557e-5
-1.602, 1.557e-5
-1.601, 1.557e-5
-1.600, 1.557e-5
-1.599, 1.249e-5
-1.598, 1.249e-5
-1.597, 1.249e-5
-1.596, 1.249e-5
-1.595, 1.249e-5
-1.594, 9.405e-6
-1.593, 9.405e-6
-1.592, 9.405e-6
-1.591, 9.405e-6
-1.590, 9.405e-6
-1.589, 9.405e-6
-1.588, 9.405e-6
-1.587, 9.405e-6
-1.586, 9.405e-6
-1.585, 6.322e-6
-1.584, 9.405e-6
-1.583, 9.405e-6
-1.582, 6.322e-6
-1.581, 6.322e-6
-1.580, 6.322e-6
-1.579, 6.322e-6
-1.578, 6.322e-6
-1.577, 3.239e-6
-1.576, 3.239e-6
-1.575, 6.322e-6
-1.574, 3.239e-6
-1.573, 6.322e-6
-1.572, 3.239e-6
-1.571, 3.239e-6
-1.570, 3.239e-6
-1.569, 3.239e-6
-1.568, 3.239e-6
-1.567, 3.239e-6
-1.566, 3.239e-6
-1.565, 3.239e-6
-1.564, 1.559e-7
-1.563, 1.559e-7
-1.562, 1.559e-7
-1.561, 1.559e-7
-1.560, 1.559e-7
-1.559, 1.559e-7
-1.558, 1.559e-7
-1.557, 1.559e-7
-1.556, 1.559e-7
-1.555, -2.927e-6
-1.554, 1.559e-7
-1.553, 1.559e-7
-1.552, 1.559e-7
-1.551, -2.927e-6
-1.550, 1.559e-7
-1.549, -2.927e-6
-1.548, 1.559e-7
-1.547, -2.927e-6
-1.546, 1.559e-7
-1.545, -2.927e-6
-1.544, -2.927e-6
-1.543, -2.927e-6
-1.542, -2.927e-6
-1.541, -2.927e-6
-1.540, -2.927e-6
-1.539, -2.927e-6
-1.538, -2.927e-6
-1.537, -2.927e-6
-1.536, -2.927e-6
-1.535, -2.927e-6
-1.534, -2.927e-6
-1.533, -2.927e-6
-1.532, -6.010e-6
-1.531, -2.927e-6
-1.530, -2.927e-6
-1.529, -6.010e-6
-1.528, -6.010e-6
-1.527, -2.927e-6
-1.526, -6.010e-6
-1.525, -2.927e-6
-1.524, -6.010e-6
-1.523, -6.010e-6
-1.522, -6.010e-6
-1.521, -6.010e-6
-1.520, -6.010e-6
-1.519, -6.010e-6
-1.518, -6.010e-6
-1.517, -2.927e-6
-1.516, -6.010e-6
-1.515, -6.010e-6
-1.514, -6.010e-6
-1.513, -6.010e-6
-1.512, -6.010e-6
-1.511, -6.010e-6
-1.510, -6.010e-6
-1.509, -6.010e-6
-1.508, -6.010e-6
-1.507, -6.010e-6
-1.506, -6.010e-6
-1.505, -6.010e-6
-1.504, -6.010e-6
-1.503, -6.010e-6
-1.502, -6.010e-6
-1.501, -6.010e-6
-1.500, -6.010e-6
-1.499, -6.010e-6
-1.498, -6.010e-6
-1.497, -9.093e-6
-1.496, -6.010e-6
-1.495, -6.010e-6
-1.494, -6.010e-6
-1.493, -9.093e-6
-1.492, -9.093e-6
-1.491, -6.010e-6
-1.490, -6.010e-6
-1.489, -9.093e-6
-1.488, -9.093e-6
-1.487, -9.093e-6
-1.486, -6.010e-6
-1.485, -9.093e-6
-1.484, -9.093e-6
-1.483, -9.093e-6
-1.482, -9.093e-6
-1.481, -9.093e-6
-1.480, -6.010e-6
-1.479, -9.093e-6
-1.478, -9.093e-6
-1.477, -9.093e-6
-1.476, -6.010e-6
-1.475, -9.093e-6
-1.474, -9.093e-6
-1.473, -9.093e-6
-1.472, -9.093e-6
-1.471, -9.093e-6
-1.470, -9.093e-6
-1.469, -9.093e-6
-1.468, -9.093e-6
-1.467, -9.093e-6
-1.466, -9.093e-6
-1.465, -9.093e-6
-1.464, -9.093e-6
-1.463, -9.093e-6
-1.462, -9.093e-6
-1.461, -9.093e-6
-1.460, -9.093e-6
-1.459, -9.093e-6
-1.458, -9.093e-6
-1.457, -9.093e-6
-1.456, -9.093e-6
-1.455, -9.093e-6
-1.454, -9.093e-6
-1.453, -9.093e-6
-1.452, -9.093e-6
-1.451, -9.093e-6
-1.450, -9.093e-6
-1.449, -9.093e-6
-1.448, -9.093e-6
-1.447, -9.093e-6
-1.446, -9.093e-6
-1.445, -9.093e-6
-1.444, -9.093e-6
-1.443, -9.093e-6
-1.442, -9.093e-6
-1.441, -9.093e-6
-1.440, -9.093e-6
-1.439, -9.093e-6
-1.438, -9.093e-6
-1.437, -9.093e-6
-1.436, -9.093e-6
-1.435, -9.093e-6
-1.434, -9.093e-6
-1.433, -9.093e-6
-1.432, -9.093e-6
-1.431, -9.093e-6
-1.430, -1.218e-5
-1.429, -9.093e-6
-1.428, -9.093e-6
-1.427, -9.093e-6
-1.426, -9.093e-6
-1.425, -9.093e-6
-1.424, -9.093e-6
-1.423, -9.093e-6
-1.422, -9.093e-6
-1.421, -9.093e-6
-1.420, -9.093e-6
-1.419, -9.093e-6
-1.418, -1.218e-5
-1.417, -1.218e-5
-1.416, -9.093e-6
-1.415, -9.093e-6
-1.414, -9.093e-6
-1.413, -9.093e-6
-1.412, -9.093e-6
-1.411, -9.093e-6
-1.410, -9.093e-6
-1.409, -9.093e-6
-1.408, -1.218e-5
-1.407, -9.093e-6
-1.406, -9.093e-6
-1.405, -1.218e-5
-1.404, -9.093e-6
-1.403, -1.218e-5
-1.402, -9.093e-6
-1.401, -1.218e-5
-1.400, -9.093e-6
-1.399, -9.093e-6
-1.398, -9.093e-6
-1.397, -9.093e-6
-1.396, -1.218e-5
-1.395, -1.218e-5
-1.394, -9.093e-6
-1.393, -9.093e-6
-1.392, -9.093e-6
-1.391, -9.093e-6
-1.390, -1.218e-5
-1.389, -9.093e-6
-1.388, -9.093e-6
-1.387, -9.093e-6
-1.386, -1.218e-5
-1.385, -1.218e-5
-1.384, -9.093e-6
-1.383, -9.093e-6
-1.382, -1.218e-5
-1.381, -9.093e-6
-1.380, -9.093e-6
-1.379, -9.093e-6
-1.378, -1.218e-5
-1.377, -1.218e-5
-1.376, -1.218e-5
-1.375, -9.093e-6
-1.374, -9.093e-6
-1.373, -9.093e-6
-1.372, -1.218e-5
-1.371, -9.093e-6
-1.370, -1.218e-5
-1.369, -9.093e-6
-1.368, -1.218e-5
-1.367, -9.093e-6
-1.366, -9.093e-6
-1.365, -9.093e-6
-1.364, -1.218e-5
-1.363, -9.093e-6
-1.362, -9.093e-6
-1.361, -9.093e-6
-1.360, -1.218e-5
-1.359, -9.093e-6
-1.358, -9.093e-6
-1.357, -9.093e-6
-1.356, -1.218e-5
-1.355, -1.218e-5
-1.354, -9.093e-6
-1.353, -9.093e-6
-1.352, -9.093e-6
-1.351, -1.218e-5
-1.350, -1.218e-5
-1.349, -1.218e-5
-1.348, -9.093e-6
-1.347, -9.093e-6
-1.346, -9.093e-6
-1.345, -9.093e-6
-1.344, -9.093e-6
-1.343, -9.093e-6
-1.342, -9.093e-6
-1.341, -1.218e-5
-1.340, -9.093e-6
-1.339, -9.093e-6
-1.338, -9.093e-6
-1.337, -1.218e-5
-1.336, -9.093e-6
-1.335, -9.093e-6
-1.334, -1.218e-5
-1.333, -9.093e-6
-1.332, -9.093e-6
-1.331, -9.093e-6
-1.330, -9.093e-6
-1.329, -9.093e-6
-1.328, -1.218e-5
-1.327, -9.093e-6
-1.326, -1.218e-5
-1.325, -9.093e-6
-1.324, -1.218e-5
-1.323, -1.218e-5
-1.322, -9.093e-6
-1.321, -9.093e-6
-1.320, -9.093e-6
-1.319, -1.218e-5
-1.318, -9.093e-6
-1.317, -9.093e-6
-1.316, -1.218e-5
-1.315, -1.218e-5
-1.314, -9.093e-6
-1.313, -9.093e-6
-1.312, -9.093e-6
-1.311, -1.218e-5
-1.310, -1.218e-5
-1.309, -9.093e-6
-1.308, -9.093e-6
-1.307, -9.093e-6
-1.306, -9.093e-6
-1.305, -9.093e-6
-1.304, -9.093e-6
-1.303, -9.093e-6
-1.302, -1.218e-5
-1.301, -1.218e-5
-1.300, -9.093e-6
-1.299, -9.093e-6
-1.298, -9.093e-6
-1.297, -1.218e-5
-1.296, -1.218e-5
-1.295, -9.093e-6
-1.294, -9.093e-6
-1.293, -9.093e-6
-1.292, -9.093e-6
-1.291, -9.093e-6
-1.290, -9.093e-6
-1.289, -9.093e-6
-1.288, -9.093e-6
-1.287, -9.093e-6
-1.286, -9.093e-6
-1.285, -1.218e-5
-1.284, -1.218e-5
-1.283, -9.093e-6
-1.282, -9.093e-6
-1.281, -1.218e-5
-1.280, -9.093e-6
-1.279, -1.218e-5
-1.278, -9.093e-6
-1.277, -9.093e-6
-1.276, -9.093e-6
-1.275, -1.218e-5
-1.274, -9.093e-6
-1.273, -9.093e-6
-1.272, -1.218e-5
-1.271, -9.093e-6
-1.270, -9.093e-6
-1.269, -1.218e-5
-1.268, -9.093e-6
-1.267, -9.093e-6
-1.266, -9.093e-6
-1.265, -9.093e-6
-1.264, -9.093e-6
-1.263, -9.093e-6
-1.262, -9.093e-6
-1.261, -9.093e-6
-1.260, -9.093e-6
-1.259, -9.093e-6
-1.258, -1.218e-5
-1.257, -1.218e-5
-1.256, -9.093e-6
-1.255, -9.093e-6
-1.254, -9.093e-6
-1.253, -9.093e-6
-1.252, -9.093e-6
-1.251, -9.093e-6
-1.250, -9.093e-6
-1.249, -1.218e-5
-1.248, -9.093e-6
-1.247, -9.093e-6
-1.246, -1.218e-5
-1.245, -9.093e-6
-1.244, -1.218e-5
-1.243, -9.093e-6
-1.242, -9.093e-6
-1.241, -9.093e-6
-1.240, -9.093e-6
-1.239, -9.093e-6
-1.238, -9.093e-6
-1.237, -9.093e-6
-1.236, -9.093e-6
-1.235, -1.218e-5
-1.234, -9.093e-6
-1.233, -9.093e-6
-1.232, -9.093e-6
-1.231, -9.093e-6
-1.230, -9.093e-6
-1.229, -9.093e-6
-1.228, -9.093e-6
-1.227, -9.093e-6
-1.226, -9.093e-6
-1.225, -9.093e-6
-1.224, -9.093e-6
-1.223, -1.218e-5
-1.222, -9.093e-6
-1.221, -9.093e-6
-1.220, -9.093e-6
-1.219, -9.093e-6
-1.218, -9.093e-6
-1.217, -1.218e-5
-1.216, -9.093e-6
-1.215, -1.218e-5
-1.214, -9.093e-6
-1.213, -9.093e-6
-1.212, -9.093e-6
-1.211, -9.093e-6
-1.210, -9.093e-6
-1.209, -1.218e-5
-1.208, -9.093e-6
-1.207, -9.093e-6
-1.206, -9.093e-6
-1.205, -1.218e-5
-1.204, -9.093e-6
-1.203, -9.093e-6
-1.202, -9.093e-6
-1.201, -9.093e-6
-1.200, -9.093e-6
-1.199, -9.093e-6
-1.198, -9.093e-6
-1.197, -9.093e-6
-1.196, -9.093e-6
-1.195, -1.218e-5
-1.194, -9.093e-6
-1.193, -9.093e-6
-1.192, -9.093e-6
-1.191, -1.218e-5
-1.190, -9.093e-6
-1.189, -9.093e-6
-1.188, -1.218e-5
-1.187, -9.093e-6
-1.186, -9.093e-6
-1.185, -9.093e-6
-1.184, -9.093e-6
-1.183, -1.218e-5
-1.182, -1.218e-5
-1.181, -9.093e-6
-1.180, -9.093e-6
-1.179, -9.093e-6
-1.178, -1.218e-5
-1.177, -9.093e-6
-1.176, -9.093e-6
-1.175, -9.093e-6
-1.174, -9.093e-6
-1.173, -9.093e-6
-1.172, -9.093e-6
-1.171, -9.093e-6
-1.170, -9.093e-6
-1.169, -9.093e-6
-1.168, -9.093e-6
-1.167, -9.093e-6
-1.166, -9.093e-6
-1.165, -9.093e-6
-1.164, -1.218e-5
-1.163, -9.093e-6
-1.162, -9.093e-6
-1.161, -9.093e-6
-1.160, -9.093e-6
-1.159, -9.093e-6
-1.158, -9.093e-6
-1.157, -9.093e-6
-1.156, -1.218e-5
-1.155, -9.093e-6
-1.154, -9.093e-6
-1.153, -1.218e-5
-1.152, -9.093e-6
-1.151, -1.218e-5
-1.150, -9.093e-6
-1.149, -9.093e-6
-1.148, -9.093e-6
-1.147, -9.093e-6
-1.146, -9.093e-6
-1.145, -9.093e-6
-1.144, -9.093e-6
-1.143, -9.093e-6
-1.142, -9.093e-6
-1.141, -9.093e-6
-1.140, -9.093e-6
-1.139, -9.093e-6
-1.138, -9.093e-6
-1.137, -1.218e-5
-1.136, -9.093e-6
-1.135, -9.093e-6
-1.134, -9.093e-6
-1.133, -9.093e-6
-1.132, -9.093e-6
-1.131, -9.093e-6
-1.130, -9.093e-6
-1.129, -9.093e-6
-1.128, -9.093e-6
-1.127, -9.093e-6
-1.126, -9.093e-6
-1.125, -9.093e-6
-1.124, -9.093e-6
-1.123, -9.093e-6
-1.122, -9.093e-6
-1.121, -9.093e-6
-1.120, -9.093e-6
-1.119, -9.093e-6
-1.118, -9.093e-6
-1.117, -9.093e-6
-1.116, -1.218e-5
-1.115, -9.093e-6
-1.114, -9.093e-6
-1.113, -9.093e-6
-1.112, -1.218e-5
-1.111, -9.093e-6
-1.110, -1.218e-5
-1.109, -9.093e-6
-1.108, -9.093e-6
-1.107, -9.093e-6
-1.106, -9.093e-6
-1.105, -9.093e-6
-1.104, -9.093e-6
-1.103, -9.093e-6
-1.102, -1.218e-5
-1.101, -9.093e-6
-1.100, -9.093e-6
-1.099, -9.093e-6
-1.098, -9.093e-6
-1.097, -9.093e-6
-1.096, -9.093e-6
-1.095, -9.093e-6
-1.094, -9.093e-6
-1.093, -9.093e-6
-1.092, -9.093e-6
-1.091, -9.093e-6
-1.090, -9.093e-6
-1.089, -9.093e-6
-1.088, -9.093e-6
-1.087, -9.093e-6
-1.086, -9.093e-6
-1.085, -9.093e-6
-1.084, -9.093e-6
-1.083, -9.093e-6
-1.082, -9.093e-6
-1.081, -1.218e-5
-1.080, -9.093e-6
-1.079, -9.093e-6
-1.078, -9.093e-6
-1.077, -9.093e-6
-1.076, -9.093e-6
-1.075, -9.093e-6
-1.074, -9.093e-6
-1.073, -9.093e-6
-1.072, -9.093e-6
-1.071, -9.093e-6
-1.070, -9.093e-6
-1.069, -9.093e-6
-1.068, -9.093e-6
-1.067, -9.093e-6
-1.066, -9.093e-6
-1.065, -9.093e-6
-1.064, -9.093e-6
-1.063, -9.093e-6
-1.062, -9.093e-6
-1.061, -9.093e-6
-1.060, -9.093e-6
-1.059, -9.093e-6
-1.058, -9.093e-6
-1.057, -9.093e-6
-1.056, -9.093e-6
-1.055, -9.093e-6
-1.054, -9.093e-6
-1.053, -9.093e-6
-1.052, -9.093e-6
-1.051, -9.093e-6
-1.050, -9.093e-6
-1.049, -9.093e-6
-1.048, -1.218e-5
-1.047, -9.093e-6
-1.046, -9.093e-6
-1.045, -9.093e-6
-1.044, -9.093e-6
-1.043, -9.093e-6
-1.042, -9.093e-6
-1.041, -9.093e-6
-1.040, -9.093e-6
-1.039, -9.093e-6
-1.038, -9.093e-6
-1.037, -9.093e-6
-1.036, -9.093e-6
-1.035, -9.093e-6
-1.034, -9.093e-6
-1.033, -9.093e-6
-1.032, -9.093e-6
-1.031, -9.093e-6
-1.030, -9.093e-6
-1.029, -9.093e-6
-1.028, -9.093e-6
-1.027, -9.093e-6
-1.026, -9.093e-6
-1.025, -9.093e-6
-1.024, -9.093e-6
-1.023, -9.093e-6
-1.022, -9.093e-6
-1.021, -1.218e-5
-1.020, -9.093e-6
-1.019, -9.093e-6
-1.018, -9.093e-6
-1.017, -9.093e-6
-1.016, -9.093e-6
-1.015, -9.093e-6
-1.014, -9.093e-6
-1.013, -9.093e-6
-1.012, -9.093e-6
-1.011, -9.093e-6
-1.010, -9.093e-6
-1.009, -9.093e-6
-1.008, -9.093e-6
-1.007, -9.093e-6
-1.006, -9.093e-6
-1.005, -9.093e-6
-1.004, -9.093e-6
-1.003, -9.093e-6
-1.002, -9.093e-6
-1.001, -9.093e-6
