Potential V vs RHE, Current mA cm-2
0.4132999999999999,-0.030359704495103685
0.4122999999999999,-0.03231200608891744
0.4112999999999999,-0.0327505665918756
0.4102999999999999,-0.03294862617385671
0.4092999999999999,-0.03311839152984051
0.4082999999999999,-0.03331645111182161
0.4072999999999999,-0.03347206935480676
0.4062999999999999,-0.03358524625879597
0.4052999999999999,-0.03361354048479327
0.4042999999999999,-0.033712570275783824
0.4032999999999999,-0.033825747179773026
0.4022999999999999,-0.03395307119676088
0.4012999999999999,-0.03405210098775143
0.4002999999999999,-0.03408039521374873
0.3992999999999999,-0.03420771923073659
0.3982999999999999,-0.03440577881271769
0.3972999999999999,-0.0346038383946988
0.3962999999999999,-0.034717015298688
0.3952999999999999,-0.034717015298688
0.3942999999999999,-0.03478775086368125
0.39329999999999987,-0.034915074880669104
0.39229999999999987,-0.03495751621966506
0.39129999999999987,-0.0349716633326637
0.39029999999999987,-0.034999957558661005
0.38929999999999987,-0.03507069312365426
0.38829999999999987,-0.03515557580164616
0.38729999999999987,-0.03521216425364076
0.38629999999999987,-0.03526875270563536
0.38529999999999986,-0.035282899818634014
0.38429999999999986,-0.035282899818634014
0.38329999999999986,-0.03536778249662592
0.38229999999999986,-0.03543851806161917
0.38129999999999986,-0.035466812287616466
0.38029999999999986,-0.03552340073961108
0.37929999999999986,-0.035579989191605675
0.37829999999999986,-0.035679018982596226
0.37729999999999986,-0.03576390166058813
0.37629999999999986,-0.03579219588658543
0.37529999999999986,-0.035820490112582724
0.37429999999999986,-0.03584878433858003
0.37329999999999985,-0.03591951990357328
0.37229999999999985,-0.03600440258156519
0.37129999999999985,-0.03608928525955708
0.37029999999999985,-0.03614587371155169
0.36929999999999985,-0.036301491954536844
0.36829999999999985,-0.0365419928755139
0.36729999999999985,-0.03666931689250175
0.36629999999999985,-0.03672590534449635
0.36529999999999985,-0.0366834640055004
0.36429999999999985,-0.0366834640055004
0.36329999999999985,-0.03675419957049365
0.36229999999999984,-0.0368249351354869
0.36129999999999984,-0.036867376474482856
0.36029999999999984,-0.036853229361484205
0.35929999999999984,-0.03689567070048015
0.35829999999999984,-0.03698055337847206
0.35729999999999984,-0.03705128894346531
0.35629999999999984,-0.03712202450845856
0.35529999999999984,-0.03710787739545991
0.35429999999999984,-0.03716446584745452
0.35329999999999984,-0.03724934852544641
0.35229999999999984,-0.037305936977441015
0.35129999999999983,-0.03736252542943562
0.35029999999999983,-0.03736252542943562
0.34929999999999983,-0.037404966768431566
0.34829999999999983,-0.03747570233342482
0.34729999999999983,-0.03758887923741403
0.34629999999999983,-0.03763132057640997
0.34529999999999983,-0.03768790902840457
0.34429999999999983,-0.03782938015839108
0.3432999999999998,-0.03806988107936814
0.3422999999999998,-0.03818305798335734
0.3412999999999998,-0.03818305798335734
0.3402999999999998,-0.038126469531362735
0.3392999999999998,-0.038154763757360044
0.3382999999999998,-0.03822549932235329
0.3372999999999998,-0.03826794066134924
0.3362999999999998,-0.03829623488734655
0.3352999999999998,-0.03832452911334384
0.3342999999999998,-0.03838111756533845
0.3332999999999998,-0.0384518531303317
0.3322999999999998,-0.038522588695324954
0.3312999999999998,-0.0385650300343209
0.3302999999999998,-0.0385650300343209
0.3292999999999998,-0.038635765599314156
0.3282999999999998,-0.038692354051308754
0.3272999999999998,-0.038777236729300654
0.3262999999999998,-0.03884797229429391
0.3252999999999999,-0.03889041363328985
0.3242999999999999,-0.03901773765027772
0.3232999999999999,-0.03911676744126827
0.3222999999999999,-0.03920165011926016
0.3212999999999999,-0.03922994434525747
0.3202999999999999,-0.03921579723225881
0.3192999999999999,-0.039244091458256115
0.3182999999999999,-0.039328974136248016
0.3172999999999999,-0.03939970970124127
0.3162999999999999,-0.03947044526623452
0.3152999999999999,-0.039456298153235876
0.3142999999999999,-0.03954118083122777
0.3132999999999999,-0.039626063509219676
0.3122999999999999,-0.03966850484821563
0.3112999999999999,-0.039725093300210235
0.3102999999999999,-0.039696799074212925
0.3092999999999999,-0.03975338752620753
0.3082999999999999,-0.03988071154319539
0.3072999999999999,-0.039909005769192686
0.3062999999999999,-0.039965594221187284
0.3052999999999999,-0.03999388844718459
0.3042999999999999,-0.04005047689917919
0.3032999999999999,-0.04017780091616704
0.3022999999999999,-0.04020609514216435
0.3012999999999999,-0.04020609514216435
0.3002999999999999,-0.04024853648116029
0.2992999999999999,-0.040276830707157596
0.2982999999999999,-0.040333419159152194
0.2972999999999999,-0.040418301837144094
0.2962999999999999,-0.04048903740213735
0.2952999999999999,-0.04051733162813465
0.2942999999999999,-0.04057392008012925
0.2932999999999999,-0.04068709698411845
0.2922999999999999,-0.04074368543611305
0.2912999999999999,-0.04074368543611305
0.2902999999999999,-0.040800273888107655
0.2892999999999999,-0.040885156566099555
0.2882999999999999,-0.04105492192208336
0.2872999999999999,-0.04121054016506852
0.2862999999999999,-0.04133786418205637
0.2852999999999999,-0.04139445263405097
0.2842999999999999,-0.041380305521052325
0.2832999999999999,-0.04139445263405097
0.2822999999999999,-0.04142274686004828
0.2812999999999999,-0.041451041086045574
0.2802999999999999,-0.04150762953804018
0.2792999999999999,-0.04167739489402397
0.2782999999999999,-0.04176227757201588
0.2772999999999999,-0.04177642468501453
0.2762999999999999,-0.04179057179801319
0.2752999999999999,-0.04170568912002128
0.2742999999999999,-0.04176227757201588
0.2732999999999999,-0.04180471891101184
0.2722999999999999,-0.04184716025000779
0.2712999999999999,-0.04196033715399699
0.2702999999999999,-0.041988631379994285
0.2692999999999999,-0.04207351405798619
0.26829999999999987,-0.042130102509980796
0.26729999999999987,-0.04215839673597809
0.26629999999999987,-0.042214985187972696
0.26529999999999987,-0.042214985187972696
0.26429999999999987,-0.04224327941396999
0.26329999999999987,-0.0423564563179592
0.26229999999999987,-0.04242719188295245
0.26129999999999987,-0.04248378033494705
0.26029999999999986,-0.0424696332219484
0.25929999999999986,-0.04254036878694165
0.25829999999999986,-0.042639398577932204
0.25729999999999986,-0.04271013414292545
0.25629999999999986,-0.04276672259492006
0.25529999999999986,-0.04276672259492006
0.25429999999999986,-0.04286575238591061
0.25329999999999986,-0.04304966485489307
0.25229999999999986,-0.04326187154987282
0.25129999999999986,-0.04333260711486608
0.25029999999999986,-0.04333260711486608
0.24929999999999986,-0.04336090134086337
0.24829999999999985,-0.04341748979285798
0.24729999999999985,-0.043459931131853924
0.24629999999999985,-0.043459931131853924
0.24529999999999985,-0.043502372470849884
0.24429999999999985,-0.04360140226184043
0.24329999999999985,-0.04371457916582964
0.24229999999999985,-0.04381360895682019
0.24129999999999985,-0.04381360895682019
0.24029999999999985,-0.043757020504825585
0.23929999999999985,-0.04381360895682019
0.23829999999999985,-0.043870197408814794
0.23729999999999984,-0.04394093297380804
0.23629999999999984,-0.04399752142580264
0.23529999999999984,-0.04399752142580264
0.23429999999999984,-0.04406825699079589
0.23329999999999984,-0.044138992555789146
0.23229999999999984,-0.04419558100778375
0.23129999999999984,-0.04423802234677969
0.23029999999999984,-0.04423802234677969
0.22929999999999984,-0.0442946107987743
0.22829999999999984,-0.04436534636376756
0.22729999999999984,-0.044393640589764846
0.22629999999999983,-0.04447852326775675
0.22529999999999983,-0.04453511171975136
0.22429999999999983,-0.04460584728474461
0.22329999999999983,-0.04484634820572166
0.22229999999999983,-0.04508684912669872
0.22129999999999983,-0.04521417314368657
0.22029999999999983,-0.04527076159568117
0.21929999999999983,-0.045242467369683875
0.21829999999999983,-0.04528490870867982
0.21729999999999983,-0.04538393849967037
0.21629999999999983,-0.04541223272566768
0.21529999999999982,-0.04542637983866633
0.21429999999999982,-0.04549711540365958
0.21329999999999982,-0.04559614519465013
0.21229999999999982,-0.045709322098639336
0.21129999999999982,-0.04578005766363259
0.21029999999999982,-0.04582249900262853
0.20929999999999982,-0.04587908745462314
0.20829999999999982,-0.04592152879361909
0.20729999999999982,-0.04602055858460964
0.20629999999999982,-0.046048852810606944
0.20529999999999982,-0.04610544126260154
0.20429999999999982,-0.0462044710535921
0.20329999999999981,-0.046303500844582644
0.2022999999999998,-0.0464025306355732
0.2012999999999998,-0.0464591190875678
0.20029999999999992,-0.04647326620056645
0.19929999999999992,-0.046586443104555654
0.19829999999999992,-0.046699620008544857
0.19729999999999992,-0.04682694402553272
0.19629999999999992,-0.04692597381652327
0.19529999999999992,-0.046954268042520564
0.19429999999999992,-0.04712403339850437
0.19329999999999992,-0.047251357415492225
0.19229999999999992,-0.047336240093484125
0.19129999999999991,-0.04742112277147603
0.1902999999999999,-0.04750600544946793
0.1892999999999999,-0.047647476579454444
0.1882999999999999,-0.04780309482243959
0.1872999999999999,-0.04794456595242609
0.1862999999999999,-0.04805774285641529
0.1852999999999999,-0.048199213986401805
0.1842999999999999,-0.048368979342385605
0.1832999999999999,-0.048609480263362655
0.1822999999999999,-0.04883583407134107
0.1812999999999999,-0.049005599427324874
0.1802999999999999,-0.04899145231432622
0.1792999999999999,-0.04904804076632082
0.1782999999999999,-0.049189511896307325
0.1772999999999999,-0.04934513013929248
0.1762999999999999,-0.04950074838227764
0.1752999999999999,-0.049727102190256035
0.1742999999999999,-0.04995345599823445
0.1732999999999999,-0.05012322135421825
0.1722999999999999,-0.05026469248420476
0.1712999999999999,-0.050392016501192606
0.1702999999999999,-0.05051934051818046
0.1692999999999999,-0.05064666453516831
0.1682999999999999,-0.05090131256914402
0.1672999999999999,-0.05115596060311973
0.1662999999999999,-0.05133987307210218
0.1652999999999999,-0.05152378554108464
0.1642999999999999,-0.051735992236064385
0.1632999999999999,-0.0519623460440428
0.1622999999999999,-0.05218869985202121
0.1612999999999999,-0.052415053659999614
0.1602999999999999,-0.052613113241980716
0.1592999999999999,-0.05288190838895507
0.15829999999999989,-0.05313655642293078
0.15729999999999988,-0.05346194002189974
0.15629999999999988,-0.05375902939487139
0.15529999999999988,-0.053957088976852495
0.15429999999999988,-0.05422588412382686
0.15329999999999988,-0.05449467927080121
0.15229999999999988,-0.05477762153077422
0.15129999999999988,-0.05506056379074723
0.15029999999999988,-0.05528691759872562
0.14929999999999988,-0.05561230119769459
0.14829999999999988,-0.05598012613565951
0.14729999999999988,-0.05627721550863116
0.14629999999999987,-0.05661674622059877
0.14529999999999987,-0.056871394254574464
0.14429999999999987,-0.05721092496654208
0.14329999999999987,-0.05762119124350294
0.14229999999999987,-0.058031457520463806
0.14129999999999987,-0.058300252667438164
0.14029999999999987,-0.05858319492741117
0.13929999999999987,-0.05889443141338147
0.13829999999999987,-0.05926225635134639
0.13729999999999987,-0.05965837551530859
0.13629999999999987,-0.05996961200127891
0.13529999999999986,-0.06032328982624517
0.13429999999999986,-0.06066282053821278
0.13329999999999986,-0.06103064547617768
0.13229999999999986,-0.06138432330114395
0.13129999999999986,-0.0616531184481183
0.13029999999999986,-0.06202094338608321
0.12929999999999986,-0.06234632698505217
0.12829999999999986,-0.06277074037501168
0.12729999999999986,-0.06343565468594824
0.12629999999999986,-0.06393080364090101
0.12529999999999986,-0.06432692280486321
0.12429999999999986,-0.06466645351683083
0.12329999999999985,-0.06494939577680384
0.12229999999999985,-0.06520404381077954
0.12129999999999985,-0.06547283895775391
0.12029999999999985,-0.06571333987873097
0.11929999999999985,-0.06599628213870397
0.11829999999999985,-0.06636410707666887
0.11729999999999985,-0.06671778490163513
0.11629999999999985,-0.06701487427460678
0.11529999999999985,-0.06728366942158114
0.11429999999999985,-0.06753831745555686
0.11329999999999985,-0.06780711260253121
0.11229999999999984,-0.06801931929751097
0.11129999999999984,-0.06828811444448532
0.11029999999999984,-0.06851446825246373
0.10929999999999984,-0.06878326339943809
0.10829999999999984,-0.0690662056594111
0.10729999999999984,-0.06927841235439085
0.10629999999999984,-0.06953306038836657
0.10529999999999984,-0.0696886786313517
0.10429999999999984,-0.06990088532633146
0.10329999999999984,-0.0701130920213112
0.10229999999999984,-0.07033944582928962
0.10129999999999983,-0.07053750541127073
0.10029999999999983,-0.07082044767124374
0.09929999999999983,-0.07118827260920865
0.09829999999999983,-0.07158439177317086
0.09729999999999983,-0.07193806959813712
0.09629999999999983,-0.07213612918011822
0.09529999999999983,-0.07216442340611552
0.09429999999999983,-0.07223515897110877
0.09329999999999983,-0.07236248298809662
0.09229999999999983,-0.07250395411808314
0.09129999999999983,-0.07260298390907369
0.09029999999999982,-0.07274445503906019
0.08929999999999982,-0.07292836750804264
0.08829999999999982,-0.0730839857510278
0.08729999999999982,-0.07326789822001026
0.08629999999999982,-0.07335278089800215
0.08529999999999982,-0.0733952222369981
0.08429999999999982,-0.07352254625398597
0.08329999999999982,-0.07363572315797516
0.08229999999999982,-0.07389037119195085
0.08129999999999982,-0.07410257788693062
0.08029999999999982,-0.07413087211292792
0.07929999999999982,-0.07421575479091982
0.07829999999999981,-0.07424404901691713
0.07729999999999981,-0.07431478458191038
0.07629999999999981,-0.07442796148589957
0.07529999999999992,-0.07454113838988878
0.07429999999999992,-0.07469675663287394
0.07329999999999992,-0.07483822776286045
0.07229999999999992,-0.07486652198885775
0.07129999999999992,-0.0749089633278537
0.07029999999999992,-0.07488066910185638
0.06929999999999992,-0.074937257553851
0.06829999999999992,-0.0750504344578402
0.06729999999999992,-0.07512117002283344
0.06629999999999991,-0.07520605270082535
0.06529999999999991,-0.07522019981382401
0.06429999999999991,-0.07524849403982131
0.06329999999999991,-0.07531922960481456
0.06229999999999991,-0.07538996516980781
0.06129999999999991,-0.0754465536218024
0.06029999999999991,-0.07543240650880376
0.05929999999999991,-0.07548899496079836
0.05829999999999991,-0.07557387763879025
0.05729999999999991,-0.0756446132037835
0.056299999999999906,-0.07570120165577811
0.055299999999999905,-0.07574364299477407
0.054299999999999904,-0.07578608433377002
0.0532999999999999,-0.07587096701176191
0.0522999999999999,-0.07594170257675517
0.0512999999999999,-0.07592755546375651
0.0502999999999999,-0.07591340835075787
0.0492999999999999,-0.07595584968975382
0.0482999999999999,-0.07599829102874978
0.0472999999999999,-0.07608317370674167
0.0462999999999999,-0.07612561504573763
0.045299999999999896,-0.07618220349773222
0.044299999999999895,-0.07623879194972684
0.043299999999999894,-0.07626708617572413
0.04229999999999989,-0.07630952751472009
0.04129999999999989,-0.07629538040172142
0.04029999999999989,-0.07630952751472009
0.03929999999999989,-0.07639441019271198
0.03829999999999989,-0.07643685153170793
0.03729999999999989,-0.07650758709670118
0.03629999999999989,-0.07656417554869578
0.03529999999999989,-0.07657832266169443
0.034299999999999886,-0.07667735245268498
0.033299999999999885,-0.07674808801767824
0.032299999999999884,-0.07683297069567015
0.031299999999999883,-0.07683297069567015
0.030299999999999883,-0.0767622351306769
0.02929999999999988,-0.0767622351306769
0.02829999999999988,-0.07677638224367554
0.02729999999999988,-0.07680467646967284
0.02629999999999988,-0.07691785337366204
0.025299999999999878,-0.07700273605165395
0.024299999999999877,-0.0770734716166472
0.023299999999999876,-0.07708761872964585
0.022299999999999875,-0.0770734716166472
0.021299999999999875,-0.07701688316465259
0.020299999999999874,-0.07703103027765125
0.019299999999999873,-0.07711591295564316
0.018299999999999872,-0.0771866485206364
0.01729999999999987,-0.07724323697263101
0.01629999999999987,-0.07722908985963235
0.01529999999999987,-0.07722908985963235
0.014299999999999868,-0.07722908985963235
0.013299999999999867,-0.07725738408562965
0.012299999999999978,-0.07731397253762426
0.011299999999999866,-0.0773281196506229
0.010299999999999976,-0.0773564138766202
0.009299999999999864,-0.07741300232861481
0.008299999999999974,-0.07746959078060942
0.007299999999999862,-0.07755447345860131
0.006299999999999972,-0.07758276768459862
0.00529999999999986,-0.07755447345860131
0.0042999999999999705,-0.07756862057159995
0.0032999999999998586,-0.07756862057159995
0.0022999999999999687,-0.07758276768459862
0.0012999999999998568,-0.07759691479759726
0.00029999999999996696,-0.07762520902359457
-0.000700000000000145,-0.07776668015358107
-0.0017000000000000348,-0.07782326860557567
-0.0027000000000001467,-0.07782326860557567
-0.0037000000000000366,-0.07783741571857432
-0.0047000000000001485,-0.07776668015358107
-0.005700000000000038,-0.07779497437957837
-0.00670000000000015,-0.07786570994457162
-0.00770000000000004,-0.07796473973556219
-0.008700000000000152,-0.07800718107455813
-0.009700000000000042,-0.07797888684856082
-0.010700000000000154,-0.07797888684856082
-0.011700000000000044,-0.07802132818755676
-0.012700000000000156,-0.07802132818755676
-0.013700000000000045,-0.07807791663955138
-0.014700000000000157,-0.07807791663955138
-0.015700000000000047,-0.07813450509154597
-0.01670000000000016,-0.07820524065653922
-0.01770000000000005,-0.07821938776953788
-0.01870000000000016,-0.07819109354354058
-0.01970000000000005,-0.07816279931754326
-0.020700000000000163,-0.07812035797854733
-0.021700000000000053,-0.07817694643054193
-0.022700000000000164,-0.07826182910853383
-0.023700000000000054,-0.07830427044752979
-0.024700000000000166,-0.07831841756052843
-0.025700000000000056,-0.07831841756052843
-0.026700000000000168,-0.07837500601252304
-0.027700000000000058,-0.07837500601252304
-0.02870000000000017,-0.07834671178652573
-0.02970000000000006,-0.07837500601252304
-0.03070000000000017,-0.07847403580351359
-0.03170000000000006,-0.07860135982050144
-0.03270000000000017,-0.07870038961149198
-0.03370000000000006,-0.07868624249849335
-0.034700000000000175,-0.07864380115949739
-0.035700000000000065,-0.07870038961149198
-0.03670000000000018,-0.0787569780634866
-0.03770000000000007,-0.0787852722894839
-0.03870000000000018,-0.07868624249849335
-0.03970000000000007,-0.07858721270750278
-0.04070000000000018,-0.07865794827249603
-0.04170000000000007,-0.0787569780634866
-0.04270000000000018,-0.0788984491934731
-0.04370000000000007,-0.078983331871465
-0.044700000000000184,-0.07891259630647175
-0.045700000000000074,-0.07894089053246904
-0.046700000000000186,-0.0788984491934731
-0.047700000000000076,-0.0788984491934731
-0.04870000000000019,-0.07891259630647175
-0.04970000000000008,-0.07884186074147849
-0.05070000000000019,-0.07884186074147849
-0.05170000000000008,-0.07891259630647175
-0.05270000000000019,-0.07896918475846634
-0.05370000000000008,-0.07894089053246904
-0.05470000000000019,-0.07894089053246904
-0.05570000000000008,-0.07894089053246904
-0.056700000000000195,-0.078983331871465
-0.057700000000000085,-0.07903992032345959
-0.058700000000000196,-0.07928042124443666
-0.059700000000000086,-0.07963409906940291
-0.0607000000000002,-0.07994533555537323
-0.06170000000000009,-0.08010095379835838
-0.0627000000000002,-0.08000192400736782
-0.06370000000000009,-0.07983215865138403
-0.0647000000000002,-0.07976142308639078
-0.06570000000000009,-0.07973312886039347
-0.0667000000000002,-0.07976142308639078
-0.0677000000000001,-0.07983215865138403
-0.0687000000000002,-0.07988874710337862
-0.0697000000000001,-0.07991704132937592
-0.07070000000000021,-0.07997362978137053
-0.0717000000000001,-0.08003021823336513
-0.07270000000000021,-0.08003021823336513
-0.0737000000000001,-0.07994533555537323
-0.07470000000000021,-0.07988874710337862
-0.0757000000000001,-0.07995948266837187
-0.07670000000000021,-0.08001607112036647
-0.0777000000000001,-0.08011510091135703
-0.07870000000000021,-0.08011510091135703
-0.0797000000000001,-0.08010095379835838
-0.08070000000000022,-0.08017168936335163
-0.0817000000000001,-0.08019998358934893
-0.08270000000000022,-0.08021413070234758
-0.08370000000000011,-0.08024242492834488
-0.08470000000000022,-0.08021413070234758
-0.08570000000000011,-0.08029901338033948
-0.08670000000000022,-0.080440484510326
-0.08770000000000011,-0.08053951430131655
-0.08870000000000022,-0.08062439697930844
-0.08970000000000011,-0.08063854409230709
-0.09070000000000022,-0.08059610275331114
-0.09170000000000011,-0.0805819556403125
-0.09270000000000023,-0.08053951430131655
-0.09370000000000012,-0.08055366141431519
-0.09470000000000023,-0.08062439697930844
-0.09570000000000012,-0.08080830944829089
-0.09670000000000023,-0.08099222191727334
-0.09770000000000012,-0.08104881036926795
-0.09870000000000023,-0.08099222191727334
-0.09970000000000012,-0.0809780748042747
-0.10070000000000023,-0.0809780748042747
-0.10170000000000012,-0.0810346632562693
-0.10270000000000024,-0.08110539882126255
-0.10370000000000013,-0.08109125170826391
-0.10470000000000024,-0.08109125170826391
-0.10570000000000013,-0.0811478401602585
-0.10670000000000024,-0.08121857572525175
-0.10770000000000013,-0.0813741939682369
-0.10870000000000024,-0.08143078242023151
-0.10970000000000013,-0.08145907664622881
-0.11070000000000024,-0.08145907664622881
-0.11170000000000013,-0.08150151798522477
-0.11270000000000002,-0.08154395932422072
-0.11370000000000013,-0.08157225355021802
-0.11470000000000002,-0.08157225355021802
-0.11570000000000014,-0.08164298911521127
-0.11670000000000003,-0.08167128334120857
-0.11770000000000014,-0.08177031313219911
-0.11870000000000003,-0.08179860735819641
-0.11970000000000014,-0.08177031313219911
-0.12070000000000003,-0.08181275447119508
-0.12170000000000014,-0.08186934292318966
-0.12270000000000003,-0.08191178426218561
-0.12370000000000014,-0.08194007848818292
-0.12470000000000003,-0.08195422560118158
-0.12570000000000014,-0.08208154961816942
-0.12670000000000003,-0.08225131497415322
-0.12770000000000015,-0.08240693321713838
-0.12870000000000004,-0.08249181589513029
-0.12970000000000015,-0.08239278610413973
-0.13070000000000004,-0.08237863899114109
-0.13170000000000015,-0.0824352274431357
-0.13270000000000004,-0.0824352274431357
-0.13370000000000015,-0.0824352274431357
-0.13470000000000004,-0.08252011012112759
-0.13570000000000015,-0.08274646392910599
-0.13670000000000004,-0.0830011119630817
-0.13770000000000016,-0.08304355330207766
-0.13870000000000005,-0.0829728177370844
-0.13970000000000016,-0.08285964083309519
-0.14070000000000005,-0.0828313466070979
-0.14170000000000016,-0.0828313466070979
-0.14270000000000005,-0.08291622928508981
-0.14370000000000016,-0.08291622928508981
-0.14470000000000005,-0.0830577004150763
-0.14570000000000016,-0.08322746577106012
-0.14670000000000005,-0.08338308401404526
-0.14770000000000016,-0.08336893690104662
-0.14870000000000005,-0.08332649556205066
-0.14970000000000017,-0.08322746577106012
-0.15070000000000006,-0.08319917154506282
-0.15170000000000017,-0.08321331865806145
-0.15270000000000006,-0.08331234844905201
-0.15370000000000017,-0.08338308401404526
-0.15470000000000006,-0.08342552535304121
-0.15570000000000017,-0.08349626091803447
-0.15670000000000006,-0.08352455514403176
-0.15770000000000017,-0.08355284937002906
-0.15870000000000006,-0.08349626091803447
-0.15970000000000018,-0.08345381957903851
-0.16070000000000007,-0.08353870225703043
-0.16170000000000018,-0.08363773204802097
-0.16270000000000007,-0.08376505606500882
-0.16370000000000018,-0.08380749740400478
-0.16470000000000007,-0.08386408585599937
-0.16570000000000018,-0.08393482142099262
-0.16670000000000007,-0.08400555698598587
-0.16770000000000018,-0.08403385121198319
-0.16870000000000007,-0.08400555698598587
-0.16970000000000018,-0.08404799832498183
-0.17070000000000007,-0.08410458677697644
-0.17170000000000019,-0.08417532234196969
-0.17270000000000008,-0.08417532234196969
-0.1737000000000002,-0.08417532234196969
-0.17470000000000008,-0.08421776368096563
-0.1757000000000002,-0.08431679347195618
-0.17670000000000008,-0.08441582326294673
-0.1777000000000002,-0.08447241171494134
-0.17870000000000008,-0.08450070594093864
-0.1797000000000002,-0.08451485305393729
-0.18070000000000008,-0.08451485305393729
-0.1817000000000002,-0.08455729439293323
-0.18270000000000008,-0.0847129126359184
-0.1837000000000002,-0.0848826779919022
-0.1847000000000001,-0.08513732602587791
-0.1857000000000002,-0.08532123849486037
-0.1867000000000001,-0.08533538560785901
-0.1877000000000002,-0.08536367983385632
-0.1887000000000001,-0.08527879715586441
-0.1897000000000002,-0.0851939144778725
-0.1907000000000001,-0.08517976736487386
-0.1917000000000001,-0.08527879715586441
-0.19269999999999998,-0.08546270962484687
-0.1937000000000001,-0.08553344518984012
-0.19469999999999998,-0.08553344518984012
-0.1957000000000001,-0.08554759230283876
-0.19669999999999999,-0.08550515096384281
-0.1977000000000001,-0.08553344518984012
-0.1987,-0.08547685673784551
-0.1997000000000001,-0.08543441539884956
-0.2007,-0.08554759230283876
-0.2017000000000001,-0.08556173941583743
-0.2027,-0.08566076920682797
-0.2037000000000001,-0.08567491631982663
-0.2047,-0.08566076920682797
-0.2057000000000001,-0.08570321054582393
-0.2067,-0.08574565188481988
-0.2077000000000001,-0.08578809322381582
-0.2087,-0.08573150477182122
-0.2097000000000001,-0.08568906343282526
-0.2107,-0.08580224033681448
-0.2117000000000001,-0.08594371146680099
-0.2127,-0.08624080083977263
-0.2137000000000001,-0.0866793613427308
-0.2147,-0.08686327381171326
-0.2157000000000001,-0.08697645071570247
-0.2167,-0.08682083247271731
-0.21770000000000012,-0.08672180268172675
-0.2187,-0.0867076555687281
-0.21970000000000012,-0.08672180268172675
-0.2207,-0.0867076555687281
-0.22170000000000012,-0.08675009690772406
-0.2227,-0.08679253824672
-0.22370000000000012,-0.08686327381171326
-0.2247,-0.0869340093767065
-0.22570000000000012,-0.08696230360270381
-0.2267,-0.08697645071570247
-0.22770000000000012,-0.0869905978287011
-0.22870000000000001,-0.08696230360270381
-0.22970000000000013,-0.08694815648970515
-0.23070000000000002,-0.08697645071570247
-0.23170000000000013,-0.08704718628069572
-0.23270000000000002,-0.08713206895868761
-0.23370000000000013,-0.0871037747326903
-0.23470000000000002,-0.08713206895868761
-0.23570000000000013,-0.08725939297567546
-0.23670000000000002,-0.08745745255765658
-0.2376999999999999,-0.08772624770463092
-0.23870000000000002,-0.08782527749562147
-0.2396999999999999,-0.08775454193062822
-0.24070000000000003,-0.08772624770463092
-0.24169999999999991,-0.08769795347863363
-0.24270000000000003,-0.08768380636563497
-0.24369999999999992,-0.08765551213963767
-0.24470000000000003,-0.08761307080064172
-0.24569999999999992,-0.08775454193062822
-0.24670000000000003,-0.08792430728661203
-0.24769999999999992,-0.08795260151260934
-0.24870000000000003,-0.08793845439961068
-0.24969999999999992,-0.08786771883461743
-0.25070000000000003,-0.08782527749562147
-0.2516999999999999,-0.08785357172161878
-0.25270000000000004,-0.08788186594761609
-0.2536999999999999,-0.08792430728661203
-0.25470000000000004,-0.08802333707760258
-0.2556999999999999,-0.08819310243358638
-0.25670000000000004,-0.08823554377258234
-0.25769999999999993,-0.08817895532058774
-0.25870000000000004,-0.08815066109459044
-0.25969999999999993,-0.08815066109459044
-0.26070000000000004,-0.08823554377258234
-0.26169999999999993,-0.08837701490256884
-0.26270000000000004,-0.08863166293654455
-0.26369999999999993,-0.0887589869535324
-0.26470000000000005,-0.088815575405527
-0.26569999999999994,-0.08882972251852565
-0.26670000000000005,-0.0889004580835189
-0.26769999999999994,-0.08888631097052026
-0.26870000000000005,-0.0887023985015378
-0.26969999999999994,-0.08868825138853914
-0.27070000000000005,-0.08884386963152431
-0.27169999999999994,-0.08911266477849866
-0.27270000000000005,-0.08929657724748112
-0.27369999999999994,-0.08922584168248787
-0.27470000000000006,-0.08908437055250136
-0.27569999999999995,-0.0890419292135054
-0.27670000000000006,-0.08907022343950272
-0.27769999999999995,-0.08916925323049325
-0.27870000000000006,-0.08918340034349191
-0.27969999999999995,-0.08921169456948921
-0.28070000000000006,-0.08932487147347841
-0.28169999999999995,-0.08940975415147032
-0.28270000000000006,-0.08949463682946222
-0.28369999999999995,-0.08949463682946222
-0.28470000000000006,-0.08939560703847166
-0.28569999999999995,-0.08940975415147032
-0.28670000000000007,-0.08949463682946222
-0.28769999999999996,-0.08956537239445547
-0.28870000000000007,-0.08962196084645008
-0.28969999999999996,-0.08967854929844467
-0.29070000000000007,-0.08972099063744063
-0.29169999999999996,-0.08982002042843118
-0.29270000000000007,-0.08990490310642309
-0.29369999999999996,-0.08991905021942173
-0.2947000000000001,-0.08989075599342443
-0.29569999999999996,-0.08991905021942173
-0.2967000000000001,-0.09001808001041228
-0.29769999999999996,-0.09020199247939473
-0.2987000000000001,-0.09045664051337043
-0.29969999999999997,-0.09071128854734616
-0.3007000000000001,-0.09076787699934075
-0.30169999999999997,-0.09068299432134884
-0.3027000000000001,-0.09052737607836371
-0.30369999999999997,-0.0904141991743745
-0.3047000000000001,-0.09045664051337043
-0.30569999999999997,-0.09065470009535155
-0.3067000000000001,-0.09085275967733265
-0.3077,-0.09098008369432051
-0.3087000000000001,-0.09093764235532456
-0.3097,-0.09099423080731917
-0.3107000000000001,-0.09106496637231241
-0.3117,-0.09109326059830972
-0.3127000000000001,-0.09105081925931376
-0.3137,-0.09098008369432051
-0.3147000000000001,-0.09102252503331647
-0.3157,-0.09114984905030431
-0.3167000000000001,-0.09122058461529756
-0.3177,-0.09130546729328948
-0.3187000000000001,-0.09136205574528407
-0.3197,-0.09137620285828273
-0.3207000000000001,-0.09141864419727867
-0.3217,-0.09143279131027732
-0.3227000000000001,-0.09141864419727867
-0.3237,-0.09139034997128137
-0.3247000000000001,-0.09136205574528407
-0.3257,-0.09150352687527057
-0.3267000000000001,-0.09161670377925978
-0.3277,-0.09171573357025031
-0.3287000000000001,-0.09172988068324898
-0.3297,-0.09168743934425302
-0.3307000000000001,-0.09172988068324898
-0.3317,-0.09177232202224493
-0.3327000000000001,-0.09178646913524359
-0.3337,-0.09180061624824223
-0.3347000000000001,-0.09180061624824223
-0.3357,-0.09187135181323548
-0.3367000000000001,-0.09202697005622064
-0.3377,-0.09202697005622064
-0.3387000000000001,-0.09195623449122738
-0.3397,-0.09197038160422603
-0.3407000000000001,-0.09204111716921928
-0.3417,-0.09218258829920578
-0.3427000000000001,-0.09232405942919229
-0.3437,-0.09232405942919229
-0.3447000000000001,-0.0923523536551896
-0.3457,-0.09236650076818824
-0.3467000000000001,-0.09250797189817477
-0.3477,-0.09253626612417204
-0.3487000000000001,-0.0924938247851761
-0.3497,-0.09257870746316801
-0.3507000000000001,-0.09267773725415854
-0.3517,-0.0927767670451491
-0.3527000000000001,-0.09290409106213696
-0.3537,-0.09290409106213696
-0.3547000000000001,-0.09300312085312752
-0.3557,-0.09315873909611266
-0.35670000000000013,-0.09338509290409107
-0.3577,-0.09363974093806678
-0.35870000000000013,-0.09383780052004788
-0.3597,-0.09379535918105193
-0.36070000000000013,-0.09375291784205599
-0.3617,-0.09368218227706274
-0.3626999999999999,-0.09366803516406408
-0.3637,-0.09371047650306003
-0.3646999999999999,-0.0939226831980398
-0.3657,-0.0942056254580128
-0.3666999999999999,-0.0943753908139966
-0.3677,-0.0944036850399939
-0.3686999999999999,-0.09447442060498715
-0.36970000000000003,-0.09447442060498715
-0.3706999999999999,-0.09447442060498715
-0.37170000000000003,-0.09457345039597771
-0.3726999999999999,-0.09458759750897636
-0.37370000000000003,-0.09472906863896285
-0.3746999999999999,-0.09485639265595071
-0.37570000000000003,-0.0949978637859372
-0.3766999999999999,-0.09513933491592372
-0.37770000000000004,-0.09516762914192102
-0.3786999999999999,-0.09509689357692777
-0.37970000000000004,-0.0951110406899264
-0.3806999999999999,-0.09521007048091697
-0.38170000000000004,-0.09539398294989941
-0.38269999999999993,-0.09556374830588323
-0.38370000000000004,-0.09563448387087647
-0.38469999999999993,-0.0957193665488684
-0.38570000000000004,-0.09577595500086299
-0.38669999999999993,-0.09587498479185352
-0.38770000000000004,-0.09603060303483868
-0.38869999999999993,-0.09607304437383464
-0.38970000000000005,-0.09612963282582924
-0.39069999999999994,-0.0962852510688144
-0.39170000000000005,-0.09645501642479819
-0.39269999999999994,-0.0965964875547847
-0.39370000000000005,-0.09663892889378066
-0.39469999999999994,-0.09673795868477121
-0.39570000000000005,-0.09686528270175906
-0.39669999999999994,-0.09703504805774286
-0.39770000000000005,-0.09724725475272263
-0.39869999999999994,-0.09737457876971047
-0.39970000000000006,-0.09741702010870643
-0.40069999999999995,-0.09751604989969698
-0.40170000000000006,-0.09760093257768888
-0.40269999999999995,-0.09768581525568078
-0.40370000000000006,-0.09782728638566728
-0.40469999999999995,-0.09799705174165109
-0.40570000000000006,-0.09826584688862545
-0.40669999999999995,-0.09832243534062005
-0.40770000000000006,-0.09837902379261465
-0.40869999999999995,-0.09839317090561331
-0.40970000000000006,-0.0984214651316106
-0.41069999999999995,-0.09857708337459577
-0.41170000000000007,-0.09877514295657686
-0.41269999999999996,-0.09883173140857146
-0.41370000000000007,-0.09888831986056607
-0.41469999999999996,-0.09904393810355122
-0.41570000000000007,-0.09914296789454177
-0.41669999999999996,-0.09927029191152963
-0.41770000000000007,-0.09932688036352423
-0.41869999999999996,-0.09929858613752693
-0.4197000000000001,-0.09941176304151612
-0.42069999999999996,-0.09949664571950805
-0.4217000000000001,-0.09965226396249319
-0.42269999999999996,-0.09985032354447429
-0.4237000000000001,-0.09989276488347024
-0.42469999999999997,-0.10004838312645539
-0.4257000000000001,-0.10011911869144864
-0.42669999999999997,-0.10018985425644189
-0.4277000000000001,-0.1002181484824392
-0.42869999999999997,-0.10028888404743246
-0.4297000000000001,-0.1004727965164149
-0.43069999999999997,-0.10078403300238521
-0.4317000000000001,-0.10101038681036362
-0.4327,-0.10102453392336228
-0.4337000000000001,-0.10101038681036362
-0.4347,-0.10103868103636092
-0.4357000000000001,-0.10120844639234472
-0.4367,-0.10130747618333527
-0.4377000000000001,-0.10143480020032314
-0.4387,-0.10154797710431233
-0.4397000000000001,-0.10163285978230424
-0.4407,-0.10180262513828804
-0.4417000000000001,-0.10191580204227724
-0.4427,-0.10209971451125968
-0.4437000000000001,-0.10231192120623946
-0.4447,-0.1022977740932408
-0.4457000000000001,-0.10242509811022867
-0.4467,-0.10255242212721652
-0.4477000000000001,-0.10258071635321381
-0.4487,-0.10273633459619896
-0.4497000000000001,-0.10287780572618546
-0.4507,-0.10304757108216928
-0.4517000000000001,-0.10320318932515443
-0.4527,-0.10323148355115172
-0.4537000000000001,-0.10321733643815308
-0.4547,-0.10331636622914364
-0.4557000000000001,-0.10347198447212877
-0.4567,-0.10375492673210178
-0.4577000000000001,-0.10400957476607749
-0.4587,-0.10436325259104375
-0.4597000000000001,-0.10484425443299787
-0.4607,-0.10535355050094929
-0.4617000000000001,-0.1057213754389142
-0.4627,-0.1058628465689007
-0.4637000000000001,-0.10574966966491149
-0.4647,-0.105608198534925
-0.4657000000000001,-0.10545258029193984
-0.4667,-0.10548087451793714
-0.4677000000000001,-0.1057213754389142
-0.4687,-0.10596187635989125
-0.4697000000000001,-0.10630140707185885
-0.4707,-0.10668337912282241
-0.4717000000000001,-0.10689558581780217
-0.4727,-0.10675411468781566
-0.4737000000000001,-0.10669752623582107
-0.4747,-0.10681070313981027
-0.4757000000000001,-0.10702290983479003
-0.4767,-0.10746147033774818
-0.4777000000000001,-0.10787173661470904
-0.4787,-0.10795661929270095
-0.4797000000000001,-0.10815467887468207
-0.4807,-0.10849420958664967
-0.48170000000000013,-0.10850835669964831
-0.4827,-0.10855079803864424
-0.48370000000000013,-0.10848006247365101
-0.4847,-0.10860738649063886
-0.48570000000000013,-0.10898935854160242
-0.4867,-0.10915912389758622
-0.4876999999999999,-0.10954109594854979
-0.4887,-0.1099938035645066
-0.4896999999999999,-0.11036162850247151
-0.4907,-0.11053139385845531
-0.4916999999999999,-0.11087092457042293
-0.4927,-0.11111142549139998
-0.4936999999999999,-0.11133777929937837
-0.49470000000000003,-0.11153583888135948
-0.4956999999999999,-0.1118470753673298
-0.49670000000000003,-0.11246954833927042
-0.4976999999999999,-0.11307787419821237
-0.49870000000000003,-0.11348814047517325
-0.4996999999999999,-0.11392670097813141
-0.5007,-0.11435111436809091
-0.5016999999999999,-0.11483211621004503
-0.5027,-0.11514335269601533
-0.5036999999999999,-0.11525652960000454
-0.5047,-0.1154687362949843
-0.5056999999999999,-0.11549703052098159
-0.5067,-0.11589314968494381
-0.5076999999999999,-0.11621853328391277
-0.5087,-0.11619023905791546
-0.5096999999999999,-0.11638829863989655
-0.5107,-0.11669953512586688
-0.5116999999999999,-0.1172371254198156
-0.5127,-0.11829815889471437
-0.5136999999999999,-0.11876501362366983
-0.5147,-0.11914698567463339
-0.5156999999999999,-0.11981189998556994
-0.5167,-0.12042022584451192
-0.5176999999999999,-0.12081634500847413
-0.5187,-0.12115587572044173
-0.5196999999999999,-0.1216793189013918
-0.5207,-0.12220276208234186
-0.5216999999999999,-0.12252814568131082
-0.5227,-0.12299500041026629
-0.5236999999999999,-0.12371650317319745
-0.5247,-0.12443800593612864
-0.5257,-0.12497559623007734
-0.5267000000000001,-0.12534342116804223
-0.5277,-0.1259517470269842
-0.5287000000000001,-0.12650348443393158
-0.5297,-0.12728157564885736
-0.5307000000000001,-0.12827187355876288
-0.5317,-0.12895093498269808
-0.5327000000000001,-0.12958755506763736
-0.5337,-0.1304363818475564
-0.5347000000000001,-0.1311154432714916
-0.5357,-0.13169547490443625
-0.5367000000000001,-0.1323462421023742
-0.5377,-0.13343556980327026
-0.5387000000000001,-0.13483613399013666
-0.5397,-0.13601034436902465
-0.5407000000000001,-0.13633572796799356
-0.5417,-0.1367318471319558
-0.5427000000000001,-0.13694405382693556
-0.5437,-0.13762311525087076
-0.5447000000000001,-0.1384012064657965
-0.5457,-0.1392358861327169
-0.5467000000000001,-0.1402261840426224
-0.5477,-0.1413721001955131
-0.5487000000000001,-0.1427443701563822
-0.5497,-0.14401761032626076
-0.5507000000000001,-0.14529085049613927
-0.5517,-0.14642261953603128
-0.5527000000000001,-0.14712997518596382
-0.5537,-0.14812027309586934
-0.5547000000000001,-0.14925204213576138
-0.5557,-0.1509496956955994
-0.5567000000000001,-0.15165705134553195
-0.5577,-0.15236440699546444
-0.5587000000000001,-0.15377911829532948
-0.5597,-0.15462794507524852
-0.5607000000000001,-0.15604265637511353
-0.5617,-0.15802325219492458
-0.5627000000000001,-0.15943796349478964
-0.5637,-0.16085267479465465
-0.5647000000000001,-0.1622673860945197
-0.5657,-0.16382356852437122
-0.5667000000000001,-0.16523827982423628
-0.5677,-0.1669359333840743
-0.5687000000000001,-0.16849211581392587
-0.5697,-0.17018976937376393
-0.5707000000000001,-0.17202889406358848
-0.5717,-0.1737265476234265
-0.5727000000000001,-0.17584861457322407
-0.5737,-0.1782536237829946
-0.5747000000000001,-0.1805171618627787
-0.5757,-0.18306364220253574
-0.5767000000000001,-0.1856101225422928
-0.5777,-0.18815660288204988
-0.5787000000000001,-0.19056161209182043
-0.5797,-0.19268367904161798
-0.5807000000000001,-0.19494721712140206
-0.5817,-0.19791811085111863
-0.5827000000000001,-0.20046459119087567
-0.5837,-0.20301107153063278
-0.5847000000000001,-0.20584049413036284
-0.5857,-0.20909433012005244
-0.5867000000000001,-0.21263110836971502
-0.5877,-0.21588494435940458
-0.5887000000000001,-0.21857289582914816
-0.5897,-0.22210967407881074
-0.5907000000000001,-0.22564645232847336
-0.5917,-0.22946617283810894
-0.5927000000000001,-0.23371030673770407
-0.5937,-0.23738855611735316
-0.5947000000000001,-0.24134974775697526
-0.5957,-0.24516946826661082
-0.5967000000000001,-0.24927213103621945
-0.5977,-0.25337479380582806
-0.5987000000000001,-0.2577603988354097
-0.5997,-0.2624289461249643
-0.6007000000000001,-0.26723896454450546
-0.6017,-0.27219045409403303
-0.6027000000000001,-0.2772834147735472
-0.6037,-0.2826593177130343
-0.6047000000000001,-0.288176691782508
-0.6057,-0.2938355369819681
-0.6067000000000001,-0.29977732444140126
-0.6077,-0.3055776407708479
-0.6087000000000001,-0.31151942823028106
-0.6097,-0.31802710020966024
-0.6107000000000001,-0.3246762433190259
-0.6117,-0.33174979981835107
-0.6126999999999999,-0.3392477697076358
-0.6137,-0.3464627973369475
-0.6146999999999999,-0.3538192960962457
-0.6157,-0.3613172659855304
-0.6166999999999999,-0.36938112039476106
-0.6177,-0.37772791706396475
-0.6186999999999999,-0.386782069383101
-0.6197,-0.3952703371822912
-0.6206999999999999,-0.404748902891387
-0.6217,-0.4147933531204288
-0.6226999999999999,-0.4242719188295245
-0.6237,-0.4338919556686068
-0.6246999999999999,-0.4442193481576215
-0.6257,-0.45553703855654176
-0.6266999999999999,-0.4662888444355161
-0.6277,-0.47689917918450386
-0.6286999999999999,-0.48765098506347815
-0.6297,-0.49967603111233094
-0.6306999999999999,-0.5122669616811297
-0.6317,-0.5258481901598342
-0.6326999999999999,-0.5391464763785655
-0.6337,-0.5525862337272834
-0.6346999999999999,-0.5667333467259337
-0.6357,-0.5814463442445301
-0.6366999999999999,-0.5955934572431805
-0.6377,-0.6103064547617768
-0.6386999999999999,-0.6257268079303058
-0.6397,-0.6417130456187806
-0.6406999999999999,-0.6585481100871745
-0.6417,-0.675524645685555
-0.6426999999999999,-0.6925011812839355
-0.6437,-0.7096191880123024
-0.6446999999999999,-0.7284348483005074
-0.6457,-0.7475334508486854
-0.6466999999999999,-0.7666320533968634
-0.6477,-0.7858721270750278
-0.6486999999999999,-0.8059610275331113
-0.6497,-0.8267572836411275
-0.6507,-0.848260895399076
-0.6517000000000001,-0.8700474494169976
-0.6527,-0.8919754745649057
-0.6537000000000001,-0.9146108553627462
-0.6547,-0.9376706495505462
-0.6557000000000001,-0.9617207416482519
-0.6567,-0.9867611316558631
-0.6577000000000001,-1.0123674061834202
-0.6587,-1.0382566229709504
-0.6597000000000001,-1.0647117242784265
-0.6607,-1.0917327101058487
-0.6617000000000001,-1.1198854649731629
-0.6627,-1.1490285177503827
-0.6637000000000001,-1.1790203973075215
-0.6647,-1.210285517034539
-0.6657000000000001,-1.2416921078915426
-0.6667,-1.2733816410085195
-0.6677000000000001,-1.3060614720354018
-0.6687,-1.3395901298422033
-0.6697000000000001,-1.3743920278188833
-0.6707,-1.410042752575482
-0.6717000000000001,-1.4458349484620676
-0.6727,-1.4840321535584236
-0.6737000000000001,-1.5222293586547795
-0.6747,-1.5618412750510005
-0.6757000000000001,-1.6028679027470865
-0.6767,-1.643894530443173
-0.6777000000000001,-1.6849211581392587
-0.6787,-1.72736249713521
-0.6797000000000001,-1.769803836131161
-0.6807,-1.815074597726842
-0.6817000000000001,-1.8617600706223882
-0.6827,-1.9098602548177994
-0.6837000000000001,-1.9579604390132106
-0.6847,-2.0060606232086218
-0.6857000000000001,-2.0569902300037635
