Apr. 5, 2025   19:55:01
Linear Sweep Voltammetry
File: c:/users/guazh/data/banditlqround7_x0exp994_r5/2025-03-28-exp992\1acid_3ac-2025-04-05t19_51_47-lsvinphos\1acid_3ac_lsv_50mvs_efin_-2300mv.bin
Data Source:  Experiment
Instrument Model:  CHI760E
Header: LSV ran at 50 mVs with Efin at -2300mV
Note: 

Init E (V) = -0.6
Final E (V) = -2.3
Scan Rate (V/s) = 0.05
Sample Interval (V) = 0.001
Quiet Time (sec) = 2
Sensitivity (A/V) = 1e-4
Comp R (ohm) = 9.2

Results:

Channel 1:
Ep = -2.028V
ip = 8.550e-4A
Ah = 1.279e-3C

Potential/V, Current/A

-0.600, 2.594e-6
-0.601, 2.699e-6
-0.602, 2.742e-6
-0.603, 2.776e-6
-0.604, 2.810e-6
-0.605, 2.839e-6
-0.606, 2.869e-6
-0.607, 2.899e-6
-0.608, 2.930e-6
-0.609, 2.962e-6
-0.610, 2.988e-6
-0.611, 3.017e-6
-0.612, 3.046e-6
-0.613, 3.075e-6
-0.614, 3.109e-6
-0.615, 3.139e-6
-0.616, 3.167e-6
-0.617, 3.197e-6
-0.618, 3.225e-6
-0.619, 3.256e-6
-0.620, 3.284e-6
-0.621, 3.313e-6
-0.622, 3.344e-6
-0.623, 3.375e-6
-0.624, 3.407e-6
-0.625, 3.438e-6
-0.626, 3.467e-6
-0.627, 3.497e-6
-0.628, 3.528e-6
-0.629, 3.559e-6
-0.630, 3.590e-6
-0.631, 3.620e-6
-0.632, 3.650e-6
-0.633, 3.684e-6
-0.634, 3.717e-6
-0.635, 3.747e-6
-0.636, 3.778e-6
-0.637, 3.810e-6
-0.638, 3.843e-6
-0.639, 3.876e-6
-0.640, 3.908e-6
-0.641, 3.938e-6
-0.642, 3.971e-6
-0.643, 4.003e-6
-0.644, 4.036e-6
-0.645, 4.068e-6
-0.646, 4.100e-6
-0.647, 4.132e-6
-0.648, 4.164e-6
-0.649, 4.196e-6
-0.650, 4.227e-6
-0.651, 4.259e-6
-0.652, 4.292e-6
-0.653, 4.325e-6
-0.654, 4.360e-6
-0.655, 4.392e-6
-0.656, 4.424e-6
-0.657, 4.458e-6
-0.658, 4.492e-6
-0.659, 4.528e-6
-0.660, 4.562e-6
-0.661, 4.594e-6
-0.662, 4.628e-6
-0.663, 4.662e-6
-0.664, 4.696e-6
-0.665, 4.730e-6
-0.666, 4.763e-6
-0.667, 4.796e-6
-0.668, 4.831e-6
-0.669, 4.866e-6
-0.670, 4.899e-6
-0.671, 4.931e-6
-0.672, 4.964e-6
-0.673, 4.999e-6
-0.674, 5.034e-6
-0.675, 5.068e-6
-0.676, 5.100e-6
-0.677, 5.133e-6
-0.678, 5.167e-6
-0.679, 5.202e-6
-0.680, 5.235e-6
-0.681, 5.267e-6
-0.682, 5.301e-6
-0.683, 5.335e-6
-0.684, 5.369e-6
-0.685, 5.401e-6
-0.686, 5.432e-6
-0.687, 5.465e-6
-0.688, 5.499e-6
-0.689, 5.532e-6
-0.690, 5.565e-6
-0.691, 5.599e-6
-0.692, 5.630e-6
-0.693, 5.661e-6
-0.694, 5.696e-6
-0.695, 5.727e-6
-0.696, 5.758e-6
-0.697, 5.791e-6
-0.698, 5.822e-6
-0.699, 5.856e-6
-0.700, 5.885e-6
-0.701, 5.912e-6
-0.702, 5.941e-6
-0.703, 5.970e-6
-0.704, 6.002e-6
-0.705, 6.033e-6
-0.706, 6.062e-6
-0.707, 6.091e-6
-0.708, 6.121e-6
-0.709, 6.151e-6
-0.710, 6.179e-6
-0.711, 6.204e-6
-0.712, 6.231e-6
-0.713, 6.258e-6
-0.714, 6.287e-6
-0.715, 6.314e-6
-0.716, 6.340e-6
-0.717, 6.368e-6
-0.718, 6.395e-6
-0.719, 6.422e-6
-0.720, 6.446e-6
-0.721, 6.472e-6
-0.722, 6.495e-6
-0.723, 6.521e-6
-0.724, 6.548e-6
-0.725, 6.571e-6
-0.726, 6.594e-6
-0.727, 6.618e-6
-0.728, 6.641e-6
-0.729, 6.665e-6
-0.730, 6.687e-6
-0.731, 6.709e-6
-0.732, 6.730e-6
-0.733, 6.751e-6
-0.734, 6.773e-6
-0.735, 6.793e-6
-0.736, 6.814e-6
-0.737, 6.834e-6
-0.738, 6.852e-6
-0.739, 6.872e-6
-0.740, 6.890e-6
-0.741, 6.906e-6
-0.742, 6.923e-6
-0.743, 6.942e-6
-0.744, 6.959e-6
-0.745, 6.976e-6
-0.746, 6.990e-6
-0.747, 7.005e-6
-0.748, 7.020e-6
-0.749, 7.036e-6
-0.750, 7.049e-6
-0.751, 7.062e-6
-0.752, 7.075e-6
-0.753, 7.090e-6
-0.754, 7.102e-6
-0.755, 7.114e-6
-0.756, 7.125e-6
-0.757, 7.136e-6
-0.758, 7.148e-6
-0.759, 7.159e-6
-0.760, 7.168e-6
-0.761, 7.179e-6
-0.762, 7.186e-6
-0.763, 7.195e-6
-0.764, 7.204e-6
-0.765, 7.212e-6
-0.766, 7.220e-6
-0.767, 7.225e-6
-0.768, 7.233e-6
-0.769, 7.242e-6
-0.770, 7.246e-6
-0.771, 7.251e-6
-0.772, 7.256e-6
-0.773, 7.260e-6
-0.774, 7.266e-6
-0.775, 7.269e-6
-0.776, 7.272e-6
-0.777, 7.275e-6
-0.778, 7.276e-6
-0.779, 7.280e-6
-0.780, 7.283e-6
-0.781, 7.283e-6
-0.782, 7.285e-6
-0.783, 7.286e-6
-0.784, 7.287e-6
-0.785, 7.288e-6
-0.786, 7.287e-6
-0.787, 7.287e-6
-0.788, 7.286e-6
-0.789, 7.287e-6
-0.790, 7.285e-6
-0.791, 7.282e-6
-0.792, 7.281e-6
-0.793, 7.280e-6
-0.794, 7.279e-6
-0.795, 7.273e-6
-0.796, 7.271e-6
-0.797, 7.267e-6
-0.798, 7.265e-6
-0.799, 7.262e-6
-0.800, 7.256e-6
-0.801, 7.253e-6
-0.802, 7.247e-6
-0.803, 7.243e-6
-0.804, 7.240e-6
-0.805, 7.233e-6
-0.806, 7.228e-6
-0.807, 7.223e-6
-0.808, 7.216e-6
-0.809, 7.212e-6
-0.810, 7.205e-6
-0.811, 7.197e-6
-0.812, 7.190e-6
-0.813, 7.184e-6
-0.814, 7.179e-6
-0.815, 7.170e-6
-0.816, 7.161e-6
-0.817, 7.154e-6
-0.818, 7.147e-6
-0.819, 7.144e-6
-0.820, 7.136e-6
-0.821, 7.126e-6
-0.822, 7.117e-6
-0.823, 7.108e-6
-0.824, 7.100e-6
-0.825, 7.090e-6
-0.826, 7.081e-6
-0.827, 7.072e-6
-0.828, 7.063e-6
-0.829, 7.054e-6
-0.830, 7.043e-6
-0.831, 7.033e-6
-0.832, 7.025e-6
-0.833, 7.016e-6
-0.834, 7.007e-6
-0.835, 6.997e-6
-0.836, 6.985e-6
-0.837, 6.975e-6
-0.838, 6.967e-6
-0.839, 6.958e-6
-0.840, 6.946e-6
-0.841, 6.936e-6
-0.842, 6.925e-6
-0.843, 6.915e-6
-0.844, 6.906e-6
-0.845, 6.897e-6
-0.846, 6.886e-6
-0.847, 6.874e-6
-0.848, 6.865e-6
-0.849, 6.856e-6
-0.850, 6.845e-6
-0.851, 6.834e-6
-0.852, 6.823e-6
-0.853, 6.812e-6
-0.854, 6.803e-6
-0.855, 6.791e-6
-0.856, 6.780e-6
-0.857, 6.770e-6
-0.858, 6.759e-6
-0.859, 6.750e-6
-0.860, 6.739e-6
-0.861, 6.727e-6
-0.862, 6.716e-6
-0.863, 6.705e-6
-0.864, 6.697e-6
-0.865, 6.685e-6
-0.866, 6.674e-6
-0.867, 6.663e-6
-0.868, 6.653e-6
-0.869, 6.643e-6
-0.870, 6.633e-6
-0.871, 6.624e-6
-0.872, 6.610e-6
-0.873, 6.601e-6
-0.874, 6.591e-6
-0.875, 6.580e-6
-0.876, 6.568e-6
-0.877, 6.557e-6
-0.878, 6.549e-6
-0.879, 6.538e-6
-0.880, 6.527e-6
-0.881, 6.517e-6
-0.882, 6.507e-6
-0.883, 6.497e-6
-0.884, 6.489e-6
-0.885, 6.476e-6
-0.886, 6.467e-6
-0.887, 6.456e-6
-0.888, 6.446e-6
-0.889, 6.439e-6
-0.890, 6.428e-6
-0.891, 6.418e-6
-0.892, 6.407e-6
-0.893, 6.398e-6
-0.894, 6.390e-6
-0.895, 6.379e-6
-0.896, 6.370e-6
-0.897, 6.360e-6
-0.898, 6.350e-6
-0.899, 6.343e-6
-0.900, 6.332e-6
-0.901, 6.322e-6
-0.902, 6.313e-6
-0.903, 6.305e-6
-0.904, 6.295e-6
-0.905, 6.286e-6
-0.906, 6.275e-6
-0.907, 6.266e-6
-0.908, 6.258e-6
-0.909, 6.250e-6
-0.910, 6.241e-6
-0.911, 6.232e-6
-0.912, 6.224e-6
-0.913, 6.215e-6
-0.914, 6.208e-6
-0.915, 6.200e-6
-0.916, 6.192e-6
-0.917, 6.181e-6
-0.918, 6.176e-6
-0.919, 6.169e-6
-0.920, 6.160e-6
-0.921, 6.152e-6
-0.922, 6.144e-6
-0.923, 6.136e-6
-0.924, 6.129e-6
-0.925, 6.120e-6
-0.926, 6.112e-6
-0.927, 6.102e-6
-0.928, 6.095e-6
-0.929, 6.089e-6
-0.930, 6.080e-6
-0.931, 6.072e-6
-0.932, 6.062e-6
-0.933, 6.056e-6
-0.934, 6.050e-6
-0.935, 6.042e-6
-0.936, 6.033e-6
-0.937, 6.025e-6
-0.938, 6.019e-6
-0.939, 6.013e-6
-0.940, 6.004e-6
-0.941, 5.996e-6
-0.942, 5.988e-6
-0.943, 5.982e-6
-0.944, 5.976e-6
-0.945, 5.969e-6
-0.946, 5.961e-6
-0.947, 5.954e-6
-0.948, 5.949e-6
-0.949, 5.943e-6
-0.950, 5.936e-6
-0.951, 5.928e-6
-0.952, 5.923e-6
-0.953, 5.918e-6
-0.954, 5.911e-6
-0.955, 5.905e-6
-0.956, 5.900e-6
-0.957, 5.894e-6
-0.958, 5.889e-6
-0.959, 5.883e-6
-0.960, 5.876e-6
-0.961, 5.869e-6
-0.962, 5.861e-6
-0.963, 5.858e-6
-0.964, 5.852e-6
-0.965, 5.844e-6
-0.966, 5.838e-6
-0.967, 5.832e-6
-0.968, 5.827e-6
-0.969, 5.821e-6
-0.970, 5.814e-6
-0.971, 5.808e-6
-0.972, 5.801e-6
-0.973, 5.799e-6
-0.974, 5.794e-6
-0.975, 5.785e-6
-0.976, 5.780e-6
-0.977, 5.774e-6
-0.978, 5.768e-6
-0.979, 5.764e-6
-0.980, 5.758e-6
-0.981, 5.752e-6
-0.982, 5.746e-6
-0.983, 5.740e-6
-0.984, 5.736e-6
-0.985, 5.731e-6
-0.986, 5.726e-6
-0.987, 5.721e-6
-0.988, 5.714e-6
-0.989, 5.711e-6
-0.990, 5.705e-6
-0.991, 5.700e-6
-0.992, 5.693e-6
-0.993, 5.690e-6
-0.994, 5.686e-6
-0.995, 5.682e-6
-0.996, 5.677e-6
-0.997, 5.671e-6
-0.998, 5.667e-6
-0.999, 5.661e-6
-1.000, 5.656e-6
-1.001, 5.651e-6
-1.002, 5.646e-6
-1.003, 5.644e-6
-1.004, 5.639e-6
-1.005, 5.634e-6
-1.006, 5.629e-6
-1.007, 5.623e-6
-1.008, 5.621e-6
-1.009, 5.616e-6
-1.010, 5.611e-6
-1.011, 5.607e-6
-1.012, 5.604e-6
-1.013, 5.599e-6
-1.014, 5.595e-6
-1.015, 5.590e-6
-1.016, 5.585e-6
-1.017, 5.579e-6
-1.018, 5.577e-6
-1.019, 5.574e-6
-1.020, 5.569e-6
-1.021, 5.564e-6
-1.022, 5.559e-6
-1.023, 5.557e-6
-1.024, 5.555e-6
-1.025, 5.550e-6
-1.026, 5.544e-6
-1.027, 5.541e-6
-1.028, 5.538e-6
-1.029, 5.534e-6
-1.030, 5.530e-6
-1.031, 5.526e-6
-1.032, 5.521e-6
-1.033, 5.517e-6
-1.034, 5.515e-6
-1.035, 5.510e-6
-1.036, 5.505e-6
-1.037, 5.502e-6
-1.038, 5.501e-6
-1.039, 5.496e-6
-1.040, 5.492e-6
-1.041, 5.488e-6
-1.042, 5.484e-6
-1.043, 5.481e-6
-1.044, 5.480e-6
-1.045, 5.474e-6
-1.046, 5.472e-6
-1.047, 5.467e-6
-1.048, 5.464e-6
-1.049, 5.462e-6
-1.050, 5.458e-6
-1.051, 5.454e-6
-1.052, 5.450e-6
-1.053, 5.447e-6
-1.054, 5.445e-6
-1.055, 5.441e-6
-1.056, 5.438e-6
-1.057, 5.434e-6
-1.058, 5.431e-6
-1.059, 5.430e-6
-1.060, 5.426e-6
-1.061, 5.422e-6
-1.062, 5.420e-6
-1.063, 5.418e-6
-1.064, 5.415e-6
-1.065, 5.412e-6
-1.066, 5.408e-6
-1.067, 5.406e-6
-1.068, 5.403e-6
-1.069, 5.400e-6
-1.070, 5.397e-6
-1.071, 5.394e-6
-1.072, 5.392e-6
-1.073, 5.389e-6
-1.074, 5.387e-6
-1.075, 5.385e-6
-1.076, 5.383e-6
-1.077, 5.379e-6
-1.078, 5.378e-6
-1.079, 5.375e-6
-1.080, 5.372e-6
-1.081, 5.370e-6
-1.082, 5.367e-6
-1.083, 5.365e-6
-1.084, 5.363e-6
-1.085, 5.360e-6
-1.086, 5.358e-6
-1.087, 5.354e-6
-1.088, 5.354e-6
-1.089, 5.352e-6
-1.090, 5.348e-6
-1.091, 5.346e-6
-1.092, 5.344e-6
-1.093, 5.342e-6
-1.094, 5.341e-6
-1.095, 5.338e-6
-1.096, 5.335e-6
-1.097, 5.333e-6
-1.098, 5.332e-6
-1.099, 5.330e-6
-1.100, 5.327e-6
-1.101, 5.324e-6
-1.102, 5.323e-6
-1.103, 5.321e-6
-1.104, 5.319e-6
-1.105, 5.318e-6
-1.106, 5.315e-6
-1.107, 5.313e-6
-1.108, 5.311e-6
-1.109, 5.310e-6
-1.110, 5.307e-6
-1.111, 5.305e-6
-1.112, 5.302e-6
-1.113, 5.303e-6
-1.114, 5.301e-6
-1.115, 5.300e-6
-1.116, 5.298e-6
-1.117, 5.295e-6
-1.118, 5.294e-6
-1.119, 5.293e-6
-1.120, 5.291e-6
-1.121, 5.290e-6
-1.122, 5.287e-6
-1.123, 5.287e-6
-1.124, 5.286e-6
-1.125, 5.283e-6
-1.126, 5.282e-6
-1.127, 5.281e-6
-1.128, 5.280e-6
-1.129, 5.280e-6
-1.130, 5.277e-6
-1.131, 5.276e-6
-1.132, 5.273e-6
-1.133, 5.274e-6
-1.134, 5.274e-6
-1.135, 5.269e-6
-1.136, 5.268e-6
-1.137, 5.267e-6
-1.138, 5.266e-6
-1.139, 5.267e-6
-1.140, 5.265e-6
-1.141, 5.262e-6
-1.142, 5.262e-6
-1.143, 5.261e-6
-1.144, 5.261e-6
-1.145, 5.260e-6
-1.146, 5.258e-6
-1.147, 5.256e-6
-1.148, 5.258e-6
-1.149, 5.256e-6
-1.150, 5.254e-6
-1.151, 5.252e-6
-1.152, 5.252e-6
-1.153, 5.252e-6
-1.154, 5.252e-6
-1.155, 5.251e-6
-1.156, 5.249e-6
-1.157, 5.246e-6
-1.158, 5.248e-6
-1.159, 5.248e-6
-1.160, 5.247e-6
-1.161, 5.245e-6
-1.162, 5.243e-6
-1.163, 5.244e-6
-1.164, 5.244e-6
-1.165, 5.243e-6
-1.166, 5.242e-6
-1.167, 5.242e-6
-1.168, 5.242e-6
-1.169, 5.242e-6
-1.170, 5.240e-6
-1.171, 5.239e-6
-1.172, 5.239e-6
-1.173, 5.239e-6
-1.174, 5.239e-6
-1.175, 5.238e-6
-1.176, 5.237e-6
-1.177, 5.237e-6
-1.178, 5.238e-6
-1.179, 5.238e-6
-1.180, 5.235e-6
-1.181, 5.235e-6
-1.182, 5.234e-6
-1.183, 5.234e-6
-1.184, 5.234e-6
-1.185, 5.234e-6
-1.186, 5.233e-6
-1.187, 5.232e-6
-1.188, 5.234e-6
-1.189, 5.234e-6
-1.190, 5.233e-6
-1.191, 5.233e-6
-1.192, 5.232e-6
-1.193, 5.233e-6
-1.194, 5.234e-6
-1.195, 5.232e-6
-1.196, 5.232e-6
-1.197, 5.232e-6
-1.198, 5.233e-6
-1.199, 5.234e-6
-1.200, 5.231e-6
-1.201, 5.232e-6
-1.202, 5.231e-6
-1.203, 5.232e-6
-1.204, 5.232e-6
-1.205, 5.231e-6
-1.206, 5.232e-6
-1.207, 5.231e-6
-1.208, 5.232e-6
-1.209, 5.233e-6
-1.210, 5.232e-6
-1.211, 5.231e-6
-1.212, 5.232e-6
-1.213, 5.233e-6
-1.214, 5.233e-6
-1.215, 5.233e-6
-1.216, 5.233e-6
-1.217, 5.232e-6
-1.218, 5.233e-6
-1.219, 5.235e-6
-1.220, 5.234e-6
-1.221, 5.233e-6
-1.222, 5.234e-6
-1.223, 5.235e-6
-1.224, 5.236e-6
-1.225, 5.235e-6
-1.226, 5.235e-6
-1.227, 5.235e-6
-1.228, 5.236e-6
-1.229, 5.240e-6
-1.230, 5.237e-6
-1.231, 5.239e-6
-1.232, 5.238e-6
-1.233, 5.239e-6
-1.234, 5.240e-6
-1.235, 5.239e-6
-1.236, 5.240e-6
-1.237, 5.239e-6
-1.238, 5.240e-6
-1.239, 5.240e-6
-1.240, 5.240e-6
-1.241, 5.240e-6
-1.242, 5.241e-6
-1.243, 5.243e-6
-1.244, 5.244e-6
-1.245, 5.243e-6
-1.246, 5.244e-6
-1.247, 5.243e-6
-1.248, 5.245e-6
-1.249, 5.247e-6
-1.250, 5.246e-6
-1.251, 5.247e-6
-1.252, 5.246e-6
-1.253, 5.248e-6
-1.254, 5.249e-6
-1.255, 5.249e-6
-1.256, 5.250e-6
-1.257, 5.251e-6
-1.258, 5.251e-6
-1.259, 5.251e-6
-1.260, 5.252e-6
-1.261, 5.252e-6
-1.262, 5.253e-6
-1.263, 5.254e-6
-1.264, 5.255e-6
-1.265, 5.256e-6
-1.266, 5.256e-6
-1.267, 5.257e-6
-1.268, 5.260e-6
-1.269, 5.261e-6
-1.270, 5.260e-6
-1.271, 5.260e-6
-1.272, 5.261e-6
-1.273, 5.264e-6
-1.274, 5.264e-6
-1.275, 5.265e-6
-1.276, 5.266e-6
-1.277, 5.265e-6
-1.278, 5.267e-6
-1.279, 5.268e-6
-1.280, 5.271e-6
-1.281, 5.271e-6
-1.282, 5.271e-6
-1.283, 5.274e-6
-1.284, 5.275e-6
-1.285, 5.275e-6
-1.286, 5.275e-6
-1.287, 5.276e-6
-1.288, 5.279e-6
-1.289, 5.280e-6
-1.290, 5.279e-6
-1.291, 5.281e-6
-1.292, 5.283e-6
-1.293, 5.285e-6
-1.294, 5.288e-6
-1.295, 5.287e-6
-1.296, 5.288e-6
-1.297, 5.289e-6
-1.298, 5.291e-6
-1.299, 5.293e-6
-1.300, 5.294e-6
-1.301, 5.295e-6
-1.302, 5.296e-6
-1.303, 5.299e-6
-1.304, 5.299e-6
-1.305, 5.301e-6
-1.306, 5.302e-6
-1.307, 5.304e-6
-1.308, 5.307e-6
-1.309, 5.308e-6
-1.310, 5.308e-6
-1.311, 5.309e-6
-1.312, 5.311e-6
-1.313, 5.314e-6
-1.314, 5.316e-6
-1.315, 5.317e-6
-1.316, 5.318e-6
-1.317, 5.320e-6
-1.318, 5.322e-6
-1.319, 5.324e-6
-1.320, 5.326e-6
-1.321, 5.328e-6
-1.322, 5.328e-6
-1.323, 5.332e-6
-1.324, 5.333e-6
-1.325, 5.334e-6
-1.326, 5.337e-6
-1.327, 5.338e-6
-1.328, 5.341e-6
-1.329, 5.343e-6
-1.330, 5.343e-6
-1.331, 5.346e-6
-1.332, 5.347e-6
-1.333, 5.350e-6
-1.334, 5.353e-6
-1.335, 5.354e-6
-1.336, 5.357e-6
-1.337, 5.360e-6
-1.338, 5.362e-6
-1.339, 5.364e-6
-1.340, 5.366e-6
-1.341, 5.367e-6
-1.342, 5.367e-6
-1.343, 5.372e-6
-1.344, 5.374e-6
-1.345, 5.376e-6
-1.346, 5.379e-6
-1.347, 5.382e-6
-1.348, 5.385e-6
-1.349, 5.386e-6
-1.350, 5.388e-6
-1.351, 5.390e-6
-1.352, 5.391e-6
-1.353, 5.395e-6
-1.354, 5.397e-6
-1.355, 5.399e-6
-1.356, 5.402e-6
-1.357, 5.404e-6
-1.358, 5.408e-6
-1.359, 5.410e-6
-1.360, 5.412e-6
-1.361, 5.414e-6
-1.362, 5.417e-6
-1.363, 5.422e-6
-1.364, 5.425e-6
-1.365, 5.426e-6
-1.366, 5.428e-6
-1.367, 5.430e-6
-1.368, 5.433e-6
-1.369, 5.437e-6
-1.370, 5.440e-6
-1.371, 5.441e-6
-1.372, 5.444e-6
-1.373, 5.448e-6
-1.374, 5.452e-6
-1.375, 5.454e-6
-1.376, 5.457e-6
-1.377, 5.460e-6
-1.378, 5.464e-6
-1.379, 5.467e-6
-1.380, 5.469e-6
-1.381, 5.472e-6
-1.382, 5.477e-6
-1.383, 5.482e-6
-1.384, 5.484e-6
-1.385, 5.487e-6
-1.386, 5.491e-6
-1.387, 5.494e-6
-1.388, 5.498e-6
-1.389, 5.501e-6
-1.390, 5.504e-6
-1.391, 5.508e-6
-1.392, 5.511e-6
-1.393, 5.515e-6
-1.394, 5.518e-6
-1.395, 5.520e-6
-1.396, 5.526e-6
-1.397, 5.530e-6
-1.398, 5.537e-6
-1.399, 5.538e-6
-1.400, 5.541e-6
-1.401, 5.546e-6
-1.402, 5.549e-6
-1.403, 5.553e-6
-1.404, 5.557e-6
-1.405, 5.560e-6
-1.406, 5.563e-6
-1.407, 5.567e-6
-1.408, 5.572e-6
-1.409, 5.578e-6
-1.410, 5.581e-6
-1.411, 5.585e-6
-1.412, 5.589e-6
-1.413, 5.594e-6
-1.414, 5.600e-6
-1.415, 5.602e-6
-1.416, 5.607e-6
-1.417, 5.611e-6
-1.418, 5.616e-6
-1.419, 5.621e-6
-1.420, 5.624e-6
-1.421, 5.628e-6
-1.422, 5.632e-6
-1.423, 5.638e-6
-1.424, 5.642e-6
-1.425, 5.647e-6
-1.426, 5.652e-6
-1.427, 5.656e-6
-1.428, 5.661e-6
-1.429, 5.666e-6
-1.430, 5.671e-6
-1.431, 5.674e-6
-1.432, 5.679e-6
-1.433, 5.686e-6
-1.434, 5.691e-6
-1.435, 5.695e-6
-1.436, 5.700e-6
-1.437, 5.704e-6
-1.438, 5.711e-6
-1.439, 5.716e-6
-1.440, 5.721e-6
-1.441, 5.726e-6
-1.442, 5.731e-6
-1.443, 5.738e-6
-1.444, 5.743e-6
-1.445, 5.748e-6
-1.446, 5.753e-6
-1.447, 5.758e-6
-1.448, 5.767e-6
-1.449, 5.771e-6
-1.450, 5.776e-6
-1.451, 5.781e-6
-1.452, 5.786e-6
-1.453, 5.793e-6
-1.454, 5.800e-6
-1.455, 5.804e-6
-1.456, 5.810e-6
-1.457, 5.816e-6
-1.458, 5.821e-6
-1.459, 5.830e-6
-1.460, 5.835e-6
-1.461, 5.840e-6
-1.462, 5.846e-6
-1.463, 5.852e-6
-1.464, 5.858e-6
-1.465, 5.863e-6
-1.466, 5.869e-6
-1.467, 5.877e-6
-1.468, 5.884e-6
-1.469, 5.888e-6
-1.470, 5.894e-6
-1.471, 5.899e-6
-1.472, 5.905e-6
-1.473, 5.914e-6
-1.474, 5.918e-6
-1.475, 5.924e-6
-1.476, 5.930e-6
-1.477, 5.936e-6
-1.478, 5.945e-6
-1.479, 5.951e-6
-1.480, 5.956e-6
-1.481, 5.962e-6
-1.482, 5.969e-6
-1.483, 5.978e-6
-1.484, 5.984e-6
-1.485, 5.992e-6
-1.486, 5.998e-6
-1.487, 6.005e-6
-1.488, 6.013e-6
-1.489, 6.020e-6
-1.490, 6.024e-6
-1.491, 6.032e-6
-1.492, 6.039e-6
-1.493, 6.047e-6
-1.494, 6.055e-6
-1.495, 6.060e-6
-1.496, 6.067e-6
-1.497, 6.075e-6
-1.498, 6.084e-6
-1.499, 6.092e-6
-1.500, 6.099e-6
-1.501, 6.105e-6
-1.502, 6.113e-6
-1.503, 6.122e-6
-1.504, 6.131e-6
-1.505, 6.137e-6
-1.506, 6.144e-6
-1.507, 6.152e-6
-1.508, 6.161e-6
-1.509, 6.168e-6
-1.510, 6.176e-6
-1.511, 6.183e-6
-1.512, 6.190e-6
-1.513, 6.199e-6
-1.514, 6.208e-6
-1.515, 6.214e-6
-1.516, 6.222e-6
-1.517, 6.229e-6
-1.518, 6.239e-6
-1.519, 6.245e-6
-1.520, 6.254e-6
-1.521, 6.263e-6
-1.522, 6.271e-6
-1.523, 6.280e-6
-1.524, 6.291e-6
-1.525, 6.298e-6
-1.526, 6.306e-6
-1.527, 6.315e-6
-1.528, 6.328e-6
-1.529, 6.336e-6
-1.530, 6.343e-6
-1.531, 6.352e-6
-1.532, 6.362e-6
-1.533, 6.373e-6
-1.534, 6.382e-6
-1.535, 6.390e-6
-1.536, 6.404e-6
-1.537, 6.416e-6
-1.538, 6.423e-6
-1.539, 6.433e-6
-1.540, 6.442e-6
-1.541, 6.450e-6
-1.542, 6.462e-6
-1.543, 6.473e-6
-1.544, 6.482e-6
-1.545, 6.493e-6
-1.546, 6.502e-6
-1.547, 6.514e-6
-1.548, 6.526e-6
-1.549, 6.536e-6
-1.550, 6.546e-6
-1.551, 6.557e-6
-1.552, 6.569e-6
-1.553, 6.581e-6
-1.554, 6.592e-6
-1.555, 6.603e-6
-1.556, 6.614e-6
-1.557, 6.625e-6
-1.558, 6.639e-6
-1.559, 6.651e-6
-1.560, 6.662e-6
-1.561, 6.675e-6
-1.562, 6.688e-6
-1.563, 6.704e-6
-1.564, 6.714e-6
-1.565, 6.723e-6
-1.566, 6.737e-6
-1.567, 6.750e-6
-1.568, 6.763e-6
-1.569, 6.777e-6
-1.570, 6.789e-6
-1.571, 6.803e-6
-1.572, 6.817e-6
-1.573, 6.832e-6
-1.574, 6.846e-6
-1.575, 6.858e-6
-1.576, 6.871e-6
-1.577, 6.886e-6
-1.578, 6.901e-6
-1.579, 6.915e-6
-1.580, 6.928e-6
-1.581, 6.941e-6
-1.582, 6.957e-6
-1.583, 6.974e-6
-1.584, 6.988e-6
-1.585, 7.002e-6
-1.586, 7.017e-6
-1.587, 7.034e-6
-1.588, 7.054e-6
-1.589, 7.066e-6
-1.590, 7.083e-6
-1.591, 7.097e-6
-1.592, 7.114e-6
-1.593, 7.133e-6
-1.594, 7.148e-6
-1.595, 7.165e-6
-1.596, 7.181e-6
-1.597, 7.198e-6
-1.598, 7.217e-6
-1.599, 7.234e-6
-1.600, 7.249e-6
-1.601, 7.267e-6
-1.602, 7.283e-6
-1.603, 7.303e-6
-1.604, 7.320e-6
-1.605, 7.336e-6
-1.606, 7.355e-6
-1.607, 7.372e-6
-1.608, 7.392e-6
-1.609, 7.412e-6
-1.610, 7.429e-6
-1.611, 7.448e-6
-1.612, 7.469e-6
-1.613, 7.490e-6
-1.614, 7.511e-6
-1.615, 7.528e-6
-1.616, 7.548e-6
-1.617, 7.570e-6
-1.618, 7.592e-6
-1.619, 7.613e-6
-1.620, 7.633e-6
-1.621, 7.652e-6
-1.622, 7.675e-6
-1.623, 7.698e-6
-1.624, 7.721e-6
-1.625, 7.744e-6
-1.626, 7.764e-6
-1.627, 7.789e-6
-1.628, 7.812e-6
-1.629, 7.836e-6
-1.630, 7.858e-6
-1.631, 7.879e-6
-1.632, 7.904e-6
-1.633, 7.930e-6
-1.634, 7.953e-6
-1.635, 7.977e-6
-1.636, 8.000e-6
-1.637, 8.025e-6
-1.638, 8.055e-6
-1.639, 8.086e-6
-1.640, 8.106e-6
-1.641, 8.133e-6
-1.642, 8.157e-6
-1.643, 8.189e-6
-1.644, 8.217e-6
-1.645, 8.243e-6
-1.646, 8.271e-6
-1.647, 8.300e-6
-1.648, 8.330e-6
-1.649, 8.359e-6
-1.650, 8.388e-6
-1.651, 8.417e-6
-1.652, 8.447e-6
-1.653, 8.479e-6
-1.654, 8.509e-6
-1.655, 8.537e-6
-1.656, 8.568e-6
-1.657, 8.601e-6
-1.658, 8.633e-6
-1.659, 8.663e-6
-1.660, 8.695e-6
-1.661, 8.727e-6
-1.662, 8.762e-6
-1.663, 8.799e-6
-1.664, 8.833e-6
-1.665, 8.867e-6
-1.666, 8.898e-6
-1.667, 8.936e-6
-1.668, 8.975e-6
-1.669, 9.011e-6
-1.670, 9.049e-6
-1.671, 9.084e-6
-1.672, 9.124e-6
-1.673, 9.166e-6
-1.674, 9.203e-6
-1.675, 9.244e-6
-1.676, 9.283e-6
-1.677, 9.327e-6
-1.678, 9.372e-6
-1.679, 9.411e-6
-1.680, 9.452e-6
-1.681, 9.497e-6
-1.682, 9.542e-6
-1.683, 9.591e-6
-1.684, 9.636e-6
-1.685, 9.679e-6
-1.686, 9.728e-6
-1.687, 9.776e-6
-1.688, 9.829e-6
-1.689, 9.879e-6
-1.690, 9.929e-6
-1.691, 9.980e-6
-1.692, 1.003e-5
-1.693, 1.008e-5
-1.694, 1.014e-5
-1.695, 1.019e-5
-1.696, 1.024e-5
-1.697, 1.030e-5
-1.698, 1.036e-5
-1.699, 1.042e-5
-1.700, 1.047e-5
-1.701, 1.053e-5
-1.702, 1.060e-5
-1.703, 1.066e-5
-1.704, 1.073e-5
-1.705, 1.079e-5
-1.706, 1.085e-5
-1.707, 1.092e-5
-1.708, 1.099e-5
-1.709, 1.106e-5
-1.710, 1.113e-5
-1.711, 1.120e-5
-1.712, 1.128e-5
-1.713, 1.136e-5
-1.714, 1.143e-5
-1.715, 1.151e-5
-1.716, 1.159e-5
-1.717, 1.167e-5
-1.718, 1.176e-5
-1.719, 1.184e-5
-1.720, 1.192e-5
-1.721, 1.201e-5
-1.722, 1.208e-5
-1.723, 1.217e-5
-1.724, 1.227e-5
-1.725, 1.236e-5
-1.726, 1.246e-5
-1.727, 1.256e-5
-1.728, 1.266e-5
-1.729, 1.276e-5
-1.730, 1.286e-5
-1.731, 1.297e-5
-1.732, 1.308e-5
-1.733, 1.319e-5
-1.734, 1.331e-5
-1.735, 1.342e-5
-1.736, 1.354e-5
-1.737, 1.366e-5
-1.738, 1.379e-5
-1.739, 1.392e-5
-1.740, 1.404e-5
-1.741, 1.417e-5
-1.742, 1.431e-5
-1.743, 1.445e-5
-1.744, 1.459e-5
-1.745, 1.474e-5
-1.746, 1.489e-5
-1.747, 1.504e-5
-1.748, 1.520e-5
-1.749, 1.536e-5
-1.750, 1.552e-5
-1.751, 1.568e-5
-1.752, 1.586e-5
-1.753, 1.604e-5
-1.754, 1.622e-5
-1.755, 1.640e-5
-1.756, 1.659e-5
-1.757, 1.679e-5
-1.758, 1.699e-5
-1.759, 1.719e-5
-1.760, 1.740e-5
-1.761, 1.761e-5
-1.762, 1.783e-5
-1.763, 1.806e-5
-1.764, 1.828e-5
-1.765, 1.853e-5
-1.766, 1.878e-5
-1.767, 1.903e-5
-1.768, 1.929e-5
-1.769, 1.955e-5
-1.770, 1.982e-5
-1.771, 2.010e-5
-1.772, 2.039e-5
-1.773, 2.069e-5
-1.774, 2.100e-5
-1.775, 2.131e-5
-1.776, 2.163e-5
-1.777, 2.195e-5
-1.778, 2.229e-5
-1.779, 2.264e-5
-1.780, 2.300e-5
-1.781, 2.336e-5
-1.782, 2.373e-5
-1.783, 2.412e-5
-1.784, 2.451e-5
-1.785, 2.491e-5
-1.786, 2.533e-5
-1.787, 2.574e-5
-1.788, 2.617e-5
-1.789, 2.662e-5
-1.790, 2.709e-5
-1.791, 2.754e-5
-1.792, 2.800e-5
-1.793, 2.850e-5
-1.794, 2.898e-5
-1.795, 2.948e-5
-1.796, 2.999e-5
-1.797, 3.052e-5
-1.798, 3.106e-5
-1.799, 3.161e-5
-1.800, 3.218e-5
-1.801, 3.277e-5
-1.802, 3.336e-5
-1.803, 3.396e-5
-1.804, 3.456e-5
-1.805, 3.519e-5
-1.806, 3.582e-5
-1.807, 3.648e-5
-1.808, 3.716e-5
-1.809, 3.785e-5
-1.810, 3.855e-5
-1.811, 3.927e-5
-1.812, 4.002e-5
-1.813, 4.077e-5
-1.814, 4.154e-5
-1.815, 4.233e-5
-1.816, 4.313e-5
-1.817, 4.393e-5
-1.818, 4.477e-5
-1.819, 4.563e-5
-1.820, 4.651e-5
-1.821, 4.741e-5
-1.822, 4.833e-5
-1.823, 4.928e-5
-1.824, 5.023e-5
-1.825, 5.122e-5
-1.826, 5.222e-5
-1.827, 5.325e-5
-1.828, 5.430e-5
-1.829, 5.537e-5
-1.830, 5.646e-5
-1.831, 5.757e-5
-1.832, 5.872e-5
-1.833, 5.988e-5
-1.834, 6.106e-5
-1.835, 6.226e-5
-1.836, 6.349e-5
-1.837, 6.477e-5
-1.838, 6.606e-5
-1.839, 6.738e-5
-1.840, 6.871e-5
-1.841, 7.009e-5
-1.842, 7.149e-5
-1.843, 7.294e-5
-1.844, 7.440e-5
-1.845, 7.587e-5
-1.846, 7.738e-5
-1.847, 7.892e-5
-1.848, 8.052e-5
-1.849, 8.216e-5
-1.850, 8.382e-5
-1.851, 8.550e-5
-1.852, 8.724e-5
-1.853, 8.901e-5
-1.854, 9.080e-5
-1.855, 9.260e-5
-1.856, 9.446e-5
-1.857, 9.638e-5
-1.858, 9.833e-5
-1.859, 1.003e-4
-1.860, 1.023e-4
-1.861, 1.044e-4
-1.862, 1.065e-4
-1.863, 1.087e-4
-1.864, 1.109e-4
-1.865, 1.131e-4
-1.866, 1.154e-4
-1.867, 1.177e-4
-1.868, 1.201e-4
-1.869, 1.225e-4
-1.870, 1.249e-4
-1.871, 1.275e-4
-1.872, 1.300e-4
-1.873, 1.327e-4
-1.874, 1.353e-4
-1.875, 1.381e-4
-1.876, 1.408e-4
-1.877, 1.436e-4
-1.878, 1.465e-4
-1.879, 1.494e-4
-1.880, 1.524e-4
-1.881, 1.554e-4
-1.882, 1.585e-4
-1.883, 1.617e-4
-1.884, 1.650e-4
-1.885, 1.683e-4
-1.886, 1.716e-4
-1.887, 1.749e-4
-1.888, 1.784e-4
-1.889, 1.819e-4
-1.890, 1.855e-4
-1.891, 1.891e-4
-1.892, 1.928e-4
-1.893, 1.965e-4
-1.894, 2.003e-4
-1.895, 2.041e-4
-1.896, 2.080e-4
-1.897, 2.120e-4
-1.898, 2.160e-4
-1.899, 2.201e-4
-1.900, 2.242e-4
-1.901, 2.283e-4
-1.902, 2.326e-4
-1.903, 2.369e-4
-1.904, 2.413e-4
-1.905, 2.457e-4
-1.906, 2.502e-4
-1.907, 2.547e-4
-1.908, 2.593e-4
-1.909, 2.640e-4
-1.910, 2.687e-4
-1.911, 2.735e-4
-1.912, 2.784e-4
-1.913, 2.833e-4
-1.914, 2.883e-4
-1.915, 2.933e-4
-1.916, 2.984e-4
-1.917, 3.036e-4
-1.918, 3.088e-4
-1.919, 3.141e-4
-1.920, 3.191e-4
-1.921, 3.240e-4
-1.922, 3.291e-4
-1.923, 3.344e-4
-1.924, 3.396e-4
-1.925, 3.449e-4
-1.926, 3.504e-4
-1.927, 3.558e-4
-1.928, 3.614e-4
-1.929, 3.669e-4
-1.930, 3.721e-4
-1.931, 3.776e-4
-1.932, 3.830e-4
-1.933, 3.887e-4
-1.934, 3.945e-4
-1.935, 4.001e-4
-1.936, 4.058e-4
-1.937, 4.115e-4
-1.938, 4.171e-4
-1.939, 4.229e-4
-1.940, 4.286e-4
-1.941, 4.343e-4
-1.942, 4.402e-4
-1.943, 4.461e-4
-1.944, 4.521e-4
-1.945, 4.583e-4
-1.946, 4.645e-4
-1.947, 4.703e-4
-1.948, 4.762e-4
-1.949, 4.822e-4
-1.950, 4.883e-4
-1.951, 4.943e-4
-1.952, 5.003e-4
-1.953, 5.062e-4
-1.954, 5.123e-4
-1.955, 5.186e-4
-1.956, 5.245e-4
-1.957, 5.303e-4
-1.958, 5.359e-4
-1.959, 5.418e-4
-1.960, 5.477e-4
-1.961, 5.535e-4
-1.962, 5.594e-4
-1.963, 5.655e-4
-1.964, 5.720e-4
-1.965, 5.782e-4
-1.966, 5.843e-4
-1.967, 5.903e-4
-1.968, 5.961e-4
-1.969, 6.016e-4
-1.970, 6.075e-4
-1.971, 6.134e-4
-1.972, 6.192e-4
-1.973, 6.251e-4
-1.974, 6.312e-4
-1.975, 6.374e-4
-1.976, 6.437e-4
-1.977, 6.508e-4
-1.978, 6.576e-4
-1.979, 6.641e-4
-1.980, 6.707e-4
-1.981, 6.772e-4
-1.982, 6.839e-4
-1.983, 6.906e-4
-1.984, 6.973e-4
-1.985, 7.039e-4
-1.986, 7.106e-4
-1.987, 7.173e-4
-1.988, 7.238e-4
-1.989, 7.306e-4
-1.990, 7.376e-4
-1.991, 7.445e-4
-1.992, 7.517e-4
-1.993, 7.586e-4
-1.994, 7.655e-4
-1.995, 7.726e-4
-1.996, 7.800e-4
-1.997, 7.876e-4
-1.998, 7.949e-4
-1.999, 8.016e-4
-2.000, 8.088e-4
-2.001, 8.162e-4
-2.002, 8.236e-4
-2.003, 8.328e-4
-2.004, 8.408e-4
-2.005, 8.486e-4
-2.006, 8.560e-4
-2.007, 8.633e-4
-2.008, 8.703e-4
-2.009, 8.774e-4
-2.010, 8.849e-4
-2.011, 8.925e-4
-2.012, 8.999e-4
-2.013, 9.071e-4
-2.014, 9.143e-4
-2.015, 9.215e-4
-2.016, 9.289e-4
-2.017, 9.367e-4
-2.018, 9.441e-4
-2.019, 9.511e-4
-2.020, 9.582e-4
-2.021, 9.664e-4
-2.022, 9.734e-4
-2.023, 9.803e-4
-2.024, 9.873e-4
-2.025, 9.942e-4
-2.026, 1.001e-3
-2.027, 1.008e-3
-2.028, 1.011e-3
-2.029, 1.011e-3
-2.030, 1.011e-3
-2.031, 1.011e-3
-2.032, 1.011e-3
-2.033, 1.011e-3
-2.034, 1.011e-3
-2.035, 1.011e-3
-2.036, 1.011e-3
-2.037, 1.011e-3
-2.038, 1.011e-3
-2.039, 1.011e-3
-2.040, 1.011e-3
-2.041, 1.011e-3
-2.042, 1.011e-3
-2.043, 1.011e-3
-2.044, 1.011e-3
-2.045, 1.011e-3
-2.046, 1.011e-3
-2.047, 1.011e-3
-2.048, 1.011e-3
-2.049, 1.011e-3
-2.050, 1.011e-3
-2.051, 1.011e-3
-2.052, 1.011e-3
-2.053, 1.011e-3
-2.054, 1.011e-3
-2.055, 1.011e-3
-2.056, 1.011e-3
-2.057, 1.011e-3
-2.058, 1.011e-3
-2.059, 1.011e-3
-2.060, 1.011e-3
-2.061, 1.011e-3
-2.062, 1.011e-3
-2.063, 1.011e-3
-2.064, 1.011e-3
-2.065, 1.011e-3
-2.066, 1.011e-3
-2.067, 1.011e-3
-2.068, 1.011e-3
-2.069, 1.011e-3
-2.070, 1.011e-3
-2.071, 1.011e-3
-2.072, 1.011e-3
-2.073, 1.011e-3
-2.074, 1.011e-3
-2.075, 1.011e-3
-2.076, 1.011e-3
-2.077, 1.011e-3
-2.078, 1.011e-3
-2.079, 1.011e-3
-2.080, 1.011e-3
-2.081, 1.011e-3
-2.082, 1.011e-3
-2.083, 1.011e-3
-2.084, 1.011e-3
-2.085, 1.011e-3
-2.086, 1.011e-3
-2.087, 1.011e-3
-2.088, 1.011e-3
-2.089, 1.011e-3
-2.090, 1.011e-3
-2.091, 1.011e-3
-2.092, 1.011e-3
-2.093, 1.011e-3
-2.094, 1.011e-3
-2.095, 1.011e-3
-2.096, 1.011e-3
-2.097, 1.011e-3
-2.098, 1.011e-3
-2.099, 1.011e-3
-2.100, 1.011e-3
-2.101, 1.011e-3
-2.102, 1.011e-3
-2.103, 1.011e-3
-2.104, 1.011e-3
-2.105, 1.011e-3
-2.106, 1.011e-3
-2.107, 1.011e-3
-2.108, 1.011e-3
-2.109, 1.011e-3
-2.110, 1.011e-3
-2.111, 1.011e-3
-2.112, 1.011e-3
-2.113, 1.011e-3
-2.114, 1.011e-3
-2.115, 1.011e-3
-2.116, 1.011e-3
-2.117, 1.011e-3
-2.118, 1.011e-3
-2.119, 1.011e-3
-2.120, 1.011e-3
-2.121, 1.011e-3
-2.122, 1.011e-3
-2.123, 1.011e-3
-2.124, 1.011e-3
-2.125, 1.011e-3
-2.126, 1.011e-3
-2.127, 1.011e-3
-2.128, 1.011e-3
-2.129, 1.011e-3
-2.130, 1.011e-3
-2.131, 1.011e-3
-2.132, 1.011e-3
-2.133, 1.011e-3
-2.134, 1.011e-3
-2.135, 1.011e-3
-2.136, 1.011e-3
-2.137, 1.011e-3
-2.138, 1.011e-3
-2.139, 1.011e-3
-2.140, 1.011e-3
-2.141, 1.011e-3
-2.142, 1.011e-3
-2.143, 1.011e-3
-2.144, 1.011e-3
-2.145, 1.011e-3
-2.146, 1.011e-3
-2.147, 1.011e-3
-2.148, 1.011e-3
-2.149, 1.011e-3
-2.150, 1.011e-3
-2.151, 1.011e-3
-2.152, 1.011e-3
-2.153, 1.011e-3
-2.154, 1.011e-3
-2.155, 1.011e-3
-2.156, 1.011e-3
-2.157, 1.011e-3
-2.158, 1.011e-3
-2.159, 1.011e-3
-2.160, 1.011e-3
-2.161, 1.011e-3
-2.162, 1.011e-3
-2.163, 1.011e-3
-2.164, 1.011e-3
-2.165, 1.011e-3
-2.166, 1.011e-3
-2.167, 1.011e-3
-2.168, 1.011e-3
-2.169, 1.011e-3
-2.170, 1.011e-3
-2.171, 1.011e-3
-2.172, 1.011e-3
-2.173, 1.011e-3
-2.174, 1.011e-3
-2.175, 1.011e-3
-2.176, 1.011e-3
-2.177, 1.011e-3
-2.178, 1.011e-3
-2.179, 1.011e-3
-2.180, 1.011e-3
-2.181, 1.011e-3
-2.182, 1.011e-3
-2.183, 1.011e-3
-2.184, 1.011e-3
-2.185, 1.011e-3
-2.186, 1.011e-3
-2.187, 1.011e-3
-2.188, 1.011e-3
-2.189, 1.011e-3
-2.190, 1.011e-3
-2.191, 1.011e-3
-2.192, 1.011e-3
-2.193, 1.011e-3
-2.194, 1.011e-3
-2.195, 1.011e-3
-2.196, 1.011e-3
-2.197, 1.011e-3
-2.198, 1.011e-3
-2.199, 1.011e-3
-2.200, 1.011e-3
-2.201, 1.011e-3
-2.202, 1.011e-3
-2.203, 1.011e-3
-2.204, 1.011e-3
-2.205, 1.011e-3
-2.206, 1.011e-3
-2.207, 1.011e-3
-2.208, 1.011e-3
-2.209, 1.011e-3
-2.210, 1.011e-3
-2.211, 1.011e-3
-2.212, 1.011e-3
-2.213, 1.011e-3
-2.214, 1.011e-3
-2.215, 1.011e-3
-2.216, 1.011e-3
-2.217, 1.011e-3
-2.218, 1.011e-3
-2.219, 1.011e-3
-2.220, 1.011e-3
-2.221, 1.011e-3
-2.222, 1.011e-3
-2.223, 1.011e-3
-2.224, 1.011e-3
-2.225, 1.011e-3
-2.226, 1.011e-3
-2.227, 1.011e-3
-2.228, 1.011e-3
-2.229, 1.011e-3
-2.230, 1.011e-3
-2.231, 1.011e-3
-2.232, 1.011e-3
-2.233, 1.011e-3
-2.234, 1.011e-3
-2.235, 1.011e-3
-2.236, 1.011e-3
-2.237, 1.011e-3
-2.238, 1.011e-3
-2.239, 1.011e-3
-2.240, 1.011e-3
-2.241, 1.011e-3
-2.242, 1.011e-3
-2.243, 1.011e-3
-2.244, 1.011e-3
-2.245, 1.011e-3
-2.246, 1.011e-3
-2.247, 1.011e-3
-2.248, 1.011e-3
-2.249, 1.011e-3
-2.250, 1.011e-3
-2.251, 1.011e-3
-2.252, 1.011e-3
-2.253, 1.011e-3
-2.254, 1.011e-3
-2.255, 1.011e-3
-2.256, 1.011e-3
-2.257, 1.011e-3
-2.258, 1.011e-3
-2.259, 1.011e-3
-2.260, 1.011e-3
-2.261, 1.011e-3
-2.262, 1.011e-3
-2.263, 1.011e-3
-2.264, 1.011e-3
-2.265, 1.011e-3
-2.266, 1.011e-3
-2.267, 1.011e-3
-2.268, 1.011e-3
-2.269, 1.011e-3
-2.270, 1.011e-3
-2.271, 1.011e-3
-2.272, 1.011e-3
-2.273, 1.011e-3
-2.274, 1.011e-3
-2.275, 1.011e-3
-2.276, 1.011e-3
-2.277, 1.011e-3
-2.278, 1.011e-3
-2.279, 1.011e-3
-2.280, 1.011e-3
-2.281, 1.011e-3
-2.282, 1.011e-3
-2.283, 1.011e-3
-2.284, 1.011e-3
-2.285, 1.011e-3
-2.286, 1.011e-3
-2.287, 1.011e-3
-2.288, 1.011e-3
-2.289, 1.011e-3
-2.290, 1.011e-3
-2.291, 1.011e-3
-2.292, 1.011e-3
-2.293, 1.011e-3
-2.294, 1.011e-3
-2.295, 1.011e-3
-2.296, 1.011e-3
-2.297, 1.011e-3
-2.298, 1.011e-3
-2.299, 1.011e-3
