Dec. 17, 2024   06:37:58
Cyclic Voltammetry
File: c:/users/guazh/data/banditlqround7_x0exp667_r5/2024-12-16-exp678\exp678-2024-12-17t06_24_53-arkoh\exp678_cv_sr_50mvs_efin_-1600mv.bin
Data Source:  Experiment
Instrument Model:  CHI760E
Header: CV ran at 50 mVs
Note: 

Init E (V) = -1
High E (V) = -1
Low E (V) = -1.6
Final E (V) = -1
Init P/N = N
Scan Rate (V/s) = 0.05
Segment = 3
Sample Interval (V) = 0.001
Quiet Time (sec) = 2
Sensitivity (A/V) = 0.01
Comp R (ohm) = 1.1

Results:

Channel 1:
Segment 1:
Ep = -1.271V
ip = 2.149e-4A
Ah = 3.195e-4C

Segment 2:
Ep = -1.165V
ip = -1.631e-4A
Ah = -1.484e-4C

Segment 3:

Potential/V, Current/A

-1.000, -1.450e-5
-1.001, -4.165e-6
-1.002, -4.854e-7
-1.003, 2.721e-6
-1.004, 6.194e-6
-1.005, 8.453e-6
-1.006, 9.854e-6
-1.007, 1.083e-5
-1.008, 1.265e-5
-1.009, 1.507e-5
-1.010, 1.678e-5
-1.011, 1.761e-5
-1.012, 1.818e-5
-1.013, 1.963e-5
-1.014, 2.183e-5
-1.015, 2.314e-5
-1.016, 2.377e-5
-1.017, 2.404e-5
-1.018, 2.544e-5
-1.019, 2.721e-5
-1.020, 2.875e-5
-1.021, 2.895e-5
-1.022, 2.917e-5
-1.023, 3.062e-5
-1.024, 3.257e-5
-1.025, 3.381e-5
-1.026, 3.392e-5
-1.027, 3.397e-5
-1.028, 3.536e-5
-1.029, 3.699e-5
-1.030, 3.825e-5
-1.031, 3.879e-5
-1.032, 3.863e-5
-1.033, 3.980e-5
-1.034, 4.152e-5
-1.035, 4.245e-5
-1.036, 4.298e-5
-1.037, 4.303e-5
-1.038, 4.389e-5
-1.039, 4.570e-5
-1.040, 4.700e-5
-1.041, 4.706e-5
-1.042, 4.713e-5
-1.043, 4.816e-5
-1.044, 5.007e-5
-1.045, 5.095e-5
-1.046, 5.119e-5
-1.047, 5.127e-5
-1.048, 5.210e-5
-1.049, 5.385e-5
-1.050, 5.515e-5
-1.051, 5.499e-5
-1.052, 5.524e-5
-1.053, 5.597e-5
-1.054, 5.784e-5
-1.055, 5.879e-5
-1.056, 5.902e-5
-1.057, 5.889e-5
-1.058, 5.981e-5
-1.059, 6.153e-5
-1.060, 6.258e-5
-1.061, 6.253e-5
-1.062, 6.284e-5
-1.063, 6.361e-5
-1.064, 6.509e-5
-1.065, 6.627e-5
-1.066, 6.629e-5
-1.067, 6.601e-5
-1.068, 6.734e-5
-1.069, 6.870e-5
-1.070, 6.954e-5
-1.071, 6.993e-5
-1.072, 6.939e-5
-1.073, 7.050e-5
-1.074, 7.225e-5
-1.075, 7.337e-5
-1.076, 7.336e-5
-1.077, 7.301e-5
-1.078, 7.406e-5
-1.079, 7.534e-5
-1.080, 7.627e-5
-1.081, 7.632e-5
-1.082, 7.648e-5
-1.083, 7.715e-5
-1.084, 7.926e-5
-1.085, 7.950e-5
-1.086, 7.989e-5
-1.087, 7.938e-5
-1.088, 8.044e-5
-1.089, 8.210e-5
-1.090, 8.329e-5
-1.091, 8.286e-5
-1.092, 8.282e-5
-1.093, 8.350e-5
-1.094, 8.506e-5
-1.095, 8.625e-5
-1.096, 8.647e-5
-1.097, 8.634e-5
-1.098, 8.769e-5
-1.099, 8.810e-5
-1.100, 8.937e-5
-1.101, 8.980e-5
-1.102, 8.955e-5
-1.103, 9.089e-5
-1.104, 9.240e-5
-1.105, 9.312e-5
-1.106, 9.345e-5
-1.107, 9.335e-5
-1.108, 9.442e-5
-1.109, 9.566e-5
-1.110, 9.736e-5
-1.111, 9.757e-5
-1.112, 9.748e-5
-1.113, 9.808e-5
-1.114, 1.002e-4
-1.115, 1.015e-4
-1.116, 1.019e-4
-1.117, 1.019e-4
-1.118, 1.030e-4
-1.119, 1.048e-4
-1.120, 1.057e-4
-1.121, 1.068e-4
-1.122, 1.067e-4
-1.123, 1.084e-4
-1.124, 1.098e-4
-1.125, 1.114e-4
-1.126, 1.120e-4
-1.127, 1.122e-4
-1.128, 1.135e-4
-1.129, 1.156e-4
-1.130, 1.183e-4
-1.131, 1.182e-4
-1.132, 1.187e-4
-1.133, 1.197e-4
-1.134, 1.221e-4
-1.135, 1.235e-4
-1.136, 1.244e-4
-1.137, 1.250e-4
-1.138, 1.264e-4
-1.139, 1.292e-4
-1.140, 1.308e-4
-1.141, 1.316e-4
-1.142, 1.323e-4
-1.143, 1.342e-4
-1.144, 1.363e-4
-1.145, 1.378e-4
-1.146, 1.395e-4
-1.147, 1.402e-4
-1.148, 1.422e-4
-1.149, 1.449e-4
-1.150, 1.474e-4
-1.151, 1.480e-4
-1.152, 1.479e-4
-1.153, 1.505e-4
-1.154, 1.535e-4
-1.155, 1.558e-4
-1.156, 1.568e-4
-1.157, 1.578e-4
-1.158, 1.600e-4
-1.159, 1.625e-4
-1.160, 1.650e-4
-1.161, 1.663e-4
-1.162, 1.683e-4
-1.163, 1.693e-4
-1.164, 1.734e-4
-1.165, 1.740e-4
-1.166, 1.759e-4
-1.167, 1.776e-4
-1.168, 1.806e-4
-1.169, 1.846e-4
-1.170, 1.861e-4
-1.171, 1.872e-4
-1.172, 1.884e-4
-1.173, 1.906e-4
-1.174, 1.945e-4
-1.175, 1.971e-4
-1.176, 1.982e-4
-1.177, 2.002e-4
-1.178, 2.031e-4
-1.179, 2.062e-4
-1.180, 2.092e-4
-1.181, 2.104e-4
-1.182, 2.120e-4
-1.183, 2.149e-4
-1.184, 2.175e-4
-1.185, 2.207e-4
-1.186, 2.231e-4
-1.187, 2.247e-4
-1.188, 2.276e-4
-1.189, 2.310e-4
-1.190, 2.335e-4
-1.191, 2.347e-4
-1.192, 2.371e-4
-1.193, 2.400e-4
-1.194, 2.432e-4
-1.195, 2.470e-4
-1.196, 2.490e-4
-1.197, 2.512e-4
-1.198, 2.532e-4
-1.199, 2.572e-4
-1.200, 2.598e-4
-1.201, 2.620e-4
-1.202, 2.634e-4
-1.203, 2.682e-4
-1.204, 2.704e-4
-1.205, 2.716e-4
-1.206, 2.785e-4
-1.207, 2.790e-4
-1.208, 2.816e-4
-1.209, 2.853e-4
-1.210, 2.883e-4
-1.211, 2.903e-4
-1.212, 2.928e-4
-1.213, 2.958e-4
-1.214, 2.990e-4
-1.215, 3.025e-4
-1.216, 3.045e-4
-1.217, 3.071e-4
-1.218, 3.104e-4
-1.219, 3.143e-4
-1.220, 3.179e-4
-1.221, 3.198e-4
-1.222, 3.212e-4
-1.223, 3.246e-4
-1.224, 3.275e-4
-1.225, 3.310e-4
-1.226, 3.344e-4
-1.227, 3.367e-4
-1.228, 3.398e-4
-1.229, 3.439e-4
-1.230, 3.470e-4
-1.231, 3.477e-4
-1.232, 3.505e-4
-1.233, 3.530e-4
-1.234, 3.562e-4
-1.235, 3.603e-4
-1.236, 3.625e-4
-1.237, 3.641e-4
-1.238, 3.666e-4
-1.239, 3.690e-4
-1.240, 3.730e-4
-1.241, 3.747e-4
-1.242, 3.751e-4
-1.243, 3.792e-4
-1.244, 3.838e-4
-1.245, 3.868e-4
-1.246, 3.869e-4
-1.247, 3.884e-4
-1.248, 3.868e-4
-1.249, 3.909e-4
-1.250, 3.959e-4
-1.251, 3.956e-4
-1.252, 3.980e-4
-1.253, 4.003e-4
-1.254, 4.026e-4
-1.255, 4.050e-4
-1.256, 4.054e-4
-1.257, 4.049e-4
-1.258, 4.038e-4
-1.259, 4.069e-4
-1.260, 4.106e-4
-1.261, 4.124e-4
-1.262, 4.128e-4
-1.263, 4.122e-4
-1.264, 4.135e-4
-1.265, 4.140e-4
-1.266, 4.138e-4
-1.267, 4.147e-4
-1.268, 4.140e-4
-1.269, 4.157e-4
-1.270, 4.156e-4
-1.271, 4.164e-4
-1.272, 4.151e-4
-1.273, 4.138e-4
-1.274, 4.152e-4
-1.275, 4.159e-4
-1.276, 4.133e-4
-1.277, 4.101e-4
-1.278, 4.090e-4
-1.279, 4.107e-4
-1.280, 4.108e-4
-1.281, 4.094e-4
-1.282, 4.061e-4
-1.283, 4.036e-4
-1.284, 4.029e-4
-1.285, 4.011e-4
-1.286, 3.982e-4
-1.287, 3.956e-4
-1.288, 3.937e-4
-1.289, 3.943e-4
-1.290, 3.904e-4
-1.291, 3.857e-4
-1.292, 3.796e-4
-1.293, 3.783e-4
-1.294, 3.781e-4
-1.295, 3.765e-4
-1.296, 3.716e-4
-1.297, 3.673e-4
-1.298, 3.624e-4
-1.299, 3.604e-4
-1.300, 3.573e-4
-1.301, 3.539e-4
-1.302, 3.479e-4
-1.303, 3.439e-4
-1.304, 3.420e-4
-1.305, 3.393e-4
-1.306, 3.339e-4
-1.307, 3.289e-4
-1.308, 3.252e-4
-1.309, 3.226e-4
-1.310, 3.187e-4
-1.311, 3.143e-4
-1.312, 3.094e-4
-1.313, 3.072e-4
-1.314, 3.033e-4
-1.315, 3.017e-4
-1.316, 2.966e-4
-1.317, 2.925e-4
-1.318, 2.893e-4
-1.319, 2.858e-4
-1.320, 2.838e-4
-1.321, 2.799e-4
-1.322, 2.768e-4
-1.323, 2.745e-4
-1.324, 2.734e-4
-1.325, 2.715e-4
-1.326, 2.673e-4
-1.327, 2.643e-4
-1.328, 2.627e-4
-1.329, 2.631e-4
-1.330, 2.620e-4
-1.331, 2.597e-4
-1.332, 2.563e-4
-1.333, 2.559e-4
-1.334, 2.551e-4
-1.335, 2.551e-4
-1.336, 2.543e-4
-1.337, 2.532e-4
-1.338, 2.518e-4
-1.339, 2.520e-4
-1.340, 2.535e-4
-1.341, 2.526e-4
-1.342, 2.507e-4
-1.343, 2.511e-4
-1.344, 2.536e-4
-1.345, 2.545e-4
-1.346, 2.536e-4
-1.347, 2.532e-4
-1.348, 2.535e-4
-1.349, 2.553e-4
-1.350, 2.571e-4
-1.351, 2.579e-4
-1.352, 2.571e-4
-1.353, 2.584e-4
-1.354, 2.597e-4
-1.355, 2.622e-4
-1.356, 2.634e-4
-1.357, 2.637e-4
-1.358, 2.651e-4
-1.359, 2.648e-4
-1.360, 2.685e-4
-1.361, 2.696e-4
-1.362, 2.697e-4
-1.363, 2.714e-4
-1.364, 2.739e-4
-1.365, 2.756e-4
-1.366, 2.761e-4
-1.367, 2.766e-4
-1.368, 2.780e-4
-1.369, 2.804e-4
-1.370, 2.833e-4
-1.371, 2.825e-4
-1.372, 2.847e-4
-1.373, 2.852e-4
-1.374, 2.880e-4
-1.375, 2.892e-4
-1.376, 2.892e-4
-1.377, 2.896e-4
-1.378, 2.908e-4
-1.379, 2.931e-4
-1.380, 2.961e-4
-1.381, 2.957e-4
-1.382, 2.961e-4
-1.383, 2.978e-4
-1.384, 2.981e-4
-1.385, 3.000e-4
-1.386, 2.994e-4
-1.387, 2.966e-4
-1.388, 3.010e-4
-1.389, 3.023e-4
-1.390, 3.038e-4
-1.391, 3.002e-4
-1.392, 2.998e-4
-1.393, 2.995e-4
-1.394, 3.026e-4
-1.395, 3.032e-4
-1.396, 3.037e-4
-1.397, 3.002e-4
-1.398, 3.015e-4
-1.399, 3.009e-4
-1.400, 3.018e-4
-1.401, 3.015e-4
-1.402, 2.983e-4
-1.403, 2.983e-4
-1.404, 2.975e-4
-1.405, 2.989e-4
-1.406, 2.980e-4
-1.407, 2.975e-4
-1.408, 2.956e-4
-1.409, 2.955e-4
-1.410, 2.952e-4
-1.411, 2.936e-4
-1.412, 2.923e-4
-1.413, 2.917e-4
-1.414, 2.914e-4
-1.415, 2.917e-4
-1.416, 2.898e-4
-1.417, 2.877e-4
-1.418, 2.875e-4
-1.419, 2.880e-4
-1.420, 2.891e-4
-1.421, 2.865e-4
-1.422, 2.851e-4
-1.423, 2.846e-4
-1.424, 2.843e-4
-1.425, 2.851e-4
-1.426, 2.844e-4
-1.427, 2.836e-4
-1.428, 2.826e-4
-1.429, 2.841e-4
-1.430, 2.833e-4
-1.431, 2.841e-4
-1.432, 2.818e-4
-1.433, 2.845e-4
-1.434, 2.850e-4
-1.435, 2.859e-4
-1.436, 2.856e-4
-1.437, 2.860e-4
-1.438, 2.872e-4
-1.439, 2.902e-4
-1.440, 2.932e-4
-1.441, 2.952e-4
-1.442, 2.963e-4
-1.443, 3.010e-4
-1.444, 3.065e-4
-1.445, 3.124e-4
-1.446, 3.195e-4
-1.447, 3.276e-4
-1.448, 3.370e-4
-1.449, 3.534e-4
-1.450, 3.710e-4
-1.451, 3.912e-4
-1.452, 4.162e-4
-1.453, 4.494e-4
-1.454, 4.927e-4
-1.455, 5.482e-4
-1.456, 6.177e-4
-1.457, 7.014e-4
-1.458, 7.981e-4
-1.459, 9.100e-4
-1.460, 1.024e-3
-1.461, 1.133e-3
-1.462, 1.261e-3
-1.463, 1.386e-3
-1.464, 1.507e-3
-1.465, 1.613e-3
-1.466, 1.702e-3
-1.467, 1.775e-3
-1.468, 1.849e-3
-1.469, 1.922e-3
-1.470, 1.998e-3
-1.471, 2.079e-3
-1.472, 2.150e-3
-1.473, 2.208e-3
-1.474, 2.257e-3
-1.475, 2.308e-3
-1.476, 2.353e-3
-1.477, 2.407e-3
-1.478, 2.458e-3
-1.479, 2.503e-3
-1.480, 2.543e-3
-1.481, 2.586e-3
-1.482, 2.625e-3
-1.483, 2.674e-3
-1.484, 2.719e-3
-1.485, 2.758e-3
-1.486, 2.800e-3
-1.487, 2.837e-3
-1.488, 2.868e-3
-1.489, 2.898e-3
-1.490, 2.935e-3
-1.491, 2.993e-3
-1.492, 3.028e-3
-1.493, 3.082e-3
-1.494, 3.109e-3
-1.495, 3.147e-3
-1.496, 3.183e-3
-1.497, 3.223e-3
-1.498, 3.241e-3
-1.499, 3.269e-3
-1.500, 3.304e-3
-1.501, 3.340e-3
-1.502, 3.375e-3
-1.503, 3.442e-3
-1.504, 3.460e-3
-1.505, 3.492e-3
-1.506, 3.539e-3
-1.507, 3.583e-3
-1.508, 3.602e-3
-1.509, 3.624e-3
-1.510, 3.663e-3
-1.511, 3.688e-3
-1.512, 3.729e-3
-1.513, 3.752e-3
-1.514, 3.792e-3
-1.515, 3.786e-3
-1.516, 3.816e-3
-1.517, 3.844e-3
-1.518, 3.877e-3
-1.519, 3.917e-3
-1.520, 3.956e-3
-1.521, 3.994e-3
-1.522, 4.021e-3
-1.523, 4.055e-3
-1.524, 4.070e-3
-1.525, 4.115e-3
-1.526, 4.209e-3
-1.527, 4.248e-3
-1.528, 4.259e-3
-1.529, 4.300e-3
-1.530, 4.348e-3
-1.531, 4.357e-3
-1.532, 4.390e-3
-1.533, 4.383e-3
-1.534, 4.426e-3
-1.535, 4.426e-3
-1.536, 4.513e-3
-1.537, 4.565e-3
-1.538, 4.584e-3
-1.539, 4.615e-3
-1.540, 4.625e-3
-1.541, 4.636e-3
-1.542, 4.686e-3
-1.543, 4.801e-3
-1.544, 4.925e-3
-1.545, 4.930e-3
-1.546, 4.939e-3
-1.547, 4.970e-3
-1.548, 4.993e-3
-1.549, 5.010e-3
-1.550, 5.088e-3
-1.551, 5.101e-3
-1.552, 5.128e-3
-1.553, 5.157e-3
-1.554, 5.233e-3
-1.555, 5.254e-3
-1.556, 5.268e-3
-1.557, 5.281e-3
-1.558, 5.311e-3
-1.559, 5.356e-3
-1.560, 5.465e-3
-1.561, 5.529e-3
-1.562, 5.542e-3
-1.563, 5.527e-3
-1.564, 5.529e-3
-1.565, 5.562e-3
-1.566, 5.584e-3
-1.567, 5.616e-3
-1.568, 5.649e-3
-1.569, 5.673e-3
-1.570, 5.703e-3
-1.571, 5.777e-3
-1.572, 5.828e-3
-1.573, 5.897e-3
-1.574, 5.935e-3
-1.575, 6.032e-3
-1.576, 6.088e-3
-1.577, 6.111e-3
-1.578, 6.194e-3
-1.579, 6.294e-3
-1.580, 6.274e-3
-1.581, 6.291e-3
-1.582, 6.326e-3
-1.583, 6.283e-3
-1.584, 6.289e-3
-1.585, 6.338e-3
-1.586, 6.370e-3
-1.587, 6.423e-3
-1.588, 6.453e-3
-1.589, 6.438e-3
-1.590, 6.458e-3
-1.591, 6.497e-3
-1.592, 6.571e-3
-1.593, 6.727e-3
-1.594, 6.762e-3
-1.595, 6.748e-3
-1.596, 6.752e-3
-1.597, 6.896e-3
-1.598, 6.955e-3
-1.599, 6.892e-3
-1.600, 6.836e-3
-1.599, 6.733e-3
-1.598, 6.651e-3
-1.597, 6.683e-3
-1.596, 6.575e-3
-1.595, 6.503e-3
-1.594, 6.460e-3
-1.593, 6.496e-3
-1.592, 6.373e-3
-1.591, 6.472e-3
-1.590, 6.409e-3
-1.589, 6.267e-3
-1.588, 6.170e-3
-1.587, 6.198e-3
-1.586, 6.204e-3
-1.585, 6.201e-3
-1.584, 6.088e-3
-1.583, 6.125e-3
-1.582, 5.991e-3
-1.581, 5.916e-3
-1.580, 5.899e-3
-1.579, 5.854e-3
-1.578, 5.864e-3
-1.577, 5.829e-3
-1.576, 5.745e-3
-1.575, 5.672e-3
-1.574, 5.644e-3
-1.573, 5.596e-3
-1.572, 5.549e-3
-1.571, 5.496e-3
-1.570, 5.427e-3
-1.569, 5.377e-3
-1.568, 5.334e-3
-1.567, 5.396e-3
-1.566, 5.315e-3
-1.565, 5.275e-3
-1.564, 5.181e-3
-1.563, 5.189e-3
-1.562, 5.127e-3
-1.561, 5.096e-3
-1.560, 5.113e-3
-1.559, 5.034e-3
-1.558, 5.008e-3
-1.557, 4.965e-3
-1.556, 4.954e-3
-1.555, 4.895e-3
-1.554, 4.834e-3
-1.553, 4.804e-3
-1.552, 4.753e-3
-1.551, 4.742e-3
-1.550, 4.671e-3
-1.549, 4.742e-3
-1.548, 4.711e-3
-1.547, 4.604e-3
-1.546, 4.579e-3
-1.545, 4.564e-3
-1.544, 4.554e-3
-1.543, 4.515e-3
-1.542, 4.478e-3
-1.541, 4.427e-3
-1.540, 4.382e-3
-1.539, 4.315e-3
-1.538, 4.272e-3
-1.537, 4.224e-3
-1.536, 4.182e-3
-1.535, 4.153e-3
-1.534, 4.092e-3
-1.533, 4.007e-3
-1.532, 3.957e-3
-1.531, 3.915e-3
-1.530, 3.870e-3
-1.529, 3.846e-3
-1.528, 3.813e-3
-1.527, 3.771e-3
-1.526, 3.766e-3
-1.525, 3.753e-3
-1.524, 3.682e-3
-1.523, 3.657e-3
-1.522, 3.600e-3
-1.521, 3.557e-3
-1.520, 3.539e-3
-1.519, 3.501e-3
-1.518, 3.484e-3
-1.517, 3.431e-3
-1.516, 3.418e-3
-1.515, 3.369e-3
-1.514, 3.356e-3
-1.513, 3.307e-3
-1.512, 3.221e-3
-1.511, 3.223e-3
-1.510, 3.199e-3
-1.509, 3.153e-3
-1.508, 3.117e-3
-1.507, 3.084e-3
-1.506, 3.043e-3
-1.505, 3.013e-3
-1.504, 2.979e-3
-1.503, 2.941e-3
-1.502, 2.904e-3
-1.501, 2.866e-3
-1.500, 2.838e-3
-1.499, 2.819e-3
-1.498, 2.792e-3
-1.497, 2.730e-3
-1.496, 2.675e-3
-1.495, 2.680e-3
-1.494, 2.645e-3
-1.493, 2.644e-3
-1.492, 2.644e-3
-1.491, 2.601e-3
-1.490, 2.549e-3
-1.489, 2.509e-3
-1.488, 2.491e-3
-1.487, 2.459e-3
-1.486, 2.446e-3
-1.485, 2.413e-3
-1.484, 2.384e-3
-1.483, 2.305e-3
-1.482, 2.286e-3
-1.481, 2.268e-3
-1.480, 2.234e-3
-1.479, 2.207e-3
-1.478, 2.177e-3
-1.477, 2.143e-3
-1.476, 2.109e-3
-1.475, 2.092e-3
-1.474, 2.069e-3
-1.473, 2.038e-3
-1.472, 2.009e-3
-1.471, 1.976e-3
-1.470, 1.947e-3
-1.469, 1.910e-3
-1.468, 1.892e-3
-1.467, 1.858e-3
-1.466, 1.826e-3
-1.465, 1.804e-3
-1.464, 1.782e-3
-1.463, 1.749e-3
-1.462, 1.712e-3
-1.461, 1.686e-3
-1.460, 1.690e-3
-1.459, 1.623e-3
-1.458, 1.588e-3
-1.457, 1.559e-3
-1.456, 1.526e-3
-1.455, 1.497e-3
-1.454, 1.474e-3
-1.453, 1.446e-3
-1.452, 1.417e-3
-1.451, 1.393e-3
-1.450, 1.368e-3
-1.449, 1.350e-3
-1.448, 1.328e-3
-1.447, 1.299e-3
-1.446, 1.272e-3
-1.445, 1.247e-3
-1.444, 1.223e-3
-1.443, 1.198e-3
-1.442, 1.179e-3
-1.441, 1.154e-3
-1.440, 1.127e-3
-1.439, 1.104e-3
-1.438, 1.078e-3
-1.437, 1.056e-3
-1.436, 1.031e-3
-1.435, 1.010e-3
-1.434, 9.933e-4
-1.433, 9.640e-4
-1.432, 9.484e-4
-1.431, 9.266e-4
-1.430, 9.053e-4
-1.429, 8.852e-4
-1.428, 8.612e-4
-1.427, 8.362e-4
-1.426, 8.249e-4
-1.425, 7.997e-4
-1.424, 7.736e-4
-1.423, 7.582e-4
-1.422, 7.377e-4
-1.421, 7.176e-4
-1.420, 6.985e-4
-1.419, 6.825e-4
-1.418, 6.682e-4
-1.417, 6.444e-4
-1.416, 6.265e-4
-1.415, 6.139e-4
-1.414, 6.038e-4
-1.413, 5.783e-4
-1.412, 5.635e-4
-1.411, 5.428e-4
-1.410, 5.254e-4
-1.409, 5.096e-4
-1.408, 4.939e-4
-1.407, 4.818e-4
-1.406, 4.619e-4
-1.405, 4.517e-4
-1.404, 4.347e-4
-1.403, 4.191e-4
-1.402, 4.041e-4
-1.401, 3.927e-4
-1.400, 3.806e-4
-1.399, 3.659e-4
-1.398, 3.514e-4
-1.397, 3.373e-4
-1.396, 3.263e-4
-1.395, 3.122e-4
-1.394, 2.981e-4
-1.393, 2.888e-4
-1.392, 2.763e-4
-1.391, 2.650e-4
-1.390, 2.560e-4
-1.389, 2.441e-4
-1.388, 2.329e-4
-1.387, 2.231e-4
-1.386, 2.144e-4
-1.385, 2.067e-4
-1.384, 1.965e-4
-1.383, 1.867e-4
-1.382, 1.782e-4
-1.381, 1.711e-4
-1.380, 1.608e-4
-1.379, 1.523e-4
-1.378, 1.438e-4
-1.377, 1.363e-4
-1.376, 1.308e-4
-1.375, 1.265e-4
-1.374, 1.181e-4
-1.373, 1.112e-4
-1.372, 1.026e-4
-1.371, 9.665e-5
-1.370, 9.138e-5
-1.369, 8.458e-5
-1.368, 7.822e-5
-1.367, 7.253e-5
-1.366, 6.826e-5
-1.365, 6.366e-5
-1.364, 5.826e-5
-1.363, 5.259e-5
-1.362, 4.819e-5
-1.361, 4.409e-5
-1.360, 4.044e-5
-1.359, 3.591e-5
-1.358, 3.060e-5
-1.357, 2.635e-5
-1.356, 2.358e-5
-1.355, 2.005e-5
-1.354, 1.597e-5
-1.353, 1.142e-5
-1.352, 8.157e-6
-1.351, 5.483e-6
-1.350, 2.465e-6
-1.349, -9.688e-7
-1.348, -4.708e-6
-1.347, -7.609e-6
-1.346, -1.035e-5
-1.345, -1.398e-5
-1.344, -1.657e-5
-1.343, -1.996e-5
-1.342, -2.254e-5
-1.341, -2.377e-5
-1.340, -2.535e-5
-1.339, -2.742e-5
-1.338, -2.934e-5
-1.337, -3.195e-5
-1.336, -3.320e-5
-1.335, -3.555e-5
-1.334, -3.789e-5
-1.333, -3.983e-5
-1.332, -4.182e-5
-1.331, -4.277e-5
-1.330, -4.389e-5
-1.329, -4.589e-5
-1.328, -4.762e-5
-1.327, -4.874e-5
-1.326, -4.907e-5
-1.325, -4.984e-5
-1.324, -5.217e-5
-1.323, -5.496e-5
-1.322, -5.607e-5
-1.321, -5.630e-5
-1.320, -5.713e-5
-1.319, -5.963e-5
-1.318, -6.210e-5
-1.317, -6.294e-5
-1.316, -6.279e-5
-1.315, -6.324e-5
-1.314, -6.454e-5
-1.313, -6.637e-5
-1.312, -6.738e-5
-1.311, -6.745e-5
-1.310, -6.836e-5
-1.309, -6.961e-5
-1.308, -7.177e-5
-1.307, -7.273e-5
-1.306, -7.269e-5
-1.305, -7.309e-5
-1.304, -7.389e-5
-1.303, -7.593e-5
-1.302, -7.631e-5
-1.301, -7.682e-5
-1.300, -7.711e-5
-1.299, -7.812e-5
-1.298, -7.999e-5
-1.297, -8.066e-5
-1.296, -8.043e-5
-1.295, -8.079e-5
-1.294, -8.208e-5
-1.293, -8.374e-5
-1.292, -8.475e-5
-1.291, -8.480e-5
-1.290, -8.463e-5
-1.289, -8.600e-5
-1.288, -8.747e-5
-1.287, -8.864e-5
-1.286, -8.860e-5
-1.285, -8.846e-5
-1.284, -8.980e-5
-1.283, -9.163e-5
-1.282, -9.275e-5
-1.281, -9.266e-5
-1.280, -9.404e-5
-1.279, -9.463e-5
-1.278, -9.606e-5
-1.277, -9.725e-5
-1.276, -9.693e-5
-1.275, -1.026e-4
-1.274, -1.020e-4
-1.273, -1.042e-4
-1.272, -1.025e-4
-1.271, -1.022e-4
-1.270, -1.024e-4
-1.269, -1.036e-4
-1.268, -1.052e-4
-1.267, -1.067e-4
-1.266, -1.065e-4
-1.265, -1.065e-4
-1.264, -1.079e-4
-1.263, -1.102e-4
-1.262, -1.128e-4
-1.261, -1.125e-4
-1.260, -1.135e-4
-1.259, -1.144e-4
-1.258, -1.169e-4
-1.257, -1.170e-4
-1.256, -1.185e-4
-1.255, -1.193e-4
-1.254, -1.220e-4
-1.253, -1.237e-4
-1.252, -1.254e-4
-1.251, -1.264e-4
-1.250, -1.266e-4
-1.249, -1.287e-4
-1.248, -1.316e-4
-1.247, -1.330e-4
-1.246, -1.341e-4
-1.245, -1.354e-4
-1.244, -1.379e-4
-1.243, -1.402e-4
-1.242, -1.420e-4
-1.241, -1.433e-4
-1.240, -1.442e-4
-1.239, -1.476e-4
-1.238, -1.506e-4
-1.237, -1.527e-4
-1.236, -1.547e-4
-1.235, -1.566e-4
-1.234, -1.579e-4
-1.233, -1.607e-4
-1.232, -1.638e-4
-1.231, -1.651e-4
-1.230, -1.674e-4
-1.229, -1.737e-4
-1.228, -1.744e-4
-1.227, -1.787e-4
-1.226, -1.809e-4
-1.225, -1.820e-4
-1.224, -1.844e-4
-1.223, -1.881e-4
-1.222, -1.919e-4
-1.221, -1.948e-4
-1.220, -1.973e-4
-1.219, -2.003e-4
-1.218, -2.046e-4
-1.217, -2.077e-4
-1.216, -2.077e-4
-1.215, -2.127e-4
-1.214, -2.165e-4
-1.213, -2.212e-4
-1.212, -2.244e-4
-1.211, -2.258e-4
-1.210, -2.297e-4
-1.209, -2.330e-4
-1.208, -2.373e-4
-1.207, -2.412e-4
-1.206, -2.434e-4
-1.205, -2.457e-4
-1.204, -2.520e-4
-1.203, -2.542e-4
-1.202, -2.581e-4
-1.201, -2.608e-4
-1.200, -2.638e-4
-1.199, -2.656e-4
-1.198, -2.727e-4
-1.197, -2.744e-4
-1.196, -2.765e-4
-1.195, -2.802e-4
-1.194, -2.836e-4
-1.193, -2.872e-4
-1.192, -2.910e-4
-1.191, -2.916e-4
-1.190, -2.933e-4
-1.189, -2.985e-4
-1.188, -3.026e-4
-1.187, -3.060e-4
-1.186, -3.079e-4
-1.185, -3.089e-4
-1.184, -3.112e-4
-1.183, -3.155e-4
-1.182, -3.169e-4
-1.181, -3.185e-4
-1.180, -3.206e-4
-1.179, -3.233e-4
-1.178, -3.265e-4
-1.177, -3.277e-4
-1.176, -3.288e-4
-1.175, -3.290e-4
-1.174, -3.321e-4
-1.173, -3.352e-4
-1.172, -3.361e-4
-1.171, -3.354e-4
-1.170, -3.353e-4
-1.169, -3.364e-4
-1.168, -3.380e-4
-1.167, -3.402e-4
-1.166, -3.367e-4
-1.165, -3.517e-4
-1.164, -3.504e-4
-1.163, -3.484e-4
-1.162, -3.481e-4
-1.161, -3.447e-4
-1.160, -3.453e-4
-1.159, -3.450e-4
-1.158, -3.448e-4
-1.157, -3.428e-4
-1.156, -3.427e-4
-1.155, -3.360e-4
-1.154, -3.369e-4
-1.153, -3.399e-4
-1.152, -3.391e-4
-1.151, -3.379e-4
-1.150, -3.342e-4
-1.149, -3.332e-4
-1.148, -3.328e-4
-1.147, -3.290e-4
-1.146, -3.276e-4
-1.145, -3.272e-4
-1.144, -3.239e-4
-1.143, -3.236e-4
-1.142, -3.224e-4
-1.141, -3.195e-4
-1.140, -3.180e-4
-1.139, -3.156e-4
-1.138, -3.130e-4
-1.137, -3.137e-4
-1.136, -3.088e-4
-1.135, -3.077e-4
-1.134, -3.065e-4
-1.133, -3.073e-4
-1.132, -3.007e-4
-1.131, -3.006e-4
-1.130, -2.974e-4
-1.129, -2.959e-4
-1.128, -2.954e-4
-1.127, -2.935e-4
-1.126, -2.911e-4
-1.125, -2.886e-4
-1.124, -2.857e-4
-1.123, -2.853e-4
-1.122, -2.856e-4
-1.121, -2.813e-4
-1.120, -2.790e-4
-1.119, -2.782e-4
-1.118, -2.771e-4
-1.117, -2.758e-4
-1.116, -2.735e-4
-1.115, -2.711e-4
-1.114, -2.692e-4
-1.113, -2.686e-4
-1.112, -2.671e-4
-1.111, -2.643e-4
-1.110, -2.635e-4
-1.109, -2.615e-4
-1.108, -2.624e-4
-1.107, -2.595e-4
-1.106, -2.583e-4
-1.105, -2.565e-4
-1.104, -2.544e-4
-1.103, -2.545e-4
-1.102, -2.533e-4
-1.101, -2.512e-4
-1.100, -2.494e-4
-1.099, -2.494e-4
-1.098, -2.487e-4
-1.097, -2.481e-4
-1.096, -2.451e-4
-1.095, -2.438e-4
-1.094, -2.423e-4
-1.093, -2.430e-4
-1.092, -2.421e-4
-1.091, -2.396e-4
-1.090, -2.389e-4
-1.089, -2.364e-4
-1.088, -2.386e-4
-1.087, -2.370e-4
-1.086, -2.337e-4
-1.085, -2.340e-4
-1.084, -2.330e-4
-1.083, -2.335e-4
-1.082, -2.322e-4
-1.081, -2.304e-4
-1.080, -2.283e-4
-1.079, -2.298e-4
-1.078, -2.298e-4
-1.077, -2.283e-4
-1.076, -2.279e-4
-1.075, -2.229e-4
-1.074, -2.258e-4
-1.073, -2.254e-4
-1.072, -2.266e-4
-1.071, -2.231e-4
-1.070, -2.227e-4
-1.069, -2.222e-4
-1.068, -2.223e-4
-1.067, -2.209e-4
-1.066, -2.193e-4
-1.065, -2.198e-4
-1.064, -2.195e-4
-1.063, -2.210e-4
-1.062, -2.189e-4
-1.061, -2.186e-4
-1.060, -2.141e-4
-1.059, -2.168e-4
-1.058, -2.175e-4
-1.057, -2.183e-4
-1.056, -2.167e-4
-1.055, -2.147e-4
-1.054, -2.141e-4
-1.053, -2.152e-4
-1.052, -2.148e-4
-1.051, -2.142e-4
-1.050, -2.128e-4
-1.049, -2.125e-4
-1.048, -2.132e-4
-1.047, -2.127e-4
-1.046, -2.117e-4
-1.045, -2.106e-4
-1.044, -2.114e-4
-1.043, -2.124e-4
-1.042, -2.109e-4
-1.041, -2.110e-4
-1.040, -2.096e-4
-1.039, -2.093e-4
-1.038, -2.105e-4
-1.037, -2.095e-4
-1.036, -2.087e-4
-1.035, -2.085e-4
-1.034, -2.074e-4
-1.033, -2.096e-4
-1.032, -2.080e-4
-1.031, -2.078e-4
-1.030, -2.057e-4
-1.029, -2.077e-4
-1.028, -2.082e-4
-1.027, -2.084e-4
-1.026, -2.045e-4
-1.025, -2.065e-4
-1.024, -2.069e-4
-1.023, -2.072e-4
-1.022, -2.067e-4
-1.021, -2.059e-4
-1.020, -2.056e-4
-1.019, -2.057e-4
-1.018, -2.068e-4
-1.017, -2.064e-4
-1.016, -2.040e-4
-1.015, -2.043e-4
-1.014, -2.047e-4
-1.013, -2.068e-4
-1.012, -2.063e-4
-1.011, -2.059e-4
-1.010, -2.040e-4
-1.009, -2.043e-4
-1.008, -2.047e-4
-1.007, -2.048e-4
-1.006, -2.044e-4
-1.005, -2.042e-4
-1.004, -2.044e-4
-1.003, -2.054e-4
-1.002, -2.054e-4
-1.001, -2.042e-4
