Sept. 14, 2024   21:58:55
Cyclic Voltammetry
File: c:/users/guazh/data/20240903_batch_252_500/2024-09-03-exp355\exp355-2024-09-14t21_44_10-h2koh\exp355_cv_sr_200mvs_efin_-1600mv.bin
Data Source:  Experiment
Instrument Model:  CHI760E
Header: CV ran at 200 mVs
Note: 

Init E (V) = -1
High E (V) = -1
Low E (V) = -1.6
Final E (V) = -1
Init P/N = N
Scan Rate (V/s) = 0.2
Segment = 3
Sample Interval (V) = 0.001
Quiet Time (sec) = 2
Sensitivity (A/V) = 0.01
Comp R (ohm) = 5.9

Results:

Channel 1:
Segment 1:

Segment 2:

Segment 3:

Potential/V, Current/A

-1.000, 1.545e-5
-1.001, 3.222e-5
-1.002, 3.623e-5
-1.003, 3.988e-5
-1.004, 4.267e-5
-1.005, 4.396e-5
-1.006, 4.553e-5
-1.007, 4.825e-5
-1.008, 4.879e-5
-1.009, 4.974e-5
-1.010, 5.182e-5
-1.011, 5.236e-5
-1.012, 5.318e-5
-1.013, 5.464e-5
-1.014, 5.522e-5
-1.015, 5.624e-5
-1.016, 5.667e-5
-1.017, 5.804e-5
-1.018, 5.836e-5
-1.019, 5.852e-5
-1.020, 6.017e-5
-1.021, 5.994e-5
-1.022, 6.052e-5
-1.023, 6.137e-5
-1.024, 6.264e-5
-1.025, 6.215e-5
-1.026, 6.278e-5
-1.027, 6.324e-5
-1.028, 6.379e-5
-1.029, 6.374e-5
-1.030, 6.485e-5
-1.031, 6.588e-5
-1.032, 6.471e-5
-1.033, 6.588e-5
-1.034, 6.691e-5
-1.035, 6.620e-5
-1.036, 6.664e-5
-1.037, 6.762e-5
-1.038, 6.735e-5
-1.039, 6.762e-5
-1.040, 6.820e-5
-1.041, 6.848e-5
-1.042, 6.816e-5
-1.043, 6.880e-5
-1.044, 6.971e-5
-1.045, 6.866e-5
-1.046, 6.942e-5
-1.047, 7.019e-5
-1.048, 7.004e-5
-1.049, 6.966e-5
-1.050, 7.070e-5
-1.051, 7.094e-5
-1.052, 7.049e-5
-1.053, 7.095e-5
-1.054, 7.124e-5
-1.055, 7.099e-5
-1.056, 7.107e-5
-1.057, 7.159e-5
-1.058, 7.137e-5
-1.059, 7.110e-5
-1.060, 7.199e-5
-1.061, 7.191e-5
-1.062, 7.154e-5
-1.063, 7.208e-5
-1.064, 7.299e-5
-1.065, 7.187e-5
-1.066, 7.229e-5
-1.067, 7.306e-5
-1.068, 7.278e-5
-1.069, 7.251e-5
-1.070, 7.333e-5
-1.071, 7.363e-5
-1.072, 7.218e-5
-1.073, 7.377e-5
-1.074, 7.374e-5
-1.075, 7.374e-5
-1.076, 7.356e-5
-1.077, 7.419e-5
-1.078, 7.316e-5
-1.079, 7.377e-5
-1.080, 7.392e-5
-1.081, 7.407e-5
-1.082, 7.391e-5
-1.083, 7.404e-5
-1.084, 7.485e-5
-1.085, 7.351e-5
-1.086, 7.410e-5
-1.087, 7.492e-5
-1.088, 7.426e-5
-1.089, 7.431e-5
-1.090, 7.478e-5
-1.091, 7.503e-5
-1.092, 7.431e-5
-1.093, 7.425e-5
-1.094, 7.529e-5
-1.095, 7.435e-5
-1.096, 7.421e-5
-1.097, 7.476e-5
-1.098, 7.439e-5
-1.099, 7.438e-5
-1.100, 7.498e-5
-1.101, 7.502e-5
-1.102, 7.399e-5
-1.103, 7.523e-5
-1.104, 7.475e-5
-1.105, 7.480e-5
-1.106, 7.469e-5
-1.107, 7.485e-5
-1.108, 7.489e-5
-1.109, 7.430e-5
-1.110, 7.517e-5
-1.111, 7.500e-5
-1.112, 7.436e-5
-1.113, 7.480e-5
-1.114, 7.552e-5
-1.115, 7.415e-5
-1.116, 7.505e-5
-1.117, 7.535e-5
-1.118, 7.515e-5
-1.119, 7.473e-5
-1.120, 7.528e-5
-1.121, 7.542e-5
-1.122, 7.471e-5
-1.123, 7.503e-5
-1.124, 7.546e-5
-1.125, 7.495e-5
-1.126, 7.480e-5
-1.127, 7.566e-5
-1.128, 7.473e-5
-1.129, 7.499e-5
-1.130, 7.557e-5
-1.131, 7.532e-5
-1.132, 7.511e-5
-1.133, 7.519e-5
-1.134, 7.570e-5
-1.135, 7.485e-5
-1.136, 7.512e-5
-1.137, 7.544e-5
-1.138, 7.530e-5
-1.139, 7.474e-5
-1.140, 7.504e-5
-1.141, 7.532e-5
-1.142, 7.438e-5
-1.143, 7.549e-5
-1.144, 7.530e-5
-1.145, 7.458e-5
-1.146, 7.488e-5
-1.147, 7.540e-5
-1.148, 7.476e-5
-1.149, 7.491e-5
-1.150, 7.496e-5
-1.151, 7.523e-5
-1.152, 7.408e-5
-1.153, 7.493e-5
-1.154, 7.532e-5
-1.155, 7.442e-5
-1.156, 7.475e-5
-1.157, 7.507e-5
-1.158, 7.468e-5
-1.159, 7.469e-5
-1.160, 7.501e-5
-1.161, 7.474e-5
-1.162, 7.423e-5
-1.163, 7.467e-5
-1.164, 7.545e-5
-1.165, 7.384e-5
-1.166, 7.454e-5
-1.167, 7.552e-5
-1.168, 7.405e-5
-1.169, 7.407e-5
-1.170, 7.521e-5
-1.171, 7.509e-5
-1.172, 7.414e-5
-1.173, 7.478e-5
-1.174, 7.462e-5
-1.175, 7.429e-5
-1.176, 7.418e-5
-1.177, 7.506e-5
-1.178, 7.463e-5
-1.179, 7.462e-5
-1.180, 7.488e-5
-1.181, 7.470e-5
-1.182, 7.443e-5
-1.183, 7.437e-5
-1.184, 7.512e-5
-1.185, 7.394e-5
-1.186, 7.461e-5
-1.187, 7.465e-5
-1.188, 7.488e-5
-1.189, 7.392e-5
-1.190, 7.470e-5
-1.191, 7.489e-5
-1.192, 7.426e-5
-1.193, 7.502e-5
-1.194, 7.517e-5
-1.195, 7.394e-5
-1.196, 7.457e-5
-1.197, 7.507e-5
-1.198, 7.458e-5
-1.199, 7.461e-5
-1.200, 7.496e-5
-1.201, 7.461e-5
-1.202, 7.502e-5
-1.203, 7.451e-5
-1.204, 7.521e-5
-1.205, 7.421e-5
-1.206, 7.483e-5
-1.207, 7.534e-5
-1.208, 7.481e-5
-1.209, 7.459e-5
-1.210, 7.516e-5
-1.211, 7.484e-5
-1.212, 7.467e-5
-1.213, 7.507e-5
-1.214, 7.538e-5
-1.215, 7.462e-5
-1.216, 7.481e-5
-1.217, 7.564e-5
-1.218, 7.511e-5
-1.219, 7.516e-5
-1.220, 7.550e-5
-1.221, 7.572e-5
-1.222, 7.523e-5
-1.223, 7.576e-5
-1.224, 7.587e-5
-1.225, 7.515e-5
-1.226, 7.560e-5
-1.227, 7.628e-5
-1.228, 7.664e-5
-1.229, 7.654e-5
-1.230, 7.667e-5
-1.231, 7.655e-5
-1.232, 7.609e-5
-1.233, 7.645e-5
-1.234, 7.721e-5
-1.235, 7.648e-5
-1.236, 7.720e-5
-1.237, 7.749e-5
-1.238, 7.738e-5
-1.239, 7.720e-5
-1.240, 7.801e-5
-1.241, 7.807e-5
-1.242, 7.762e-5
-1.243, 7.803e-5
-1.244, 7.846e-5
-1.245, 7.836e-5
-1.246, 7.859e-5
-1.247, 7.925e-5
-1.248, 7.893e-5
-1.249, 7.863e-5
-1.250, 7.982e-5
-1.251, 7.946e-5
-1.252, 7.970e-5
-1.253, 7.996e-5
-1.254, 8.088e-5
-1.255, 8.033e-5
-1.256, 8.050e-5
-1.257, 8.113e-5
-1.258, 8.121e-5
-1.259, 8.133e-5
-1.260, 8.227e-5
-1.261, 8.242e-5
-1.262, 8.190e-5
-1.263, 8.336e-5
-1.264, 8.341e-5
-1.265, 8.290e-5
-1.266, 8.415e-5
-1.267, 8.452e-5
-1.268, 8.440e-5
-1.269, 8.458e-5
-1.270, 8.527e-5
-1.271, 8.620e-5
-1.272, 8.561e-5
-1.273, 8.673e-5
-1.274, 8.747e-5
-1.275, 8.734e-5
-1.276, 8.822e-5
-1.277, 8.890e-5
-1.278, 8.928e-5
-1.279, 8.937e-5
-1.280, 9.101e-5
-1.281, 9.113e-5
-1.282, 9.092e-5
-1.283, 9.199e-5
-1.284, 9.327e-5
-1.285, 9.249e-5
-1.286, 9.345e-5
-1.287, 9.511e-5
-1.288, 9.449e-5
-1.289, 9.517e-5
-1.290, 9.718e-5
-1.291, 9.733e-5
-1.292, 9.764e-5
-1.293, 9.929e-5
-1.294, 9.981e-5
-1.295, 1.001e-4
-1.296, 1.011e-4
-1.297, 1.023e-4
-1.298, 1.028e-4
-1.299, 1.034e-4
-1.300, 1.053e-4
-1.301, 1.054e-4
-1.302, 1.063e-4
-1.303, 1.077e-4
-1.304, 1.085e-4
-1.305, 1.092e-4
-1.306, 1.103e-4
-1.307, 1.119e-4
-1.308, 1.123e-4
-1.309, 1.137e-4
-1.310, 1.154e-4
-1.311, 1.166e-4
-1.312, 1.172e-4
-1.313, 1.192e-4
-1.314, 1.205e-4
-1.315, 1.210e-4
-1.316, 1.233e-4
-1.317, 1.243e-4
-1.318, 1.255e-4
-1.319, 1.270e-4
-1.320, 1.288e-4
-1.321, 1.300e-4
-1.322, 1.315e-4
-1.323, 1.329e-4
-1.324, 1.352e-4
-1.325, 1.365e-4
-1.326, 1.378e-4
-1.327, 1.407e-4
-1.328, 1.418e-4
-1.329, 1.431e-4
-1.330, 1.458e-4
-1.331, 1.480e-4
-1.332, 1.489e-4
-1.333, 1.521e-4
-1.334, 1.541e-4
-1.335, 1.557e-4
-1.336, 1.575e-4
-1.337, 1.604e-4
-1.338, 1.619e-4
-1.339, 1.641e-4
-1.340, 1.674e-4
-1.341, 1.697e-4
-1.342, 1.709e-4
-1.343, 1.744e-4
-1.344, 1.769e-4
-1.345, 1.790e-4
-1.346, 1.816e-4
-1.347, 1.848e-4
-1.348, 1.879e-4
-1.349, 1.899e-4
-1.350, 1.935e-4
-1.351, 1.961e-4
-1.352, 1.988e-4
-1.353, 2.021e-4
-1.354, 2.056e-4
-1.355, 2.078e-4
-1.356, 2.117e-4
-1.357, 2.154e-4
-1.358, 2.179e-4
-1.359, 2.217e-4
-1.360, 2.249e-4
-1.361, 2.292e-4
-1.362, 2.316e-4
-1.363, 2.356e-4
-1.364, 2.408e-4
-1.365, 2.433e-4
-1.366, 2.473e-4
-1.367, 2.527e-4
-1.368, 2.556e-4
-1.369, 2.598e-4
-1.370, 2.649e-4
-1.371, 2.691e-4
-1.372, 2.721e-4
-1.373, 2.777e-4
-1.374, 2.825e-4
-1.375, 2.862e-4
-1.376, 2.912e-4
-1.377, 2.963e-4
-1.378, 3.011e-4
-1.379, 3.049e-4
-1.380, 3.113e-4
-1.381, 3.162e-4
-1.382, 3.205e-4
-1.383, 3.274e-4
-1.384, 3.315e-4
-1.385, 3.365e-4
-1.386, 3.433e-4
-1.387, 3.482e-4
-1.388, 3.539e-4
-1.389, 3.601e-4
-1.390, 3.662e-4
-1.391, 3.714e-4
-1.392, 3.772e-4
-1.393, 3.837e-4
-1.394, 3.898e-4
-1.395, 3.942e-4
-1.396, 4.018e-4
-1.397, 4.084e-4
-1.398, 4.140e-4
-1.399, 4.216e-4
-1.400, 4.277e-4
-1.401, 4.337e-4
-1.402, 4.414e-4
-1.403, 4.479e-4
-1.404, 4.556e-4
-1.405, 4.618e-4
-1.406, 4.687e-4
-1.407, 4.768e-4
-1.408, 4.832e-4
-1.409, 4.924e-4
-1.410, 4.988e-4
-1.411, 5.069e-4
-1.412, 5.145e-4
-1.413, 5.223e-4
-1.414, 5.310e-4
-1.415, 5.386e-4
-1.416, 5.469e-4
-1.417, 5.555e-4
-1.418, 5.638e-4
-1.419, 5.716e-4
-1.420, 5.807e-4
-1.421, 5.890e-4
-1.422, 5.977e-4
-1.423, 6.056e-4
-1.424, 6.138e-4
-1.425, 6.241e-4
-1.426, 6.309e-4
-1.427, 6.395e-4
-1.428, 6.484e-4
-1.429, 6.565e-4
-1.430, 6.662e-4
-1.431, 6.766e-4
-1.432, 6.832e-4
-1.433, 6.951e-4
-1.434, 7.039e-4
-1.435, 7.133e-4
-1.436, 7.227e-4
-1.437, 7.332e-4
-1.438, 7.427e-4
-1.439, 7.522e-4
-1.440, 7.635e-4
-1.441, 7.733e-4
-1.442, 7.830e-4
-1.443, 7.932e-4
-1.444, 8.041e-4
-1.445, 8.110e-4
-1.446, 8.229e-4
-1.447, 8.366e-4
-1.448, 8.453e-4
-1.449, 8.554e-4
-1.450, 8.688e-4
-1.451, 8.788e-4
-1.452, 8.891e-4
-1.453, 9.014e-4
-1.454, 9.132e-4
-1.455, 9.232e-4
-1.456, 9.348e-4
-1.457, 9.479e-4
-1.458, 9.567e-4
-1.459, 9.702e-4
-1.460, 9.808e-4
-1.461, 9.927e-4
-1.462, 1.005e-3
-1.463, 1.016e-3
-1.464, 1.027e-3
-1.465, 1.040e-3
-1.466, 1.052e-3
-1.467, 1.065e-3
-1.468, 1.079e-3
-1.469, 1.091e-3
-1.470, 1.105e-3
-1.471, 1.119e-3
-1.472, 1.130e-3
-1.473, 1.144e-3
-1.474, 1.158e-3
-1.475, 1.169e-3
-1.476, 1.181e-3
-1.477, 1.195e-3
-1.478, 1.208e-3
-1.479, 1.220e-3
-1.480, 1.234e-3
-1.481, 1.245e-3
-1.482, 1.260e-3
-1.483, 1.273e-3
-1.484, 1.288e-3
-1.485, 1.302e-3
-1.486, 1.314e-3
-1.487, 1.329e-3
-1.488, 1.340e-3
-1.489, 1.355e-3
-1.490, 1.370e-3
-1.491, 1.384e-3
-1.492, 1.400e-3
-1.493, 1.413e-3
-1.494, 1.430e-3
-1.495, 1.445e-3
-1.496, 1.459e-3
-1.497, 1.475e-3
-1.498, 1.489e-3
-1.499, 1.503e-3
-1.500, 1.518e-3
-1.501, 1.532e-3
-1.502, 1.552e-3
-1.503, 1.566e-3
-1.504, 1.584e-3
-1.505, 1.600e-3
-1.506, 1.617e-3
-1.507, 1.632e-3
-1.508, 1.652e-3
-1.509, 1.665e-3
-1.510, 1.686e-3
-1.511, 1.701e-3
-1.512, 1.718e-3
-1.513, 1.736e-3
-1.514, 1.753e-3
-1.515, 1.770e-3
-1.516, 1.786e-3
-1.517, 1.808e-3
-1.518, 1.822e-3
-1.519, 1.843e-3
-1.520, 1.860e-3
-1.521, 1.881e-3
-1.522, 1.896e-3
-1.523, 1.919e-3
-1.524, 1.935e-3
-1.525, 1.957e-3
-1.526, 1.977e-3
-1.527, 1.996e-3
-1.528, 2.014e-3
-1.529, 2.036e-3
-1.530, 2.054e-3
-1.531, 2.074e-3
-1.532, 2.092e-3
-1.533, 2.113e-3
-1.534, 2.127e-3
-1.535, 2.152e-3
-1.536, 2.172e-3
-1.537, 2.190e-3
-1.538, 2.213e-3
-1.539, 2.235e-3
-1.540, 2.254e-3
-1.541, 2.274e-3
-1.542, 2.301e-3
-1.543, 2.318e-3
-1.544, 2.339e-3
-1.545, 2.368e-3
-1.546, 2.381e-3
-1.547, 2.409e-3
-1.548, 2.434e-3
-1.549, 2.456e-3
-1.550, 2.480e-3
-1.551, 2.509e-3
-1.552, 2.530e-3
-1.553, 2.548e-3
-1.554, 2.575e-3
-1.555, 2.596e-3
-1.556, 2.619e-3
-1.557, 2.654e-3
-1.558, 2.676e-3
-1.559, 2.704e-3
-1.560, 2.735e-3
-1.561, 2.761e-3
-1.562, 2.790e-3
-1.563, 2.815e-3
-1.564, 2.846e-3
-1.565, 2.871e-3
-1.566, 2.900e-3
-1.567, 2.937e-3
-1.568, 2.956e-3
-1.569, 2.989e-3
-1.570, 3.015e-3
-1.571, 3.047e-3
-1.572, 3.076e-3
-1.573, 3.111e-3
-1.574, 3.137e-3
-1.575, 3.173e-3
-1.576, 3.200e-3
-1.577, 3.235e-3
-1.578, 3.265e-3
-1.579, 3.302e-3
-1.580, 3.334e-3
-1.581, 3.367e-3
-1.582, 3.405e-3
-1.583, 3.441e-3
-1.584, 3.479e-3
-1.585, 3.513e-3
-1.586, 3.549e-3
-1.587, 3.584e-3
-1.588, 3.625e-3
-1.589, 3.652e-3
-1.590, 3.708e-3
-1.591, 3.749e-3
-1.592, 3.798e-3
-1.593, 3.844e-3
-1.594, 3.890e-3
-1.595, 3.938e-3
-1.596, 3.981e-3
-1.597, 4.033e-3
-1.598, 4.075e-3
-1.599, 4.122e-3
-1.600, 4.096e-3
-1.599, 4.035e-3
-1.598, 3.977e-3
-1.597, 3.917e-3
-1.596, 3.859e-3
-1.595, 3.800e-3
-1.594, 3.742e-3
-1.593, 3.689e-3
-1.592, 3.633e-3
-1.591, 3.580e-3
-1.590, 3.527e-3
-1.589, 3.478e-3
-1.588, 3.431e-3
-1.587, 3.385e-3
-1.586, 3.337e-3
-1.585, 3.285e-3
-1.584, 3.248e-3
-1.583, 3.206e-3
-1.582, 3.164e-3
-1.581, 3.117e-3
-1.580, 3.084e-3
-1.579, 3.040e-3
-1.578, 3.000e-3
-1.577, 2.960e-3
-1.576, 2.925e-3
-1.575, 2.877e-3
-1.574, 2.846e-3
-1.573, 2.805e-3
-1.572, 2.768e-3
-1.571, 2.733e-3
-1.570, 2.696e-3
-1.569, 2.663e-3
-1.568, 2.622e-3
-1.567, 2.592e-3
-1.566, 2.555e-3
-1.565, 2.520e-3
-1.564, 2.487e-3
-1.563, 2.457e-3
-1.562, 2.422e-3
-1.561, 2.395e-3
-1.560, 2.365e-3
-1.559, 2.336e-3
-1.558, 2.302e-3
-1.557, 2.274e-3
-1.556, 2.242e-3
-1.555, 2.209e-3
-1.554, 2.177e-3
-1.553, 2.146e-3
-1.552, 2.115e-3
-1.551, 2.086e-3
-1.550, 2.054e-3
-1.549, 2.027e-3
-1.548, 1.997e-3
-1.547, 1.967e-3
-1.546, 1.941e-3
-1.545, 1.909e-3
-1.544, 1.885e-3
-1.543, 1.856e-3
-1.542, 1.834e-3
-1.541, 1.806e-3
-1.540, 1.783e-3
-1.539, 1.759e-3
-1.538, 1.734e-3
-1.537, 1.709e-3
-1.536, 1.685e-3
-1.535, 1.661e-3
-1.534, 1.636e-3
-1.533, 1.610e-3
-1.532, 1.591e-3
-1.531, 1.571e-3
-1.530, 1.548e-3
-1.529, 1.526e-3
-1.528, 1.506e-3
-1.527, 1.484e-3
-1.526, 1.463e-3
-1.525, 1.444e-3
-1.524, 1.423e-3
-1.523, 1.401e-3
-1.522, 1.385e-3
-1.521, 1.361e-3
-1.520, 1.346e-3
-1.519, 1.326e-3
-1.518, 1.306e-3
-1.517, 1.287e-3
-1.516, 1.270e-3
-1.515, 1.253e-3
-1.514, 1.233e-3
-1.513, 1.218e-3
-1.512, 1.200e-3
-1.511, 1.183e-3
-1.510, 1.167e-3
-1.509, 1.151e-3
-1.508, 1.133e-3
-1.507, 1.118e-3
-1.506, 1.102e-3
-1.505, 1.085e-3
-1.504, 1.070e-3
-1.503, 1.058e-3
-1.502, 1.039e-3
-1.501, 1.027e-3
-1.500, 1.011e-3
-1.499, 9.972e-4
-1.498, 9.804e-4
-1.497, 9.680e-4
-1.496, 9.517e-4
-1.495, 9.375e-4
-1.494, 9.231e-4
-1.493, 9.129e-4
-1.492, 8.982e-4
-1.491, 8.858e-4
-1.490, 8.737e-4
-1.489, 8.590e-4
-1.488, 8.465e-4
-1.487, 8.330e-4
-1.486, 8.189e-4
-1.485, 8.066e-4
-1.484, 7.953e-4
-1.483, 7.831e-4
-1.482, 7.697e-4
-1.481, 7.606e-4
-1.480, 7.487e-4
-1.479, 7.361e-4
-1.478, 7.247e-4
-1.477, 7.161e-4
-1.476, 7.026e-4
-1.475, 6.931e-4
-1.474, 6.836e-4
-1.473, 6.722e-4
-1.472, 6.629e-4
-1.471, 6.522e-4
-1.470, 6.427e-4
-1.469, 6.324e-4
-1.468, 6.232e-4
-1.467, 6.117e-4
-1.466, 6.043e-4
-1.465, 5.927e-4
-1.464, 5.842e-4
-1.463, 5.747e-4
-1.462, 5.659e-4
-1.461, 5.564e-4
-1.460, 5.481e-4
-1.459, 5.401e-4
-1.458, 5.301e-4
-1.457, 5.230e-4
-1.456, 5.150e-4
-1.455, 5.054e-4
-1.454, 4.968e-4
-1.453, 4.897e-4
-1.452, 4.811e-4
-1.451, 4.728e-4
-1.450, 4.662e-4
-1.449, 4.574e-4
-1.448, 4.497e-4
-1.447, 4.423e-4
-1.446, 4.350e-4
-1.445, 4.264e-4
-1.444, 4.199e-4
-1.443, 4.125e-4
-1.442, 4.050e-4
-1.441, 3.967e-4
-1.440, 3.909e-4
-1.439, 3.848e-4
-1.438, 3.767e-4
-1.437, 3.709e-4
-1.436, 3.642e-4
-1.435, 3.575e-4
-1.434, 3.502e-4
-1.433, 3.452e-4
-1.432, 3.379e-4
-1.431, 3.322e-4
-1.430, 3.252e-4
-1.429, 3.203e-4
-1.428, 3.133e-4
-1.427, 3.074e-4
-1.426, 3.028e-4
-1.425, 2.955e-4
-1.424, 2.910e-4
-1.423, 2.844e-4
-1.422, 2.795e-4
-1.421, 2.735e-4
-1.420, 2.685e-4
-1.419, 2.631e-4
-1.418, 2.577e-4
-1.417, 2.522e-4
-1.416, 2.482e-4
-1.415, 2.426e-4
-1.414, 2.375e-4
-1.413, 2.334e-4
-1.412, 2.283e-4
-1.411, 2.223e-4
-1.410, 2.180e-4
-1.409, 2.138e-4
-1.408, 2.078e-4
-1.407, 2.039e-4
-1.406, 1.995e-4
-1.405, 1.946e-4
-1.404, 1.903e-4
-1.403, 1.868e-4
-1.402, 1.818e-4
-1.401, 1.771e-4
-1.400, 1.737e-4
-1.399, 1.697e-4
-1.398, 1.646e-4
-1.397, 1.613e-4
-1.396, 1.578e-4
-1.395, 1.526e-4
-1.394, 1.495e-4
-1.393, 1.462e-4
-1.392, 1.422e-4
-1.391, 1.385e-4
-1.390, 1.345e-4
-1.389, 1.316e-4
-1.388, 1.272e-4
-1.387, 1.241e-4
-1.386, 1.208e-4
-1.385, 1.173e-4
-1.384, 1.144e-4
-1.383, 1.109e-4
-1.382, 1.070e-4
-1.381, 1.039e-4
-1.380, 1.010e-4
-1.379, 9.814e-5
-1.378, 9.421e-5
-1.377, 9.168e-5
-1.376, 8.961e-5
-1.375, 8.560e-5
-1.374, 8.277e-5
-1.373, 8.038e-5
-1.372, 7.730e-5
-1.371, 7.409e-5
-1.370, 7.184e-5
-1.369, 6.905e-5
-1.368, 6.580e-5
-1.367, 6.352e-5
-1.366, 6.118e-5
-1.365, 5.803e-5
-1.364, 5.574e-5
-1.363, 5.376e-5
-1.362, 5.099e-5
-1.361, 4.852e-5
-1.360, 4.658e-5
-1.359, 4.433e-5
-1.358, 4.144e-5
-1.357, 3.965e-5
-1.356, 3.725e-5
-1.355, 3.476e-5
-1.354, 3.329e-5
-1.353, 3.101e-5
-1.352, 2.892e-5
-1.351, 2.653e-5
-1.350, 2.496e-5
-1.349, 2.333e-5
-1.348, 2.104e-5
-1.347, 1.897e-5
-1.346, 1.794e-5
-1.345, 1.496e-5
-1.344, 1.382e-5
-1.343, 1.282e-5
-1.342, 9.923e-6
-1.341, 9.154e-6
-1.340, 7.299e-6
-1.339, 6.115e-6
-1.338, 4.171e-6
-1.337, 2.494e-6
-1.336, 1.715e-6
-1.335, -4.755e-7
-1.334, -1.926e-6
-1.333, -2.853e-6
-1.332, -4.264e-6
-1.331, -6.287e-6
-1.330, -6.948e-6
-1.329, -8.654e-6
-1.328, -1.023e-5
-1.327, -1.095e-5
-1.326, -1.260e-5
-1.325, -1.389e-5
-1.324, -1.502e-5
-1.323, -1.611e-5
-1.322, -1.747e-5
-1.321, -1.876e-5
-1.320, -1.916e-5
-1.319, -2.036e-5
-1.318, -2.273e-5
-1.317, -2.265e-5
-1.316, -2.347e-5
-1.315, -2.503e-5
-1.314, -2.584e-5
-1.313, -2.668e-5
-1.312, -2.791e-5
-1.311, -2.928e-5
-1.310, -2.981e-5
-1.309, -3.044e-5
-1.308, -3.214e-5
-1.307, -3.304e-5
-1.306, -3.309e-5
-1.305, -3.510e-5
-1.304, -3.530e-5
-1.303, -3.634e-5
-1.302, -3.717e-5
-1.301, -3.799e-5
-1.300, -3.815e-5
-1.299, -3.890e-5
-1.298, -4.019e-5
-1.297, -4.070e-5
-1.296, -4.100e-5
-1.295, -4.158e-5
-1.294, -4.276e-5
-1.293, -4.279e-5
-1.292, -4.388e-5
-1.291, -4.451e-5
-1.290, -4.440e-5
-1.289, -4.545e-5
-1.288, -4.583e-5
-1.287, -4.591e-5
-1.286, -4.682e-5
-1.285, -4.759e-5
-1.284, -4.764e-5
-1.283, -4.819e-5
-1.282, -4.873e-5
-1.281, -4.942e-5
-1.280, -4.974e-5
-1.279, -4.987e-5
-1.278, -5.111e-5
-1.277, -5.070e-5
-1.276, -5.108e-5
-1.275, -5.181e-5
-1.274, -5.247e-5
-1.273, -5.208e-5
-1.272, -5.290e-5
-1.271, -5.375e-5
-1.270, -5.404e-5
-1.269, -5.385e-5
-1.268, -5.470e-5
-1.267, -5.508e-5
-1.266, -5.416e-5
-1.265, -5.626e-5
-1.264, -5.569e-5
-1.263, -5.614e-5
-1.262, -5.637e-5
-1.261, -5.690e-5
-1.260, -5.714e-5
-1.259, -5.713e-5
-1.258, -5.791e-5
-1.257, -5.853e-5
-1.256, -5.812e-5
-1.255, -5.889e-5
-1.254, -5.940e-5
-1.253, -5.870e-5
-1.252, -5.953e-5
-1.251, -6.011e-5
-1.250, -5.963e-5
-1.249, -6.045e-5
-1.248, -6.065e-5
-1.247, -6.051e-5
-1.246, -6.063e-5
-1.245, -6.089e-5
-1.244, -6.144e-5
-1.243, -6.103e-5
-1.242, -6.154e-5
-1.241, -6.268e-5
-1.240, -6.165e-5
-1.239, -6.240e-5
-1.238, -6.282e-5
-1.237, -6.298e-5
-1.236, -6.251e-5
-1.235, -6.355e-5
-1.234, -6.319e-5
-1.233, -6.331e-5
-1.232, -6.349e-5
-1.231, -6.427e-5
-1.230, -6.398e-5
-1.229, -6.480e-5
-1.228, -6.503e-5
-1.227, -6.490e-5
-1.226, -6.423e-5
-1.225, -6.565e-5
-1.224, -6.518e-5
-1.223, -6.478e-5
-1.222, -6.591e-5
-1.221, -6.579e-5
-1.220, -6.543e-5
-1.219, -6.554e-5
-1.218, -6.618e-5
-1.217, -6.647e-5
-1.216, -6.563e-5
-1.215, -6.673e-5
-1.214, -6.682e-5
-1.213, -6.573e-5
-1.212, -6.666e-5
-1.211, -6.742e-5
-1.210, -6.632e-5
-1.209, -6.708e-5
-1.208, -6.788e-5
-1.207, -6.721e-5
-1.206, -6.738e-5
-1.205, -6.813e-5
-1.204, -6.800e-5
-1.203, -6.774e-5
-1.202, -6.834e-5
-1.201, -6.882e-5
-1.200, -6.767e-5
-1.199, -6.832e-5
-1.198, -6.878e-5
-1.197, -6.861e-5
-1.196, -6.850e-5
-1.195, -6.945e-5
-1.194, -6.909e-5
-1.193, -6.914e-5
-1.192, -6.911e-5
-1.191, -6.974e-5
-1.190, -6.971e-5
-1.189, -6.930e-5
-1.188, -7.044e-5
-1.187, -7.061e-5
-1.186, -6.996e-5
-1.185, -7.122e-5
-1.184, -7.104e-5
-1.183, -7.087e-5
-1.182, -7.123e-5
-1.181, -7.150e-5
-1.180, -7.132e-5
-1.179, -7.174e-5
-1.178, -7.244e-5
-1.177, -7.220e-5
-1.176, -7.158e-5
-1.175, -7.259e-5
-1.174, -7.275e-5
-1.173, -7.245e-5
-1.172, -7.266e-5
-1.171, -7.367e-5
-1.170, -7.291e-5
-1.169, -7.335e-5
-1.168, -7.370e-5
-1.167, -7.366e-5
-1.166, -7.370e-5
-1.165, -7.429e-5
-1.164, -7.484e-5
-1.163, -7.385e-5
-1.162, -7.447e-5
-1.161, -7.492e-5
-1.160, -7.468e-5
-1.159, -7.502e-5
-1.158, -7.584e-5
-1.157, -7.545e-5
-1.156, -7.529e-5
-1.155, -7.634e-5
-1.154, -7.613e-5
-1.153, -7.657e-5
-1.152, -7.633e-5
-1.151, -7.733e-5
-1.150, -7.681e-5
-1.149, -7.691e-5
-1.148, -7.764e-5
-1.147, -7.816e-5
-1.146, -7.766e-5
-1.145, -7.863e-5
-1.144, -7.874e-5
-1.143, -7.840e-5
-1.142, -7.908e-5
-1.141, -7.945e-5
-1.140, -7.952e-5
-1.139, -7.972e-5
-1.138, -8.067e-5
-1.137, -8.031e-5
-1.136, -8.038e-5
-1.135, -8.115e-5
-1.134, -8.160e-5
-1.133, -8.111e-5
-1.132, -8.178e-5
-1.131, -8.295e-5
-1.130, -8.227e-5
-1.129, -8.279e-5
-1.128, -8.350e-5
-1.127, -8.349e-5
-1.126, -8.369e-5
-1.125, -8.454e-5
-1.124, -8.499e-5
-1.123, -8.468e-5
-1.122, -8.553e-5
-1.121, -8.622e-5
-1.120, -8.571e-5
-1.119, -8.596e-5
-1.118, -8.710e-5
-1.117, -8.658e-5
-1.116, -8.699e-5
-1.115, -8.812e-5
-1.114, -8.812e-5
-1.113, -8.864e-5
-1.112, -8.863e-5
-1.111, -8.920e-5
-1.110, -8.925e-5
-1.109, -8.925e-5
-1.108, -9.027e-5
-1.107, -9.036e-5
-1.106, -9.020e-5
-1.105, -9.184e-5
-1.104, -9.139e-5
-1.103, -9.147e-5
-1.102, -9.262e-5
-1.101, -9.306e-5
-1.100, -9.276e-5
-1.099, -9.355e-5
-1.098, -9.444e-5
-1.097, -9.438e-5
-1.096, -9.470e-5
-1.095, -9.554e-5
-1.094, -9.611e-5
-1.093, -9.603e-5
-1.092, -9.680e-5
-1.091, -9.759e-5
-1.090, -9.748e-5
-1.089, -9.805e-5
-1.088, -9.880e-5
-1.087, -9.947e-5
-1.086, -9.914e-5
-1.085, -1.005e-4
-1.084, -1.008e-4
-1.083, -1.007e-4
-1.082, -1.016e-4
-1.081, -1.029e-4
-1.080, -1.021e-4
-1.079, -1.029e-4
-1.078, -1.045e-4
-1.077, -1.039e-4
-1.076, -1.046e-4
-1.075, -1.066e-4
-1.074, -1.065e-4
-1.073, -1.067e-4
-1.072, -1.072e-4
-1.071, -1.082e-4
-1.070, -1.087e-4
-1.069, -1.086e-4
-1.068, -1.101e-4
-1.067, -1.104e-4
-1.066, -1.103e-4
-1.065, -1.125e-4
-1.064, -1.120e-4
-1.063, -1.123e-4
-1.062, -1.137e-4
-1.061, -1.140e-4
-1.060, -1.142e-4
-1.059, -1.154e-4
-1.058, -1.165e-4
-1.057, -1.170e-4
-1.056, -1.174e-4
-1.055, -1.187e-4
-1.054, -1.195e-4
-1.053, -1.196e-4
-1.052, -1.209e-4
-1.051, -1.218e-4
-1.050, -1.225e-4
-1.049, -1.230e-4
-1.048, -1.240e-4
-1.047, -1.250e-4
-1.046, -1.254e-4
-1.045, -1.270e-4
-1.044, -1.277e-4
-1.043, -1.284e-4
-1.042, -1.292e-4
-1.041, -1.311e-4
-1.040, -1.311e-4
-1.039, -1.318e-4
-1.038, -1.340e-4
-1.037, -1.340e-4
-1.036, -1.350e-4
-1.035, -1.367e-4
-1.034, -1.374e-4
-1.033, -1.380e-4
-1.032, -1.393e-4
-1.031, -1.412e-4
-1.030, -1.415e-4
-1.029, -1.419e-4
-1.028, -1.444e-4
-1.027, -1.450e-4
-1.026, -1.456e-4
-1.025, -1.476e-4
-1.024, -1.487e-4
-1.023, -1.492e-4
-1.022, -1.509e-4
-1.021, -1.522e-4
-1.020, -1.528e-4
-1.019, -1.540e-4
-1.018, -1.556e-4
-1.017, -1.568e-4
-1.016, -1.575e-4
-1.015, -1.592e-4
-1.014, -1.607e-4
-1.013, -1.609e-4
-1.012, -1.625e-4
-1.011, -1.642e-4
-1.010, -1.648e-4
-1.009, -1.660e-4
-1.008, -1.678e-4
-1.007, -1.684e-4
-1.006, -1.699e-4
-1.005, -1.712e-4
-1.004, -1.727e-4
-1.003, -1.729e-4
-1.002, -1.752e-4
-1.001, -1.774e-4
