Potential V vs RHE, Current mA cm-2
0.013299999999999867,-0.11851036558969412
0.012299999999999978,-0.16990682711379093
0.011299999999999866,-0.1846198246323873
0.010299999999999976,-0.19282515017160448
0.009299999999999864,-0.20018164893090268
0.008299999999999974,-0.20485019622045733
0.007299999999999862,-0.21036757028993097
0.006299999999999972,-0.21630935774936413
0.00529999999999986,-0.2192802514790807
0.0042999999999999705,-0.21970466486904017
0.0032999999999998586,-0.2235243853786758
0.0022999999999999687,-0.22607086571843285
0.0012999999999998568,-0.22989058622806843
0.00029999999999996696,-0.23229559543783898
-0.000700000000000145,-0.23286147995778506
-0.0017000000000000348,-0.2356909025575151
-0.0027000000000001467,-0.2359738448174881
-0.0037000000000000366,-0.24106680549700227
-0.0047000000000001485,-0.24644270843648935
-0.005700000000000038,-0.24644270843648935
-0.00670000000000015,-0.24997948668615194
-0.00770000000000004,-0.24913065990623293
-0.008700000000000152,-0.09579010211386164
-0.009700000000000042,-0.4948660126927898
-0.010700000000000154,-0.192966621301591
-0.011700000000000044,-0.24913065990623293
-0.012700000000000156,-0.25167714024599
-0.013700000000000045,-0.25040390007611146
-0.014700000000000157,-0.25139419798601703
-0.015700000000000047,-0.25068684233608446
-0.01670000000000016,-0.25096978459605745
-0.01770000000000005,-0.2532333226758416
-0.01870000000000016,-0.252808909285882
-0.01970000000000005,-0.25295038041586854
-0.020700000000000163,-0.25436509171573357
-0.021700000000000053,-0.25309185154585506
-0.022700000000000164,-0.25436509171573357
-0.023700000000000054,-0.2581848122253692
-0.024700000000000166,-0.2564871586655311
-0.025700000000000056,-0.2567701009255041
-0.026700000000000168,-0.25535538962563914
-0.027700000000000058,-0.2574774565754367
-0.02870000000000017,-0.2588921678753017
-0.02970000000000006,-0.2587506967453152
-0.03070000000000017,-0.2591751101352747
-0.03170000000000006,-0.2587506967453152
-0.03270000000000017,-0.25931658126526125
-0.03370000000000006,-0.2614386482150588
-0.034700000000000175,-0.26030687917516676
-0.035700000000000065,-0.2610142348250993
-0.03670000000000018,-0.2611557059550858
-0.03770000000000007,-0.26044835030515323
-0.03870000000000018,-0.2634192440348699
-0.03970000000000007,-0.26299483064491036
-0.04070000000000018,-0.2627118883849373
-0.04170000000000007,-0.26384365742482935
-0.04270000000000018,-0.2624289461249643
-0.04370000000000007,-0.2639851285548159
-0.044700000000000184,-0.2666730800245595
-0.045700000000000074,-0.2652583687246944
-0.046700000000000186,-0.26554131098466743
-0.047700000000000076,-0.2661071955046134
-0.04870000000000019,-0.26723896454450546
-0.04970000000000008,-0.2689366181043435
-0.05070000000000019,-0.26582425324464043
-0.05170000000000008,-0.2665316088945729
-0.05270000000000019,-0.26709749341451894
-0.05370000000000008,-0.26851220471438403
-0.05470000000000019,-0.2686536758443705
-0.05570000000000008,-0.2689366181043435
-0.056700000000000195,-0.2663901377645864
-0.057700000000000085,-0.2697854448842625
-0.058700000000000196,-0.27049280053419505
-0.059700000000000086,-0.269643973754276
-0.0607000000000002,-0.270209858274222
-0.06170000000000009,-0.27176604070407356
-0.0627000000000002,-0.27077574279416805
-0.06370000000000009,-0.2733222231339251
-0.0647000000000002,-0.27148309844410057
-0.06570000000000009,-0.2727563386139791
-0.0667000000000002,-0.2706342716641816
-0.0677000000000001,-0.2726148674839926
-0.0687000000000002,-0.2775663570335202
-0.0697000000000001,-0.2741710499138441
-0.07070000000000021,-0.2740295787838576
-0.0717000000000001,-0.2741710499138441
-0.07270000000000021,-0.27487840556377663
-0.0737000000000001,-0.27784929929349317
-0.07470000000000021,-0.27501987669376315
-0.0757000000000001,-0.27487840556377663
-0.07670000000000021,-0.2762931168636417
-0.0777000000000001,-0.27615164573365514
-0.07870000000000021,-0.27784929929349317
-0.0797000000000001,-0.2781322415534663
-0.08070000000000022,-0.2772834147735472
-0.0817000000000001,-0.2779907704234797
-0.08270000000000022,-0.2779907704234797
-0.08370000000000011,-0.2799713662432907
-0.08470000000000022,-0.2811031352831828
-0.08570000000000011,-0.27841518381343927
-0.08670000000000022,-0.2796884239833177
-0.08770000000000011,-0.28025430850326377
-0.08870000000000022,-0.2819519620631018
-0.08970000000000011,-0.28251784658304785
-0.09070000000000022,-0.2801128373732773
-0.09170000000000011,-0.28025430850326377
-0.09270000000000023,-0.28379108675292636
-0.09370000000000012,-0.2826593177130343
-0.09470000000000023,-0.28534726918277786
-0.09570000000000012,-0.28364961562293983
-0.09670000000000023,-0.28294225997300737
-0.09770000000000012,-0.28633756709268343
-0.09870000000000023,-0.2852057980527914
-0.09970000000000012,-0.2852057980527914
-0.10070000000000023,-0.28647903822266996
-0.10170000000000012,-0.28350814449295336
-0.10270000000000024,-0.28591315370272397
-0.10370000000000013,-0.287893749522535
-0.10470000000000024,-0.28605462483271044
-0.10570000000000013,-0.28732786500258894
-0.10670000000000024,-0.2857716825727374
-0.10770000000000013,-0.2880352206525215
-0.10870000000000024,-0.29001581647233254
-0.10970000000000013,-0.28775227839254847
-0.11070000000000024,-0.2891669896924135
-0.11170000000000013,-0.287893749522535
-0.11270000000000002,-0.29029875873230554
-0.11370000000000013,-0.29128905664221105
-0.11470000000000002,-0.29029875873230554
-0.11570000000000014,-0.29058170099227854
-0.11670000000000003,-0.29128905664221105
-0.11770000000000014,-0.2911475855122245
-0.11870000000000003,-0.2932696524620221
-0.11970000000000014,-0.2931281813320356
-0.12070000000000003,-0.2938355369819681
-0.12170000000000014,-0.2966649595816982
-0.12270000000000003,-0.29779672862159023
-0.12370000000000014,-0.29510877715184664
-0.12470000000000003,-0.29807967088156323
-0.12570000000000014,-0.2949673060218601
-0.12670000000000003,-0.2946843637618871
-0.12770000000000015,-0.2969479018416712
-0.12870000000000004,-0.2972308441016442
-0.12970000000000015,-0.2993529110514418
-0.13070000000000004,-0.2969479018416712
-0.13170000000000015,-0.2959576039317657
-0.13270000000000004,-0.3006261512213203
-0.13370000000000015,-0.29949438218142826
-0.13470000000000004,-0.3011920357412663
-0.13570000000000015,-0.2996358533114148
-0.13670000000000004,-0.2996358533114148
-0.13770000000000016,-0.3033141026910639
-0.13870000000000005,-0.3024652759111448
-0.13970000000000016,-0.3027482181711178
-0.14070000000000005,-0.30402145834099636
-0.14170000000000016,-0.30303116043109085
-0.14270000000000005,-0.30571911190083445
-0.14370000000000016,-0.30628499642078044
-0.14470000000000005,-0.30600205416080745
-0.14570000000000016,-0.30784117885063195
-0.14670000000000005,-0.30656793868075344
-0.14770000000000016,-0.30883147676053746
-0.14870000000000005,-0.31095354371033507
-0.14970000000000017,-0.310104716930416
-0.15070000000000006,-0.310104716930416
-0.15170000000000017,-0.31095354371033507
-0.15270000000000006,-0.31321708179011915
-0.15370000000000017,-0.31505620647994365
-0.15470000000000006,-0.31519767760993017
-0.15570000000000017,-0.3142073797000246
-0.15670000000000006,-0.31576356212987616
-0.15770000000000017,-0.3177441579496872
-0.15870000000000006,-0.31930034037953875
-0.15970000000000018,-0.3204321094194308
-0.16070000000000007,-0.3191588692495523
-0.16170000000000018,-0.3215638784593228
-0.16270000000000007,-0.3234030031491474
-0.16370000000000018,-0.3248177144490124
-0.16470000000000007,-0.32679831026882344
-0.16570000000000018,-0.32552507009894494
-0.16670000000000007,-0.3293447906085805
-0.16770000000000018,-0.3318912709483376
-0.16870000000000007,-0.3323156843382971
-0.16970000000000018,-0.3345792224180812
-0.17070000000000007,-0.3345792224180812
-0.17170000000000019,-0.3341548090281217
-0.17270000000000008,-0.3391062985776493
-0.1737000000000002,-0.3382574717977303
-0.17470000000000008,-0.3420771923073659
-0.1757000000000002,-0.34122836552744684
-0.17670000000000008,-0.34377484586720397
-0.1777000000000002,-0.3470286818568935
-0.17870000000000008,-0.346321326206961
-0.1797000000000002,-0.35240458479638065
-0.18070000000000008,-0.3572146032159218
-0.1817000000000002,-0.3584878433858003
-0.18270000000000008,-0.3637222751953009
-0.1837000000000002,-0.3620246216354629
-0.1847000000000001,-0.3623075638954359
-0.1857000000000002,-0.3661272844050715
-0.1867000000000001,-0.365702871015112
-0.1877000000000002,-0.36938112039476106
-0.1887000000000001,-0.37362525429435617
-0.1897000000000002,-0.3754643789841807
-0.1907000000000001,-0.3770205614140323
-0.1917000000000001,-0.3790011572338433
-0.19269999999999998,-0.3832452911334384
-0.1937000000000001,-0.38833825181295256
-0.19469999999999998,-0.39060178989273664
-0.1957000000000001,-0.39286532797252066
-0.19669999999999999,-0.3976753463920618
-0.1977000000000001,-0.39965594221187284
-0.1987,-0.40602214306126555
-0.1997000000000001,-0.4084271522710361
-0.2007,-0.4106906903508202
-0.2017000000000001,-0.4176227757201588
-0.2027,-0.4198863137999429
-0.2037000000000001,-0.42596957238936256
-0.2047,-0.4316284175888227
-0.2057000000000001,-0.4338919556686068
-0.2067,-0.43940932973808033
-0.2077000000000001,-0.44506817493754053
-0.2087,-0.44973672222709515
-0.2097000000000001,-0.45765910550633937
-0.2107,-0.4578005766363259
-0.2117000000000001,-0.46529854652561053
-0.2127,-0.47251357415492223
-0.2137000000000001,-0.48001154404420693
-0.2147,-0.4886412829733836
-0.2157000000000001,-0.49514895495276273
-0.2167,-0.4984027909424524
-0.21770000000000012,-0.5083057700415077
-0.2187,-0.5125499039411028
-0.21970000000000012,-0.5206137583503335
-0.2207,-0.5279702571096317
-0.22170000000000012,-0.533346160049119
-0.2227,-0.5412685433283632
-0.22370000000000012,-0.5530106471172429
-0.2247,-0.5605086170065275
-0.22570000000000012,-0.5712604228855018
-0.2267,-0.577485152604908
-0.22770000000000012,-0.5873881317039633
-0.22870000000000001,-0.6016767158326001
-0.22970000000000013,-0.6077599744220198
-0.23070000000000002,-0.6183703091710075
-0.23170000000000013,-0.6272829903601572
-0.23270000000000002,-0.637610382849172
-0.23370000000000013,-0.6513330824578628
-0.23470000000000002,-0.6601042925170262
-0.23570000000000013,-0.6694413870961354
-0.23670000000000002,-0.6844373268747048
-0.2376999999999999,-0.69434030597376
-0.23870000000000002,-0.7115997838321135
-0.2396999999999999,-0.7240492432709258
-0.24070000000000003,-0.7359328181897921
-0.24169999999999991,-0.7492311044085235
-0.24270000000000003,-0.7659246977469308
-0.24369999999999992,-0.7792229839656621
-0.24470000000000003,-0.7966239329540021
-0.24569999999999992,-0.807517209962963
-0.24670000000000003,-0.8240693321713839
-0.24769999999999992,-0.8401970409898453
-0.24870000000000003,-0.8570321054582393
-0.24969999999999992,-0.8738671699266332
-0.25070000000000003,-0.8863166293654455
-0.2516999999999999,-0.9048493473936775
-0.25270000000000004,-0.9293238528813426
-0.2536999999999999,-0.9448856771798579
-0.25470000000000004,-0.967662529107685
-0.2556999999999999,-0.983931709056133
-0.25670000000000004,-1.005293849684095
-0.25769999999999993,-1.0287780572618548
-0.25870000000000004,-1.0483010731999922
-0.25969999999999993,-1.0678240891381299
-0.26070000000000004,-1.0900350565460108
-0.26169999999999993,-1.1108313126540268
-0.26270000000000004,-1.1348814047517324
-0.26369999999999993,-1.158082670069519
-0.26470000000000005,-1.177747157137643
-0.26569999999999994,-1.2064657965249033
-0.26670000000000005,-1.2353259070421498
-0.26769999999999994,-1.2586686434899232
-0.26870000000000005,-1.28469933140744
-0.26969999999999994,-1.3086079523751588
-0.27070000000000005,-1.3354874670725945
-0.27169999999999994,-0.3832452911334384
-0.27270000000000005,-2.1093345480987695
-0.27369999999999994,-1.5264734925543744
-0.27470000000000006,-1.4684703292599082
-0.27569999999999995,-1.4953498439573436
-0.27670000000000006,-1.5250587812545096
-0.27769999999999995,-1.5533530072518102
-0.27870000000000006,-1.587306078448571
-0.27969999999999995,-1.6184297270456018
-0.28070000000000006,-1.6495533756426328
-0.28169999999999995,-1.6764328903400685
-0.28270000000000006,-1.7160448067362895
-0.28369999999999995,-1.7528273005327806
-0.28470000000000006,-1.7839509491298113
-0.28569999999999995,-1.2581027589699771
-0.28670000000000007,0.0014684703292599081
-0.28769999999999996,0.001314832682094565
-0.28870000000000007,0.0011892063186665497
-0.28969999999999996,-5.953105149832074
-0.29070000000000007,-2.1461170418952604
-0.29169999999999996,-2.1206522384976902
-0.29270000000000007,-2.1475317531951257
-0.29369999999999996,-2.1800701130920217
-0.2947000000000001,-2.2182673181883774
-0.29569999999999996,-2.260708657184329
-0.2967000000000001,-2.3003205735805494
-0.29769999999999996,-2.351250180375691
-0.2987000000000001,-2.3781296950731265
-0.29969999999999997,-2.4347181470677284
-0.3007000000000001,-2.4814036199632743
-0.30169999999999997,-2.5224302476593605
-0.3027000000000001,-0.5453712060979717
-0.30369999999999997,0.0014124477617852526
-0.3047000000000001,0.0013845779491779115
-0.30569999999999997,-7.33952222369981
-0.3067000000000001,-2.927037679420761
-0.3077,-2.9086464325225156
-0.3087000000000001,-2.9440142150191413
-0.3097,-2.990699687914687
-0.3107000000000001,-3.041629294709829
-0.3117,-3.0953883241047
-0.3127000000000001,-3.150562064799437
-0.3137,-3.211394650693633
-0.3147000000000001,-3.276471370487425
-0.3157,-3.335889245081757
-0.3167000000000001,-3.3981365422758185
-0.3177,-3.4589691281700143
-0.3187000000000001,-3.522631136663941
-0.3197,-3.594781412957058
-0.3207000000000001,-3.65985813275085
-0.3217,-3.7320084090439667
-0.3227000000000001,-3.801329262737354
-0.3237,-3.8734795390304706
-0.3247000000000001,-3.9428003927238575
-0.3257,-4.009291823817514
-0.3267000000000001,-4.080027388810766
-0.3277,-4.159251221603208
-0.3287000000000001,-4.237060343095785
-0.3297,-4.317698887188092
-0.3307000000000001,-4.387019740881478
-0.3317,-4.466243573673921
-0.3327000000000001,-4.551126251665823
-0.3337,-4.631764795758129
-0.3347000000000001,-4.7138180511503025
-0.3357,-4.802944863041799
-0.3367000000000001,-4.887827541033701
-0.3377,-4.972710219025604
-0.3387000000000001,-5.046275206618586
-0.3397,-5.124084328111163
-0.3407000000000001,-5.203308160903605
-0.3417,-5.289605550195372
-0.3427000000000001,-5.385805918586194
-0.3437,-5.496153399975667
-0.3447000000000001,-5.58952434576676
-0.3457,-5.697042404556503
-0.3467000000000001,-5.790413350347595
-0.3477,-5.885199007438552
-0.3487000000000001,-5.96583755153086
-0.3497,-6.043646673023436
-0.3507000000000001,-6.141261752714124
-0.3517,-6.17945895781048
-0.3527000000000001,-6.268585769701978
-0.3537,-6.363371426792935
-0.3547000000000001,-6.435521703086052
-0.3557,-6.534551494076605
-0.35670000000000013,-6.632166573767292
-0.3577,-6.7410993438569
-0.35870000000000013,-4.375702050482558
-0.3597,0.001426028990263957
-0.36070000000000013,-12.281108794128384
-0.3617,-7.389037119195086
-0.3626999999999999,-7.430063746891172
-0.3637,-7.52484940398213
-0.3646999999999999,-7.632367462771874
-0.3657,-7.746959078060941
-0.3666999999999999,-7.864380115949738
-0.3677,-7.978971731238807
-0.3686999999999999,-8.100636903027201
-0.36970000000000003,-8.213813807016404
-0.3706999999999999,-8.328405422305472
-0.37170000000000003,-8.444411748894403
-0.3726999999999999,-8.564662209382933
-0.37370000000000003,-8.697645071570244
-0.3746999999999999,-8.826383799857965
-0.37570000000000003,-8.962196084645006
-0.3766999999999999,-9.102252503331647
-0.37770000000000004,-9.23523536551896
-0.3786999999999999,-9.365388805106543
-0.37970000000000004,-9.501201089893586
-0.3806999999999999,-9.624280972981845
-0.38170000000000004,-9.750190278669832
-0.38269999999999993,-9.89024669735647
-0.38370000000000004,-10.02181484824392
-0.38469999999999993,-10.163285978230423
-0.38570000000000004,-10.304757108216927
-0.38669999999999993,-10.057182630740547
-0.38570000000000004,-9.730384320471723
-0.38469999999999993,-9.472906863896286
-0.38370000000000004,-9.24089421071842
-0.38269999999999993,-9.01878453663961
-0.38170000000000004,-8.812236686859313
-0.3806999999999999,-8.602859414479289
-0.37970000000000004,-8.393482142099263
-0.3786999999999999,-8.199666694017752
-0.37770000000000004,-7.997362978137053
-0.3766999999999999,-7.799303396155947
-0.37570000000000003,-7.599829102874978
-0.3746999999999999,-7.415916633892522
-0.37370000000000003,-7.281519060405343
-0.3726999999999999,-7.125900817420191
-0.37170000000000003,-6.974526708334631
-0.3706999999999999,-6.827396733148667
-0.36970000000000003,-6.671778490163514
-0.3686999999999999,-6.523233803677684
-0.3677,-6.381762673691181
-0.3666999999999999,-6.244535677604272
-0.3657,-6.101649836317904
-0.3646999999999999,-5.96583755153086
-0.3637,-5.830025266743816
-0.3626999999999999,-5.697042404556503
-0.3617,-5.576791944067974
-0.36070000000000013,-5.452297349679851
-0.3597,-5.334876311791054
-0.35870000000000013,-5.2188699852021205
-0.3577,-5.102863658613187
-0.35670000000000013,-4.986857332024254
-0.3557,-4.873680428035052
-0.3547000000000001,-4.771821214444769
-0.3537,-4.667132578254756
-0.3527000000000001,-4.559614519465013
-0.3517,-4.461999439774326
-0.3507000000000001,-4.364384360083638
-0.3497,-4.266769280392952
-0.3487000000000001,-4.170568912002128
-0.3477,-4.0715391210115754
-0.3467000000000001,-3.9809975978202137
-0.3457,-3.889041363328986
-0.3447000000000001,-3.801329262737354
-0.3437,-3.716446584745451
-0.3427000000000001,-3.6329786180534143
-0.3417,-3.550925362661242
-0.3407000000000001,-3.473116241168665
-0.3397,-3.3910629857764927
-0.3387000000000001,-3.314668575583781
-0.3377,-3.2368594540912037
-0.3367000000000001,-3.164709177798087
-0.3357,-3.0939736128048354
-0.3347000000000001,-3.021823336511718
-0.3337,-2.9525024828183315
-0.3327000000000001,-2.8831816291249446
-0.3317,-2.8166901980312877
-0.3307000000000001,-2.7473693443379013
-0.3297,-2.6822926245441097
-0.3287000000000001,-2.615801193450453
-0.3277,-2.550724473656661
-0.3267000000000001,-2.4955507329619246
-0.3257,-2.4446211261667834
-0.3247000000000001,-2.383788540272587
-0.3237,-2.339932489976771
-0.3227000000000001,-2.2748557701829792
-0.3217,-2.2196820294882422
-0.3207000000000001,-2.1659230000933714
-0.3197,-2.1149933932982297
-0.3187000000000001,-2.0612343639033583
-0.3177,-2.0060606232086218
-0.3167000000000001,-1.959375150313076
-0.3157,-1.9126896774175295
-0.3147000000000001,-1.8660042045219833
-0.3137,-1.8193187316264372
-0.3127000000000001,-1.769803836131161
-0.3117,-1.7301919197349398
-0.3107000000000001,-1.6863358694391237
-0.3097,-1.6410651078434426
-0.3087000000000001,-1.6014531914472214
-0.3077,-1.5561824298515403
-0.3067000000000001,-1.5179852247551844
-0.30569999999999997,-1.4797880196588282
-0.3047000000000001,-1.4359319693630124
-0.30369999999999997,-1.3958956395768316
-0.3027000000000001,-1.3582643190004215
-0.30169999999999997,-1.319642700514106
-0.3007000000000001,-1.28469933140744
-0.29969999999999997,-1.2497559623007732
-0.2987000000000001,-0.8003021823336512
-0.29769999999999996,-1.585891367148706
-0.2967000000000001,-1.1647318131788846
-0.29569999999999996,-1.1295055018122453
-0.2947000000000001,-1.0968256707853627
-0.29369999999999996,-1.06457025314844
-0.29270000000000007,-1.0334466045514092
-0.29169999999999996,-1.0027473693443378
-0.29070000000000007,-0.976292268036862
-0.28969999999999996,-0.946866272999669
-0.28870000000000007,-0.9168743934425302
-0.28769999999999996,-0.8899948787450946
-0.28670000000000007,-0.8650959598674699
-0.28569999999999995,-0.8393482142099263
-0.28470000000000006,-0.8150151798522477
-0.28369999999999995,-0.7913895011445016
-0.28270000000000006,-0.7657832266169443
-0.28169999999999995,-0.7430063746891172
-0.28070000000000006,-0.7186733403314387
-0.27969999999999995,-0.6974526708334631
-0.27870000000000006,-0.6739684632557035
-0.27769999999999995,-0.6504842556779438
-0.27670000000000006,-0.6291221150499817
-0.27569999999999995,-0.6077599744220198
-0.27470000000000006,-0.5876710739639363
-0.27369999999999994,-0.5671577601158931
-0.27270000000000005,-0.5463615040078772
-0.27169999999999994,-0.5317899776192673
-0.27070000000000005,-0.5141060863709543
-0.26969999999999994,-0.4957148394727089
-0.26870000000000005,-0.4770406503144904
-0.26769999999999994,-0.45808351889629884
-0.26670000000000005,-0.44322905024771597
-0.26569999999999994,-0.42879899498909263
-0.26470000000000005,-0.40913450792096867
-0.26369999999999993,-0.3949873949223182
-0.26270000000000004,-0.37857674384388385
-0.26169999999999993,-0.36315639067535493
-0.26070000000000004,-0.3498581044566236
-0.25969999999999993,-0.3351451069380272
-0.25870000000000004,-0.3214224073293363
-0.25769999999999993,-0.30656793868075344
-0.25670000000000004,-0.2931281813320356
-0.2556999999999999,-0.2826593177130343
-0.25470000000000004,-0.270209858274222
-0.2536999999999999,-0.25422362058574705
-0.25270000000000004,-0.24389622809673234
-0.2516999999999999,-0.23116382639794697
-0.25070000000000003,-0.22126084729889173
-0.24969999999999992,-0.212065223849769
-0.24870000000000003,-0.19678634181122662
-0.24769999999999992,-0.18702483384215784
-0.24670000000000003,-0.1772633258730891
-0.24569999999999992,-0.16622857773414182
-0.24470000000000003,-0.15788178106493808
-0.24369999999999992,-0.14741291744593682
-0.24270000000000003,-0.1369864951659315
-0.24169999999999991,-0.12861140427073048
-0.24070000000000003,-0.11712394851582639
-0.2396999999999999,-0.1102484515984823
-0.23870000000000002,-0.10164700689530289
-0.2376999999999999,-0.09131961440628812
-0.23670000000000002,-0.08568906343282526
-0.23570000000000013,-0.07884186074147849
-0.23470000000000002,-0.0712873024001992
-0.23370000000000013,-0.06231803275905486
-0.23270000000000002,-0.05214625851302525
-0.23170000000000013,-0.048227508212399094
-0.23070000000000002,-0.04149348242504153
-0.22970000000000013,-0.03405210098775143
-0.22870000000000001,-0.02796884239833177
-0.22770000000000012,-0.019367397695152354
-0.2267,-0.01543450028152755
-0.22570000000000012,-0.010647117242784266
-0.2247,-0.0017415096101338603
-0.22370000000000012,0.0026964397375427596
-0.2227,0.009187135181323547
-0.22170000000000012,0.015929649236480315
-0.2207,0.017132153841365592
-0.21970000000000012,0.025238449589592253
-0.2187,0.029114758551222454
-0.21770000000000012,0.03480189797667991
-0.2167,0.04190374870200239
-0.2157000000000001,0.04810018419541125
-0.2147,0.04967051373826144
-0.2137000000000001,0.056560157768604166
-0.2127,0.05958763995031534
-0.2117000000000001,0.06360542004193205
-0.2107,0.06528892648877145
-0.2097000000000001,0.07053750541127073
-0.2087,0.07618220349773222
-0.2077000000000001,0.08027071915434218
-0.2067,0.08177031313219911
-0.2057000000000001,0.08618421238777803
-0.2047,0.08771210059163227
-0.2037000000000001,0.09461589173497365
-0.2027,0.09832243534062005
-0.2017000000000001,0.09975129375348374
-0.2007,0.10678240891381298
-0.1997000000000001,0.10996550933850929
-0.1987,0.11345984624917593
-0.1977000000000001,0.11559606031197216
-0.19669999999999999,0.11415305478610982
-0.1957000000000001,0.11852451270269278
-0.19469999999999998,0.12003825379354836
-0.1937000000000001,0.12364576760820419
-0.19269999999999998,0.12848408025374264
-0.1917000000000001,0.1274088996658452
-0.1907000000000001,0.13062029431653882
-0.1897000000000002,0.13274236126633637
-0.1887000000000001,0.13574154922205028
-0.1877000000000002,0.1408062156755671
-0.1867000000000001,0.1409759810315509
-0.1857000000000002,0.14557379275611226
-0.1847000000000001,0.1513741090855589
-0.1837000000000002,0.15264734925543746
-0.18270000000000008,0.07421575479091982
-0.1817000000000002,0.2737466365238846
-0.18070000000000008,0.14316878354634172
-0.1797000000000002,0.15575971411514053
-0.17870000000000008,0.15689148315503257
-0.1777000000000002,0.16042826140469515
-0.17670000000000008,0.16099414592464115
-0.1757000000000002,0.16071120366466815
-0.17470000000000008,0.1618429727045602
-0.1737000000000002,0.16608710660415532
-0.17270000000000008,0.16764328903400685
-0.17170000000000019,0.16820917355395287
-0.17070000000000007,0.16849211581392587
-0.16970000000000018,0.17075565389370992
-0.16870000000000007,0.17457537440334553
-0.16770000000000018,0.17556567231325104
-0.16670000000000007,0.17415096101338604
-0.16570000000000018,0.1772633258730891
-0.16470000000000007,0.17867803717295414
-0.16370000000000018,0.18179040203265723
-0.16270000000000007,0.1843368823724143
-0.16170000000000018,0.1857515936722793
-0.16070000000000007,0.18914690079195542
-0.15970000000000018,0.15561824298515403
-0.15870000000000006,0.28280078884302084
-0.15770000000000017,0.17231183632356148
-0.15670000000000006,0.18688336271217135
-0.15570000000000017,0.1899957275718744
-0.15470000000000006,0.18858101627200938
-0.15370000000000017,0.192117794521672
-0.15270000000000006,0.19452280373144254
-0.15170000000000017,0.1931080924315775
-0.15070000000000006,0.19381544808151
-0.14970000000000017,0.19551310164134805
-0.14870000000000005,0.1966448706812401
-0.14770000000000016,0.20060606232086217
-0.14670000000000005,0.19862546650105112
-0.14570000000000016,0.19834252424107812
-0.14470000000000005,0.20145488910078121
-0.14370000000000016,0.2011719468408082
-0.14270000000000005,0.20329401379060577
-0.14170000000000016,0.20329401379060577
-0.14070000000000005,0.20286960040064628
-0.13970000000000016,0.20612343639033584
-0.13870000000000005,0.20683079204026839
-0.13770000000000016,0.2075381476902009
-0.13670000000000004,0.2078210899501739
-0.13570000000000015,0.2079625610801604
-0.13470000000000004,0.2078210899501739
-0.13370000000000015,0.21404581966958006
-0.13270000000000004,0.21630935774936413
-0.13170000000000015,0.21913878034909418
-0.13070000000000004,0.21036757028993097
-0.12970000000000015,0.014231995676642267
-0.12870000000000004,0.46487413313565107
-0.12770000000000015,0.2153190598394586
-0.12670000000000003,0.21659230000933713
-0.12570000000000014,0.2195631937390537
-0.12470000000000003,0.2181484824391887
-0.12370000000000014,0.22154378955886472
-0.12270000000000003,0.2206949627789457
-0.12170000000000014,0.22012907825899972
-0.12070000000000003,0.2228170297287433
-0.11970000000000014,0.22154378955886472
-0.11870000000000003,0.22465615441856782
-0.11770000000000014,0.2284758749282034
-0.11670000000000003,0.22564645232847336
-0.11570000000000014,0.22776851927827088
-0.11470000000000002,0.22663675023837887
-0.11370000000000013,0.22805146153824393
-0.11270000000000002,0.23158823978790652
-0.11170000000000013,0.22960764396809544
-0.11070000000000024,0.23031499961802795
-0.10970000000000013,0.23187118204787951
-0.10870000000000024,0.231729710917893
-0.10770000000000013,0.23512501803756908
-0.10670000000000024,0.23286147995778506
-0.10570000000000013,0.23427619125765006
-0.10470000000000024,0.23767149837732615
-0.10370000000000013,0.23781296950731265
-0.10270000000000024,0.24021797871708325
-0.10170000000000012,0.24035944984706975
-0.10070000000000023,0.2382373828972722
-0.09970000000000012,0.24134974775697526
-0.09870000000000023,0.24219857453689428
-0.09770000000000012,0.24347181470677282
-0.09670000000000023,0.24559388165657034
-0.09570000000000012,0.24347181470677282
-0.09470000000000023,0.24559388165657034
-0.09370000000000012,0.24870624651627343
-0.09270000000000023,0.24799889086634092
-0.09170000000000011,0.24913065990623293
-0.09070000000000022,0.24842330425630044
-0.08970000000000011,0.25337479380582806
-0.08870000000000022,0.2584677544853422
-0.08770000000000011,0.2586092256153287
-0.08670000000000022,0.2560627452755716
-0.08570000000000011,0.2562042164055581
-0.08470000000000022,0.2554968607556256
-0.08370000000000011,0.2594580523952477
-0.08270000000000022,0.2591751101352747
-0.0817000000000001,0.2591751101352747
-0.08070000000000022,0.25988246578520724
-0.0797000000000001,0.26016540804518024
-0.07870000000000021,0.26327777290488336
-0.0777000000000001,0.2653998398546809
-0.07670000000000021,0.26440954194477534
-0.0757000000000001,0.2663901377645864
-0.07470000000000021,0.2662486666345999
-0.0737000000000001,0.26907808923433
-0.07270000000000021,0.2727563386139791
-0.0717000000000001,0.269926916014249
-0.07070000000000021,0.27105868505414105
-0.0697000000000001,0.27431252104383064
-0.0687000000000002,0.2751613478237496
-0.0677000000000001,0.27827371268345275
-0.0667000000000002,0.27572723234369567
-0.06570000000000009,0.2779907704234797
-0.0647000000000002,0.2811031352831828
-0.06370000000000009,0.2823763754530613
-0.0627000000000002,0.28676198048264295
-0.06170000000000009,0.288742576302454
-0.0607000000000002,0.2871863938726024
-0.059700000000000086,0.2888840474324405
-0.058700000000000196,0.2911475855122245
-0.057700000000000085,0.2932696524620221
-0.056700000000000195,0.2946843637618871
-0.05570000000000008,0.29454289263190064
-0.05470000000000019,0.29680643071168467
-0.05370000000000008,0.3009090934812933
-0.05270000000000019,0.30147497800123935
-0.05170000000000008,0.3034555738210504
-0.05070000000000019,0.3028896893011043
-0.04970000000000008,0.30656793868075344
-0.04870000000000019,0.31123648597030806
-0.047700000000000076,0.3116608993602676
-0.046700000000000186,0.31265119727017304
-0.045700000000000074,0.31632944664982215
-0.044700000000000184,0.3177441579496872
-0.04370000000000007,0.3218468207192958
-0.04270000000000018,0.3236859454091204
-0.04170000000000007,0.3243933010590529
-0.04070000000000018,0.328920377218621
-0.03970000000000007,0.32849596382866153
-0.03870000000000018,0.33316451111821616
-0.03770000000000007,0.3378330584077708
-0.03670000000000018,0.34023806761754133
-0.035700000000000065,0.34434073038714996
-0.034700000000000175,0.3450480860370824
-0.03370000000000006,0.3494336910666641
-0.03270000000000017,0.35509253626612425
-0.03170000000000006,0.3543851806161917
-0.03070000000000017,0.3580634299958408
-0.02970000000000006,0.36287344841538194
-0.02870000000000017,0.365985813275085
-0.027700000000000058,0.37107877395459915
-0.026700000000000168,0.37107877395459915
-0.025700000000000056,0.3753229078541942
-0.024700000000000166,0.38055733966369487
-0.023700000000000054,0.38480147356329
-0.022700000000000164,0.3893285497228581
-0.021700000000000053,0.3941385681423992
-0.020700000000000163,0.39668504848215624
-0.01970000000000005,0.4020609514216434
-0.01870000000000016,0.4074368543611306
-0.01770000000000005,0.41083216148080665
-0.01670000000000016,0.41748130459017235
-0.015700000000000047,0.42002778492992937
-0.014700000000000157,0.4245548610894975
-0.013700000000000045,0.4329016577587012
-0.012700000000000156,0.43587255148841775
-0.011700000000000044,0.4411069832979185
-0.010700000000000154,0.44619994397743257
-0.009700000000000042,0.45171731804690624
-0.008700000000000152,0.4619032394059345
-0.00770000000000004,0.4657229599155701
-0.00670000000000015,0.4699670938151651
-0.005700000000000038,0.47803094822439585
-0.0047000000000001485,0.4818506687340315
-0.0037000000000000366,0.4921780612230462
-0.0027000000000001467,0.49514895495276273
-0.0017000000000000348,0.502505453712061
-0.000700000000000145,0.5104278369913052
0.00029999999999996696,0.5153793265408328
0.0012999999999998568,0.5242920077299826
0.0022999999999999687,0.5310826219693349
0.0032999999999998586,0.5346194002189975
0.0042999999999999705,0.5469273885278232
0.00529999999999986,0.5527277048572699
0.006299999999999972,0.5631965684762711
0.007299999999999862,0.5726751341853669
0.008299999999999974,0.578333979384827
0.009299999999999864,0.5873881317039633
0.010299999999999976,0.597432581933005
0.011299999999999866,0.6052134940822627
0.012299999999999978,0.6161067710912235
0.013299999999999867,0.30685088094072643
0.012299999999999978,0.1655212220842093
0.011299999999999866,0.11196025227131902
0.010299999999999976,0.07431478458191038
0.009299999999999864,0.0404465960631414
0.008299999999999974,0.011880745496266578
0.007299999999999862,-0.012460777129211243
0.006299999999999972,-0.03383989429277168
0.00529999999999986,-0.05068910587416426
0.0042999999999999705,-0.06840129134847453
0.0032999999999998586,-0.08619835950077669
0.0022999999999999687,-0.09902979099055256
0.0012999999999998568,-0.11269590214724882
0.00029999999999996696,-0.1221603207433459
-0.000700000000000145,-0.1328555381703256
-0.0017000000000000348,-0.14500790823616627
-0.0027000000000001467,-0.15392058942531597
-0.0037000000000000366,-0.16127708818461417
-0.0047000000000001485,-0.17089712502369644
-0.005700000000000038,-0.17485831666331855
-0.00670000000000015,-0.18179040203265723
-0.00770000000000004,-0.18759071836210386
-0.008700000000000152,-0.1922592656516585
-0.009700000000000042,-0.1974936974611591
-0.010700000000000154,-0.20202077362072723
-0.011700000000000044,-0.2066893209102819
-0.012700000000000156,-0.21248963723972852
-0.013700000000000045,-0.21319699288966104
-0.014700000000000157,-0.21715818452928315
-0.015700000000000047,-0.22012907825899972
-0.01670000000000016,-0.22380732763864883
-0.01770000000000005,-0.22960764396809544
-0.01870000000000016,-0.22946617283810894
-0.01970000000000005,-0.23088088413797397
-0.020700000000000163,-0.23328589334774452
-0.021700000000000053,-0.23611531594747462
-0.022700000000000164,-0.23781296950731265
-0.023700000000000054,-0.2389447385472047
-0.024700000000000166,-0.2389447385472047
-0.025700000000000056,-0.24248151679686727
-0.026700000000000168,-0.2429059301868268
-0.027700000000000058,-0.24545241052658387
-0.02870000000000017,-0.2468671218264489
-0.02970000000000006,-0.24545241052658387
-0.03070000000000017,-0.24870624651627343
-0.03170000000000006,-0.25096978459605745
-0.03270000000000017,-0.25068684233608446
-0.03370000000000006,-0.252808909285882
-0.034700000000000175,-0.25012095781613847
-0.035700000000000065,-0.2512527268560305
-0.03670000000000018,-0.252808909285882
-0.03770000000000007,-0.25394067832577405
-0.03870000000000018,-0.25337479380582806
-0.03970000000000007,-0.25394067832577405
-0.04070000000000018,-0.2526674381558955
-0.04170000000000007,-0.2571945143154637
-0.04270000000000018,-0.2557798030155986
-0.04370000000000007,-0.25507244736566614
-0.044700000000000184,-0.2574774565754367
-0.045700000000000074,-0.25535538962563914
-0.046700000000000186,-0.2580433410953827
-0.047700000000000076,-0.2581848122253692
-0.04870000000000019,-0.2571945143154637
-0.04970000000000008,-0.2581848122253692
-0.05070000000000019,-0.25507244736566614
-0.05170000000000008,-0.25733598544545017
-0.05270000000000019,-0.25959952352523424
-0.05370000000000008,-0.2577603988354097
-0.05470000000000019,-0.25733598544545017
-0.05570000000000008,-0.25691157205549064
-0.056700000000000195,-0.2586092256153287
-0.057700000000000085,-0.2607312925651262
-0.058700000000000196,-0.25903363900528825
-0.059700000000000086,-0.2583262833553557
-0.0607000000000002,-0.2574774565754367
-0.06170000000000009,-0.2614386482150588
-0.0627000000000002,-0.25959952352523424
-0.06370000000000009,-0.25931658126526125
-0.0647000000000002,-0.2564871586655311
-0.06570000000000009,-0.2580433410953827
-0.0667000000000002,-0.2586092256153287
-0.0677000000000001,-0.25903363900528825
-0.0687000000000002,-0.2584677544853422
-0.0697000000000001,-0.2564871586655311
-0.07070000000000021,-0.2574774565754367
-0.0717000000000001,-0.2586092256153287
-0.07270000000000021,-0.2577603988354097
-0.0737000000000001,-0.25931658126526125
-0.07470000000000021,-0.2564871586655311
-0.0757000000000001,-0.25705304318547717
-0.07670000000000021,-0.2587506967453152
-0.0777000000000001,-0.2580433410953827
-0.07870000000000021,-0.25790186996539616
-0.0797000000000001,-0.2571945143154637
-0.08070000000000022,-0.25705304318547717
-0.0817000000000001,-0.2594580523952477
-0.08270000000000022,-0.2574774565754367
-0.08370000000000011,-0.2560627452755716
-0.08470000000000022,-0.2571945143154637
-0.08570000000000011,-0.25691157205549064
-0.08670000000000022,-0.2588921678753017
-0.08770000000000011,-0.25761892770542316
-0.08870000000000022,-0.2554968607556256
-0.08970000000000011,-0.2581848122253692
-0.09070000000000022,-0.2557798030155986
-0.09170000000000011,-0.2564871586655311
-0.09270000000000023,-0.2584677544853422
-0.09370000000000012,-0.25634568753554465
-0.09470000000000023,-0.2564871586655311
-0.09570000000000012,-0.25662862979551765
-0.09670000000000023,-0.2564871586655311
-0.09770000000000012,-0.2574774565754367
-0.09870000000000023,-0.25634568753554465
-0.09970000000000012,-0.2547895051056931
-0.10070000000000023,-0.2562042164055581
-0.10170000000000012,-0.25662862979551765
-0.10270000000000024,-0.2577603988354097
-0.10370000000000013,-0.2560627452755716
-0.10470000000000024,-0.25507244736566614
-0.10570000000000013,-0.25733598544545017
-0.10670000000000024,-0.2557798030155986
-0.10770000000000013,-0.2557798030155986
-0.10870000000000024,-0.25790186996539616
-0.10970000000000013,-0.25464803397570657
-0.11070000000000024,-0.25535538962563914
-0.11170000000000013,-0.2571945143154637
-0.11270000000000002,-0.25662862979551765
-0.11370000000000013,-0.25790186996539616
-0.11470000000000002,-0.25394067832577405
-0.11570000000000014,-0.2552139184956526
-0.11670000000000003,-0.2574774565754367
-0.11770000000000014,-0.25592127414558513
-0.11870000000000003,-0.2557798030155986
-0.11970000000000014,-0.25493097623567956
-0.12070000000000003,-0.25436509171573357
-0.12170000000000014,-0.2567701009255041
-0.12270000000000003,-0.25563833188561214
-0.12370000000000014,-0.25507244736566614
-0.12470000000000003,-0.2554968607556256
-0.12570000000000014,-0.2567701009255041
-0.12670000000000003,-0.2574774565754367
-0.12770000000000015,-0.25790186996539616
-0.12870000000000004,-0.25634568753554465
-0.12970000000000015,-0.25563833188561214
-0.13070000000000004,-0.25507244736566614
-0.13170000000000015,-0.2554968607556256
-0.13270000000000004,-0.25733598544545017
-0.13370000000000015,-0.25493097623567956
-0.13470000000000004,-0.25493097623567956
-0.13570000000000015,-0.2564871586655311
-0.13670000000000004,-0.25592127414558513
-0.13770000000000016,-0.2586092256153287
-0.13870000000000005,-0.2552139184956526
-0.13970000000000016,-0.25691157205549064
-0.14070000000000005,-0.26044835030515323
-0.14170000000000016,-0.25761892770542316
-0.14270000000000005,-0.2591751101352747
-0.14370000000000016,-0.2580433410953827
-0.14470000000000005,-0.25691157205549064
-0.14570000000000016,-0.2586092256153287
-0.14670000000000005,-0.2571945143154637
-0.14770000000000016,-0.2574774565754367
-0.14870000000000005,-0.2594580523952477
-0.14970000000000017,-0.25705304318547717
-0.15070000000000006,-0.2586092256153287
-0.15170000000000017,-0.26044835030515323
-0.15270000000000006,-0.2594580523952477
-0.15370000000000017,-0.2607312925651262
-0.15470000000000006,-0.2584677544853422
-0.15570000000000017,-0.25903363900528825
-0.15670000000000006,-0.2631363017748969
-0.15770000000000017,-0.2611557059550858
-0.15870000000000006,-0.2615801193450453
-0.15970000000000018,-0.2614386482150588
-0.16070000000000007,-0.2627118883849373
-0.16170000000000018,-0.26582425324464043
-0.16270000000000007,-0.26299483064491036
-0.16370000000000018,-0.2649754264647214
-0.16470000000000007,-0.2651168975947079
-0.16570000000000018,-0.2649754264647214
-0.16670000000000007,-0.26709749341451894
-0.16770000000000018,-0.2689366181043435
-0.16870000000000007,-0.2663901377645864
-0.16970000000000018,-0.26907808923433
-0.17070000000000007,-0.26780484906445146
-0.17170000000000019,-0.27035132940420853
-0.17270000000000008,-0.2723319252240196
-0.1737000000000002,-0.2736051653938981
-0.17470000000000008,-0.27784929929349317
-0.1757000000000002,-0.2796884239833177
-0.17670000000000008,-0.2805372507632368
-0.1777000000000002,-0.2819519620631018
-0.17870000000000008,-0.27176604070407356
-0.1797000000000002,-0.02239487987686353
-0.18070000000000008,-0.5875296028339497
-0.1817000000000002,-0.2823763754530613
-0.18270000000000008,-0.2844984424028589
-0.1837000000000002,-0.28322520223298037
-0.1847000000000001,-0.2839325578829129
-0.1857000000000002,-0.28633756709268343
-0.1867000000000001,-0.28732786500258894
-0.1877000000000002,-0.289874345342346
-0.1887000000000001,-0.2915719989021841
-0.1897000000000002,-0.29397700811195465
-0.1907000000000001,-0.3011920357412663
-0.1917000000000001,-0.25691157205549064
-0.19269999999999998,0.0006588310523471476
-0.1937000000000001,0.000910083779203178
-0.19469999999999998,0.0010076988588938655
-0.1957000000000001,-1.0627311284586156
-0.19669999999999999,-0.4892071674933296
-0.1977000000000001,-0.3177441579496872
-0.1987,-0.31477326421997065
-0.1997000000000001,-0.31505620647994365
-0.2007,-0.3159050332598627
-0.2017000000000001,-0.3218468207192958
-0.2027,-0.32128093619934983
-0.2037000000000001,-0.3234030031491474
-0.2047,-0.3259494834889044
-0.2057000000000001,-0.3313253864283916
-0.2067,-0.33811600066774383
-0.2077000000000001,-0.30260674704113133
-0.2087,0.0007564461320378352
-0.2097000000000001,0.0008960781373345141
-0.2107,0.0009379535918105195
-0.2117000000000001,0.0008682083247271731
-0.2127,-1.701897693737639
-0.2137000000000001,-0.37419113881430216
-0.2147,-0.36839082248485555
-0.2157000000000001,-0.36938112039476106
-0.2167,-0.3695225915247476
-0.21770000000000012,-0.37489849446423473
-0.2187,-0.3760302635041267
-0.21970000000000012,-0.3798499840137623
-0.2207,-0.38607471373316854
-0.22170000000000012,-0.38961149198283107
-0.2227,-0.39965594221187284
-0.22370000000000012,-0.40404154724145447
-0.2247,-0.24757447747638137
-0.22570000000000012,0.0008542026828585092
-0.2267,0.0010076988588938655
-0.22770000000000012,0.0007983215865138403
-0.22870000000000001,0.0007425819612991578
-0.22970000000000013,-1.6835064468393939
-0.23070000000000002,-0.847129126359184
-0.23170000000000013,-0.46657178669548904
-0.23270000000000002,-0.46317647957581304
-0.23370000000000013,-0.46756208460539456
-0.23470000000000002,-0.46968415155519216
-0.23570000000000013,-0.4761918235345713
-0.23670000000000002,-0.4852459758537076
-0.2376999999999999,-0.48949010975330265
-0.23870000000000002,-0.4969880796425873
-0.2396999999999999,-0.5013736846721689
-0.24070000000000003,-0.5149549131508734
-0.24169999999999991,-0.5271214303297127
-0.24270000000000003,-0.5329217466591593
-0.24369999999999992,-0.1064287310888467
-0.24470000000000003,0.0008682083247271731
-0.24569999999999992,0.0008820724954658504
-0.24670000000000003,-1.8348805559249526
-0.24769999999999992,-0.6712805117859599
-0.24870000000000003,-0.5999790622727621
-0.24969999999999992,-0.6063452631221548
-0.25070000000000003,-0.6141261752714124
-0.2516999999999999,-0.6241706255004541
-0.25270000000000004,-0.6380347962391315
-0.2536999999999999,-0.6469474774282812
-0.25470000000000004,-0.6595384079970801
-0.2556999999999999,-0.6702902138760544
-0.25670000000000004,-0.6865593938245023
-0.25769999999999993,-0.7015553336030717
-0.25870000000000004,-0.2279099904082574
-0.25969999999999993,0.0009379535918105195
-0.26070000000000004,0.0008263328702511678
-0.26169999999999993,0.0008542026828585092
-0.26270000000000004,-2.506868423360845
-0.26369999999999993,-1.1938748659561045
-0.26470000000000005,-0.8273231681610735
-0.26569999999999994,-0.8332649556205066
-0.26670000000000005,-0.8461388284492785
-0.26769999999999994,-0.8583053456281178
-0.26870000000000005,-0.8752818812264982
-0.26969999999999994,-0.8902778210050675
-0.27070000000000005,-0.9100837792031781
-0.27169999999999994,-0.92578707463168
-0.27270000000000005,-0.9489883399494666
-0.27369999999999994,-0.9662478178078201
-0.27470000000000006,-0.20428431170051128
-0.27569999999999995,0.0009379535918105195
-0.27670000000000006,0.0008401970409898452
-0.27769999999999995,0.000910083779203178
-0.27870000000000006,0.0009798290462865243
-0.27969999999999995,-4.483220109272302
-0.28070000000000006,-1.2010898935854162
-0.28169999999999995,-1.1776056860076565
-0.28270000000000006,-1.190338087706442
-0.28369999999999995,-1.2090122768646603
-0.28470000000000006,-1.2317891287924876
-0.28569999999999995,-1.2569709899300852
-0.28670000000000007,-1.2841334468874939
-0.28769999999999996,-1.3088908946351319
-0.28870000000000007,-1.32798949718331
-0.28969999999999996,-1.3663281734096524
-0.29070000000000007,-1.3913685634172637
-0.29169999999999996,-0.5377317650787005
-0.29270000000000007,0.0007564461320378352
-0.29369999999999996,0.0008542026828585092
-0.2947000000000001,0.0010076988588938655
-0.29569999999999996,-3.7900115723384333
-0.2967000000000001,-2.740295787838576
-0.29769999999999996,-1.6877505807389888
-0.2987000000000001,-1.6863358694391237
-0.29969999999999997,-1.7075565389370995
-0.3007000000000001,-1.7415096101338603
-0.30169999999999997,-1.774047970030756
-0.3027000000000001,-1.8122451751271118
-0.30369999999999997,-1.8433688237241426
-0.3047000000000001,-1.8730777610213083
-0.30569999999999997,-1.92117794521672
-0.3067000000000001,-1.9423986147146954
-0.3077,-0.3345792224180812
-0.3087000000000001,0.0008401970409898452
-0.3097,0.0009239479499418554
-0.3107000000000001,0.000910083779203178
-0.3117,0.00071457067756183
-0.3127000000000001,-2.0216224475071374
-0.3137,-7.253224834408043
-0.3147000000000001,-2.464427084364894
-0.3157,-2.4403769922671885
-0.3167000000000001,-2.468671218264489
-0.3177,-2.50545371206098
-0.3187000000000001,-2.5478950510569307
-0.3197,-2.5988246578520724
-0.3207000000000001,-2.6497542646472136
-0.3217,-2.6865367584437045
-0.3227000000000001,-2.745954633038036
-0.3237,-2.745954633038036
-0.3247000000000001,-0.21347993514963404
-0.3257,0.0009239479499418554
-0.3267000000000001,0.0008123272283825042
-0.3277,0.0006448254104784837
-0.3287000000000001,0.0009379535918105195
-0.3297,0.0008263328702511678
-0.3307000000000001,-10.231192120623945
-0.3317,-3.8140616644361387
-0.3327000000000001,-3.509898734965156
-0.3337,-3.507069312365426
-0.3347000000000001,-3.5650724756598926
-0.3357,-3.6117579485554394
-0.3367000000000001,-3.6725905344496357
-0.3377,-3.7404966768431565
-0.3387000000000001,-3.801329262737354
-0.3397,-3.8607471373316855
-0.3407000000000001,-3.906017898927366
-0.3417,-3.9244091458256123
-0.3427000000000001,-0.2854887403127644
-0.3437,0.0008682083247271731
-0.3447000000000001,0.0008401970409898452
-0.3457,0.0008401970409898452
-0.3467000000000001,0.0007285763194304939
-0.3477,-8.658033155174026
-0.3487000000000001,-7.241907144009123
-0.3497,-4.896315808832893
-0.3507000000000001,-4.875095139334916
-0.3517,-4.927439457429923
-0.3527000000000001,-4.995345599823445
-0.3537,-5.070325298716291
-0.3547000000000001,-5.153793265408329
-0.3557,-5.2457494998995555
-0.35670000000000013,-5.322143910092268
-0.3577,-5.360341115188624
-0.35870000000000013,-5.421173701082821
-0.3597,-1.2709766317987488
-0.36070000000000013,0.0009519592336791832
-0.3617,0.000910083779203178
-0.3626999999999999,0.0009519592336791832
-0.3637,0.0008401970409898452
-0.3646999999999999,-16.60871066041553
-0.3657,-6.510501401978899
-0.3666999999999999,-6.470889485582678
-0.3677,-6.5317220714768744
-0.3686999999999999,-6.619434172068506
-0.36970000000000003,-6.711390406559734
-0.3706999999999999,-6.803346641050961
-0.37170000000000003,-6.917938256340029
-0.3726999999999999,-7.032529871629097
-0.37370000000000003,-7.1457067756183
-0.3746999999999999,-7.261713102207232
-0.37570000000000003,-7.370645872296841
-0.3766999999999999,-7.48523748758591
-0.37770000000000004,-7.613976215873627
-0.3786999999999999,-7.737056098961886
-0.37970000000000004,-7.865794827249602
-0.3806999999999999,-8.001607112036647
-0.38170000000000004,-8.127516417724635
-0.38269999999999993,-8.259084568612085
-0.38370000000000004,-8.394896853399128
-0.38469999999999993,-8.506659046088465
-0.38570000000000004,-8.61134768227848
-0.38669999999999993,-8.351040803103311
-0.38570000000000004,-8.102051614327065
-0.38469999999999993,-7.9082361662455565
-0.38370000000000004,-7.729982542462561
-0.38269999999999993,-7.53050824918159
-0.38170000000000004,-7.348010491499002
-0.3806999999999999,-7.179659846815062
-0.37970000000000004,-7.009894490831256
-0.3786999999999999,-6.841543846147317
-0.37770000000000004,-6.685925603162163
-0.3766999999999999,-6.53030736017701
-0.37570000000000003,-6.357712581593474
-0.3746999999999999,-6.192191359509266
-0.37370000000000003,-6.025255426125191
-0.3726999999999999,-1.7132153841365596
-0.37170000000000003,0.0008263328702511678
-0.3706999999999999,0.0008542026828585092
-0.36970000000000003,-12.985635021461173
-0.3686999999999999,-5.596597902266086
-0.3677,-5.373073516887409
-0.3666999999999999,-5.22452883040158
-0.3657,-5.0943753908139975
-0.3646999999999999,-4.971295507725738
-0.3637,-4.855289181136806
-0.3626999999999999,-4.743526988447469
-0.3617,-4.62044710535921
-0.36070000000000013,-4.5044407787702765
-0.3597,-4.399752142580264
-0.35870000000000013,-4.313454753288497
-0.3577,-4.22149851879727
-0.35670000000000013,-4.128127573006177
-0.3557,-4.030512493315489
-0.3547000000000001,-3.9385562588242617
-0.3537,-3.849429446932765
-0.3527000000000001,-3.7588879237414026
-0.3517,-3.6754199570493657
-0.3507000000000001,-3.589122567757598
-0.3497,-3.502825178465831
-0.3487000000000001,-3.415113077874199
-0.3477,-3.3401333789813514
-0.3467000000000001,-3.265153680088505
-0.3457,-3.1873445585959277
-0.3447000000000001,-3.1180237049025408
-0.3437,-3.043044006009694
-0.3427000000000001,-2.975137863616172
-0.3417,-2.9072317212226504
-0.3407000000000001,-2.8379108675292635
-0.3397,-2.767175302536012
-0.3387000000000001,-2.700683871442355
-0.3377,-2.6356071516485633
-0.3367000000000001,-2.5677010092550416
-0.3357,-2.50262428946125
-0.3347000000000001,-2.433303435767863
-0.3337,-2.3781296950731265
-0.3327000000000001,-2.32861479957785
-0.3317,-2.284758749282034
-0.3307000000000001,-2.226755585987568
-0.3297,-2.1729965565926963
-0.3287000000000001,-2.116408104598095
-0.3277,-2.0654784978029537
-0.3267000000000001,-2.0159636023076772
-0.3257,-1.9735222633117262
-0.3247000000000001,-1.9183485226169896
-0.3237,-1.8674189158218486
-0.3227000000000001,-1.8207334429263025
-0.3217,-1.775462681330621
-0.3207000000000001,-1.7287772084350748
-0.3197,-1.6863358694391237
-0.3187000000000001,-1.6424798191433077
-0.3177,-1.6000384801473564
-0.3167000000000001,-1.5604265637511354
-0.3157,-1.5236440699546445
-0.3147000000000001,-1.4797880196588282
-0.3137,-1.4415908145624723
-0.3127000000000001,-1.4036765517260894
-0.3117,-1.368733182619423
-0.3107000000000001,-1.331101862043013
-0.3097,-1.292338772426711
-0.3087000000000001,-1.2588101146199098
-0.3077,-1.2245741011631757
-0.3067000000000001,-1.192601625786226
-0.30569999999999997,-1.160629150409276
-0.3047000000000001,-1.1251198967826637
-0.30369999999999997,-1.0951280172255249
-0.3027000000000001,-1.0649946665383996
-0.30169999999999997,-1.0351442581112473
-0.3007000000000001,-1.007840330023852
-0.29969999999999997,-0.976292268036862
-0.2987000000000001,-0.9496956955993991
-0.29769999999999996,-0.9215429407320849
-0.2967000000000001,-0.8949463682946223
-0.29569999999999996,-0.8711792184568896
-0.2947000000000001,-0.8394896853399128
-0.29369999999999996,-0.809497805782774
-0.29270000000000007,-0.7837500601252303
-0.29169999999999996,-0.7595584968975382
-0.29070000000000007,-0.7340936934999676
-0.28969999999999996,-0.43403342679859325
-0.28870000000000007,0.0008263328702511678
-0.28769999999999996,0.0008960781373345141
-0.28670000000000007,0.0006448254104784837
-0.28569999999999995,-2.437547569667458
-0.28470000000000006,-0.6442595259585376
-0.28369999999999995,-0.6011108313126541
-0.28270000000000006,-0.5808804597245841
-0.28169999999999995,-0.5603671458765411
-0.28070000000000006,-0.539005005248579
-0.27969999999999995,-0.519623460440428
-0.27870000000000006,-0.5005248578922499
-0.27769999999999995,-0.4804359574341665
-0.27670000000000006,-0.4579420477663123
-0.27569999999999995,-0.12954511372864141
-0.27470000000000006,0.0008123272283825042
-0.27369999999999994,0.0008123272283825042
-0.27270000000000005,0.0008263328702511678
-0.27169999999999994,0.0008401970409898452
-0.27070000000000005,0.0008123272283825042
-0.26969999999999994,0.0007704517739064989
-0.26870000000000005,-2.049916673504438
-0.26769999999999994,-0.4979783775524929
-0.26670000000000005,-0.33245715546828364
-0.26569999999999994,-0.3119438416202406
-0.26470000000000005,-0.2929867102020491
-0.26369999999999993,-0.2781322415534663
-0.26270000000000004,-0.26709749341451894
-0.26169999999999993,-0.2523844958959225
-0.26070000000000004,-0.24064239210704275
-0.25969999999999993,-0.22309997198871628
-0.25870000000000004,-0.12880946385271158
-0.25769999999999993,0.0006588310523471476
-0.25670000000000004,0.0006726952230858249
-0.2556999999999999,0.0008123272283825042
-0.25470000000000004,0.0008401970409898452
-0.2536999999999999,0.0008401970409898452
-0.25270000000000004,0.0008263328702511678
-0.2516999999999999,-0.3420771923073659
-0.25070000000000003,-0.576636325824989
-0.24969999999999992,-0.13756652679887618
-0.24870000000000003,-0.12107099304244984
-0.24769999999999992,-0.1136154644921611
-0.24670000000000003,-0.1042925170260505
-0.24569999999999992,-0.0949695695599399
-0.24470000000000003,-0.08604274125779153
-0.24369999999999992,-0.0750787286838375
-0.24270000000000003,-0.07158439177317086
-0.24169999999999991,-0.0658406638957188
-0.24070000000000003,-0.05255652478998611
-0.2396999999999999,-0.022904175944814944
-0.23870000000000002,0.0007564461320378352
-0.2376999999999999,0.0008682083247271731
-0.23670000000000002,0.0006726952230858249
-0.23570000000000013,-0.15929649236480314
-0.23470000000000002,-0.01405232734155941
-0.23370000000000013,-0.01045188708340289
-0.23270000000000002,-0.0024262298792685376
-0.23170000000000013,-0.000946300388479723
-0.23070000000000002,0.006158238288312504
-0.22970000000000013,0.013722699608690856
-0.22870000000000001,0.01683506446839394
-0.22770000000000012,0.02438962280967323
-0.2267,0.02723319252240196
-0.22570000000000012,0.03166123889097952
-0.2247,0.04005047689917919
-0.22370000000000012,0.04228572075296595
-0.2227,0.044464376154758095
-0.22170000000000012,0.05121254905511433
-0.2207,0.053886353411859246
-0.21970000000000012,0.06128529351015339
-0.2187,0.06320930087796985
-0.21770000000000012,0.06649143109365672
-0.2167,0.07101850725322485
-0.2157000000000001,0.07792229839656621
-0.2147,0.07888430208047445
-0.2137000000000001,0.08502414912188871
-0.2127,0.08452900016693596
-0.2117000000000001,0.08991905021942173
-0.2107,0.09076787699934075
-0.2097000000000001,0.09639842797280361
-0.2087,0.1002181484824392
-0.2077000000000001,0.10060012053340277
-0.2067,0.1044056939300397
-0.2057000000000001,0.10722096941677112
-0.2047,0.11033333427647421
-0.2037000000000001,0.11481796909704638
-0.2027,0.11488870466203964
-0.2017000000000001,0.11701077161183718
-0.2007,0.12197640827436346
-0.1997000000000001,0.12616395372196398
-0.1987,0.12814454954177504
-0.1977000000000001,0.1295734079546387
-0.19669999999999999,0.12842749180174803
-0.1957000000000001,0.133364834238277
-0.19469999999999998,0.13511907625010966
-0.1937000000000001,0.13620840395100572
-0.19269999999999998,0.1388397669687547
-0.1917000000000001,0.1399008004436535
-0.1907000000000001,0.1420370145064497
-0.1897000000000002,0.14486643710617977
-0.1887000000000001,0.14755438857592332
-0.1877000000000002,0.14840321535584233
-0.1867000000000001,0.14882762874580185
-0.1857000000000002,0.15321323377538346
-0.1847000000000001,0.15972090575476264
-0.1837000000000002,0.1574573676749786
-0.18270000000000008,0.1583061944548976
-0.1817000000000002,0.15802325219492458
-0.18070000000000008,0.15915502123481662
-0.1797000000000002,0.16382356852437122
-0.17870000000000008,0.1629747417444522
-0.1777000000000002,0.1626917994844792
-0.17670000000000008,0.1655212220842093
-0.1757000000000002,0.16637004886412832
-0.17470000000000008,0.16820917355395287
-0.1737000000000002,0.17174595180361546
-0.17270000000000008,0.16905800033387192
-0.17170000000000019,0.17514125892329155
-0.17070000000000007,0.17853656604296764
-0.16970000000000018,0.17938539282288665
-0.16870000000000007,0.021149933932982302
-0.16770000000000018,0.00071457067756183
-0.16670000000000007,0.0006588310523471476
-0.16570000000000018,0.6905205854641244
-0.16470000000000007,0.21135786819983648
-0.16370000000000018,0.18858101627200938
-0.16270000000000007,0.1849027668923603
-0.16170000000000018,0.1847612957623738
-0.16070000000000007,0.18759071836210386
-0.15970000000000018,0.18759071836210386
-0.15870000000000006,0.18773218949209036
-0.15770000000000017,0.18872248740199588
-0.15670000000000006,0.18787366062207686
-0.15570000000000017,0.19027866983184744
-0.15470000000000006,0.19183485226169897
-0.15370000000000017,0.1931080924315775
-0.15270000000000006,0.19438133260145604
-0.15170000000000017,0.19268367904161798
-0.15070000000000006,0.19423986147146954
-0.14970000000000017,0.1970692840711996
-0.14870000000000005,0.1973522263311726
-0.14770000000000016,0.1973522263311726
-0.14670000000000005,0.19834252424107812
-0.14570000000000016,0.19777663972113213
-0.14470000000000005,0.20131341797079472
-0.14370000000000016,0.20060606232086217
-0.14270000000000005,0.2011719468408082
-0.14170000000000016,0.20230371588070023
-0.14070000000000005,0.20216224475071373
-0.13970000000000016,0.20598196526034934
-0.13870000000000005,0.20456725396048434
-0.13770000000000016,0.20598196526034934
-0.13670000000000004,0.2079625610801604
-0.13570000000000015,0.21503611757948557
-0.13470000000000004,0.18235628655260325
-0.13370000000000015,0.0008263328702511678
-0.13270000000000004,0.032014916715945786
-0.13170000000000015,0.2076796188201874
-0.13070000000000004,0.21149933932982298
-0.12970000000000015,0.21333846401964754
-0.12870000000000004,0.21503611757948557
-0.12770000000000015,0.21418729079956658
-0.12670000000000003,0.21376287740960703
-0.12570000000000014,0.2156020020994316
-0.12470000000000003,0.2164508288793506
-0.12370000000000014,0.2189973092191077
-0.12270000000000003,0.21687524226931013
-0.12170000000000014,0.21942172260906717
-0.12070000000000003,0.22154378955886472
-0.11970000000000014,0.22140231842887825
-0.11870000000000003,0.22126084729889173
-0.11770000000000014,0.22196820294882427
-0.11670000000000003,0.22154378955886472
-0.11570000000000014,0.2245146832885813
-0.11470000000000002,0.2245146832885813
-0.11370000000000013,0.22564645232847336
-0.11270000000000002,0.22776851927827088
-0.11170000000000013,0.22550498119848683
-0.11070000000000024,0.22564645232847336
-0.10970000000000013,0.23088088413797397
-0.10870000000000024,0.23031499961802795
-0.10770000000000013,0.2313052975279335
-0.10670000000000024,0.23031499961802795
-0.10570000000000013,0.23116382639794697
-0.10470000000000024,0.23526648916755558
-0.10370000000000013,0.23342736447773108
-0.10270000000000024,0.23427619125765006
-0.10170000000000012,0.23526648916755558
-0.10070000000000023,0.2356909025575151
-0.09970000000000012,0.2392276808071777
-0.09870000000000023,0.2385203251572452
-0.09770000000000012,0.23809591176728565
-0.09670000000000023,0.24120827662698877
-0.09570000000000012,0.24177416114693479
-0.09470000000000023,0.2446035837466648
-0.09370000000000012,0.24729153521640837
-0.09270000000000023,0.24333034357678635
-0.09170000000000011,0.24545241052658387
-0.09070000000000022,0.2446035837466648
-0.08970000000000011,0.24785741973635445
-0.08870000000000022,0.25096978459605745
-0.08770000000000011,0.2477159486063679
-0.08670000000000022,0.24941360216620592
-0.08570000000000011,0.25139419798601703
-0.08470000000000022,0.25309185154585506
-0.08370000000000011,0.25464803397570657
-0.08270000000000022,0.25394067832577405
-0.0817000000000001,0.25464803397570657
-0.08070000000000022,0.2580433410953827
-0.0797000000000001,0.2586092256153287
-0.07870000000000021,0.2587506967453152
-0.0777000000000001,0.2608727636951128
-0.07670000000000021,0.2608727636951128
-0.0757000000000001,0.2637021862948429
-0.07470000000000021,0.2659657243746269
-0.0737000000000001,0.2651168975947079
-0.07270000000000021,0.2662486666345999
-0.0717000000000001,0.26709749341451894
-0.07070000000000021,0.26851220471438403
-0.0697000000000001,0.27473693443379016
-0.0687000000000002,0.2768590013835877
-0.0677000000000001,0.2770004725135742
-0.0667000000000002,0.050363722275195304
-0.06570000000000009,0.0007285763194304939
-0.0647000000000002,0.0005750801433951374
-0.06370000000000009,1.0563649276092228
-0.0627000000000002,0.29708937297165766
-0.06170000000000009,0.2927037679420761
-0.0607000000000002,0.2894499319523865
-0.059700000000000086,0.2924208256821031
-0.058700000000000196,0.29100611438223806
-0.057700000000000085,0.2917134700321706
-0.056700000000000195,0.2946843637618871
-0.05570000000000008,0.2946843637618871
-0.05470000000000019,0.2992114399214552
-0.05370000000000008,0.2999187955713878
-0.05270000000000019,0.3028896893011043
-0.05170000000000008,0.2806787218932233
-0.05070000000000019,0.0008401970409898452
-0.04970000000000008,0.00071457067756183
-0.04870000000000019,0.9348412269508163
-0.047700000000000076,0.33174979981835107
-0.046700000000000186,0.32128093619934983
-0.045700000000000074,0.32269564749921487
-0.044700000000000184,0.32425182992906637
-0.04370000000000007,0.32693978139880997
-0.04270000000000018,0.326656839138837
-0.04170000000000007,0.32849596382866153
-0.04070000000000018,0.3318912709483376
-0.03970000000000007,0.3345792224180812
-0.03870000000000018,0.33769158727778426
-0.03770000000000007,0.3419357211773794
-0.03670000000000018,0.34462367264712296
-0.035700000000000065,0.34816045089678554
-0.034700000000000175,0.35155575801646166
-0.03370000000000006,0.3538192960962457
-0.03270000000000017,0.3574975454758948
-0.03170000000000006,0.3591951990357328
-0.03070000000000017,0.36386374632528745
-0.02970000000000006,0.36938112039476106
-0.02870000000000017,0.3715031873445586
-0.027700000000000058,0.37461555220426174
-0.026700000000000168,0.3775864459339783
-0.025700000000000056,0.38211352209354643
-0.024700000000000166,0.39116767441268263
-0.023700000000000054,0.39286532797252066
-0.022700000000000164,0.39611916396221025
-0.021700000000000053,0.4013535957717109
-0.020700000000000163,0.40687096984118454
-0.01970000000000005,0.41295422843060425
-0.01870000000000016,0.4157836510303343
-0.01770000000000005,0.4201692560599159
-0.01670000000000016,0.4263939857793221
-0.015700000000000047,0.4303551774189442
-0.014700000000000157,0.43672137826833685
-0.013700000000000045,0.44266316572777
-0.012700000000000156,0.44619994397743257
-0.011700000000000044,0.45327350047675774
-0.010700000000000154,0.46091294149602896
-0.009700000000000042,0.46812796912534066
-0.008700000000000152,0.4733624009348413
-0.00770000000000004,0.47718212144447686
-0.00670000000000015,0.48439714907378856
-0.005700000000000038,0.49401718591287075
-0.0047000000000001485,0.49769543529251986
-0.0037000000000000366,0.5085887123014806
-0.0027000000000001467,0.5124084328111163
-0.0017000000000000348,0.5176428646206169
-0.000700000000000145,0.5275458437196722
0.00029999999999996696,0.5341949868290379
0.0012999999999998568,0.5419758989782956
0.0022999999999999687,0.5511715224274183
0.0032999999999998586,0.5581036077967569
0.0042999999999999705,0.5697042404556503
0.00529999999999986,0.576353383565016
0.006299999999999972,0.5851245936241791
0.007299999999999862,0.5943202170733018
0.008299999999999974,0.6011108313126541
0.009299999999999864,0.6131358773615069
0.010299999999999976,0.6237462121104946
0.011299999999999866,0.6305368263498469
0.012299999999999978,0.6419959878787537
0.013299999999999867,0.3333059822482026
0.012299999999999978,0.1860345359322523
0.011299999999999866,0.13083250101151858
0.010299999999999976,0.088815575405527
0.009299999999999864,0.05322143910092268
0.008299999999999974,0.021814848243918866
0.007299999999999862,-0.0017556567231325107
0.006299999999999972,-0.026384365742482933
0.00529999999999986,-0.044025815651799936
0.0042999999999999705,-0.06428448146586727
0.0032999999999998586,-0.08318502443206416
0.0022999999999999687,-0.09487053976894937
0.0012999999999998568,-0.10971086130453359
0.00029999999999996696,-0.12051925563550246
-0.000700000000000145,-0.13267162570134314
-0.0017000000000000348,-0.1435931969363012
-0.0027000000000001467,-0.15179852247551845
-0.0037000000000000366,-0.15972090575476264
-0.0047000000000001485,-0.16990682711379093
-0.005700000000000038,-0.17584861457322407
-0.00670000000000015,-0.18377099785246825
-0.00770000000000004,-0.18957131418191492
-0.008700000000000152,-0.19466427486142904
-0.009700000000000042,-0.20159636023076774
-0.010700000000000154,-0.2079625610801604
-0.011700000000000044,-0.21008462802995795
-0.012700000000000156,-0.2153190598394586
-0.013700000000000045,-0.21828995356917516
-0.014700000000000157,-0.22196820294882427
-0.015700000000000047,-0.22536351006850036
-0.01670000000000016,-0.22904175944814942
-0.01770000000000005,-0.23243706656782553
-0.01870000000000016,-0.23342736447773108
-0.01970000000000005,-0.23554943142752863
-0.020700000000000163,-0.24134974775697526
-0.021700000000000053,-0.24149121888696176
-0.022700000000000164,-0.24516946826661082
-0.023700000000000054,-0.24658417956647588
-0.024700000000000166,-0.24927213103621945
-0.025700000000000056,-0.25167714024599
-0.026700000000000168,-0.25040390007611146
-0.027700000000000058,-0.250545371206098
-0.02870000000000017,-0.25295038041586854
-0.02970000000000006,-0.25096978459605745
-0.03070000000000017,-0.2557798030155986
-0.03170000000000006,-0.25535538962563914
-0.03270000000000017,-0.2560627452755716
-0.03370000000000006,-0.2577603988354097
-0.034700000000000175,-0.2567701009255041
-0.035700000000000065,-0.2583262833553557
-0.03670000000000018,-0.2614386482150588
-0.03770000000000007,-0.25903363900528825
-0.03870000000000018,-0.25903363900528825
-0.03970000000000007,-0.26030687917516676
-0.04070000000000018,-0.2610142348250993
-0.04170000000000007,-0.26299483064491036
-0.04270000000000018,-0.2618630616050183
-0.04370000000000007,-0.2611557059550858
-0.044700000000000184,-0.2622874749949778
-0.045700000000000074,-0.2611557059550858
-0.046700000000000186,-0.26426807081478887
-0.047700000000000076,-0.2621460038649913
-0.04870000000000019,-0.2620045327350048
-0.04970000000000008,-0.26440954194477534
-0.05070000000000019,-0.2625704172549508
-0.05170000000000008,-0.2648339553347349
-0.05270000000000019,-0.26356071516485635
-0.05370000000000008,-0.2627118883849373
-0.05470000000000019,-0.26356071516485635
-0.05570000000000008,-0.2634192440348699
-0.056700000000000195,-0.2649754264647214
-0.057700000000000085,-0.26440954194477534
-0.058700000000000196,-0.2622874749949778
-0.059700000000000086,-0.2624289461249643
-0.0607000000000002,-0.2653998398546809
-0.06170000000000009,-0.2662486666345999
-0.0627000000000002,-0.26426807081478887
-0.06370000000000009,-0.2631363017748969
-0.0647000000000002,-0.2622874749949778
-0.06570000000000009,-0.26412659968480234
-0.0667000000000002,-0.26356071516485635
-0.0677000000000001,-0.2624289461249643
-0.0687000000000002,-0.26384365742482935
-0.0697000000000001,-0.2620045327350048
-0.07070000000000021,-0.2639851285548159
-0.0717000000000001,-0.26412659968480234
-0.07270000000000021,-0.2621460038649913
-0.0737000000000001,-0.2627118883849373
-0.07470000000000021,-0.2615801193450453
-0.0757000000000001,-0.2620045327350048
-0.07670000000000021,-0.26412659968480234
-0.0777000000000001,-0.2611557059550858
-0.07870000000000021,-0.2615801193450453
-0.0797000000000001,-0.2611557059550858
-0.08070000000000022,-0.26426807081478887
-0.0817000000000001,-0.2651168975947079
-0.08270000000000022,-0.2622874749949778
-0.08370000000000011,-0.26129717708507233
-0.08470000000000022,-0.2607312925651262
-0.08570000000000011,-0.25959952352523424
-0.08670000000000022,-0.2625704172549508
-0.08770000000000011,-0.26002393691519377
-0.08870000000000022,-0.25959952352523424
-0.08970000000000011,-0.26058982143513976
-0.09070000000000022,-0.26030687917516676
-0.09170000000000011,-0.25974099465522077
-0.09270000000000023,-0.26044835030515323
-0.09370000000000012,-0.25733598544545017
-0.09470000000000023,-0.26058982143513976
-0.09570000000000012,-0.011080018900542965
-0.09670000000000023,0.00032382741653910686
-0.09770000000000012,-0.7124486106120325
-0.09870000000000023,-0.33217421320831064
-0.09970000000000012,-0.26412659968480234
-0.10070000000000023,-0.26384365742482935
-0.10170000000000012,-0.26030687917516676
-0.10270000000000024,-0.25974099465522077
-0.10370000000000013,-0.2584677544853422
-0.10470000000000024,-0.25761892770542316
-0.10570000000000013,-0.25903363900528825
-0.10670000000000024,-0.2580433410953827
-0.10770000000000013,-0.25662862979551765
-0.10870000000000024,-0.26058982143513976
-0.10970000000000013,-0.23724708498736666
-0.11070000000000024,0.00033783305840777076
-0.11170000000000013,0.00032382741653910686
-0.11270000000000002,-0.7660661688769174
-0.11370000000000013,-0.3076997077206455
-0.11470000000000002,-0.2608727636951128
-0.11570000000000014,-0.25931658126526125
-0.11670000000000003,-0.2591751101352747
-0.11770000000000014,-0.25563833188561214
-0.11870000000000003,-0.2557798030155986
-0.11970000000000014,-0.25535538962563914
-0.12070000000000003,-0.2554968607556256
-0.12170000000000014,-0.2567701009255041
-0.12270000000000003,-0.25422362058574705
-0.12370000000000014,-0.25634568753554465
-0.12470000000000003,-0.2580433410953827
-0.12570000000000014,-0.2586092256153287
-0.12670000000000003,-0.25761892770542316
-0.12770000000000015,-0.25464803397570657
-0.12870000000000004,-0.25464803397570657
-0.12970000000000015,-0.25507244736566614
-0.13070000000000004,-0.25394067832577405
-0.13170000000000015,-0.25436509171573357
-0.13270000000000004,-0.25394067832577405
-0.13370000000000015,-0.2535162649358146
-0.13470000000000004,-0.2537992071957876
-0.13570000000000015,-0.25450656284572004
-0.13670000000000004,-0.25394067832577405
-0.13770000000000016,-0.25592127414558513
-0.13870000000000005,-0.20980168576998495
-0.13970000000000016,0.00033783305840777076
-0.14070000000000005,0.000365702871015112
-0.14170000000000016,-0.7802132818755677
-0.14270000000000005,-0.27572723234369567
-0.14370000000000016,-0.2581848122253692
-0.14470000000000005,-0.25592127414558513
-0.14570000000000016,-0.25691157205549064
-0.14670000000000005,-0.2554968607556256
-0.14770000000000016,-0.2547895051056931
-0.14870000000000005,-0.25535538962563914
-0.14970000000000017,-0.2547895051056931
-0.15070000000000006,-0.2560627452755716
-0.15170000000000017,-0.2577603988354097
-0.15270000000000006,-0.25790186996539616
-0.15370000000000017,-0.07135803796519245
-0.15470000000000006,0.0005191990470504685
-0.15570000000000017,-0.6506257268079303
-0.15670000000000006,-0.3354280491980002
-0.15770000000000017,-0.26044835030515323
-0.15870000000000006,-0.25974099465522077
-0.15970000000000018,-0.2588921678753017
-0.16070000000000007,-0.2594580523952477
-0.16170000000000018,-0.2607312925651262
-0.16270000000000007,-0.2584677544853422
-0.16370000000000018,-0.2621460038649913
-0.16470000000000007,-0.2611557059550858
-0.16570000000000018,-0.2607312925651262
-0.16670000000000007,-0.18009274847281917
-0.16770000000000018,0.00042158396735978093
-0.16870000000000007,0.0004913292344431272
-0.16970000000000018,0.0005332046889191324
-0.17070000000000007,-0.6919352967639895
-0.17170000000000019,-0.6999991511732202
-0.17270000000000008,-0.2764345879936282
-0.1737000000000002,-0.269361031494303
-0.17470000000000008,-0.268795146974357
-0.1757000000000002,-0.2695025026242895
-0.17670000000000008,-0.2695025026242895
-0.1777000000000002,-0.27077574279416805
-0.17870000000000008,-0.26851220471438403
-0.1797000000000002,-0.26907808923433
-0.18070000000000008,-0.2731807520039386
-0.1817000000000002,-0.2727563386139791
-0.18270000000000008,-0.2737466365238846
-0.1837000000000002,-0.2737466365238846
-0.1847000000000001,-0.2738881076538711
-0.1857000000000002,-0.27869812607341227
-0.1867000000000001,-0.2765760591236147
-0.1877000000000002,-0.27841518381343927
-0.1887000000000001,-0.2806787218932233
-0.1897000000000002,-0.2808201930232098
-0.1907000000000001,-0.2849228557928184
-0.1917000000000001,-0.2844984424028589
-0.19269999999999998,-0.2844984424028589
-0.1937000000000001,-0.288176691782508
-0.19469999999999998,-0.2871863938726024
-0.1957000000000001,-0.29072317212226506
-0.19669999999999999,-0.2938355369819681
-0.1977000000000001,-0.2952502482818331
-0.1987,-0.29793819975157676
-0.1997000000000001,-0.29822114201154976
-0.2007,-0.30147497800123935
-0.2017000000000001,-0.30373851608102337
-0.2027,-0.3031726315610774
-0.2037000000000001,-0.30571911190083445
-0.2047,-0.308124121110605
-0.2057000000000001,-0.3099632458004295
-0.2067,-0.3139244374400516
-0.2077000000000001,-0.31576356212987616
-0.2087,-0.3170368022997547
-0.2097000000000001,-0.3217053495893093
-0.2107,-0.32411035879907985
-0.2117000000000001,-0.3316083286883646
-0.2127,-0.14401761032626076
-0.2137000000000001,0.0005470688596578097
-0.2147,0.00044945377996712213
-0.2157000000000001,-1.2094366902546199
-0.2167,-0.34915074880669106
-0.21770000000000012,-0.3509898734965156
-0.2187,-0.3495751621966506
-0.21970000000000012,-0.3535363538362727
-0.2207,-0.3584878433858003
-0.22170000000000012,-0.36060991033559786
-0.2227,-0.3669761111849905
-0.22370000000000012,-0.368249351354869
-0.2247,-0.37192760073451814
-0.22570000000000012,-0.3798499840137623
-0.2267,-0.18023421960280567
-0.22770000000000012,0.0005332046889191324
-0.22870000000000001,-0.9348412269508163
-0.22970000000000013,-0.44393640589764854
-0.23070000000000002,-0.4077197966211036
-0.23170000000000013,-0.41012480583087413
-0.23270000000000002,-0.4133786418205638
-0.23370000000000013,-0.4191789581500104
-0.23470000000000002,-0.4228572075296595
-0.23570000000000013,-0.4306381196789172
-0.23670000000000002,-0.4379946184382154
-0.2376999999999999,-0.44167286781786447
-0.23870000000000002,-0.44874642431718964
-0.2396999999999999,-0.4549711540365957
-0.24070000000000003,-0.46246912392588047
-0.24169999999999991,-0.4719476896349762
-0.24270000000000003,-0.47675770805451734
-0.24369999999999992,-0.48312390890391005
-0.24470000000000003,-0.4923195323530327
-0.24569999999999992,-0.4993930888523579
-0.24670000000000003,-0.5098619524713591
-0.24769999999999992,-0.5173599223606439
-0.24870000000000003,-0.5255652478998613
-0.24969999999999992,-0.5350438136089569
-0.25070000000000003,-0.5442394370580796
-0.2516999999999999,-0.553293589377216
-0.25270000000000004,-0.5644698086461497
-0.2536999999999999,-0.5705530672355693
-0.25470000000000004,-0.5811634019845571
-0.2556999999999999,-0.5967252262830725
-0.25670000000000004,-0.6090332145918983
-0.25769999999999993,-0.3450480860370824
-0.25870000000000004,0.0004913292344431272
-0.25969999999999993,0.0003516972291464481
-0.26070000000000004,0.00042158396735978093
-0.26169999999999993,-2.5379920719578757
-0.26270000000000004,-0.7427234324291443
-0.26369999999999993,-0.7045262273327882
-0.26470000000000005,-0.7123071394820459
-0.26569999999999994,-0.7254639545707907
-0.26670000000000005,-0.7393281253094681
-0.26769999999999994,-0.7507872868383749
-0.26870000000000005,-0.7670564667868228
-0.26969999999999994,-0.7795059262256352
-0.27070000000000005,-0.7963409906940291
-0.27169999999999994,-0.8097807480427469
-0.27270000000000005,-0.826898754771114
-0.27369999999999994,-0.6840129134847454
-0.27470000000000006,0.0004633179507057995
-0.27569999999999995,0.00044945377996712213
-0.27670000000000006,0.00029595760393176567
-0.27769999999999995,-2.557798030155986
-0.27870000000000006,-1.506667534356264
-0.27969999999999995,-0.9898734965155661
-0.28070000000000006,-0.9946835149351072
-0.28169999999999995,-1.0118015216634741
-0.28270000000000006,-1.0290609995218278
-0.28369999999999995,-1.0478766598100326
-0.28470000000000006,-1.0719267519077382
-0.28569999999999995,-1.0930059502757274
-0.28670000000000007,-1.1201684072331362
-0.28769999999999996,-1.1419549612510576
-0.28870000000000007,-1.1651562265688442
-0.28969999999999996,-1.192318683526253
-0.29070000000000007,-1.2170761312738911
-0.29169999999999996,-1.2438141748413403
-0.29270000000000007,-1.2711181029287355
-0.29369999999999996,-1.2977146753661983
-0.2947000000000001,-1.3272821415333773
-0.29569999999999996,-1.3576984344804757
-0.2967000000000001,-1.3861341316077629
-0.29769999999999996,-1.4175407224647667
-0.2987000000000001,-1.4472496597619326
-0.29969999999999997,-1.4769585970590984
-0.3007000000000001,-1.512326379555724
-0.30169999999999997,-1.543450028152755
-0.3027000000000001,-1.5788178106493809
-0.30369999999999997,-1.6113561705462767
-0.3047000000000001,-1.6481386643427678
-0.30569999999999997,-1.6849211581392587
-0.3067000000000001,-1.7202889406358846
-0.3077,-1.7570714344323757
-0.3087000000000001,-1.7966833508285964
-0.3097,-1.8334658446250875
-0.3107000000000001,-1.8744924723211736
-0.3117,-1.9155191000172598
-0.3127000000000001,-1.9579604390132106
-0.3137,-1.9989870667092968
-0.3147000000000001,-2.0414284057052483
-0.3157,-2.0866991673009294
-0.3167000000000001,-2.133384640196476
-0.3177,-2.177240690492291
-0.3187000000000001,-2.2210967407881075
-0.3197,-2.263538079784059
-0.3207000000000001,-2.30597941878001
-0.3217,-2.3569090255751513
-0.3227000000000001,-1.9565457277133458
-0.3237,0.0005332046889191324
-0.3247000000000001,0.0004075783254911171
-0.3257,-5.614989149164331
-0.3267000000000001,-2.844984424028589
-0.3277,-2.7289780974396556
-0.3287000000000001,-2.7629311686364164
-0.3297,-2.8152754867314234
-0.3307000000000001,-2.866205093526564
-0.3317,-2.924208256821031
-0.3327000000000001,-2.9850408427152275
-0.3337,-3.0402145834099636
-0.3347000000000001,-3.0982177467044303
-0.3357,-3.1449032195999767
-0.3367000000000001,-3.214224073293363
-0.3377,-3.2821302156868852
-0.3387000000000001,-3.351451069380272
-0.3397,-3.4136983665743337
-0.3407000000000001,-3.4915074880669104
-0.3417,-3.556584207860702
-0.3427000000000001,-3.627319772853954
-0.3437,-3.699470049147071
-0.3447000000000001,-3.7744497480399173
-0.3457,-3.8466000243330347
-0.3467000000000001,-3.9201650119260174
-0.3477,-3.9909005769192687
-0.3487000000000001,-4.0644655645122505
-0.3497,-4.132371706905772
-0.3507000000000001,-4.198863137999429
-0.3517,-4.282331104691466
-0.3527000000000001,-4.377116761782423
-0.3537,-4.473317130173245
-0.3547000000000001,-4.552540962965688
-0.3557,-4.647326620056646
-0.35670000000000013,-4.732209298048548
-0.3577,-4.814262553440719
-0.35870000000000013,-4.904804076632082
-0.3597,-4.998175022423175
-0.36070000000000013,-5.088716545614537
-0.3617,-5.18208749140563
-0.3626999999999999,-5.269799591997262
-0.3637,-5.3702440942876795
-0.3646999999999999,-5.469273885278232
-0.3657,-5.569718387568649
-0.3666999999999999,-5.665918755959472
-0.3677,-5.764948546950024
-0.3686999999999999,-5.873881317039633
-0.36970000000000003,-5.984228798429105
-0.3706999999999999,-6.093161568518712
-0.37170000000000003,-6.206338472507916
-0.3726999999999999,-6.31385653129766
-0.37370000000000003,-6.421374590087401
-0.3746999999999999,-6.5246485149775495
-0.37570000000000003,-6.6364107076668875
-0.3766999999999999,-6.7340257873575755
-0.37770000000000004,-6.852861536546238
-0.3786999999999999,-6.984429687433686
-0.37970000000000004,-7.111753704421539
-0.3806999999999999,-7.244736566608854
-0.38170000000000004,-7.370645872296841
-0.38269999999999993,-7.49655517798483
-0.38370000000000004,-7.622464483672818
-0.38469999999999993,-7.7582767684598615
-0.38570000000000004,-7.891259630647174
-0.38669999999999993,-7.642270441870928
-0.38570000000000004,-7.380548851395897
-0.38469999999999993,-7.169756867716005
-0.38370000000000004,-6.971697285734901
-0.38269999999999993,-6.777881837653391
-0.38170000000000004,-6.629337151167562
-0.3806999999999999,-6.489280732480923
-0.37970000000000004,-6.352053736394015
-0.3786999999999999,-6.204923761208051
-0.37770000000000004,-6.070526187720873
-0.3766999999999999,-5.921981501235043
-0.37570000000000003,-5.787583927747865
-0.3746999999999999,-5.657430488160282
-0.37370000000000003,-5.520203492073373
-0.3726999999999999,-5.394294186385385
-0.37170000000000003,-5.269799591997262
-0.3706999999999999,-5.145304997609139
-0.36970000000000003,-4.981198486824794
-0.3686999999999999,-4.860948026336266
-0.3677,-2.639851285548158
-0.3666999999999999,0.00044945377996712213
-0.3657,0.0005750801433951374
-0.3646999999999999,0.0005051934051818046
-0.3637,-8.740086410566196
-0.3626999999999999,-5.340535156990514
-0.3617,-4.327601866287147
-0.36070000000000013,-4.162080644202938
-0.3597,-4.0446596063141405
-0.35870000000000013,-3.9371415475243974
-0.3577,-3.8366970452339793
-0.35670000000000013,-3.7390819655432916
-0.3557,-3.6527845762515243
-0.3547000000000001,-3.5679018982596227
-0.3537,-3.4858486428674507
-0.3527000000000001,-3.400965964875548
-0.3517,-3.3245715546828363
-0.3507000000000001,-3.243933010590529
-0.3497,-3.1632944664982214
-0.3487000000000001,-3.09255890150497
-0.3477,-3.0204086252118536
-0.3467000000000001,-2.949673060218602
-0.3457,-2.8789374952253497
-0.3447000000000001,-2.8082019302320975
-0.3437,-2.744539921738171
-0.3427000000000001,-2.6822926245441097
-0.3417,-2.615801193450453
-0.3407000000000001,-2.554968607556256
-0.3397,-2.4913065990623298
-0.3387000000000001,-2.4347181470677284
-0.3377,-2.3767149837732613
-0.3367000000000001,-2.318711820478795
-0.3357,-2.2621233684841937
-0.3347000000000001,-2.1984613599902674
-0.3337,-2.133384640196476
-0.3327000000000001,-1.36845024035945
-0.3317,0.0003516972291464481
-0.3307000000000001,0.0005332046889191324
-0.3297,0.0004913292344431272
-0.3287000000000001,-6.043646673023436
-0.3277,-1.963619284212671
-0.3267000000000001,-1.8433688237241426
-0.3257,-1.781121526530081
-0.3247000000000001,-1.7301919197349398
-0.3237,-1.6806770242396636
-0.3227000000000001,-1.6382356852437125
-0.3217,-1.5929649236480312
-0.3207000000000001,-1.546279450752485
-0.3197,-1.5038381117565338
-0.3187000000000001,-1.461396772760583
-0.3177,-0.6867008649544888
-0.3167000000000001,0.00037970851288377585
-0.3157,0.0005332046889191324
-0.3147000000000001,-3.795670417537894
-0.3137,-1.349351637811272
-0.3127000000000001,-1.2687130937189648
-0.3117,-1.2272620526329192
-0.3107000000000001,-1.1893477897965363
-0.3097,-1.1545458918198563
-0.3087000000000001,-1.1239881277427717
-0.3077,-1.0901765276759974
-0.3067000000000001,-1.0607505326388047
-0.30569999999999997,-1.02693893257203
-0.3047000000000001,-0.9904393810355122
-0.30369999999999997,-0.8131760551624231
-0.3027000000000001,0.000365702871015112
-0.30169999999999997,0.00037970851288377585
-0.3007000000000001,0.0005051934051818046
-0.29969999999999997,-3.0854853450056448
-0.2987000000000001,-0.8693400937670651
-0.29769999999999996,-0.8259084568612085
-0.2967000000000001,-0.7937945103542721
-0.29569999999999996,-0.7680467646967284
-0.2947000000000001,-0.7427234324291443
-0.29369999999999996,-0.717683042421533
-0.29270000000000007,-0.6957550172736251
-0.29169999999999996,-0.672129338565879
-0.29070000000000007,-0.6494939577680383
-0.28969999999999996,-0.6261512213202652
-0.28870000000000007,-0.6040817250423707
-0.28769999999999996,-0.5882369584838822
-0.28670000000000007,-0.5736654320952724
-0.28569999999999995,-0.5494738688675803
-0.28470000000000006,-0.5322143910092269
-0.28369999999999995,-0.5128328462010757
-0.28270000000000006,-0.4979783775524929
-0.28169999999999995,-0.48142625534407196
-0.28070000000000006,-0.4606299992360559
-0.27969999999999995,-0.44464376154758106
-0.27870000000000006,-0.42780869707918706
-0.27769999999999995,-0.4123883439106582
-0.27670000000000006,-0.39838270204199433
-0.27569999999999995,-0.38055733966369487
-0.27470000000000006,-0.36683464005500405
-0.27369999999999994,-0.35268752705635364
-0.27270000000000005,-0.33811600066774383
-0.27169999999999994,-0.32679831026882344
-0.27070000000000005,-0.3122267838802136
-0.26969999999999994,-0.2958161328017792
-0.26870000000000005,-0.28605462483271044
-0.26769999999999994,-0.2723319252240196
-0.26670000000000005,-0.25988246578520724
-0.26569999999999994,-0.24884771764625993
-0.26470000000000005,-0.23427619125765006
-0.26369999999999993,-0.2239487987686353
-0.26270000000000004,-0.21079198367989047
-0.26169999999999993,-0.19834252424107812
-0.26070000000000004,-0.18249775768258975
-0.25969999999999993,-0.00537024409428768
-0.25870000000000004,0.0004913292344431272
-0.25769999999999993,0.0003516972291464481
-0.25670000000000004,-0.6255853368003192
-0.2556999999999999,-0.1496764555257209
-0.25470000000000004,-0.13601034436902465
-0.2536999999999999,-0.1254141567330355
-0.25270000000000004,-0.11909039722263878
-0.2516999999999999,-0.1094562132705579
-0.25070000000000003,-0.10191580204227724
-0.24969999999999992,-0.09269188436715721
-0.24870000000000003,-0.08203910827917348
-0.24769999999999992,-0.07833256467352707
-0.24670000000000003,-0.06869838072144617
-0.24569999999999992,-0.05971496396730319
-0.24470000000000003,-0.047633329466455786
-0.24369999999999992,0.00015632559863508656
-0.24270000000000003,0.00028195196206310183
-0.24169999999999991,-0.15363764716534298
-0.24070000000000003,-0.02313052975279335
-0.2396999999999999,-0.021758259791924264
-0.23870000000000002,-0.01503838111756534
-0.2376999999999999,-0.010157627133030964
-0.23670000000000002,-0.004910462921831542
-0.23570000000000013,0.001844783535024008
-0.23470000000000002,0.007009894490831256
-0.23370000000000013,0.011210172340130551
-0.23270000000000002,0.018150745977268422
-0.23170000000000013,0.020569902300037635
-0.23070000000000002,0.027063427166418155
-0.22970000000000013,0.03405210098775143
-0.22870000000000001,0.03707958316946261
-0.22770000000000012,0.041097363261079316
-0.2267,0.0444077877027635
-0.22570000000000012,0.050080780015222294
-0.2247,0.05576791944067974
-0.22370000000000012,0.057974869068469215
-0.2227,0.061483353092134506
-0.22170000000000012,0.06623678305968102
-0.2207,0.0713721850781911
-0.21970000000000012,0.07459772684188339
-0.2187,0.0771300600686418
-0.21770000000000012,0.07963409906940291
-0.2167,0.08549100385084417
-0.2157000000000001,0.09180061624824223
-0.2147,0.09221088252520308
-0.2137000000000001,0.09553545407988592
-0.2127,0.09685113558876042
-0.2117000000000001,0.09935517458952153
-0.2107,0.10335880756813957
-0.2097000000000001,0.10747561745074685
-0.2087,0.10941377193156195
-0.2077000000000001,0.1106162765364472
-0.2067,0.11589314968494381
-0.2057000000000001,0.062332179872053514
-0.2047,0.0003516972291464481
-0.2037000000000001,0.00043544813809845835
-0.2027,0.4606299992360559
-0.2017000000000001,0.1258102758969977
-0.2007,0.1313983855314646
-0.1997000000000001,0.13268577281434177
-0.1987,0.13323751022128916
-0.1977000000000001,0.1363923164199882
-0.19669999999999999,0.13668940579295985
-0.1957000000000001,0.14025447826861975
-0.19469999999999998,0.14140039442151042
-0.1937000000000001,0.1434517258063147
-0.19269999999999998,0.14543232162612577
-0.1917000000000001,0.1465640906660178
-0.1907000000000001,0.14882762874580185
-0.1897000000000002,0.15208146473549145
-0.1887000000000001,0.15278882038542396
-0.1877000000000002,0.15307176264539696
-0.1867000000000001,0.15377911829532948
-0.1857000000000002,0.15632559863508652
-0.1847000000000001,0.15943796349478964
-0.1837000000000002,0.15957943462477614
-0.18270000000000008,0.16042826140469515
-0.1817000000000002,0.16311621287443873
-0.18070000000000008,0.16382356852437122
-0.1797000000000002,0.16651151999411481
-0.17870000000000008,0.16608710660415532
-0.1777000000000002,0.1666529911241013
-0.17670000000000008,0.1694824137238314
-0.1757000000000002,0.17004829824377743
-0.17470000000000008,0.17174595180361546
-0.1737000000000002,0.1737265476234265
-0.17270000000000008,0.17358507649344
-0.17170000000000019,0.17641449909317006
-0.17070000000000007,0.17570714344323757
-0.16970000000000018,0.17754626813306212
-0.16870000000000007,0.18037569073279217
-0.16770000000000018,0.17768773926304862
-0.16670000000000007,0.17938539282288665
-0.16570000000000018,0.18235628655260325
-0.16470000000000007,0.1850442380223468
-0.16370000000000018,0.1843368823724143
-0.16270000000000007,0.18207334429263022
-0.16170000000000018,0.1847612957623738
-0.16070000000000007,0.18787366062207686
-0.15970000000000018,0.18759071836210386
-0.15870000000000006,0.18872248740199588
-0.15770000000000017,0.18886395853198237
-0.15670000000000006,0.18914690079195542
-0.15570000000000017,0.19183485226169897
-0.15470000000000006,0.192966621301591
-0.15370000000000017,0.19183485226169897
-0.15270000000000006,0.1931080924315775
-0.15170000000000017,0.193532505821537
-0.15070000000000006,0.19593751503130757
-0.14970000000000017,0.19805958198110513
-0.14870000000000005,0.19607898616129407
-0.14770000000000016,0.1976351685911456
-0.14670000000000005,0.1972107552011861
-0.14570000000000016,0.19933282215098366
-0.14470000000000005,0.2035769560505788
-0.14370000000000016,0.20046459119087567
-0.14270000000000005,0.20060606232086217
-0.14170000000000016,0.2037184271805653
-0.14070000000000005,0.2044257828304978
-0.13970000000000016,0.20697226317025488
-0.13870000000000005,0.20485019622045733
-0.13770000000000016,0.20470872509047083
-0.13670000000000004,0.2081040322101469
-0.13570000000000015,0.20725520543022788
-0.13470000000000004,0.20923580125003893
-0.13370000000000015,0.20909433012005244
-0.13270000000000004,0.20909433012005244
-0.13170000000000015,0.21234816610974203
-0.13070000000000004,0.21220669497975553
-0.12970000000000015,0.21333846401964754
-0.12870000000000004,0.21418729079956658
-0.12770000000000015,0.21263110836971502
-0.12670000000000003,0.2151775887094721
-0.12570000000000014,0.21659230000933713
-0.12470000000000003,0.21729965565926962
-0.12370000000000014,0.2164508288793506
-0.12270000000000003,0.21630935774936413
-0.12170000000000014,0.21729965565926962
-0.12070000000000003,0.22097790503891873
-0.11970000000000014,0.2204120205189727
-0.11870000000000003,0.2206949627789457
-0.11770000000000014,0.22338291424868928
-0.11670000000000003,0.22267555859875673
-0.11570000000000014,0.22578792345845985
-0.11470000000000002,0.2242317410286083
-0.11370000000000013,0.2245146832885813
-0.11270000000000002,0.22720263475832486
-0.11170000000000013,0.22607086571843285
-0.11070000000000024,0.22776851927827088
-0.10970000000000013,0.22946617283810894
-0.10870000000000024,0.2281929326682304
-0.10770000000000013,0.23059794187800098
-0.10670000000000024,0.23003205735805496
-0.10570000000000013,0.23088088413797397
-0.10470000000000024,0.23484207577759608
-0.10370000000000013,0.23399324899767707
-0.10270000000000024,0.2345591335176231
-0.10170000000000012,0.23625678707746112
-0.10070000000000023,0.2356909025575151
-0.09970000000000012,0.24007650758709673
-0.09870000000000023,0.23767149837732615
-0.09770000000000012,0.23809591176728565
-0.09670000000000023,0.24092533436701574
-0.09570000000000012,0.2393691519371642
-0.09470000000000023,0.24347181470677282
-0.09370000000000012,0.24276445905684027
-0.09270000000000023,0.24191563227692126
-0.09170000000000011,0.24545241052658387
-0.09070000000000022,0.2471500640864219
-0.08970000000000011,0.24913065990623293
-0.08870000000000022,0.24898918877624646
-0.08770000000000011,0.24799889086634092
-0.08670000000000022,0.24955507329619245
-0.08570000000000011,0.251960082505963
-0.08470000000000022,0.2523844958959225
-0.08370000000000011,0.25422362058574705
-0.08270000000000022,0.25365773606580105
-0.0817000000000001,0.25365773606580105
-0.08070000000000022,0.2581848122253692
-0.0797000000000001,0.2584677544853422
-0.07870000000000021,0.25790186996539616
-0.0777000000000001,0.2611557059550858
-0.07670000000000021,0.2610142348250993
-0.0757000000000001,0.2659657243746269
-0.07470000000000021,0.2651168975947079
-0.0737000000000001,0.2649754264647214
-0.07270000000000021,0.26738043567449193
-0.0717000000000001,0.26780484906445146
-0.07070000000000021,0.269643973754276
-0.0697000000000001,0.2733222231339251
-0.0687000000000002,0.27105868505414105
-0.0677000000000001,0.2740295787838576
-0.0667000000000002,0.2741710499138441
-0.06570000000000009,0.27572723234369567
-0.0647000000000002,0.2811031352831828
-0.06370000000000009,0.27940548172334473
-0.0627000000000002,0.28308373110299384
-0.06170000000000009,0.2857716825727374
-0.0607000000000002,0.2843569712728724
-0.059700000000000086,0.289025518562427
-0.058700000000000196,0.28775227839254847
-0.057700000000000085,0.28973287421235955
-0.056700000000000195,0.2938355369819681
-0.05570000000000008,0.2946843637618871
-0.05470000000000019,0.29822114201154976
-0.05370000000000008,0.2992114399214552
-0.05270000000000019,0.3004846800913338
-0.05170000000000008,0.30260674704113133
-0.05070000000000019,0.30529469851087493
-0.04970000000000008,0.3079826499806185
-0.04870000000000019,0.3122267838802136
-0.047700000000000076,0.3127926684001596
-0.046700000000000186,0.3156220909998897
-0.045700000000000074,0.3194418115095253
-0.044700000000000184,0.3218468207192958
-0.04370000000000007,0.32354447427913385
-0.04270000000000018,0.3249591855789989
-0.04170000000000007,0.3279300793087155
-0.04070000000000018,0.3340133378981352
-0.03970000000000007,0.3348621646780542
-0.03870000000000018,0.33712570275783826
-0.03770000000000007,0.34009659648755486
-0.03670000000000018,0.3429260190872849
-0.035700000000000065,0.3492922199366776
-0.034700000000000175,0.3522631136663941
-0.03370000000000006,0.35466812287616467
-0.03270000000000017,0.35763901660588127
-0.03170000000000006,0.3611757948555439
-0.03070000000000017,0.3672590534449635
-0.02970000000000006,0.3712202450845856
-0.02870000000000017,0.37291789864442365
-0.027700000000000058,0.37815233045392427
-0.026700000000000168,0.3806988107936814
-0.025700000000000056,0.3872064827730605
-0.024700000000000166,0.39244091458256114
-0.023700000000000054,0.3941385681423992
-0.022700000000000164,0.3982412309120078
-0.021700000000000053,0.405880671931279
-0.020700000000000163,0.40955892131092814
-0.01970000000000005,0.4156421799003478
-0.01870000000000016,0.4194619004099834
-0.01770000000000005,0.423564563179592
-0.01670000000000016,0.43247724436874174
-0.015700000000000047,0.4365799071383503
-0.014700000000000157,0.44195581007783746
-0.013700000000000045,0.4486049531872031
-0.012700000000000156,0.4527076159568117
-0.011700000000000044,0.46020558584609644
-0.010700000000000154,0.46600590217554305
-0.009700000000000042,0.4733624009348413
-0.008700000000000152,0.48029448630418
-0.00770000000000004,0.4848215624637481
-0.00670000000000015,0.4911877633131407
-0.005700000000000038,0.5003833867622635
-0.0047000000000001485,0.5067495876116561
-0.0037000000000000366,0.5142475575009409
-0.0027000000000001467,0.520189344960374
-0.0017000000000000348,0.5274043725896858
-0.000700000000000145,0.537873236208687
0.00029999999999996696,0.5426832546282281
0.0012999999999998568,0.5513129935574048
0.0022999999999999687,0.5590939057066625
0.0032999999999998586,0.5650356931660957
0.0042999999999999705,0.5767777969549754
0.00529999999999986,0.5861148915340847
0.006299999999999972,0.5946031593332749
0.007299999999999862,0.6063452631221548
0.008299999999999974,0.614833530921345
0.009299999999999864,0.6288391727900088
0.010299999999999976,0.6357712581593474
0.011299999999999866,0.6455327661284163
0.012299999999999978,0.6562845720073905
