Potential V vs RHE, Current mA cm-2
0.013299999999999867,0.6057793786022087
0.012299999999999978,-0.5354682269989164
0.011299999999999866,-1.5915502123481662
0.010299999999999976,-2.235243853786758
0.009299999999999864,-2.864790382226699
0.008299999999999974,-3.4221866343735234
0.007299999999999862,-3.7390819655432916
0.006299999999999972,-4.23564563179592
0.00529999999999986,-4.471902418873381
0.0042999999999999705,-4.785968327443419
0.0032999999999998586,-5.101448947313322
0.0022999999999999687,-5.214625851302525
0.0012999999999998568,-5.5668889649689195
0.00029999999999996696,-5.667333467259336
-0.000700000000000145,-5.849831224941926
-0.0017000000000000348,-6.056379074722222
-0.0027000000000001467,-6.076185032920332
-0.0037000000000000366,-6.3548831589937445
-0.0047000000000001485,-6.40156863188929
-0.005700000000000038,-6.533136782776739
-0.00670000000000015,-6.717049251759194
-0.00770000000000004,-6.7283669421581145
-0.008700000000000152,-6.958964884036115
-0.009700000000000042,-6.970282574435036
-0.010700000000000154,-7.100436014022619
-0.011700000000000044,-7.258883679607503
-0.012700000000000156,-7.226345319710607
-0.013700000000000045,-7.441381437290093
-0.014700000000000157,-7.455528550288744
-0.015700000000000047,-7.5418259395805105
-0.01670000000000016,-7.663491111368903
-0.01770000000000005,-7.630952751472008
-0.01870000000000016,-7.824768199553517
-0.01970000000000005,-7.809206375255003
-0.020700000000000163,-7.89550376454677
-0.021700000000000053,-8.036974894533273
-0.022700000000000164,-8.000192400736783
-0.023700000000000054,-8.186934292318968
-0.024700000000000166,-8.164298911521126
-0.025700000000000056,-8.252011012112758
-0.026700000000000168,-8.376505606500881
-0.027700000000000058,-8.328405422305472
-0.02870000000000017,-8.508073757388331
-0.02970000000000006,-8.486853087890356
-0.03070000000000017,-8.563247498083067
-0.03170000000000006,-8.660862577773754
-0.03270000000000017,-8.605688837079018
-0.03370000000000006,-8.768380636563498
-0.034700000000000175,-8.725939297567548
-0.035700000000000065,-8.813651398159179
-0.03670000000000018,-8.94663426034649
-0.03770000000000007,-8.88438696315243
-0.03870000000000018,-9.05273760783637
-0.03970000000000007,-9.01029626884042
-0.04070000000000018,-9.085275967733265
-0.04170000000000007,-9.184305758723816
-0.04270000000000018,-9.11498490503043
-0.04370000000000007,-9.298897374012885
-0.044700000000000184,-9.242308922018283
-0.045700000000000074,-9.301726796612616
-0.046700000000000186,-9.407830144102494
-0.047700000000000076,-9.331435733909782
-0.04870000000000019,-9.49129811079453
-0.04970000000000008,-9.453100905698175
-0.05070000000000019,-9.47149215259642
-0.05170000000000008,-9.584669056585623
-0.05270000000000019,-9.492712822094397
-0.05370000000000008,-9.63701337468063
-0.05470000000000019,-9.600230880884139
-0.05570000000000008,-9.661063466778335
-0.056700000000000195,-9.745946144770238
-0.057700000000000085,-9.655404621578874
-0.058700000000000196,-9.803949308064706
-0.059700000000000086,-9.741702010870643
-0.0607000000000002,-9.77706979336727
-0.06170000000000009,-9.887417274756743
-0.0627000000000002,-9.795461040265515
-0.06370000000000009,-9.908637944254718
-0.0647000000000002,-9.871855450458227
-0.06570000000000009,-9.908637944254718
-0.0667000000000002,-9.980788220547833
-0.0677000000000001,-9.8647818939589
-0.0687000000000002,-10.02747369344338
-0.0697000000000001,-9.966641107549185
-0.07070000000000021,-9.951079283250667
-0.0717000000000001,-10.031717827342977
-0.07270000000000021,-9.932688036352424
-0.0737000000000001,-10.055767919440681
-0.07470000000000021,-9.979373509247969
-0.0757000000000001,-9.98786177704716
-0.07670000000000021,-10.043035517741895
-0.0777000000000001,-9.935517458952152
-0.07870000000000021,-10.088306279337578
-0.0797000000000001,-10.00200889004581
-0.08070000000000022,-10.009082446545134
-0.0817000000000001,-10.081232722838251
-0.08270000000000022,-9.953908705850399
-0.08370000000000011,-10.079818011538388
-0.08470000000000022,-9.980788220547833
-0.08570000000000011,-9.965226396249319
-0.08670000000000022,-10.052938496840952
-0.08770000000000011,-9.912882078154311
-0.08870000000000022,-9.983617643147563
-0.08970000000000011,-9.931273325052558
-0.09070000000000022,-9.936932170252017
-0.09170000000000011,-9.970885241448778
-0.09270000000000023,-9.818096421063354
-0.09370000000000012,-9.942591015451477
-0.09470000000000023,-9.840731801861196
-0.09570000000000012,-9.818096421063354
-0.09670000000000023,-9.866196605258766
-0.09770000000000012,-9.723310763972396
-0.09870000000000023,-9.82516997756268
-0.09970000000000012,-9.721896052672532
-0.10070000000000023,-9.69643124927496
-0.10170000000000012,-9.731799031771587
-0.10270000000000024,-9.586083767885489
-0.10370000000000013,-9.675210579776985
-0.10470000000000024,-9.560618964487917
-0.10570000000000013,-9.540813006289808
-0.10670000000000024,-9.588913190485219
-0.10770000000000013,-9.42622139100074
-0.10870000000000024,-9.512518780292506
-0.10970000000000013,-9.438953792699524
-0.11070000000000024,-9.424806679700875
-0.11170000000000013,-9.40924485540236
-0.11270000000000002,-9.230991231619363
-0.11370000000000013,-9.290409106213696
-0.11470000000000002,-9.165914511825573
-0.11570000000000014,-9.122058461529756
-0.11670000000000003,-9.124887884129487
-0.11770000000000014,-8.95795195074541
-0.11870000000000003,-9.061225875635559
-0.11970000000000014,-9.006052134940823
-0.12070000000000003,-8.945219549046627
-0.12170000000000014,-8.976343197643658
-0.12270000000000003,-8.81931024335864
-0.12370000000000014,-8.875898695353241
-0.12470000000000003,-8.741501121866062
-0.12570000000000014,-8.69623036027038
-0.12670000000000003,-8.711792184568896
-0.12770000000000015,-8.533538560785903
-0.12870000000000004,-8.608518259678748
-0.12970000000000015,-8.458558861893053
-0.13070000000000004,-8.423191079396428
-0.13170000000000015,-8.458558861893053
-0.13270000000000004,-8.29728177370844
-0.13370000000000015,-8.362358493502233
-0.13470000000000004,-8.23786389911411
-0.13570000000000015,-8.182690158419373
-0.13670000000000004,-8.203910827917348
-0.13770000000000016,-8.029901338033948
-0.13870000000000005,-8.085075078728684
-0.13970000000000016,-7.953506927841237
-0.14070000000000005,-7.911065588845285
-0.14170000000000016,-7.936530392242855
-0.14270000000000005,-7.745544366761076
-0.14370000000000016,-7.803547530055542
-0.14470000000000005,-7.697444182565665
-0.14570000000000016,-7.653588132269849
-0.14670000000000005,-7.655002843569713
-0.14770000000000016,-7.492311044085233
-0.14870000000000005,-7.570120165577812
-0.14970000000000017,-7.437137303390498
-0.15070000000000006,-7.396110675694412
-0.15170000000000017,-7.421575479091982
-0.15270000000000006,-7.246151277908718
-0.15370000000000017,-7.326789822001024
-0.15470000000000006,-7.195221671113577
-0.15570000000000017,-7.15702446601722
-0.15670000000000006,-7.183903980714656
-0.15770000000000017,-7.009894490831256
-0.15870000000000006,-7.099021302722755
-0.15970000000000018,-6.978770842234226
-0.16070000000000007,-6.934914791938409
-0.16170000000000018,-6.968867863135171
-0.16270000000000007,-6.804761352350826
-0.16370000000000018,-6.889644030342729
-0.16470000000000007,-6.782125971552985
-0.16570000000000018,-6.736855209957304
-0.16670000000000007,-6.7877848167524455
-0.16770000000000018,-6.633581285067157
-0.16870000000000007,-6.725537519558384
-0.16970000000000018,-6.618019460768641
-0.17070000000000007,-6.571333987873095
-0.17170000000000019,-6.613775326869046
-0.17270000000000008,-6.4793777533818675
-0.1737000000000002,-6.560016297474175
-0.17470000000000008,-6.462401217783487
-0.1757000000000002,-6.429862857886591
-0.17670000000000008,-6.476548330782138
-0.1777000000000002,-6.328003644296309
-0.17870000000000008,-6.415715744887942
-0.1797000000000002,-6.31951537649712
-0.18070000000000008,-6.303953552198603
-0.1817000000000002,-6.35063902509415
-0.18270000000000008,-6.20209433860832
-0.1837000000000002,-6.311027108697928
-0.1847000000000001,-6.2162414516069715
-0.1857000000000002,-6.192191359509266
-0.1867000000000001,-6.247365100204002
-0.1877000000000002,-6.1186263719162834
-0.1887000000000001,-6.2233150081062965
-0.1897000000000002,-6.127114639715473
-0.1907000000000001,-6.112967526716823
-0.1917000000000001,-6.169555978711425
-0.19269999999999998,-6.028084848724921
-0.1937000000000001,-6.142676464013989
-0.19469999999999998,-6.047890806923031
-0.1957000000000001,-6.042231961723571
-0.19669999999999999,-6.097405702418309
-0.1977000000000001,-5.968666974130589
-0.1987,-6.101649836317904
-0.1997000000000001,-5.99696120012789
-0.2007,-5.99130235492843
-0.2017000000000001,-6.066282053821277
-0.2027,-5.924810923834773
-0.2037000000000001,-6.043646673023436
-0.2047,-5.970081685430455
-0.2057000000000001,-5.9601787063314
-0.2067,-6.045061384323302
-0.2077000000000001,-5.902175543036933
-0.2087,-6.029499560024787
-0.2097000000000001,-5.961593417631265
-0.2107,-5.9347139029338285
-0.2117000000000001,-6.015352447026135
-0.2127,-5.906419676936528
-0.2137000000000001,-6.040817250423707
-0.2147,-5.9601787063314
-0.2157000000000001,-5.9884729323287
-0.2167,-6.062037919921682
-0.21770000000000012,-5.933299191633965
-0.2187,-6.042231961723571
-0.21970000000000012,-5.97432581933005
-0.2207,-5.9729111080301855
-0.22170000000000012,-6.050720229522762
-0.2227,-5.947446304632614
-0.22370000000000012,-6.067696765121143
-0.2247,-5.987058221028835
-0.22570000000000012,-5.995546488828026
-0.2267,-6.080429166819927
-0.22770000000000012,-5.9729111080301855
-0.22870000000000001,-6.090332145918983
-0.22970000000000013,-6.023840714825327
-0.23070000000000002,-6.0323289826245166
-0.23170000000000013,-6.115796949316553
-0.23270000000000002,-6.018181869625866
-0.23370000000000013,-6.149750020513314
-0.23470000000000002,-6.081843878119792
-0.23570000000000013,-6.095990991118443
-0.23670000000000002,-6.192191359509266
-0.2376999999999999,-6.069111476421008
-0.23870000000000002,-6.207753183807781
-0.2396999999999999,-6.14833530921345
-0.24070000000000003,-6.16531184481183
-0.24169999999999991,-6.267171058402113
-0.24270000000000003,-6.15682357701264
-0.24369999999999992,-6.2954652843994126
-0.24470000000000003,-6.240291543704677
-0.24569999999999992,-6.2360474098050815
-0.24670000000000003,-6.336491912095499
-0.24769999999999992,-6.264341635802381
-0.24870000000000003,-6.411471610988346
-0.24969999999999992,-6.34498017989469
-0.25070000000000003,-6.366200849392665
-0.2516999999999999,-6.480792464681733
-0.25270000000000004,-6.3676155606925295
-0.2536999999999999,-6.506257268079304
-0.25470000000000004,-6.473718908182407
-0.2556999999999999,-6.517574958478224
-0.25670000000000004,-6.637825418966753
-0.25769999999999993,-6.499183711579978
-0.25870000000000004,-6.589725234771341
-0.25969999999999993,-6.643484264166212
-0.26070000000000004,-6.678852046662837
-0.26169999999999993,-6.7609053020550105
-0.26270000000000004,-6.680266757962703
-0.26369999999999993,-6.857105670445833
-0.26470000000000005,-6.857105670445833
-0.26569999999999994,-6.879741051243673
-0.26670000000000005,-6.999991511732201
-0.26769999999999994,-6.947647193637194
-0.26870000000000005,-7.115997838321134
-0.26969999999999994,-7.086288901023969
-0.27070000000000005,-7.135803796519245
-0.27169999999999994,-7.264542524806962
-0.27270000000000005,-7.200880516313037
-0.27369999999999994,-7.36781644969711
-0.27470000000000006,-7.360742893197786
-0.27569999999999995,-7.421575479091982
-0.27670000000000006,-7.570120165577812
-0.27769999999999995,-7.503628734484154
-0.27870000000000006,-7.720079563363504
-0.27969999999999995,-7.728567831162695
-0.28070000000000006,-7.807791663955138
-0.28169999999999995,-7.964824618240158
-0.28270000000000006,-7.9153097227448805
-0.28369999999999995,-8.128931129024501
-0.28470000000000006,-8.160054777621532
-0.28569999999999995,-8.239278610413974
-0.28670000000000007,-8.423191079396428
-0.28769999999999996,-8.416117522897103
-0.28870000000000007,-8.649544887374834
-0.28969999999999996,-8.699059782870112
-0.29070000000000007,-8.796674862560797
-0.29169999999999996,-8.972099063744063
-0.29270000000000007,-8.970684352444197
-0.29369999999999996,-9.184305758723816
-0.2947000000000001,-9.296067951413157
-0.29569999999999996,-9.461589173497366
-0.2967000000000001,-9.683698847576176
-0.29769999999999996,-9.68794298147577
-0.2987000000000001,-10.011911869144866
-0.29969999999999997,-10.088306279337578
-0.3007000000000001,-10.24675394492246
-0.30169999999999997,-10.539599183994524
-0.3027000000000001,-10.60892003768791
-0.30369999999999997,-10.932888925357005
-0.3047000000000001,-11.080018900542967
-0.30569999999999997,-11.287981461623128
-0.3067000000000001,-11.587900257194516
-0.3077,-11.716638985482234
-0.3087000000000001,-12.10002574774566
-0.3097,-12.286767639327845
-0.3107000000000001,-12.562636342801525
-0.3117,-12.947437816364815
-0.3127000000000001,-13.125691440147811
-0.3137,-13.593960880403138
-0.3147000000000001,-13.865585449977225
-0.3157,-14.217848563643619
-0.3167000000000001,-14.65640906660178
-0.3177,-14.98179266557074
-0.3187000000000001,-15.561824298515406
-0.3197,-15.91550212348166
-0.3207000000000001,-16.410651078434423
-0.3217,-17.018976937376394
-0.3227000000000001,-17.34436053634535
-0.3237,-18.17904020326572
-0.3247000000000001,-18.57515936722793
-0.3257,-19.155191000172596
-0.3267000000000001,-20.00401778009162
-0.3277,-20.598196526034933
-0.3287000000000001,-21.447023305953955
-0.3297,-22.210967407881075
-0.3307000000000001,-23.1163826397947
-0.3317,-24.16326900169483
-0.3327000000000001,-25.054537120609798
-0.3337,-26.20045327350048
-0.3347000000000001,-27.289780974396557
-0.3357,-28.506432692280487
-0.3367000000000001,-29.864555540150924
-0.3377,-31.109501484032155
-0.3387000000000001,-32.56665412289314
-0.3397,-33.98136542275818
-0.3407000000000001,-35.636577643600276
-0.3417,-37.26349563844507
-0.3427000000000001,-38.777236729300654
-0.3437,-40.77197966211036
-0.3447000000000001,-42.568663012938956
-0.3457,-44.4077877027635
-0.3467000000000001,-46.45911908756781
-0.3477,-48.49630335937346
-0.3487000000000001,-50.78813566515482
-0.3497,-52.86776127595642
-0.3507000000000001,-55.10300512974318
-0.3517,-57.53630856551105
-0.3527000000000001,-59.72911108030185
-0.3537,-62.09167895107646
-0.3547000000000001,-64.52498238684433
-0.3557,-67.07146272660138
-0.35670000000000013,-69.64623729235576
-0.3577,-72.06539361512496
-0.35870000000000013,-74.66846240687663
-0.3597,-77.08761872964584
-0.36070000000000013,-79.69068752139752
-0.3617,-82.37863899114109
-0.3626999999999999,-84.75535397491434
-0.3637,-87.38671699266331
-0.3646999999999999,-89.84831465442848
-0.3657,-92.19673541220443
-0.3666999999999999,-94.71492152596421
-0.3677,-97.19066630072803
-0.3686999999999999,-99.60982262349724
-0.36970000000000003,-101.90165492927859
-0.3706999999999999,-104.22178146105726
-0.37170000000000003,-106.61264355782916
-0.3726999999999999,-108.81959318561863
-0.37370000000000003,-111.32363218637973
-0.3746999999999999,-113.74278850914895
-0.37570000000000003,-116.16194483191815
-0.3766999999999999,-118.3406002337103
-0.37770000000000004,-120.49096140950518
-0.3786999999999999,-122.96670618426899
-0.37970000000000004,-125.272685603049
-0.3806999999999999,-127.30986987485466
-0.38170000000000004,-129.5451137286414
-0.38269999999999993,-131.87938737341872
-0.38370000000000004,-134.29854369618792
-0.38469999999999993,-136.5054933239774
-0.38570000000000004,-138.86806119475202
-0.38669999999999993,-139.9573888956481
-0.38570000000000004,-139.4056514887007
-0.38469999999999993,-138.88220830775063
-0.38370000000000004,-138.17485265781812
-0.38269999999999993,-137.65140947686808
-0.38170000000000004,-136.8733182619423
-0.3806999999999999,-135.8971674650354
-0.37970000000000004,-135.07663491111367
-0.3786999999999999,-134.49660327816903
-0.37770000000000004,-133.5911880462554
-0.3766999999999999,-132.7706554923337
-0.37570000000000003,-131.8510931474214
-0.3746999999999999,-131.10129615849294
-0.37370000000000003,-130.08270402259012
-0.3726999999999999,-128.9226407567008
-0.37170000000000003,-128.20113799376963
-0.3706999999999999,-127.33816410085197
-0.36970000000000003,-126.51763154693022
-0.3686999999999999,-125.5273336370247
-0.3677,-124.21165212815022
-0.3666999999999999,-122.52814568131083
-0.3657,-121.48125931941068
-0.3646999999999999,-120.97196325145929
-0.3637,-118.63768960668197
-0.3626999999999999,-116.77027069086012
-0.3617,-116.62879956087362
-0.36070000000000013,-115.8648554589465
-0.3597,-114.67649796705987
-0.35870000000000013,-113.60131737916245
-0.3577,-112.73834348624479
-0.35670000000000013,-111.5924273333541
-0.3557,-110.55968808445263
-0.3547000000000001,-109.7957439825255
-0.3537,-108.52250381264696
-0.3527000000000001,-107.24926364276843
-0.3517,-106.2589657328629
-0.3507000000000001,-105.05646112797763
-0.3497,-104.12275167006669
-0.3487000000000001,-102.83536438718951
-0.3477,-101.8167722512867
-0.3467000000000001,-100.88306279337576
-0.3457,-99.56738128450128
-0.3447000000000001,-98.43561224460926
-0.3437,-97.21896052672531
-0.3427000000000001,-96.24280972981845
-0.3417,-95.18177625491967
-0.3407000000000001,-93.79535918105194
-0.3397,-92.84750261014237
-0.3387000000000001,-91.75817490924628
-0.3377,-90.6405529823529
-0.3367000000000001,-89.49463682946222
-0.3357,-88.19310243358639
-0.3347000000000001,-87.30183431467142
-0.3337,-86.09932970978613
-0.3327000000000001,-84.9109722178995
-0.3317,-83.77920317800748
-0.3307000000000001,-82.64743413811544
-0.3297,-81.72787179320316
-0.3287000000000001,-80.58195564031249
-0.3277,-79.45018660042047
-0.3267000000000001,-78.36085889952437
-0.3257,-77.1017658426445
-0.3247000000000001,-76.19635061073087
-0.3237,-75.00799311884425
-0.3227000000000001,-73.8762240789522
-0.3217,-72.87177905604804
-0.3207000000000001,-71.72586290315735
-0.3197,-70.73556499325183
-0.3187000000000001,-69.54720750136521
-0.3177,-68.58520381745697
-0.3167000000000001,-67.6656414725447
-0.3157,-66.50557820665539
-0.3147000000000001,-65.54357452274715
-0.3137,-64.46839393484973
-0.3127000000000001,-63.4780960249442
-0.3117,-62.48779811503867
-0.3107000000000001,-61.327734849149344
-0.3097,-60.43646673023436
-0.3087000000000001,-59.403727481332886
-0.3077,-58.37098823243142
-0.3067000000000001,-57.6070441305043
-0.30569999999999997,-56.30550973462846
-0.3047000000000001,-55.6971838756865
-0.30369999999999997,-54.69273885278232
-0.3027000000000001,-53.603411151886235
-0.30169999999999997,-52.66970169397532
-0.3007000000000001,-51.495491315087335
-0.29969999999999997,-50.47689917918451
-0.2987000000000001,-49.58563106026953
-0.29769999999999996,-48.72265716735186
-0.2967000000000001,-47.8879775004315
-0.29569999999999996,-46.81279691253406
-0.2947000000000001,-46.218618166590744
-0.29369999999999996,-45.242467369683865
-0.29270000000000007,-44.4077877027635
-0.29169999999999996,-43.558960922844484
-0.29070000000000007,-42.483780334947056
-0.28969999999999996,-41.69154200702263
-0.28870000000000007,-40.828568114104954
-0.28769999999999996,-39.99388844718459
-0.28670000000000007,-39.145061667265566
-0.28569999999999995,-38.197205096355994
-0.28470000000000006,-37.51814367242077
-0.28369999999999995,-36.584434214509855
-0.28270000000000006,-35.806342999584075
-0.28169999999999995,-35.14142868864751
-0.28070000000000006,-34.179425004739294
-0.27969999999999995,-33.45792224180811
-0.27870000000000006,-32.62324257488775
-0.27769999999999995,-31.83100424696332
-0.27670000000000006,-31.109501484032155
-0.27569999999999995,-30.260674704113132
-0.27470000000000006,-29.63820173217252
-0.27369999999999994,-28.8459634042481
-0.27270000000000005,-28.09616641531963
-0.27169999999999994,-27.445399217381713
-0.27070000000000005,-26.58242532446404
-0.26969999999999994,-26.030687917516673
-0.26870000000000005,-25.295038041586857
-0.26769999999999994,-24.57353527865569
-0.26670000000000005,-23.97935653271237
-0.26569999999999994,-23.187118204787954
-0.26470000000000005,-22.649527910839236
-0.26369999999999993,-21.94217226090672
-0.26270000000000004,-21.291405062968803
-0.26169999999999993,-20.72552054302279
-0.26070000000000004,-20.00401778009162
-0.25969999999999993,-19.523015938137508
-0.25870000000000004,-18.829807401203638
-0.25769999999999993,-18.23562865526032
-0.25670000000000004,-17.72633258730891
-0.2556999999999999,-17.061418276372343
-0.25470000000000004,-16.637004886412832
-0.2536999999999999,-16.014531914472215
-0.25270000000000004,-15.4769416205235
-0.2516999999999999,-15.03838111756534
-0.25070000000000003,-14.401761032626075
-0.24969999999999992,-13.990080044365348
-0.24870000000000003,-13.402974854921357
-0.24769999999999992,-12.896508209569674
-0.24670000000000003,-12.462191840511109
-0.24569999999999992,-11.869427805867657
-0.24470000000000003,-11.51009113570194
-0.24369999999999992,-10.96259786265417
-0.24270000000000003,-10.508475535397492
-0.24169999999999991,-10.133577040933258
-0.24070000000000003,-9.581839633985894
-0.2396999999999999,-9.279091415814774
-0.23870000000000002,-8.778283615662552
-0.2376999999999999,-8.362358493502233
-0.23670000000000002,-8.059610275331114
-0.23570000000000013,-7.5474847847799715
-0.23470000000000002,-7.287177905604803
-0.23370000000000013,-6.823152599249072
-0.23270000000000002,-6.441180548285512
-0.23170000000000013,-6.1624824222121
-0.23070000000000002,-5.709774806255288
-0.22970000000000013,-5.480591575677152
-0.22870000000000001,-5.073154721316022
-0.22770000000000012,-4.722306318949492
-0.2267,-4.486049531872031
-0.22570000000000012,-4.078612677510901
-0.2247,-3.8862119407292557
-0.22370000000000012,-3.5141428688647514
-0.2227,-3.2227123410925533
-0.22170000000000012,-3.0175792026121235
-0.2207,-2.6143864821505876
-0.21970000000000012,-2.461597661765164
-0.2187,-2.133384640196476
-0.21770000000000012,-1.8702483384215782
-0.2167,-1.6976535598380442
-0.2157000000000001,-1.3021002803957797
-0.2147,-1.1831230600771303
-0.2137000000000001,-0.8925413590848515
-0.2127,-0.6690169737061759
-0.2117000000000001,-0.5230187675601041
-0.2107,-0.1919763233916855
-0.2097000000000001,-0.09864781893958902
-0.2087,0.1772633258730891
-0.2077000000000001,0.3686737647448286
-0.2067,0.47803094822439585
-0.2057000000000001,0.7826182910853382
-0.2047,0.845148530539373
-0.2037000000000001,1.0915912389758624
-0.2027,1.2688545648489515
-0.2017000000000001,1.3603863859502194
-0.2007,1.6396503965435776
-0.1997000000000001,1.6693593338407433
-0.1987,1.897127853119014
-0.1977000000000001,2.049916673504438
-0.19669999999999999,2.1149933932982297
-0.1957000000000001,2.3710561385738016
-0.19469999999999998,2.3767149837732613
-0.1937000000000001,2.5804334109538267
-0.19269999999999998,2.7134162731411404
-0.1917000000000001,2.764345879936282
-0.1907000000000001,2.9921143992145525
-0.1897000000000002,3.002017378313608
-0.1887000000000001,3.167538600397817
-0.1877000000000002,3.27222723658783
-0.1867000000000001,3.28354492698675
-0.1857000000000002,3.4971663332663705
-0.1847000000000001,3.46887210726907
-0.1837000000000002,3.64288159715247
-0.18270000000000008,3.7603026350412674
-0.1817000000000002,3.7716203254401877
-0.18070000000000008,3.9838270204199433
-0.1797000000000002,3.9541180831227782
-0.17870000000000008,4.088515656609956
-0.1777000000000002,4.173398334601859
-0.17670000000000008,4.1833013137009125
-0.1757000000000002,4.371457916582963
-0.17470000000000008,4.323357732387552
-0.1737000000000002,4.46058472847446
-0.17270000000000008,4.534149716067443
-0.17170000000000019,4.527076159568118
-0.17070000000000007,4.696841515551922
-0.16970000000000018,4.633179507057995
-0.16870000000000007,4.774650637044499
-0.16770000000000018,4.855289181136806
-0.16670000000000007,4.835483222938696
-0.16570000000000018,4.992516177223715
-0.16470000000000007,4.950074838227763
-0.16370000000000018,5.073154721316022
-0.16270000000000007,5.112766637712243
-0.16170000000000018,5.088716545614537
-0.16070000000000007,5.237261232100366
-0.15970000000000018,5.165110955807249
-0.15870000000000006,5.281117282396182
-0.15770000000000017,5.3178997761926725
-0.15670000000000006,5.276873148496587
-0.15570000000000017,5.41268543328363
-0.15470000000000006,5.305167374493887
-0.15370000000000017,5.425417834982416
-0.15270000000000006,5.470688596578097
-0.15170000000000017,5.425417834982416
-0.15070000000000006,5.582450789267434
-0.14970000000000017,5.503226956474993
-0.14870000000000005,5.614989149164331
-0.14770000000000016,5.648942220361092
-0.14670000000000005,5.60367145876541
-0.14570000000000016,5.788998639047731
-0.14470000000000005,5.663089333359742
-0.14370000000000016,5.733824898352994
-0.14270000000000005,5.757874990450699
-0.14170000000000016,5.718263074054478
-0.14070000000000005,5.854075358841522
-0.13970000000000016,5.773436814749215
-0.13870000000000005,5.871051894439902
-0.13770000000000016,5.902175543036933
-0.13670000000000004,5.839928245842872
-0.13570000000000015,5.98564350972897
-0.13470000000000004,5.893687275237743
-0.13370000000000015,5.992717066228296
-0.13270000000000004,6.025255426125191
-0.13170000000000015,5.9729111080301855
-0.13070000000000004,6.107308681517363
-0.12970000000000015,6.01393773572627
-0.12870000000000004,6.108723392817228
-0.12770000000000015,6.142676464013989
-0.12670000000000003,6.088917434619118
-0.12570000000000014,6.221900296806432
-0.12470000000000003,6.132773484914934
-0.12370000000000014,6.217656162906836
-0.12270000000000003,6.226144430706027
-0.12170000000000014,6.180873669110345
-0.12070000000000003,6.318100665197254
-0.11970000000000014,6.241706255004542
-0.11870000000000003,6.333662489495769
-0.11770000000000014,6.360542004193205
-0.11670000000000003,6.302538840898738
-0.11570000000000014,6.448254104784837
-0.11470000000000002,6.360542004193205
-0.11370000000000013,6.441180548285512
-0.11270000000000002,6.473718908182407
-0.11170000000000013,6.435521703086052
-0.11070000000000024,6.579822255672285
-0.10970000000000013,6.475133619482273
-0.10870000000000024,6.574163410472826
-0.10770000000000013,6.6095311929694525
-0.10670000000000024,6.543039761875795
-0.10570000000000013,6.687340314462029
-0.10470000000000024,6.625093017267967
-0.10370000000000013,6.705731561360274
-0.10270000000000024,6.7340257873575755
-0.10170000000000012,6.701487427460679
-0.10070000000000023,6.848617402646643
-0.09970000000000012,6.759490590755146
-0.09870000000000023,6.851446825246373
-0.09770000000000012,6.895302875542188
-0.09670000000000023,6.851446825246373
-0.09570000000000012,6.984429687433686
-0.09470000000000023,6.917938256340029
-0.09370000000000012,7.019797469930312
-0.09270000000000023,7.046676984627748
-0.09170000000000011,7.005650356931662
-0.09070000000000022,7.164098022516545
-0.08970000000000011,7.107509570521944
-0.08870000000000022,7.220686474511147
-0.08770000000000011,7.2659572361068285
-0.08670000000000022,7.234833587509797
-0.08570000000000011,7.372060583596706
-0.08470000000000022,7.323960399401294
-0.08370000000000011,7.4244049016917115
-0.08270000000000022,7.439966725990228
-0.0817000000000001,7.411672499992927
-0.08070000000000022,7.577193722077136
-0.0797000000000001,7.503628734484154
-0.07870000000000021,7.599829102874978
-0.0777000000000001,7.669149956568364
-0.07670000000000021,7.656417554869579
-0.0757000000000001,7.787985705757026
-0.07470000000000021,7.727153119862831
-0.0737000000000001,7.864380115949738
-0.07270000000000021,7.888430208047444
-0.0717000000000001,7.829012333453114
-0.07070000000000021,8.017168936335162
-0.0697000000000001,7.970483463439617
-0.0687000000000002,8.076586810929495
-0.0677000000000001,8.226546208715188
-0.0667000000000002,8.175616601920048
-0.06570000000000009,8.341137824004257
-0.0647000000000002,8.310014175407224
-0.06370000000000009,8.410458677697642
-0.0627000000000002,8.47977953139103
-0.06170000000000009,8.5052443347886
-0.0607000000000002,8.689156803771056
-0.059700000000000086,8.63398306307632
-0.058700000000000196,8.748574678365387
-0.057700000000000085,8.822139665958368
-0.056700000000000195,8.816480820758908
-0.05570000000000008,8.983416754142983
-0.05470000000000019,8.933901858647706
-0.05370000000000008,9.073958277334345
-0.05270000000000019,9.150352687527057
-0.05170000000000008,9.126302595429351
-0.05070000000000019,9.298897374012885
-0.04970000000000008,9.305970930512213
-0.04870000000000019,9.451686194398311
-0.047700000000000076,9.518177625491967
-0.046700000000000186,9.523836470691428
-0.045700000000000074,9.714822496173207
-0.044700000000000184,9.679454713676583
-0.04370000000000007,9.846390647060655
-0.04270000000000018,9.921370345953502
-0.04170000000000007,9.922785057253368
-0.04070000000000018,10.108112237535686
-0.03970000000000007,10.064256187239872
-0.03870000000000018,10.207142028526238
-0.03770000000000007,10.300512974317332
-0.03670000000000018,10.293439417818007
-0.035700000000000065,10.509890246697358
-0.034700000000000175,10.488669577199383
-0.03370000000000006,10.62589657328629
-0.03270000000000017,10.712193962578057
-0.03170000000000006,10.74897645637455
-0.03070000000000017,10.95976844005444
-0.02970000000000006,10.939962481856329
-0.02870000000000017,11.096995436141347
-0.027700000000000058,11.19036638193244
-0.026700000000000168,11.197439938431765
-0.025700000000000056,11.411061344711387
-0.024700000000000166,11.402573076912194
-0.023700000000000054,11.562435453796944
-0.022700000000000164,11.660050533487633
-0.021700000000000053,11.684100625585337
-0.020700000000000163,11.903380877064418
-0.01970000000000005,11.889233764065768
-0.01870000000000016,12.054754986149977
-0.01770000000000005,12.177834869238236
-0.01670000000000016,12.15944362233999
-0.015700000000000047,12.392870986817721
-0.014700000000000157,12.432482903213943
-0.013700000000000045,12.538586250703819
-0.012700000000000156,12.675813246790728
-0.011700000000000044,12.73806054398479
-0.010700000000000154,12.944608393765087
-0.009700000000000042,12.94885252766468
-0.008700000000000152,13.097397214150508
-0.00770000000000004,13.209159406839847
-0.00670000000000015,13.268577281434178
-0.005700000000000038,13.506248779811504
-0.0047000000000001485,13.456733884316229
-0.0037000000000000366,13.674599424495446
-0.0027000000000001467,13.787776328484648
-0.0017000000000000348,13.820314688381544
-0.000700000000000145,14.083450990156441
0.00029999999999996696,14.079206856256844
0.0012999999999998568,14.24614278964092
0.0022999999999999687,14.359319693630123
0.0032999999999998586,14.415908145624723
0.0042999999999999705,14.67055617960043
0.00529999999999986,14.684703292599082
0.006299999999999972,14.868615761581536
0.007299999999999862,14.98179266557074
0.008299999999999974,15.02423400456669
0.009299999999999864,15.278882038542395
0.010299999999999976,15.278882038542395
0.011299999999999866,15.505235846520803
0.012299999999999978,15.660854089505953
