Potential V vs RHE, Current mA cm-2
0.013299999999999867,24.516946826661083
0.012299999999999978,21.94217226090672
0.011299999999999866,19.622045729128057
0.010299999999999976,17.881950830294063
0.009299999999999864,16.438945304431726
0.008299999999999974,14.868615761581536
0.007299999999999862,13.039394050856043
0.006299999999999972,11.20734291753082
0.00529999999999986,9.811022864564029
0.0042999999999999705,8.764136502663902
0.0032999999999998586,7.49938460058456
0.0022999999999999687,5.886613718738418
0.0012999999999998568,4.360140226184043
0.00029999999999996696,3.1816857133964676
-0.000700000000000145,2.30880884137974
-0.0017000000000000348,1.2626298351295453
-0.0027000000000001467,-0.1766974413531431
-0.0037000000000000366,-1.6594563547416883
-0.0047000000000001485,-2.706342716641815
-0.005700000000000038,-3.4915074880669104
-0.00670000000000015,-4.450681749375406
-0.00770000000000004,-5.759289701750564
-0.008700000000000152,-7.067897654125724
-0.009700000000000042,-7.984630576438266
-0.010700000000000154,-8.725939297567548
-0.011700000000000044,-9.59740145828441
-0.012700000000000156,-10.863568071663616
-0.013700000000000045,-12.170761312738911
-0.014700000000000157,-13.043638184755638
-0.015700000000000047,-13.654793466297335
-0.01670000000000016,-14.486643710617974
-0.01770000000000005,-15.660854089505953
-0.01870000000000016,-16.835064468393938
-0.01970000000000005,-17.627302796318357
-0.020700000000000163,-18.19318731626437
-0.021700000000000053,-18.97127853119014
-0.022700000000000164,-20.10304757108217
-0.023700000000000054,-21.248963723972853
-0.024700000000000166,-22.069496277894572
-0.025700000000000056,-22.63538079784059
-0.026700000000000168,-23.385177786769056
-0.027700000000000058,-24.516946826661083
-0.02870000000000017,-25.648715866553115
-0.02970000000000006,-26.440954194477534
-0.03070000000000017,-26.9643973754276
-0.03170000000000006,-27.742488590353368
-0.03270000000000017,-28.8742576302454
-0.03370000000000006,-29.921143992145527
-0.034700000000000175,-30.71338232006995
-0.035700000000000065,-31.23682550102001
-0.03670000000000018,-31.930034037953877
-0.03770000000000007,-33.06180307784591
-0.03870000000000018,-34.193572117737936
-0.03970000000000007,-34.94336910666641
-0.04070000000000018,-35.46681228761647
-0.04170000000000007,-36.16002082455034
-0.04270000000000018,-37.206907186450465
-0.04370000000000007,-38.33867622634249
-0.044700000000000184,-39.08847321527096
-0.045700000000000074,-39.56947505722508
-0.046700000000000186,-40.30512493315489
-0.047700000000000076,-41.39445263405098
-0.04870000000000019,-42.526221673943
-0.04970000000000008,-43.17698887188092
-0.05070000000000019,-43.657990713835034
-0.05170000000000008,-44.36534636376755
-0.05270000000000019,-45.412232725667685
-0.05370000000000008,-46.544001765559706
-0.05470000000000019,-47.36453431948143
-0.05570000000000008,-47.80309482243959
-0.056700000000000195,-48.51045047237211
-0.057700000000000085,-49.50074838227763
-0.058700000000000196,-50.547634744177756
-0.059700000000000086,-51.33987307210218
-0.0607000000000002,-51.82087491405629
-0.06170000000000009,-52.55652478998611
-0.0627000000000002,-53.64585249088219
-0.06370000000000009,-54.791768643772876
-0.0647000000000002,-55.527418519702685
-0.06570000000000009,-55.9235376836649
-0.0667000000000002,-56.57430488160282
-0.0677000000000001,-57.66363258249889
-0.0687000000000002,-58.75296028339497
-0.0697000000000001,-59.54519861131939
-0.07070000000000021,-60.11108313126541
-0.0717000000000001,-60.67696765121143
-0.07270000000000021,-61.63897133511965
-0.0737000000000001,-62.72829903601572
-0.07470000000000021,-63.59127292893339
-0.0757000000000001,-64.34106991786187
-0.07670000000000021,-65.0767197937917
-0.0777000000000001,-66.16604749468777
-0.07870000000000021,-67.21293385658788
-0.0797000000000001,-67.96273084551636
-0.08070000000000022,-68.52861536546239
-0.0817000000000001,-69.39158925838004
-0.08270000000000022,-70.57994675026669
-0.08370000000000011,-71.75415712915466
-0.08470000000000022,-72.48980700508447
-0.08570000000000011,-72.8859261690467
-0.08670000000000022,-73.45181068899271
-0.08770000000000011,-74.49869705089283
-0.08870000000000022,-75.6729074297808
-0.08970000000000011,-76.63491111368903
-0.09070000000000022,-77.243236972631
-0.09170000000000011,-77.90815128356756
-0.09270000000000023,-78.91259630647174
-0.09370000000000012,-79.94533555537322
-0.09470000000000023,-80.82245656128954
-0.09570000000000012,-81.51566509822342
-0.09670000000000023,-82.39278610413973
-0.09770000000000012,-83.56699648302772
-0.09870000000000023,-84.75535397491434
-0.09970000000000012,-85.53344518984011
-0.10070000000000023,-86.01444703179425
-0.10170000000000012,-86.7076555687281
-0.10270000000000024,-87.89601306061473
-0.10370000000000013,-89.02778210050676
-0.10470000000000024,-89.94734444541903
-0.10570000000000013,-90.51322896536506
-0.10670000000000024,-91.16399616330297
-0.10770000000000013,-92.29576520319499
-0.10870000000000024,-93.42753424308701
-0.10970000000000013,-94.26221391000739
-0.11070000000000024,-94.87053976894937
-0.11170000000000013,-95.64863098387512
-0.11270000000000002,-96.73795868477121
-0.11370000000000013,-97.92631617665783
-0.11470000000000002,-98.7892900695755
-0.11570000000000014,-99.41176304151614
-0.11670000000000003,-100.10497157844999
-0.11770000000000014,-101.19429927934607
-0.11870000000000003,-102.41095099723
-0.11970000000000014,-103.28807200314633
-0.12070000000000003,-103.89639786208829
-0.12170000000000014,-104.64619485101677
-0.12270000000000003,-105.69308121291688
-0.12370000000000014,-106.78240891381296
-0.12470000000000003,-107.6029414677347
-0.12570000000000014,-108.0839433096888
-0.12670000000000003,-108.87618163761321
-0.12770000000000015,-110.05039201650122
-0.12870000000000004,-111.26704373438514
-0.12970000000000015,-112.14416474030146
-0.13070000000000004,-112.62516658225556
-0.13170000000000015,-113.36081645818538
-0.13270000000000004,-114.45014415908147
-0.13370000000000015,-115.68094298996405
-0.13470000000000004,-116.62879956087362
-0.13570000000000015,-117.19468408081964
-0.13670000000000004,-117.98692240874406
-0.13770000000000016,-119.1186914486361
-0.13870000000000005,-120.33534316652002
-0.13970000000000016,-121.12758149444444
-0.14070000000000005,-121.60858333639854
-0.14170000000000016,-122.42911589032028
-0.14270000000000005,-123.6174733822069
-0.14370000000000016,-124.91900777808273
-0.14470000000000005,-125.7536874450031
-0.14570000000000016,-126.27713062595316
-0.14670000000000005,-126.9278978238911
-0.14770000000000016,-127.97478418579122
-0.14870000000000005,-129.1489945646792
-0.14970000000000017,-129.98367423159957
-0.15070000000000006,-130.5495587515456
-0.15170000000000017,-131.37009130546733
-0.15270000000000006,-132.60089013634988
-0.15370000000000017,-133.81754185423384
-0.15470000000000006,-134.56733884316228
-0.15570000000000017,-134.94931089412586
-0.15670000000000006,-135.65666654405837
-0.15770000000000017,-136.95820093993422
-0.15870000000000006,-138.27388244880868
-0.15970000000000018,-139.0095323247385
-0.16070000000000007,-139.44809282769666
-0.16170000000000018,-140.0988600256346
-0.16270000000000007,-141.14574638753473
-0.16370000000000018,-142.4614278964092
-0.16470000000000007,-143.5931969363012
-0.16570000000000018,-144.30055258623375
-0.16670000000000007,-144.86643710617977
-0.16770000000000018,-145.85673501608528
-0.16870000000000007,-146.7055617960043
-0.16970000000000018,-147.6958597059098
-0.17070000000000007,-148.54468648582886
-0.17170000000000019,-149.39351326574788
-0.17270000000000008,-150.38381117565342
-0.1737000000000002,-151.37410908555893
-0.17470000000000008,-151.7985224755184
-0.1757000000000002,-152.22293586547795
-0.17670000000000008,-153.07176264539694
-0.1777000000000002,-154.486473945262
-0.17870000000000008,-155.75971411514055
-0.1797000000000002,-156.46706976507306
-0.18070000000000008,-156.60854089505958
-0.1817000000000002,-157.17442541500557
-0.18270000000000008,-158.3061944548976
-0.1837000000000002,-159.86237688474912
-0.1847000000000001,-160.8526747946547
-0.1857000000000002,-161.2770881846142
-0.1867000000000001,-161.84297270456022
-0.1877000000000002,-162.6917994844792
-0.1887000000000001,-163.82356852437124
-0.1897000000000002,-164.67239530429026
-0.1907000000000001,-165.3797509542228
-0.1917000000000001,-165.94563547416882
-0.19269999999999998,-167.07740451406085
-0.1937000000000001,-168.06770242396635
-0.19469999999999998,-168.77505807389886
-0.1957000000000001,-169.0580003338719
-0.19669999999999999,-169.7653559838044
-0.1977000000000001,-170.89712502369645
-0.1987,-172.0288940635885
-0.1997000000000001,-172.73624971352098
-0.2007,-173.16066310348046
-0.2017000000000001,-173.72654762342648
-0.2027,-174.71684553333202
-0.2037000000000001,-175.84861457322407
-0.2047,-176.4144990931701
-0.2057000000000001,-176.6974413531431
-0.2067,-177.1218547431026
-0.2077000000000001,-178.1121526530081
-0.2087,-179.38539282288664
-0.2097000000000001,-180.23421960280567
-0.2107,-180.65863299276518
-0.2117000000000001,-181.08304638272472
-0.2127,-181.64893090267074
-0.2137000000000001,-182.63922881257625
-0.2147,-183.34658446250873
-0.2157000000000001,-183.91246898245475
-0.2167,-184.6198246323873
-0.21770000000000012,-185.6101225422928
-0.2187,-186.31747819222534
-0.21970000000000012,-186.88336271217133
-0.2207,-187.02483384215788
-0.22170000000000012,-187.44924723211736
-0.2227,-188.29807401203638
-0.22370000000000012,-189.2883719219419
-0.2247,-189.99572757187443
-0.22570000000000012,-190.42014096183394
-0.2267,-190.84455435179345
-0.22770000000000012,-191.69338113171247
-0.22870000000000001,-192.54220791163152
-0.22970000000000013,-193.10809243157752
-0.23070000000000002,-193.3910346915505
-0.23170000000000013,-193.9569192114965
-0.23270000000000002,-194.66427486142905
-0.23370000000000013,-195.23015938137505
-0.23470000000000002,-195.51310164134807
-0.23570000000000013,-195.79604390132107
-0.23670000000000002,-196.2204572912806
-0.2376999999999999,-197.0692840711996
-0.23870000000000002,-197.91811085111863
-0.2396999999999999,-198.3425242410781
-0.24070000000000003,-198.62546650105114
-0.24169999999999991,-199.04987989101065
-0.24270000000000003,-200.04017780091618
-0.24369999999999992,-200.88900458083523
-0.24470000000000003,-201.31341797079472
-0.24569999999999992,-201.17194684080823
-0.24670000000000003,-201.59636023076774
-0.24769999999999992,-202.58665814067325
-0.24870000000000003,-203.57695605057876
-0.24969999999999992,-204.14284057052478
-0.25070000000000003,-204.0013694405383
-0.2516999999999999,-204.14284057052478
-0.25270000000000004,-204.8501962204573
-0.2536999999999999,-205.69902300037634
-0.25470000000000004,-206.12343639033585
-0.2556999999999999,-205.98196526034934
-0.25670000000000004,-206.26490752032234
-0.25769999999999993,-206.97226317025488
-0.25870000000000004,-207.8210899501739
-0.25969999999999993,-208.1040322101469
-0.26070000000000004,-208.1040322101469
-0.26169999999999993,-208.3869744701199
-0.26270000000000004,-208.95285899006592
-0.26369999999999993,-209.51874351001192
-0.26470000000000005,-209.8016857699849
-0.26569999999999994,-209.8016857699849
-0.26670000000000005,-209.94315689997146
-0.26769999999999994,-210.65051254990397
-0.26870000000000005,-211.07492593986345
-0.26969999999999994,-211.21639706985
-0.27070000000000005,-211.07492593986345
-0.27169999999999994,-211.21639706985
-0.27270000000000005,-211.782281589796
-0.27369999999999994,-212.48963723972852
-0.27470000000000006,-212.77257949970152
-0.27569999999999995,-212.34816610974204
-0.27670000000000006,-212.34816610974204
-0.27769999999999995,-212.631108369715
-0.27870000000000006,-213.05552175967455
-0.27969999999999995,-213.19699288966103
-0.28070000000000006,-213.05552175967455
-0.28169999999999995,-213.05552175967455
-0.28270000000000006,-213.47993514963403
-0.28369999999999995,-213.90434853959354
-0.28470000000000006,-213.90434853959354
-0.28569999999999995,-213.90434853959354
-0.28670000000000007,-213.90434853959354
-0.28769999999999996,-214.32876192955305
-0.28870000000000007,-214.75317531951256
-0.28969999999999996,-214.75317531951256
-0.29070000000000007,-214.61170418952605
-0.29169999999999996,-214.61170418952605
-0.29270000000000007,-215.17758870947208
-0.29369999999999996,-215.4605309694451
-0.2947000000000001,-215.4605309694451
-0.29569999999999996,-215.31905983945856
-0.2967000000000001,-215.31905983945856
-0.29769999999999996,-215.4605309694451
-0.2987000000000001,-215.88494435940459
-0.29969999999999997,-216.0264154893911
-0.3007000000000001,-215.7434732294181
-0.30169999999999997,-215.4605309694451
-0.3027000000000001,-215.4605309694451
-0.30369999999999997,-215.88494435940459
-0.3047000000000001,-215.88494435940459
-0.30569999999999997,-215.4605309694451
-0.3067000000000001,-215.6020020994316
-0.3077,-216.1678866193776
-0.3087000000000001,-216.59230000933712
-0.3097,-216.4508288793506
-0.3107000000000001,-216.0264154893911
-0.3117,-215.88494435940459
-0.3127000000000001,-216.0264154893911
-0.3137,-216.4508288793506
-0.3147000000000001,-216.4508288793506
-0.3157,-216.1678866193776
-0.3167000000000001,-216.1678866193776
-0.3177,-216.3093577493641
-0.3187000000000001,-216.73377113932364
-0.3197,-216.87524226931012
-0.3207000000000001,-216.59230000933712
-0.3217,-216.4508288793506
-0.3227000000000001,-216.73377113932364
-0.3237,-217.01671339929663
-0.3247000000000001,-217.01671339929663
-0.3257,-216.87524226931012
-0.3267000000000001,-216.87524226931012
-0.3277,-217.15818452928315
-0.3287000000000001,-217.44112678925615
-0.3297,-217.29965565926966
-0.3307000000000001,-216.87524226931012
-0.3317,-216.87524226931012
-0.3327000000000001,-217.15818452928315
-0.3337,-217.72406904922914
-0.3347000000000001,-217.58259791924263
-0.3357,-217.15818452928315
-0.3367000000000001,-217.01671339929663
-0.3377,-217.44112678925615
-0.3387000000000001,-218.14848243918865
-0.3397,-218.14848243918865
-0.3407000000000001,-217.29965565926966
-0.3417,-217.01671339929663
-0.3427000000000001,-217.58259791924263
-0.3437,-218.71436695913465
-0.3447000000000001,-219.8461359990267
-0.3457,-220.1290782589997
-0.3467000000000001,-220.1290782589997
-0.3477,-220.6949627789457
-0.3487000000000001,-220.97790503891872
-0.3497,-220.97790503891872
-0.3507000000000001,-221.11937616890526
-0.3517,-221.68526068885126
-0.3527000000000001,-222.6755585987568
-0.3537,-222.81702972874328
-0.3547000000000001,-222.3926163387838
-0.3557,-221.68526068885126
-0.35670000000000013,-221.26084729889175
-0.3577,-221.68526068885126
-0.35870000000000013,-222.3926163387838
-0.3597,-222.81702972874328
-0.36070000000000013,-222.6755585987568
-0.3617,-222.3926163387838
-0.3626999999999999,-222.3926163387838
-0.3637,-222.6755585987568
-0.3646999999999999,-222.3926163387838
-0.3657,-222.10967407881074
-0.3666999999999999,-222.10967407881074
-0.3677,-222.53408746877028
-0.3686999999999999,-223.09997198871628
-0.36970000000000003,-223.52438537867582
-0.3706999999999999,-223.6658565086623
-0.37170000000000003,-223.80732763864881
-0.3726999999999999,-224.2317410286083
-0.37370000000000003,-224.5146832885813
-0.3746999999999999,-224.65615441856778
-0.37570000000000003,-224.65615441856778
-0.3766999999999999,-224.93909667854084
-0.37770000000000004,-225.50498119848683
-0.3786999999999999,-225.92939458844637
-0.37970000000000004,-226.07086571843288
-0.3806999999999999,-226.21233684841937
-0.38170000000000004,-226.77822136836537
-0.38269999999999993,-228.0514615382439
-0.38370000000000004,-228.61734605818995
-0.38469999999999993,-228.75881718817644
-0.38570000000000004,-228.47587492820347
-0.38669999999999993,-226.63675023837888
-0.38570000000000004,-221.82673181883774
-0.38469999999999993,-217.72406904922914
-0.38370000000000004,-213.76287740960703
-0.38269999999999993,-209.51874351001192
-0.38170000000000004,-205.41608074040332
-0.3806999999999999,-201.87930249074074
-0.37970000000000004,-198.3425242410781
-0.3786999999999999,-194.80574599141553
-0.37770000000000004,-191.12749661176645
-0.3766999999999999,-187.87366062207687
-0.37570000000000003,-184.9027668923603
-0.3746999999999999,-181.93187316264374
-0.37370000000000003,-178.67803717295413
-0.3726999999999999,-175.28273005327804
-0.37170000000000003,-172.17036519357498
-0.3706999999999999,-169.7653559838044
-0.36970000000000003,-167.21887564404733
-0.3686999999999999,-164.67239530429026
-0.3677,-161.5600304445872
-0.3666999999999999,-158.5891367148706
-0.3657,-156.04265637511355
-0.3646999999999999,-153.77911829532948
-0.3637,-151.23263795557244
-0.3626999999999999,-148.40321535584232
-0.3617,-145.7152638860988
-0.36070000000000013,-143.4517258063147
-0.3597,-141.3155117435185
-0.35870000000000013,-139.0095323247385
-0.3577,-136.70355290595847
-0.35670000000000013,-134.69466286015015
-0.3557,-132.99700930031207
-0.3547000000000001,-131.1154432714916
-0.3537,-128.62555138372915
-0.3527000000000001,-126.00833547897882
-0.3517,-123.78723873819072
-0.3507000000000001,-122.08958517835266
-0.3497,-120.60413831349437
-0.3487000000000001,-118.63768960668197
-0.3477,-116.14779771891952
-0.3467000000000001,-113.92670097813141
-0.3457,-112.10172340130552
-0.3447000000000001,-110.48895251945936
-0.3437,-108.60738649063886
-0.3427000000000001,-106.38628974985076
-0.3417,-104.41984104303836
-0.3407000000000001,-102.89195283918411
-0.3397,-101.27918195733798
-0.3387000000000001,-99.31273325052557
-0.3377,-97.09163650973747
-0.3367000000000001,-95.26665893291157
-0.3357,-93.90853608504113
-0.3347000000000001,-92.50797189817473
-0.3337,-90.68299432134886
-0.3327000000000001,-88.5892215975486
-0.3317,-86.80668535971866
-0.3307000000000001,-85.57588652883607
-0.3297,-84.35923481095215
-0.3287000000000001,-82.61913991211814
-0.3277,-80.65269120530574
-0.3267000000000001,-78.77112517648524
-0.3257,-77.42714944161345
-0.3247000000000001,-76.29538040172143
-0.3237,-74.80993353686314
-0.3227000000000001,-73.0556915250305
-0.3217,-71.35803796519245
-0.3207000000000001,-69.91503243933012
-0.3197,-68.65593938245023
-0.3187000000000001,-67.08560983960004
-0.3177,-65.38795627976201
-0.3167000000000001,-63.902509414903705
-0.3157,-62.81318171400764
-0.3147000000000001,-61.7662953521075
-0.3137,-60.23840714825326
-0.3127000000000001,-58.45587091042332
-0.3117,-56.927982706569075
-0.3107000000000001,-55.881096344668954
-0.3097,-54.876651321764776
-0.3087000000000001,-53.518528473894335
-0.3077,-51.82087491405629
-0.3067000000000001,-50.37786938819396
-0.30569999999999997,-49.33098302629383
-0.3047000000000001,-48.41142068138156
-0.30369999999999997,-47.19476896349763
-0.3027000000000001,-45.581998081651484
-0.30169999999999997,-44.181433894785094
-0.3007000000000001,-43.17698887188092
-0.29969999999999997,-42.229132300971344
-0.2987000000000001,-40.99833347008877
-0.29769999999999996,-39.47044526623452
-0.2967000000000001,-38.16891087035869
-0.29569999999999996,-37.249348525446415
-0.2947000000000001,-36.329786180534136
-0.29369999999999996,-35.07069312365426
-0.29270000000000007,-33.58524625879597
-0.29169999999999996,-32.368594540912035
-0.29070000000000007,-31.618797551983565
-0.28969999999999996,-30.88314767605375
-0.28870000000000007,-29.708937297165768
-0.28769999999999996,-28.265931771303435
-0.28670000000000007,-26.9643973754276
-0.28569999999999995,-26.129717708507226
-0.28470000000000006,-25.478950510569312
-0.28369999999999995,-24.389622809673234
-0.28270000000000006,-23.031499961802798
-0.28169999999999995,-21.814848243918867
-0.28070000000000006,-21.022609915994444
-0.27969999999999995,-20.329401379060574
-0.27870000000000006,-19.28251501716045
-0.27769999999999995,-17.924392169290012
-0.27670000000000006,-16.835064468393938
-0.27569999999999995,-16.141855931460068
-0.27470000000000006,-15.491088733522153
-0.27369999999999994,-14.486643710617974
-0.27270000000000005,-13.13135028534727
-0.27169999999999994,-12.040607873151327
-0.27070000000000005,-11.343155202317865
-0.26969999999999994,-10.775855971071984
-0.26870000000000005,-9.81668170976349
-0.26769999999999994,-8.508073757388331
-0.26670000000000005,-7.4173313451923875
-0.26569999999999994,-6.762320013354876
-0.26470000000000005,-6.196435493408861
-0.26369999999999993,-5.279702571096316
-0.26270000000000004,-4.0588067193127895
-0.26169999999999993,-3.0119203574126634
-0.26070000000000004,-2.4007650758709675
-0.25969999999999993,-1.92117794521672
-0.25870000000000004,-1.0054353208140816
-0.25769999999999993,0.2594580523952477
-0.25670000000000004,1.219056727093702
-0.2556999999999999,1.7867803717295414
-0.25470000000000004,2.2663675023837886
-0.2536999999999999,3.1816857133964676
-0.25270000000000004,4.360140226184043
-0.2516999999999999,5.275458437196722
-0.25070000000000003,5.75504556785097
-0.24969999999999992,6.234632698505217
-0.24870000000000003,7.063653520226129
-0.24769999999999992,8.242108033013702
-0.24670000000000003,9.201282294322198
-0.24569999999999992,9.680869424976446
-0.24470000000000003,10.160456555630693
-0.24369999999999992,10.94562132705579
-0.24270000000000003,12.080219789547549
-0.24169999999999991,12.995538000560227
-0.24070000000000003,13.431269080918659
-0.2396999999999999,13.868414872576954
-0.23870000000000002,14.65640906660178
-0.2376999999999999,15.70329542850191
-0.23670000000000002,16.622857773414182
-0.23570000000000013,17.089712502369647
-0.23470000000000002,17.4433903273359
-0.23370000000000013,18.23562865526032
-0.23270000000000002,19.3249563561564
-0.23170000000000013,20.14548891007812
-0.23070000000000002,20.584049413036283
-0.22970000000000013,20.93772723800254
-0.22870000000000001,21.71581845292831
-0.22770000000000012,22.76270481482844
-0.2267,23.597384481748815
-0.22570000000000012,23.93691519371642
-0.2247,24.290593018682678
-0.22370000000000012,25.04039000761115
-0.2227,26.087276369511276
-0.22170000000000012,26.780484906445146
-0.2207,27.176604070407354
-0.21970000000000012,27.516134782374962
-0.2187,28.22349043230748
-0.21770000000000012,29.27037679420761
-0.2167,30.00602667013743
-0.2157000000000001,30.402145834099635
-0.2147,30.741676546067247
-0.2137000000000001,31.40659085700382
-0.2127,32.41103587990799
-0.2117000000000001,33.18912709483376
-0.2107,33.54280491980002
-0.2097000000000001,33.839894292771675
-0.2087,34.462367264712285
-0.2077000000000001,35.367782496625914
-0.2067,36.11757948555439
-0.2057000000000001,36.41466885852605
-0.2047,36.725905344496354
-0.2037000000000001,37.41911388143023
-0.2027,38.33867622634249
-0.2017000000000001,39.116767441268266
-0.2007,39.42800392723857
-0.1997000000000001,39.640210622218326
-0.1987,40.34756627215084
-0.1977000000000001,41.25298150406447
-0.19669999999999999,42.00277849299294
-0.1957000000000001,42.3564563179592
-0.19469999999999998,42.568663012938956
-0.1937000000000001,43.17698887188092
-0.19269999999999998,44.054109877797245
-0.1917000000000001,44.74731841473111
-0.1907000000000001,45.143437578693316
-0.1897000000000002,45.44052695166498
-0.1887000000000001,46.062999923605595
-0.1877000000000002,46.92597381652327
-0.1867000000000001,47.534299675465235
-0.1857000000000002,47.80309482243959
-0.1847000000000001,48.057742856415295
-0.1837000000000002,48.68021582835591
-0.18270000000000008,49.68466085126009
-0.1817000000000002,50.29298671020206
-0.18070000000000008,50.50519340518181
-0.1797000000000002,50.77398855215617
-0.17870000000000008,51.29743173310623
-0.1777000000000002,52.20284696501985
-0.17670000000000008,52.91020261495237
-0.1757000000000002,53.20729198792403
-0.17470000000000008,53.476087134898386
-0.1737000000000002,54.16929567183226
-0.17270000000000008,55.17374069473642
-0.17170000000000019,55.73962521468245
-0.17070000000000007,55.73962521468245
-0.16970000000000018,55.7820665536784
-0.16870000000000007,56.34795107362442
-0.16770000000000018,57.352396096528594
-0.16670000000000007,58.27195844144086
-0.16570000000000018,58.569047814412514
-0.16470000000000007,58.66807760540307
-0.16370000000000018,59.09249099536258
-0.16270000000000007,59.842287984291055
-0.16170000000000018,60.40817250423707
-0.16070000000000007,60.71940899020737
-0.15970000000000018,60.974057024183075
-0.15870000000000006,61.58238288312505
-0.15770000000000017,62.459503889041365
-0.15670000000000006,63.02538840898739
-0.15570000000000017,63.23759510396713
-0.15470000000000006,63.46394891194555
-0.15370000000000017,64.15715744887942
-0.15270000000000006,65.11916113278764
-0.15170000000000017,65.85481100871746
-0.15070000000000006,66.16604749468777
-0.14970000000000017,66.37825418966752
-0.14870000000000005,66.94413870961354
-0.14770000000000016,67.9485837325177
-0.14670000000000005,68.69838072144618
-0.14570000000000016,68.99547009441784
-0.14470000000000005,69.26426524139221
-0.14370000000000016,69.87259110033416
-0.14270000000000005,70.8345947842424
-0.14170000000000016,71.57024466017221
-0.14070000000000005,71.83903980714656
-0.13970000000000016,72.00880516313036
-0.13870000000000005,72.65957236106827
-0.13770000000000016,73.66401738397246
-0.13670000000000004,74.41381437290093
-0.13570000000000015,74.66846240687663
-0.13470000000000004,74.89481621485504
-0.13370000000000015,75.4182593958051
-0.13270000000000004,76.32367462771872
-0.13170000000000015,77.0734716166472
-0.13070000000000004,77.32811965062291
-0.12970000000000015,77.51203211960537
-0.12870000000000004,78.07791663955136
-0.12770000000000015,78.983331871465
-0.12670000000000003,79.73312886039348
-0.12570000000000014,80.12924802435568
-0.12470000000000003,80.46877873632329
-0.12370000000000014,81.11954593426121
-0.12270000000000003,81.99666694017753
-0.12170000000000014,82.6898754771114
-0.12070000000000003,82.95867062408576
-0.11970000000000014,83.26990711005605
-0.11870000000000003,83.96311564698992
-0.11770000000000014,84.92511933089816
-0.11670000000000003,85.66076920682796
-0.11570000000000014,85.97200569279828
-0.11470000000000002,86.22665372677399
-0.11370000000000013,86.83497958571596
-0.11270000000000002,87.79698326962418
-0.11170000000000013,88.54678025855264
-0.11070000000000024,88.80142829252836
-0.10970000000000013,89.01363498750811
-0.10870000000000024,89.72099063744062
-0.10770000000000013,90.76787699934074
-0.10670000000000024,91.58840955326248
-0.10570000000000013,91.98452871722468
-0.10470000000000024,92.25332386419905
-0.10370000000000013,92.94653240113291
-0.10270000000000024,93.95097742403709
-0.10170000000000012,94.77150997795881
-0.10070000000000023,95.29495315890887
-0.09970000000000012,95.64863098387512
-0.09870000000000023,96.341839520809
-0.09770000000000012,97.38872588270912
-0.09670000000000023,98.13852287163759
-0.09570000000000012,98.49220069660386
-0.09470000000000023,98.7892900695755
-0.09370000000000012,99.44005726751342
-0.09270000000000023,100.44450229041762
-0.09170000000000011,101.19429927934607
-0.09070000000000022,101.49138865231772
-0.08970000000000011,101.84506647728399
-0.08870000000000022,102.53827501421786
-0.08770000000000011,103.54272003712204
-0.08670000000000022,104.41984104303836
-0.08570000000000011,104.94328422398843
-0.08470000000000022,105.42428606594254
-0.08370000000000011,106.11749460287639
-0.08270000000000022,107.07949828678463
-0.0817000000000001,107.90003084070635
-0.08070000000000022,108.2537086656726
-0.0797000000000001,108.69226916863077
-0.07870000000000021,109.47036038355654
-0.0777000000000001,110.6162765364472
-0.07670000000000021,111.52169176836084
-0.0757000000000001,111.96025227131899
-0.07470000000000021,112.22904741829338
-0.0737000000000001,112.83737327723534
-0.07270000000000021,113.79937696114357
-0.0717000000000001,114.61990951506527
-0.07070000000000021,115.05847001802343
-0.0697000000000001,115.4121478429897
-0.0687000000000002,116.06291504092759
-0.0677000000000001,117.15224274182368
-0.0667000000000002,118.11424642573192
-0.06570000000000009,118.72257228467387
-0.0647000000000002,119.20357412662798
-0.06370000000000009,119.89678266356185
-0.0627000000000002,120.90122768646604
-0.06170000000000009,121.73590735338641
-0.0607000000000002,122.075438065354
-0.059700000000000086,122.47155722931623
-0.058700000000000196,123.26379555724066
-0.057700000000000085,124.48044727512458
-0.056700000000000195,125.31512694204494
-0.05570000000000008,125.65465765401254
-0.05470000000000019,126.05077681797478
-0.05370000000000008,126.65910267691672
-0.05270000000000019,127.79087171680875
-0.05170000000000008,128.71043406172103
-0.05070000000000019,129.19143590367514
-0.04970000000000008,129.67243774562928
-0.04870000000000019,130.40808762155908
-0.047700000000000076,131.37009130546733
-0.046700000000000186,132.16232963339172
-0.045700000000000074,132.4594190063634
-0.044700000000000184,132.7706554923337
-0.04370000000000007,133.54874670725948
-0.04270000000000018,134.63807440815555
-0.04170000000000007,135.51519541407185
-0.04070000000000018,135.86887323903812
-0.03970000000000007,136.12352127301384
-0.03870000000000018,136.83087692294635
-0.03770000000000007,137.92020462384244
-0.03670000000000018,138.92464964674662
-0.035700000000000065,139.49053416669264
-0.034700000000000175,139.87250621765617
-0.03370000000000006,140.62230320658463
-0.03270000000000017,141.61260111649017
-0.03170000000000006,142.31995676642268
-0.03070000000000017,142.8858412863687
-0.02970000000000006,143.16878354634173
-0.02870000000000017,143.87613919627424
-0.027700000000000058,144.86643710617977
-0.026700000000000168,145.57379275611228
-0.025700000000000056,145.9982061460718
-0.024700000000000166,146.28114840604482
-0.023700000000000054,146.9885040559773
-0.022700000000000164,147.97880196588284
-0.021700000000000053,148.68615761581535
-0.020700000000000163,149.1105710057749
-0.01970000000000005,149.39351326574788
-0.01870000000000016,150.1008689156804
-0.01770000000000005,151.37410908555893
-0.01670000000000016,152.0814647354914
-0.015700000000000047,151.93999360550492
-0.014700000000000157,152.0814647354914
-0.013700000000000045,153.07176264539694
-0.012700000000000156,154.76941620523502
-0.011700000000000044,156.46706976507306
-0.010700000000000154,157.03295428501906
-0.009700000000000042,156.75001202504606
-0.008700000000000152,157.17442541500557
-0.00770000000000004,158.1647233249111
-0.00670000000000015,159.15502123481662
-0.005700000000000038,159.86237688474912
-0.0047000000000001485,160.28679027470866
-0.0037000000000000366,160.8526747946547
-0.0027000000000001467,161.41855931460069
-0.0017000000000000348,161.9844438345467
-0.000700000000000145,162.12591496453322
0.00029999999999996696,162.5503283544927
0.0012999999999998568,163.39915513441173
0.0022999999999999687,164.24798191433075
0.0032999999999998586,164.9553375642633
0.0042999999999999705,165.09680869424977
0.00529999999999986,165.2382798242363
0.006299999999999972,165.8041643441823
0.007299999999999862,166.93593338407433
0.008299999999999974,167.78476016399335
0.009299999999999864,168.20917355395284
0.010299999999999976,168.63358694391238
0.011299999999999866,169.19947146385837
0.012299999999999978,170.0482982437774
