Apr. 20, 2025   15:36:34
Cyclic Voltammetry
File: c:/users/guazh/data/banditlqround7_x0exp590_r20/2025-04-16-exp1138\exp1138-2025-04-20t15_28_03-h2koh\exp1138_cv_50mvs_efin_-1500mv.bin
Data Source:  Experiment
Instrument Model:  CHI760E
Header: CV ran at 50 mVs
Note: 

Init E (V) = -1
High E (V) = -1
Low E (V) = -1.5
Final E (V) = -1
Init P/N = N
Scan Rate (V/s) = 0.05
Segment = 7
Sample Interval (V) = 0.001
Quiet Time (sec) = 60
Sensitivity (A/V) = 0.001
Comp R (ohm) = 1.4

Results:

Channel 1:
Segment 1:

Segment 2:

Segment 3:

Segment 4:

Segment 5:

Segment 6:

Segment 7:

Potential/V, Current/A

-1.000, 1.670e-6
-1.001, 2.031e-6
-1.002, 2.645e-6
-1.003, 2.968e-6
-1.004, 2.656e-6
-1.005, 2.212e-6
-1.006, 2.289e-6
-1.007, 2.868e-6
-1.008, 3.140e-6
-1.009, 2.841e-6
-1.010, 2.367e-6
-1.011, 2.424e-6
-1.012, 3.041e-6
-1.013, 3.290e-6
-1.014, 3.021e-6
-1.015, 2.559e-6
-1.016, 2.561e-6
-1.017, 3.111e-6
-1.018, 3.465e-6
-1.019, 3.136e-6
-1.020, 2.671e-6
-1.021, 2.710e-6
-1.022, 3.235e-6
-1.023, 3.588e-6
-1.024, 3.249e-6
-1.025, 2.803e-6
-1.026, 2.826e-6
-1.027, 3.338e-6
-1.028, 3.690e-6
-1.029, 3.389e-6
-1.030, 2.910e-6
-1.031, 2.892e-6
-1.032, 3.431e-6
-1.033, 3.806e-6
-1.034, 3.486e-6
-1.035, 2.991e-6
-1.036, 2.988e-6
-1.037, 3.527e-6
-1.038, 3.895e-6
-1.039, 3.621e-6
-1.040, 3.116e-6
-1.041, 3.100e-6
-1.042, 3.633e-6
-1.043, 4.036e-6
-1.044, 3.697e-6
-1.045, 3.222e-6
-1.046, 3.193e-6
-1.047, 3.747e-6
-1.048, 4.138e-6
-1.049, 3.828e-6
-1.050, 3.377e-6
-1.051, 3.335e-6
-1.052, 3.875e-6
-1.053, 4.277e-6
-1.054, 3.943e-6
-1.055, 3.459e-6
-1.056, 3.421e-6
-1.057, 3.919e-6
-1.058, 4.427e-6
-1.059, 4.101e-6
-1.060, 3.597e-6
-1.061, 3.546e-6
-1.062, 4.040e-6
-1.063, 4.524e-6
-1.064, 4.216e-6
-1.065, 3.731e-6
-1.066, 3.681e-6
-1.067, 4.220e-6
-1.068, 4.659e-6
-1.069, 4.389e-6
-1.070, 3.885e-6
-1.071, 3.808e-6
-1.072, 4.359e-6
-1.073, 4.766e-6
-1.074, 4.531e-6
-1.075, 4.041e-6
-1.076, 3.955e-6
-1.077, 4.462e-6
-1.078, 4.879e-6
-1.079, 4.701e-6
-1.080, 4.119e-6
-1.081, 4.103e-6
-1.082, 4.583e-6
-1.083, 5.040e-6
-1.084, 4.816e-6
-1.085, 4.309e-6
-1.086, 4.205e-6
-1.087, 4.694e-6
-1.088, 5.175e-6
-1.089, 4.969e-6
-1.090, 4.440e-6
-1.091, 4.365e-6
-1.092, 4.791e-6
-1.093, 5.323e-6
-1.094, 5.090e-6
-1.095, 4.569e-6
-1.096, 4.476e-6
-1.097, 4.946e-6
-1.098, 5.461e-6
-1.099, 5.238e-6
-1.100, 4.684e-6
-1.101, 4.591e-6
-1.102, 5.030e-6
-1.103, 5.543e-6
-1.104, 5.352e-6
-1.105, 4.830e-6
-1.106, 4.727e-6
-1.107, 5.182e-6
-1.108, 5.653e-6
-1.109, 5.541e-6
-1.110, 5.003e-6
-1.111, 4.853e-6
-1.112, 5.364e-6
-1.113, 5.789e-6
-1.114, 5.697e-6
-1.115, 5.124e-6
-1.116, 4.974e-6
-1.117, 5.457e-6
-1.118, 5.955e-6
-1.119, 5.833e-6
-1.120, 5.251e-6
-1.121, 5.096e-6
-1.122, 5.599e-6
-1.123, 6.057e-6
-1.124, 5.949e-6
-1.125, 5.399e-6
-1.126, 5.196e-6
-1.127, 5.700e-6
-1.128, 6.220e-6
-1.129, 6.097e-6
-1.130, 5.591e-6
-1.131, 5.316e-6
-1.132, 5.832e-6
-1.133, 6.337e-6
-1.134, 6.283e-6
-1.135, 5.728e-6
-1.136, 5.458e-6
-1.137, 5.953e-6
-1.138, 6.491e-6
-1.139, 6.453e-6
-1.140, 5.893e-6
-1.141, 5.633e-6
-1.142, 6.091e-6
-1.143, 6.625e-6
-1.144, 6.539e-6
-1.145, 6.007e-6
-1.146, 5.812e-6
-1.147, 6.193e-6
-1.148, 6.787e-6
-1.149, 6.724e-6
-1.150, 6.150e-6
-1.151, 5.929e-6
-1.152, 6.317e-6
-1.153, 6.896e-6
-1.154, 6.889e-6
-1.155, 6.318e-6
-1.156, 6.038e-6
-1.157, 6.441e-6
-1.158, 7.016e-6
-1.159, 6.981e-6
-1.160, 6.427e-6
-1.161, 6.153e-6
-1.162, 6.624e-6
-1.163, 7.167e-6
-1.164, 7.139e-6
-1.165, 6.574e-6
-1.166, 6.321e-6
-1.167, 6.722e-6
-1.168, 7.241e-6
-1.169, 7.227e-6
-1.170, 6.675e-6
-1.171, 6.467e-6
-1.172, 6.790e-6
-1.173, 7.447e-6
-1.174, 7.414e-6
-1.175, 6.859e-6
-1.176, 6.562e-6
-1.177, 6.952e-6
-1.178, 7.541e-6
-1.179, 7.554e-6
-1.180, 6.983e-6
-1.181, 6.731e-6
-1.182, 7.086e-6
-1.183, 7.676e-6
-1.184, 7.689e-6
-1.185, 7.155e-6
-1.186, 6.876e-6
-1.187, 7.230e-6
-1.188, 7.798e-6
-1.189, 7.880e-6
-1.190, 7.360e-6
-1.191, 6.996e-6
-1.192, 7.396e-6
-1.193, 7.996e-6
-1.194, 8.075e-6
-1.195, 7.529e-6
-1.196, 7.183e-6
-1.197, 7.563e-6
-1.198, 8.147e-6
-1.199, 8.243e-6
-1.200, 7.728e-6
-1.201, 7.303e-6
-1.202, 7.752e-6
-1.203, 8.296e-6
-1.204, 8.413e-6
-1.205, 7.903e-6
-1.206, 7.498e-6
-1.207, 7.903e-6
-1.208, 8.477e-6
-1.209, 8.563e-6
-1.210, 8.093e-6
-1.211, 7.638e-6
-1.212, 8.022e-6
-1.213, 8.637e-6
-1.214, 8.772e-6
-1.215, 8.280e-6
-1.216, 7.884e-6
-1.217, 8.194e-6
-1.218, 8.816e-6
-1.219, 8.925e-6
-1.220, 8.481e-6
-1.221, 8.090e-6
-1.222, 8.422e-6
-1.223, 9.063e-6
-1.224, 9.165e-6
-1.225, 8.650e-6
-1.226, 8.277e-6
-1.227, 8.622e-6
-1.228, 9.250e-6
-1.229, 9.429e-6
-1.230, 8.971e-6
-1.231, 8.588e-6
-1.232, 8.904e-6
-1.233, 9.525e-6
-1.234, 9.707e-6
-1.235, 9.240e-6
-1.236, 8.827e-6
-1.237, 9.161e-6
-1.238, 9.826e-6
-1.239, 1.001e-5
-1.240, 9.570e-6
-1.241, 9.167e-6
-1.242, 9.486e-6
-1.243, 1.013e-5
-1.244, 1.034e-5
-1.245, 9.976e-6
-1.246, 9.503e-6
-1.247, 9.823e-6
-1.248, 1.050e-5
-1.249, 1.074e-5
-1.250, 1.036e-5
-1.251, 9.918e-6
-1.252, 1.026e-5
-1.253, 1.096e-5
-1.254, 1.125e-5
-1.255, 1.087e-5
-1.256, 1.047e-5
-1.257, 1.077e-5
-1.258, 1.147e-5
-1.259, 1.177e-5
-1.260, 1.140e-5
-1.261, 1.106e-5
-1.262, 1.132e-5
-1.263, 1.208e-5
-1.264, 1.239e-5
-1.265, 1.206e-5
-1.266, 1.172e-5
-1.267, 1.202e-5
-1.268, 1.275e-5
-1.269, 1.318e-5
-1.270, 1.279e-5
-1.271, 1.253e-5
-1.272, 1.281e-5
-1.273, 1.361e-5
-1.274, 1.404e-5
-1.275, 1.375e-5
-1.276, 1.342e-5
-1.277, 1.380e-5
-1.278, 1.462e-5
-1.279, 1.509e-5
-1.280, 1.485e-5
-1.281, 1.456e-5
-1.282, 1.495e-5
-1.283, 1.579e-5
-1.284, 1.633e-5
-1.285, 1.614e-5
-1.286, 1.595e-5
-1.287, 1.630e-5
-1.288, 1.720e-5
-1.289, 1.783e-5
-1.290, 1.772e-5
-1.291, 1.752e-5
-1.292, 1.801e-5
-1.293, 1.903e-5
-1.294, 1.967e-5
-1.295, 1.965e-5
-1.296, 1.952e-5
-1.297, 2.003e-5
-1.298, 2.107e-5
-1.299, 2.186e-5
-1.300, 2.200e-5
-1.301, 2.203e-5
-1.302, 2.256e-5
-1.303, 2.374e-5
-1.304, 2.457e-5
-1.305, 2.477e-5
-1.306, 2.488e-5
-1.307, 2.552e-5
-1.308, 2.684e-5
-1.309, 2.781e-5
-1.310, 2.815e-5
-1.311, 2.836e-5
-1.312, 2.913e-5
-1.313, 3.053e-5
-1.314, 3.170e-5
-1.315, 3.220e-5
-1.316, 3.255e-5
-1.317, 3.354e-5
-1.318, 3.507e-5
-1.319, 3.649e-5
-1.320, 3.714e-5
-1.321, 3.765e-5
-1.322, 3.876e-5
-1.323, 4.049e-5
-1.324, 4.205e-5
-1.325, 4.299e-5
-1.326, 4.371e-5
-1.327, 4.504e-5
-1.328, 4.698e-5
-1.329, 4.879e-5
-1.330, 4.998e-5
-1.331, 5.091e-5
-1.332, 5.251e-5
-1.333, 5.473e-5
-1.334, 5.684e-5
-1.335, 5.833e-5
-1.336, 5.960e-5
-1.337, 6.145e-5
-1.338, 6.401e-5
-1.339, 6.636e-5
-1.340, 6.826e-5
-1.341, 6.990e-5
-1.342, 7.204e-5
-1.343, 7.495e-5
-1.344, 7.780e-5
-1.345, 8.007e-5
-1.346, 8.209e-5
-1.347, 8.465e-5
-1.348, 8.798e-5
-1.349, 9.128e-5
-1.350, 9.401e-5
-1.351, 9.654e-5
-1.352, 9.950e-5
-1.353, 1.033e-4
-1.354, 1.071e-4
-1.355, 1.103e-4
-1.356, 1.134e-4
-1.357, 1.169e-4
-1.358, 1.212e-4
-1.359, 1.256e-4
-1.360, 1.294e-4
-1.361, 1.331e-4
-1.362, 1.373e-4
-1.363, 1.421e-4
-1.364, 1.473e-4
-1.365, 1.519e-4
-1.366, 1.562e-4
-1.367, 1.611e-4
-1.368, 1.666e-4
-1.369, 1.726e-4
-1.370, 1.780e-4
-1.371, 1.831e-4
-1.372, 1.886e-4
-1.373, 1.950e-4
-1.374, 2.019e-4
-1.375, 2.081e-4
-1.376, 2.141e-4
-1.377, 2.206e-4
-1.378, 2.279e-4
-1.379, 2.356e-4
-1.380, 2.429e-4
-1.381, 2.499e-4
-1.382, 2.574e-4
-1.383, 2.657e-4
-1.384, 2.745e-4
-1.385, 2.828e-4
-1.386, 2.909e-4
-1.387, 2.993e-4
-1.388, 3.088e-4
-1.389, 3.188e-4
-1.390, 3.285e-4
-1.391, 3.379e-4
-1.392, 3.475e-4
-1.393, 3.580e-4
-1.394, 3.694e-4
-1.395, 3.803e-4
-1.396, 3.909e-4
-1.397, 4.019e-4
-1.398, 4.141e-4
-1.399, 4.270e-4
-1.400, 4.393e-4
-1.401, 4.514e-4
-1.402, 4.639e-4
-1.403, 4.774e-4
-1.404, 4.917e-4
-1.405, 5.057e-4
-1.406, 5.192e-4
-1.407, 5.331e-4
-1.408, 5.483e-4
-1.409, 5.645e-4
-1.410, 5.802e-4
-1.411, 5.954e-4
-1.412, 6.109e-4
-1.413, 6.275e-4
-1.414, 6.456e-4
-1.415, 6.634e-4
-1.416, 6.801e-4
-1.417, 6.972e-4
-1.418, 7.159e-4
-1.419, 7.357e-4
-1.420, 7.554e-4
-1.421, 7.743e-4
-1.422, 7.934e-4
-1.423, 8.137e-4
-1.424, 8.352e-4
-1.425, 8.569e-4
-1.426, 8.779e-4
-1.427, 8.989e-4
-1.428, 9.211e-4
-1.429, 9.443e-4
-1.430, 9.684e-4
-1.431, 9.919e-4
-1.432, 1.015e-3
-1.433, 1.038e-3
-1.434, 1.064e-3
-1.435, 1.091e-3
-1.436, 1.116e-3
-1.437, 1.140e-3
-1.438, 1.167e-3
-1.439, 1.195e-3
-1.440, 1.223e-3
-1.441, 1.251e-3
-1.442, 1.277e-3
-1.443, 1.305e-3
-1.444, 1.336e-3
-1.445, 1.367e-3
-1.446, 1.396e-3
-1.447, 1.425e-3
-1.448, 1.456e-3
-1.449, 1.489e-3
-1.450, 1.521e-3
-1.451, 1.553e-3
-1.452, 1.584e-3
-1.453, 1.617e-3
-1.454, 1.653e-3
-1.455, 1.686e-3
-1.456, 1.719e-3
-1.457, 1.753e-3
-1.458, 1.789e-3
-1.459, 1.826e-3
-1.460, 1.863e-3
-1.461, 1.900e-3
-1.462, 1.937e-3
-1.463, 1.975e-3
-1.464, 2.015e-3
-1.465, 2.057e-3
-1.466, 2.095e-3
-1.467, 2.133e-3
-1.468, 2.173e-3
-1.469, 2.213e-3
-1.470, 2.257e-3
-1.471, 2.301e-3
-1.472, 2.341e-3
-1.473, 2.381e-3
-1.474, 2.425e-3
-1.475, 2.471e-3
-1.476, 2.515e-3
-1.477, 2.557e-3
-1.478, 2.596e-3
-1.479, 2.633e-3
-1.480, 2.675e-3
-1.481, 2.717e-3
-1.482, 2.762e-3
-1.483, 2.806e-3
-1.484, 2.853e-3
-1.485, 2.901e-3
-1.486, 2.946e-3
-1.487, 2.992e-3
-1.488, 3.038e-3
-1.489, 3.083e-3
-1.490, 3.134e-3
-1.491, 3.182e-3
-1.492, 3.232e-3
-1.493, 3.284e-3
-1.494, 3.336e-3
-1.495, 3.385e-3
-1.496, 3.433e-3
-1.497, 3.481e-3
-1.498, 3.532e-3
-1.499, 3.581e-3
-1.500, 3.591e-3
-1.499, 3.538e-3
-1.498, 3.486e-3
-1.497, 3.433e-3
-1.496, 3.384e-3
-1.495, 3.335e-3
-1.494, 3.281e-3
-1.493, 3.226e-3
-1.492, 3.175e-3
-1.491, 3.125e-3
-1.490, 3.077e-3
-1.489, 3.033e-3
-1.488, 2.978e-3
-1.487, 2.923e-3
-1.486, 2.875e-3
-1.485, 2.830e-3
-1.484, 2.785e-3
-1.483, 2.737e-3
-1.482, 2.689e-3
-1.481, 2.645e-3
-1.480, 2.603e-3
-1.479, 2.557e-3
-1.478, 2.507e-3
-1.477, 2.461e-3
-1.476, 2.421e-3
-1.475, 2.381e-3
-1.474, 2.337e-3
-1.473, 2.294e-3
-1.472, 2.250e-3
-1.471, 2.210e-3
-1.470, 2.168e-3
-1.469, 2.122e-3
-1.468, 2.084e-3
-1.467, 2.050e-3
-1.466, 2.012e-3
-1.465, 1.976e-3
-1.464, 1.940e-3
-1.463, 1.902e-3
-1.462, 1.865e-3
-1.461, 1.829e-3
-1.460, 1.795e-3
-1.459, 1.760e-3
-1.458, 1.724e-3
-1.457, 1.690e-3
-1.456, 1.658e-3
-1.455, 1.627e-3
-1.454, 1.596e-3
-1.453, 1.562e-3
-1.452, 1.528e-3
-1.451, 1.498e-3
-1.450, 1.470e-3
-1.449, 1.441e-3
-1.448, 1.411e-3
-1.447, 1.382e-3
-1.446, 1.354e-3
-1.445, 1.327e-3
-1.444, 1.300e-3
-1.443, 1.271e-3
-1.442, 1.244e-3
-1.441, 1.219e-3
-1.440, 1.195e-3
-1.439, 1.169e-3
-1.438, 1.144e-3
-1.437, 1.118e-3
-1.436, 1.093e-3
-1.435, 1.071e-3
-1.434, 1.048e-3
-1.433, 1.024e-3
-1.432, 1.002e-3
-1.431, 9.796e-4
-1.430, 9.592e-4
-1.429, 9.380e-4
-1.428, 9.158e-4
-1.427, 8.947e-4
-1.426, 8.749e-4
-1.425, 8.558e-4
-1.424, 8.361e-4
-1.423, 8.158e-4
-1.422, 7.963e-4
-1.421, 7.782e-4
-1.420, 7.607e-4
-1.419, 7.429e-4
-1.418, 7.246e-4
-1.417, 7.068e-4
-1.416, 6.905e-4
-1.415, 6.748e-4
-1.414, 6.584e-4
-1.413, 6.419e-4
-1.412, 6.263e-4
-1.411, 6.115e-4
-1.410, 5.971e-4
-1.409, 5.831e-4
-1.408, 5.682e-4
-1.407, 5.536e-4
-1.406, 5.408e-4
-1.405, 5.284e-4
-1.404, 5.148e-4
-1.403, 5.011e-4
-1.402, 4.882e-4
-1.401, 4.765e-4
-1.400, 4.650e-4
-1.399, 4.529e-4
-1.398, 4.408e-4
-1.397, 4.294e-4
-1.396, 4.189e-4
-1.395, 4.089e-4
-1.394, 3.982e-4
-1.393, 3.871e-4
-1.392, 3.769e-4
-1.391, 3.675e-4
-1.390, 3.584e-4
-1.389, 3.488e-4
-1.388, 3.385e-4
-1.387, 3.295e-4
-1.386, 3.214e-4
-1.385, 3.135e-4
-1.384, 3.050e-4
-1.383, 2.961e-4
-1.382, 2.878e-4
-1.381, 2.808e-4
-1.380, 2.737e-4
-1.379, 2.662e-4
-1.378, 2.582e-4
-1.377, 2.509e-4
-1.376, 2.445e-4
-1.375, 2.382e-4
-1.374, 2.313e-4
-1.373, 2.243e-4
-1.372, 2.179e-4
-1.371, 2.123e-4
-1.370, 2.068e-4
-1.369, 2.008e-4
-1.368, 1.946e-4
-1.367, 1.890e-4
-1.366, 1.841e-4
-1.365, 1.793e-4
-1.364, 1.740e-4
-1.363, 1.685e-4
-1.362, 1.635e-4
-1.361, 1.593e-4
-1.360, 1.551e-4
-1.359, 1.504e-4
-1.358, 1.455e-4
-1.357, 1.412e-4
-1.356, 1.376e-4
-1.355, 1.340e-4
-1.354, 1.299e-4
-1.353, 1.255e-4
-1.352, 1.218e-4
-1.351, 1.188e-4
-1.350, 1.158e-4
-1.349, 1.122e-4
-1.348, 1.085e-4
-1.347, 1.053e-4
-1.346, 1.027e-4
-1.345, 9.997e-5
-1.344, 9.674e-5
-1.343, 9.380e-5
-1.342, 9.106e-5
-1.341, 8.875e-5
-1.340, 8.642e-5
-1.339, 8.363e-5
-1.338, 8.056e-5
-1.337, 7.797e-5
-1.336, 7.610e-5
-1.335, 7.413e-5
-1.334, 7.158e-5
-1.333, 6.885e-5
-1.332, 6.665e-5
-1.331, 6.502e-5
-1.330, 6.339e-5
-1.329, 6.114e-5
-1.328, 5.874e-5
-1.327, 5.685e-5
-1.326, 5.555e-5
-1.325, 5.416e-5
-1.324, 5.217e-5
-1.323, 5.006e-5
-1.322, 4.841e-5
-1.321, 4.736e-5
-1.320, 4.625e-5
-1.319, 4.453e-5
-1.318, 4.262e-5
-1.317, 4.117e-5
-1.316, 4.035e-5
-1.315, 3.943e-5
-1.314, 3.790e-5
-1.313, 3.616e-5
-1.312, 3.497e-5
-1.311, 3.431e-5
-1.310, 3.355e-5
-1.309, 3.221e-5
-1.308, 3.065e-5
-1.307, 2.954e-5
-1.306, 2.907e-5
-1.305, 2.848e-5
-1.304, 2.729e-5
-1.303, 2.590e-5
-1.302, 2.496e-5
-1.301, 2.460e-5
-1.300, 2.416e-5
-1.299, 2.310e-5
-1.298, 2.181e-5
-1.297, 2.099e-5
-1.296, 2.073e-5
-1.295, 2.047e-5
-1.294, 1.946e-5
-1.293, 1.827e-5
-1.292, 1.756e-5
-1.291, 1.743e-5
-1.290, 1.724e-5
-1.289, 1.631e-5
-1.288, 1.529e-5
-1.287, 1.466e-5
-1.286, 1.456e-5
-1.285, 1.448e-5
-1.284, 1.370e-5
-1.283, 1.271e-5
-1.282, 1.213e-5
-1.281, 1.215e-5
-1.280, 1.210e-5
-1.279, 1.141e-5
-1.278, 1.046e-5
-1.277, 9.981e-6
-1.276, 1.010e-5
-1.275, 1.013e-5
-1.274, 9.444e-6
-1.273, 8.603e-6
-1.272, 8.190e-6
-1.271, 8.298e-6
-1.270, 8.382e-6
-1.269, 7.834e-6
-1.268, 7.010e-6
-1.267, 6.590e-6
-1.266, 6.770e-6
-1.265, 6.901e-6
-1.264, 6.409e-6
-1.263, 5.567e-6
-1.262, 5.222e-6
-1.261, 5.419e-6
-1.260, 5.617e-6
-1.259, 5.123e-6
-1.258, 4.400e-6
-1.257, 4.009e-6
-1.256, 4.248e-6
-1.255, 4.534e-6
-1.254, 4.053e-6
-1.253, 3.334e-6
-1.252, 3.037e-6
-1.251, 3.270e-6
-1.250, 3.538e-6
-1.249, 3.187e-6
-1.248, 2.412e-6
-1.247, 2.148e-6
-1.246, 2.407e-6
-1.245, 2.749e-6
-1.244, 2.353e-6
-1.243, 1.670e-6
-1.242, 1.386e-6
-1.241, 1.669e-6
-1.240, 2.027e-6
-1.239, 1.708e-6
-1.238, 1.042e-6
-1.237, 7.545e-7
-1.236, 1.055e-6
-1.235, 1.370e-6
-1.234, 1.111e-6
-1.233, 4.556e-7
-1.232, 1.557e-7
-1.231, 5.010e-7
-1.230, 8.848e-7
-1.229, 4.941e-7
-1.228, -5.249e-8
-1.227, -3.850e-7
-1.226, 5.722e-9
-1.225, 3.767e-7
-1.224, 1.231e-7
-1.223, -5.063e-7
-1.222, -8.151e-7
-1.221, -3.909e-7
-1.220, -3.078e-8
-1.219, -2.528e-7
-1.218, -8.871e-7
-1.217, -1.151e-6
-1.216, -7.914e-7
-1.215, -3.712e-7
-1.214, -5.852e-7
-1.213, -1.182e-6
-1.212, -1.412e-6
-1.211, -1.099e-6
-1.210, -7.027e-7
-1.209, -8.467e-7
-1.208, -1.485e-6
-1.207, -1.748e-6
-1.206, -1.402e-6
-1.205, -9.779e-7
-1.204, -1.133e-6
-1.203, -1.746e-6
-1.202, -2.046e-6
-1.201, -1.648e-6
-1.200, -1.208e-6
-1.199, -1.333e-6
-1.198, -2.015e-6
-1.197, -2.267e-6
-1.196, -1.929e-6
-1.195, -1.428e-6
-1.194, -1.577e-6
-1.193, -2.178e-6
-1.192, -2.458e-6
-1.191, -2.109e-6
-1.190, -1.676e-6
-1.189, -1.749e-6
-1.188, -2.344e-6
-1.187, -2.626e-6
-1.186, -2.275e-6
-1.185, -1.827e-6
-1.184, -1.895e-6
-1.183, -2.537e-6
-1.182, -2.827e-6
-1.181, -2.478e-6
-1.180, -2.034e-6
-1.179, -2.087e-6
-1.178, -2.679e-6
-1.177, -2.999e-6
-1.176, -2.693e-6
-1.175, -2.154e-6
-1.174, -2.283e-6
-1.173, -2.841e-6
-1.172, -3.169e-6
-1.171, -2.797e-6
-1.170, -2.332e-6
-1.169, -2.397e-6
-1.168, -2.965e-6
-1.167, -3.296e-6
-1.166, -3.014e-6
-1.165, -2.434e-6
-1.164, -2.492e-6
-1.163, -3.149e-6
-1.162, -3.443e-6
-1.161, -3.143e-6
-1.160, -2.540e-6
-1.159, -2.640e-6
-1.158, -3.250e-6
-1.157, -3.567e-6
-1.156, -3.186e-6
-1.155, -2.760e-6
-1.154, -2.735e-6
-1.153, -3.353e-6
-1.152, -3.657e-6
-1.151, -3.427e-6
-1.150, -2.860e-6
-1.149, -2.877e-6
-1.148, -3.443e-6
-1.147, -3.796e-6
-1.146, -3.527e-6
-1.145, -3.033e-6
-1.144, -3.017e-6
-1.143, -3.600e-6
-1.142, -3.976e-6
-1.141, -3.646e-6
-1.140, -3.116e-6
-1.139, -3.174e-6
-1.138, -3.655e-6
-1.137, -4.102e-6
-1.136, -3.817e-6
-1.135, -3.266e-6
-1.134, -3.314e-6
-1.133, -3.857e-6
-1.132, -4.232e-6
-1.131, -3.947e-6
-1.130, -3.407e-6
-1.129, -3.412e-6
-1.128, -3.925e-6
-1.127, -4.396e-6
-1.126, -4.118e-6
-1.125, -3.552e-6
-1.124, -3.542e-6
-1.123, -4.128e-6
-1.122, -4.513e-6
-1.121, -4.217e-6
-1.120, -3.711e-6
-1.119, -3.653e-6
-1.118, -4.235e-6
-1.117, -4.669e-6
-1.116, -4.336e-6
-1.115, -3.873e-6
-1.114, -3.798e-6
-1.113, -4.336e-6
-1.112, -4.816e-6
-1.111, -4.528e-6
-1.110, -4.037e-6
-1.109, -3.941e-6
-1.108, -4.514e-6
-1.107, -4.988e-6
-1.106, -4.696e-6
-1.105, -4.188e-6
-1.104, -4.074e-6
-1.103, -4.642e-6
-1.102, -5.113e-6
-1.101, -4.861e-6
-1.100, -4.362e-6
-1.099, -4.272e-6
-1.098, -4.795e-6
-1.097, -5.289e-6
-1.096, -5.075e-6
-1.095, -4.511e-6
-1.094, -4.442e-6
-1.093, -4.954e-6
-1.092, -5.467e-6
-1.091, -5.323e-6
-1.090, -4.722e-6
-1.089, -4.577e-6
-1.088, -5.141e-6
-1.087, -5.641e-6
-1.086, -5.448e-6
-1.085, -4.848e-6
-1.084, -4.759e-6
-1.083, -5.307e-6
-1.082, -5.837e-6
-1.081, -5.646e-6
-1.080, -5.064e-6
-1.079, -4.948e-6
-1.078, -5.505e-6
-1.077, -6.042e-6
-1.076, -5.852e-6
-1.075, -5.296e-6
-1.074, -5.150e-6
-1.073, -5.656e-6
-1.072, -6.218e-6
-1.071, -6.050e-6
-1.070, -5.477e-6
-1.069, -5.318e-6
-1.068, -5.845e-6
-1.067, -6.403e-6
-1.066, -6.257e-6
-1.065, -5.706e-6
-1.064, -5.568e-6
-1.063, -6.069e-6
-1.062, -6.633e-6
-1.061, -6.494e-6
-1.060, -5.933e-6
-1.059, -5.743e-6
-1.058, -6.283e-6
-1.057, -6.838e-6
-1.056, -6.762e-6
-1.055, -6.158e-6
-1.054, -6.020e-6
-1.053, -6.535e-6
-1.052, -7.105e-6
-1.051, -7.054e-6
-1.050, -6.440e-6
-1.049, -6.245e-6
-1.048, -6.808e-6
-1.047, -7.345e-6
-1.046, -7.358e-6
-1.045, -6.745e-6
-1.044, -6.524e-6
-1.043, -7.101e-6
-1.042, -7.674e-6
-1.041, -7.634e-6
-1.040, -7.081e-6
-1.039, -6.893e-6
-1.038, -7.377e-6
-1.037, -7.986e-6
-1.036, -7.942e-6
-1.035, -7.420e-6
-1.034, -7.213e-6
-1.033, -7.708e-6
-1.032, -8.362e-6
-1.031, -8.292e-6
-1.030, -7.826e-6
-1.029, -7.540e-6
-1.028, -8.002e-6
-1.027, -8.689e-6
-1.026, -8.657e-6
-1.025, -8.125e-6
-1.024, -7.908e-6
-1.023, -8.410e-6
-1.022, -9.057e-6
-1.021, -9.051e-6
-1.020, -8.538e-6
-1.019, -8.293e-6
-1.018, -8.754e-6
-1.017, -9.458e-6
-1.016, -9.444e-6
-1.015, -8.946e-6
-1.014, -8.732e-6
-1.013, -9.176e-6
-1.012, -9.835e-6
-1.011, -9.914e-6
-1.010, -9.399e-6
-1.009, -9.123e-6
-1.008, -9.569e-6
-1.007, -1.025e-5
-1.006, -1.035e-5
-1.005, -9.829e-6
-1.004, -9.579e-6
-1.003, -1.005e-5
-1.002, -1.074e-5
-1.001, -1.083e-5
-1.000, -7.057e-6
-1.001, -5.377e-6
-1.002, -4.948e-6
-1.003, -4.960e-6
-1.004, -4.463e-6
-1.005, -3.370e-6
-1.006, -2.632e-6
-1.007, -2.575e-6
-1.008, -2.810e-6
-1.009, -2.534e-6
-1.010, -1.567e-6
-1.011, -9.651e-7
-1.012, -9.996e-7
-1.013, -1.321e-6
-1.014, -1.154e-6
-1.015, -3.504e-7
-1.016, 2.494e-7
-1.017, 9.748e-8
-1.018, -2.686e-7
-1.019, -1.600e-7
-1.020, 5.750e-7
-1.021, 1.175e-6
-1.022, 9.558e-7
-1.023, 5.385e-7
-1.024, 6.519e-7
-1.025, 1.307e-6
-1.026, 1.899e-6
-1.027, 1.614e-6
-1.028, 1.200e-6
-1.029, 1.277e-6
-1.030, 1.893e-6
-1.031, 2.472e-6
-1.032, 2.183e-6
-1.033, 1.711e-6
-1.034, 1.770e-6
-1.035, 2.368e-6
-1.036, 2.916e-6
-1.037, 2.698e-6
-1.038, 2.203e-6
-1.039, 2.200e-6
-1.040, 2.772e-6
-1.041, 3.310e-6
-1.042, 3.075e-6
-1.043, 2.554e-6
-1.044, 2.507e-6
-1.045, 3.111e-6
-1.046, 3.632e-6
-1.047, 3.394e-6
-1.048, 2.875e-6
-1.049, 2.805e-6
-1.050, 3.407e-6
-1.051, 3.923e-6
-1.052, 3.661e-6
-1.053, 3.177e-6
-1.054, 3.027e-6
-1.055, 3.633e-6
-1.056, 4.140e-6
-1.057, 3.884e-6
-1.058, 3.352e-6
-1.059, 3.273e-6
-1.060, 3.819e-6
-1.061, 4.321e-6
-1.062, 4.133e-6
-1.063, 3.539e-6
-1.064, 3.419e-6
-1.065, 3.953e-6
-1.066, 4.492e-6
-1.067, 4.244e-6
-1.068, 3.679e-6
-1.069, 3.608e-6
-1.070, 4.125e-6
-1.071, 4.651e-6
-1.072, 4.368e-6
-1.073, 3.820e-6
-1.074, 3.712e-6
-1.075, 4.219e-6
-1.076, 4.788e-6
-1.077, 4.553e-6
-1.078, 3.961e-6
-1.079, 3.863e-6
-1.080, 4.297e-6
-1.081, 4.858e-6
-1.082, 4.637e-6
-1.083, 4.029e-6
-1.084, 3.914e-6
-1.085, 4.415e-6
-1.086, 4.945e-6
-1.087, 4.751e-6
-1.088, 4.177e-6
-1.089, 4.029e-6
-1.090, 4.530e-6
-1.091, 5.022e-6
-1.092, 4.807e-6
-1.093, 4.273e-6
-1.094, 4.083e-6
-1.095, 4.533e-6
-1.096, 5.055e-6
-1.097, 4.865e-6
-1.098, 4.333e-6
-1.099, 4.125e-6
-1.100, 4.608e-6
-1.101, 5.142e-6
-1.102, 4.962e-6
-1.103, 4.358e-6
-1.104, 4.164e-6
-1.105, 4.670e-6
-1.106, 5.132e-6
-1.107, 4.986e-6
-1.108, 4.451e-6
-1.109, 4.276e-6
-1.110, 4.723e-6
-1.111, 5.230e-6
-1.112, 5.036e-6
-1.113, 4.462e-6
-1.114, 4.317e-6
-1.115, 4.752e-6
-1.116, 5.248e-6
-1.117, 5.110e-6
-1.118, 4.591e-6
-1.119, 4.310e-6
-1.120, 4.780e-6
-1.121, 5.273e-6
-1.122, 5.152e-6
-1.123, 4.583e-6
-1.124, 4.372e-6
-1.125, 4.829e-6
-1.126, 5.326e-6
-1.127, 5.204e-6
-1.128, 4.582e-6
-1.129, 4.399e-6
-1.130, 4.832e-6
-1.131, 5.345e-6
-1.132, 5.229e-6
-1.133, 4.641e-6
-1.134, 4.416e-6
-1.135, 4.870e-6
-1.136, 5.365e-6
-1.137, 5.273e-6
-1.138, 4.673e-6
-1.139, 4.438e-6
-1.140, 4.881e-6
-1.141, 5.396e-6
-1.142, 5.318e-6
-1.143, 4.745e-6
-1.144, 4.493e-6
-1.145, 4.864e-6
-1.146, 5.427e-6
-1.147, 5.329e-6
-1.148, 4.757e-6
-1.149, 4.524e-6
-1.150, 4.878e-6
-1.151, 5.438e-6
-1.152, 5.383e-6
-1.153, 4.804e-6
-1.154, 4.548e-6
-1.155, 4.920e-6
-1.156, 5.448e-6
-1.157, 5.366e-6
-1.158, 4.788e-6
-1.159, 4.577e-6
-1.160, 4.910e-6
-1.161, 5.511e-6
-1.162, 5.418e-6
-1.163, 4.880e-6
-1.164, 4.578e-6
-1.165, 4.980e-6
-1.166, 5.536e-6
-1.167, 5.505e-6
-1.168, 4.923e-6
-1.169, 4.626e-6
-1.170, 5.018e-6
-1.171, 5.566e-6
-1.172, 5.501e-6
-1.173, 4.982e-6
-1.174, 4.667e-6
-1.175, 5.050e-6
-1.176, 5.599e-6
-1.177, 5.536e-6
-1.178, 5.006e-6
-1.179, 4.733e-6
-1.180, 5.049e-6
-1.181, 5.672e-6
-1.182, 5.579e-6
-1.183, 5.010e-6
-1.184, 4.761e-6
-1.185, 5.123e-6
-1.186, 5.712e-6
-1.187, 5.687e-6
-1.188, 5.095e-6
-1.189, 4.824e-6
-1.190, 5.169e-6
-1.191, 5.742e-6
-1.192, 5.699e-6
-1.193, 5.206e-6
-1.194, 4.910e-6
-1.195, 5.243e-6
-1.196, 5.780e-6
-1.197, 5.802e-6
-1.198, 5.298e-6
-1.199, 4.976e-6
-1.200, 5.338e-6
-1.201, 5.879e-6
-1.202, 5.947e-6
-1.203, 5.362e-6
-1.204, 5.069e-6
-1.205, 5.437e-6
-1.206, 6.004e-6
-1.207, 6.028e-6
-1.208, 5.491e-6
-1.209, 5.171e-6
-1.210, 5.555e-6
-1.211, 6.098e-6
-1.212, 6.127e-6
-1.213, 5.685e-6
-1.214, 5.275e-6
-1.215, 5.687e-6
-1.216, 6.155e-6
-1.217, 6.277e-6
-1.218, 5.774e-6
-1.219, 5.383e-6
-1.220, 5.786e-6
-1.221, 6.333e-6
-1.222, 6.444e-6
-1.223, 5.935e-6
-1.224, 5.562e-6
-1.225, 5.910e-6
-1.226, 6.517e-6
-1.227, 6.575e-6
-1.228, 6.137e-6
-1.229, 5.781e-6
-1.230, 6.119e-6
-1.231, 6.712e-6
-1.232, 6.812e-6
-1.233, 6.332e-6
-1.234, 5.963e-6
-1.235, 6.327e-6
-1.236, 6.942e-6
-1.237, 7.046e-6
-1.238, 6.538e-6
-1.239, 6.186e-6
-1.240, 6.562e-6
-1.241, 7.144e-6
-1.242, 7.308e-6
-1.243, 6.880e-6
-1.244, 6.506e-6
-1.245, 6.813e-6
-1.246, 7.466e-6
-1.247, 7.660e-6
-1.248, 7.181e-6
-1.249, 6.837e-6
-1.250, 7.220e-6
-1.251, 7.779e-6
-1.252, 7.998e-6
-1.253, 7.558e-6
-1.254, 7.216e-6
-1.255, 7.631e-6
-1.256, 8.232e-6
-1.257, 8.449e-6
-1.258, 8.094e-6
-1.259, 7.704e-6
-1.260, 8.097e-6
-1.261, 8.769e-6
-1.262, 8.989e-6
-1.263, 8.683e-6
-1.264, 8.301e-6
-1.265, 8.660e-6
-1.266, 9.383e-6
-1.267, 9.639e-6
-1.268, 9.260e-6
-1.269, 9.031e-6
-1.270, 9.358e-6
-1.271, 1.009e-5
-1.272, 1.039e-5
-1.273, 1.010e-5
-1.274, 9.840e-6
-1.275, 1.020e-5
-1.276, 1.098e-5
-1.277, 1.128e-5
-1.278, 1.102e-5
-1.279, 1.083e-5
-1.280, 1.123e-5
-1.281, 1.202e-5
-1.282, 1.240e-5
-1.283, 1.219e-5
-1.284, 1.198e-5
-1.285, 1.247e-5
-1.286, 1.328e-5
-1.287, 1.371e-5
-1.288, 1.353e-5
-1.289, 1.340e-5
-1.290, 1.397e-5
-1.291, 1.481e-5
-1.292, 1.533e-5
-1.293, 1.520e-5
-1.294, 1.512e-5
-1.295, 1.569e-5
-1.296, 1.662e-5
-1.297, 1.720e-5
-1.298, 1.719e-5
-1.299, 1.713e-5
-1.300, 1.782e-5
-1.301, 1.881e-5
-1.302, 1.945e-5
-1.303, 1.953e-5
-1.304, 1.959e-5
-1.305, 2.030e-5
-1.306, 2.144e-5
-1.307, 2.218e-5
-1.308, 2.230e-5
-1.309, 2.251e-5
-1.310, 2.332e-5
-1.311, 2.453e-5
-1.312, 2.541e-5
-1.313, 2.568e-5
-1.314, 2.603e-5
-1.315, 2.690e-5
-1.316, 2.825e-5
-1.317, 2.930e-5
-1.318, 2.968e-5
-1.319, 3.018e-5
-1.320, 3.119e-5
-1.321, 3.269e-5
-1.322, 3.399e-5
-1.323, 3.452e-5
-1.324, 3.513e-5
-1.325, 3.633e-5
-1.326, 3.799e-5
-1.327, 3.939e-5
-1.328, 4.020e-5
-1.329, 4.099e-5
-1.330, 4.239e-5
-1.331, 4.429e-5
-1.332, 4.593e-5
-1.333, 4.700e-5
-1.334, 4.800e-5
-1.335, 4.963e-5
-1.336, 5.174e-5
-1.337, 5.362e-5
-1.338, 5.494e-5
-1.339, 5.620e-5
-1.340, 5.806e-5
-1.341, 6.056e-5
-1.342, 6.269e-5
-1.343, 6.430e-5
-1.344, 6.592e-5
-1.345, 6.810e-5
-1.346, 7.085e-5
-1.347, 7.343e-5
-1.348, 7.543e-5
-1.349, 7.738e-5
-1.350, 7.987e-5
-1.351, 8.304e-5
-1.352, 8.605e-5
-1.353, 8.848e-5
-1.354, 9.087e-5
-1.355, 9.381e-5
-1.356, 9.738e-5
-1.357, 1.009e-4
-1.358, 1.038e-4
-1.359, 1.066e-4
-1.360, 1.100e-4
-1.361, 1.141e-4
-1.362, 1.181e-4
-1.363, 1.215e-4
-1.364, 1.249e-4
-1.365, 1.288e-4
-1.366, 1.335e-4
-1.367, 1.381e-4
-1.368, 1.422e-4
-1.369, 1.463e-4
-1.370, 1.509e-4
-1.371, 1.562e-4
-1.372, 1.615e-4
-1.373, 1.665e-4
-1.374, 1.711e-4
-1.375, 1.765e-4
-1.376, 1.826e-4
-1.377, 1.888e-4
-1.378, 1.944e-4
-1.379, 1.999e-4
-1.380, 2.060e-4
-1.381, 2.128e-4
-1.382, 2.199e-4
-1.383, 2.266e-4
-1.384, 2.330e-4
-1.385, 2.400e-4
-1.386, 2.479e-4
-1.387, 2.560e-4
-1.388, 2.637e-4
-1.389, 2.712e-4
-1.390, 2.792e-4
-1.391, 2.881e-4
-1.392, 2.972e-4
-1.393, 3.060e-4
-1.394, 3.145e-4
-1.395, 3.236e-4
-1.396, 3.338e-4
-1.397, 3.443e-4
-1.398, 3.544e-4
-1.399, 3.643e-4
-1.400, 3.748e-4
-1.401, 3.863e-4
-1.402, 3.983e-4
-1.403, 4.098e-4
-1.404, 4.208e-4
-1.405, 4.323e-4
-1.406, 4.450e-4
-1.407, 4.582e-4
-1.408, 4.712e-4
-1.409, 4.840e-4
-1.410, 4.969e-4
-1.411, 5.110e-4
-1.412, 5.261e-4
-1.413, 5.408e-4
-1.414, 5.550e-4
-1.415, 5.698e-4
-1.416, 5.855e-4
-1.417, 6.023e-4
-1.418, 6.187e-4
-1.419, 6.345e-4
-1.420, 6.508e-4
-1.421, 6.684e-4
-1.422, 6.870e-4
-1.423, 7.054e-4
-1.424, 7.227e-4
-1.425, 7.407e-4
-1.426, 7.602e-4
-1.427, 7.805e-4
-1.428, 8.006e-4
-1.429, 8.197e-4
-1.430, 8.394e-4
-1.431, 8.610e-4
-1.432, 8.838e-4
-1.433, 9.057e-4
-1.434, 9.271e-4
-1.435, 9.488e-4
-1.436, 9.723e-4
-1.437, 9.961e-4
-1.438, 1.020e-3
-1.439, 1.045e-3
-1.440, 1.068e-3
-1.441, 1.093e-3
-1.442, 1.119e-3
-1.443, 1.146e-3
-1.444, 1.173e-3
-1.445, 1.198e-3
-1.446, 1.224e-3
-1.447, 1.252e-3
-1.448, 1.281e-3
-1.449, 1.309e-3
-1.450, 1.337e-3
-1.451, 1.365e-3
-1.452, 1.395e-3
-1.453, 1.426e-3
-1.454, 1.456e-3
-1.455, 1.485e-3
-1.456, 1.516e-3
-1.457, 1.549e-3
-1.458, 1.582e-3
-1.459, 1.614e-3
-1.460, 1.645e-3
-1.461, 1.677e-3
-1.462, 1.713e-3
-1.463, 1.749e-3
-1.464, 1.783e-3
-1.465, 1.814e-3
-1.466, 1.849e-3
-1.467, 1.886e-3
-1.468, 1.927e-3
-1.469, 1.960e-3
-1.470, 1.991e-3
-1.471, 2.029e-3
-1.472, 2.070e-3
-1.473, 2.110e-3
-1.474, 2.146e-3
-1.475, 2.182e-3
-1.476, 2.222e-3
-1.477, 2.264e-3
-1.478, 2.305e-3
-1.479, 2.344e-3
-1.480, 2.384e-3
-1.481, 2.424e-3
-1.482, 2.465e-3
-1.483, 2.508e-3
-1.484, 2.551e-3
-1.485, 2.590e-3
-1.486, 2.633e-3
-1.487, 2.680e-3
-1.488, 2.724e-3
-1.489, 2.764e-3
-1.490, 2.808e-3
-1.491, 2.853e-3
-1.492, 2.898e-3
-1.493, 2.945e-3
-1.494, 2.989e-3
-1.495, 3.034e-3
-1.496, 3.079e-3
-1.497, 3.126e-3
-1.498, 3.175e-3
-1.499, 3.225e-3
-1.500, 3.224e-3
-1.499, 3.171e-3
-1.498, 3.125e-3
-1.497, 3.077e-3
-1.496, 3.028e-3
-1.495, 2.975e-3
-1.494, 2.927e-3
-1.493, 2.880e-3
-1.492, 2.833e-3
-1.491, 2.784e-3
-1.490, 2.734e-3
-1.489, 2.686e-3
-1.488, 2.642e-3
-1.487, 2.600e-3
-1.486, 2.552e-3
-1.485, 2.506e-3
-1.484, 2.462e-3
-1.483, 2.421e-3
-1.482, 2.378e-3
-1.481, 2.334e-3
-1.480, 2.289e-3
-1.479, 2.249e-3
-1.478, 2.211e-3
-1.477, 2.173e-3
-1.476, 2.131e-3
-1.475, 2.091e-3
-1.474, 2.053e-3
-1.473, 2.018e-3
-1.472, 1.980e-3
-1.471, 1.941e-3
-1.470, 1.902e-3
-1.469, 1.866e-3
-1.468, 1.833e-3
-1.467, 1.799e-3
-1.466, 1.764e-3
-1.465, 1.727e-3
-1.464, 1.693e-3
-1.463, 1.659e-3
-1.462, 1.626e-3
-1.461, 1.593e-3
-1.460, 1.558e-3
-1.459, 1.527e-3
-1.458, 1.498e-3
-1.457, 1.468e-3
-1.456, 1.438e-3
-1.455, 1.405e-3
-1.454, 1.374e-3
-1.453, 1.347e-3
-1.452, 1.320e-3
-1.451, 1.292e-3
-1.450, 1.263e-3
-1.449, 1.237e-3
-1.448, 1.212e-3
-1.447, 1.186e-3
-1.446, 1.159e-3
-1.445, 1.133e-3
-1.444, 1.108e-3
-1.443, 1.085e-3
-1.442, 1.061e-3
-1.441, 1.038e-3
-1.440, 1.014e-3
-1.439, 9.910e-4
-1.438, 9.700e-4
-1.437, 9.490e-4
-1.436, 9.268e-4
-1.435, 9.055e-4
-1.434, 8.849e-4
-1.433, 8.654e-4
-1.432, 8.460e-4
-1.431, 8.262e-4
-1.430, 8.058e-4
-1.429, 7.868e-4
-1.428, 7.693e-4
-1.427, 7.513e-4
-1.426, 7.326e-4
-1.425, 7.145e-4
-1.424, 6.980e-4
-1.423, 6.823e-4
-1.422, 6.663e-4
-1.421, 6.498e-4
-1.420, 6.334e-4
-1.419, 6.178e-4
-1.418, 6.034e-4
-1.417, 5.888e-4
-1.416, 5.739e-4
-1.415, 5.592e-4
-1.414, 5.457e-4
-1.413, 5.333e-4
-1.412, 5.204e-4
-1.411, 5.069e-4
-1.410, 4.936e-4
-1.409, 4.814e-4
-1.408, 4.699e-4
-1.407, 4.583e-4
-1.406, 4.462e-4
-1.405, 4.347e-4
-1.404, 4.240e-4
-1.403, 4.138e-4
-1.402, 4.033e-4
-1.401, 3.923e-4
-1.400, 3.817e-4
-1.399, 3.721e-4
-1.398, 3.633e-4
-1.397, 3.540e-4
-1.396, 3.441e-4
-1.395, 3.345e-4
-1.394, 3.259e-4
-1.393, 3.178e-4
-1.392, 3.095e-4
-1.391, 3.007e-4
-1.390, 2.924e-4
-1.389, 2.848e-4
-1.388, 2.777e-4
-1.387, 2.705e-4
-1.386, 2.627e-4
-1.385, 2.552e-4
-1.384, 2.486e-4
-1.383, 2.423e-4
-1.382, 2.358e-4
-1.381, 2.289e-4
-1.380, 2.222e-4
-1.379, 2.164e-4
-1.378, 2.111e-4
-1.377, 2.053e-4
-1.376, 1.991e-4
-1.375, 1.932e-4
-1.374, 1.882e-4
-1.373, 1.836e-4
-1.372, 1.784e-4
-1.371, 1.728e-4
-1.370, 1.677e-4
-1.369, 1.632e-4
-1.368, 1.592e-4
-1.367, 1.547e-4
-1.366, 1.497e-4
-1.365, 1.451e-4
-1.364, 1.413e-4
-1.363, 1.378e-4
-1.362, 1.339e-4
-1.361, 1.295e-4
-1.360, 1.255e-4
-1.359, 1.223e-4
-1.358, 1.194e-4
-1.357, 1.159e-4
-1.356, 1.120e-4
-1.355, 1.085e-4
-1.354, 1.057e-4
-1.353, 1.031e-4
-1.352, 1.001e-4
-1.351, 9.657e-5
-1.350, 9.350e-5
-1.349, 9.116e-5
-1.348, 8.899e-5
-1.347, 8.620e-5
-1.346, 8.312e-5
-1.345, 8.039e-5
-1.344, 7.842e-5
-1.343, 7.654e-5
-1.342, 7.409e-5
-1.341, 7.134e-5
-1.340, 6.900e-5
-1.339, 6.730e-5
-1.338, 6.574e-5
-1.337, 6.355e-5
-1.336, 6.115e-5
-1.335, 5.906e-5
-1.334, 5.763e-5
-1.333, 5.636e-5
-1.332, 5.450e-5
-1.331, 5.223e-5
-1.330, 5.049e-5
-1.329, 4.927e-5
-1.328, 4.827e-5
-1.327, 4.664e-5
-1.326, 4.463e-5
-1.325, 4.309e-5
-1.324, 4.213e-5
-1.323, 4.124e-5
-1.322, 3.984e-5
-1.321, 3.806e-5
-1.320, 3.672e-5
-1.319, 3.594e-5
-1.318, 3.521e-5
-1.317, 3.397e-5
-1.316, 3.236e-5
-1.315, 3.114e-5
-1.314, 3.054e-5
-1.313, 3.002e-5
-1.312, 2.888e-5
-1.311, 2.750e-5
-1.310, 2.638e-5
-1.309, 2.594e-5
-1.308, 2.561e-5
-1.307, 2.459e-5
-1.306, 2.325e-5
-1.305, 2.232e-5
-1.304, 2.198e-5
-1.303, 2.171e-5
-1.302, 2.082e-5
-1.301, 1.966e-5
-1.300, 1.879e-5
-1.299, 1.854e-5
-1.298, 1.840e-5
-1.297, 1.760e-5
-1.296, 1.649e-5
-1.295, 1.573e-5
-1.294, 1.561e-5
-1.293, 1.555e-5
-1.292, 1.486e-5
-1.291, 1.385e-5
-1.290, 1.319e-5
-1.289, 1.312e-5
-1.288, 1.310e-5
-1.287, 1.247e-5
-1.286, 1.149e-5
-1.285, 1.096e-5
-1.284, 1.097e-5
-1.283, 1.100e-5
-1.282, 1.046e-5
-1.281, 9.582e-6
-1.280, 9.019e-6
-1.279, 9.098e-6
-1.278, 9.209e-6
-1.277, 8.740e-6
-1.276, 7.896e-6
-1.275, 7.404e-6
-1.274, 7.532e-6
-1.273, 7.679e-6
-1.272, 7.253e-6
-1.271, 6.439e-6
-1.270, 5.960e-6
-1.269, 6.170e-6
-1.268, 6.359e-6
-1.267, 5.926e-6
-1.266, 5.240e-6
-1.265, 4.804e-6
-1.264, 5.007e-6
-1.263, 5.274e-6
-1.262, 4.836e-6
-1.261, 4.163e-6
-1.260, 3.759e-6
-1.259, 3.987e-6
-1.258, 4.334e-6
-1.257, 3.915e-6
-1.256, 3.263e-6
-1.255, 2.855e-6
-1.254, 3.116e-6
-1.253, 3.465e-6
-1.252, 3.166e-6
-1.251, 2.442e-6
-1.250, 2.130e-6
-1.249, 2.425e-6
-1.248, 2.753e-6
-1.247, 2.453e-6
-1.246, 1.814e-6
-1.245, 1.497e-6
-1.244, 1.832e-6
-1.243, 2.148e-6
-1.242, 1.888e-6
-1.241, 1.252e-6
-1.240, 9.144e-7
-1.239, 1.281e-6
-1.238, 1.658e-6
-1.237, 1.402e-6
-1.236, 8.039e-7
-1.235, 4.507e-7
-1.234, 8.039e-7
-1.233, 1.180e-6
-1.232, 9.607e-7
-1.231, 3.007e-7
-1.230, 1.657e-8
-1.229, 3.402e-7
-1.228, 7.417e-7
-1.227, 5.069e-7
-1.226, -8.702e-8
-1.225, -3.702e-7
-1.224, 1.263e-8
-1.223, 4.250e-7
-1.222, 1.981e-7
-1.221, -4.047e-7
-1.220, -6.879e-7
-1.219, -2.853e-7
-1.218, 1.438e-7
-1.217, -5.841e-8
-1.216, -6.514e-7
-1.215, -9.661e-7
-1.214, -5.566e-7
-1.213, -1.620e-7
-1.212, -3.386e-7
-1.211, -9.641e-7
-1.210, -1.242e-6
-1.209, -8.250e-7
-1.208, -3.633e-7
-1.207, -5.468e-7
-1.206, -1.181e-6
-1.205, -1.387e-6
-1.204, -9.868e-7
-1.203, -5.912e-7
-1.202, -7.845e-7
-1.201, -1.388e-6
-1.200, -1.589e-6
-1.199, -1.180e-6
-1.198, -8.003e-7
-1.197, -9.611e-7
-1.196, -1.473e-6
-1.195, -1.768e-6
-1.194, -1.398e-6
-1.193, -9.483e-7
-1.192, -1.115e-6
-1.191, -1.692e-6
-1.190, -1.965e-6
-1.189, -1.529e-6
-1.188, -1.093e-6
-1.187, -1.217e-6
-1.186, -1.843e-6
-1.185, -2.097e-6
-1.184, -1.711e-6
-1.183, -1.276e-6
-1.182, -1.412e-6
-1.181, -1.997e-6
-1.180, -2.216e-6
-1.179, -1.838e-6
-1.178, -1.385e-6
-1.177, -1.567e-6
-1.176, -2.112e-6
-1.175, -2.365e-6
-1.174, -1.961e-6
-1.173, -1.497e-6
-1.172, -1.623e-6
-1.171, -2.246e-6
-1.170, -2.486e-6
-1.169, -2.122e-6
-1.168, -1.597e-6
-1.167, -1.751e-6
-1.166, -2.322e-6
-1.165, -2.568e-6
-1.164, -2.218e-6
-1.163, -1.746e-6
-1.162, -1.855e-6
-1.161, -2.474e-6
-1.160, -2.701e-6
-1.159, -2.358e-6
-1.158, -1.880e-6
-1.157, -1.954e-6
-1.156, -2.569e-6
-1.155, -2.826e-6
-1.154, -2.472e-6
-1.153, -2.005e-6
-1.152, -2.103e-6
-1.151, -2.684e-6
-1.150, -2.964e-6
-1.149, -2.565e-6
-1.148, -2.069e-6
-1.147, -2.224e-6
-1.146, -2.799e-6
-1.145, -3.080e-6
-1.144, -2.680e-6
-1.143, -2.224e-6
-1.142, -2.333e-6
-1.141, -2.917e-6
-1.140, -3.207e-6
-1.139, -2.848e-6
-1.138, -2.346e-6
-1.137, -2.428e-6
-1.136, -3.008e-6
-1.135, -3.283e-6
-1.134, -2.969e-6
-1.133, -2.505e-6
-1.132, -2.579e-6
-1.131, -3.185e-6
-1.130, -3.444e-6
-1.129, -3.150e-6
-1.128, -2.570e-6
-1.127, -2.688e-6
-1.126, -3.317e-6
-1.125, -3.610e-6
-1.124, -3.248e-6
-1.123, -2.776e-6
-1.122, -2.852e-6
-1.121, -3.447e-6
-1.120, -3.694e-6
-1.119, -3.379e-6
-1.118, -2.844e-6
-1.117, -2.992e-6
-1.116, -3.573e-6
-1.115, -3.873e-6
-1.114, -3.545e-6
-1.113, -3.045e-6
-1.112, -3.144e-6
-1.111, -3.692e-6
-1.110, -4.004e-6
-1.109, -3.679e-6
-1.108, -3.146e-6
-1.107, -3.250e-6
-1.106, -3.836e-6
-1.105, -4.134e-6
-1.104, -3.818e-6
-1.103, -3.296e-6
-1.102, -3.406e-6
-1.101, -3.990e-6
-1.100, -4.323e-6
-1.099, -3.995e-6
-1.098, -3.447e-6
-1.097, -3.586e-6
-1.096, -4.161e-6
-1.095, -4.503e-6
-1.094, -4.166e-6
-1.093, -3.632e-6
-1.092, -3.699e-6
-1.091, -4.340e-6
-1.090, -4.613e-6
-1.089, -4.306e-6
-1.088, -3.790e-6
-1.087, -3.906e-6
-1.086, -4.516e-6
-1.085, -4.832e-6
-1.084, -4.459e-6
-1.083, -3.970e-6
-1.082, -4.041e-6
-1.081, -4.703e-6
-1.080, -5.006e-6
-1.079, -4.688e-6
-1.078, -4.158e-6
-1.077, -4.277e-6
-1.076, -4.851e-6
-1.075, -5.230e-6
-1.074, -4.895e-6
-1.073, -4.361e-6
-1.072, -4.451e-6
-1.071, -5.075e-6
-1.070, -5.417e-6
-1.069, -5.105e-6
-1.068, -4.536e-6
-1.067, -4.680e-6
-1.066, -5.269e-6
-1.065, -5.633e-6
-1.064, -5.337e-6
-1.063, -4.783e-6
-1.062, -4.912e-6
-1.061, -5.488e-6
-1.060, -5.850e-6
-1.059, -5.565e-6
-1.058, -5.060e-6
-1.057, -5.091e-6
-1.056, -5.704e-6
-1.055, -6.116e-6
-1.054, -5.826e-6
-1.053, -5.249e-6
-1.052, -5.343e-6
-1.051, -6.000e-6
-1.050, -6.378e-6
-1.049, -6.080e-6
-1.048, -5.556e-6
-1.047, -5.627e-6
-1.046, -6.254e-6
-1.045, -6.621e-6
-1.044, -6.373e-6
-1.043, -5.845e-6
-1.042, -5.871e-6
-1.041, -6.548e-6
-1.040, -7.006e-6
-1.039, -6.684e-6
-1.038, -6.190e-6
-1.037, -6.201e-6
-1.036, -6.839e-6
-1.035, -7.309e-6
-1.034, -7.011e-6
-1.033, -6.525e-6
-1.032, -6.508e-6
-1.031, -7.183e-6
-1.030, -7.636e-6
-1.029, -7.374e-6
-1.028, -6.828e-6
-1.027, -6.870e-6
-1.026, -7.554e-6
-1.025, -8.010e-6
-1.024, -7.749e-6
-1.023, -7.225e-6
-1.022, -7.276e-6
-1.021, -7.910e-6
-1.020, -8.380e-6
-1.019, -8.148e-6
-1.018, -7.639e-6
-1.017, -7.679e-6
-1.016, -8.321e-6
-1.015, -8.806e-6
-1.014, -8.604e-6
-1.013, -8.030e-6
-1.012, -8.084e-6
-1.011, -8.785e-6
-1.010, -9.262e-6
-1.009, -8.994e-6
-1.008, -8.496e-6
-1.007, -8.549e-6
-1.006, -9.238e-6
-1.005, -9.697e-6
-1.004, -9.491e-6
-1.003, -9.022e-6
-1.002, -9.043e-6
-1.001, -9.736e-6
-1.000, -6.986e-6
-1.001, -5.342e-6
-1.002, -3.980e-6
-1.003, -3.389e-6
-1.004, -3.460e-6
-1.005, -3.433e-6
-1.006, -2.716e-6
-1.007, -1.736e-6
-1.008, -1.346e-6
-1.009, -1.625e-6
-1.010, -1.735e-6
-1.011, -1.088e-6
-1.012, -2.478e-7
-1.013, 4.025e-8
-1.014, -3.495e-7
-1.015, -5.290e-7
-1.016, 7.695e-9
-1.017, 7.861e-7
-1.018, 1.020e-6
-1.019, 6.194e-7
-1.020, 3.422e-7
-1.021, 8.562e-7
-1.022, 1.564e-6
-1.023, 1.794e-6
-1.024, 1.369e-6
-1.025, 1.119e-6
-1.026, 1.506e-6
-1.027, 2.216e-6
-1.028, 2.417e-6
-1.029, 1.965e-6
-1.030, 1.627e-6
-1.031, 2.059e-6
-1.032, 2.728e-6
-1.033, 2.851e-6
-1.034, 2.404e-6
-1.035, 2.051e-6
-1.036, 2.445e-6
-1.037, 3.149e-6
-1.038, 3.300e-6
-1.039, 2.837e-6
-1.040, 2.424e-6
-1.041, 2.814e-6
-1.042, 3.476e-6
-1.043, 3.609e-6
-1.044, 3.120e-6
-1.045, 2.724e-6
-1.046, 3.102e-6
-1.047, 3.759e-6
-1.048, 3.868e-6
-1.049, 3.348e-6
-1.050, 2.947e-6
-1.051, 3.287e-6
-1.052, 3.902e-6
-1.053, 4.048e-6
-1.054, 3.580e-6
-1.055, 3.200e-6
-1.056, 3.520e-6
-1.057, 4.118e-6
-1.058, 4.299e-6
-1.059, 3.761e-6
-1.060, 3.294e-6
-1.061, 3.644e-6
-1.062, 4.272e-6
-1.063, 4.455e-6
-1.064, 3.903e-6
-1.065, 3.495e-6
-1.066, 3.807e-6
-1.067, 4.368e-6
-1.068, 4.571e-6
-1.069, 4.022e-6
-1.070, 3.611e-6
-1.071, 3.910e-6
-1.072, 4.487e-6
-1.073, 4.602e-6
-1.074, 4.147e-6
-1.075, 3.699e-6
-1.076, 3.990e-6
-1.077, 4.611e-6
-1.078, 4.709e-6
-1.079, 4.256e-6
-1.080, 3.817e-6
-1.081, 4.066e-6
-1.082, 4.703e-6
-1.083, 4.808e-6
-1.084, 4.329e-6
-1.085, 3.860e-6
-1.086, 4.146e-6
-1.087, 4.768e-6
-1.088, 4.869e-6
-1.089, 4.372e-6
-1.090, 3.993e-6
-1.091, 4.241e-6
-1.092, 4.809e-6
-1.093, 4.965e-6
-1.094, 4.461e-6
-1.095, 4.006e-6
-1.096, 4.246e-6
-1.097, 4.860e-6
-1.098, 4.962e-6
-1.099, 4.506e-6
-1.100, 4.072e-6
-1.101, 4.307e-6
-1.102, 4.878e-6
-1.103, 5.049e-6
-1.104, 4.548e-6
-1.105, 4.108e-6
-1.106, 4.340e-6
-1.107, 4.960e-6
-1.108, 5.093e-6
-1.109, 4.630e-6
-1.110, 4.201e-6
-1.111, 4.403e-6
-1.112, 4.970e-6
-1.113, 5.092e-6
-1.114, 4.669e-6
-1.115, 4.160e-6
-1.116, 4.424e-6
-1.117, 5.028e-6
-1.118, 5.205e-6
-1.119, 4.760e-6
-1.120, 4.291e-6
-1.121, 4.492e-6
-1.122, 5.100e-6
-1.123, 5.180e-6
-1.124, 4.723e-6
-1.125, 4.288e-6
-1.126, 4.499e-6
-1.127, 5.121e-6
-1.128, 5.238e-6
-1.129, 4.766e-6
-1.130, 4.317e-6
-1.131, 4.512e-6
-1.132, 5.085e-6
-1.133, 5.293e-6
-1.134, 4.826e-6
-1.135, 4.373e-6
-1.136, 4.563e-6
-1.137, 5.167e-6
-1.138, 5.327e-6
-1.139, 4.848e-6
-1.140, 4.468e-6
-1.141, 4.626e-6
-1.142, 5.177e-6
-1.143, 5.382e-6
-1.144, 4.873e-6
-1.145, 4.450e-6
-1.146, 4.637e-6
-1.147, 5.169e-6
-1.148, 5.381e-6
-1.149, 4.940e-6
-1.150, 4.453e-6
-1.151, 4.654e-6
-1.152, 5.196e-6
-1.153, 5.423e-6
-1.154, 4.998e-6
-1.155, 4.541e-6
-1.156, 4.683e-6
-1.157, 5.198e-6
-1.158, 5.420e-6
-1.159, 4.991e-6
-1.160, 4.527e-6
-1.161, 4.656e-6
-1.162, 5.283e-6
-1.163, 5.447e-6
-1.164, 5.007e-6
-1.165, 4.611e-6
-1.166, 4.745e-6
-1.167, 5.300e-6
-1.168, 5.519e-6
-1.169, 5.042e-6
-1.170, 4.649e-6
-1.171, 4.806e-6
-1.172, 5.345e-6
-1.173, 5.579e-6
-1.174, 5.133e-6
-1.175, 4.710e-6
-1.176, 4.795e-6
-1.177, 5.414e-6
-1.178, 5.620e-6
-1.179, 5.196e-6
-1.180, 4.741e-6
-1.181, 4.856e-6
-1.182, 5.445e-6
-1.183, 5.657e-6
-1.184, 5.197e-6
-1.185, 4.744e-6
-1.186, 4.875e-6
-1.187, 5.457e-6
-1.188, 5.654e-6
-1.189, 5.295e-6
-1.190, 4.789e-6
-1.191, 4.987e-6
-1.192, 5.542e-6
-1.193, 5.783e-6
-1.194, 5.437e-6
-1.195, 4.929e-6
-1.196, 5.004e-6
-1.197, 5.615e-6
-1.198, 5.841e-6
-1.199, 5.428e-6
-1.200, 4.959e-6
-1.201, 5.079e-6
-1.202, 5.713e-6
-1.203, 5.999e-6
-1.204, 5.564e-6
-1.205, 5.106e-6
-1.206, 5.219e-6
-1.207, 5.781e-6
-1.208, 6.015e-6
-1.209, 5.619e-6
-1.210, 5.215e-6
-1.211, 5.238e-6
-1.212, 5.862e-6
-1.213, 6.133e-6
-1.214, 5.743e-6
-1.215, 5.280e-6
-1.216, 5.345e-6
-1.217, 5.962e-6
-1.218, 6.201e-6
-1.219, 5.833e-6
-1.220, 5.363e-6
-1.221, 5.500e-6
-1.222, 6.063e-6
-1.223, 6.342e-6
-1.224, 5.997e-6
-1.225, 5.517e-6
-1.226, 5.605e-6
-1.227, 6.184e-6
-1.228, 6.497e-6
-1.229, 6.133e-6
-1.230, 5.640e-6
-1.231, 5.804e-6
-1.232, 6.384e-6
-1.233, 6.642e-6
-1.234, 6.336e-6
-1.235, 5.841e-6
-1.236, 5.899e-6
-1.237, 6.556e-6
-1.238, 6.865e-6
-1.239, 6.554e-6
-1.240, 6.035e-6
-1.241, 6.149e-6
-1.242, 6.773e-6
-1.243, 7.087e-6
-1.244, 6.798e-6
-1.245, 6.343e-6
-1.246, 6.391e-6
-1.247, 7.068e-6
-1.248, 7.349e-6
-1.249, 7.046e-6
-1.250, 6.652e-6
-1.251, 6.761e-6
-1.252, 7.362e-6
-1.253, 7.706e-6
-1.254, 7.387e-6
-1.255, 6.998e-6
-1.256, 7.079e-6
-1.257, 7.730e-6
-1.258, 8.132e-6
-1.259, 7.872e-6
-1.260, 7.434e-6
-1.261, 7.534e-6
-1.262, 8.223e-6
-1.263, 8.600e-6
-1.264, 8.333e-6
-1.265, 7.882e-6
-1.266, 8.022e-6
-1.267, 8.691e-6
-1.268, 9.115e-6
-1.269, 8.912e-6
-1.270, 8.555e-6
-1.271, 8.693e-6
-1.272, 9.344e-6
-1.273, 9.783e-6
-1.274, 9.587e-6
-1.275, 9.209e-6
-1.276, 9.346e-6
-1.277, 1.013e-5
-1.278, 1.057e-5
-1.279, 1.044e-5
-1.280, 1.012e-5
-1.281, 1.027e-5
-1.282, 1.105e-5
-1.283, 1.151e-5
-1.284, 1.138e-5
-1.285, 1.113e-5
-1.286, 1.131e-5
-1.287, 1.214e-5
-1.288, 1.265e-5
-1.289, 1.258e-5
-1.290, 1.235e-5
-1.291, 1.257e-5
-1.292, 1.337e-5
-1.293, 1.402e-5
-1.294, 1.402e-5
-1.295, 1.381e-5
-1.296, 1.408e-5
-1.297, 1.492e-5
-1.298, 1.561e-5
-1.299, 1.564e-5
-1.300, 1.558e-5
-1.301, 1.590e-5
-1.302, 1.678e-5
-1.303, 1.756e-5
-1.304, 1.764e-5
-1.305, 1.757e-5
-1.306, 1.802e-5
-1.307, 1.904e-5
-1.308, 1.987e-5
-1.309, 2.005e-5
-1.310, 2.006e-5
-1.311, 2.057e-5
-1.312, 2.165e-5
-1.313, 2.256e-5
-1.314, 2.291e-5
-1.315, 2.301e-5
-1.316, 2.365e-5
-1.317, 2.480e-5
-1.318, 2.588e-5
-1.319, 2.631e-5
-1.320, 2.654e-5
-1.321, 2.726e-5
-1.322, 2.857e-5
-1.323, 2.973e-5
-1.324, 3.030e-5
-1.325, 3.070e-5
-1.326, 3.155e-5
-1.327, 3.301e-5
-1.328, 3.439e-5
-1.329, 3.507e-5
-1.330, 3.565e-5
-1.331, 3.661e-5
-1.332, 3.828e-5
-1.333, 3.983e-5
-1.334, 4.076e-5
-1.335, 4.151e-5
-1.336, 4.265e-5
-1.337, 4.449e-5
-1.338, 4.626e-5
-1.339, 4.742e-5
-1.340, 4.835e-5
-1.341, 4.979e-5
-1.342, 5.181e-5
-1.343, 5.390e-5
-1.344, 5.525e-5
-1.345, 5.648e-5
-1.346, 5.816e-5
-1.347, 6.045e-5
-1.348, 6.286e-5
-1.349, 6.457e-5
-1.350, 6.606e-5
-1.351, 6.802e-5
-1.352, 7.064e-5
-1.353, 7.332e-5
-1.354, 7.545e-5
-1.355, 7.725e-5
-1.356, 7.956e-5
-1.357, 8.258e-5
-1.358, 8.568e-5
-1.359, 8.812e-5
-1.360, 9.040e-5
-1.361, 9.311e-5
-1.362, 9.645e-5
-1.363, 1.000e-4
-1.364, 1.030e-4
-1.365, 1.057e-4
-1.366, 1.088e-4
-1.367, 1.126e-4
-1.368, 1.166e-4
-1.369, 1.201e-4
-1.370, 1.233e-4
-1.371, 1.270e-4
-1.372, 1.314e-4
-1.373, 1.360e-4
-1.374, 1.401e-4
-1.375, 1.439e-4
-1.376, 1.481e-4
-1.377, 1.531e-4
-1.378, 1.585e-4
-1.379, 1.633e-4
-1.380, 1.678e-4
-1.381, 1.727e-4
-1.382, 1.785e-4
-1.383, 1.846e-4
-1.384, 1.902e-4
-1.385, 1.954e-4
-1.386, 2.011e-4
-1.387, 2.075e-4
-1.388, 2.143e-4
-1.389, 2.209e-4
-1.390, 2.270e-4
-1.391, 2.335e-4
-1.392, 2.408e-4
-1.393, 2.488e-4
-1.394, 2.564e-4
-1.395, 2.634e-4
-1.396, 2.708e-4
-1.397, 2.790e-4
-1.398, 2.877e-4
-1.399, 2.963e-4
-1.400, 3.045e-4
-1.401, 3.130e-4
-1.402, 3.225e-4
-1.403, 3.325e-4
-1.404, 3.422e-4
-1.405, 3.515e-4
-1.406, 3.612e-4
-1.407, 3.718e-4
-1.408, 3.830e-4
-1.409, 3.942e-4
-1.410, 4.049e-4
-1.411, 4.157e-4
-1.412, 4.276e-4
-1.413, 4.402e-4
-1.414, 4.526e-4
-1.415, 4.648e-4
-1.416, 4.770e-4
-1.417, 4.903e-4
-1.418, 5.046e-4
-1.419, 5.187e-4
-1.420, 5.322e-4
-1.421, 5.464e-4
-1.422, 5.614e-4
-1.423, 5.769e-4
-1.424, 5.925e-4
-1.425, 6.075e-4
-1.426, 6.225e-4
-1.427, 6.390e-4
-1.428, 6.564e-4
-1.429, 6.738e-4
-1.430, 6.907e-4
-1.431, 7.076e-4
-1.432, 7.261e-4
-1.433, 7.458e-4
-1.434, 7.645e-4
-1.435, 7.828e-4
-1.436, 8.014e-4
-1.437, 8.210e-4
-1.438, 8.421e-4
-1.439, 8.636e-4
-1.440, 8.839e-4
-1.441, 9.042e-4
-1.442, 9.257e-4
-1.443, 9.489e-4
-1.444, 9.720e-4
-1.445, 9.939e-4
-1.446, 1.016e-3
-1.447, 1.040e-3
-1.448, 1.065e-3
-1.449, 1.089e-3
-1.450, 1.114e-3
-1.451, 1.138e-3
-1.452, 1.164e-3
-1.453, 1.190e-3
-1.454, 1.217e-3
-1.455, 1.243e-3
-1.456, 1.269e-3
-1.457, 1.296e-3
-1.458, 1.325e-3
-1.459, 1.355e-3
-1.460, 1.383e-3
-1.461, 1.411e-3
-1.462, 1.439e-3
-1.463, 1.469e-3
-1.464, 1.501e-3
-1.465, 1.531e-3
-1.466, 1.561e-3
-1.467, 1.593e-3
-1.468, 1.624e-3
-1.469, 1.657e-3
-1.470, 1.690e-3
-1.471, 1.723e-3
-1.472, 1.755e-3
-1.473, 1.788e-3
-1.474, 1.823e-3
-1.475, 1.858e-3
-1.476, 1.893e-3
-1.477, 1.926e-3
-1.478, 1.962e-3
-1.479, 1.999e-3
-1.480, 2.035e-3
-1.481, 2.072e-3
-1.482, 2.108e-3
-1.483, 2.144e-3
-1.484, 2.183e-3
-1.485, 2.223e-3
-1.486, 2.263e-3
-1.487, 2.299e-3
-1.488, 2.336e-3
-1.489, 2.377e-3
-1.490, 2.418e-3
-1.491, 2.457e-3
-1.492, 2.498e-3
-1.493, 2.538e-3
-1.494, 2.580e-3
-1.495, 2.622e-3
-1.496, 2.666e-3
-1.497, 2.707e-3
-1.498, 2.746e-3
-1.499, 2.792e-3
-1.500, 2.801e-3
-1.499, 2.753e-3
-1.498, 2.705e-3
-1.497, 2.660e-3
-1.496, 2.618e-3
-1.495, 2.575e-3
-1.494, 2.528e-3
-1.493, 2.485e-3
-1.492, 2.443e-3
-1.491, 2.397e-3
-1.490, 2.355e-3
-1.489, 2.315e-3
-1.488, 2.271e-3
-1.487, 2.232e-3
-1.486, 2.193e-3
-1.485, 2.153e-3
-1.484, 2.112e-3
-1.483, 2.072e-3
-1.482, 2.034e-3
-1.481, 1.998e-3
-1.480, 1.960e-3
-1.479, 1.921e-3
-1.478, 1.883e-3
-1.477, 1.849e-3
-1.476, 1.816e-3
-1.475, 1.781e-3
-1.474, 1.745e-3
-1.473, 1.710e-3
-1.472, 1.678e-3
-1.471, 1.647e-3
-1.470, 1.615e-3
-1.469, 1.580e-3
-1.468, 1.548e-3
-1.467, 1.519e-3
-1.466, 1.489e-3
-1.465, 1.459e-3
-1.464, 1.428e-3
-1.463, 1.398e-3
-1.462, 1.370e-3
-1.461, 1.342e-3
-1.460, 1.314e-3
-1.459, 1.286e-3
-1.458, 1.259e-3
-1.457, 1.234e-3
-1.456, 1.209e-3
-1.455, 1.184e-3
-1.454, 1.159e-3
-1.453, 1.134e-3
-1.452, 1.109e-3
-1.451, 1.085e-3
-1.450, 1.061e-3
-1.449, 1.037e-3
-1.448, 1.014e-3
-1.447, 9.923e-4
-1.446, 9.708e-4
-1.445, 9.490e-4
-1.444, 9.268e-4
-1.443, 9.055e-4
-1.442, 8.857e-4
-1.441, 8.663e-4
-1.440, 8.465e-4
-1.439, 8.263e-4
-1.438, 8.070e-4
-1.437, 7.890e-4
-1.436, 7.715e-4
-1.435, 7.536e-4
-1.434, 7.346e-4
-1.433, 7.169e-4
-1.432, 7.009e-4
-1.431, 6.849e-4
-1.430, 6.687e-4
-1.429, 6.522e-4
-1.428, 6.362e-4
-1.427, 6.216e-4
-1.426, 6.075e-4
-1.425, 5.926e-4
-1.424, 5.777e-4
-1.423, 5.635e-4
-1.422, 5.503e-4
-1.421, 5.376e-4
-1.420, 5.241e-4
-1.419, 5.105e-4
-1.418, 4.979e-4
-1.417, 4.861e-4
-1.416, 4.746e-4
-1.415, 4.626e-4
-1.414, 4.504e-4
-1.413, 4.392e-4
-1.412, 4.288e-4
-1.411, 4.186e-4
-1.410, 4.078e-4
-1.409, 3.966e-4
-1.408, 3.866e-4
-1.407, 3.774e-4
-1.406, 3.682e-4
-1.405, 3.587e-4
-1.404, 3.487e-4
-1.403, 3.394e-4
-1.402, 3.313e-4
-1.401, 3.231e-4
-1.400, 3.145e-4
-1.399, 3.057e-4
-1.398, 2.976e-4
-1.397, 2.903e-4
-1.396, 2.832e-4
-1.395, 2.754e-4
-1.394, 2.675e-4
-1.393, 2.604e-4
-1.392, 2.541e-4
-1.391, 2.477e-4
-1.390, 2.407e-4
-1.389, 2.338e-4
-1.388, 2.275e-4
-1.387, 2.218e-4
-1.386, 2.162e-4
-1.385, 2.100e-4
-1.384, 2.038e-4
-1.383, 1.982e-4
-1.382, 1.933e-4
-1.381, 1.883e-4
-1.380, 1.829e-4
-1.379, 1.773e-4
-1.378, 1.724e-4
-1.377, 1.682e-4
-1.376, 1.639e-4
-1.375, 1.589e-4
-1.374, 1.540e-4
-1.373, 1.497e-4
-1.372, 1.460e-4
-1.371, 1.422e-4
-1.370, 1.380e-4
-1.369, 1.337e-4
-1.368, 1.299e-4
-1.367, 1.267e-4
-1.366, 1.235e-4
-1.365, 1.197e-4
-1.364, 1.159e-4
-1.363, 1.126e-4
-1.362, 1.099e-4
-1.361, 1.070e-4
-1.360, 1.036e-4
-1.359, 1.002e-4
-1.358, 9.732e-5
-1.357, 9.502e-5
-1.356, 9.252e-5
-1.355, 8.947e-5
-1.354, 8.636e-5
-1.353, 8.383e-5
-1.352, 8.195e-5
-1.351, 7.977e-5
-1.350, 7.709e-5
-1.349, 7.438e-5
-1.348, 7.218e-5
-1.347, 7.053e-5
-1.346, 6.876e-5
-1.345, 6.643e-5
-1.344, 6.392e-5
-1.343, 6.208e-5
-1.342, 6.071e-5
-1.341, 5.919e-5
-1.340, 5.714e-5
-1.339, 5.491e-5
-1.338, 5.328e-5
-1.337, 5.217e-5
-1.336, 5.087e-5
-1.335, 4.900e-5
-1.334, 4.704e-5
-1.333, 4.565e-5
-1.332, 4.479e-5
-1.331, 4.366e-5
-1.330, 4.201e-5
-1.329, 4.024e-5
-1.328, 3.902e-5
-1.327, 3.838e-5
-1.326, 3.743e-5
-1.325, 3.598e-5
-1.324, 3.436e-5
-1.323, 3.333e-5
-1.322, 3.282e-5
-1.321, 3.198e-5
-1.320, 3.074e-5
-1.319, 2.928e-5
-1.318, 2.836e-5
-1.317, 2.801e-5
-1.316, 2.743e-5
-1.315, 2.618e-5
-1.314, 2.490e-5
-1.313, 2.412e-5
-1.312, 2.388e-5
-1.311, 2.335e-5
-1.310, 2.231e-5
-1.309, 2.110e-5
-1.308, 2.048e-5
-1.307, 2.030e-5
-1.306, 1.988e-5
-1.305, 1.897e-5
-1.304, 1.788e-5
-1.303, 1.727e-5
-1.302, 1.724e-5
-1.301, 1.693e-5
-1.300, 1.606e-5
-1.299, 1.507e-5
-1.298, 1.456e-5
-1.297, 1.458e-5
-1.296, 1.436e-5
-1.295, 1.360e-5
-1.294, 1.265e-5
-1.293, 1.218e-5
-1.292, 1.227e-5
-1.291, 1.213e-5
-1.290, 1.144e-5
-1.289, 1.055e-5
-1.288, 1.018e-5
-1.287, 1.027e-5
-1.286, 1.024e-5
-1.285, 9.564e-6
-1.284, 8.807e-6
-1.283, 8.413e-6
-1.282, 8.574e-6
-1.281, 8.611e-6
-1.280, 7.999e-6
-1.279, 7.267e-6
-1.278, 6.956e-6
-1.277, 7.144e-6
-1.276, 7.221e-6
-1.275, 6.645e-6
-1.274, 5.925e-6
-1.273, 5.656e-6
-1.272, 5.908e-6
-1.271, 6.066e-6
-1.270, 5.512e-6
-1.269, 4.869e-6
-1.268, 4.580e-6
-1.267, 4.827e-6
-1.266, 5.100e-6
-1.265, 4.569e-6
-1.264, 3.913e-6
-1.263, 3.663e-6
-1.262, 3.901e-6
-1.261, 4.155e-6
-1.260, 3.719e-6
-1.259, 3.038e-6
-1.258, 2.823e-6
-1.257, 3.139e-6
-1.256, 3.388e-6
-1.255, 2.982e-6
-1.254, 2.334e-6
-1.253, 2.139e-6
-1.252, 2.488e-6
-1.251, 2.705e-6
-1.250, 2.380e-6
-1.249, 1.748e-6
-1.248, 1.578e-6
-1.247, 1.939e-6
-1.246, 2.231e-6
-1.245, 1.863e-6
-1.244, 1.240e-6
-1.243, 1.022e-6
-1.242, 1.412e-6
-1.241, 1.723e-6
-1.240, 1.427e-6
-1.239, 8.039e-7
-1.238, 6.056e-7
-1.237, 9.815e-7
-1.236, 1.368e-6
-1.235, 1.005e-6
-1.234, 4.250e-7
-1.233, 2.484e-7
-1.232, 6.381e-7
-1.231, 1.018e-6
-1.230, 6.845e-7
-1.229, 8.761e-8
-1.228, -7.321e-8
-1.227, 2.691e-7
-1.226, 6.736e-7
-1.225, 3.974e-7
-1.224, -1.541e-7
-1.223, -3.682e-7
-1.222, 2.762e-9
-1.221, 4.112e-7
-1.220, 1.281e-7
-1.219, -4.353e-7
-1.218, -6.158e-7
-1.217, -2.449e-7
-1.216, 2.159e-7
-1.215, -8.110e-8
-1.214, -6.257e-7
-1.213, -8.437e-7
-1.212, -4.086e-7
-1.211, -2.190e-8
-1.210, -2.735e-7
-1.209, -8.053e-7
-1.208, -1.032e-6
-1.207, -6.435e-7
-1.206, -2.646e-7
-1.205, -4.333e-7
-1.204, -9.700e-7
-1.203, -1.235e-6
-1.202, -8.358e-7
-1.201, -4.175e-7
-1.200, -5.803e-7
-1.199, -1.133e-6
-1.198, -1.393e-6
-1.197, -1.011e-6
-1.196, -5.537e-7
-1.195, -7.421e-7
-1.194, -1.312e-6
-1.193, -1.545e-6
-1.192, -1.119e-6
-1.191, -7.175e-7
-1.190, -8.595e-7
-1.189, -1.419e-6
-1.188, -1.677e-6
-1.187, -1.331e-6
-1.186, -8.664e-7
-1.185, -9.414e-7
-1.184, -1.560e-6
-1.183, -1.796e-6
-1.182, -1.429e-6
-1.181, -1.010e-6
-1.180, -1.102e-6
-1.179, -1.685e-6
-1.178, -1.925e-6
-1.177, -1.598e-6
-1.176, -1.088e-6
-1.175, -1.204e-6
-1.174, -1.799e-6
-1.173, -2.041e-6
-1.172, -1.683e-6
-1.171, -1.249e-6
-1.170, -1.331e-6
-1.169, -1.942e-6
-1.168, -2.172e-6
-1.167, -1.794e-6
-1.166, -1.390e-6
-1.165, -1.448e-6
-1.164, -2.000e-6
-1.163, -2.278e-6
-1.162, -1.941e-6
-1.161, -1.461e-6
-1.160, -1.560e-6
-1.159, -2.106e-6
-1.158, -2.440e-6
-1.157, -2.058e-6
-1.156, -1.573e-6
-1.155, -1.663e-6
-1.154, -2.199e-6
-1.153, -2.520e-6
-1.152, -2.174e-6
-1.151, -1.686e-6
-1.150, -1.756e-6
-1.149, -2.323e-6
-1.148, -2.598e-6
-1.147, -2.304e-6
-1.146, -1.803e-6
-1.145, -1.867e-6
-1.144, -2.416e-6
-1.143, -2.707e-6
-1.142, -2.383e-6
-1.141, -1.896e-6
-1.140, -1.858e-6
-1.139, -2.511e-6
-1.138, -2.762e-6
-1.137, -2.509e-6
-1.136, -2.005e-6
-1.135, -2.013e-6
-1.134, -2.592e-6
-1.133, -2.924e-6
-1.132, -2.617e-6
-1.131, -2.145e-6
-1.130, -2.125e-6
-1.129, -2.689e-6
-1.128, -3.058e-6
-1.127, -2.729e-6
-1.126, -2.233e-6
-1.125, -2.237e-6
-1.124, -2.779e-6
-1.123, -3.133e-6
-1.122, -2.839e-6
-1.121, -2.349e-6
-1.120, -2.326e-6
-1.119, -2.878e-6
-1.118, -3.290e-6
-1.117, -2.946e-6
-1.116, -2.460e-6
-1.115, -2.467e-6
-1.114, -2.967e-6
-1.113, -3.447e-6
-1.112, -3.100e-6
-1.111, -2.593e-6
-1.110, -2.579e-6
-1.109, -3.084e-6
-1.108, -3.509e-6
-1.107, -3.244e-6
-1.106, -2.709e-6
-1.105, -2.684e-6
-1.104, -3.224e-6
-1.103, -3.690e-6
-1.102, -3.370e-6
-1.101, -2.875e-6
-1.100, -2.786e-6
-1.099, -3.350e-6
-1.098, -3.807e-6
-1.097, -3.537e-6
-1.096, -2.967e-6
-1.095, -2.924e-6
-1.094, -3.503e-6
-1.093, -3.926e-6
-1.092, -3.658e-6
-1.091, -3.217e-6
-1.090, -3.101e-6
-1.089, -3.650e-6
-1.088, -4.102e-6
-1.087, -3.868e-6
-1.086, -3.352e-6
-1.085, -3.246e-6
-1.084, -3.773e-6
-1.083, -4.284e-6
-1.082, -4.043e-6
-1.081, -3.514e-6
-1.080, -3.440e-6
-1.079, -3.895e-6
-1.078, -4.452e-6
-1.077, -4.213e-6
-1.076, -3.700e-6
-1.075, -3.602e-6
-1.074, -4.104e-6
-1.073, -4.636e-6
-1.072, -4.377e-6
-1.071, -3.862e-6
-1.070, -3.756e-6
-1.069, -4.287e-6
-1.068, -4.795e-6
-1.067, -4.626e-6
-1.066, -4.040e-6
-1.065, -3.957e-6
-1.064, -4.459e-6
-1.063, -4.992e-6
-1.062, -4.845e-6
-1.061, -4.308e-6
-1.060, -4.157e-6
-1.059, -4.717e-6
-1.058, -5.276e-6
-1.057, -5.121e-6
-1.056, -4.518e-6
-1.055, -4.428e-6
-1.054, -4.935e-6
-1.053, -5.427e-6
-1.052, -5.339e-6
-1.051, -4.798e-6
-1.050, -4.675e-6
-1.049, -5.184e-6
-1.048, -5.716e-6
-1.047, -5.598e-6
-1.046, -5.096e-6
-1.045, -4.867e-6
-1.044, -5.385e-6
-1.043, -6.008e-6
-1.042, -5.897e-6
-1.041, -5.403e-6
-1.040, -5.170e-6
-1.039, -5.735e-6
-1.038, -6.316e-6
-1.037, -6.216e-6
-1.036, -5.679e-6
-1.035, -5.500e-6
-1.034, -6.038e-6
-1.033, -6.599e-6
-1.032, -6.589e-6
-1.031, -5.995e-6
-1.030, -5.862e-6
-1.029, -6.308e-6
-1.028, -6.899e-6
-1.027, -6.958e-6
-1.026, -6.350e-6
-1.025, -6.197e-6
-1.024, -6.676e-6
-1.023, -7.308e-6
-1.022, -7.348e-6
-1.021, -6.758e-6
-1.020, -6.568e-6
-1.019, -7.048e-6
-1.018, -7.703e-6
-1.017, -7.692e-6
-1.016, -7.166e-6
-1.015, -6.958e-6
-1.014, -7.405e-6
-1.013, -8.069e-6
-1.012, -8.117e-6
-1.011, -7.623e-6
-1.010, -7.381e-6
-1.009, -7.853e-6
-1.008, -8.529e-6
-1.007, -8.552e-6
-1.006, -8.077e-6
-1.005, -7.837e-6
-1.004, -8.302e-6
-1.003, -8.991e-6
-1.002, -9.039e-6
-1.001, -8.540e-6
