Mar. 11, 2025   17:07:46
Linear Sweep Voltammetry
File: c:/users/guazh/data/banditlqround7_x0exp891_r5/2025-03-03-exp878\1acid_1ac-2025-03-11t17_04_37-lsvinphos\1acid_1ac_lsv_50mvs_efin_-2100mv.bin
Data Source:  Experiment
Instrument Model:  CHI760E
Header: LSV ran at 50 mVs with Efin at -2100mV
Note: 

Init E (V) = -0.6
Final E (V) = -2.1
Scan Rate (V/s) = 0.05
Sample Interval (V) = 0.001
Quiet Time (sec) = 2
Sensitivity (A/V) = 1e-4
Comp R (ohm) = 8.9

Results:

Channel 1:
Ep = -1.777V
ip = 7.635e-4A
Ah = 1.057e-3C

Potential/V, Current/A

-0.600, 3.968e-6
-0.601, 4.109e-6
-0.602, 4.163e-6
-0.603, 4.203e-6
-0.604, 4.242e-6
-0.605, 4.285e-6
-0.606, 4.332e-6
-0.607, 4.368e-6
-0.608, 4.403e-6
-0.609, 4.442e-6
-0.610, 4.483e-6
-0.611, 4.526e-6
-0.612, 4.560e-6
-0.613, 4.594e-6
-0.614, 4.632e-6
-0.615, 4.676e-6
-0.616, 4.715e-6
-0.617, 4.750e-6
-0.618, 4.782e-6
-0.619, 4.818e-6
-0.620, 4.857e-6
-0.621, 4.900e-6
-0.622, 4.934e-6
-0.623, 4.964e-6
-0.624, 5.000e-6
-0.625, 5.043e-6
-0.626, 5.081e-6
-0.627, 5.117e-6
-0.628, 5.148e-6
-0.629, 5.182e-6
-0.630, 5.229e-6
-0.631, 5.266e-6
-0.632, 5.298e-6
-0.633, 5.331e-6
-0.634, 5.362e-6
-0.635, 5.401e-6
-0.636, 5.439e-6
-0.637, 5.472e-6
-0.638, 5.504e-6
-0.639, 5.537e-6
-0.640, 5.576e-6
-0.641, 5.613e-6
-0.642, 5.643e-6
-0.643, 5.673e-6
-0.644, 5.703e-6
-0.645, 5.740e-6
-0.646, 5.780e-6
-0.647, 5.811e-6
-0.648, 5.842e-6
-0.649, 5.871e-6
-0.650, 5.905e-6
-0.651, 5.938e-6
-0.652, 5.966e-6
-0.653, 5.994e-6
-0.654, 6.023e-6
-0.655, 6.057e-6
-0.656, 6.093e-6
-0.657, 6.126e-6
-0.658, 6.146e-6
-0.659, 6.171e-6
-0.660, 6.201e-6
-0.661, 6.233e-6
-0.662, 6.259e-6
-0.663, 6.279e-6
-0.664, 6.307e-6
-0.665, 6.339e-6
-0.666, 6.372e-6
-0.667, 6.397e-6
-0.668, 6.422e-6
-0.669, 6.444e-6
-0.670, 6.472e-6
-0.671, 6.497e-6
-0.672, 6.518e-6
-0.673, 6.537e-6
-0.674, 6.563e-6
-0.675, 6.595e-6
-0.676, 6.621e-6
-0.677, 6.638e-6
-0.678, 6.659e-6
-0.679, 6.676e-6
-0.680, 6.703e-6
-0.681, 6.728e-6
-0.682, 6.743e-6
-0.683, 6.758e-6
-0.684, 6.778e-6
-0.685, 6.801e-6
-0.686, 6.824e-6
-0.687, 6.838e-6
-0.688, 6.856e-6
-0.689, 6.869e-6
-0.690, 6.890e-6
-0.691, 6.910e-6
-0.692, 6.923e-6
-0.693, 6.935e-6
-0.694, 6.949e-6
-0.695, 6.967e-6
-0.696, 6.986e-6
-0.697, 7.001e-6
-0.698, 7.010e-6
-0.699, 7.022e-6
-0.700, 7.034e-6
-0.701, 7.044e-6
-0.702, 7.052e-6
-0.703, 7.059e-6
-0.704, 7.072e-6
-0.705, 7.086e-6
-0.706, 7.094e-6
-0.707, 7.099e-6
-0.708, 7.103e-6
-0.709, 7.110e-6
-0.710, 7.129e-6
-0.711, 7.138e-6
-0.712, 7.143e-6
-0.713, 7.148e-6
-0.714, 7.149e-6
-0.715, 7.159e-6
-0.716, 7.167e-6
-0.717, 7.169e-6
-0.718, 7.173e-6
-0.719, 7.180e-6
-0.720, 7.183e-6
-0.721, 7.187e-6
-0.722, 7.186e-6
-0.723, 7.185e-6
-0.724, 7.187e-6
-0.725, 7.192e-6
-0.726, 7.199e-6
-0.727, 7.196e-6
-0.728, 7.193e-6
-0.729, 7.193e-6
-0.730, 7.200e-6
-0.731, 7.205e-6
-0.732, 7.198e-6
-0.733, 7.188e-6
-0.734, 7.187e-6
-0.735, 7.184e-6
-0.736, 7.182e-6
-0.737, 7.186e-6
-0.738, 7.175e-6
-0.739, 7.175e-6
-0.740, 7.175e-6
-0.741, 7.171e-6
-0.742, 7.167e-6
-0.743, 7.158e-6
-0.744, 7.172e-6
-0.745, 7.160e-6
-0.746, 7.152e-6
-0.747, 7.147e-6
-0.748, 7.155e-6
-0.749, 7.143e-6
-0.750, 7.134e-6
-0.751, 7.126e-6
-0.752, 7.114e-6
-0.753, 7.102e-6
-0.754, 7.093e-6
-0.755, 7.091e-6
-0.756, 7.090e-6
-0.757, 7.077e-6
-0.758, 7.064e-6
-0.759, 7.056e-6
-0.760, 7.050e-6
-0.761, 7.046e-6
-0.762, 7.034e-6
-0.763, 7.024e-6
-0.764, 7.012e-6
-0.765, 7.003e-6
-0.766, 7.001e-6
-0.767, 7.002e-6
-0.768, 6.998e-6
-0.769, 6.984e-6
-0.770, 6.974e-6
-0.771, 6.969e-6
-0.772, 6.961e-6
-0.773, 6.946e-6
-0.774, 6.937e-6
-0.775, 6.929e-6
-0.776, 6.924e-6
-0.777, 6.915e-6
-0.778, 6.896e-6
-0.779, 6.887e-6
-0.780, 6.876e-6
-0.781, 6.869e-6
-0.782, 6.862e-6
-0.783, 6.845e-6
-0.784, 6.831e-6
-0.785, 6.845e-6
-0.786, 6.837e-6
-0.787, 6.805e-6
-0.788, 6.798e-6
-0.789, 6.779e-6
-0.790, 6.768e-6
-0.791, 6.759e-6
-0.792, 6.747e-6
-0.793, 6.737e-6
-0.794, 6.719e-6
-0.795, 6.715e-6
-0.796, 6.720e-6
-0.797, 6.698e-6
-0.798, 6.688e-6
-0.799, 6.670e-6
-0.800, 6.659e-6
-0.801, 6.654e-6
-0.802, 6.642e-6
-0.803, 6.627e-6
-0.804, 6.612e-6
-0.805, 6.599e-6
-0.806, 6.596e-6
-0.807, 6.586e-6
-0.808, 6.570e-6
-0.809, 6.557e-6
-0.810, 6.547e-6
-0.811, 6.542e-6
-0.812, 6.533e-6
-0.813, 6.519e-6
-0.814, 6.509e-6
-0.815, 6.495e-6
-0.816, 6.489e-6
-0.817, 6.482e-6
-0.818, 6.466e-6
-0.819, 6.457e-6
-0.820, 6.455e-6
-0.821, 6.455e-6
-0.822, 6.450e-6
-0.823, 6.423e-6
-0.824, 6.404e-6
-0.825, 6.398e-6
-0.826, 6.402e-6
-0.827, 6.390e-6
-0.828, 6.378e-6
-0.829, 6.365e-6
-0.830, 6.368e-6
-0.831, 6.374e-6
-0.832, 6.390e-6
-0.833, 6.353e-6
-0.834, 6.331e-6
-0.835, 6.320e-6
-0.836, 6.320e-6
-0.837, 6.313e-6
-0.838, 6.291e-6
-0.839, 6.277e-6
-0.840, 6.271e-6
-0.841, 6.266e-6
-0.842, 6.259e-6
-0.843, 6.252e-6
-0.844, 6.251e-6
-0.845, 6.243e-6
-0.846, 6.247e-6
-0.847, 6.239e-6
-0.848, 6.225e-6
-0.849, 6.212e-6
-0.850, 6.202e-6
-0.851, 6.204e-6
-0.852, 6.196e-6
-0.853, 6.187e-6
-0.854, 6.175e-6
-0.855, 6.166e-6
-0.856, 6.164e-6
-0.857, 6.159e-6
-0.858, 6.152e-6
-0.859, 6.149e-6
-0.860, 6.150e-6
-0.861, 6.151e-6
-0.862, 6.148e-6
-0.863, 6.137e-6
-0.864, 6.125e-6
-0.865, 6.119e-6
-0.866, 6.116e-6
-0.867, 6.112e-6
-0.868, 6.103e-6
-0.869, 6.092e-6
-0.870, 6.094e-6
-0.871, 6.092e-6
-0.872, 6.089e-6
-0.873, 6.080e-6
-0.874, 6.074e-6
-0.875, 6.080e-6
-0.876, 6.066e-6
-0.877, 6.059e-6
-0.878, 6.053e-6
-0.879, 6.055e-6
-0.880, 6.058e-6
-0.881, 6.054e-6
-0.882, 6.043e-6
-0.883, 6.033e-6
-0.884, 6.027e-6
-0.885, 6.028e-6
-0.886, 6.027e-6
-0.887, 6.016e-6
-0.888, 6.012e-6
-0.889, 6.028e-6
-0.890, 6.029e-6
-0.891, 6.013e-6
-0.892, 6.012e-6
-0.893, 6.004e-6
-0.894, 5.995e-6
-0.895, 5.988e-6
-0.896, 6.002e-6
-0.897, 6.008e-6
-0.898, 5.985e-6
-0.899, 5.986e-6
-0.900, 6.001e-6
-0.901, 5.986e-6
-0.902, 5.982e-6
-0.903, 5.968e-6
-0.904, 5.964e-6
-0.905, 5.973e-6
-0.906, 5.992e-6
-0.907, 5.990e-6
-0.908, 5.976e-6
-0.909, 5.977e-6
-0.910, 5.952e-6
-0.911, 5.943e-6
-0.912, 5.944e-6
-0.913, 5.939e-6
-0.914, 5.940e-6
-0.915, 5.952e-6
-0.916, 5.949e-6
-0.917, 5.947e-6
-0.918, 5.928e-6
-0.919, 5.920e-6
-0.920, 5.917e-6
-0.921, 5.925e-6
-0.922, 5.935e-6
-0.923, 5.932e-6
-0.924, 5.928e-6
-0.925, 5.925e-6
-0.926, 5.929e-6
-0.927, 5.928e-6
-0.928, 5.922e-6
-0.929, 5.915e-6
-0.930, 5.915e-6
-0.931, 5.919e-6
-0.932, 5.919e-6
-0.933, 5.915e-6
-0.934, 5.913e-6
-0.935, 5.914e-6
-0.936, 5.921e-6
-0.937, 5.924e-6
-0.938, 5.918e-6
-0.939, 5.920e-6
-0.940, 5.920e-6
-0.941, 5.919e-6
-0.942, 5.920e-6
-0.943, 5.917e-6
-0.944, 5.924e-6
-0.945, 5.929e-6
-0.946, 5.933e-6
-0.947, 5.935e-6
-0.948, 5.936e-6
-0.949, 5.931e-6
-0.950, 5.931e-6
-0.951, 5.935e-6
-0.952, 5.947e-6
-0.953, 5.946e-6
-0.954, 5.952e-6
-0.955, 5.962e-6
-0.956, 5.955e-6
-0.957, 5.945e-6
-0.958, 5.939e-6
-0.959, 5.936e-6
-0.960, 5.940e-6
-0.961, 5.942e-6
-0.962, 5.948e-6
-0.963, 5.947e-6
-0.964, 5.950e-6
-0.965, 5.943e-6
-0.966, 5.958e-6
-0.967, 5.960e-6
-0.968, 5.961e-6
-0.969, 5.967e-6
-0.970, 5.992e-6
-0.971, 5.978e-6
-0.972, 5.986e-6
-0.973, 5.967e-6
-0.974, 5.961e-6
-0.975, 5.979e-6
-0.976, 5.988e-6
-0.977, 5.986e-6
-0.978, 5.977e-6
-0.979, 5.975e-6
-0.980, 5.970e-6
-0.981, 5.973e-6
-0.982, 5.973e-6
-0.983, 5.969e-6
-0.984, 5.971e-6
-0.985, 5.974e-6
-0.986, 5.978e-6
-0.987, 5.980e-6
-0.988, 5.980e-6
-0.989, 5.978e-6
-0.990, 5.997e-6
-0.991, 6.017e-6
-0.992, 6.028e-6
-0.993, 6.029e-6
-0.994, 6.014e-6
-0.995, 6.009e-6
-0.996, 6.020e-6
-0.997, 6.030e-6
-0.998, 6.026e-6
-0.999, 6.025e-6
-1.000, 6.018e-6
-1.001, 6.043e-6
-1.002, 6.066e-6
-1.003, 6.083e-6
-1.004, 6.053e-6
-1.005, 6.057e-6
-1.006, 6.067e-6
-1.007, 6.071e-6
-1.008, 6.085e-6
-1.009, 6.074e-6
-1.010, 6.068e-6
-1.011, 6.071e-6
-1.012, 6.100e-6
-1.013, 6.133e-6
-1.014, 6.095e-6
-1.015, 6.097e-6
-1.016, 6.117e-6
-1.017, 6.145e-6
-1.018, 6.141e-6
-1.019, 6.137e-6
-1.020, 6.143e-6
-1.021, 6.154e-6
-1.022, 6.154e-6
-1.023, 6.153e-6
-1.024, 6.151e-6
-1.025, 6.160e-6
-1.026, 6.175e-6
-1.027, 6.186e-6
-1.028, 6.191e-6
-1.029, 6.201e-6
-1.030, 6.203e-6
-1.031, 6.223e-6
-1.032, 6.226e-6
-1.033, 6.231e-6
-1.034, 6.250e-6
-1.035, 6.254e-6
-1.036, 6.278e-6
-1.037, 6.274e-6
-1.038, 6.280e-6
-1.039, 6.280e-6
-1.040, 6.291e-6
-1.041, 6.354e-6
-1.042, 6.326e-6
-1.043, 6.313e-6
-1.044, 6.345e-6
-1.045, 6.353e-6
-1.046, 6.353e-6
-1.047, 6.361e-6
-1.048, 6.365e-6
-1.049, 6.385e-6
-1.050, 6.405e-6
-1.051, 6.423e-6
-1.052, 6.428e-6
-1.053, 6.461e-6
-1.054, 6.468e-6
-1.055, 6.453e-6
-1.056, 6.463e-6
-1.057, 6.476e-6
-1.058, 6.488e-6
-1.059, 6.497e-6
-1.060, 6.512e-6
-1.061, 6.515e-6
-1.062, 6.529e-6
-1.063, 6.550e-6
-1.064, 6.555e-6
-1.065, 6.568e-6
-1.066, 6.587e-6
-1.067, 6.604e-6
-1.068, 6.613e-6
-1.069, 6.627e-6
-1.070, 6.637e-6
-1.071, 6.640e-6
-1.072, 6.678e-6
-1.073, 6.684e-6
-1.074, 6.695e-6
-1.075, 6.711e-6
-1.076, 6.736e-6
-1.077, 6.763e-6
-1.078, 6.768e-6
-1.079, 6.782e-6
-1.080, 6.802e-6
-1.081, 6.817e-6
-1.082, 6.837e-6
-1.083, 6.865e-6
-1.084, 6.892e-6
-1.085, 6.917e-6
-1.086, 6.933e-6
-1.087, 6.955e-6
-1.088, 6.970e-6
-1.089, 6.995e-6
-1.090, 7.004e-6
-1.091, 7.009e-6
-1.092, 7.031e-6
-1.093, 7.062e-6
-1.094, 7.076e-6
-1.095, 7.109e-6
-1.096, 7.133e-6
-1.097, 7.152e-6
-1.098, 7.165e-6
-1.099, 7.169e-6
-1.100, 7.185e-6
-1.101, 7.202e-6
-1.102, 7.220e-6
-1.103, 7.241e-6
-1.104, 7.260e-6
-1.105, 7.284e-6
-1.106, 7.300e-6
-1.107, 7.320e-6
-1.108, 7.344e-6
-1.109, 7.368e-6
-1.110, 7.388e-6
-1.111, 7.414e-6
-1.112, 7.436e-6
-1.113, 7.454e-6
-1.114, 7.477e-6
-1.115, 7.504e-6
-1.116, 7.520e-6
-1.117, 7.536e-6
-1.118, 7.573e-6
-1.119, 7.605e-6
-1.120, 7.625e-6
-1.121, 7.647e-6
-1.122, 7.676e-6
-1.123, 7.693e-6
-1.124, 7.712e-6
-1.125, 7.746e-6
-1.126, 7.774e-6
-1.127, 7.793e-6
-1.128, 7.813e-6
-1.129, 7.840e-6
-1.130, 7.881e-6
-1.131, 7.921e-6
-1.132, 7.921e-6
-1.133, 7.926e-6
-1.134, 7.925e-6
-1.135, 7.947e-6
-1.136, 7.983e-6
-1.137, 7.997e-6
-1.138, 8.001e-6
-1.139, 8.015e-6
-1.140, 8.041e-6
-1.141, 8.074e-6
-1.142, 8.098e-6
-1.143, 8.170e-6
-1.144, 8.211e-6
-1.145, 8.216e-6
-1.146, 8.258e-6
-1.147, 8.277e-6
-1.148, 8.262e-6
-1.149, 8.256e-6
-1.150, 8.307e-6
-1.151, 8.325e-6
-1.152, 8.323e-6
-1.153, 8.330e-6
-1.154, 8.375e-6
-1.155, 8.386e-6
-1.156, 8.424e-6
-1.157, 8.461e-6
-1.158, 8.462e-6
-1.159, 8.484e-6
-1.160, 8.494e-6
-1.161, 8.515e-6
-1.162, 8.564e-6
-1.163, 8.598e-6
-1.164, 8.610e-6
-1.165, 8.647e-6
-1.166, 8.682e-6
-1.167, 8.733e-6
-1.168, 8.731e-6
-1.169, 8.778e-6
-1.170, 8.815e-6
-1.171, 8.805e-6
-1.172, 8.757e-6
-1.173, 8.774e-6
-1.174, 8.816e-6
-1.175, 8.868e-6
-1.176, 8.884e-6
-1.177, 8.852e-6
-1.178, 8.853e-6
-1.179, 8.861e-6
-1.180, 8.888e-6
-1.181, 8.935e-6
-1.182, 8.961e-6
-1.183, 8.983e-6
-1.184, 8.989e-6
-1.185, 8.996e-6
-1.186, 9.015e-6
-1.187, 9.046e-6
-1.188, 9.052e-6
-1.189, 9.052e-6
-1.190, 9.083e-6
-1.191, 9.119e-6
-1.192, 9.170e-6
-1.193, 9.184e-6
-1.194, 9.204e-6
-1.195, 9.223e-6
-1.196, 9.268e-6
-1.197, 9.305e-6
-1.198, 9.314e-6
-1.199, 9.351e-6
-1.200, 9.356e-6
-1.201, 9.380e-6
-1.202, 9.414e-6
-1.203, 9.451e-6
-1.204, 9.642e-6
-1.205, 9.698e-6
-1.206, 9.642e-6
-1.207, 9.645e-6
-1.208, 9.690e-6
-1.209, 9.716e-6
-1.210, 9.701e-6
-1.211, 9.688e-6
-1.212, 9.674e-6
-1.213, 9.661e-6
-1.214, 9.669e-6
-1.215, 9.713e-6
-1.216, 9.764e-6
-1.217, 9.784e-6
-1.218, 9.831e-6
-1.219, 9.855e-6
-1.220, 9.880e-6
-1.221, 9.961e-6
-1.222, 1.008e-5
-1.223, 9.994e-6
-1.224, 9.967e-6
-1.225, 1.001e-5
-1.226, 1.002e-5
-1.227, 1.005e-5
-1.228, 1.009e-5
-1.229, 1.019e-5
-1.230, 1.026e-5
-1.231, 1.032e-5
-1.232, 1.034e-5
-1.233, 1.035e-5
-1.234, 1.030e-5
-1.235, 1.029e-5
-1.236, 1.032e-5
-1.237, 1.031e-5
-1.238, 1.028e-5
-1.239, 1.031e-5
-1.240, 1.032e-5
-1.241, 1.036e-5
-1.242, 1.047e-5
-1.243, 1.047e-5
-1.244, 1.048e-5
-1.245, 1.053e-5
-1.246, 1.056e-5
-1.247, 1.063e-5
-1.248, 1.064e-5
-1.249, 1.070e-5
-1.250, 1.067e-5
-1.251, 1.071e-5
-1.252, 1.076e-5
-1.253, 1.081e-5
-1.254, 1.082e-5
-1.255, 1.090e-5
-1.256, 1.100e-5
-1.257, 1.103e-5
-1.258, 1.106e-5
-1.259, 1.120e-5
-1.260, 1.120e-5
-1.261, 1.115e-5
-1.262, 1.118e-5
-1.263, 1.122e-5
-1.264, 1.126e-5
-1.265, 1.135e-5
-1.266, 1.135e-5
-1.267, 1.133e-5
-1.268, 1.137e-5
-1.269, 1.140e-5
-1.270, 1.145e-5
-1.271, 1.160e-5
-1.272, 1.166e-5
-1.273, 1.171e-5
-1.274, 1.172e-5
-1.275, 1.176e-5
-1.276, 1.183e-5
-1.277, 1.190e-5
-1.278, 1.187e-5
-1.279, 1.181e-5
-1.280, 1.191e-5
-1.281, 1.200e-5
-1.282, 1.202e-5
-1.283, 1.206e-5
-1.284, 1.207e-5
-1.285, 1.211e-5
-1.286, 1.216e-5
-1.287, 1.227e-5
-1.288, 1.224e-5
-1.289, 1.218e-5
-1.290, 1.218e-5
-1.291, 1.223e-5
-1.292, 1.228e-5
-1.293, 1.231e-5
-1.294, 1.240e-5
-1.295, 1.244e-5
-1.296, 1.249e-5
-1.297, 1.249e-5
-1.298, 1.249e-5
-1.299, 1.252e-5
-1.300, 1.257e-5
-1.301, 1.263e-5
-1.302, 1.269e-5
-1.303, 1.272e-5
-1.304, 1.275e-5
-1.305, 1.287e-5
-1.306, 1.293e-5
-1.307, 1.299e-5
-1.308, 1.303e-5
-1.309, 1.312e-5
-1.310, 1.320e-5
-1.311, 1.329e-5
-1.312, 1.335e-5
-1.313, 1.341e-5
-1.314, 1.353e-5
-1.315, 1.363e-5
-1.316, 1.367e-5
-1.317, 1.370e-5
-1.318, 1.375e-5
-1.319, 1.379e-5
-1.320, 1.387e-5
-1.321, 1.393e-5
-1.322, 1.395e-5
-1.323, 1.401e-5
-1.324, 1.408e-5
-1.325, 1.410e-5
-1.326, 1.414e-5
-1.327, 1.411e-5
-1.328, 1.397e-5
-1.329, 1.399e-5
-1.330, 1.397e-5
-1.331, 1.401e-5
-1.332, 1.413e-5
-1.333, 1.427e-5
-1.334, 1.441e-5
-1.335, 1.452e-5
-1.336, 1.487e-5
-1.337, 1.490e-5
-1.338, 1.485e-5
-1.339, 1.489e-5
-1.340, 1.499e-5
-1.341, 1.500e-5
-1.342, 1.499e-5
-1.343, 1.501e-5
-1.344, 1.500e-5
-1.345, 1.518e-5
-1.346, 1.551e-5
-1.347, 1.553e-5
-1.348, 1.572e-5
-1.349, 1.575e-5
-1.350, 1.576e-5
-1.351, 1.582e-5
-1.352, 1.588e-5
-1.353, 1.546e-5
-1.354, 1.543e-5
-1.355, 1.555e-5
-1.356, 1.570e-5
-1.357, 1.583e-5
-1.358, 1.595e-5
-1.359, 1.611e-5
-1.360, 1.624e-5
-1.361, 1.622e-5
-1.362, 1.625e-5
-1.363, 1.621e-5
-1.364, 1.621e-5
-1.365, 1.626e-5
-1.366, 1.620e-5
-1.367, 1.610e-5
-1.368, 1.601e-5
-1.369, 1.606e-5
-1.370, 1.623e-5
-1.371, 1.635e-5
-1.372, 1.647e-5
-1.373, 1.662e-5
-1.374, 1.678e-5
-1.375, 1.684e-5
-1.376, 1.672e-5
-1.377, 1.668e-5
-1.378, 1.678e-5
-1.379, 1.710e-5
-1.380, 1.697e-5
-1.381, 1.685e-5
-1.382, 1.687e-5
-1.383, 1.696e-5
-1.384, 1.707e-5
-1.385, 1.711e-5
-1.386, 1.719e-5
-1.387, 1.702e-5
-1.388, 1.711e-5
-1.389, 1.713e-5
-1.390, 1.733e-5
-1.391, 1.754e-5
-1.392, 1.761e-5
-1.393, 1.776e-5
-1.394, 1.804e-5
-1.395, 1.815e-5
-1.396, 1.806e-5
-1.397, 1.801e-5
-1.398, 1.828e-5
-1.399, 1.838e-5
-1.400, 1.826e-5
-1.401, 1.821e-5
-1.402, 1.863e-5
-1.403, 1.878e-5
-1.404, 1.890e-5
-1.405, 1.910e-5
-1.406, 1.924e-5
-1.407, 1.940e-5
-1.408, 1.955e-5
-1.409, 1.969e-5
-1.410, 1.985e-5
-1.411, 1.990e-5
-1.412, 1.999e-5
-1.413, 2.014e-5
-1.414, 2.025e-5
-1.415, 2.010e-5
-1.416, 2.003e-5
-1.417, 1.970e-5
-1.418, 1.970e-5
-1.419, 1.986e-5
-1.420, 2.007e-5
-1.421, 2.007e-5
-1.422, 2.024e-5
-1.423, 2.053e-5
-1.424, 2.113e-5
-1.425, 2.133e-5
-1.426, 2.144e-5
-1.427, 2.167e-5
-1.428, 2.189e-5
-1.429, 2.192e-5
-1.430, 2.200e-5
-1.431, 2.205e-5
-1.432, 2.237e-5
-1.433, 2.257e-5
-1.434, 2.268e-5
-1.435, 2.211e-5
-1.436, 2.216e-5
-1.437, 2.232e-5
-1.438, 2.254e-5
-1.439, 2.276e-5
-1.440, 2.291e-5
-1.441, 2.427e-5
-1.442, 2.532e-5
-1.443, 2.421e-5
-1.444, 2.417e-5
-1.445, 2.419e-5
-1.446, 2.423e-5
-1.447, 2.427e-5
-1.448, 2.438e-5
-1.449, 2.461e-5
-1.450, 2.443e-5
-1.451, 2.441e-5
-1.452, 2.487e-5
-1.453, 2.528e-5
-1.454, 2.550e-5
-1.455, 2.539e-5
-1.456, 2.551e-5
-1.457, 2.575e-5
-1.458, 2.608e-5
-1.459, 2.647e-5
-1.460, 2.671e-5
-1.461, 2.706e-5
-1.462, 2.734e-5
-1.463, 2.760e-5
-1.464, 2.760e-5
-1.465, 2.766e-5
-1.466, 2.790e-5
-1.467, 2.797e-5
-1.468, 2.826e-5
-1.469, 2.860e-5
-1.470, 2.904e-5
-1.471, 2.944e-5
-1.472, 2.984e-5
-1.473, 3.027e-5
-1.474, 3.067e-5
-1.475, 3.104e-5
-1.476, 3.132e-5
-1.477, 3.170e-5
-1.478, 3.194e-5
-1.479, 3.192e-5
-1.480, 3.220e-5
-1.481, 3.257e-5
-1.482, 3.282e-5
-1.483, 3.308e-5
-1.484, 3.346e-5
-1.485, 3.406e-5
-1.486, 3.469e-5
-1.487, 3.508e-5
-1.488, 3.443e-5
-1.489, 3.470e-5
-1.490, 3.537e-5
-1.491, 3.554e-5
-1.492, 3.529e-5
-1.493, 3.572e-5
-1.494, 3.625e-5
-1.495, 3.662e-5
-1.496, 3.681e-5
-1.497, 3.637e-5
-1.498, 3.651e-5
-1.499, 3.696e-5
-1.500, 3.721e-5
-1.501, 3.757e-5
-1.502, 3.790e-5
-1.503, 3.853e-5
-1.504, 3.893e-5
-1.505, 3.925e-5
-1.506, 3.990e-5
-1.507, 4.041e-5
-1.508, 4.082e-5
-1.509, 4.132e-5
-1.510, 4.171e-5
-1.511, 4.202e-5
-1.512, 4.261e-5
-1.513, 4.315e-5
-1.514, 4.328e-5
-1.515, 4.373e-5
-1.516, 4.458e-5
-1.517, 4.544e-5
-1.518, 4.599e-5
-1.519, 4.639e-5
-1.520, 4.678e-5
-1.521, 4.739e-5
-1.522, 4.822e-5
-1.523, 4.931e-5
-1.524, 5.000e-5
-1.525, 5.059e-5
-1.526, 5.123e-5
-1.527, 5.169e-5
-1.528, 5.180e-5
-1.529, 5.260e-5
-1.530, 5.334e-5
-1.531, 5.408e-5
-1.532, 5.501e-5
-1.533, 5.574e-5
-1.534, 5.670e-5
-1.535, 5.704e-5
-1.536, 5.725e-5
-1.537, 5.779e-5
-1.538, 5.868e-5
-1.539, 5.946e-5
-1.540, 5.996e-5
-1.541, 6.063e-5
-1.542, 6.163e-5
-1.543, 6.261e-5
-1.544, 6.382e-5
-1.545, 6.446e-5
-1.546, 6.530e-5
-1.547, 6.612e-5
-1.548, 6.659e-5
-1.549, 6.694e-5
-1.550, 6.741e-5
-1.551, 6.815e-5
-1.552, 6.928e-5
-1.553, 7.037e-5
-1.554, 7.157e-5
-1.555, 7.274e-5
-1.556, 7.379e-5
-1.557, 7.456e-5
-1.558, 7.489e-5
-1.559, 7.536e-5
-1.560, 7.646e-5
-1.561, 7.763e-5
-1.562, 7.858e-5
-1.563, 7.968e-5
-1.564, 8.076e-5
-1.565, 8.170e-5
-1.566, 8.273e-5
-1.567, 8.371e-5
-1.568, 8.485e-5
-1.569, 8.605e-5
-1.570, 8.706e-5
-1.571, 8.826e-5
-1.572, 8.950e-5
-1.573, 9.065e-5
-1.574, 9.202e-5
-1.575, 9.310e-5
-1.576, 9.401e-5
-1.577, 9.529e-5
-1.578, 9.691e-5
-1.579, 9.836e-5
-1.580, 9.954e-5
-1.581, 1.008e-4
-1.582, 1.019e-4
-1.583, 1.032e-4
-1.584, 1.047e-4
-1.585, 1.062e-4
-1.586, 1.077e-4
-1.587, 1.093e-4
-1.588, 1.109e-4
-1.589, 1.124e-4
-1.590, 1.141e-4
-1.591, 1.157e-4
-1.592, 1.173e-4
-1.593, 1.189e-4
-1.594, 1.206e-4
-1.595, 1.223e-4
-1.596, 1.240e-4
-1.597, 1.259e-4
-1.598, 1.272e-4
-1.599, 1.287e-4
-1.600, 1.305e-4
-1.601, 1.326e-4
-1.602, 1.347e-4
-1.603, 1.368e-4
-1.604, 1.384e-4
-1.605, 1.399e-4
-1.606, 1.419e-4
-1.607, 1.439e-4
-1.608, 1.459e-4
-1.609, 1.480e-4
-1.610, 1.502e-4
-1.611, 1.525e-4
-1.612, 1.545e-4
-1.613, 1.565e-4
-1.614, 1.585e-4
-1.615, 1.606e-4
-1.616, 1.628e-4
-1.617, 1.652e-4
-1.618, 1.671e-4
-1.619, 1.693e-4
-1.620, 1.717e-4
-1.621, 1.738e-4
-1.622, 1.762e-4
-1.623, 1.791e-4
-1.624, 1.814e-4
-1.625, 1.835e-4
-1.626, 1.861e-4
-1.627, 1.887e-4
-1.628, 1.914e-4
-1.629, 1.940e-4
-1.630, 1.968e-4
-1.631, 1.996e-4
-1.632, 2.024e-4
-1.633, 2.054e-4
-1.634, 2.084e-4
-1.635, 2.109e-4
-1.636, 2.137e-4
-1.637, 2.174e-4
-1.638, 2.202e-4
-1.639, 2.221e-4
-1.640, 2.251e-4
-1.641, 2.279e-4
-1.642, 2.312e-4
-1.643, 2.343e-4
-1.644, 2.374e-4
-1.645, 2.403e-4
-1.646, 2.435e-4
-1.647, 2.467e-4
-1.648, 2.498e-4
-1.649, 2.535e-4
-1.650, 2.570e-4
-1.651, 2.601e-4
-1.652, 2.627e-4
-1.653, 2.654e-4
-1.654, 2.688e-4
-1.655, 2.729e-4
-1.656, 2.767e-4
-1.657, 2.804e-4
-1.658, 2.842e-4
-1.659, 2.878e-4
-1.660, 2.921e-4
-1.661, 2.956e-4
-1.662, 2.994e-4
-1.663, 3.025e-4
-1.664, 3.056e-4
-1.665, 3.093e-4
-1.666, 3.134e-4
-1.667, 3.174e-4
-1.668, 3.218e-4
-1.669, 3.262e-4
-1.670, 3.305e-4
-1.671, 3.348e-4
-1.672, 3.392e-4
-1.673, 3.433e-4
-1.674, 3.476e-4
-1.675, 3.519e-4
-1.676, 3.562e-4
-1.677, 3.607e-4
-1.678, 3.652e-4
-1.679, 3.696e-4
-1.680, 3.743e-4
-1.681, 3.788e-4
-1.682, 3.835e-4
-1.683, 3.883e-4
-1.684, 3.932e-4
-1.685, 3.981e-4
-1.686, 4.031e-4
-1.687, 4.082e-4
-1.688, 4.136e-4
-1.689, 4.190e-4
-1.690, 4.244e-4
-1.691, 4.295e-4
-1.692, 4.342e-4
-1.693, 4.394e-4
-1.694, 4.449e-4
-1.695, 4.503e-4
-1.696, 4.556e-4
-1.697, 4.609e-4
-1.698, 4.663e-4
-1.699, 4.717e-4
-1.700, 4.774e-4
-1.701, 4.828e-4
-1.702, 4.882e-4
-1.703, 4.937e-4
-1.704, 4.993e-4
-1.705, 5.051e-4
-1.706, 5.109e-4
-1.707, 5.168e-4
-1.708, 5.227e-4
-1.709, 5.287e-4
-1.710, 5.347e-4
-1.711, 5.407e-4
-1.712, 5.471e-4
-1.713, 5.532e-4
-1.714, 5.592e-4
-1.715, 5.654e-4
-1.716, 5.718e-4
-1.717, 5.783e-4
-1.718, 5.844e-4
-1.719, 5.905e-4
-1.720, 5.968e-4
-1.721, 6.034e-4
-1.722, 6.096e-4
-1.723, 6.161e-4
-1.724, 6.226e-4
-1.725, 6.291e-4
-1.726, 6.359e-4
-1.727, 6.426e-4
-1.728, 6.495e-4
-1.729, 6.563e-4
-1.730, 6.634e-4
-1.731, 6.705e-4
-1.732, 6.772e-4
-1.733, 6.841e-4
-1.734, 6.913e-4
-1.735, 6.983e-4
-1.736, 7.052e-4
-1.737, 7.123e-4
-1.738, 7.199e-4
-1.739, 7.273e-4
-1.740, 7.344e-4
-1.741, 7.413e-4
-1.742, 7.489e-4
-1.743, 7.565e-4
-1.744, 7.634e-4
-1.745, 7.704e-4
-1.746, 7.778e-4
-1.747, 7.850e-4
-1.748, 7.921e-4
-1.749, 7.989e-4
-1.750, 8.062e-4
-1.751, 8.141e-4
-1.752, 8.215e-4
-1.753, 8.293e-4
-1.754, 8.366e-4
-1.755, 8.445e-4
-1.756, 8.525e-4
-1.757, 8.611e-4
-1.758, 8.689e-4
-1.759, 8.765e-4
-1.760, 8.838e-4
-1.761, 8.914e-4
-1.762, 8.988e-4
-1.763, 9.071e-4
-1.764, 9.157e-4
-1.765, 9.238e-4
-1.766, 9.318e-4
-1.767, 9.399e-4
-1.768, 9.486e-4
-1.769, 9.569e-4
-1.770, 9.652e-4
-1.771, 9.725e-4
-1.772, 9.810e-4
-1.773, 9.891e-4
-1.774, 9.974e-4
-1.775, 1.006e-3
-1.776, 1.011e-3
-1.777, 1.011e-3
-1.778, 1.011e-3
-1.779, 1.011e-3
-1.780, 1.011e-3
-1.781, 1.011e-3
-1.782, 1.011e-3
-1.783, 1.011e-3
-1.784, 1.011e-3
-1.785, 1.011e-3
-1.786, 1.011e-3
-1.787, 1.011e-3
-1.788, 1.011e-3
-1.789, 1.011e-3
-1.790, 1.011e-3
-1.791, 1.011e-3
-1.792, 1.011e-3
-1.793, 1.011e-3
-1.794, 1.011e-3
-1.795, 1.011e-3
-1.796, 1.011e-3
-1.797, 1.011e-3
-1.798, 1.011e-3
-1.799, 1.011e-3
-1.800, 1.011e-3
-1.801, 1.011e-3
-1.802, 1.011e-3
-1.803, 1.011e-3
-1.804, 1.011e-3
-1.805, 1.011e-3
-1.806, 1.011e-3
-1.807, 1.011e-3
-1.808, 1.011e-3
-1.809, 1.011e-3
-1.810, 1.011e-3
-1.811, 1.011e-3
-1.812, 1.011e-3
-1.813, 1.011e-3
-1.814, 1.011e-3
-1.815, 1.011e-3
-1.816, 1.011e-3
-1.817, 1.011e-3
-1.818, 1.011e-3
-1.819, 1.011e-3
-1.820, 1.011e-3
-1.821, 1.011e-3
-1.822, 1.011e-3
-1.823, 1.011e-3
-1.824, 1.011e-3
-1.825, 1.011e-3
-1.826, 1.011e-3
-1.827, 1.011e-3
-1.828, 1.011e-3
-1.829, 1.011e-3
-1.830, 1.011e-3
-1.831, 1.011e-3
-1.832, 1.011e-3
-1.833, 1.011e-3
-1.834, 1.011e-3
-1.835, 1.011e-3
-1.836, 1.011e-3
-1.837, 1.011e-3
-1.838, 1.011e-3
-1.839, 1.011e-3
-1.840, 1.011e-3
-1.841, 1.011e-3
-1.842, 1.011e-3
-1.843, 1.011e-3
-1.844, 1.011e-3
-1.845, 1.011e-3
-1.846, 1.011e-3
-1.847, 1.011e-3
-1.848, 1.011e-3
-1.849, 1.011e-3
-1.850, 1.011e-3
-1.851, 1.011e-3
-1.852, 1.011e-3
-1.853, 1.011e-3
-1.854, 1.011e-3
-1.855, 1.011e-3
-1.856, 1.011e-3
-1.857, 1.011e-3
-1.858, 1.011e-3
-1.859, 1.011e-3
-1.860, 1.011e-3
-1.861, 1.011e-3
-1.862, 1.011e-3
-1.863, 1.011e-3
-1.864, 1.011e-3
-1.865, 1.011e-3
-1.866, 1.011e-3
-1.867, 1.011e-3
-1.868, 1.011e-3
-1.869, 1.011e-3
-1.870, 1.011e-3
-1.871, 1.011e-3
-1.872, 1.011e-3
-1.873, 1.011e-3
-1.874, 1.011e-3
-1.875, 1.011e-3
-1.876, 1.011e-3
-1.877, 1.011e-3
-1.878, 1.011e-3
-1.879, 1.011e-3
-1.880, 1.011e-3
-1.881, 1.011e-3
-1.882, 1.011e-3
-1.883, 1.011e-3
-1.884, 1.011e-3
-1.885, 1.011e-3
-1.886, 1.011e-3
-1.887, 1.011e-3
-1.888, 1.011e-3
-1.889, 1.011e-3
-1.890, 1.011e-3
-1.891, 1.011e-3
-1.892, 1.011e-3
-1.893, 1.011e-3
-1.894, 1.011e-3
-1.895, 1.011e-3
-1.896, 1.011e-3
-1.897, 1.011e-3
-1.898, 1.011e-3
-1.899, 1.011e-3
-1.900, 1.011e-3
-1.901, 1.011e-3
-1.902, 1.011e-3
-1.903, 1.011e-3
-1.904, 1.011e-3
-1.905, 1.011e-3
-1.906, 1.011e-3
-1.907, 1.011e-3
-1.908, 1.011e-3
-1.909, 1.011e-3
-1.910, 1.011e-3
-1.911, 1.011e-3
-1.912, 1.011e-3
-1.913, 1.011e-3
-1.914, 1.011e-3
-1.915, 1.011e-3
-1.916, 1.011e-3
-1.917, 1.011e-3
-1.918, 1.011e-3
-1.919, 1.011e-3
-1.920, 1.011e-3
-1.921, 1.011e-3
-1.922, 1.011e-3
-1.923, 1.011e-3
-1.924, 1.011e-3
-1.925, 1.011e-3
-1.926, 1.011e-3
-1.927, 1.011e-3
-1.928, 1.011e-3
-1.929, 1.011e-3
-1.930, 1.011e-3
-1.931, 1.011e-3
-1.932, 1.011e-3
-1.933, 1.011e-3
-1.934, 1.011e-3
-1.935, 1.011e-3
-1.936, 1.011e-3
-1.937, 1.011e-3
-1.938, 1.011e-3
-1.939, 1.011e-3
-1.940, 1.011e-3
-1.941, 1.011e-3
-1.942, 1.011e-3
-1.943, 1.011e-3
-1.944, 1.011e-3
-1.945, 1.011e-3
-1.946, 1.011e-3
-1.947, 1.011e-3
-1.948, 1.011e-3
-1.949, 1.011e-3
-1.950, 1.011e-3
-1.951, 1.011e-3
-1.952, 1.011e-3
-1.953, 1.011e-3
-1.954, 1.011e-3
-1.955, 1.011e-3
-1.956, 1.011e-3
-1.957, 1.011e-3
-1.958, 1.011e-3
-1.959, 1.011e-3
-1.960, 1.011e-3
-1.961, 1.011e-3
-1.962, 1.011e-3
-1.963, 1.011e-3
-1.964, 1.011e-3
-1.965, 1.011e-3
-1.966, 1.011e-3
-1.967, 1.011e-3
-1.968, 1.011e-3
-1.969, 1.011e-3
-1.970, 1.011e-3
-1.971, 1.011e-3
-1.972, 1.011e-3
-1.973, 1.011e-3
-1.974, 1.011e-3
-1.975, 1.011e-3
-1.976, 1.011e-3
-1.977, 1.011e-3
-1.978, 1.011e-3
-1.979, 1.011e-3
-1.980, 1.011e-3
-1.981, 1.011e-3
-1.982, 1.011e-3
-1.983, 1.011e-3
-1.984, 1.011e-3
-1.985, 1.011e-3
-1.986, 1.011e-3
-1.987, 1.011e-3
-1.988, 1.011e-3
-1.989, 1.011e-3
-1.990, 1.011e-3
-1.991, 1.011e-3
-1.992, 1.011e-3
-1.993, 1.011e-3
-1.994, 1.011e-3
-1.995, 1.011e-3
-1.996, 1.011e-3
-1.997, 1.011e-3
-1.998, 1.011e-3
-1.999, 1.011e-3
-2.000, 1.011e-3
-2.001, 1.011e-3
-2.002, 1.011e-3
-2.003, 1.011e-3
-2.004, 1.011e-3
-2.005, 1.011e-3
-2.006, 1.011e-3
-2.007, 1.011e-3
-2.008, 1.011e-3
-2.009, 1.011e-3
-2.010, 1.011e-3
-2.011, 1.011e-3
-2.012, 1.011e-3
-2.013, 1.011e-3
-2.014, 1.011e-3
-2.015, 1.011e-3
-2.016, 1.011e-3
-2.017, 1.011e-3
-2.018, 1.011e-3
-2.019, 1.011e-3
-2.020, 1.011e-3
-2.021, 1.011e-3
-2.022, 1.011e-3
-2.023, 1.011e-3
-2.024, 1.011e-3
-2.025, 1.011e-3
-2.026, 1.011e-3
-2.027, 1.011e-3
-2.028, 1.011e-3
-2.029, 1.011e-3
-2.030, 1.011e-3
-2.031, 1.011e-3
-2.032, 1.011e-3
-2.033, 1.011e-3
-2.034, 1.011e-3
-2.035, 1.011e-3
-2.036, 1.011e-3
-2.037, 1.011e-3
-2.038, 1.011e-3
-2.039, 1.011e-3
-2.040, 1.011e-3
-2.041, 1.011e-3
-2.042, 1.011e-3
-2.043, 1.011e-3
-2.044, 1.011e-3
-2.045, 1.011e-3
-2.046, 1.011e-3
-2.047, 1.011e-3
-2.048, 1.011e-3
-2.049, 1.011e-3
-2.050, 1.011e-3
-2.051, 1.011e-3
-2.052, 1.011e-3
-2.053, 1.011e-3
-2.054, 1.011e-3
-2.055, 1.011e-3
-2.056, 1.011e-3
-2.057, 1.011e-3
-2.058, 1.011e-3
-2.059, 1.011e-3
-2.060, 1.011e-3
-2.061, 1.011e-3
-2.062, 1.011e-3
-2.063, 1.011e-3
-2.064, 1.011e-3
-2.065, 1.011e-3
-2.066, 1.011e-3
-2.067, 1.011e-3
-2.068, 1.011e-3
-2.069, 1.011e-3
-2.070, 1.011e-3
-2.071, 1.011e-3
-2.072, 1.011e-3
-2.073, 1.011e-3
-2.074, 1.011e-3
-2.075, 1.011e-3
-2.076, 1.011e-3
-2.077, 1.011e-3
-2.078, 1.011e-3
-2.079, 1.011e-3
-2.080, 1.011e-3
-2.081, 1.011e-3
-2.082, 1.011e-3
-2.083, 1.011e-3
-2.084, 1.011e-3
-2.085, 1.011e-3
-2.086, 1.011e-3
-2.087, 1.011e-3
-2.088, 1.011e-3
-2.089, 1.011e-3
-2.090, 1.011e-3
-2.091, 1.011e-3
-2.092, 1.011e-3
-2.093, 1.011e-3
-2.094, 1.011e-3
-2.095, 1.011e-3
-2.096, 1.011e-3
-2.097, 1.011e-3
-2.098, 1.011e-3
-2.099, 1.011e-3
