Mar. 15, 2025   22:18:04
Cyclic Voltammetry
File: c:/users/guazh/data/banditlqround7_x0exp891_r5/2025-03-03-exp906\exp906-2025-03-15t22_08_25-arkoh\exp906_cv_sr_100mvs_efin_-1500mv.bin
Data Source:  Experiment
Instrument Model:  CHI760E
Header: CV ran at 100 mVs
Note: 

Init E (V) = -1
High E (V) = -1
Low E (V) = -1.5
Final E (V) = -1
Init P/N = N
Scan Rate (V/s) = 0.1
Segment = 3
Sample Interval (V) = 0.001
Quiet Time (sec) = 2
Sensitivity (A/V) = 0.01
Comp R (ohm) = 2.9

Results:

Channel 1:
Segment 1:

Segment 2:

Segment 3:

Potential/V, Current/A

-1.000, 7.871e-6
-1.001, 1.043e-5
-1.002, 9.825e-6
-1.003, 1.038e-5
-1.004, 1.077e-5
-1.005, 1.003e-5
-1.006, 1.117e-5
-1.007, 1.048e-5
-1.008, 1.089e-5
-1.009, 1.102e-5
-1.010, 1.054e-5
-1.011, 1.137e-5
-1.012, 1.065e-5
-1.013, 1.104e-5
-1.014, 1.137e-5
-1.015, 1.063e-5
-1.016, 1.154e-5
-1.017, 1.072e-5
-1.018, 1.138e-5
-1.019, 1.144e-5
-1.020, 1.080e-5
-1.021, 1.178e-5
-1.022, 1.093e-5
-1.023, 1.154e-5
-1.024, 1.170e-5
-1.025, 1.102e-5
-1.026, 1.201e-5
-1.027, 1.118e-5
-1.028, 1.149e-5
-1.029, 1.182e-5
-1.030, 1.119e-5
-1.031, 1.217e-5
-1.032, 1.128e-5
-1.033, 1.175e-5
-1.034, 1.210e-5
-1.035, 1.125e-5
-1.036, 1.222e-5
-1.037, 1.157e-5
-1.038, 1.186e-5
-1.039, 1.221e-5
-1.040, 1.141e-5
-1.041, 1.250e-5
-1.042, 1.178e-5
-1.043, 1.213e-5
-1.044, 1.244e-5
-1.045, 1.175e-5
-1.046, 1.266e-5
-1.047, 1.203e-5
-1.048, 1.237e-5
-1.049, 1.249e-5
-1.050, 1.203e-5
-1.051, 1.277e-5
-1.052, 1.218e-5
-1.053, 1.256e-5
-1.054, 1.278e-5
-1.055, 1.219e-5
-1.056, 1.303e-5
-1.057, 1.222e-5
-1.058, 1.280e-5
-1.059, 1.292e-5
-1.060, 1.227e-5
-1.061, 1.325e-5
-1.062, 1.241e-5
-1.063, 1.315e-5
-1.064, 1.323e-5
-1.065, 1.249e-5
-1.066, 1.355e-5
-1.067, 1.275e-5
-1.068, 1.322e-5
-1.069, 1.337e-5
-1.070, 1.274e-5
-1.071, 1.375e-5
-1.072, 1.301e-5
-1.073, 1.334e-5
-1.074, 1.374e-5
-1.075, 1.314e-5
-1.076, 1.397e-5
-1.077, 1.332e-5
-1.078, 1.365e-5
-1.079, 1.413e-5
-1.080, 1.337e-5
-1.081, 1.411e-5
-1.082, 1.350e-5
-1.083, 1.387e-5
-1.084, 1.418e-5
-1.085, 1.366e-5
-1.086, 1.443e-5
-1.087, 1.373e-5
-1.088, 1.404e-5
-1.089, 1.428e-5
-1.090, 1.386e-5
-1.091, 1.461e-5
-1.092, 1.397e-5
-1.093, 1.442e-5
-1.094, 1.463e-5
-1.095, 1.413e-5
-1.096, 1.496e-5
-1.097, 1.429e-5
-1.098, 1.474e-5
-1.099, 1.494e-5
-1.100, 1.407e-5
-1.101, 1.523e-5
-1.102, 1.432e-5
-1.103, 1.490e-5
-1.104, 1.497e-5
-1.105, 1.460e-5
-1.106, 1.534e-5
-1.107, 1.468e-5
-1.108, 1.503e-5
-1.109, 1.530e-5
-1.110, 1.464e-5
-1.111, 1.555e-5
-1.112, 1.472e-5
-1.113, 1.524e-5
-1.114, 1.546e-5
-1.115, 1.483e-5
-1.116, 1.568e-5
-1.117, 1.509e-5
-1.118, 1.547e-5
-1.119, 1.570e-5
-1.120, 1.508e-5
-1.121, 1.578e-5
-1.122, 1.531e-5
-1.123, 1.560e-5
-1.124, 1.600e-5
-1.125, 1.532e-5
-1.126, 1.602e-5
-1.127, 1.547e-5
-1.128, 1.586e-5
-1.129, 1.601e-5
-1.130, 1.555e-5
-1.131, 1.633e-5
-1.132, 1.559e-5
-1.133, 1.609e-5
-1.134, 1.637e-5
-1.135, 1.571e-5
-1.136, 1.640e-5
-1.137, 1.574e-5
-1.138, 1.636e-5
-1.139, 1.645e-5
-1.140, 1.575e-5
-1.141, 1.670e-5
-1.142, 1.602e-5
-1.143, 1.650e-5
-1.144, 1.660e-5
-1.145, 1.612e-5
-1.146, 1.687e-5
-1.147, 1.614e-5
-1.148, 1.657e-5
-1.149, 1.682e-5
-1.150, 1.595e-5
-1.151, 1.706e-5
-1.152, 1.626e-5
-1.153, 1.671e-5
-1.154, 1.695e-5
-1.155, 1.639e-5
-1.156, 1.697e-5
-1.157, 1.639e-5
-1.158, 1.686e-5
-1.159, 1.715e-5
-1.160, 1.627e-5
-1.161, 1.728e-5
-1.162, 1.665e-5
-1.163, 1.691e-5
-1.164, 1.739e-5
-1.165, 1.667e-5
-1.166, 1.731e-5
-1.167, 1.677e-5
-1.168, 1.708e-5
-1.169, 1.737e-5
-1.170, 1.665e-5
-1.171, 1.745e-5
-1.172, 1.696e-5
-1.173, 1.709e-5
-1.174, 1.743e-5
-1.175, 1.682e-5
-1.176, 1.761e-5
-1.177, 1.704e-5
-1.178, 1.737e-5
-1.179, 1.751e-5
-1.180, 1.687e-5
-1.181, 1.773e-5
-1.182, 1.712e-5
-1.183, 1.748e-5
-1.184, 1.779e-5
-1.185, 1.706e-5
-1.186, 1.788e-5
-1.187, 1.730e-5
-1.188, 1.739e-5
-1.189, 1.782e-5
-1.190, 1.712e-5
-1.191, 1.819e-5
-1.192, 1.723e-5
-1.193, 1.764e-5
-1.194, 1.803e-5
-1.195, 1.727e-5
-1.196, 1.813e-5
-1.197, 1.743e-5
-1.198, 1.788e-5
-1.199, 1.815e-5
-1.200, 1.735e-5
-1.201, 1.806e-5
-1.202, 1.765e-5
-1.203, 1.788e-5
-1.204, 1.817e-5
-1.205, 1.751e-5
-1.206, 1.832e-5
-1.207, 1.785e-5
-1.208, 1.801e-5
-1.209, 1.822e-5
-1.210, 1.775e-5
-1.211, 1.842e-5
-1.212, 1.763e-5
-1.213, 1.816e-5
-1.214, 1.838e-5
-1.215, 1.779e-5
-1.216, 1.860e-5
-1.217, 1.795e-5
-1.218, 1.828e-5
-1.219, 1.856e-5
-1.220, 1.788e-5
-1.221, 1.868e-5
-1.222, 1.805e-5
-1.223, 1.837e-5
-1.224, 1.856e-5
-1.225, 1.791e-5
-1.226, 1.903e-5
-1.227, 1.810e-5
-1.228, 1.866e-5
-1.229, 1.898e-5
-1.230, 1.838e-5
-1.231, 1.903e-5
-1.232, 1.850e-5
-1.233, 1.870e-5
-1.234, 1.922e-5
-1.235, 1.847e-5
-1.236, 1.935e-5
-1.237, 1.884e-5
-1.238, 1.900e-5
-1.239, 1.936e-5
-1.240, 1.887e-5
-1.241, 1.943e-5
-1.242, 1.916e-5
-1.243, 1.936e-5
-1.244, 1.957e-5
-1.245, 1.917e-5
-1.246, 1.998e-5
-1.247, 1.937e-5
-1.248, 1.975e-5
-1.249, 2.008e-5
-1.250, 1.954e-5
-1.251, 2.035e-5
-1.252, 1.980e-5
-1.253, 2.014e-5
-1.254, 2.049e-5
-1.255, 2.005e-5
-1.256, 2.086e-5
-1.257, 2.045e-5
-1.258, 2.087e-5
-1.259, 2.110e-5
-1.260, 2.068e-5
-1.261, 2.182e-5
-1.262, 2.118e-5
-1.263, 2.179e-5
-1.264, 2.194e-5
-1.265, 2.150e-5
-1.266, 2.247e-5
-1.267, 2.225e-5
-1.268, 2.253e-5
-1.269, 2.318e-5
-1.270, 2.266e-5
-1.271, 2.374e-5
-1.272, 2.314e-5
-1.273, 2.382e-5
-1.274, 2.438e-5
-1.275, 2.396e-5
-1.276, 2.501e-5
-1.277, 2.471e-5
-1.278, 2.524e-5
-1.279, 2.592e-5
-1.280, 2.575e-5
-1.281, 2.661e-5
-1.282, 2.667e-5
-1.283, 2.731e-5
-1.284, 2.781e-5
-1.285, 2.785e-5
-1.286, 2.889e-5
-1.287, 2.898e-5
-1.288, 2.960e-5
-1.289, 3.047e-5
-1.290, 3.057e-5
-1.291, 3.183e-5
-1.292, 3.200e-5
-1.293, 3.273e-5
-1.294, 3.381e-5
-1.295, 3.405e-5
-1.296, 3.545e-5
-1.297, 3.569e-5
-1.298, 3.702e-5
-1.299, 3.792e-5
-1.300, 3.871e-5
-1.301, 4.023e-5
-1.302, 4.067e-5
-1.303, 4.214e-5
-1.304, 4.354e-5
-1.305, 4.429e-5
-1.306, 4.660e-5
-1.307, 4.736e-5
-1.308, 4.924e-5
-1.309, 5.095e-5
-1.310, 5.224e-5
-1.311, 5.480e-5
-1.312, 5.625e-5
-1.313, 5.836e-5
-1.314, 6.089e-5
-1.315, 6.257e-5
-1.316, 6.572e-5
-1.317, 6.789e-5
-1.318, 7.087e-5
-1.319, 7.408e-5
-1.320, 7.664e-5
-1.321, 8.052e-5
-1.322, 8.382e-5
-1.323, 8.760e-5
-1.324, 9.171e-5
-1.325, 9.546e-5
-1.326, 1.005e-4
-1.327, 1.047e-4
-1.328, 1.098e-4
-1.329, 1.151e-4
-1.330, 1.203e-4
-1.331, 1.266e-4
-1.332, 1.324e-4
-1.333, 1.391e-4
-1.334, 1.461e-4
-1.335, 1.529e-4
-1.336, 1.610e-4
-1.337, 1.683e-4
-1.338, 1.771e-4
-1.339, 1.856e-4
-1.340, 1.944e-4
-1.341, 2.041e-4
-1.342, 2.136e-4
-1.343, 2.240e-4
-1.344, 2.346e-4
-1.345, 2.454e-4
-1.346, 2.576e-4
-1.347, 2.692e-4
-1.348, 2.820e-4
-1.349, 2.951e-4
-1.350, 3.084e-4
-1.351, 3.232e-4
-1.352, 3.372e-4
-1.353, 3.527e-4
-1.354, 3.686e-4
-1.355, 3.846e-4
-1.356, 4.027e-4
-1.357, 4.200e-4
-1.358, 4.390e-4
-1.359, 4.587e-4
-1.360, 4.783e-4
-1.361, 4.998e-4
-1.362, 5.210e-4
-1.363, 5.442e-4
-1.364, 5.681e-4
-1.365, 5.920e-4
-1.366, 6.171e-4
-1.367, 6.418e-4
-1.368, 6.693e-4
-1.369, 6.966e-4
-1.370, 7.253e-4
-1.371, 7.546e-4
-1.372, 7.847e-4
-1.373, 8.163e-4
-1.374, 8.477e-4
-1.375, 8.805e-4
-1.376, 9.154e-4
-1.377, 9.493e-4
-1.378, 9.860e-4
-1.379, 1.022e-3
-1.380, 1.060e-3
-1.381, 1.099e-3
-1.382, 1.137e-3
-1.383, 1.180e-3
-1.384, 1.219e-3
-1.385, 1.261e-3
-1.386, 1.305e-3
-1.387, 1.349e-3
-1.388, 1.396e-3
-1.389, 1.442e-3
-1.390, 1.489e-3
-1.391, 1.538e-3
-1.392, 1.586e-3
-1.393, 1.637e-3
-1.394, 1.687e-3
-1.395, 1.740e-3
-1.396, 1.794e-3
-1.397, 1.849e-3
-1.398, 1.907e-3
-1.399, 1.965e-3
-1.400, 2.022e-3
-1.401, 2.080e-3
-1.402, 2.135e-3
-1.403, 2.198e-3
-1.404, 2.258e-3
-1.405, 2.320e-3
-1.406, 2.385e-3
-1.407, 2.451e-3
-1.408, 2.519e-3
-1.409, 2.585e-3
-1.410, 2.653e-3
-1.411, 2.721e-3
-1.412, 2.790e-3
-1.413, 2.861e-3
-1.414, 2.930e-3
-1.415, 3.003e-3
-1.416, 3.076e-3
-1.417, 3.151e-3
-1.418, 3.229e-3
-1.419, 3.301e-3
-1.420, 3.377e-3
-1.421, 3.452e-3
-1.422, 3.527e-3
-1.423, 3.606e-3
-1.424, 3.682e-3
-1.425, 3.762e-3
-1.426, 3.844e-3
-1.427, 3.924e-3
-1.428, 4.009e-3
-1.429, 4.090e-3
-1.430, 4.175e-3
-1.431, 4.259e-3
-1.432, 4.342e-3
-1.433, 4.427e-3
-1.434, 4.515e-3
-1.435, 4.600e-3
-1.436, 4.687e-3
-1.437, 4.775e-3
-1.438, 4.865e-3
-1.439, 4.950e-3
-1.440, 5.039e-3
-1.441, 5.131e-3
-1.442, 5.220e-3
-1.443, 5.313e-3
-1.444, 5.404e-3
-1.445, 5.491e-3
-1.446, 5.579e-3
-1.447, 5.666e-3
-1.448, 5.752e-3
-1.449, 5.843e-3
-1.450, 5.928e-3
-1.451, 6.017e-3
-1.452, 6.109e-3
-1.453, 6.205e-3
-1.454, 6.289e-3
-1.455, 6.391e-3
-1.456, 6.509e-3
-1.457, 6.601e-3
-1.458, 6.692e-3
-1.459, 6.790e-3
-1.460, 6.900e-3
-1.461, 6.991e-3
-1.462, 7.087e-3
-1.463, 7.184e-3
-1.464, 7.290e-3
-1.465, 7.392e-3
-1.466, 7.478e-3
-1.467, 7.571e-3
-1.468, 7.676e-3
-1.469, 7.768e-3
-1.470, 7.848e-3
-1.471, 7.943e-3
-1.472, 8.032e-3
-1.473, 8.152e-3
-1.474, 8.259e-3
-1.475, 8.362e-3
-1.476, 8.436e-3
-1.477, 8.525e-3
-1.478, 8.627e-3
-1.479, 8.731e-3
-1.480, 8.817e-3
-1.481, 8.918e-3
-1.482, 9.021e-3
-1.483, 9.117e-3
-1.484, 9.203e-3
-1.485, 9.295e-3
-1.486, 9.354e-3
-1.487, 9.432e-3
-1.488, 9.532e-3
-1.489, 9.632e-3
-1.490, 9.737e-3
-1.491, 9.866e-3
-1.492, 9.982e-3
-1.493, 1.010e-2
-1.494, 1.019e-2
-1.495, 1.033e-2
-1.496, 1.044e-2
-1.497, 1.052e-2
-1.498, 1.062e-2
-1.499, 1.073e-2
-1.500, 1.072e-2
-1.499, 1.057e-2
-1.498, 1.040e-2
-1.497, 1.025e-2
-1.496, 1.013e-2
-1.495, 1.000e-2
-1.494, 9.871e-3
-1.493, 9.714e-3
-1.492, 9.596e-3
-1.491, 9.468e-3
-1.490, 9.356e-3
-1.489, 9.219e-3
-1.488, 9.074e-3
-1.487, 8.920e-3
-1.486, 8.767e-3
-1.485, 8.652e-3
-1.484, 8.502e-3
-1.483, 8.344e-3
-1.482, 8.206e-3
-1.481, 8.096e-3
-1.480, 7.965e-3
-1.479, 7.834e-3
-1.478, 7.697e-3
-1.477, 7.584e-3
-1.476, 7.474e-3
-1.475, 7.348e-3
-1.474, 7.247e-3
-1.473, 7.128e-3
-1.472, 7.002e-3
-1.471, 6.865e-3
-1.470, 6.768e-3
-1.469, 6.690e-3
-1.468, 6.587e-3
-1.467, 6.484e-3
-1.466, 6.386e-3
-1.465, 6.243e-3
-1.464, 6.144e-3
-1.463, 6.043e-3
-1.462, 5.956e-3
-1.461, 5.861e-3
-1.460, 5.778e-3
-1.459, 5.677e-3
-1.458, 5.567e-3
-1.457, 5.470e-3
-1.456, 5.370e-3
-1.455, 5.283e-3
-1.454, 5.178e-3
-1.453, 5.075e-3
-1.452, 4.976e-3
-1.451, 4.871e-3
-1.450, 4.776e-3
-1.449, 4.687e-3
-1.448, 4.581e-3
-1.447, 4.488e-3
-1.446, 4.389e-3
-1.445, 4.297e-3
-1.444, 4.207e-3
-1.443, 4.122e-3
-1.442, 4.043e-3
-1.441, 3.949e-3
-1.440, 3.864e-3
-1.439, 3.778e-3
-1.438, 3.693e-3
-1.437, 3.612e-3
-1.436, 3.535e-3
-1.435, 3.452e-3
-1.434, 3.370e-3
-1.433, 3.292e-3
-1.432, 3.219e-3
-1.431, 3.144e-3
-1.430, 3.075e-3
-1.429, 3.002e-3
-1.428, 2.928e-3
-1.427, 2.860e-3
-1.426, 2.791e-3
-1.425, 2.724e-3
-1.424, 2.662e-3
-1.423, 2.594e-3
-1.422, 2.533e-3
-1.421, 2.468e-3
-1.420, 2.406e-3
-1.419, 2.346e-3
-1.418, 2.283e-3
-1.417, 2.226e-3
-1.416, 2.172e-3
-1.415, 2.118e-3
-1.414, 2.063e-3
-1.413, 2.013e-3
-1.412, 1.962e-3
-1.411, 1.907e-3
-1.410, 1.857e-3
-1.409, 1.808e-3
-1.408, 1.759e-3
-1.407, 1.714e-3
-1.406, 1.662e-3
-1.405, 1.614e-3
-1.404, 1.569e-3
-1.403, 1.521e-3
-1.402, 1.477e-3
-1.401, 1.432e-3
-1.400, 1.390e-3
-1.399, 1.351e-3
-1.398, 1.315e-3
-1.397, 1.277e-3
-1.396, 1.240e-3
-1.395, 1.205e-3
-1.394, 1.169e-3
-1.393, 1.133e-3
-1.392, 1.099e-3
-1.391, 1.064e-3
-1.390, 1.032e-3
-1.389, 1.002e-3
-1.388, 9.708e-4
-1.387, 9.425e-4
-1.386, 9.123e-4
-1.385, 8.846e-4
-1.384, 8.583e-4
-1.383, 8.299e-4
-1.382, 8.034e-4
-1.381, 7.777e-4
-1.380, 7.528e-4
-1.379, 7.298e-4
-1.378, 7.054e-4
-1.377, 6.832e-4
-1.376, 6.609e-4
-1.375, 6.390e-4
-1.374, 6.190e-4
-1.373, 5.987e-4
-1.372, 5.794e-4
-1.371, 5.604e-4
-1.370, 5.420e-4
-1.369, 5.247e-4
-1.368, 5.069e-4
-1.367, 4.905e-4
-1.366, 4.738e-4
-1.365, 4.576e-4
-1.364, 4.424e-4
-1.363, 4.266e-4
-1.362, 4.126e-4
-1.361, 3.984e-4
-1.360, 3.846e-4
-1.359, 3.720e-4
-1.358, 3.585e-4
-1.357, 3.469e-4
-1.356, 3.351e-4
-1.355, 3.235e-4
-1.354, 3.132e-4
-1.353, 3.021e-4
-1.352, 2.924e-4
-1.351, 2.823e-4
-1.350, 2.718e-4
-1.349, 2.633e-4
-1.348, 2.538e-4
-1.347, 2.451e-4
-1.346, 2.369e-4
-1.345, 2.283e-4
-1.344, 2.208e-4
-1.343, 2.129e-4
-1.342, 2.057e-4
-1.341, 1.986e-4
-1.340, 1.911e-4
-1.339, 1.851e-4
-1.338, 1.784e-4
-1.337, 1.723e-4
-1.336, 1.663e-4
-1.335, 1.602e-4
-1.334, 1.550e-4
-1.333, 1.491e-4
-1.332, 1.441e-4
-1.331, 1.390e-4
-1.330, 1.338e-4
-1.329, 1.295e-4
-1.328, 1.245e-4
-1.327, 1.205e-4
-1.326, 1.164e-4
-1.325, 1.119e-4
-1.324, 1.085e-4
-1.323, 1.043e-4
-1.322, 1.007e-4
-1.321, 9.717e-5
-1.320, 9.331e-5
-1.319, 9.036e-5
-1.318, 8.671e-5
-1.317, 8.362e-5
-1.316, 8.080e-5
-1.315, 7.741e-5
-1.314, 7.536e-5
-1.313, 7.211e-5
-1.312, 6.981e-5
-1.311, 6.752e-5
-1.310, 6.442e-5
-1.309, 6.292e-5
-1.308, 6.017e-5
-1.307, 5.793e-5
-1.306, 5.621e-5
-1.305, 5.326e-5
-1.304, 5.199e-5
-1.303, 4.974e-5
-1.302, 4.773e-5
-1.301, 4.623e-5
-1.300, 4.378e-5
-1.299, 4.267e-5
-1.298, 4.073e-5
-1.297, 3.925e-5
-1.296, 3.805e-5
-1.295, 3.587e-5
-1.294, 3.496e-5
-1.293, 3.334e-5
-1.292, 3.200e-5
-1.291, 3.094e-5
-1.290, 2.925e-5
-1.289, 2.844e-5
-1.288, 2.707e-5
-1.287, 2.608e-5
-1.286, 2.516e-5
-1.285, 2.353e-5
-1.284, 2.316e-5
-1.283, 2.173e-5
-1.282, 2.081e-5
-1.281, 2.009e-5
-1.280, 1.868e-5
-1.279, 1.830e-5
-1.278, 1.704e-5
-1.277, 1.658e-5
-1.276, 1.585e-5
-1.275, 1.465e-5
-1.274, 1.454e-5
-1.273, 1.348e-5
-1.272, 1.276e-5
-1.271, 1.254e-5
-1.270, 1.127e-5
-1.269, 1.143e-5
-1.268, 1.040e-5
-1.267, 9.795e-6
-1.266, 9.588e-6
-1.265, 8.502e-6
-1.264, 8.611e-6
-1.263, 7.901e-6
-1.262, 7.368e-6
-1.261, 7.210e-6
-1.260, 6.085e-6
-1.259, 6.253e-6
-1.258, 5.602e-6
-1.257, 5.118e-6
-1.256, 5.118e-6
-1.255, 4.053e-6
-1.254, 4.132e-6
-1.253, 3.629e-6
-1.252, 3.214e-6
-1.251, 3.175e-6
-1.250, 2.247e-6
-1.249, 2.652e-6
-1.248, 1.922e-6
-1.247, 1.616e-6
-1.246, 1.665e-6
-1.245, 7.873e-7
-1.244, 1.202e-6
-1.243, 4.815e-7
-1.242, 2.151e-7
-1.241, 2.447e-7
-1.240, -4.657e-7
-1.239, -9.077e-8
-1.238, -7.123e-7
-1.237, -7.715e-7
-1.236, -7.123e-7
-1.235, -1.748e-6
-1.234, -1.206e-6
-1.233, -1.867e-6
-1.232, -1.847e-6
-1.231, -1.788e-6
-1.230, -2.597e-6
-1.229, -2.350e-6
-1.228, -2.666e-6
-1.227, -2.972e-6
-1.226, -2.656e-6
-1.225, -3.583e-6
-1.224, -2.922e-6
-1.223, -3.554e-6
-1.222, -3.643e-6
-1.221, -3.356e-6
-1.220, -4.234e-6
-1.219, -3.761e-6
-1.218, -4.244e-6
-1.217, -4.402e-6
-1.216, -3.988e-6
-1.215, -4.965e-6
-1.214, -4.511e-6
-1.213, -4.807e-6
-1.212, -5.024e-6
-1.211, -4.846e-6
-1.210, -5.557e-6
-1.209, -4.905e-6
-1.208, -5.468e-6
-1.207, -5.557e-6
-1.206, -5.418e-6
-1.205, -5.971e-6
-1.204, -5.438e-6
-1.203, -6.227e-6
-1.202, -6.139e-6
-1.201, -5.912e-6
-1.200, -6.652e-6
-1.199, -5.971e-6
-1.198, -6.484e-6
-1.197, -6.602e-6
-1.196, -6.218e-6
-1.195, -7.145e-6
-1.194, -6.474e-6
-1.193, -6.918e-6
-1.192, -6.849e-6
-1.191, -6.602e-6
-1.190, -7.540e-6
-1.189, -6.750e-6
-1.188, -7.283e-6
-1.187, -7.401e-6
-1.186, -7.066e-6
-1.185, -7.905e-6
-1.184, -7.096e-6
-1.183, -7.697e-6
-1.182, -7.638e-6
-1.181, -7.401e-6
-1.180, -8.151e-6
-1.179, -7.609e-6
-1.178, -8.122e-6
-1.177, -8.141e-6
-1.176, -7.757e-6
-1.175, -8.595e-6
-1.174, -7.924e-6
-1.173, -8.309e-6
-1.172, -8.299e-6
-1.171, -8.043e-6
-1.170, -8.802e-6
-1.169, -8.161e-6
-1.168, -8.694e-6
-1.167, -8.635e-6
-1.166, -8.506e-6
-1.165, -9.167e-6
-1.164, -8.378e-6
-1.163, -9.019e-6
-1.162, -8.931e-6
-1.161, -8.694e-6
-1.160, -9.483e-6
-1.159, -8.753e-6
-1.158, -9.345e-6
-1.157, -9.207e-6
-1.156, -8.832e-6
-1.155, -9.809e-6
-1.154, -8.980e-6
-1.153, -9.503e-6
-1.152, -9.513e-6
-1.151, -9.177e-6
-1.150, -1.006e-5
-1.149, -9.266e-6
-1.148, -9.858e-6
-1.147, -9.917e-6
-1.146, -9.444e-6
-1.145, -1.040e-5
-1.144, -9.661e-6
-1.143, -1.002e-5
-1.142, -1.034e-5
-1.141, -9.611e-6
-1.140, -1.064e-5
-1.139, -9.947e-6
-1.138, -1.031e-5
-1.137, -1.041e-5
-1.136, -1.004e-5
-1.135, -1.090e-5
-1.134, -1.008e-5
-1.133, -1.055e-5
-1.132, -1.052e-5
-1.131, -1.021e-5
-1.130, -1.116e-5
-1.129, -1.034e-5
-1.128, -1.072e-5
-1.127, -1.078e-5
-1.126, -1.048e-5
-1.125, -1.124e-5
-1.124, -1.043e-5
-1.123, -1.109e-5
-1.122, -1.105e-5
-1.121, -1.075e-5
-1.120, -1.148e-5
-1.119, -1.070e-5
-1.118, -1.149e-5
-1.117, -1.127e-5
-1.116, -1.085e-5
-1.115, -1.188e-5
-1.114, -1.102e-5
-1.113, -1.166e-5
-1.112, -1.153e-5
-1.111, -1.122e-5
-1.110, -1.211e-5
-1.109, -1.130e-5
-1.108, -1.174e-5
-1.107, -1.202e-5
-1.106, -1.143e-5
-1.105, -1.249e-5
-1.104, -1.143e-5
-1.103, -1.210e-5
-1.102, -1.232e-5
-1.101, -1.180e-5
-1.100, -1.266e-5
-1.099, -1.200e-5
-1.098, -1.235e-5
-1.097, -1.254e-5
-1.096, -1.198e-5
-1.095, -1.294e-5
-1.094, -1.226e-5
-1.093, -1.251e-5
-1.092, -1.272e-5
-1.091, -1.236e-5
-1.090, -1.317e-5
-1.089, -1.243e-5
-1.088, -1.286e-5
-1.087, -1.296e-5
-1.086, -1.277e-5
-1.085, -1.349e-5
-1.084, -1.244e-5
-1.083, -1.327e-5
-1.082, -1.324e-5
-1.081, -1.273e-5
-1.080, -1.363e-5
-1.079, -1.284e-5
-1.078, -1.353e-5
-1.077, -1.345e-5
-1.076, -1.326e-5
-1.075, -1.417e-5
-1.074, -1.333e-5
-1.073, -1.382e-5
-1.072, -1.382e-5
-1.071, -1.338e-5
-1.070, -1.431e-5
-1.069, -1.338e-5
-1.068, -1.399e-5
-1.067, -1.417e-5
-1.066, -1.361e-5
-1.065, -1.465e-5
-1.064, -1.353e-5
-1.063, -1.431e-5
-1.062, -1.445e-5
-1.061, -1.398e-5
-1.060, -1.486e-5
-1.059, -1.413e-5
-1.058, -1.465e-5
-1.057, -1.460e-5
-1.056, -1.433e-5
-1.055, -1.527e-5
-1.054, -1.425e-5
-1.053, -1.483e-5
-1.052, -1.489e-5
-1.051, -1.459e-5
-1.050, -1.536e-5
-1.049, -1.476e-5
-1.048, -1.528e-5
-1.047, -1.533e-5
-1.046, -1.490e-5
-1.045, -1.582e-5
-1.044, -1.489e-5
-1.043, -1.561e-5
-1.042, -1.562e-5
-1.041, -1.524e-5
-1.040, -1.597e-5
-1.039, -1.528e-5
-1.038, -1.582e-5
-1.037, -1.597e-5
-1.036, -1.545e-5
-1.035, -1.670e-5
-1.034, -1.562e-5
-1.033, -1.626e-5
-1.032, -1.615e-5
-1.031, -1.567e-5
-1.030, -1.681e-5
-1.029, -1.589e-5
-1.028, -1.643e-5
-1.027, -1.664e-5
-1.026, -1.615e-5
-1.025, -1.730e-5
-1.024, -1.641e-5
-1.023, -1.697e-5
-1.022, -1.718e-5
-1.021, -1.651e-5
-1.020, -1.760e-5
-1.019, -1.671e-5
-1.018, -1.728e-5
-1.017, -1.758e-5
-1.016, -1.683e-5
-1.015, -1.790e-5
-1.014, -1.730e-5
-1.013, -1.769e-5
-1.012, -1.775e-5
-1.011, -1.754e-5
-1.010, -1.837e-5
-1.009, -1.749e-5
-1.008, -1.808e-5
-1.007, -1.840e-5
-1.006, -1.784e-5
-1.005, -1.890e-5
-1.004, -1.799e-5
-1.003, -1.859e-5
-1.002, -1.869e-5
-1.001, -1.836e-5
