Mar. 3, 2025   17:55:32
Linear Sweep Voltammetry
File: c:/users/guazh/data/banditlqround7_x0exp169_r20_3/2025-03-03-exp859\1acid_2ac-2025-03-03t17_52_22-lsvinphos\1acid_2ac_lsv_50mvs_efin_-2300mv.bin
Data Source:  Experiment
Instrument Model:  CHI760E
Header: LSV ran at 50 mVs with Efin at -2300mV
Note: 

Init E (V) = -0.6
Final E (V) = -2.3
Scan Rate (V/s) = 0.05
Sample Interval (V) = 0.001
Quiet Time (sec) = 2
Sensitivity (A/V) = 1e-4
Comp R (ohm) = 10.6

Results:

Channel 1:
Ep = -1.217V
ip = 1.346e-4A
Ah = 3.078e-4C

Ep = -1.589V
ip = 2.983e-4A
Ah = 4.754e-4C

Potential/V, Current/A

-0.600, 1.353e-5
-0.601, 1.366e-5
-0.602, 1.373e-5
-0.603, 1.379e-5
-0.604, 1.401e-5
-0.605, 1.399e-5
-0.606, 1.404e-5
-0.607, 1.419e-5
-0.608, 1.431e-5
-0.609, 1.454e-5
-0.610, 1.457e-5
-0.611, 1.457e-5
-0.612, 1.458e-5
-0.613, 1.471e-5
-0.614, 1.482e-5
-0.615, 1.478e-5
-0.616, 1.478e-5
-0.617, 1.487e-5
-0.618, 1.500e-5
-0.619, 1.509e-5
-0.620, 1.512e-5
-0.621, 1.520e-5
-0.622, 1.533e-5
-0.623, 1.540e-5
-0.624, 1.546e-5
-0.625, 1.559e-5
-0.626, 1.576e-5
-0.627, 1.590e-5
-0.628, 1.601e-5
-0.629, 1.604e-5
-0.630, 1.608e-5
-0.631, 1.621e-5
-0.632, 1.630e-5
-0.633, 1.648e-5
-0.634, 1.658e-5
-0.635, 1.665e-5
-0.636, 1.679e-5
-0.637, 1.691e-5
-0.638, 1.711e-5
-0.639, 1.737e-5
-0.640, 1.748e-5
-0.641, 1.760e-5
-0.642, 1.773e-5
-0.643, 1.786e-5
-0.644, 1.803e-5
-0.645, 1.822e-5
-0.646, 1.845e-5
-0.647, 1.866e-5
-0.648, 1.883e-5
-0.649, 1.910e-5
-0.650, 1.932e-5
-0.651, 1.959e-5
-0.652, 1.982e-5
-0.653, 1.995e-5
-0.654, 2.005e-5
-0.655, 2.040e-5
-0.656, 2.059e-5
-0.657, 2.079e-5
-0.658, 2.106e-5
-0.659, 2.130e-5
-0.660, 2.139e-5
-0.661, 2.174e-5
-0.662, 2.192e-5
-0.663, 2.208e-5
-0.664, 2.235e-5
-0.665, 2.255e-5
-0.666, 2.284e-5
-0.667, 2.317e-5
-0.668, 2.347e-5
-0.669, 2.410e-5
-0.670, 2.444e-5
-0.671, 2.452e-5
-0.672, 2.477e-5
-0.673, 2.509e-5
-0.674, 2.545e-5
-0.675, 2.579e-5
-0.676, 2.624e-5
-0.677, 2.682e-5
-0.678, 2.720e-5
-0.679, 2.750e-5
-0.680, 2.786e-5
-0.681, 2.830e-5
-0.682, 2.873e-5
-0.683, 2.917e-5
-0.684, 2.961e-5
-0.685, 3.002e-5
-0.686, 3.046e-5
-0.687, 3.110e-5
-0.688, 3.158e-5
-0.689, 3.194e-5
-0.690, 3.225e-5
-0.691, 3.276e-5
-0.692, 3.316e-5
-0.693, 3.373e-5
-0.694, 3.420e-5
-0.695, 3.464e-5
-0.696, 3.514e-5
-0.697, 3.563e-5
-0.698, 3.612e-5
-0.699, 3.663e-5
-0.700, 3.702e-5
-0.701, 3.729e-5
-0.702, 3.781e-5
-0.703, 3.849e-5
-0.704, 3.879e-5
-0.705, 3.920e-5
-0.706, 3.976e-5
-0.707, 4.010e-5
-0.708, 4.046e-5
-0.709, 4.128e-5
-0.710, 4.197e-5
-0.711, 4.280e-5
-0.712, 4.354e-5
-0.713, 4.414e-5
-0.714, 4.483e-5
-0.715, 4.502e-5
-0.716, 4.563e-5
-0.717, 4.632e-5
-0.718, 4.695e-5
-0.719, 4.800e-5
-0.720, 4.895e-5
-0.721, 4.953e-5
-0.722, 4.998e-5
-0.723, 5.049e-5
-0.724, 5.114e-5
-0.725, 5.181e-5
-0.726, 5.258e-5
-0.727, 5.335e-5
-0.728, 5.423e-5
-0.729, 5.513e-5
-0.730, 5.588e-5
-0.731, 5.665e-5
-0.732, 5.743e-5
-0.733, 5.785e-5
-0.734, 5.843e-5
-0.735, 5.905e-5
-0.736, 5.979e-5
-0.737, 6.050e-5
-0.738, 6.151e-5
-0.739, 6.251e-5
-0.740, 6.353e-5
-0.741, 6.432e-5
-0.742, 6.532e-5
-0.743, 6.638e-5
-0.744, 6.747e-5
-0.745, 6.861e-5
-0.746, 6.975e-5
-0.747, 7.070e-5
-0.748, 7.174e-5
-0.749, 7.305e-5
-0.750, 7.421e-5
-0.751, 7.530e-5
-0.752, 7.670e-5
-0.753, 7.784e-5
-0.754, 7.896e-5
-0.755, 8.009e-5
-0.756, 8.122e-5
-0.757, 8.252e-5
-0.758, 8.393e-5
-0.759, 8.539e-5
-0.760, 8.699e-5
-0.761, 8.797e-5
-0.762, 8.916e-5
-0.763, 9.069e-5
-0.764, 9.188e-5
-0.765, 9.321e-5
-0.766, 9.457e-5
-0.767, 9.560e-5
-0.768, 9.650e-5
-0.769, 9.768e-5
-0.770, 9.939e-5
-0.771, 1.006e-4
-0.772, 1.019e-4
-0.773, 1.031e-4
-0.774, 1.044e-4
-0.775, 1.057e-4
-0.776, 1.069e-4
-0.777, 1.081e-4
-0.778, 1.095e-4
-0.779, 1.108e-4
-0.780, 1.122e-4
-0.781, 1.135e-4
-0.782, 1.148e-4
-0.783, 1.162e-4
-0.784, 1.174e-4
-0.785, 1.185e-4
-0.786, 1.199e-4
-0.787, 1.212e-4
-0.788, 1.225e-4
-0.789, 1.240e-4
-0.790, 1.254e-4
-0.791, 1.267e-4
-0.792, 1.278e-4
-0.793, 1.289e-4
-0.794, 1.299e-4
-0.795, 1.309e-4
-0.796, 1.321e-4
-0.797, 1.332e-4
-0.798, 1.341e-4
-0.799, 1.350e-4
-0.800, 1.364e-4
-0.801, 1.378e-4
-0.802, 1.389e-4
-0.803, 1.397e-4
-0.804, 1.406e-4
-0.805, 1.418e-4
-0.806, 1.429e-4
-0.807, 1.434e-4
-0.808, 1.444e-4
-0.809, 1.455e-4
-0.810, 1.466e-4
-0.811, 1.474e-4
-0.812, 1.480e-4
-0.813, 1.487e-4
-0.814, 1.494e-4
-0.815, 1.501e-4
-0.816, 1.508e-4
-0.817, 1.514e-4
-0.818, 1.522e-4
-0.819, 1.530e-4
-0.820, 1.536e-4
-0.821, 1.542e-4
-0.822, 1.550e-4
-0.823, 1.557e-4
-0.824, 1.559e-4
-0.825, 1.563e-4
-0.826, 1.566e-4
-0.827, 1.571e-4
-0.828, 1.576e-4
-0.829, 1.583e-4
-0.830, 1.589e-4
-0.831, 1.594e-4
-0.832, 1.599e-4
-0.833, 1.604e-4
-0.834, 1.608e-4
-0.835, 1.613e-4
-0.836, 1.618e-4
-0.837, 1.622e-4
-0.838, 1.626e-4
-0.839, 1.630e-4
-0.840, 1.635e-4
-0.841, 1.639e-4
-0.842, 1.642e-4
-0.843, 1.647e-4
-0.844, 1.652e-4
-0.845, 1.655e-4
-0.846, 1.659e-4
-0.847, 1.662e-4
-0.848, 1.664e-4
-0.849, 1.669e-4
-0.850, 1.676e-4
-0.851, 1.675e-4
-0.852, 1.677e-4
-0.853, 1.679e-4
-0.854, 1.683e-4
-0.855, 1.689e-4
-0.856, 1.692e-4
-0.857, 1.696e-4
-0.858, 1.700e-4
-0.859, 1.705e-4
-0.860, 1.710e-4
-0.861, 1.717e-4
-0.862, 1.722e-4
-0.863, 1.723e-4
-0.864, 1.722e-4
-0.865, 1.722e-4
-0.866, 1.725e-4
-0.867, 1.728e-4
-0.868, 1.728e-4
-0.869, 1.731e-4
-0.870, 1.733e-4
-0.871, 1.737e-4
-0.872, 1.740e-4
-0.873, 1.743e-4
-0.874, 1.744e-4
-0.875, 1.746e-4
-0.876, 1.749e-4
-0.877, 1.750e-4
-0.878, 1.751e-4
-0.879, 1.753e-4
-0.880, 1.754e-4
-0.881, 1.757e-4
-0.882, 1.759e-4
-0.883, 1.761e-4
-0.884, 1.764e-4
-0.885, 1.767e-4
-0.886, 1.770e-4
-0.887, 1.769e-4
-0.888, 1.769e-4
-0.889, 1.770e-4
-0.890, 1.773e-4
-0.891, 1.777e-4
-0.892, 1.779e-4
-0.893, 1.781e-4
-0.894, 1.784e-4
-0.895, 1.789e-4
-0.896, 1.787e-4
-0.897, 1.788e-4
-0.898, 1.790e-4
-0.899, 1.796e-4
-0.900, 1.800e-4
-0.901, 1.802e-4
-0.902, 1.807e-4
-0.903, 1.809e-4
-0.904, 1.814e-4
-0.905, 1.817e-4
-0.906, 1.819e-4
-0.907, 1.821e-4
-0.908, 1.827e-4
-0.909, 1.829e-4
-0.910, 1.832e-4
-0.911, 1.838e-4
-0.912, 1.843e-4
-0.913, 1.845e-4
-0.914, 1.848e-4
-0.915, 1.853e-4
-0.916, 1.858e-4
-0.917, 1.862e-4
-0.918, 1.865e-4
-0.919, 1.869e-4
-0.920, 1.875e-4
-0.921, 1.880e-4
-0.922, 1.886e-4
-0.923, 1.892e-4
-0.924, 1.897e-4
-0.925, 1.906e-4
-0.926, 1.913e-4
-0.927, 1.916e-4
-0.928, 1.919e-4
-0.929, 1.925e-4
-0.930, 1.931e-4
-0.931, 1.938e-4
-0.932, 1.942e-4
-0.933, 1.948e-4
-0.934, 1.955e-4
-0.935, 1.962e-4
-0.936, 1.965e-4
-0.937, 1.974e-4
-0.938, 1.982e-4
-0.939, 1.989e-4
-0.940, 1.997e-4
-0.941, 2.018e-4
-0.942, 2.035e-4
-0.943, 2.048e-4
-0.944, 2.051e-4
-0.945, 2.059e-4
-0.946, 2.066e-4
-0.947, 2.075e-4
-0.948, 2.084e-4
-0.949, 2.093e-4
-0.950, 2.101e-4
-0.951, 2.110e-4
-0.952, 2.119e-4
-0.953, 2.128e-4
-0.954, 2.136e-4
-0.955, 2.145e-4
-0.956, 2.152e-4
-0.957, 2.160e-4
-0.958, 2.169e-4
-0.959, 2.176e-4
-0.960, 2.183e-4
-0.961, 2.194e-4
-0.962, 2.203e-4
-0.963, 2.212e-4
-0.964, 2.220e-4
-0.965, 2.230e-4
-0.966, 2.237e-4
-0.967, 2.250e-4
-0.968, 2.260e-4
-0.969, 2.271e-4
-0.970, 2.279e-4
-0.971, 2.288e-4
-0.972, 2.297e-4
-0.973, 2.305e-4
-0.974, 2.315e-4
-0.975, 2.325e-4
-0.976, 2.336e-4
-0.977, 2.346e-4
-0.978, 2.354e-4
-0.979, 2.362e-4
-0.980, 2.371e-4
-0.981, 2.379e-4
-0.982, 2.385e-4
-0.983, 2.393e-4
-0.984, 2.402e-4
-0.985, 2.413e-4
-0.986, 2.425e-4
-0.987, 2.433e-4
-0.988, 2.442e-4
-0.989, 2.453e-4
-0.990, 2.464e-4
-0.991, 2.475e-4
-0.992, 2.487e-4
-0.993, 2.497e-4
-0.994, 2.503e-4
-0.995, 2.513e-4
-0.996, 2.525e-4
-0.997, 2.535e-4
-0.998, 2.541e-4
-0.999, 2.548e-4
-1.000, 2.561e-4
-1.001, 2.573e-4
-1.002, 2.582e-4
-1.003, 2.592e-4
-1.004, 2.603e-4
-1.005, 2.611e-4
-1.006, 2.620e-4
-1.007, 2.630e-4
-1.008, 2.641e-4
-1.009, 2.651e-4
-1.010, 2.664e-4
-1.011, 2.677e-4
-1.012, 2.687e-4
-1.013, 2.696e-4
-1.014, 2.706e-4
-1.015, 2.718e-4
-1.016, 2.730e-4
-1.017, 2.740e-4
-1.018, 2.751e-4
-1.019, 2.761e-4
-1.020, 2.773e-4
-1.021, 2.784e-4
-1.022, 2.793e-4
-1.023, 2.806e-4
-1.024, 2.820e-4
-1.025, 2.828e-4
-1.026, 2.839e-4
-1.027, 2.853e-4
-1.028, 2.867e-4
-1.029, 2.878e-4
-1.030, 2.888e-4
-1.031, 2.899e-4
-1.032, 2.914e-4
-1.033, 2.926e-4
-1.034, 2.938e-4
-1.035, 2.948e-4
-1.036, 2.958e-4
-1.037, 2.967e-4
-1.038, 2.982e-4
-1.039, 2.997e-4
-1.040, 3.010e-4
-1.041, 3.023e-4
-1.042, 3.034e-4
-1.043, 3.047e-4
-1.044, 3.064e-4
-1.045, 3.080e-4
-1.046, 3.094e-4
-1.047, 3.107e-4
-1.048, 3.122e-4
-1.049, 3.136e-4
-1.050, 3.150e-4
-1.051, 3.163e-4
-1.052, 3.179e-4
-1.053, 3.195e-4
-1.054, 3.210e-4
-1.055, 3.224e-4
-1.056, 3.236e-4
-1.057, 3.248e-4
-1.058, 3.264e-4
-1.059, 3.280e-4
-1.060, 3.293e-4
-1.061, 3.306e-4
-1.062, 3.321e-4
-1.063, 3.337e-4
-1.064, 3.352e-4
-1.065, 3.367e-4
-1.066, 3.384e-4
-1.067, 3.400e-4
-1.068, 3.416e-4
-1.069, 3.435e-4
-1.070, 3.452e-4
-1.071, 3.468e-4
-1.072, 3.484e-4
-1.073, 3.501e-4
-1.074, 3.517e-4
-1.075, 3.534e-4
-1.076, 3.550e-4
-1.077, 3.564e-4
-1.078, 3.581e-4
-1.079, 3.597e-4
-1.080, 3.614e-4
-1.081, 3.635e-4
-1.082, 3.655e-4
-1.083, 3.674e-4
-1.084, 3.696e-4
-1.085, 3.713e-4
-1.086, 3.735e-4
-1.087, 3.757e-4
-1.088, 3.776e-4
-1.089, 3.799e-4
-1.090, 3.817e-4
-1.091, 3.834e-4
-1.092, 3.853e-4
-1.093, 3.873e-4
-1.094, 3.892e-4
-1.095, 3.916e-4
-1.096, 3.938e-4
-1.097, 3.957e-4
-1.098, 3.975e-4
-1.099, 3.996e-4
-1.100, 4.017e-4
-1.101, 4.038e-4
-1.102, 4.055e-4
-1.103, 4.072e-4
-1.104, 4.094e-4
-1.105, 4.115e-4
-1.106, 4.135e-4
-1.107, 4.156e-4
-1.108, 4.180e-4
-1.109, 4.202e-4
-1.110, 4.221e-4
-1.111, 4.240e-4
-1.112, 4.260e-4
-1.113, 4.281e-4
-1.114, 4.302e-4
-1.115, 4.325e-4
-1.116, 4.347e-4
-1.117, 4.369e-4
-1.118, 4.392e-4
-1.119, 4.417e-4
-1.120, 4.438e-4
-1.121, 4.458e-4
-1.122, 4.480e-4
-1.123, 4.502e-4
-1.124, 4.522e-4
-1.125, 4.543e-4
-1.126, 4.565e-4
-1.127, 4.587e-4
-1.128, 4.608e-4
-1.129, 4.631e-4
-1.130, 4.651e-4
-1.131, 4.671e-4
-1.132, 4.695e-4
-1.133, 4.719e-4
-1.134, 4.743e-4
-1.135, 4.763e-4
-1.136, 4.780e-4
-1.137, 4.802e-4
-1.138, 4.825e-4
-1.139, 4.846e-4
-1.140, 4.868e-4
-1.141, 4.889e-4
-1.142, 4.913e-4
-1.143, 4.937e-4
-1.144, 4.956e-4
-1.145, 4.973e-4
-1.146, 4.994e-4
-1.147, 5.011e-4
-1.148, 5.031e-4
-1.149, 5.051e-4
-1.150, 5.072e-4
-1.151, 5.092e-4
-1.152, 5.110e-4
-1.153, 5.128e-4
-1.154, 5.148e-4
-1.155, 5.166e-4
-1.156, 5.181e-4
-1.157, 5.200e-4
-1.158, 5.220e-4
-1.159, 5.242e-4
-1.160, 5.266e-4
-1.161, 5.277e-4
-1.162, 5.293e-4
-1.163, 5.310e-4
-1.164, 5.328e-4
-1.165, 5.348e-4
-1.166, 5.365e-4
-1.167, 5.380e-4
-1.168, 5.395e-4
-1.169, 5.413e-4
-1.170, 5.428e-4
-1.171, 5.450e-4
-1.172, 5.466e-4
-1.173, 5.480e-4
-1.174, 5.494e-4
-1.175, 5.506e-4
-1.176, 5.519e-4
-1.177, 5.536e-4
-1.178, 5.549e-4
-1.179, 5.564e-4
-1.180, 5.578e-4
-1.181, 5.591e-4
-1.182, 5.603e-4
-1.183, 5.617e-4
-1.184, 5.632e-4
-1.185, 5.646e-4
-1.186, 5.658e-4
-1.187, 5.673e-4
-1.188, 5.682e-4
-1.189, 5.692e-4
-1.190, 5.705e-4
-1.191, 5.716e-4
-1.192, 5.727e-4
-1.193, 5.739e-4
-1.194, 5.750e-4
-1.195, 5.764e-4
-1.196, 5.776e-4
-1.197, 5.785e-4
-1.198, 5.793e-4
-1.199, 5.800e-4
-1.200, 5.811e-4
-1.201, 5.816e-4
-1.202, 5.822e-4
-1.203, 5.827e-4
-1.204, 5.829e-4
-1.205, 5.832e-4
-1.206, 5.836e-4
-1.207, 5.840e-4
-1.208, 5.844e-4
-1.209, 5.850e-4
-1.210, 5.852e-4
-1.211, 5.851e-4
-1.212, 5.853e-4
-1.213, 5.856e-4
-1.214, 5.858e-4
-1.215, 5.860e-4
-1.216, 5.861e-4
-1.217, 5.865e-4
-1.218, 5.862e-4
-1.219, 5.861e-4
-1.220, 5.863e-4
-1.221, 5.864e-4
-1.222, 5.864e-4
-1.223, 5.861e-4
-1.224, 5.861e-4
-1.225, 5.859e-4
-1.226, 5.857e-4
-1.227, 5.852e-4
-1.228, 5.849e-4
-1.229, 5.845e-4
-1.230, 5.844e-4
-1.231, 5.839e-4
-1.232, 5.837e-4
-1.233, 5.835e-4
-1.234, 5.831e-4
-1.235, 5.829e-4
-1.236, 5.825e-4
-1.237, 5.820e-4
-1.238, 5.815e-4
-1.239, 5.809e-4
-1.240, 5.802e-4
-1.241, 5.798e-4
-1.242, 5.795e-4
-1.243, 5.789e-4
-1.244, 5.782e-4
-1.245, 5.776e-4
-1.246, 5.770e-4
-1.247, 5.765e-4
-1.248, 5.760e-4
-1.249, 5.756e-4
-1.250, 5.752e-4
-1.251, 5.747e-4
-1.252, 5.741e-4
-1.253, 5.736e-4
-1.254, 5.730e-4
-1.255, 5.725e-4
-1.256, 5.721e-4
-1.257, 5.715e-4
-1.258, 5.712e-4
-1.259, 5.711e-4
-1.260, 5.705e-4
-1.261, 5.701e-4
-1.262, 5.695e-4
-1.263, 5.688e-4
-1.264, 5.683e-4
-1.265, 5.678e-4
-1.266, 5.670e-4
-1.267, 5.665e-4
-1.268, 5.660e-4
-1.269, 5.654e-4
-1.270, 5.648e-4
-1.271, 5.642e-4
-1.272, 5.638e-4
-1.273, 5.636e-4
-1.274, 5.632e-4
-1.275, 5.629e-4
-1.276, 5.622e-4
-1.277, 5.615e-4
-1.278, 5.610e-4
-1.279, 5.603e-4
-1.280, 5.597e-4
-1.281, 5.594e-4
-1.282, 5.591e-4
-1.283, 5.591e-4
-1.284, 5.587e-4
-1.285, 5.584e-4
-1.286, 5.579e-4
-1.287, 5.575e-4
-1.288, 5.572e-4
-1.289, 5.568e-4
-1.290, 5.566e-4
-1.291, 5.565e-4
-1.292, 5.564e-4
-1.293, 5.564e-4
-1.294, 5.563e-4
-1.295, 5.562e-4
-1.296, 5.562e-4
-1.297, 5.560e-4
-1.298, 5.558e-4
-1.299, 5.556e-4
-1.300, 5.555e-4
-1.301, 5.554e-4
-1.302, 5.553e-4
-1.303, 5.553e-4
-1.304, 5.551e-4
-1.305, 5.550e-4
-1.306, 5.550e-4
-1.307, 5.552e-4
-1.308, 5.552e-4
-1.309, 5.551e-4
-1.310, 5.552e-4
-1.311, 5.552e-4
-1.312, 5.554e-4
-1.313, 5.553e-4
-1.314, 5.557e-4
-1.315, 5.561e-4
-1.316, 5.561e-4
-1.317, 5.564e-4
-1.318, 5.570e-4
-1.319, 5.574e-4
-1.320, 5.578e-4
-1.321, 5.583e-4
-1.322, 5.589e-4
-1.323, 5.600e-4
-1.324, 5.603e-4
-1.325, 5.600e-4
-1.326, 5.597e-4
-1.327, 5.595e-4
-1.328, 5.596e-4
-1.329, 5.599e-4
-1.330, 5.602e-4
-1.331, 5.606e-4
-1.332, 5.611e-4
-1.333, 5.616e-4
-1.334, 5.619e-4
-1.335, 5.622e-4
-1.336, 5.625e-4
-1.337, 5.630e-4
-1.338, 5.632e-4
-1.339, 5.633e-4
-1.340, 5.638e-4
-1.341, 5.643e-4
-1.342, 5.647e-4
-1.343, 5.652e-4
-1.344, 5.658e-4
-1.345, 5.664e-4
-1.346, 5.668e-4
-1.347, 5.671e-4
-1.348, 5.674e-4
-1.349, 5.678e-4
-1.350, 5.682e-4
-1.351, 5.685e-4
-1.352, 5.690e-4
-1.353, 5.695e-4
-1.354, 5.700e-4
-1.355, 5.705e-4
-1.356, 5.711e-4
-1.357, 5.716e-4
-1.358, 5.720e-4
-1.359, 5.726e-4
-1.360, 5.733e-4
-1.361, 5.738e-4
-1.362, 5.745e-4
-1.363, 5.751e-4
-1.364, 5.758e-4
-1.365, 5.765e-4
-1.366, 5.774e-4
-1.367, 5.780e-4
-1.368, 5.787e-4
-1.369, 5.798e-4
-1.370, 5.811e-4
-1.371, 5.822e-4
-1.372, 5.832e-4
-1.373, 5.839e-4
-1.374, 5.847e-4
-1.375, 5.852e-4
-1.376, 5.860e-4
-1.377, 5.871e-4
-1.378, 5.881e-4
-1.379, 5.891e-4
-1.380, 5.897e-4
-1.381, 5.905e-4
-1.382, 5.912e-4
-1.383, 5.919e-4
-1.384, 5.927e-4
-1.385, 5.934e-4
-1.386, 5.941e-4
-1.387, 5.946e-4
-1.388, 5.950e-4
-1.389, 5.958e-4
-1.390, 5.962e-4
-1.391, 5.970e-4
-1.392, 5.976e-4
-1.393, 5.980e-4
-1.394, 5.987e-4
-1.395, 5.996e-4
-1.396, 6.004e-4
-1.397, 6.015e-4
-1.398, 6.028e-4
-1.399, 6.038e-4
-1.400, 6.046e-4
-1.401, 6.056e-4
-1.402, 6.066e-4
-1.403, 6.076e-4
-1.404, 6.087e-4
-1.405, 6.098e-4
-1.406, 6.112e-4
-1.407, 6.126e-4
-1.408, 6.138e-4
-1.409, 6.152e-4
-1.410, 6.162e-4
-1.411, 6.169e-4
-1.412, 6.182e-4
-1.413, 6.196e-4
-1.414, 6.208e-4
-1.415, 6.219e-4
-1.416, 6.232e-4
-1.417, 6.242e-4
-1.418, 6.263e-4
-1.419, 6.281e-4
-1.420, 6.299e-4
-1.421, 6.312e-4
-1.422, 6.322e-4
-1.423, 6.333e-4
-1.424, 6.350e-4
-1.425, 6.365e-4
-1.426, 6.376e-4
-1.427, 6.389e-4
-1.428, 6.403e-4
-1.429, 6.415e-4
-1.430, 6.427e-4
-1.431, 6.441e-4
-1.432, 6.453e-4
-1.433, 6.467e-4
-1.434, 6.484e-4
-1.435, 6.501e-4
-1.436, 6.519e-4
-1.437, 6.535e-4
-1.438, 6.552e-4
-1.439, 6.571e-4
-1.440, 6.584e-4
-1.441, 6.602e-4
-1.442, 6.621e-4
-1.443, 6.634e-4
-1.444, 6.658e-4
-1.445, 6.677e-4
-1.446, 6.694e-4
-1.447, 6.714e-4
-1.448, 6.732e-4
-1.449, 6.746e-4
-1.450, 6.755e-4
-1.451, 6.772e-4
-1.452, 6.787e-4
-1.453, 6.802e-4
-1.454, 6.818e-4
-1.455, 6.833e-4
-1.456, 6.854e-4
-1.457, 6.874e-4
-1.458, 6.898e-4
-1.459, 6.924e-4
-1.460, 6.942e-4
-1.461, 6.956e-4
-1.462, 6.973e-4
-1.463, 6.991e-4
-1.464, 7.011e-4
-1.465, 7.029e-4
-1.466, 7.049e-4
-1.467, 7.069e-4
-1.468, 7.092e-4
-1.469, 7.116e-4
-1.470, 7.138e-4
-1.471, 7.160e-4
-1.472, 7.179e-4
-1.473, 7.197e-4
-1.474, 7.217e-4
-1.475, 7.242e-4
-1.476, 7.266e-4
-1.477, 7.284e-4
-1.478, 7.302e-4
-1.479, 7.315e-4
-1.480, 7.331e-4
-1.481, 7.353e-4
-1.482, 7.376e-4
-1.483, 7.399e-4
-1.484, 7.420e-4
-1.485, 7.439e-4
-1.486, 7.461e-4
-1.487, 7.483e-4
-1.488, 7.504e-4
-1.489, 7.523e-4
-1.490, 7.543e-4
-1.491, 7.566e-4
-1.492, 7.589e-4
-1.493, 7.611e-4
-1.494, 7.630e-4
-1.495, 7.650e-4
-1.496, 7.668e-4
-1.497, 7.688e-4
-1.498, 7.705e-4
-1.499, 7.726e-4
-1.500, 7.750e-4
-1.501, 7.775e-4
-1.502, 7.798e-4
-1.503, 7.824e-4
-1.504, 7.851e-4
-1.505, 7.878e-4
-1.506, 7.900e-4
-1.507, 7.921e-4
-1.508, 7.947e-4
-1.509, 7.973e-4
-1.510, 7.996e-4
-1.511, 8.022e-4
-1.512, 8.043e-4
-1.513, 8.063e-4
-1.514, 8.088e-4
-1.515, 8.111e-4
-1.516, 8.136e-4
-1.517, 8.160e-4
-1.518, 8.188e-4
-1.519, 8.212e-4
-1.520, 8.236e-4
-1.521, 8.262e-4
-1.522, 8.284e-4
-1.523, 8.310e-4
-1.524, 8.337e-4
-1.525, 8.364e-4
-1.526, 8.397e-4
-1.527, 8.427e-4
-1.528, 8.453e-4
-1.529, 8.482e-4
-1.530, 8.511e-4
-1.531, 8.534e-4
-1.532, 8.553e-4
-1.533, 8.578e-4
-1.534, 8.606e-4
-1.535, 8.636e-4
-1.536, 8.662e-4
-1.537, 8.685e-4
-1.538, 8.705e-4
-1.539, 8.731e-4
-1.540, 8.763e-4
-1.541, 8.795e-4
-1.542, 8.824e-4
-1.543, 8.852e-4
-1.544, 8.881e-4
-1.545, 8.904e-4
-1.546, 8.929e-4
-1.547, 8.965e-4
-1.548, 8.986e-4
-1.549, 9.013e-4
-1.550, 9.037e-4
-1.551, 9.064e-4
-1.552, 9.096e-4
-1.553, 9.129e-4
-1.554, 9.155e-4
-1.555, 9.184e-4
-1.556, 9.211e-4
-1.557, 9.237e-4
-1.558, 9.262e-4
-1.559, 9.283e-4
-1.560, 9.304e-4
-1.561, 9.328e-4
-1.562, 9.347e-4
-1.563, 9.368e-4
-1.564, 9.394e-4
-1.565, 9.417e-4
-1.566, 9.444e-4
-1.567, 9.471e-4
-1.568, 9.505e-4
-1.569, 9.535e-4
-1.570, 9.571e-4
-1.571, 9.599e-4
-1.572, 9.628e-4
-1.573, 9.659e-4
-1.574, 9.694e-4
-1.575, 9.731e-4
-1.576, 9.761e-4
-1.577, 9.791e-4
-1.578, 9.816e-4
-1.579, 9.835e-4
-1.580, 9.864e-4
-1.581, 9.897e-4
-1.582, 9.924e-4
-1.583, 9.950e-4
-1.584, 9.976e-4
-1.585, 1.000e-3
-1.586, 1.004e-3
-1.587, 1.007e-3
-1.588, 1.010e-3
-1.589, 1.011e-3
-1.590, 1.011e-3
-1.591, 1.011e-3
-1.592, 1.011e-3
-1.593, 1.011e-3
-1.594, 1.011e-3
-1.595, 1.011e-3
-1.596, 1.011e-3
-1.597, 1.011e-3
-1.598, 1.011e-3
-1.599, 1.011e-3
-1.600, 1.011e-3
-1.601, 1.011e-3
-1.602, 1.011e-3
-1.603, 1.011e-3
-1.604, 1.011e-3
-1.605, 1.011e-3
-1.606, 1.011e-3
-1.607, 1.011e-3
-1.608, 1.011e-3
-1.609, 1.011e-3
-1.610, 1.011e-3
-1.611, 1.011e-3
-1.612, 1.011e-3
-1.613, 1.011e-3
-1.614, 1.011e-3
-1.615, 1.011e-3
-1.616, 1.011e-3
-1.617, 1.011e-3
-1.618, 1.011e-3
-1.619, 1.011e-3
-1.620, 1.011e-3
-1.621, 1.011e-3
-1.622, 1.011e-3
-1.623, 1.011e-3
-1.624, 1.011e-3
-1.625, 1.011e-3
-1.626, 1.011e-3
-1.627, 1.011e-3
-1.628, 1.011e-3
-1.629, 1.011e-3
-1.630, 1.011e-3
-1.631, 1.011e-3
-1.632, 1.011e-3
-1.633, 1.011e-3
-1.634, 1.011e-3
-1.635, 1.011e-3
-1.636, 1.011e-3
-1.637, 1.011e-3
-1.638, 1.011e-3
-1.639, 1.011e-3
-1.640, 1.011e-3
-1.641, 1.011e-3
-1.642, 1.011e-3
-1.643, 1.011e-3
-1.644, 1.011e-3
-1.645, 1.011e-3
-1.646, 1.011e-3
-1.647, 1.011e-3
-1.648, 1.011e-3
-1.649, 1.011e-3
-1.650, 1.011e-3
-1.651, 1.011e-3
-1.652, 1.011e-3
-1.653, 1.011e-3
-1.654, 1.011e-3
-1.655, 1.011e-3
-1.656, 1.011e-3
-1.657, 1.011e-3
-1.658, 1.011e-3
-1.659, 1.011e-3
-1.660, 1.011e-3
-1.661, 1.011e-3
-1.662, 1.011e-3
-1.663, 1.011e-3
-1.664, 1.011e-3
-1.665, 1.011e-3
-1.666, 1.011e-3
-1.667, 1.011e-3
-1.668, 1.011e-3
-1.669, 1.011e-3
-1.670, 1.011e-3
-1.671, 1.011e-3
-1.672, 1.011e-3
-1.673, 1.011e-3
-1.674, 1.011e-3
-1.675, 1.011e-3
-1.676, 1.011e-3
-1.677, 1.011e-3
-1.678, 1.011e-3
-1.679, 1.011e-3
-1.680, 1.011e-3
-1.681, 1.011e-3
-1.682, 1.011e-3
-1.683, 1.011e-3
-1.684, 1.011e-3
-1.685, 1.011e-3
-1.686, 1.011e-3
-1.687, 1.011e-3
-1.688, 1.011e-3
-1.689, 1.011e-3
-1.690, 1.011e-3
-1.691, 1.011e-3
-1.692, 1.011e-3
-1.693, 1.011e-3
-1.694, 1.011e-3
-1.695, 1.011e-3
-1.696, 1.011e-3
-1.697, 1.011e-3
-1.698, 1.011e-3
-1.699, 1.011e-3
-1.700, 1.011e-3
-1.701, 1.011e-3
-1.702, 1.011e-3
-1.703, 1.011e-3
-1.704, 1.011e-3
-1.705, 1.011e-3
-1.706, 1.011e-3
-1.707, 1.011e-3
-1.708, 1.011e-3
-1.709, 1.011e-3
-1.710, 1.011e-3
-1.711, 1.011e-3
-1.712, 1.011e-3
-1.713, 1.011e-3
-1.714, 1.011e-3
-1.715, 1.011e-3
-1.716, 1.011e-3
-1.717, 1.011e-3
-1.718, 1.011e-3
-1.719, 1.011e-3
-1.720, 1.011e-3
-1.721, 1.011e-3
-1.722, 1.011e-3
-1.723, 1.011e-3
-1.724, 1.011e-3
-1.725, 1.011e-3
-1.726, 1.011e-3
-1.727, 1.011e-3
-1.728, 1.011e-3
-1.729, 1.011e-3
-1.730, 1.011e-3
-1.731, 1.011e-3
-1.732, 1.011e-3
-1.733, 1.011e-3
-1.734, 1.011e-3
-1.735, 1.011e-3
-1.736, 1.011e-3
-1.737, 1.011e-3
-1.738, 1.011e-3
-1.739, 1.011e-3
-1.740, 1.011e-3
-1.741, 1.011e-3
-1.742, 1.011e-3
-1.743, 1.011e-3
-1.744, 1.011e-3
-1.745, 1.011e-3
-1.746, 1.011e-3
-1.747, 1.011e-3
-1.748, 1.011e-3
-1.749, 1.011e-3
-1.750, 1.011e-3
-1.751, 1.011e-3
-1.752, 1.011e-3
-1.753, 1.011e-3
-1.754, 1.011e-3
-1.755, 1.011e-3
-1.756, 1.011e-3
-1.757, 1.011e-3
-1.758, 1.011e-3
-1.759, 1.011e-3
-1.760, 1.011e-3
-1.761, 1.011e-3
-1.762, 1.011e-3
-1.763, 1.011e-3
-1.764, 1.011e-3
-1.765, 1.011e-3
-1.766, 1.011e-3
-1.767, 1.011e-3
-1.768, 1.011e-3
-1.769, 1.011e-3
-1.770, 1.011e-3
-1.771, 1.011e-3
-1.772, 1.011e-3
-1.773, 1.011e-3
-1.774, 1.011e-3
-1.775, 1.011e-3
-1.776, 1.011e-3
-1.777, 1.011e-3
-1.778, 1.011e-3
-1.779, 1.011e-3
-1.780, 1.011e-3
-1.781, 1.011e-3
-1.782, 1.011e-3
-1.783, 1.011e-3
-1.784, 1.011e-3
-1.785, 1.011e-3
-1.786, 1.011e-3
-1.787, 1.011e-3
-1.788, 1.011e-3
-1.789, 1.011e-3
-1.790, 1.011e-3
-1.791, 1.011e-3
-1.792, 1.011e-3
-1.793, 1.011e-3
-1.794, 1.011e-3
-1.795, 1.011e-3
-1.796, 1.011e-3
-1.797, 1.011e-3
-1.798, 1.011e-3
-1.799, 1.011e-3
-1.800, 1.011e-3
-1.801, 1.011e-3
-1.802, 1.011e-3
-1.803, 1.011e-3
-1.804, 1.011e-3
-1.805, 1.011e-3
-1.806, 1.011e-3
-1.807, 1.011e-3
-1.808, 1.011e-3
-1.809, 1.011e-3
-1.810, 1.011e-3
-1.811, 1.011e-3
-1.812, 1.011e-3
-1.813, 1.011e-3
-1.814, 1.011e-3
-1.815, 1.011e-3
-1.816, 1.011e-3
-1.817, 1.011e-3
-1.818, 1.011e-3
-1.819, 1.011e-3
-1.820, 1.011e-3
-1.821, 1.011e-3
-1.822, 1.011e-3
-1.823, 1.011e-3
-1.824, 1.011e-3
-1.825, 1.011e-3
-1.826, 1.011e-3
-1.827, 1.011e-3
-1.828, 1.011e-3
-1.829, 1.011e-3
-1.830, 1.011e-3
-1.831, 1.011e-3
-1.832, 1.011e-3
-1.833, 1.011e-3
-1.834, 1.011e-3
-1.835, 1.011e-3
-1.836, 1.011e-3
-1.837, 1.011e-3
-1.838, 1.011e-3
-1.839, 1.011e-3
-1.840, 1.011e-3
-1.841, 1.011e-3
-1.842, 1.011e-3
-1.843, 1.011e-3
-1.844, 1.011e-3
-1.845, 1.011e-3
-1.846, 1.011e-3
-1.847, 1.011e-3
-1.848, 1.011e-3
-1.849, 1.011e-3
-1.850, 1.011e-3
-1.851, 1.011e-3
-1.852, 1.011e-3
-1.853, 1.011e-3
-1.854, 1.011e-3
-1.855, 1.011e-3
-1.856, 1.011e-3
-1.857, 1.011e-3
-1.858, 1.011e-3
-1.859, 1.011e-3
-1.860, 1.011e-3
-1.861, 1.011e-3
-1.862, 1.011e-3
-1.863, 1.011e-3
-1.864, 1.011e-3
-1.865, 1.011e-3
-1.866, 1.011e-3
-1.867, 1.011e-3
-1.868, 1.011e-3
-1.869, 1.011e-3
-1.870, 1.011e-3
-1.871, 1.011e-3
-1.872, 1.011e-3
-1.873, 1.011e-3
-1.874, 1.011e-3
-1.875, 1.011e-3
-1.876, 1.011e-3
-1.877, 1.011e-3
-1.878, 1.011e-3
-1.879, 1.011e-3
-1.880, 1.011e-3
-1.881, 1.011e-3
-1.882, 1.011e-3
-1.883, 1.011e-3
-1.884, 1.011e-3
-1.885, 1.011e-3
-1.886, 1.011e-3
-1.887, 1.011e-3
-1.888, 1.011e-3
-1.889, 1.011e-3
-1.890, 1.011e-3
-1.891, 1.011e-3
-1.892, 1.011e-3
-1.893, 1.011e-3
-1.894, 1.011e-3
-1.895, 1.011e-3
-1.896, 1.011e-3
-1.897, 1.011e-3
-1.898, 1.011e-3
-1.899, 1.011e-3
-1.900, 1.011e-3
-1.901, 1.011e-3
-1.902, 1.011e-3
-1.903, 1.011e-3
-1.904, 1.011e-3
-1.905, 1.011e-3
-1.906, 1.011e-3
-1.907, 1.011e-3
-1.908, 1.011e-3
-1.909, 1.011e-3
-1.910, 1.011e-3
-1.911, 1.011e-3
-1.912, 1.011e-3
-1.913, 1.011e-3
-1.914, 1.011e-3
-1.915, 1.011e-3
-1.916, 1.011e-3
-1.917, 1.011e-3
-1.918, 1.011e-3
-1.919, 1.011e-3
-1.920, 1.011e-3
-1.921, 1.011e-3
-1.922, 1.011e-3
-1.923, 1.011e-3
-1.924, 1.011e-3
-1.925, 1.011e-3
-1.926, 1.011e-3
-1.927, 1.011e-3
-1.928, 1.011e-3
-1.929, 1.011e-3
-1.930, 1.011e-3
-1.931, 1.011e-3
-1.932, 1.011e-3
-1.933, 1.011e-3
-1.934, 1.011e-3
-1.935, 1.011e-3
-1.936, 1.011e-3
-1.937, 1.011e-3
-1.938, 1.011e-3
-1.939, 1.011e-3
-1.940, 1.011e-3
-1.941, 1.011e-3
-1.942, 1.011e-3
-1.943, 1.011e-3
-1.944, 1.011e-3
-1.945, 1.011e-3
-1.946, 1.011e-3
-1.947, 1.011e-3
-1.948, 1.011e-3
-1.949, 1.011e-3
-1.950, 1.011e-3
-1.951, 1.011e-3
-1.952, 1.011e-3
-1.953, 1.011e-3
-1.954, 1.011e-3
-1.955, 1.011e-3
-1.956, 1.011e-3
-1.957, 1.011e-3
-1.958, 1.011e-3
-1.959, 1.011e-3
-1.960, 1.011e-3
-1.961, 1.011e-3
-1.962, 1.011e-3
-1.963, 1.011e-3
-1.964, 1.011e-3
-1.965, 1.011e-3
-1.966, 1.011e-3
-1.967, 1.011e-3
-1.968, 1.011e-3
-1.969, 1.011e-3
-1.970, 1.011e-3
-1.971, 1.011e-3
-1.972, 1.011e-3
-1.973, 1.011e-3
-1.974, 1.011e-3
-1.975, 1.011e-3
-1.976, 1.011e-3
-1.977, 1.011e-3
-1.978, 1.011e-3
-1.979, 1.011e-3
-1.980, 1.011e-3
-1.981, 1.011e-3
-1.982, 1.011e-3
-1.983, 1.011e-3
-1.984, 1.011e-3
-1.985, 1.011e-3
-1.986, 1.011e-3
-1.987, 1.011e-3
-1.988, 1.011e-3
-1.989, 1.011e-3
-1.990, 1.011e-3
-1.991, 1.011e-3
-1.992, 1.011e-3
-1.993, 1.011e-3
-1.994, 1.011e-3
-1.995, 1.011e-3
-1.996, 1.011e-3
-1.997, 1.011e-3
-1.998, 1.011e-3
-1.999, 1.011e-3
-2.000, 1.011e-3
-2.001, 1.011e-3
-2.002, 1.011e-3
-2.003, 1.011e-3
-2.004, 1.011e-3
-2.005, 1.011e-3
-2.006, 1.011e-3
-2.007, 1.011e-3
-2.008, 1.011e-3
-2.009, 1.011e-3
-2.010, 1.011e-3
-2.011, 1.011e-3
-2.012, 1.011e-3
-2.013, 1.011e-3
-2.014, 1.011e-3
-2.015, 1.011e-3
-2.016, 1.011e-3
-2.017, 1.011e-3
-2.018, 1.011e-3
-2.019, 1.011e-3
-2.020, 1.011e-3
-2.021, 1.011e-3
-2.022, 1.011e-3
-2.023, 1.011e-3
-2.024, 1.011e-3
-2.025, 1.011e-3
-2.026, 1.011e-3
-2.027, 1.011e-3
-2.028, 1.011e-3
-2.029, 1.011e-3
-2.030, 1.011e-3
-2.031, 1.011e-3
-2.032, 1.011e-3
-2.033, 1.011e-3
-2.034, 1.011e-3
-2.035, 1.011e-3
-2.036, 1.011e-3
-2.037, 1.011e-3
-2.038, 1.011e-3
-2.039, 1.011e-3
-2.040, 1.011e-3
-2.041, 1.011e-3
-2.042, 1.011e-3
-2.043, 1.011e-3
-2.044, 1.011e-3
-2.045, 1.011e-3
-2.046, 1.011e-3
-2.047, 1.011e-3
-2.048, 1.011e-3
-2.049, 1.011e-3
-2.050, 1.011e-3
-2.051, 1.011e-3
-2.052, 1.011e-3
-2.053, 1.011e-3
-2.054, 1.011e-3
-2.055, 1.011e-3
-2.056, 1.011e-3
-2.057, 1.011e-3
-2.058, 1.011e-3
-2.059, 1.011e-3
-2.060, 1.011e-3
-2.061, 1.011e-3
-2.062, 1.011e-3
-2.063, 1.011e-3
-2.064, 1.011e-3
-2.065, 1.011e-3
-2.066, 1.011e-3
-2.067, 1.011e-3
-2.068, 1.011e-3
-2.069, 1.011e-3
-2.070, 1.011e-3
-2.071, 1.011e-3
-2.072, 1.011e-3
-2.073, 1.011e-3
-2.074, 1.011e-3
-2.075, 1.011e-3
-2.076, 1.011e-3
-2.077, 1.011e-3
-2.078, 1.011e-3
-2.079, 1.011e-3
-2.080, 1.011e-3
-2.081, 1.011e-3
-2.082, 1.011e-3
-2.083, 1.011e-3
-2.084, 1.011e-3
-2.085, 1.011e-3
-2.086, 1.011e-3
-2.087, 1.011e-3
-2.088, 1.011e-3
-2.089, 1.011e-3
-2.090, 1.011e-3
-2.091, 1.011e-3
-2.092, 1.011e-3
-2.093, 1.011e-3
-2.094, 1.011e-3
-2.095, 1.011e-3
-2.096, 1.011e-3
-2.097, 1.011e-3
-2.098, 1.011e-3
-2.099, 1.011e-3
-2.100, 1.011e-3
-2.101, 1.011e-3
-2.102, 1.011e-3
-2.103, 1.011e-3
-2.104, 1.011e-3
-2.105, 1.011e-3
-2.106, 1.011e-3
-2.107, 1.011e-3
-2.108, 1.011e-3
-2.109, 1.011e-3
-2.110, 1.011e-3
-2.111, 1.011e-3
-2.112, 1.011e-3
-2.113, 1.011e-3
-2.114, 1.011e-3
-2.115, 1.011e-3
-2.116, 1.011e-3
-2.117, 1.011e-3
-2.118, 1.011e-3
-2.119, 1.011e-3
-2.120, 1.011e-3
-2.121, 1.011e-3
-2.122, 1.011e-3
-2.123, 1.011e-3
-2.124, 1.011e-3
-2.125, 1.011e-3
-2.126, 1.011e-3
-2.127, 1.011e-3
-2.128, 1.011e-3
-2.129, 1.011e-3
-2.130, 1.011e-3
-2.131, 1.011e-3
-2.132, 1.011e-3
-2.133, 1.011e-3
-2.134, 1.011e-3
-2.135, 1.011e-3
-2.136, 1.011e-3
-2.137, 1.011e-3
-2.138, 1.011e-3
-2.139, 1.011e-3
-2.140, 1.011e-3
-2.141, 1.011e-3
-2.142, 1.011e-3
-2.143, 1.011e-3
-2.144, 1.011e-3
-2.145, 1.011e-3
-2.146, 1.011e-3
-2.147, 1.011e-3
-2.148, 1.011e-3
-2.149, 1.011e-3
-2.150, 1.011e-3
-2.151, 1.011e-3
-2.152, 1.011e-3
-2.153, 1.011e-3
-2.154, 1.011e-3
-2.155, 1.011e-3
-2.156, 1.011e-3
-2.157, 1.011e-3
-2.158, 1.011e-3
-2.159, 1.011e-3
-2.160, 1.011e-3
-2.161, 1.011e-3
-2.162, 1.011e-3
-2.163, 1.011e-3
-2.164, 1.011e-3
-2.165, 1.011e-3
-2.166, 1.011e-3
-2.167, 1.011e-3
-2.168, 1.011e-3
-2.169, 1.011e-3
-2.170, 1.011e-3
-2.171, 1.011e-3
-2.172, 1.011e-3
-2.173, 1.011e-3
-2.174, 1.011e-3
-2.175, 1.011e-3
-2.176, 1.011e-3
-2.177, 1.011e-3
-2.178, 1.011e-3
-2.179, 1.011e-3
-2.180, 1.011e-3
-2.181, 1.011e-3
-2.182, 1.011e-3
-2.183, 1.011e-3
-2.184, 1.011e-3
-2.185, 1.011e-3
-2.186, 1.011e-3
-2.187, 1.011e-3
-2.188, 1.011e-3
-2.189, 1.011e-3
-2.190, 1.011e-3
-2.191, 1.011e-3
-2.192, 1.011e-3
-2.193, 1.011e-3
-2.194, 1.011e-3
-2.195, 1.011e-3
-2.196, 1.011e-3
-2.197, 1.011e-3
-2.198, 1.011e-3
-2.199, 1.011e-3
-2.200, 1.011e-3
-2.201, 1.011e-3
-2.202, 1.011e-3
-2.203, 1.011e-3
-2.204, 1.011e-3
-2.205, 1.011e-3
-2.206, 1.011e-3
-2.207, 1.011e-3
-2.208, 1.011e-3
-2.209, 1.011e-3
-2.210, 1.011e-3
-2.211, 1.011e-3
-2.212, 1.011e-3
-2.213, 1.011e-3
-2.214, 1.011e-3
-2.215, 1.011e-3
-2.216, 1.011e-3
-2.217, 1.011e-3
-2.218, 1.011e-3
-2.219, 1.011e-3
-2.220, 1.011e-3
-2.221, 1.011e-3
-2.222, 1.011e-3
-2.223, 1.011e-3
-2.224, 1.011e-3
-2.225, 1.011e-3
-2.226, 1.011e-3
-2.227, 1.011e-3
-2.228, 1.011e-3
-2.229, 1.011e-3
-2.230, 1.011e-3
-2.231, 1.011e-3
-2.232, 1.011e-3
-2.233, 1.011e-3
-2.234, 1.011e-3
-2.235, 1.011e-3
-2.236, 1.011e-3
-2.237, 1.011e-3
-2.238, 1.011e-3
-2.239, 1.011e-3
-2.240, 1.011e-3
-2.241, 1.011e-3
-2.242, 1.011e-3
-2.243, 1.011e-3
-2.244, 1.011e-3
-2.245, 1.011e-3
-2.246, 1.011e-3
-2.247, 1.011e-3
-2.248, 1.011e-3
-2.249, 1.011e-3
-2.250, 1.011e-3
-2.251, 1.011e-3
-2.252, 1.011e-3
-2.253, 1.011e-3
-2.254, 1.011e-3
-2.255, 1.011e-3
-2.256, 1.011e-3
-2.257, 1.011e-3
-2.258, 1.011e-3
-2.259, 1.011e-3
-2.260, 1.011e-3
-2.261, 1.011e-3
-2.262, 1.011e-3
-2.263, 1.011e-3
-2.264, 1.011e-3
-2.265, 1.011e-3
-2.266, 1.011e-3
-2.267, 1.011e-3
-2.268, 1.011e-3
-2.269, 1.011e-3
-2.270, 1.011e-3
-2.271, 1.011e-3
-2.272, 1.011e-3
-2.273, 1.011e-3
-2.274, 1.011e-3
-2.275, 1.011e-3
-2.276, 1.011e-3
-2.277, 1.011e-3
-2.278, 1.011e-3
-2.279, 1.011e-3
-2.280, 1.011e-3
-2.281, 1.011e-3
-2.282, 1.011e-3
-2.283, 1.011e-3
-2.284, 1.011e-3
-2.285, 1.011e-3
-2.286, 1.011e-3
-2.287, 1.011e-3
-2.288, 1.011e-3
-2.289, 1.011e-3
-2.290, 1.011e-3
-2.291, 1.011e-3
-2.292, 1.011e-3
-2.293, 1.011e-3
-2.294, 1.011e-3
-2.295, 1.011e-3
-2.296, 1.011e-3
-2.297, 1.011e-3
-2.298, 1.011e-3
-2.299, 1.011e-3
