Potential V vs RHE, Current mA cm-2
0.013299999999999867,-0.04582249900262853
0.012299999999999978,-0.04582249900262853
0.011299999999999866,-0.04582249900262853
0.010299999999999976,-0.04582249900262853
0.009299999999999864,-0.04582249900262853
0.008299999999999974,-0.04582249900262853
0.007299999999999862,-0.04582249900262853
0.006299999999999972,-0.04582249900262853
0.00529999999999986,-0.04582249900262853
0.0042999999999999705,-0.04582249900262853
0.0032999999999998586,-0.04582249900262853
0.0022999999999999687,-0.08943804837746762
0.0012999999999998568,-0.04582249900262853
0.00029999999999996696,-0.08943804837746762
-0.000700000000000145,-0.04582249900262853
-0.0017000000000000348,-0.04582249900262853
-0.0027000000000001467,-0.04582249900262853
-0.0037000000000000366,-0.04582249900262853
-0.0047000000000001485,-0.04582249900262853
-0.005700000000000038,-0.04582249900262853
-0.00670000000000015,-0.04582249900262853
-0.00770000000000004,-0.04582249900262853
-0.008700000000000152,-0.04582249900262853
-0.009700000000000042,-0.04582249900262853
-0.010700000000000154,-0.04582249900262853
-0.011700000000000044,-0.04582249900262853
-0.012700000000000156,-0.04582249900262853
-0.013700000000000045,-0.04582249900262853
-0.014700000000000157,-0.04582249900262853
-0.015700000000000047,-0.08943804837746762
-0.01670000000000016,-0.04582249900262853
-0.01770000000000005,-0.04582249900262853
-0.01870000000000016,-0.04582249900262853
-0.01970000000000005,-0.04582249900262853
-0.020700000000000163,-0.04582249900262853
-0.021700000000000053,-0.04582249900262853
-0.022700000000000164,-0.04582249900262853
-0.023700000000000054,-0.08943804837746762
-0.024700000000000166,-0.08943804837746762
-0.025700000000000056,-0.08943804837746762
-0.026700000000000168,-0.08943804837746762
-0.027700000000000058,-0.08943804837746762
-0.02870000000000017,-0.08943804837746762
-0.02970000000000006,-0.04582249900262853
-0.03070000000000017,-0.04582249900262853
-0.03170000000000006,-0.04582249900262853
-0.03270000000000017,-0.08943804837746762
-0.03370000000000006,-0.04582249900262853
-0.034700000000000175,-0.08943804837746762
-0.035700000000000065,-0.04582249900262853
-0.03670000000000018,-0.08943804837746762
-0.03770000000000007,-0.08943804837746762
-0.03870000000000018,-0.08943804837746762
-0.03970000000000007,-0.08943804837746762
-0.04070000000000018,-0.08943804837746762
-0.04170000000000007,-0.04582249900262853
-0.04270000000000018,-0.04582249900262853
-0.04370000000000007,-0.08943804837746762
-0.044700000000000184,-0.04582249900262853
-0.045700000000000074,-0.08943804837746762
-0.046700000000000186,-0.04582249900262853
-0.047700000000000076,-0.08943804837746762
-0.04870000000000019,-0.04582249900262853
-0.04970000000000008,-0.08943804837746762
-0.05070000000000019,-0.04582249900262853
-0.05170000000000008,-0.04582249900262853
-0.05270000000000019,-0.08943804837746762
-0.05370000000000008,-0.08943804837746762
-0.05470000000000019,-0.08943804837746762
-0.05570000000000008,-0.04582249900262853
-0.056700000000000195,-0.04582249900262853
-0.057700000000000085,-0.08943804837746762
-0.058700000000000196,-0.04582249900262853
-0.059700000000000086,-0.08943804837746762
-0.0607000000000002,-0.08943804837746762
-0.06170000000000009,-0.08943804837746762
-0.0627000000000002,-0.04582249900262853
-0.06370000000000009,-0.08943804837746762
-0.0647000000000002,-0.08943804837746762
-0.06570000000000009,-0.08943804837746762
-0.0667000000000002,-0.08943804837746762
-0.0677000000000001,-0.08943804837746762
-0.0687000000000002,-0.08943804837746762
-0.0697000000000001,-0.08943804837746762
-0.07070000000000021,-0.08943804837746762
-0.0717000000000001,-0.08943804837746762
-0.07270000000000021,-0.08943804837746762
-0.0737000000000001,-0.08943804837746762
-0.07470000000000021,-0.08943804837746762
-0.0757000000000001,-0.08943804837746762
-0.07670000000000021,-0.08943804837746762
-0.0777000000000001,-0.04582249900262853
-0.07870000000000021,-0.08943804837746762
-0.0797000000000001,-0.04582249900262853
-0.08070000000000022,-0.08943804837746762
-0.0817000000000001,-0.08943804837746762
-0.08270000000000022,-0.08943804837746762
-0.08370000000000011,-0.08943804837746762
-0.08470000000000022,-0.08943804837746762
-0.08570000000000011,-0.08943804837746762
-0.08670000000000022,-0.08943804837746762
-0.08770000000000011,-0.08943804837746762
-0.08870000000000022,-0.08943804837746762
-0.08970000000000011,-0.08943804837746762
-0.09070000000000022,-0.08943804837746762
-0.09170000000000011,-0.08943804837746762
-0.09270000000000023,-0.08943804837746762
-0.09370000000000012,-0.08943804837746762
-0.09470000000000023,-0.08943804837746762
-0.09570000000000012,-0.08943804837746762
-0.09670000000000023,-0.08943804837746762
-0.09770000000000012,-0.08943804837746762
-0.09870000000000023,-0.08943804837746762
-0.09970000000000012,-0.08943804837746762
-0.10070000000000023,-0.08943804837746762
-0.10170000000000012,-0.08943804837746762
-0.10270000000000024,-0.08943804837746762
-0.10370000000000013,-0.08943804837746762
-0.10470000000000024,-0.08943804837746762
-0.10570000000000013,-0.08943804837746762
-0.10670000000000024,-0.08943804837746762
-0.10770000000000013,-0.08943804837746762
-0.10870000000000024,-0.08943804837746762
-0.10970000000000013,-0.08943804837746762
-0.11070000000000024,-0.08943804837746762
-0.11170000000000013,-0.08943804837746762
-0.11270000000000002,-0.08943804837746762
-0.11370000000000013,-0.08943804837746762
-0.11470000000000002,-0.08943804837746762
-0.11570000000000014,-0.08943804837746762
-0.11670000000000003,-0.08943804837746762
-0.11770000000000014,-0.08943804837746762
-0.11870000000000003,-0.08943804837746762
-0.11970000000000014,-0.08943804837746762
-0.12070000000000003,-0.08943804837746762
-0.12170000000000014,-0.08943804837746762
-0.12270000000000003,-0.08943804837746762
-0.12370000000000014,-0.08943804837746762
-0.12470000000000003,-0.08943804837746762
-0.12570000000000014,-0.08943804837746762
-0.12670000000000003,-0.08943804837746762
-0.12770000000000015,-0.08943804837746762
-0.12870000000000004,-0.08943804837746762
-0.12970000000000015,-0.08943804837746762
-0.13070000000000004,-0.08943804837746762
-0.13170000000000015,-0.08943804837746762
-0.13270000000000004,-0.08943804837746762
-0.13370000000000015,-0.08943804837746762
-0.13470000000000004,-0.08943804837746762
-0.13570000000000015,-0.08943804837746762
-0.13670000000000004,-0.08943804837746762
-0.13770000000000016,-0.08943804837746762
-0.13870000000000005,-0.08943804837746762
-0.13970000000000016,-0.08943804837746762
-0.14070000000000005,-0.08943804837746762
-0.14170000000000016,-0.08943804837746762
-0.14270000000000005,-0.08943804837746762
-0.14370000000000016,-0.08943804837746762
-0.14470000000000005,-0.08943804837746762
-0.14570000000000016,-0.08943804837746762
-0.14670000000000005,-0.08943804837746762
-0.14770000000000016,-0.08943804837746762
-0.14870000000000005,-0.08943804837746762
-0.14970000000000017,-0.08943804837746762
-0.15070000000000006,-0.08943804837746762
-0.15170000000000017,-0.08943804837746762
-0.15270000000000006,-0.08943804837746762
-0.15370000000000017,-0.08943804837746762
-0.15470000000000006,-0.08943804837746762
-0.15570000000000017,-0.08943804837746762
-0.15670000000000006,-0.08943804837746762
-0.15770000000000017,-0.08943804837746762
-0.15870000000000006,-0.08943804837746762
-0.15970000000000018,-0.08943804837746762
-0.16070000000000007,-0.08943804837746762
-0.16170000000000018,-0.08943804837746762
-0.16270000000000007,-0.1330535977523067
-0.16370000000000018,-0.08943804837746762
-0.16470000000000007,-0.08943804837746762
-0.16570000000000018,-0.08943804837746762
-0.16670000000000007,-0.08943804837746762
-0.16770000000000018,-0.08943804837746762
-0.16870000000000007,-0.08943804837746762
-0.16970000000000018,-0.08943804837746762
-0.17070000000000007,-0.08943804837746762
-0.17170000000000019,-0.08943804837746762
-0.17270000000000008,-0.08943804837746762
-0.1737000000000002,-0.08943804837746762
-0.17470000000000008,-0.08943804837746762
-0.1757000000000002,-0.08943804837746762
-0.17670000000000008,-0.08943804837746762
-0.1777000000000002,-0.08943804837746762
-0.17870000000000008,-0.08943804837746762
-0.1797000000000002,-0.08943804837746762
-0.18070000000000008,-0.08943804837746762
-0.1817000000000002,-0.08943804837746762
-0.18270000000000008,-0.08943804837746762
-0.1837000000000002,-0.08943804837746762
-0.1847000000000001,-0.08943804837746762
-0.1857000000000002,-0.08943804837746762
-0.1867000000000001,-0.08943804837746762
-0.1877000000000002,-0.1330535977523067
-0.1887000000000001,-0.08943804837746762
-0.1897000000000002,-0.1330535977523067
-0.1907000000000001,-0.08943804837746762
-0.1917000000000001,-0.08943804837746762
-0.19269999999999998,-0.08943804837746762
-0.1937000000000001,-0.1330535977523067
-0.19469999999999998,-0.08943804837746762
-0.1957000000000001,-0.08943804837746762
-0.19669999999999999,-0.08943804837746762
-0.1977000000000001,-0.1330535977523067
-0.1987,-0.08943804837746762
-0.1997000000000001,-0.1330535977523067
-0.2007,-0.1330535977523067
-0.2017000000000001,-0.1330535977523067
-0.2027,-0.08943804837746762
-0.2037000000000001,-0.1330535977523067
-0.2047,-0.08943804837746762
-0.2057000000000001,-0.08943804837746762
-0.2067,-0.1330535977523067
-0.2077000000000001,-0.08943804837746762
-0.2087,-0.08943804837746762
-0.2097000000000001,-0.1330535977523067
-0.2107,-0.08943804837746762
-0.2117000000000001,-0.1330535977523067
-0.2127,-0.08943804837746762
-0.2137000000000001,-0.1330535977523067
-0.2147,-0.1330535977523067
-0.2157000000000001,-0.1330535977523067
-0.2167,-0.08943804837746762
-0.21770000000000012,-0.1330535977523067
-0.2187,-0.08943804837746762
-0.21970000000000012,-0.08943804837746762
-0.2207,-0.1330535977523067
-0.22170000000000012,-0.08943804837746762
-0.2227,-0.1330535977523067
-0.22370000000000012,-0.08943804837746762
-0.2247,-0.1330535977523067
-0.22570000000000012,-0.08943804837746762
-0.2267,-0.1330535977523067
-0.22770000000000012,-0.1330535977523067
-0.22870000000000001,-0.1330535977523067
-0.22970000000000013,-0.1330535977523067
-0.23070000000000002,-0.1330535977523067
-0.23170000000000013,-0.08943804837746762
-0.23270000000000002,-0.1330535977523067
-0.23370000000000013,-0.1330535977523067
-0.23470000000000002,-0.1330535977523067
-0.23570000000000013,-0.1330535977523067
-0.23670000000000002,-0.1330535977523067
-0.2376999999999999,-0.08943804837746762
-0.23870000000000002,-0.08943804837746762
-0.2396999999999999,-0.1330535977523067
-0.24070000000000003,-0.1330535977523067
-0.24169999999999991,-0.1330535977523067
-0.24270000000000003,-0.1330535977523067
-0.24369999999999992,-0.1330535977523067
-0.24470000000000003,-0.1330535977523067
-0.24569999999999992,-0.1330535977523067
-0.24670000000000003,-0.1330535977523067
-0.24769999999999992,-0.1330535977523067
-0.24870000000000003,-0.1330535977523067
-0.24969999999999992,-0.1330535977523067
-0.25070000000000003,-0.1330535977523067
-0.2516999999999999,-0.1330535977523067
-0.25270000000000004,-0.1330535977523067
-0.2536999999999999,-0.1330535977523067
-0.25470000000000004,-0.1330535977523067
-0.2556999999999999,-0.1330535977523067
-0.25670000000000004,-0.08943804837746762
-0.25769999999999993,-0.1330535977523067
-0.25870000000000004,-0.08943804837746762
-0.25969999999999993,-0.1330535977523067
-0.26070000000000004,-0.1330535977523067
-0.26169999999999993,-0.1330535977523067
-0.26270000000000004,-0.08943804837746762
-0.26369999999999993,-0.1330535977523067
-0.26470000000000005,-0.1330535977523067
-0.26569999999999994,-0.1330535977523067
-0.26670000000000005,-0.1330535977523067
-0.26769999999999994,-0.1330535977523067
-0.26870000000000005,-0.1330535977523067
-0.26969999999999994,-0.1330535977523067
-0.27070000000000005,-0.1330535977523067
-0.27169999999999994,-0.1330535977523067
-0.27270000000000005,-0.1330535977523067
-0.27369999999999994,-0.1330535977523067
-0.27470000000000006,-0.1330535977523067
-0.27569999999999995,-0.1330535977523067
-0.27670000000000006,-0.1330535977523067
-0.27769999999999995,-0.1330535977523067
-0.27870000000000006,-0.1330535977523067
-0.27969999999999995,-0.1330535977523067
-0.28070000000000006,-0.1330535977523067
-0.28169999999999995,-0.1330535977523067
-0.28270000000000006,-0.1330535977523067
-0.28369999999999995,-0.1330535977523067
-0.28470000000000006,-0.1330535977523067
-0.28569999999999995,-0.1330535977523067
-0.28670000000000007,-0.1330535977523067
-0.28769999999999996,-0.1330535977523067
-0.28870000000000007,-0.1330535977523067
-0.28969999999999996,-0.1330535977523067
-0.29070000000000007,-0.1330535977523067
-0.29169999999999996,-0.1330535977523067
-0.29270000000000007,-0.1330535977523067
-0.29369999999999996,-0.1330535977523067
-0.2947000000000001,-0.1330535977523067
-0.29569999999999996,-0.1330535977523067
-0.2967000000000001,-0.1330535977523067
-0.29769999999999996,-0.1330535977523067
-0.2987000000000001,-0.1330535977523067
-0.29969999999999997,-0.1330535977523067
-0.3007000000000001,-0.1330535977523067
-0.30169999999999997,-0.1330535977523067
-0.3027000000000001,-0.1330535977523067
-0.30369999999999997,-0.1330535977523067
-0.3047000000000001,-0.1330535977523067
-0.30569999999999997,-0.1330535977523067
-0.3067000000000001,-0.1330535977523067
-0.3077,-0.1330535977523067
-0.3087000000000001,-0.1330535977523067
-0.3097,-0.1330535977523067
-0.3107000000000001,-0.1330535977523067
-0.3117,-0.1330535977523067
-0.3127000000000001,-0.1330535977523067
-0.3137,-0.1330535977523067
-0.3147000000000001,-0.1330535977523067
-0.3157,-0.1330535977523067
-0.3167000000000001,-0.1330535977523067
-0.3177,-0.1330535977523067
-0.3187000000000001,-0.1330535977523067
-0.3197,-0.1330535977523067
-0.3207000000000001,-0.1330535977523067
-0.3217,-0.1330535977523067
-0.3227000000000001,-0.1330535977523067
-0.3237,-0.1330535977523067
-0.3247000000000001,-0.1330535977523067
-0.3257,-0.1330535977523067
-0.3267000000000001,-0.1330535977523067
-0.3277,-0.1766974413531431
-0.3287000000000001,-0.1330535977523067
-0.3297,-0.1330535977523067
-0.3307000000000001,-0.1330535977523067
-0.3317,-0.1330535977523067
-0.3327000000000001,-0.1330535977523067
-0.3337,-0.1330535977523067
-0.3347000000000001,-0.1330535977523067
-0.3357,-0.1330535977523067
-0.3367000000000001,-0.1330535977523067
-0.3377,-0.1330535977523067
-0.3387000000000001,-0.1330535977523067
-0.3397,-0.1330535977523067
-0.3407000000000001,-0.1766974413531431
-0.3417,-0.1766974413531431
-0.3427000000000001,-0.1330535977523067
-0.3437,-0.1330535977523067
-0.3447000000000001,-0.1330535977523067
-0.3457,-0.1330535977523067
-0.3467000000000001,-0.1330535977523067
-0.3477,-0.1330535977523067
-0.3487000000000001,-0.1330535977523067
-0.3497,-0.1766974413531431
-0.3507000000000001,-0.1330535977523067
-0.3517,-0.1330535977523067
-0.3527000000000001,-0.1330535977523067
-0.3537,-0.1330535977523067
-0.3547000000000001,-0.1766974413531431
-0.3557,-0.1330535977523067
-0.35670000000000013,-0.1330535977523067
-0.3577,-0.1330535977523067
-0.35870000000000013,-0.1330535977523067
-0.3597,-0.1330535977523067
-0.36070000000000013,-0.1766974413531431
-0.3617,-0.1330535977523067
-0.3626999999999999,-0.1330535977523067
-0.3637,-0.1330535977523067
-0.3646999999999999,-0.1330535977523067
-0.3657,-0.1330535977523067
-0.3666999999999999,-0.1766974413531431
-0.3677,-0.1766974413531431
-0.3686999999999999,-0.1766974413531431
-0.36970000000000003,-0.1766974413531431
-0.3706999999999999,-0.1766974413531431
-0.37170000000000003,-0.1330535977523067
-0.3726999999999999,-0.1766974413531431
-0.37370000000000003,-0.1766974413531431
-0.3746999999999999,-0.1766974413531431
-0.37570000000000003,-0.1330535977523067
-0.3766999999999999,-0.1330535977523067
-0.37770000000000004,-0.1330535977523067
-0.3786999999999999,-0.1766974413531431
-0.37970000000000004,-0.1766974413531431
-0.3806999999999999,-0.1330535977523067
-0.38170000000000004,-0.1766974413531431
-0.38269999999999993,-0.1766974413531431
-0.38370000000000004,-0.1330535977523067
-0.38469999999999993,-0.1766974413531431
-0.38570000000000004,-0.1766974413531431
-0.38669999999999993,-0.1330535977523067
-0.38770000000000004,-0.1766974413531431
-0.38869999999999993,-0.1330535977523067
-0.38970000000000005,-0.1766974413531431
-0.39069999999999994,-0.1766974413531431
-0.39170000000000005,-0.1766974413531431
-0.39269999999999994,-0.1766974413531431
-0.39370000000000005,-0.1766974413531431
-0.39469999999999994,-0.1766974413531431
-0.39570000000000005,-0.1766974413531431
-0.39669999999999994,-0.1766974413531431
-0.39770000000000005,-0.1766974413531431
-0.39869999999999994,-0.1330535977523067
-0.39970000000000006,-0.1766974413531431
-0.40069999999999995,-0.1766974413531431
-0.40170000000000006,-0.1766974413531431
-0.40269999999999995,-0.1766974413531431
-0.40370000000000006,-0.1766974413531431
-0.40469999999999995,-0.1766974413531431
-0.40570000000000006,-0.1766974413531431
-0.40669999999999995,-0.1766974413531431
-0.40770000000000006,-0.1766974413531431
-0.40869999999999995,-0.1766974413531431
-0.40970000000000006,-0.1766974413531431
-0.41069999999999995,-0.1766974413531431
-0.41170000000000007,-0.1766974413531431
-0.41269999999999996,-0.1766974413531431
-0.41370000000000007,-0.1766974413531431
-0.41469999999999996,-0.1766974413531431
-0.41570000000000007,-0.1766974413531431
-0.41669999999999996,-0.1766974413531431
-0.41770000000000007,-0.1766974413531431
-0.41869999999999996,-0.1766974413531431
-0.4197000000000001,-0.1766974413531431
-0.42069999999999996,-0.1766974413531431
-0.4217000000000001,-0.1766974413531431
-0.42269999999999996,-0.1766974413531431
-0.4237000000000001,-0.1766974413531431
-0.42469999999999997,-0.1766974413531431
-0.4257000000000001,-0.1766974413531431
-0.42669999999999997,-0.2202705493889862
-0.4277000000000001,-0.1766974413531431
-0.42869999999999997,-0.1766974413531431
-0.4297000000000001,-0.1766974413531431
-0.43069999999999997,-0.1766974413531431
-0.4317000000000001,-0.1766974413531431
-0.4327,-0.1766974413531431
-0.4337000000000001,-0.1766974413531431
-0.4347,-0.1766974413531431
-0.4357000000000001,-0.1766974413531431
-0.4367,-0.1766974413531431
-0.4377000000000001,-0.1766974413531431
-0.4387,-0.1766974413531431
-0.4397000000000001,-0.1766974413531431
-0.4407,-0.2202705493889862
-0.4417000000000001,-0.1766974413531431
-0.4427,-0.1766974413531431
-0.4437000000000001,-0.1766974413531431
-0.4447,-0.1766974413531431
-0.4457000000000001,-0.2202705493889862
-0.4467,-0.2202705493889862
-0.4477000000000001,-0.1766974413531431
-0.4487,-0.1766974413531431
-0.4497000000000001,-0.1766974413531431
-0.4507,-0.2202705493889862
-0.4517000000000001,-0.1766974413531431
-0.4527,-0.1766974413531431
-0.4537000000000001,-0.2202705493889862
-0.4547,-0.1766974413531431
-0.4557000000000001,-0.1766974413531431
-0.4567,-0.2202705493889862
-0.4577000000000001,-0.1766974413531431
-0.4587,-0.1766974413531431
-0.4597000000000001,-0.2202705493889862
-0.4607,-0.1766974413531431
-0.4617000000000001,-0.2202705493889862
-0.4627,-0.1766974413531431
-0.4637000000000001,-0.2202705493889862
-0.4647,-0.1766974413531431
-0.4657000000000001,-0.2202705493889862
-0.4667,-0.1766974413531431
-0.4677000000000001,-0.2202705493889862
-0.4687,-0.1766974413531431
-0.4697000000000001,-0.2202705493889862
-0.4707,-0.2202705493889862
-0.4717000000000001,-0.2202705493889862
-0.4727,-0.2202705493889862
-0.4737000000000001,-0.2202705493889862
-0.4747,-0.1766974413531431
-0.4757000000000001,-0.2202705493889862
-0.4767,-0.2202705493889862
-0.4777000000000001,-0.2202705493889862
-0.4787,-0.2202705493889862
-0.4797000000000001,-0.2202705493889862
-0.4807,-0.2202705493889862
-0.48170000000000013,-0.2202705493889862
-0.4827,-0.2202705493889862
-0.48370000000000013,-0.2202705493889862
-0.4847,-0.2202705493889862
-0.48570000000000013,-0.2202705493889862
-0.4867,-0.2202705493889862
-0.4876999999999999,-0.2202705493889862
-0.4887,-0.2202705493889862
-0.4896999999999999,-0.2202705493889862
-0.4907,-0.2202705493889862
-0.4916999999999999,-0.2202705493889862
-0.4927,-0.2202705493889862
-0.4936999999999999,-0.2202705493889862
-0.49470000000000003,-0.2202705493889862
-0.4956999999999999,-0.2202705493889862
-0.49670000000000003,-0.2202705493889862
-0.4976999999999999,-0.2202705493889862
-0.49870000000000003,-0.2202705493889862
-0.4996999999999999,-0.2202705493889862
-0.5007,-0.2202705493889862
-0.5016999999999999,-0.2202705493889862
-0.5027,-0.2202705493889862
-0.5036999999999999,-0.2202705493889862
-0.5047,-0.2202705493889862
-0.5056999999999999,-0.2202705493889862
-0.5067,-0.26384365742482935
-0.5076999999999999,-0.2202705493889862
-0.5087,-0.2202705493889862
-0.5096999999999999,-0.2202705493889862
-0.5107,-0.2202705493889862
-0.5116999999999999,-0.2202705493889862
-0.5127,-0.2202705493889862
-0.5136999999999999,-0.2202705493889862
-0.5147,-0.2202705493889862
-0.5156999999999999,-0.26384365742482935
-0.5167,-0.2202705493889862
-0.5176999999999999,-0.26384365742482935
-0.5187,-0.26384365742482935
-0.5196999999999999,-0.26384365742482935
-0.5207,-0.26384365742482935
-0.5216999999999999,-0.2202705493889862
-0.5227,-0.2202705493889862
-0.5236999999999999,-0.26384365742482935
-0.5247,-0.26384365742482935
-0.5257,-0.2202705493889862
-0.5267000000000001,-0.26384365742482935
-0.5277,-0.26384365742482935
-0.5287000000000001,-0.2202705493889862
-0.5297,-0.26384365742482935
-0.5307000000000001,-0.26384365742482935
-0.5317,-0.26384365742482935
-0.5327000000000001,-0.26384365742482935
-0.5337,-0.26384365742482935
-0.5347000000000001,-0.26384365742482935
-0.5357,-0.26384365742482935
-0.5367000000000001,-0.26384365742482935
-0.5377,-0.26384365742482935
-0.5387000000000001,-0.26384365742482935
-0.5397,-0.26384365742482935
-0.5407000000000001,-0.26384365742482935
-0.5417,-0.26384365742482935
-0.5427000000000001,-0.26384365742482935
-0.5437,-0.26384365742482935
-0.5447000000000001,-0.26384365742482935
-0.5457,-0.26384365742482935
-0.5467000000000001,-0.26384365742482935
-0.5477,-0.26384365742482935
-0.5487000000000001,-0.26384365742482935
-0.5497,-0.26384365742482935
-0.5507000000000001,-0.26384365742482935
-0.5517,-0.26384365742482935
-0.5527000000000001,-0.30755823659065895
-0.5537,-0.26384365742482935
-0.5547000000000001,-0.26384365742482935
-0.5557,-0.26384365742482935
-0.5567000000000001,-0.30755823659065895
-0.5577,-0.26384365742482935
-0.5587000000000001,-0.26384365742482935
-0.5597,-0.30755823659065895
-0.5607000000000001,-0.30755823659065895
-0.5617,-0.26384365742482935
-0.5627000000000001,-0.30755823659065895
-0.5637,-0.26384365742482935
-0.5647000000000001,-0.30755823659065895
-0.5657,-0.26384365742482935
-0.5667000000000001,-0.30755823659065895
-0.5677,-0.30755823659065895
-0.5687000000000001,-0.26384365742482935
-0.5697,-0.30755823659065895
-0.5707000000000001,-0.30755823659065895
-0.5717,-0.26384365742482935
-0.5727000000000001,-0.30755823659065895
-0.5737,-0.30755823659065895
-0.5747000000000001,-0.30755823659065895
-0.5757,-0.30755823659065895
-0.5767000000000001,-0.30755823659065895
-0.5777,-0.30755823659065895
-0.5787000000000001,-0.30755823659065895
-0.5797,-0.30755823659065895
-0.5807000000000001,-0.30755823659065895
-0.5817,-0.30755823659065895
-0.5827000000000001,-0.30755823659065895
-0.5837,-0.30755823659065895
-0.5847000000000001,-0.30755823659065895
-0.5857,-0.30755823659065895
-0.5867000000000001,-0.30755823659065895
-0.5877,-0.30755823659065895
-0.5887000000000001,-0.30755823659065895
-0.5897,-0.3511313446265021
-0.5907000000000001,-0.30755823659065895
-0.5917,-0.3511313446265021
-0.5927000000000001,-0.3511313446265021
-0.5937,-0.3511313446265021
-0.5947000000000001,-0.30755823659065895
-0.5957,-0.3511313446265021
-0.5967000000000001,-0.30755823659065895
-0.5977,-0.3511313446265021
-0.5987000000000001,-0.3511313446265021
-0.5997,-0.3511313446265021
-0.6007000000000001,-0.3511313446265021
-0.6017,-0.3511313446265021
-0.6027000000000001,-0.3511313446265021
-0.6037,-0.3511313446265021
-0.6047000000000001,-0.3511313446265021
-0.6057,-0.3511313446265021
-0.6067000000000001,-0.3511313446265021
-0.6077,-0.3511313446265021
-0.6087000000000001,-0.3511313446265021
-0.6097,-0.3947044526623452
-0.6107000000000001,-0.3511313446265021
-0.6117,-0.3511313446265021
-0.6126999999999999,-0.3947044526623452
-0.6137,-0.3947044526623452
-0.6146999999999999,-0.3947044526623452
-0.6157,-0.3947044526623452
-0.6166999999999999,-0.3947044526623452
-0.6177,-0.3947044526623452
-0.6186999999999999,-0.3947044526623452
-0.6197,-0.3947044526623452
-0.6206999999999999,-0.3947044526623452
-0.6217,-0.3947044526623452
-0.6226999999999999,-0.4384190318281749
-0.6237,-0.3947044526623452
-0.6246999999999999,-0.4384190318281749
-0.6257,-0.4384190318281749
-0.6266999999999999,-0.4384190318281749
-0.6277,-0.4384190318281749
-0.6286999999999999,-0.4384190318281749
-0.6297,-0.4384190318281749
-0.6306999999999999,-0.4384190318281749
-0.6317,-0.4384190318281749
-0.6326999999999999,-0.4384190318281749
-0.6337,-0.48199213986401795
-0.6346999999999999,-0.48199213986401795
-0.6357,-0.4384190318281749
-0.6366999999999999,-0.48199213986401795
-0.6377,-0.48199213986401795
-0.6386999999999999,-0.48199213986401795
-0.6397,-0.48199213986401795
-0.6406999999999999,-0.5255652478998613
-0.6417,-0.48199213986401795
-0.6426999999999999,-0.48199213986401795
-0.6437,-0.5255652478998613
-0.6446999999999999,-0.5255652478998613
-0.6457,-0.5255652478998613
-0.6466999999999999,-0.5255652478998613
-0.6477,-0.5255652478998613
-0.6486999999999999,-0.5692798270656908
-0.6497,-0.5255652478998613
-0.6507,-0.5255652478998613
-0.6517000000000001,-0.5692798270656908
-0.6527,-0.5692798270656908
-0.6537000000000001,-0.5692798270656908
-0.6547,-0.5692798270656908
-0.6557000000000001,-0.6128529351015338
-0.6567,-0.6128529351015338
-0.6577000000000001,-0.6128529351015338
-0.6587,-0.6128529351015338
-0.6597000000000001,-0.6564260431373771
-0.6607,-0.6564260431373771
-0.6617000000000001,-0.6564260431373771
-0.6627,-0.6564260431373771
-0.6637000000000001,-0.6564260431373771
-0.6647,-0.6564260431373771
-0.6657000000000001,-0.7001406223032067
-0.6667,-0.7001406223032067
-0.6677000000000001,-0.7001406223032067
-0.6687,-0.7437137303390498
-0.6697000000000001,-0.7437137303390498
-0.6707,-0.7437137303390498
-0.6717000000000001,-0.7437137303390498
-0.6727,-0.7437137303390498
-0.6737000000000001,-0.7872868383748929
-0.6747,-0.7872868383748929
-0.6757000000000001,-0.7872868383748929
-0.6767,-0.8308599464107361
-0.6777000000000001,-0.8308599464107361
-0.6787,-0.8308599464107361
-0.6797000000000001,-0.8308599464107361
-0.6807,-0.8308599464107361
-0.6817000000000001,-0.8745745255765657
-0.6827,-0.8745745255765657
-0.6837000000000001,-0.8745745255765657
-0.6847,-0.9181476336124089
-0.6857000000000001,-0.9181476336124089
-0.6867,-0.9617207416482519
-0.6877000000000001,-0.9181476336124089
-0.6887,-0.9617207416482519
-0.6897000000000001,-0.9617207416482519
-0.6907,-0.9617207416482519
-0.6917000000000001,-1.0054353208140816
-0.6927,-1.0054353208140816
-0.6937000000000001,-1.0054353208140816
-0.6947,-1.0490084288499246
-0.6957000000000001,-1.0490084288499246
-0.6967,-1.0490084288499246
-0.6977000000000001,-1.0925815368857679
-0.6987,-1.0925815368857679
-0.6997000000000001,-1.0925815368857679
-0.7007,-1.0925815368857679
-0.7017000000000001,-1.1362961160515976
-0.7027,-1.1362961160515976
-0.7037000000000001,-1.1798692240874404
-0.7047,-1.1362961160515976
-0.7057000000000001,-1.1798692240874404
-0.7067,-1.1798692240874404
-0.7077000000000001,-1.2234423321232837
-0.7087,-1.2234423321232837
-0.7097000000000001,-1.2234423321232837
-0.7107,-1.2671569112891135
-0.7117000000000001,-1.2671569112891135
-0.7127,-1.2671569112891135
-0.7137000000000001,-1.3107300193249565
-0.7147,-1.3107300193249565
-0.7157000000000001,-1.3107300193249565
-0.7167,-1.3107300193249565
-0.7177000000000001,-1.3543031273607997
-0.7187,-1.3543031273607997
-0.7197000000000001,-1.3543031273607997
-0.7207,-1.3543031273607997
-0.7217000000000001,-1.3980177065266295
-0.7227,-1.3980177065266295
-0.7237000000000001,-1.3980177065266295
-0.7247,-1.3980177065266295
-0.7257000000000001,-1.4415908145624723
-0.7267,-1.4415908145624723
-0.7277000000000001,-1.4415908145624723
-0.7287,-1.4415908145624723
-0.7297000000000001,-1.4854468648582886
-0.7307,-1.4854468648582886
-0.7317000000000001,-1.4854468648582886
-0.7327,-1.4854468648582886
-0.7337000000000001,-1.4854468648582886
-0.7347,-1.4854468648582886
-0.7357000000000001,-1.5293029151541047
-0.7367,-1.5293029151541047
-0.7376999999999999,-1.5293029151541047
-0.7387,-1.5293029151541047
-0.7396999999999999,-1.5293029151541047
-0.7407,-1.5717442541500557
-0.7416999999999999,-1.5717442541500557
-0.7427,-1.5717442541500557
-0.7436999999999999,-1.5717442541500557
-0.7447,-1.5717442541500557
-0.7456999999999999,-1.6156003044458718
-0.7467,-1.6156003044458718
-0.7476999999999999,-1.6156003044458718
-0.7487,-1.6156003044458718
-0.7496999999999999,-1.6594563547416883
-0.7507,-1.6594563547416883
-0.7516999999999999,-1.6594563547416883
-0.7527,-1.6594563547416883
-0.7536999999999999,-1.7033124050375041
-0.7547,-1.7033124050375041
-0.7556999999999999,-1.7033124050375041
-0.7567,-1.7471684553333202
-0.7576999999999999,-1.7471684553333202
-0.7587,-1.7471684553333202
-0.7596999999999999,-1.7910245056291363
-0.7607,-1.7910245056291363
-0.7616999999999999,-1.7910245056291363
-0.7627,-1.8334658446250875
-0.7636999999999999,-1.8334658446250875
-0.7647,-1.8334658446250875
-0.7656999999999999,-1.8334658446250875
-0.7667,-1.8773218949209036
-0.7676999999999999,-1.8773218949209036
-0.7687,-1.92117794521672
-0.7696999999999999,-1.92117794521672
-0.7707,-1.92117794521672
-0.7716999999999999,-1.9650339955125358
-0.7727,-1.9650339955125358
-0.7736999999999999,-2.008890045808352
-0.7747,-2.008890045808352
-0.7757,-2.008890045808352
-0.7767000000000001,-2.052746096104168
-0.7777,-2.052746096104168
-0.7787000000000001,-2.095187435100119
-0.7797,-2.095187435100119
-0.7807000000000001,-2.1390434853959355
-0.7817,-2.1390434853959355
-0.7827000000000001,-2.1828995356917518
-0.7837,-2.1828995356917518
-0.7847000000000001,-2.226755585987568
-0.7857,-2.226755585987568
-0.7867000000000001,-2.2706116362833835
-0.7877,-2.3144676865791998
-0.7887000000000001,-2.3144676865791998
-0.7897,-2.3569090255751513
-0.7907000000000001,-2.3569090255751513
-0.7917,-2.4007650758709675
-0.7927000000000001,-2.4007650758709675
-0.7937,-2.4446211261667834
-0.7947000000000001,-2.4884771764625997
-0.7957,-2.4884771764625997
-0.7967000000000001,-2.4884771764625997
-0.7977,-2.576189277054232
-0.7987000000000001,-2.576189277054232
-0.7997,-2.618630616050183
-0.8007000000000001,-2.662486666345999
-0.8017,-2.662486666345999
-0.8027000000000001,-2.706342716641815
-0.8037,-2.706342716641815
-0.8047000000000001,-2.7501987669376318
-0.8057,-2.794054817233447
-0.8067000000000001,-2.8379108675292635
-0.8077,-2.8379108675292635
-0.8087000000000001,-2.8803522065252145
-0.8097,-2.924208256821031
-0.8107000000000001,-2.968064307116847
-0.8117,-3.0119203574126634
-0.8127000000000001,-3.055776407708479
-0.8137,-3.055776407708479
-0.8147000000000001,-3.0996324580042955
-0.8157,-3.1420737970002466
-0.8167000000000001,-3.1859298472960624
-0.8177,-3.2297858975918787
-0.8187000000000001,-3.273641947887695
-0.8197,-3.317497998183511
-0.8207000000000001,-3.361354048479327
-0.8217,-3.361354048479327
-0.8227000000000001,-3.447651437771094
-0.8237,-3.447651437771094
-0.8247000000000001,-3.5353635383627267
-0.8257,-3.579219588658543
-0.8267000000000001,-3.623075638954359
-0.8277,-3.6655169779503103
-0.8287000000000001,-3.7093730282461257
-0.8297,-3.7532290785419424
-0.8307000000000001,-3.840941179133574
-0.8317,-3.840941179133574
-0.8327000000000001,-3.927238568425342
-0.8337,-3.971094618721158
-0.8347000000000001,-4.014950669016974
-0.8357,-4.0588067193127895
-0.8367000000000001,-4.146518819904423
-0.8377,-4.1889601589003735
-0.8387000000000001,-4.23281620919619
-0.8397,-4.3205283097878215
-0.8407000000000001,-4.364384360083638
-0.8417,-4.450681749375406
-0.8427000000000001,-4.494537799671222
-0.8437,-4.538393849967037
-0.8447000000000001,-4.626105950558669
-0.8457,-4.712403339850438
-0.8467000000000001,-4.756259390146253
-0.8477,-4.800115440442069
-0.8487000000000001,-4.887827541033701
-0.8497,-4.974124930325469
-0.8507000000000001,-5.017980980621284
-0.8517,-5.105693081212917
-0.8527000000000001,-5.149549131508733
-0.8537,-5.279702571096316
-0.8547000000000001,-5.323558621392133
-0.8557,-5.411270721983764
-0.8567000000000001,-5.497568111275533
-0.8577,-5.585280211867165
-0.8587000000000001,-5.672992312458796
-0.8597,-5.759289701750564
-0.8607000000000001,-5.847001802342197
-0.8617,-5.9347139029338285
-0.8626999999999999,-6.021011292225596
-0.8637,-6.108723392817228
-0.8646999999999999,-6.196435493408861
-0.8657,-6.282732882700628
-0.8666999999999999,-6.37044498329226
-0.8677,-6.500598422879844
-0.8686999999999999,-6.588310523471475
-0.8697,-6.719878674358924
-0.8706999999999999,-6.762320013354876
-0.8717,-6.893888164242324
-0.8726999999999999,-7.024041603829907
-0.8737,-7.111753704421539
-0.8746999999999999,-7.243321855308987
-0.8757,-7.329619244600755
-0.8766999999999999,-7.461187395488204
-0.8777,-7.591340835075788
-0.8786999999999999,-7.722908985963235
-0.8797,-7.853062425550818
-0.8806999999999999,-7.940774526142452
-0.8817,-8.070927965730034
-0.8826999999999999,-8.246352166913299
-0.8837,-8.376505606500881
-0.8846999999999999,-8.508073757388331
-0.8857,-8.638227196975913
-0.8866999999999999,-8.769795347863363
-0.8877,-8.899948787450944
-0.8886999999999999,-9.073958277334345
-0.8897,-9.205526428221793
-0.8906999999999999,-9.379535918105192
-0.8917,-9.55496011928846
-0.8926999999999999,-9.685113558876042
-0.8937,-9.85912304875944
-0.8946999999999999,-10.034547249942705
-0.8957,-10.208556739826104
-0.8966999999999999,-10.382566229709504
-0.8977,-10.557990430892769
-0.8986999999999999,-10.775855971071984
-0.8997,-10.949865460955383
-0.9007,-11.123874950838783
-0.9017000000000001,-11.299299152022046
-0.9027,-11.517164692201263
-0.9037000000000001,-11.73503023238048
-0.9047,-11.952895772559694
-0.9057000000000001,-12.12831997374296
-0.9067,-12.390041564217992
-0.9077000000000001,-12.607907104397206
-0.9087,-12.825772644576423
-0.9097000000000001,-13.043638184755638
-0.9107,-13.30535977523067
-0.9117000000000001,-13.523225315409885
-0.9127,-13.741090855589102
-0.9137000000000001,-14.002812446064135
-0.9147,-14.26028990263957
-0.9157000000000001,-14.486643710617974
-0.9167,-14.741291744593681
-0.9177000000000001,-15.05252823056399
-0.9187,-15.307176264539699
-0.9197000000000001,-15.618412750510005
-0.9207,-15.87306078448571
-0.9217000000000001,-16.184297270456018
-0.9227,-16.438945304431726
-0.9237000000000001,-16.750181790402035
-0.9247,-17.061418276372343
-0.9257000000000001,-17.358507649344002
-0.9267,-17.669744135314307
-0.9277000000000001,-18.009274847281915
-0.9287,-18.320511333252224
-0.9297000000000001,-18.674189158218486
-0.9307,-18.97127853119014
-0.9317000000000001,-19.3249563561564
-0.9327,-19.721075520118614
-0.9337000000000001,-20.06060623208622
-0.9347,-20.414284057052477
-0.9357000000000001,-20.810403221014692
-0.9367,-21.149933932982297
-0.9377000000000001,-21.54605309694451
-0.9387,-21.94217226090672
-0.9397000000000001,-22.38073276386488
-0.9407,-22.776851927827092
-0.9417000000000001,-23.15882397879065
-0.9427,-23.597384481748815
-0.9437000000000001,-24.035944984706973
-0.9447,-24.474505487665134
-0.9457000000000001,-24.9130659906233
-0.9467,-25.39406783257741
-0.9477000000000001,-25.81848122253692
-0.9487,-26.29948306449103
-0.9497000000000001,-26.780484906445146
-0.9507,-27.261486748399253
-0.9517000000000001,-27.742488590353368
-0.9527,-28.22349043230748
-0.9537000000000001,-28.704492274261593
-0.9547,-29.18549411621571
-0.9557000000000001,-29.751378636161718
-0.9567,-30.232380478115836
-0.9577000000000001,-30.7558236590659
-0.9587,-31.321708179011907
-0.9597000000000001,-31.84515135996197
-0.9607,-32.41103587990799
-0.9617000000000001,-32.93447906085806
-0.9627,-33.50036358080407
-0.9637000000000001,-34.10868943974604
-0.9647,-34.67457395969205
-0.9657000000000001,-35.240458479638065
-0.9667,-35.848784338580025
-0.9677000000000001,-36.47125731052064
-0.9687,-37.07958316946261
-0.9697000000000001,-37.687909028404576
-0.9707,-38.29623488734655
-0.9717000000000001,-38.90456074628851
-0.9727,-39.56947505722508
-0.9737000000000001,-40.220242255162994
-0.9747,-40.87100945310091
-0.9757000000000001,-41.52177665103883
-0.9767,-42.229132300971344
-0.9777000000000001,-42.87989949890926
-0.9787,-43.57310803584313
-0.9797000000000001,-44.28046368577565
-0.9807,-44.97367222270952
-0.9817000000000001,-45.70932209863933
-0.9827,-46.45911908756781
-0.9837000000000001,-47.19476896349763
-0.9847,-47.93041883942744
-0.9857000000000001,-48.72265716735186
-0.9867,-49.03389365332217
-0.9857000000000001,-48.68021582835591
-0.9847,-48.36897934238561
-0.9837000000000001,-48.071889969413945
-0.9827,-47.76065348344364
-0.9817000000000001,-47.40697565847737
-0.9807,-47.067444946509774
-0.9797000000000001,-46.75620846053947
-0.9787,-46.41667774857186
-0.9777000000000001,-46.10544126260155
-0.9767,-45.75176343763528
-0.9757000000000001,-45.45467406466363
-0.9747,-45.10099623969737
-0.9737000000000001,-44.80390686672572
-0.9727,-44.4926703807554
-0.9717000000000001,-44.138992555789144
-0.9707,-43.79946184382153
-0.9697000000000001,-43.48822535785123
-0.9687,-43.134547532884966
-0.9677000000000001,-42.837458159913304
-0.9667,-42.483780334947056
-0.9657000000000001,-42.130102509980794
-0.9647,-41.83301313700913
-0.9637000000000001,-41.47933531204288
-0.9627,-41.139804600075266
-0.9617000000000001,-40.828568114104954
-0.9607,-40.51733162813464
-0.9597000000000001,-40.220242255162994
-0.9587,-39.86656443019674
-0.9577000000000001,-39.61191639622103
-0.9567,-39.30067991025072
-0.9557000000000001,-38.98944342428042
-0.9547,-38.692354051308754
-0.9537000000000001,-38.38111756533845
-0.9527,-38.12646953136274
-0.9517000000000001,-37.81523304539243
-0.9507,-37.56058501141672
-0.9497000000000001,-37.249348525446415
-0.9487,-36.99470049147071
-0.9477000000000001,-36.725905344496354
-0.9467,-36.5136986495166
-0.9457000000000001,-36.20246216354629
-0.9447,-35.99025546856653
-0.9437000000000001,-35.763901660588125
-0.9427,-35.50925362661242
-0.9417000000000001,-35.240458479638065
-0.9407,-35.02825178465831
-0.9397000000000001,-34.75945663768395
-0.9387,-34.5472499427042
-0.9377000000000001,-34.278454795729836
-0.9367,-34.02380676175414
-0.9357000000000001,-33.81160006677438
-0.9347,-33.58524625879597
-0.9337000000000001,-33.373039563816214
-0.9327,-33.18912709483376
-0.9317000000000001,-32.97692039985401
-0.9307,-32.764713704874254
-0.9297000000000001,-32.53835989689585
-0.9287,-32.32615320191609
-0.9277000000000001,-32.09979939393769
-0.9267,-31.887592698957924
-0.9257000000000001,-31.661238890979522
-0.9247,-31.49147353499572
-0.9237000000000001,-31.27926684001596
-0.9227,-31.095354371033505
-0.9217000000000001,-30.88314767605375
-0.9207,-30.71338232006995
-0.9197000000000001,-30.529469851087494
-0.9187,-30.317263156107735
-0.9177000000000001,-30.147497800123933
-0.9167,-29.96358533114148
-0.9157000000000001,-29.751378636161718
-0.9147,-29.581613280177915
-0.9137000000000001,-29.35525947219951
-0.9127,-29.18549411621571
-0.9117000000000001,-28.959140308237306
-0.9107,-28.746933613257543
-0.9097000000000001,-28.577168257273744
-0.9087,-28.393255788291288
-0.9077000000000001,-28.18104909331153
-0.9067,-28.011283737327723
-0.9057000000000001,-27.827371268345274
-0.9047,-27.615164573365515
-0.9037000000000001,-27.43125210438306
-0.9027,-27.219045409403304
-0.9017000000000001,-27.049280053419505
-0.9007,-26.822926245441096
-0.8997,-26.61071955046134
-0.8986999999999999,-26.38436574248293
-0.8977,-26.21460038649913
-0.8966999999999999,-26.002393691519377
-0.8957,-25.77603988354097
-0.8946999999999999,-25.563833188561212
-0.8937,-25.39406783257741
-0.8926999999999999,-25.167714024599
-0.8917,-24.95550732961925
-0.8906999999999999,-24.729153521640843
-0.8897,-24.474505487665134
-0.8886999999999999,-24.290593018682678
-0.8877,-24.035944984706973
-0.8866999999999999,-23.823738289727217
-0.8857,-23.597384481748815
-0.8846999999999999,-23.342736447773106
-0.8837,-23.1163826397947
-0.8826999999999999,-22.904175944814945
-0.8817,-22.63538079784059
-0.8806999999999999,-22.42317410286083
-0.8797,-22.15437895588647
-0.8786999999999999,-21.94217226090672
-0.8777,-21.67337711393236
-0.8766999999999999,-21.461170418952605
-0.8757,-21.2065223849769
-0.8746999999999999,-20.980168576998494
-0.8737,-20.72552054302279
-0.8726999999999999,-20.456725396048434
-0.8717,-20.202077362072725
-0.8706999999999999,-19.93328221509837
-0.8697,-19.721075520118614
-0.8686999999999999,-19.452280373144255
-0.8677,-19.197632339168546
-0.8666999999999999,-18.97127853119014
-0.8657,-18.716630497214435
-0.8646999999999999,-18.44783535024008
-0.8637,-18.23562865526032
-0.8626999999999999,-17.924392169290012
-0.8617,-17.71218547431026
-0.8607000000000001,-17.4433903273359
-0.8597,-17.231183632356142
-0.8587000000000001,-16.962388485381787
-0.8577,-16.70774045140608
-0.8567000000000001,-16.438945304431726
-0.8557,-16.22673860945197
-0.8547000000000001,-15.972090575476265
-0.8537,-15.70329542850191
-0.8527000000000001,-15.491088733522153
-0.8517,-15.222293586547794
-0.8507000000000001,-14.967645552572087
-0.8497,-14.741291744593681
-0.8487000000000001,-14.486643710617974
-0.8477,-14.26028990263957
-0.8467000000000001,-14.002812446064135
-0.8457,-13.741090855589102
-0.8447000000000001,-13.523225315409885
-0.8437,-13.261503724934855
-0.8427000000000001,-13.043638184755638
-0.8417,-12.781916594280606
-0.8407000000000001,-12.56405105410139
-0.8397,-12.346185513922174
-0.8387000000000001,-12.12831997374296
-0.8377,-11.909039722263879
-0.8367000000000001,-11.647318131788847
-0.8357,-11.42945259160963
-0.8347000000000001,-11.1677310011346
-0.8337,-10.949865460955383
-0.8327000000000001,-10.775855971071984
-0.8317,-10.514134380596953
-0.8307000000000001,-10.296268840417738
-0.8297,-10.078403300238522
-0.8287000000000001,-9.902979099055257
-0.8277,-9.685113558876042
-0.8267000000000001,-9.467248018696827
-0.8257,-9.293238528813426
-0.8247000000000001,-9.073958277334345
-0.8237,-8.899948787450944
-0.8227000000000001,-8.68208324727173
-0.8217,-8.508073757388331
-0.8207000000000001,-8.332649556205066
-0.8197,-8.11478401602585
-0.8187000000000001,-7.940774526142452
-0.8177,-7.7653503249591855
-0.8167000000000001,-7.591340835075788
-0.8157,-7.4173313451923875
-0.8147000000000001,-7.243321855308987
-0.8137,-7.067897654125724
-0.8127000000000001,-6.93774421453814
-0.8117,-6.719878674358924
-0.8107000000000001,-6.588310523471475
-0.8097,-6.414301033588076
-0.8087000000000001,-6.282732882700628
-0.8077,-6.108723392817228
-0.8067000000000001,-5.977155241929781
-0.8057,-5.80314575204638
-0.8047000000000001,-5.672992312458796
-0.8037,-5.5414241615713475
-0.8027000000000001,-5.411270721983764
-0.8017,-5.279702571096316
-0.8007000000000001,-5.105693081212917
-0.7997,-5.017980980621284
-0.7987000000000001,-4.843971490737885
-0.7977,-4.756259390146253
-0.7967000000000001,-4.626105950558669
-0.7957,-4.494537799671222
-0.7947000000000001,-4.406825699079589
-0.7937,-4.276672259492005
-0.7927000000000001,-4.146518819904423
-0.7917,-4.0588067193127895
-0.7907000000000001,-3.971094618721158
-0.7897,-3.840941179133574
-0.7887000000000001,-3.7532290785419424
-0.7877,-3.6655169779503103
-0.7867000000000001,-3.579219588658543
-0.7857,-3.4915074880669104
-0.7847000000000001,-3.361354048479327
-0.7837,-3.317497998183511
-0.7827000000000001,-3.2297858975918787
-0.7817,-3.1420737970002466
-0.7807000000000001,-3.055776407708479
-0.7797,-2.968064307116847
-0.7787000000000001,-2.924208256821031
-0.7777,-2.8379108675292635
-0.7767000000000001,-2.7501987669376318
-0.7757,-2.706342716641815
-0.7747,-2.618630616050183
-0.7736999999999999,-2.576189277054232
-0.7727,-2.4884771764625997
-0.7716999999999999,-2.4446211261667834
-0.7707,-2.3569090255751513
-0.7696999999999999,-2.3144676865791998
-0.7687,-2.2706116362833835
-0.7676999999999999,-2.226755585987568
-0.7667,-2.1390434853959355
-0.7656999999999999,-2.095187435100119
-0.7647,-2.052746096104168
-0.7636999999999999,-2.008890045808352
-0.7627,-1.9650339955125358
-0.7616999999999999,-1.92117794521672
-0.7607,-1.8773218949209036
-0.7596999999999999,-1.8334658446250875
-0.7587,-1.7910245056291363
-0.7576999999999999,-1.7471684553333202
-0.7567,-1.7471684553333202
-0.7556999999999999,-1.6594563547416883
-0.7547,-1.6594563547416883
-0.7536999999999999,-1.6156003044458718
-0.7527,-1.6156003044458718
-0.7516999999999999,-1.5293029151541047
-0.7507,-1.5293029151541047
-0.7496999999999999,-1.4854468648582886
-0.7487,-1.4415908145624723
-0.7476999999999999,-1.4415908145624723
-0.7467,-1.4415908145624723
-0.7456999999999999,-1.3980177065266295
-0.7447,-1.3543031273607997
-0.7436999999999999,-1.3107300193249565
-0.7427,-1.3107300193249565
-0.7416999999999999,-1.3107300193249565
-0.7407,-1.2671569112891135
-0.7396999999999999,-1.2234423321232837
-0.7387,-1.2234423321232837
-0.7376999999999999,-1.1798692240874404
-0.7367,-1.1798692240874404
-0.7357000000000001,-1.1362961160515976
-0.7347,-1.1362961160515976
-0.7337000000000001,-1.0925815368857679
-0.7327,-1.0925815368857679
-0.7317000000000001,-1.0925815368857679
-0.7307,-1.0490084288499246
-0.7297000000000001,-1.0490084288499246
-0.7287,-1.0054353208140816
-0.7277000000000001,-1.0054353208140816
-0.7267,-1.0054353208140816
-0.7257000000000001,-0.9617207416482519
-0.7247,-0.9617207416482519
-0.7237000000000001,-0.9617207416482519
-0.7227,-0.9181476336124089
-0.7217000000000001,-0.9181476336124089
-0.7207,-0.9181476336124089
-0.7197000000000001,-0.9181476336124089
-0.7187,-0.8745745255765657
-0.7177000000000001,-0.8745745255765657
-0.7167,-0.8745745255765657
-0.7157000000000001,-0.8308599464107361
-0.7147,-0.8308599464107361
-0.7137000000000001,-0.8308599464107361
-0.7127,-0.7872868383748929
-0.7117000000000001,-0.7872868383748929
-0.7107,-0.7872868383748929
-0.7097000000000001,-0.7872868383748929
-0.7087,-0.7437137303390498
-0.7077000000000001,-0.7437137303390498
-0.7067,-0.7437137303390498
-0.7057000000000001,-0.7437137303390498
-0.7047,-0.7001406223032067
-0.7037000000000001,-0.7001406223032067
-0.7027,-0.7001406223032067
-0.7017000000000001,-0.7001406223032067
-0.7007,-0.6564260431373771
-0.6997000000000001,-0.6564260431373771
-0.6987,-0.6564260431373771
-0.6977000000000001,-0.6564260431373771
-0.6967,-0.6564260431373771
-0.6957000000000001,-0.6128529351015338
-0.6947,-0.6128529351015338
-0.6937000000000001,-0.6128529351015338
-0.6927,-0.6128529351015338
-0.6917000000000001,-0.5692798270656908
-0.6907,-0.5692798270656908
-0.6897000000000001,-0.5692798270656908
-0.6887,-0.5692798270656908
-0.6877000000000001,-0.5692798270656908
-0.6867,-0.5692798270656908
-0.6857000000000001,-0.5692798270656908
-0.6847,-0.5255652478998613
-0.6837000000000001,-0.5255652478998613
-0.6827,-0.5255652478998613
-0.6817000000000001,-0.5255652478998613
-0.6807,-0.5255652478998613
-0.6797000000000001,-0.48199213986401795
-0.6787,-0.48199213986401795
-0.6777000000000001,-0.48199213986401795
-0.6767,-0.48199213986401795
-0.6757000000000001,-0.48199213986401795
-0.6747,-0.48199213986401795
-0.6737000000000001,-0.4384190318281749
-0.6727,-0.4384190318281749
-0.6717000000000001,-0.4384190318281749
-0.6707,-0.4384190318281749
-0.6697000000000001,-0.4384190318281749
-0.6687,-0.3947044526623452
-0.6677000000000001,-0.3947044526623452
-0.6667,-0.3947044526623452
-0.6657000000000001,-0.3947044526623452
-0.6647,-0.3947044526623452
-0.6637000000000001,-0.3947044526623452
-0.6627,-0.3947044526623452
-0.6617000000000001,-0.3947044526623452
-0.6607,-0.3511313446265021
-0.6597000000000001,-0.3511313446265021
-0.6587,-0.3511313446265021
-0.6577000000000001,-0.3511313446265021
-0.6567,-0.3511313446265021
-0.6557000000000001,-0.3511313446265021
-0.6547,-0.3511313446265021
-0.6537000000000001,-0.30755823659065895
-0.6527,-0.30755823659065895
-0.6517000000000001,-0.30755823659065895
-0.6507,-0.30755823659065895
-0.6497,-0.30755823659065895
-0.6486999999999999,-0.30755823659065895
-0.6477,-0.26384365742482935
-0.6466999999999999,-0.26384365742482935
-0.6457,-0.26384365742482935
-0.6446999999999999,-0.26384365742482935
-0.6437,-0.26384365742482935
-0.6426999999999999,-0.26384365742482935
-0.6417,-0.26384365742482935
-0.6406999999999999,-0.26384365742482935
-0.6397,-0.26384365742482935
-0.6386999999999999,-0.26384365742482935
-0.6377,-0.26384365742482935
-0.6366999999999999,-0.2202705493889862
-0.6357,-0.26384365742482935
-0.6346999999999999,-0.2202705493889862
-0.6337,-0.2202705493889862
-0.6326999999999999,-0.2202705493889862
-0.6317,-0.2202705493889862
-0.6306999999999999,-0.2202705493889862
-0.6297,-0.1766974413531431
-0.6286999999999999,-0.1766974413531431
-0.6277,-0.1766974413531431
-0.6266999999999999,-0.2202705493889862
-0.6257,-0.1766974413531431
-0.6246999999999999,-0.1766974413531431
-0.6237,-0.1766974413531431
-0.6226999999999999,-0.1766974413531431
-0.6217,-0.1766974413531431
-0.6206999999999999,-0.1766974413531431
-0.6197,-0.1330535977523067
-0.6186999999999999,-0.1766974413531431
-0.6177,-0.1330535977523067
-0.6166999999999999,-0.1330535977523067
-0.6157,-0.1330535977523067
-0.6146999999999999,-0.1330535977523067
-0.6137,-0.1330535977523067
-0.6126999999999999,-0.1330535977523067
-0.6117,-0.1330535977523067
-0.6107000000000001,-0.1330535977523067
-0.6097,-0.1330535977523067
-0.6087000000000001,-0.1330535977523067
-0.6077,-0.08943804837746762
-0.6067000000000001,-0.1330535977523067
-0.6057,-0.08943804837746762
-0.6047000000000001,-0.08943804837746762
-0.6037,-0.08943804837746762
-0.6027000000000001,-0.1330535977523067
-0.6017,-0.08943804837746762
-0.6007000000000001,-0.08943804837746762
-0.5997,-0.08943804837746762
-0.5987000000000001,-0.08943804837746762
-0.5977,-0.08943804837746762
-0.5967000000000001,-0.08943804837746762
-0.5957,-0.08943804837746762
-0.5947000000000001,-0.08943804837746762
-0.5937,-0.08943804837746762
-0.5927000000000001,-0.08943804837746762
-0.5917,-0.08943804837746762
-0.5907000000000001,-0.04582249900262853
-0.5897,-0.04582249900262853
-0.5887000000000001,-0.04582249900262853
-0.5877,-0.04582249900262853
-0.5867000000000001,-0.04582249900262853
-0.5857,-0.04582249900262853
-0.5847000000000001,-0.04582249900262853
-0.5837,-0.04582249900262853
-0.5827000000000001,-0.04582249900262853
-0.5817,-0.04582249900262853
-0.5807000000000001,-0.04582249900262853
-0.5797,-0.04582249900262853
-0.5787000000000001,-0.04582249900262853
-0.5777,-0.04582249900262853
-0.5767000000000001,-0.04582249900262853
-0.5757,-0.04582249900262853
-0.5747000000000001,-0.002205534916489592
-0.5737,-0.04582249900262853
-0.5727000000000001,-0.002205534916489592
-0.5717,-0.002205534916489592
-0.5707000000000001,-0.002205534916489592
-0.5697,-0.002205534916489592
-0.5687000000000001,-0.002205534916489592
-0.5677,-0.002205534916489592
-0.5667000000000001,-0.002205534916489592
-0.5657,-0.04582249900262853
-0.5647000000000001,-0.002205534916489592
-0.5637,-0.002205534916489592
-0.5627000000000001,-0.002205534916489592
-0.5617,-0.002205534916489592
-0.5607000000000001,-0.002205534916489592
-0.5597,-0.002205534916489592
-0.5587000000000001,-0.002205534916489592
-0.5577,-0.002205534916489592
-0.5567000000000001,-0.002205534916489592
-0.5557,-0.002205534916489592
-0.5547000000000001,-0.002205534916489592
-0.5537,-0.002205534916489592
-0.5527000000000001,-0.002205534916489592
-0.5517,-0.002205534916489592
-0.5507000000000001,-0.002205534916489592
-0.5497,-0.002205534916489592
-0.5487000000000001,-0.002205534916489592
-0.5477,-0.002205534916489592
-0.5467000000000001,-0.002205534916489592
-0.5457,0.04140859974704963
-0.5447000000000001,-0.002205534916489592
-0.5437,-0.002205534916489592
-0.5427000000000001,-0.002205534916489592
-0.5417,-0.002205534916489592
-0.5407000000000001,-0.002205534916489592
-0.5397,-0.002205534916489592
-0.5387000000000001,0.04140859974704963
-0.5377,0.04140859974704963
-0.5367000000000001,-0.002205534916489592
-0.5357,-0.002205534916489592
-0.5347000000000001,-0.002205534916489592
-0.5337,-0.002205534916489592
-0.5327000000000001,-0.002205534916489592
-0.5317,0.04140859974704963
-0.5307000000000001,0.04140859974704963
-0.5297,0.04140859974704963
-0.5287000000000001,0.04140859974704963
-0.5277,0.04140859974704963
-0.5267000000000001,0.04140859974704963
-0.5257,0.04140859974704963
-0.5247,0.04140859974704963
-0.5236999999999999,0.04140859974704963
-0.5227,0.04140859974704963
-0.5216999999999999,0.04140859974704963
-0.5207,0.04140859974704963
-0.5196999999999999,0.04140859974704963
-0.5187,0.04140859974704963
-0.5176999999999999,0.04140859974704963
-0.5167,0.04140859974704963
-0.5156999999999999,0.04140859974704963
-0.5147,0.04140859974704963
-0.5136999999999999,0.04140859974704963
-0.5127,0.04140859974704963
-0.5116999999999999,0.04140859974704963
-0.5107,0.04140859974704963
-0.5096999999999999,0.04140859974704963
-0.5087,0.04140859974704963
-0.5076999999999999,0.04140859974704963
-0.5067,0.04140859974704963
-0.5056999999999999,0.04140859974704963
-0.5047,0.04140859974704963
-0.5036999999999999,0.04140859974704963
-0.5027,0.04140859974704963
-0.5016999999999999,0.04140859974704963
-0.5007,0.04140859974704963
-0.4996999999999999,0.04140859974704963
-0.49870000000000003,0.04140859974704963
-0.4976999999999999,0.04140859974704963
-0.49670000000000003,0.04140859974704963
-0.4956999999999999,0.04140859974704963
-0.49470000000000003,0.08502414912188871
-0.4936999999999999,0.04140859974704963
-0.4927,0.04140859974704963
-0.4916999999999999,0.04140859974704963
-0.4907,0.04140859974704963
-0.4896999999999999,0.04140859974704963
-0.4887,0.04140859974704963
-0.4876999999999999,0.08502414912188871
-0.4867,0.04140859974704963
-0.48570000000000013,0.04140859974704963
-0.4847,0.04140859974704963
-0.48370000000000013,0.04140859974704963
-0.4827,0.04140859974704963
-0.48170000000000013,0.04140859974704963
-0.4807,0.04140859974704963
-0.4797000000000001,0.04140859974704963
-0.4787,0.04140859974704963
-0.4777000000000001,0.04140859974704963
-0.4767,0.04140859974704963
-0.4757000000000001,0.04140859974704963
-0.4747,0.04140859974704963
-0.4737000000000001,0.04140859974704963
-0.4727,0.04140859974704963
-0.4717000000000001,0.04140859974704963
-0.4707,0.04140859974704963
-0.4697000000000001,0.04140859974704963
-0.4687,0.04140859974704963
-0.4677000000000001,0.04140859974704963
-0.4667,0.04140859974704963
-0.4657000000000001,0.04140859974704963
-0.4647,0.04140859974704963
-0.4637000000000001,0.04140859974704963
-0.4627,0.04140859974704963
-0.4617000000000001,0.08502414912188871
-0.4607,0.04140859974704963
-0.4597000000000001,0.04140859974704963
-0.4587,0.04140859974704963
-0.4577000000000001,0.04140859974704963
-0.4567,0.04140859974704963
-0.4557000000000001,0.04140859974704963
-0.4547,0.08502414912188871
-0.4537000000000001,0.04140859974704963
-0.4527,0.04140859974704963
-0.4517000000000001,0.04140859974704963
-0.4507,0.04140859974704963
-0.4497000000000001,0.04140859974704963
-0.4487,0.08502414912188871
-0.4477000000000001,0.04140859974704963
-0.4467,0.04140859974704963
-0.4457000000000001,0.04140859974704963
-0.4447,0.04140859974704963
-0.4437000000000001,0.04140859974704963
-0.4427,0.08502414912188871
-0.4417000000000001,0.04140859974704963
-0.4407,0.04140859974704963
-0.4397000000000001,0.04140859974704963
-0.4387,0.08502414912188871
-0.4377000000000001,0.04140859974704963
-0.4367,0.04140859974704963
-0.4357000000000001,0.04140859974704963
-0.4347,0.08502414912188871
-0.4337000000000001,0.04140859974704963
-0.4327,0.08502414912188871
-0.4317000000000001,0.04140859974704963
-0.43069999999999997,0.04140859974704963
-0.4297000000000001,0.04140859974704963
-0.42869999999999997,0.08502414912188871
-0.4277000000000001,0.04140859974704963
-0.42669999999999997,0.04140859974704963
-0.4257000000000001,0.04140859974704963
-0.42469999999999997,0.04140859974704963
-0.4237000000000001,0.04140859974704963
-0.42269999999999996,0.08502414912188871
-0.4217000000000001,0.04140859974704963
-0.42069999999999996,0.04140859974704963
-0.4197000000000001,0.04140859974704963
-0.41869999999999996,0.04140859974704963
-0.41770000000000007,0.08502414912188871
-0.41669999999999996,0.04140859974704963
-0.41570000000000007,0.08502414912188871
-0.41469999999999996,0.04140859974704963
-0.41370000000000007,0.08502414912188871
-0.41269999999999996,0.04140859974704963
-0.41170000000000007,0.08502414912188871
-0.41069999999999995,0.04140859974704963
-0.40970000000000006,0.08502414912188871
-0.40869999999999995,0.04140859974704963
-0.40770000000000006,0.08502414912188871
-0.40669999999999995,0.04140859974704963
-0.40570000000000006,0.04140859974704963
-0.40469999999999995,0.04140859974704963
-0.40370000000000006,0.08502414912188871
-0.40269999999999995,0.08502414912188871
-0.40170000000000006,0.08502414912188871
-0.40069999999999995,0.04140859974704963
-0.39970000000000006,0.04140859974704963
-0.39869999999999994,0.08502414912188871
-0.39770000000000005,0.08502414912188871
-0.39669999999999994,0.04140859974704963
-0.39570000000000005,0.08502414912188871
-0.39469999999999994,0.04140859974704963
-0.39370000000000005,0.08502414912188871
-0.39269999999999994,0.04140859974704963
-0.39170000000000005,0.04140859974704963
-0.39069999999999994,0.08502414912188871
-0.38970000000000005,0.04140859974704963
-0.38869999999999993,0.08502414912188871
-0.38770000000000004,0.08502414912188871
-0.38669999999999993,0.04140859974704963
-0.38570000000000004,0.04140859974704963
-0.38469999999999993,0.08502414912188871
-0.38370000000000004,0.08502414912188871
-0.38269999999999993,0.08502414912188871
-0.38170000000000004,0.04140859974704963
-0.3806999999999999,0.08502414912188871
-0.37970000000000004,0.04140859974704963
-0.3786999999999999,0.04140859974704963
-0.37770000000000004,0.08502414912188871
-0.3766999999999999,0.08502414912188871
-0.37570000000000003,0.04140859974704963
-0.3746999999999999,0.08502414912188871
-0.37370000000000003,0.04140859974704963
-0.3726999999999999,0.08502414912188871
-0.37170000000000003,0.08502414912188871
-0.3706999999999999,0.08502414912188871
-0.36970000000000003,0.04140859974704963
-0.3686999999999999,0.08502414912188871
-0.3677,0.04140859974704963
-0.3666999999999999,0.08502414912188871
-0.3657,0.04140859974704963
-0.3646999999999999,0.08502414912188871
-0.3637,0.08502414912188871
-0.3626999999999999,0.08502414912188871
-0.3617,0.08502414912188871
-0.36070000000000013,0.08502414912188871
-0.3597,0.04140859974704963
-0.35870000000000013,0.08502414912188871
-0.3577,0.04140859974704963
-0.35670000000000013,0.08502414912188871
-0.3557,0.08502414912188871
-0.3547000000000001,0.04140859974704963
-0.3537,0.04140859974704963
-0.3527000000000001,0.08502414912188871
-0.3517,0.04140859974704963
-0.3507000000000001,0.08502414912188871
-0.3497,0.08502414912188871
-0.3487000000000001,0.04140859974704963
-0.3477,0.08502414912188871
-0.3467000000000001,0.08502414912188871
-0.3457,0.08502414912188871
-0.3447000000000001,0.04140859974704963
-0.3437,0.08502414912188871
-0.3427000000000001,0.08502414912188871
-0.3417,0.08502414912188871
-0.3407000000000001,0.08502414912188871
-0.3397,0.08502414912188871
-0.3387000000000001,0.04140859974704963
-0.3377,0.08502414912188871
-0.3367000000000001,0.08502414912188871
-0.3357,0.08502414912188871
-0.3347000000000001,0.08502414912188871
-0.3337,0.08502414912188871
-0.3327000000000001,0.08502414912188871
-0.3317,0.08502414912188871
-0.3307000000000001,0.08502414912188871
-0.3297,0.08502414912188871
-0.3287000000000001,0.08502414912188871
-0.3277,0.08502414912188871
-0.3267000000000001,0.04140859974704963
-0.3257,0.08502414912188871
-0.3247000000000001,0.04140859974704963
-0.3237,0.08502414912188871
-0.3227000000000001,0.08502414912188871
-0.3217,0.08502414912188871
-0.3207000000000001,0.04140859974704963
-0.3197,0.04140859974704963
-0.3187000000000001,0.08502414912188871
-0.3177,0.08502414912188871
-0.3167000000000001,0.08502414912188871
-0.3157,0.08502414912188871
-0.3147000000000001,0.08502414912188871
-0.3137,0.08502414912188871
-0.3127000000000001,0.08502414912188871
-0.3117,0.08502414912188871
-0.3107000000000001,0.08502414912188871
-0.3097,0.08502414912188871
-0.3087000000000001,0.08502414912188871
-0.3077,0.08502414912188871
-0.3067000000000001,0.08502414912188871
-0.30569999999999997,0.08502414912188871
-0.3047000000000001,0.08502414912188871
-0.30369999999999997,0.08502414912188871
-0.3027000000000001,0.08502414912188871
-0.30169999999999997,0.08502414912188871
-0.3007000000000001,0.08502414912188871
-0.29969999999999997,0.08502414912188871
-0.2987000000000001,0.08502414912188871
-0.29769999999999996,0.08502414912188871
-0.2967000000000001,0.08502414912188871
-0.29569999999999996,0.04140859974704963
-0.2947000000000001,0.08502414912188871
-0.29369999999999996,0.04140859974704963
-0.29270000000000007,0.08502414912188871
-0.29169999999999996,0.08502414912188871
-0.29070000000000007,0.08502414912188871
-0.28969999999999996,0.04140859974704963
-0.28870000000000007,0.08502414912188871
-0.28769999999999996,0.08502414912188871
-0.28670000000000007,0.08502414912188871
-0.28569999999999995,0.04140859974704963
-0.28470000000000006,0.08502414912188871
-0.28369999999999995,0.08502414912188871
-0.28270000000000006,0.08502414912188871
-0.28169999999999995,0.08502414912188871
-0.28070000000000006,0.08502414912188871
-0.27969999999999995,0.04140859974704963
-0.27870000000000006,0.08502414912188871
-0.27769999999999995,0.08502414912188871
-0.27670000000000006,0.08502414912188871
-0.27569999999999995,0.08502414912188871
-0.27470000000000006,0.08502414912188871
-0.27369999999999994,0.08502414912188871
-0.27270000000000005,0.08502414912188871
-0.27169999999999994,0.08502414912188871
-0.27070000000000005,0.08502414912188871
-0.26969999999999994,0.08502414912188871
-0.26870000000000005,0.08502414912188871
-0.26769999999999994,0.08502414912188871
-0.26670000000000005,0.08502414912188871
-0.26569999999999994,0.08502414912188871
-0.26470000000000005,0.08502414912188871
-0.26369999999999993,0.08502414912188871
-0.26270000000000004,0.08502414912188871
-0.26169999999999993,0.08502414912188871
-0.26070000000000004,0.08502414912188871
-0.25969999999999993,0.08502414912188871
-0.25870000000000004,0.08502414912188871
-0.25769999999999993,0.08502414912188871
-0.25670000000000004,0.08502414912188871
-0.2556999999999999,0.08502414912188871
-0.25470000000000004,0.08502414912188871
-0.2536999999999999,0.08502414912188871
-0.25270000000000004,0.08502414912188871
-0.2516999999999999,0.08502414912188871
-0.25070000000000003,0.08502414912188871
-0.24969999999999992,0.08502414912188871
-0.24870000000000003,0.08502414912188871
-0.24769999999999992,0.08502414912188871
-0.24670000000000003,0.04140859974704963
-0.24569999999999992,0.08502414912188871
-0.24470000000000003,0.04140859974704963
-0.24369999999999992,0.08502414912188871
-0.24270000000000003,0.08502414912188871
-0.24169999999999991,0.08502414912188871
-0.24070000000000003,0.08502414912188871
-0.2396999999999999,0.08502414912188871
-0.23870000000000002,0.08502414912188871
-0.2376999999999999,0.08502414912188871
-0.23670000000000002,0.08502414912188871
-0.23570000000000013,0.08502414912188871
-0.23470000000000002,0.08502414912188871
-0.23370000000000013,0.08502414912188871
-0.23270000000000002,0.08502414912188871
-0.23170000000000013,0.08502414912188871
-0.23070000000000002,0.08502414912188871
-0.22970000000000013,0.08502414912188871
-0.22870000000000001,0.08502414912188871
-0.22770000000000012,0.08502414912188871
-0.2267,0.08502414912188871
-0.22570000000000012,0.08502414912188871
-0.2247,0.08502414912188871
-0.22370000000000012,0.08502414912188871
-0.2227,0.08502414912188871
-0.22170000000000012,0.08502414912188871
-0.2207,0.08502414912188871
-0.21970000000000012,0.08502414912188871
-0.2187,0.08502414912188871
-0.21770000000000012,0.08502414912188871
-0.2167,0.08502414912188871
-0.2157000000000001,0.08502414912188871
-0.2147,0.08502414912188871
-0.2137000000000001,0.08502414912188871
-0.2127,0.08502414912188871
-0.2117000000000001,0.08502414912188871
-0.2107,0.08502414912188871
-0.2097000000000001,0.08502414912188871
-0.2087,0.08502414912188871
-0.2077000000000001,0.08502414912188871
-0.2067,0.08502414912188871
-0.2057000000000001,0.08502414912188871
-0.2047,0.08502414912188871
-0.2037000000000001,0.08502414912188871
-0.2027,0.08502414912188871
-0.2017000000000001,0.08502414912188871
-0.2007,0.08502414912188871
-0.1997000000000001,0.08502414912188871
-0.1987,0.08502414912188871
-0.1977000000000001,0.08502414912188871
-0.19669999999999999,0.08502414912188871
-0.1957000000000001,0.08502414912188871
-0.19469999999999998,0.08502414912188871
-0.1937000000000001,0.08502414912188871
-0.19269999999999998,0.08502414912188871
-0.1917000000000001,0.08502414912188871
-0.1907000000000001,0.08502414912188871
-0.1897000000000002,0.08502414912188871
-0.1887000000000001,0.08502414912188871
-0.1877000000000002,0.08502414912188871
-0.1867000000000001,0.08502414912188871
-0.1857000000000002,0.08502414912188871
-0.1847000000000001,0.08502414912188871
-0.1837000000000002,0.08502414912188871
-0.18270000000000008,0.08502414912188871
-0.1817000000000002,0.12863969849672777
-0.18070000000000008,0.08502414912188871
-0.1797000000000002,0.08502414912188871
-0.17870000000000008,0.08502414912188871
-0.1777000000000002,0.08502414912188871
-0.17670000000000008,0.08502414912188871
-0.1757000000000002,0.08502414912188871
-0.17470000000000008,0.08502414912188871
-0.1737000000000002,0.08502414912188871
-0.17270000000000008,0.08502414912188871
-0.17170000000000019,0.08502414912188871
-0.17070000000000007,0.08502414912188871
-0.16970000000000018,0.08502414912188871
-0.16870000000000007,0.08502414912188871
-0.16770000000000018,0.08502414912188871
-0.16670000000000007,0.08502414912188871
-0.16570000000000018,0.08502414912188871
-0.16470000000000007,0.08502414912188871
-0.16370000000000018,0.08502414912188871
-0.16270000000000007,0.08502414912188871
-0.16170000000000018,0.08502414912188871
-0.16070000000000007,0.08502414912188871
-0.15970000000000018,0.08502414912188871
-0.15870000000000006,0.08502414912188871
-0.15770000000000017,0.08502414912188871
-0.15670000000000006,0.08502414912188871
-0.15570000000000017,0.08502414912188871
-0.15470000000000006,0.08502414912188871
-0.15370000000000017,0.08502414912188871
-0.15270000000000006,0.08502414912188871
-0.15170000000000017,0.08502414912188871
-0.15070000000000006,0.08502414912188871
-0.14970000000000017,0.08502414912188871
-0.14870000000000005,0.08502414912188871
-0.14770000000000016,0.08502414912188871
-0.14670000000000005,0.08502414912188871
-0.14570000000000016,0.08502414912188871
-0.14470000000000005,0.08502414912188871
-0.14370000000000016,0.08502414912188871
-0.14270000000000005,0.08502414912188871
-0.14170000000000016,0.08502414912188871
-0.14070000000000005,0.08502414912188871
-0.13970000000000016,0.08502414912188871
-0.13870000000000005,0.08502414912188871
-0.13770000000000016,0.08502414912188871
-0.13670000000000004,0.08502414912188871
-0.13570000000000015,0.08502414912188871
-0.13470000000000004,0.08502414912188871
-0.13370000000000015,0.08502414912188871
-0.13270000000000004,0.08502414912188871
-0.13170000000000015,0.08502414912188871
-0.13070000000000004,0.08502414912188871
-0.12970000000000015,0.08502414912188871
-0.12870000000000004,0.08502414912188871
-0.12770000000000015,0.08502414912188871
-0.12670000000000003,0.08502414912188871
-0.12570000000000014,0.08502414912188871
-0.12470000000000003,0.08502414912188871
-0.12370000000000014,0.08502414912188871
-0.12270000000000003,0.08502414912188871
-0.12170000000000014,0.08502414912188871
-0.12070000000000003,0.08502414912188871
-0.11970000000000014,0.08502414912188871
-0.11870000000000003,0.08502414912188871
-0.11770000000000014,0.08502414912188871
-0.11670000000000003,0.08502414912188871
-0.11570000000000014,0.08502414912188871
-0.11470000000000002,0.08502414912188871
-0.11370000000000013,0.08502414912188871
-0.11270000000000002,0.08502414912188871
-0.11170000000000013,0.08502414912188871
-0.11070000000000024,0.08502414912188871
-0.10970000000000013,0.08502414912188871
-0.10870000000000024,0.08502414912188871
-0.10770000000000013,0.08502414912188871
-0.10670000000000024,0.08502414912188871
-0.10570000000000013,0.08502414912188871
-0.10470000000000024,0.08502414912188871
-0.10370000000000013,0.08502414912188871
-0.10270000000000024,0.08502414912188871
-0.10170000000000012,0.08502414912188871
-0.10070000000000023,0.08502414912188871
-0.09970000000000012,0.08502414912188871
-0.09870000000000023,0.08502414912188871
-0.09770000000000012,0.08502414912188871
-0.09670000000000023,0.08502414912188871
-0.09570000000000012,0.08502414912188871
-0.09470000000000023,0.08502414912188871
-0.09370000000000012,0.08502414912188871
-0.09270000000000023,0.08502414912188871
-0.09170000000000011,0.08502414912188871
-0.09070000000000022,0.08502414912188871
-0.08970000000000011,0.08502414912188871
-0.08870000000000022,0.08502414912188871
-0.08770000000000011,0.08502414912188871
-0.08670000000000022,0.08502414912188871
-0.08570000000000011,0.08502414912188871
-0.08470000000000022,0.08502414912188871
-0.08370000000000011,0.08502414912188871
-0.08270000000000022,0.08502414912188871
-0.0817000000000001,0.08502414912188871
-0.08070000000000022,0.12863969849672777
-0.0797000000000001,0.08502414912188871
-0.07870000000000021,0.08502414912188871
-0.0777000000000001,0.08502414912188871
-0.07670000000000021,0.08502414912188871
-0.0757000000000001,0.08502414912188871
-0.07470000000000021,0.08502414912188871
-0.0737000000000001,0.08502414912188871
-0.07270000000000021,0.08502414912188871
-0.0717000000000001,0.08502414912188871
-0.07070000000000021,0.08502414912188871
-0.0697000000000001,0.08502414912188871
-0.0687000000000002,0.08502414912188871
-0.0677000000000001,0.08502414912188871
-0.0667000000000002,0.08502414912188871
-0.06570000000000009,0.08502414912188871
-0.0647000000000002,0.08502414912188871
-0.06370000000000009,0.08502414912188871
-0.0627000000000002,0.08502414912188871
-0.06170000000000009,0.08502414912188871
-0.0607000000000002,0.08502414912188871
-0.059700000000000086,0.08502414912188871
-0.058700000000000196,0.08502414912188871
-0.057700000000000085,0.08502414912188871
-0.056700000000000195,0.08502414912188871
-0.05570000000000008,0.08502414912188871
-0.05470000000000019,0.08502414912188871
-0.05370000000000008,0.08502414912188871
-0.05270000000000019,0.08502414912188871
-0.05170000000000008,0.08502414912188871
-0.05070000000000019,0.08502414912188871
-0.04970000000000008,0.08502414912188871
-0.04870000000000019,0.08502414912188871
-0.047700000000000076,0.08502414912188871
-0.046700000000000186,0.08502414912188871
-0.045700000000000074,0.08502414912188871
-0.044700000000000184,0.08502414912188871
-0.04370000000000007,0.08502414912188871
-0.04270000000000018,0.08502414912188871
-0.04170000000000007,0.08502414912188871
-0.04070000000000018,0.08502414912188871
-0.03970000000000007,0.08502414912188871
-0.03870000000000018,0.08502414912188871
-0.03770000000000007,0.08502414912188871
-0.03670000000000018,0.08502414912188871
-0.035700000000000065,0.08502414912188871
-0.034700000000000175,0.08502414912188871
-0.03370000000000006,0.08502414912188871
-0.03270000000000017,0.08502414912188871
-0.03170000000000006,0.08502414912188871
-0.03070000000000017,0.08502414912188871
-0.02970000000000006,0.08502414912188871
-0.02870000000000017,0.08502414912188871
-0.027700000000000058,0.08502414912188871
-0.026700000000000168,0.08502414912188871
-0.025700000000000056,0.08502414912188871
-0.024700000000000166,0.08502414912188871
-0.023700000000000054,0.08502414912188871
-0.022700000000000164,0.08502414912188871
-0.021700000000000053,0.08502414912188871
-0.020700000000000163,0.08502414912188871
-0.01970000000000005,0.08502414912188871
-0.01870000000000016,0.08502414912188871
-0.01770000000000005,0.08502414912188871
-0.01670000000000016,0.08502414912188871
-0.015700000000000047,0.08502414912188871
-0.014700000000000157,0.08502414912188871
-0.013700000000000045,0.08502414912188871
-0.012700000000000156,0.08502414912188871
-0.011700000000000044,0.08502414912188871
-0.010700000000000154,0.08502414912188871
-0.009700000000000042,0.08502414912188871
-0.008700000000000152,0.08502414912188871
-0.00770000000000004,0.08502414912188871
-0.00670000000000015,0.08502414912188871
-0.005700000000000038,0.08502414912188871
-0.0047000000000001485,0.08502414912188871
-0.0037000000000000366,0.08502414912188871
-0.0027000000000001467,0.08502414912188871
-0.0017000000000000348,0.08502414912188871
-0.000700000000000145,0.08502414912188871
0.00029999999999996696,0.08502414912188871
0.0012999999999998568,0.08502414912188871
0.0022999999999999687,0.08502414912188871
0.0032999999999998586,0.08502414912188871
0.0042999999999999705,0.08502414912188871
0.00529999999999986,0.12863969849672777
0.006299999999999972,0.08502414912188871
0.007299999999999862,0.08502414912188871
0.008299999999999974,0.08502414912188871
0.009299999999999864,0.08502414912188871
0.010299999999999976,0.08502414912188871
0.011299999999999866,0.08502414912188871
0.012299999999999978,0.08502414912188871
