Mar. 31, 2025   09:44:50
Cyclic Voltammetry
File: c:/users/guazh/data/banditlqround7_x0exp518_r20/2025-03-28-exp998\exp998-2025-03-31t09_34_50-arkoh\exp998_cv_sr_200mvs_efin_-1500mv.bin
Data Source:  Experiment
Instrument Model:  CHI760E
Header: CV ran at 200 mVs
Note: 

Init E (V) = -1
High E (V) = -1
Low E (V) = -1.5
Final E (V) = -1
Init P/N = N
Scan Rate (V/s) = 0.2
Segment = 3
Sample Interval (V) = 0.001
Quiet Time (sec) = 2
Sensitivity (A/V) = 0.01
Comp R (ohm) = 1.6

Results:

Channel 1:
Segment 1:

Segment 2:

Segment 3:

Potential/V, Current/A

-1.000, -3.681e-4
-1.001, -2.724e-4
-1.002, -1.924e-4
-1.003, -1.275e-4
-1.004, -6.245e-5
-1.005, -4.708e-6
-1.006, 4.207e-5
-1.007, 8.974e-5
-1.008, 1.380e-4
-1.009, 1.765e-4
-1.010, 2.112e-4
-1.011, 2.517e-4
-1.012, 2.871e-4
-1.013, 3.153e-4
-1.014, 3.495e-4
-1.015, 3.805e-4
-1.016, 4.033e-4
-1.017, 4.315e-4
-1.018, 4.646e-4
-1.019, 4.884e-4
-1.020, 5.105e-4
-1.021, 5.380e-4
-1.022, 5.617e-4
-1.023, 5.807e-4
-1.024, 6.078e-4
-1.025, 6.348e-4
-1.026, 6.527e-4
-1.027, 6.734e-4
-1.028, 7.005e-4
-1.029, 7.189e-4
-1.030, 7.372e-4
-1.031, 7.622e-4
-1.032, 7.808e-4
-1.033, 7.946e-4
-1.034, 8.182e-4
-1.035, 8.444e-4
-1.036, 8.618e-4
-1.037, 8.805e-4
-1.038, 9.040e-4
-1.039, 9.194e-4
-1.040, 9.337e-4
-1.041, 9.580e-4
-1.042, 9.833e-4
-1.043, 1.003e-3
-1.044, 1.026e-3
-1.045, 1.050e-3
-1.046, 1.063e-3
-1.047, 1.077e-3
-1.048, 1.102e-3
-1.049, 1.123e-3
-1.050, 1.138e-3
-1.051, 1.159e-3
-1.052, 1.183e-3
-1.053, 1.204e-3
-1.054, 1.226e-3
-1.055, 1.243e-3
-1.056, 1.251e-3
-1.057, 1.270e-3
-1.058, 1.301e-3
-1.059, 1.321e-3
-1.060, 1.336e-3
-1.061, 1.363e-3
-1.062, 1.387e-3
-1.063, 1.400e-3
-1.064, 1.420e-3
-1.065, 1.442e-3
-1.066, 1.455e-3
-1.067, 1.473e-3
-1.068, 1.499e-3
-1.069, 1.520e-3
-1.070, 1.536e-3
-1.071, 1.556e-3
-1.072, 1.579e-3
-1.073, 1.600e-3
-1.074, 1.619e-3
-1.075, 1.640e-3
-1.076, 1.662e-3
-1.077, 1.685e-3
-1.078, 1.704e-3
-1.079, 1.714e-3
-1.080, 1.731e-3
-1.081, 1.757e-3
-1.082, 1.779e-3
-1.083, 1.798e-3
-1.084, 1.824e-3
-1.085, 1.844e-3
-1.086, 1.853e-3
-1.087, 1.870e-3
-1.088, 1.897e-3
-1.089, 1.921e-3
-1.090, 1.934e-3
-1.091, 1.952e-3
-1.092, 1.970e-3
-1.093, 1.988e-3
-1.094, 2.018e-3
-1.095, 2.041e-3
-1.096, 2.048e-3
-1.097, 2.061e-3
-1.098, 2.085e-3
-1.099, 2.103e-3
-1.100, 2.122e-3
-1.101, 2.146e-3
-1.102, 2.163e-3
-1.103, 2.173e-3
-1.104, 2.193e-3
-1.105, 2.214e-3
-1.106, 2.230e-3
-1.107, 2.260e-3
-1.108, 2.294e-3
-1.109, 2.308e-3
-1.110, 2.308e-3
-1.111, 2.309e-3
-1.112, 2.314e-3
-1.113, 2.332e-3
-1.114, 2.368e-3
-1.115, 2.399e-3
-1.116, 2.412e-3
-1.117, 2.417e-3
-1.118, 2.426e-3
-1.119, 2.436e-3
-1.120, 2.462e-3
-1.121, 2.496e-3
-1.122, 2.522e-3
-1.123, 2.536e-3
-1.124, 2.549e-3
-1.125, 2.549e-3
-1.126, 2.549e-3
-1.127, 2.581e-3
-1.128, 2.626e-3
-1.129, 2.643e-3
-1.130, 2.638e-3
-1.131, 2.642e-3
-1.132, 2.658e-3
-1.133, 2.680e-3
-1.134, 2.702e-3
-1.135, 2.717e-3
-1.136, 2.728e-3
-1.137, 2.751e-3
-1.138, 2.777e-3
-1.139, 2.785e-3
-1.140, 2.782e-3
-1.141, 2.788e-3
-1.142, 2.800e-3
-1.143, 2.820e-3
-1.144, 2.848e-3
-1.145, 2.868e-3
-1.146, 2.872e-3
-1.147, 2.879e-3
-1.148, 2.892e-3
-1.149, 2.905e-3
-1.150, 2.923e-3
-1.151, 2.945e-3
-1.152, 2.956e-3
-1.153, 2.959e-3
-1.154, 2.973e-3
-1.155, 2.993e-3
-1.156, 3.007e-3
-1.157, 3.018e-3
-1.158, 3.039e-3
-1.159, 3.057e-3
-1.160, 3.068e-3
-1.161, 3.079e-3
-1.162, 3.085e-3
-1.163, 3.093e-3
-1.164, 3.113e-3
-1.165, 3.137e-3
-1.166, 3.152e-3
-1.167, 3.169e-3
-1.168, 3.187e-3
-1.169, 3.187e-3
-1.170, 3.187e-3
-1.171, 3.209e-3
-1.172, 3.238e-3
-1.173, 3.260e-3
-1.174, 3.274e-3
-1.175, 3.273e-3
-1.176, 3.264e-3
-1.177, 3.275e-3
-1.178, 3.304e-3
-1.179, 3.335e-3
-1.180, 3.357e-3
-1.181, 3.372e-3
-1.182, 3.366e-3
-1.183, 3.361e-3
-1.184, 3.379e-3
-1.185, 3.414e-3
-1.186, 3.432e-3
-1.187, 3.444e-3
-1.188, 3.467e-3
-1.189, 3.485e-3
-1.190, 3.500e-3
-1.191, 3.513e-3
-1.192, 3.509e-3
-1.193, 3.508e-3
-1.194, 3.523e-3
-1.195, 3.556e-3
-1.196, 3.581e-3
-1.197, 3.591e-3
-1.198, 3.593e-3
-1.199, 3.596e-3
-1.200, 3.600e-3
-1.201, 3.610e-3
-1.202, 3.637e-3
-1.203, 3.673e-3
-1.204, 3.700e-3
-1.205, 3.696e-3
-1.206, 3.684e-3
-1.207, 3.702e-3
-1.208, 3.730e-3
-1.209, 3.744e-3
-1.210, 3.767e-3
-1.211, 3.788e-3
-1.212, 3.786e-3
-1.213, 3.787e-3
-1.214, 3.811e-3
-1.215, 3.835e-3
-1.216, 3.834e-3
-1.217, 3.838e-3
-1.218, 3.861e-3
-1.219, 3.898e-3
-1.220, 3.922e-3
-1.221, 3.916e-3
-1.222, 3.897e-3
-1.223, 3.896e-3
-1.224, 3.931e-3
-1.225, 3.977e-3
-1.226, 4.005e-3
-1.227, 4.014e-3
-1.228, 4.016e-3
-1.229, 4.019e-3
-1.230, 4.030e-3
-1.231, 4.066e-3
-1.232, 4.096e-3
-1.233, 4.104e-3
-1.234, 4.103e-3
-1.235, 4.105e-3
-1.236, 4.109e-3
-1.237, 4.130e-3
-1.238, 4.160e-3
-1.239, 4.174e-3
-1.240, 4.175e-3
-1.241, 4.188e-3
-1.242, 4.194e-3
-1.243, 4.192e-3
-1.244, 4.205e-3
-1.245, 4.239e-3
-1.246, 4.266e-3
-1.247, 4.269e-3
-1.248, 4.261e-3
-1.249, 4.269e-3
-1.250, 4.294e-3
-1.251, 4.313e-3
-1.252, 4.310e-3
-1.253, 4.313e-3
-1.254, 4.341e-3
-1.255, 4.362e-3
-1.256, 4.366e-3
-1.257, 4.376e-3
-1.258, 4.399e-3
-1.259, 4.412e-3
-1.260, 4.413e-3
-1.261, 4.419e-3
-1.262, 4.433e-3
-1.263, 4.447e-3
-1.264, 4.467e-3
-1.265, 4.476e-3
-1.266, 4.476e-3
-1.267, 4.483e-3
-1.268, 4.504e-3
-1.269, 4.516e-3
-1.270, 4.522e-3
-1.271, 4.540e-3
-1.272, 4.544e-3
-1.273, 4.553e-3
-1.274, 4.569e-3
-1.275, 4.577e-3
-1.276, 4.583e-3
-1.277, 4.603e-3
-1.278, 4.639e-3
-1.279, 4.661e-3
-1.280, 4.673e-3
-1.281, 4.665e-3
-1.282, 4.649e-3
-1.283, 4.641e-3
-1.284, 4.648e-3
-1.285, 4.679e-3
-1.286, 4.692e-3
-1.287, 4.703e-3
-1.288, 4.722e-3
-1.289, 4.736e-3
-1.290, 4.737e-3
-1.291, 4.749e-3
-1.292, 4.745e-3
-1.293, 4.727e-3
-1.294, 4.736e-3
-1.295, 4.761e-3
-1.296, 4.772e-3
-1.297, 4.776e-3
-1.298, 4.792e-3
-1.299, 4.804e-3
-1.300, 4.822e-3
-1.301, 4.835e-3
-1.302, 4.822e-3
-1.303, 4.796e-3
-1.304, 4.795e-3
-1.305, 4.824e-3
-1.306, 4.862e-3
-1.307, 4.885e-3
-1.308, 4.892e-3
-1.309, 4.863e-3
-1.310, 4.824e-3
-1.311, 4.839e-3
-1.312, 4.887e-3
-1.313, 4.904e-3
-1.314, 4.903e-3
-1.315, 4.897e-3
-1.316, 4.870e-3
-1.317, 4.845e-3
-1.318, 4.861e-3
-1.319, 4.898e-3
-1.320, 4.933e-3
-1.321, 4.947e-3
-1.322, 4.946e-3
-1.323, 4.941e-3
-1.324, 4.942e-3
-1.325, 4.943e-3
-1.326, 4.941e-3
-1.327, 4.940e-3
-1.328, 4.946e-3
-1.329, 4.955e-3
-1.330, 4.963e-3
-1.331, 4.965e-3
-1.332, 4.956e-3
-1.333, 4.947e-3
-1.334, 4.939e-3
-1.335, 4.928e-3
-1.336, 4.916e-3
-1.337, 4.930e-3
-1.338, 4.956e-3
-1.339, 4.961e-3
-1.340, 4.942e-3
-1.341, 4.927e-3
-1.342, 4.932e-3
-1.343, 4.955e-3
-1.344, 4.969e-3
-1.345, 4.952e-3
-1.346, 4.929e-3
-1.347, 4.953e-3
-1.348, 4.997e-3
-1.349, 5.007e-3
-1.350, 4.983e-3
-1.351, 4.947e-3
-1.352, 4.909e-3
-1.353, 4.899e-3
-1.354, 4.941e-3
-1.355, 4.993e-3
-1.356, 5.008e-3
-1.357, 4.980e-3
-1.358, 4.951e-3
-1.359, 4.940e-3
-1.360, 4.938e-3
-1.361, 4.955e-3
-1.362, 4.975e-3
-1.363, 4.968e-3
-1.364, 4.959e-3
-1.365, 4.968e-3
-1.366, 4.974e-3
-1.367, 4.970e-3
-1.368, 4.944e-3
-1.369, 4.912e-3
-1.370, 4.911e-3
-1.371, 4.942e-3
-1.372, 4.970e-3
-1.373, 4.975e-3
-1.374, 4.965e-3
-1.375, 4.937e-3
-1.376, 4.914e-3
-1.377, 4.922e-3
-1.378, 4.950e-3
-1.379, 4.970e-3
-1.380, 4.974e-3
-1.381, 4.966e-3
-1.382, 4.950e-3
-1.383, 4.947e-3
-1.384, 4.961e-3
-1.385, 4.971e-3
-1.386, 4.962e-3
-1.387, 4.959e-3
-1.388, 4.955e-3
-1.389, 4.956e-3
-1.390, 4.958e-3
-1.391, 4.962e-3
-1.392, 4.950e-3
-1.393, 4.916e-3
-1.394, 4.905e-3
-1.395, 4.923e-3
-1.396, 4.932e-3
-1.397, 4.946e-3
-1.398, 4.959e-3
-1.399, 4.975e-3
-1.400, 4.991e-3
-1.401, 4.999e-3
-1.402, 4.991e-3
-1.403, 4.970e-3
-1.404, 4.970e-3
-1.405, 4.990e-3
-1.406, 5.011e-3
-1.407, 5.025e-3
-1.408, 5.035e-3
-1.409, 5.037e-3
-1.410, 5.031e-3
-1.411, 5.032e-3
-1.412, 5.033e-3
-1.413, 5.023e-3
-1.414, 5.026e-3
-1.415, 5.032e-3
-1.416, 5.042e-3
-1.417, 5.056e-3
-1.418, 5.077e-3
-1.419, 5.088e-3
-1.420, 5.097e-3
-1.421, 5.091e-3
-1.422, 5.076e-3
-1.423, 5.065e-3
-1.424, 5.088e-3
-1.425, 5.126e-3
-1.426, 5.155e-3
-1.427, 5.155e-3
-1.428, 5.135e-3
-1.429, 5.129e-3
-1.430, 5.145e-3
-1.431, 5.171e-3
-1.432, 5.196e-3
-1.433, 5.224e-3
-1.434, 5.239e-3
-1.435, 5.226e-3
-1.436, 5.210e-3
-1.437, 5.214e-3
-1.438, 5.239e-3
-1.439, 5.270e-3
-1.440, 5.308e-3
-1.441, 5.340e-3
-1.442, 5.339e-3
-1.443, 5.331e-3
-1.444, 5.334e-3
-1.445, 5.355e-3
-1.446, 5.384e-3
-1.447, 5.414e-3
-1.448, 5.433e-3
-1.449, 5.449e-3
-1.450, 5.468e-3
-1.451, 5.503e-3
-1.452, 5.529e-3
-1.453, 5.518e-3
-1.454, 5.501e-3
-1.455, 5.502e-3
-1.456, 5.528e-3
-1.457, 5.576e-3
-1.458, 5.666e-3
-1.459, 5.696e-3
-1.460, 5.689e-3
-1.461, 5.688e-3
-1.462, 5.701e-3
-1.463, 5.725e-3
-1.464, 5.770e-3
-1.465, 5.818e-3
-1.466, 5.858e-3
-1.467, 5.898e-3
-1.468, 5.936e-3
-1.469, 5.962e-3
-1.470, 6.014e-3
-1.471, 6.094e-3
-1.472, 6.137e-3
-1.473, 6.134e-3
-1.474, 6.170e-3
-1.475, 6.260e-3
-1.476, 6.325e-3
-1.477, 6.363e-3
-1.478, 6.421e-3
-1.479, 6.479e-3
-1.480, 6.538e-3
-1.481, 6.609e-3
-1.482, 6.675e-3
-1.483, 6.750e-3
-1.484, 6.828e-3
-1.485, 6.904e-3
-1.486, 6.957e-3
-1.487, 7.020e-3
-1.488, 7.103e-3
-1.489, 7.178e-3
-1.490, 7.256e-3
-1.491, 7.366e-3
-1.492, 7.472e-3
-1.493, 7.542e-3
-1.494, 7.616e-3
-1.495, 7.704e-3
-1.496, 7.790e-3
-1.497, 7.881e-3
-1.498, 7.998e-3
-1.499, 8.108e-3
-1.500, 8.081e-3
-1.499, 7.956e-3
-1.498, 7.890e-3
-1.497, 7.870e-3
-1.496, 7.840e-3
-1.495, 7.783e-3
-1.494, 7.700e-3
-1.493, 7.627e-3
-1.492, 7.565e-3
-1.491, 7.498e-3
-1.490, 7.445e-3
-1.489, 7.413e-3
-1.488, 7.390e-3
-1.487, 7.347e-3
-1.486, 7.288e-3
-1.485, 7.226e-3
-1.484, 7.167e-3
-1.483, 7.132e-3
-1.482, 7.115e-3
-1.481, 7.080e-3
-1.480, 7.027e-3
-1.479, 6.949e-3
-1.478, 6.856e-3
-1.477, 6.799e-3
-1.476, 6.799e-3
-1.475, 6.786e-3
-1.474, 6.714e-3
-1.473, 6.611e-3
-1.472, 6.524e-3
-1.471, 6.470e-3
-1.470, 6.444e-3
-1.469, 6.412e-3
-1.468, 6.350e-3
-1.467, 6.267e-3
-1.466, 6.199e-3
-1.465, 6.143e-3
-1.464, 6.081e-3
-1.463, 6.045e-3
-1.462, 6.003e-3
-1.461, 5.938e-3
-1.460, 5.860e-3
-1.459, 5.798e-3
-1.458, 5.744e-3
-1.457, 5.687e-3
-1.456, 5.628e-3
-1.455, 5.570e-3
-1.454, 5.514e-3
-1.453, 5.469e-3
-1.452, 5.403e-3
-1.451, 5.326e-3
-1.450, 5.263e-3
-1.449, 5.232e-3
-1.448, 5.193e-3
-1.447, 5.126e-3
-1.446, 5.046e-3
-1.445, 4.976e-3
-1.444, 4.918e-3
-1.443, 4.873e-3
-1.442, 4.832e-3
-1.441, 4.773e-3
-1.440, 4.700e-3
-1.439, 4.637e-3
-1.438, 4.578e-3
-1.437, 4.513e-3
-1.436, 4.459e-3
-1.435, 4.411e-3
-1.434, 4.351e-3
-1.433, 4.288e-3
-1.432, 4.235e-3
-1.431, 4.174e-3
-1.430, 4.103e-3
-1.429, 4.043e-3
-1.428, 3.992e-3
-1.427, 3.933e-3
-1.426, 3.878e-3
-1.425, 3.826e-3
-1.424, 3.767e-3
-1.423, 3.713e-3
-1.422, 3.665e-3
-1.421, 3.617e-3
-1.420, 3.558e-3
-1.419, 3.496e-3
-1.418, 3.425e-3
-1.417, 3.363e-3
-1.416, 3.321e-3
-1.415, 3.279e-3
-1.414, 3.224e-3
-1.413, 3.179e-3
-1.412, 3.133e-3
-1.411, 3.064e-3
-1.410, 2.998e-3
-1.409, 2.956e-3
-1.408, 2.911e-3
-1.407, 2.849e-3
-1.406, 2.786e-3
-1.405, 2.740e-3
-1.404, 2.690e-3
-1.403, 2.649e-3
-1.402, 2.610e-3
-1.401, 2.559e-3
-1.400, 2.501e-3
-1.399, 2.451e-3
-1.398, 2.399e-3
-1.397, 2.351e-3
-1.396, 2.308e-3
-1.395, 2.259e-3
-1.394, 2.203e-3
-1.393, 2.157e-3
-1.392, 2.118e-3
-1.391, 2.073e-3
-1.390, 2.032e-3
-1.389, 1.985e-3
-1.388, 1.935e-3
-1.387, 1.886e-3
-1.386, 1.843e-3
-1.385, 1.801e-3
-1.384, 1.753e-3
-1.383, 1.709e-3
-1.382, 1.672e-3
-1.381, 1.623e-3
-1.380, 1.568e-3
-1.379, 1.527e-3
-1.378, 1.491e-3
-1.377, 1.449e-3
-1.376, 1.415e-3
-1.375, 1.386e-3
-1.374, 1.337e-3
-1.373, 1.296e-3
-1.372, 1.264e-3
-1.371, 1.225e-3
-1.370, 1.182e-3
-1.369, 1.140e-3
-1.368, 1.097e-3
-1.367, 1.059e-3
-1.366, 1.029e-3
-1.365, 9.946e-4
-1.364, 9.462e-4
-1.363, 9.041e-4
-1.362, 8.763e-4
-1.361, 8.463e-4
-1.360, 8.122e-4
-1.359, 7.797e-4
-1.358, 7.419e-4
-1.357, 7.029e-4
-1.356, 6.725e-4
-1.355, 6.440e-4
-1.354, 6.070e-4
-1.353, 5.734e-4
-1.352, 5.454e-4
-1.351, 5.076e-4
-1.350, 4.720e-4
-1.349, 4.478e-4
-1.348, 4.202e-4
-1.347, 3.844e-4
-1.346, 3.540e-4
-1.345, 3.260e-4
-1.344, 2.940e-4
-1.343, 2.658e-4
-1.342, 2.413e-4
-1.341, 2.088e-4
-1.340, 1.762e-4
-1.339, 1.523e-4
-1.338, 1.261e-4
-1.337, 9.399e-5
-1.336, 6.913e-5
-1.335, 4.519e-5
-1.334, 1.315e-5
-1.333, -1.346e-5
-1.332, -3.563e-5
-1.331, -6.388e-5
-1.330, -9.320e-5
-1.329, -1.144e-4
-1.328, -1.385e-4
-1.327, -1.688e-4
-1.326, -1.906e-4
-1.325, -2.106e-4
-1.324, -2.387e-4
-1.323, -2.624e-4
-1.322, -2.817e-4
-1.321, -3.073e-4
-1.320, -3.325e-4
-1.319, -3.496e-4
-1.318, -3.719e-4
-1.317, -3.995e-4
-1.316, -4.203e-4
-1.315, -4.378e-4
-1.314, -4.644e-4
-1.313, -4.892e-4
-1.312, -5.051e-4
-1.311, -5.255e-4
-1.310, -5.473e-4
-1.309, -5.626e-4
-1.308, -5.825e-4
-1.307, -6.071e-4
-1.306, -6.271e-4
-1.305, -6.481e-4
-1.304, -6.754e-4
-1.303, -6.968e-4
-1.302, -7.092e-4
-1.301, -7.284e-4
-1.300, -7.534e-4
-1.299, -7.711e-4
-1.298, -7.904e-4
-1.297, -8.136e-4
-1.296, -8.311e-4
-1.295, -8.487e-4
-1.294, -8.768e-4
-1.293, -9.048e-4
-1.292, -9.219e-4
-1.291, -9.377e-4
-1.290, -9.486e-4
-1.289, -9.532e-4
-1.288, -9.695e-4
-1.287, -1.000e-3
-1.286, -1.023e-3
-1.285, -1.038e-3
-1.284, -1.059e-3
-1.283, -1.076e-3
-1.282, -1.087e-3
-1.281, -1.105e-3
-1.280, -1.127e-3
-1.279, -1.142e-3
-1.278, -1.160e-3
-1.277, -1.180e-3
-1.276, -1.190e-3
-1.275, -1.198e-3
-1.274, -1.218e-3
-1.273, -1.242e-3
-1.272, -1.257e-3
-1.271, -1.278e-3
-1.270, -1.296e-3
-1.269, -1.306e-3
-1.268, -1.322e-3
-1.267, -1.344e-3
-1.266, -1.357e-3
-1.265, -1.370e-3
-1.264, -1.396e-3
-1.263, -1.415e-3
-1.262, -1.425e-3
-1.261, -1.442e-3
-1.260, -1.463e-3
-1.259, -1.478e-3
-1.258, -1.495e-3
-1.257, -1.515e-3
-1.256, -1.528e-3
-1.255, -1.540e-3
-1.254, -1.563e-3
-1.253, -1.584e-3
-1.252, -1.597e-3
-1.251, -1.615e-3
-1.250, -1.630e-3
-1.249, -1.641e-3
-1.248, -1.662e-3
-1.247, -1.688e-3
-1.246, -1.696e-3
-1.245, -1.702e-3
-1.244, -1.729e-3
-1.243, -1.759e-3
-1.242, -1.779e-3
-1.241, -1.795e-3
-1.240, -1.808e-3
-1.239, -1.824e-3
-1.238, -1.850e-3
-1.237, -1.877e-3
-1.236, -1.888e-3
-1.235, -1.891e-3
-1.234, -1.912e-3
-1.233, -1.938e-3
-1.232, -1.957e-3
-1.231, -1.973e-3
-1.230, -1.984e-3
-1.229, -1.995e-3
-1.228, -2.016e-3
-1.227, -2.045e-3
-1.226, -2.070e-3
-1.225, -2.092e-3
-1.224, -2.117e-3
-1.223, -2.134e-3
-1.222, -2.144e-3
-1.221, -2.161e-3
-1.220, -2.182e-3
-1.219, -2.202e-3
-1.218, -2.231e-3
-1.217, -2.263e-3
-1.216, -2.280e-3
-1.215, -2.300e-3
-1.214, -2.313e-3
-1.213, -2.314e-3
-1.212, -2.335e-3
-1.211, -2.388e-3
-1.210, -2.434e-3
-1.209, -2.439e-3
-1.208, -2.431e-3
-1.207, -2.439e-3
-1.206, -2.448e-3
-1.205, -2.477e-3
-1.204, -2.522e-3
-1.203, -2.552e-3
-1.202, -2.562e-3
-1.201, -2.578e-3
-1.200, -2.610e-3
-1.199, -2.637e-3
-1.198, -2.658e-3
-1.197, -2.680e-3
-1.196, -2.692e-3
-1.195, -2.706e-3
-1.194, -2.735e-3
-1.193, -2.770e-3
-1.192, -2.783e-3
-1.191, -2.789e-3
-1.190, -2.809e-3
-1.189, -2.837e-3
-1.188, -2.878e-3
-1.187, -2.915e-3
-1.186, -2.929e-3
-1.185, -2.934e-3
-1.184, -2.943e-3
-1.183, -2.958e-3
-1.182, -2.973e-3
-1.181, -3.003e-3
-1.180, -3.046e-3
-1.179, -3.071e-3
-1.178, -3.089e-3
-1.177, -3.101e-3
-1.176, -3.116e-3
-1.175, -3.137e-3
-1.174, -3.167e-3
-1.173, -3.184e-3
-1.172, -3.190e-3
-1.171, -3.216e-3
-1.170, -3.252e-3
-1.169, -3.277e-3
-1.168, -3.293e-3
-1.167, -3.310e-3
-1.166, -3.312e-3
-1.165, -3.316e-3
-1.164, -3.351e-3
-1.163, -3.393e-3
-1.162, -3.413e-3
-1.161, -3.420e-3
-1.160, -3.427e-3
-1.159, -3.442e-3
-1.158, -3.465e-3
-1.157, -3.483e-3
-1.156, -3.496e-3
-1.155, -3.513e-3
-1.154, -3.543e-3
-1.153, -3.571e-3
-1.152, -3.582e-3
-1.151, -3.597e-3
-1.150, -3.612e-3
-1.149, -3.614e-3
-1.148, -3.619e-3
-1.147, -3.648e-3
-1.146, -3.673e-3
-1.145, -3.690e-3
-1.144, -3.712e-3
-1.143, -3.730e-3
-1.142, -3.739e-3
-1.141, -3.750e-3
-1.140, -3.758e-3
-1.139, -3.761e-3
-1.138, -3.780e-3
-1.137, -3.819e-3
-1.136, -3.842e-3
-1.135, -3.845e-3
-1.134, -3.848e-3
-1.133, -3.851e-3
-1.132, -3.858e-3
-1.131, -3.883e-3
-1.130, -3.911e-3
-1.129, -3.921e-3
-1.128, -3.915e-3
-1.127, -3.917e-3
-1.126, -3.927e-3
-1.125, -3.954e-3
-1.124, -3.994e-3
-1.123, -4.016e-3
-1.122, -4.011e-3
-1.121, -4.009e-3
-1.120, -4.018e-3
-1.119, -4.024e-3
-1.118, -4.041e-3
-1.117, -4.067e-3
-1.116, -4.070e-3
-1.115, -4.065e-3
-1.114, -4.079e-3
-1.113, -4.118e-3
-1.112, -4.144e-3
-1.111, -4.156e-3
-1.110, -4.158e-3
-1.109, -4.149e-3
-1.108, -4.144e-3
-1.107, -4.156e-3
-1.106, -4.167e-3
-1.105, -4.192e-3
-1.104, -4.215e-3
-1.103, -4.231e-3
-1.102, -4.228e-3
-1.101, -4.222e-3
-1.100, -4.231e-3
-1.099, -4.244e-3
-1.098, -4.259e-3
-1.097, -4.272e-3
-1.096, -4.274e-3
-1.095, -4.273e-3
-1.094, -4.285e-3
-1.093, -4.313e-3
-1.092, -4.338e-3
-1.091, -4.346e-3
-1.090, -4.332e-3
-1.089, -4.307e-3
-1.088, -4.310e-3
-1.087, -4.335e-3
-1.086, -4.353e-3
-1.085, -4.357e-3
-1.084, -4.369e-3
-1.083, -4.394e-3
-1.082, -4.412e-3
-1.081, -4.409e-3
-1.080, -4.367e-3
-1.079, -4.336e-3
-1.078, -4.355e-3
-1.077, -4.394e-3
-1.076, -4.420e-3
-1.075, -4.439e-3
-1.074, -4.443e-3
-1.073, -4.448e-3
-1.072, -4.445e-3
-1.071, -4.439e-3
-1.070, -4.437e-3
-1.069, -4.447e-3
-1.068, -4.480e-3
-1.067, -4.513e-3
-1.066, -4.520e-3
-1.065, -4.510e-3
-1.064, -4.495e-3
-1.063, -4.492e-3
-1.062, -4.492e-3
-1.061, -4.489e-3
-1.060, -4.481e-3
-1.059, -4.489e-3
-1.058, -4.520e-3
-1.057, -4.544e-3
-1.056, -4.556e-3
-1.055, -4.554e-3
-1.054, -4.544e-3
-1.053, -4.541e-3
-1.052, -4.545e-3
-1.051, -4.556e-3
-1.050, -4.541e-3
-1.049, -4.519e-3
-1.048, -4.529e-3
-1.047, -4.569e-3
-1.046, -4.599e-3
-1.045, -4.598e-3
-1.044, -4.578e-3
-1.043, -4.556e-3
-1.042, -4.551e-3
-1.041, -4.574e-3
-1.040, -4.590e-3
-1.039, -4.573e-3
-1.038, -4.561e-3
-1.037, -4.587e-3
-1.036, -4.614e-3
-1.035, -4.631e-3
-1.034, -4.639e-3
-1.033, -4.617e-3
-1.032, -4.597e-3
-1.031, -4.614e-3
-1.030, -4.634e-3
-1.029, -4.621e-3
-1.028, -4.605e-3
-1.027, -4.633e-3
-1.026, -4.671e-3
-1.025, -4.678e-3
-1.024, -4.681e-3
-1.023, -4.643e-3
-1.022, -4.614e-3
-1.021, -4.633e-3
-1.020, -4.656e-3
-1.019, -4.664e-3
-1.018, -4.695e-3
-1.017, -4.738e-3
-1.016, -4.729e-3
-1.015, -4.686e-3
-1.014, -4.671e-3
-1.013, -4.700e-3
-1.012, -4.752e-3
-1.011, -4.777e-3
-1.010, -4.760e-3
-1.009, -4.720e-3
-1.008, -4.693e-3
-1.007, -4.712e-3
-1.006, -4.738e-3
-1.005, -4.744e-3
-1.004, -4.730e-3
-1.003, -4.732e-3
-1.002, -4.754e-3
-1.001, -4.766e-3
