Potential V vs RHE, Current mA cm-2
0.4132999999999999,-0.014967645552572089
0.4122999999999999,-0.01625503283544927
0.4112999999999999,-0.01662285777341418
0.4102999999999999,-0.016792623129397985
0.4092999999999999,-0.016948241372383138
0.4082999999999999,-0.01706141827637234
0.4072999999999999,-0.017202889406358845
0.4062999999999999,-0.0173019191973494
0.4052999999999999,-0.0174150961013386
0.4042999999999999,-0.017542420118326456
0.4032999999999999,-0.017599008570321057
0.4022999999999999,-0.01771218547431026
0.4012999999999999,-0.017797068152302163
0.4002999999999999,-0.01785365660429676
0.3992999999999999,-0.017952686395287316
0.3982999999999999,-0.018009274847281917
0.3972999999999999,-0.018094157525273817
0.3962999999999999,-0.01816489309026707
0.3952999999999999,-0.018235628655260322
0.3942999999999999,-0.018306364220253574
0.39329999999999987,-0.018391246898245478
0.39229999999999987,-0.018461982463238727
0.39129999999999987,-0.018546865141230634
0.39029999999999987,-0.018603453593225232
0.38929999999999987,-0.018688336271217135
0.38829999999999987,-0.018744924723211737
0.38729999999999987,-0.018773218949209036
0.38629999999999987,-0.018886395853198238
0.38529999999999986,-0.018942984305192843
0.38429999999999986,-0.019013719870186095
0.38329999999999986,-0.019084455435179344
0.38229999999999986,-0.019169338113171244
0.38129999999999986,-0.01922592656516585
0.38029999999999986,-0.01928251501716045
0.37929999999999986,-0.01933910346915505
0.37829999999999986,-0.019381544808151
0.37729999999999986,-0.019452280373144254
0.37629999999999986,-0.01950886882513886
0.37529999999999986,-0.019565457277133456
0.37429999999999986,-0.01963619284212671
0.37329999999999985,-0.01967863418112266
0.37229999999999985,-0.019777663972113214
0.37129999999999985,-0.019820105311109164
0.37029999999999985,-0.019890840876102416
0.36929999999999985,-0.019961576441095665
0.36829999999999985,-0.020018164893090266
0.36729999999999985,-0.020103047571082173
0.36629999999999985,-0.02015963602307677
0.36529999999999985,-0.020173783136075422
0.36429999999999985,-0.020244518701068675
0.36329999999999985,-0.020286960040064625
0.36229999999999984,-0.020343548492059226
0.36129999999999984,-0.02042843117005113
0.36029999999999984,-0.020470872509047083
0.35929999999999984,-0.020541608074040336
0.35829999999999984,-0.020584049413036282
0.35729999999999984,-0.020654784978029535
0.35629999999999984,-0.02073966765602144
0.35529999999999984,-0.02078210899501739
0.35429999999999984,-0.02085284456001064
0.35329999999999984,-0.020909433012005242
0.35229999999999984,-0.020966021463999843
0.35129999999999983,-0.021008462802995797
0.35029999999999983,-0.021050904141991744
0.34929999999999983,-0.021121639706984996
0.34829999999999983,-0.0211782281589796
0.34729999999999983,-0.0212631108369715
0.34629999999999983,-0.021319699288966102
0.34529999999999983,-0.021376287740960703
0.34429999999999983,-0.021432876192955305
0.3432999999999998,-0.02150361175794856
0.3422999999999998,-0.021560200209943158
0.3412999999999998,-0.02161678866193776
0.3402999999999998,-0.021687524226931015
0.3392999999999998,-0.021701671339929663
0.3382999999999998,-0.021772406904922915
0.3372999999999998,-0.021814848243918866
0.3362999999999998,-0.02185728958291482
0.3352999999999998,-0.021956319373905367
0.3342999999999998,-0.02204120205189727
0.3332999999999998,-0.02208364339089322
0.3322999999999998,-0.022154378955886473
0.3312999999999998,-0.022196820294882423
0.3302999999999998,-0.02226755585987568
0.3292999999999998,-0.022295850085872978
0.3282999999999998,-0.02232414431187028
0.3272999999999998,-0.02240902698986218
0.3262999999999998,-0.022437321215859483
0.3252999999999999,-0.022508056780852735
0.3242999999999999,-0.022592939458844635
0.3232999999999999,-0.022635380797840585
0.3222999999999999,-0.02270611636283384
0.3212999999999999,-0.02277685192782709
0.3202999999999999,-0.022833440379821688
0.3192999999999999,-0.02287588171881764
0.3182999999999999,-0.022904175944814944
0.3172999999999999,-0.022946617283810897
0.3162999999999999,-0.023017352848804146
0.3152999999999999,-0.0230597941878001
0.3142999999999999,-0.023116382639794698
0.3132999999999999,-0.023172971091789302
0.3122999999999999,-0.0232295595437839
0.3112999999999999,-0.023286147995778505
0.3102999999999999,-0.023328589334774455
0.3092999999999999,-0.02341347201276636
0.3082999999999999,-0.02345591335176231
0.3072999999999999,-0.023512501803756906
0.3062999999999999,-0.02356909025575151
0.3052999999999999,-0.023625678707746112
0.3042999999999999,-0.023668120046742062
0.3032999999999999,-0.023696414272739365
0.3022999999999999,-0.023767149837732617
0.3012999999999999,-0.023823738289727222
0.3002999999999999,-0.02389447385472047
0.2992999999999999,-0.02393691519371642
0.2982999999999999,-0.023993503645711022
0.2972999999999999,-0.024064239210704275
0.2962999999999999,-0.024120827662698876
0.2952999999999999,-0.02417741611469348
0.2942999999999999,-0.02423400456668808
0.2932999999999999,-0.02424815167968673
0.2922999999999999,-0.024304740131681327
0.2912999999999999,-0.02436132858367593
0.2902999999999999,-0.024432064148669184
0.2892999999999999,-0.024488652600663786
0.2882999999999999,-0.02453109393965974
0.2872999999999999,-0.024601829504652988
0.2862999999999999,-0.02467256506964624
0.2852999999999999,-0.02471500640864219
0.2842999999999999,-0.02475744774763814
0.2832999999999999,-0.024785741973635443
0.2822999999999999,-0.024856477538628696
0.2812999999999999,-0.024884771764625994
0.2802999999999999,-0.024927213103621948
0.2792999999999999,-0.0249979486686152
0.2782999999999999,-0.0250262428946125
0.2772999999999999,-0.02509697845960575
0.2762999999999999,-0.025167714024599004
0.2752999999999999,-0.025196008250596303
0.2742999999999999,-0.025266743815589552
0.2732999999999999,-0.025295038041586858
0.2722999999999999,-0.02535162649358146
0.2712999999999999,-0.02539406783257741
0.2702999999999999,-0.02543650917157336
0.2692999999999999,-0.025493097623567964
0.26829999999999987,-0.02554968607556256
0.26729999999999987,-0.025592127414558512
0.26629999999999987,-0.025634568753554465
0.26529999999999987,-0.025705304318547718
0.26429999999999987,-0.02577603988354097
0.26329999999999987,-0.025818481222536924
0.26229999999999987,-0.02587506967453152
0.26129999999999987,-0.02591751101352747
0.26029999999999986,-0.025974099465522073
0.25929999999999986,-0.026030687917516674
0.25829999999999986,-0.026058982143513973
0.25729999999999986,-0.026115570595508578
0.25629999999999986,-0.026158011934504528
0.25529999999999986,-0.02621460038649913
0.25429999999999986,-0.026257041725495082
0.25329999999999986,-0.026313630177489684
0.25229999999999986,-0.026384365742482933
0.25129999999999986,-0.026426807081478886
0.25029999999999986,-0.02649754264647214
0.24929999999999986,-0.02655413109846674
0.24829999999999985,-0.02658242532446404
0.24729999999999985,-0.026639013776458643
0.24629999999999985,-0.026695602228453245
0.24529999999999985,-0.026780484906445145
0.24429999999999985,-0.02682292624544109
0.24329999999999985,-0.026837073358439746
0.24229999999999985,-0.02692195603643165
0.24129999999999985,-0.026978544488426247
0.24029999999999985,-0.027006838714423546
0.23929999999999985,-0.0270775742794168
0.23829999999999985,-0.02709172139241545
0.23729999999999984,-0.027148309844410055
0.23629999999999984,-0.027176604070407354
0.23529999999999984,-0.027247339635400606
0.23429999999999984,-0.027289780974396556
0.23329999999999984,-0.027332222313392506
0.23229999999999984,-0.02738881076538711
0.23129999999999984,-0.027459546330380363
0.23029999999999984,-0.02750198766937631
0.22929999999999984,-0.027572723234369562
0.22829999999999984,-0.027601017460366868
0.22729999999999984,-0.027671753025360117
0.22629999999999983,-0.02772834147735472
0.22529999999999983,-0.027784929929349323
0.22429999999999983,-0.027813224155346622
0.22329999999999983,-0.027869812607341227
0.22229999999999983,-0.027898106833338522
0.22129999999999983,-0.027940548172334476
0.22029999999999983,-0.028011283737327728
0.21929999999999983,-0.028082019302320977
0.21829999999999983,-0.028124460641316927
0.21729999999999983,-0.028181049093311532
0.21629999999999983,-0.028251784658304784
0.21529999999999982,-0.028308373110299385
0.21429999999999982,-0.028364961562293983
0.21329999999999982,-0.028393255788291286
0.21229999999999982,-0.028449844240285887
0.21129999999999982,-0.02847813846628319
0.21029999999999982,-0.02854887403127644
0.20929999999999982,-0.028591315370272388
0.20829999999999982,-0.02861960959626969
0.20729999999999982,-0.028704492274261594
0.20629999999999982,-0.028761080726256192
0.20529999999999982,-0.028831816291249444
0.20429999999999982,-0.0289025518562427
0.20329999999999981,-0.028916698969241348
0.2022999999999998,-0.028987434534234607
0.2012999999999998,-0.02902987587323055
0.20029999999999992,-0.0290723172122265
0.19929999999999992,-0.029143052777219756
0.19829999999999992,-0.029171347003217055
0.19729999999999992,-0.02922793545521166
0.19629999999999992,-0.02927037679420761
0.19529999999999992,-0.029326965246202208
0.19429999999999992,-0.02946843637618871
0.19329999999999992,-0.029525024828183317
0.19229999999999992,-0.029553319054180613
0.19129999999999991,-0.029624054619173872
0.1902999999999999,-0.02966649595816982
0.1892999999999999,-0.02968064307116847
0.1882999999999999,-0.02972308441016442
0.1872999999999999,-0.029779672862159025
0.1862999999999999,-0.02982211420115497
0.1852999999999999,-0.029892849766148224
0.1842999999999999,-0.029935291105144177
0.1832999999999999,-0.029977732444140127
0.1822999999999999,-0.03006261512213203
0.1812999999999999,-0.03010505646112798
0.1802999999999999,-0.030175792026121234
0.1792999999999999,-0.030232380478115835
0.1782999999999999,-0.030260674704113137
0.1772999999999999,-0.030317263156107735
0.1762999999999999,-0.030345557382105034
0.1752999999999999,-0.030430440060096934
0.1742999999999999,-0.030458734286094236
0.1732999999999999,-0.030487028512091542
0.1722999999999999,-0.03058605830308209
0.1712999999999999,-0.030628499642078044
0.1702999999999999,-0.030699235207071292
0.1692999999999999,-0.030741676546067253
0.1682999999999999,-0.030784117885063196
0.1672999999999999,-0.030840706337057794
0.1662999999999999,-0.03085485345005645
0.1652999999999999,-0.0309255890150497
0.1642999999999999,-0.030982177467044306
0.1632999999999999,-0.031024618806040256
0.1622999999999999,-0.031095354371033508
0.1612999999999999,-0.031137795710029458
0.1602999999999999,-0.031194384162024056
0.1592999999999999,-0.03123682550102001
0.15829999999999989,-0.03127926684001596
0.15729999999999988,-0.031350002405009215
0.15629999999999988,-0.031420737970002464
0.15529999999999988,-0.03149147353499571
0.15429999999999988,-0.03154806198699031
0.15329999999999988,-0.03157635621298762
0.15229999999999988,-0.03160465043898492
0.15129999999999988,-0.03166123889097952
0.15029999999999988,-0.03171782734297412
0.14929999999999988,-0.03177441579496872
0.14829999999999988,-0.03183100424696332
0.14729999999999988,-0.03190173981195658
0.14629999999999987,-0.03198662248994848
0.14529999999999987,-0.03204321094194308
0.14429999999999987,-0.032085652280939035
0.14329999999999987,-0.032156387845932284
0.14229999999999987,-0.03219882918492823
0.14129999999999987,-0.03222712341092554
0.14029999999999987,-0.03228371186292014
0.13929999999999987,-0.03231200608891744
0.13829999999999987,-0.03236859454091204
0.13729999999999987,-0.03243933010590529
0.13629999999999987,-0.03249591855789989
0.13529999999999986,-0.03256665412289315
0.13429999999999986,-0.032623242574887745
0.13329999999999986,-0.03267983102688235
0.13229999999999986,-0.0327505665918756
0.13129999999999986,-0.03279300793087155
0.13029999999999986,-0.0328637434958648
0.12929999999999986,-0.03290618483486075
0.12829999999999986,-0.03296277328685536
0.12729999999999986,-0.03303350885184861
0.12629999999999986,-0.033075950190844555
0.12529999999999986,-0.033146685755837804
0.12429999999999986,-0.03323156843382971
0.12329999999999985,-0.03325986265982701
0.12229999999999985,-0.03333059822482026
0.12129999999999985,-0.03337303956381622
0.12029999999999985,-0.03342962801581082
0.11929999999999985,-0.03348621646780542
0.11829999999999985,-0.03351451069380272
0.11729999999999985,-0.03359939337179463
0.11629999999999985,-0.03368427604978652
0.11529999999999985,-0.033726717388782475
0.11429999999999985,-0.033797452953775724
0.11329999999999985,-0.03386818851876898
0.11229999999999984,-0.033924776970763584
0.11129999999999984,-0.03399551253575683
0.11029999999999984,-0.03405210098775143
0.10929999999999984,-0.03412283655274468
0.10829999999999984,-0.03416527789174064
0.10729999999999984,-0.03422186634373524
0.10629999999999984,-0.034278454795729836
0.10529999999999984,-0.034335043247724434
0.10429999999999984,-0.034391631699719045
0.10329999999999984,-0.034462367264712294
0.10229999999999984,-0.034547249942704195
0.10129999999999983,-0.03458969128170015
0.10029999999999983,-0.03467457395969205
0.09929999999999983,-0.034745309524685304
0.09829999999999983,-0.03480189797667991
0.09729999999999983,-0.03485848642867451
0.09629999999999983,-0.03490092776767045
0.09529999999999983,-0.0349716633326637
0.09429999999999983,-0.03501410467165966
0.09329999999999983,-0.03504239889765696
0.09229999999999983,-0.03514142868864751
0.09129999999999983,-0.035198017140642114
0.09029999999999982,-0.03525460559263671
0.08929999999999982,-0.03532534115762996
0.08829999999999982,-0.035381929609624566
0.08729999999999982,-0.03548095940061512
0.08629999999999982,-0.03553754785260972
0.08529999999999982,-0.03562243053060162
0.08429999999999982,-0.03569316609559487
0.08329999999999982,-0.03573560743459083
0.08229999999999982,-0.03579219588658543
0.08129999999999982,-0.03586293145157868
0.08029999999999982,-0.03591951990357328
0.07929999999999982,-0.03599025546856653
0.07829999999999981,-0.03606099103355979
0.07729999999999981,-0.036160020824550346
0.07629999999999981,-0.03624490350254224
0.07529999999999992,-0.03632978618053414
0.07429999999999992,-0.03638637463252875
0.07329999999999992,-0.03644296308452335
0.07229999999999992,-0.0365136986495166
0.07129999999999992,-0.03655613998851255
0.07029999999999992,-0.0366268755535058
0.06929999999999992,-0.03669761111849905
0.06829999999999992,-0.03675419957049365
0.06729999999999992,-0.036839082248485554
0.06629999999999991,-0.036923964926477454
0.06529999999999991,-0.03700884760446936
0.06429999999999991,-0.03706543605646396
0.06329999999999991,-0.037150318734455866
0.06229999999999991,-0.037235201412447766
0.06129999999999991,-0.037305936977441015
0.06029999999999991,-0.037390819655432915
0.05929999999999991,-0.037433260994428876
0.05829999999999991,-0.037503996559422124
0.05729999999999991,-0.03757473212441537
0.056299999999999906,-0.03763132057640997
0.055299999999999905,-0.03773035036740053
0.054299999999999904,-0.03781523304539243
0.0532999999999999,-0.03790011572338433
0.0522999999999999,-0.03798499840137624
0.0512999999999999,-0.03806988107936814
0.0502999999999999,-0.03814061664436139
0.0492999999999999,-0.03822549932235329
0.0482999999999999,-0.03826794066134924
0.0472999999999999,-0.0383669704523398
0.0462999999999999,-0.038409411791335744
0.045299999999999896,-0.03848014735632899
0.044299999999999895,-0.03855088292132225
0.043299999999999894,-0.0385933242603182
0.04229999999999989,-0.038706501164307405
0.04129999999999989,-0.03879138384229931
0.04029999999999989,-0.03890456074628851
0.03929999999999989,-0.03898944342428041
0.03829999999999989,-0.039046031876275006
0.03729999999999989,-0.039145061667265564
0.03629999999999989,-0.03920165011926016
0.03529999999999989,-0.03927238568425342
0.034299999999999886,-0.039343121249246674
0.033299999999999885,-0.03939970970124127
0.032299999999999884,-0.03949873949223183
0.031299999999999883,-0.039597769283222374
0.030299999999999883,-0.039696799074212925
0.02929999999999988,-0.039795828865203484
0.02829999999999988,-0.03988071154319539
0.02729999999999988,-0.039965594221187284
0.02629999999999988,-0.04000803556018324
0.025299999999999878,-0.040078771125176486
0.024299999999999877,-0.04013535957717109
0.023299999999999876,-0.04020609514216435
0.022299999999999875,-0.040276830707157596
0.021299999999999875,-0.0403900076111468
0.020299999999999874,-0.04047489028913869
0.019299999999999873,-0.040545625854131954
0.018299999999999872,-0.0406163614191252
0.01729999999999987,-0.04068709698411845
0.01629999999999987,-0.04074368543611305
0.01529999999999987,-0.04085686234010226
0.014299999999999868,-0.040955892131092804
0.013299999999999867,-0.04102662769608607
0.012299999999999978,-0.041168098826072565
0.011299999999999866,-0.04121054016506852
0.010299999999999976,-0.04130956995605907
0.009299999999999864,-0.041366158408053674
0.008299999999999974,-0.04142274686004828
0.007299999999999862,-0.04152177665103883
0.006299999999999972,-0.041578365103033435
0.00529999999999986,-0.04167739489402397
0.0042999999999999705,-0.04177642468501453
0.0032999999999998586,-0.04183301313700913
0.0022999999999999687,-0.04194619004099834
0.0012999999999998568,-0.04203107271899024
0.00029999999999996696,-0.04211595539698214
-0.000700000000000145,-0.042200838074974045
-0.0017000000000000348,-0.042271573639967294
-0.0027000000000001467,-0.04234230920496055
-0.0037000000000000366,-0.0424130447699538
-0.0047000000000001485,-0.04248378033494705
-0.005700000000000038,-0.042554515899940304
-0.00670000000000015,-0.042639398577932204
-0.00770000000000004,-0.04272428125592411
-0.008700000000000152,-0.042809163933916004
-0.009700000000000042,-0.04289404661190791
-0.010700000000000154,-0.04300722351589712
-0.011700000000000044,-0.043092106193889014
-0.012700000000000156,-0.04317698887188092
-0.013700000000000045,-0.04324772443687417
-0.014700000000000157,-0.04333260711486608
-0.015700000000000047,-0.04336090134086337
-0.01670000000000016,-0.04343163690585663
-0.01770000000000005,-0.04348822535785123
-0.01870000000000016,-0.04357310803584313
-0.01970000000000005,-0.04365799071383503
-0.020700000000000163,-0.04372872627882829
-0.021700000000000053,-0.043827756069818834
-0.022700000000000164,-0.04392678586080939
-0.023700000000000054,-0.04398337431280399
-0.024700000000000166,-0.04408240410379454
-0.025700000000000056,-0.04416728678178644
-0.026700000000000168,-0.0442097281207824
-0.027700000000000058,-0.0442946107987743
-0.02870000000000017,-0.0443511992507689
-0.02970000000000006,-0.04443608192876081
-0.03070000000000017,-0.0445209646067527
-0.03170000000000006,-0.04456340594574865
-0.03270000000000017,-0.044690729962736514
-0.03370000000000006,-0.04476146552772976
-0.034700000000000175,-0.04481805397972436
-0.035700000000000065,-0.04491708377071492
-0.03670000000000018,-0.044959525109710866
-0.03770000000000007,-0.045044407787702766
-0.03870000000000018,-0.045115143352696015
-0.03970000000000007,-0.04518587891768927
-0.04070000000000018,-0.04528490870867982
-0.04170000000000007,-0.04534149716067442
-0.04270000000000018,-0.04542637983866633
-0.04370000000000007,-0.045511262516658234
-0.044700000000000184,-0.04555370385565418
-0.045700000000000074,-0.04561029230764878
-0.046700000000000186,-0.045666880759643376
-0.047700000000000076,-0.04575176343763528
-0.04870000000000019,-0.04585079322862584
-0.04970000000000008,-0.04594982301961639
-0.05070000000000019,-0.04603470569760829
-0.05170000000000008,-0.0461195883756002
-0.05270000000000019,-0.04619032394059345
-0.05370000000000008,-0.0462610595055867
-0.05470000000000019,-0.046303500844582644
-0.05570000000000008,-0.046345942183578605
-0.056700000000000195,-0.046416677748571854
-0.057700000000000085,-0.0464874133135651
-0.058700000000000196,-0.04657229599155701
-0.059700000000000086,-0.04667132578254756
-0.0607000000000002,-0.04672791423454216
-0.06170000000000009,-0.04684109113853137
-0.0627000000000002,-0.04694012092952192
-0.06370000000000009,-0.046996709381516524
-0.0647000000000002,-0.04709573917250707
-0.06570000000000009,-0.047166474737500325
-0.0667000000000002,-0.04722306318949493
-0.0677000000000001,-0.04730794586748682
-0.0687000000000002,-0.04736453431948143
-0.0697000000000001,-0.04743526988447468
-0.07070000000000021,-0.04749185833646928
-0.0717000000000001,-0.04756259390146254
-0.07270000000000021,-0.047689917918450384
-0.0737000000000001,-0.04777480059644229
-0.07470000000000021,-0.04787383038743284
-0.0757000000000001,-0.04797286017842339
-0.07670000000000021,-0.048001154404420696
-0.0777000000000001,-0.048071889969413945
-0.07870000000000021,-0.0481426255344072
-0.0797000000000001,-0.048199213986401805
-0.08070000000000022,-0.048284096664393705
-0.0817000000000001,-0.04835483222938696
-0.08270000000000022,-0.04842556779438021
-0.08370000000000011,-0.048538744698369406
-0.08470000000000022,-0.048609480263362655
-0.08570000000000011,-0.04869436294135456
-0.08670000000000022,-0.04877924561934646
-0.08770000000000011,-0.04886412829733837
-0.08870000000000022,-0.04894901097533026
-0.08970000000000011,-0.04901974654032352
-0.09070000000000022,-0.04909048210531677
-0.09170000000000011,-0.04914707055731138
-0.09270000000000023,-0.04921780612230463
-0.09370000000000012,-0.04931683591329518
-0.09470000000000023,-0.049401718591287086
-0.09570000000000012,-0.04950074838227764
-0.09670000000000023,-0.04958563106026953
-0.09770000000000012,-0.04967051373826144
-0.09870000000000023,-0.04971295507725739
-0.09970000000000012,-0.04979783775524929
-0.10070000000000023,-0.049854426207243896
-0.10170000000000012,-0.049939308885235796
-0.10270000000000024,-0.05003833867622635
-0.10370000000000013,-0.0501090742412196
-0.10470000000000024,-0.0502222511452088
-0.10570000000000013,-0.05029298671020205
-0.10670000000000024,-0.05034957516219666
-0.10770000000000013,-0.050462752066185855
-0.10870000000000024,-0.050533487631179104
-0.10970000000000013,-0.05063251742216966
-0.11070000000000024,-0.050745694326158865
-0.11170000000000013,-0.05081642989115212
-0.11270000000000002,-0.05091545968214267
-0.11370000000000013,-0.05098619524713593
-0.11470000000000002,-0.05105693081212918
-0.11570000000000014,-0.051127666377122426
-0.11670000000000003,-0.051184254829117024
-0.11770000000000014,-0.05128328462010758
-0.11870000000000003,-0.05136816729809948
-0.11970000000000014,-0.051495491315087336
-0.12070000000000003,-0.051566226880080585
-0.12170000000000014,-0.05162281533207519
-0.12270000000000003,-0.051721845123065734
-0.12370000000000014,-0.051863316253052245
-0.12470000000000003,-0.05197649315704145
-0.12570000000000014,-0.05208967006103065
-0.12670000000000003,-0.0521604056260239
-0.12770000000000015,-0.052231141191017155
-0.12870000000000004,-0.05228772964301176
-0.12970000000000015,-0.052344318095006365
-0.13070000000000004,-0.052415053659999614
-0.13170000000000015,-0.052514083450990165
-0.13270000000000004,-0.05259896612898206
-0.13370000000000015,-0.05271214303297127
-0.13470000000000004,-0.05281117282396182
-0.13570000000000015,-0.05288190838895507
-0.13670000000000004,-0.052980938179945626
-0.13770000000000016,-0.05306582085793753
-0.13870000000000005,-0.05316485064892808
-0.13970000000000016,-0.05327802755291729
-0.14070000000000005,-0.05332046889191323
-0.14170000000000016,-0.053405351569905134
-0.14270000000000005,-0.05346194002189974
-0.14370000000000016,-0.053546822699891646
-0.14470000000000005,-0.05365999960388084
-0.14570000000000016,-0.05373073516887409
-0.14670000000000005,-0.05380147073386734
-0.14770000000000016,-0.0539287947508552
-0.14870000000000005,-0.05402782454184575
-0.14970000000000017,-0.054141001445834946
-0.15070000000000006,-0.054254178349824156
-0.15170000000000017,-0.05431076680181876
-0.15270000000000006,-0.054438090818806614
-0.15370000000000017,-0.05448053215780257
-0.15470000000000006,-0.05455126772279582
-0.15570000000000017,-0.05465029751378637
-0.15670000000000006,-0.05470688596578097
-0.15770000000000017,-0.05486250420876612
-0.15870000000000006,-0.05496153399975667
-0.15970000000000018,-0.055088858016744534
-0.16070000000000007,-0.05518788780773508
-0.16170000000000018,-0.05525862337272834
-0.16270000000000007,-0.055343506050720234
-0.16370000000000018,-0.05541424161571349
-0.16470000000000007,-0.05548497718070674
-0.16570000000000018,-0.05555571274569999
-0.16670000000000007,-0.05561230119769459
-0.16770000000000018,-0.05573962521468245
-0.16870000000000007,-0.05585280211867165
-0.16970000000000018,-0.05596597902266085
-0.17070000000000007,-0.05605086170065276
-0.17170000000000019,-0.05610745015264735
-0.17270000000000008,-0.056164038604641954
-0.1737000000000002,-0.05626306839563251
-0.17470000000000008,-0.05633380396062577
-0.1757000000000002,-0.05640453952561902
-0.17670000000000008,-0.05648942220361091
-0.1777000000000002,-0.05658845199460146
-0.17870000000000008,-0.05670162889859067
-0.1797000000000002,-0.056800658689581215
-0.18070000000000008,-0.056899688480571774
-0.1817000000000002,-0.05698457115856368
-0.18270000000000008,-0.05709774806255288
-0.1837000000000002,-0.05716848362754613
-0.1847000000000001,-0.05723921919253938
-0.1857000000000002,-0.057295807644533986
-0.1867000000000001,-0.057352396096528584
-0.1877000000000002,-0.05743727877452049
-0.1887000000000001,-0.057522161452512384
-0.1897000000000002,-0.05763533835650159
-0.1907000000000001,-0.057748515260490796
-0.1917000000000001,-0.057833397938482696
-0.19269999999999998,-0.05796072195547055
-0.1937000000000001,-0.0580597517464611
-0.19469999999999998,-0.058144634424453
-0.1957000000000001,-0.05822951710244491
-0.19669999999999999,-0.05828610555443951
-0.1977000000000001,-0.05837098823243141
-0.1987,-0.05842757668442602
-0.1997000000000001,-0.058484165136420616
-0.2007,-0.05858319492741117
-0.2017000000000001,-0.058653930492404416
-0.2027,-0.058752960283394974
-0.2037000000000001,-0.05886613718738417
-0.2047,-0.05893687275237742
-0.2057000000000001,-0.05906419676936528
-0.2067,-0.05913493233435853
-0.2077000000000001,-0.059219815012350435
-0.2087,-0.05933299191633964
-0.2097000000000001,-0.05936128614233694
-0.2107,-0.059375433255335584
-0.2117000000000001,-0.05943202170733019
-0.2127,-0.05947446304632614
-0.2137000000000001,-0.059601787063313996
-0.2147,-0.059686669741305896
-0.2157000000000001,-0.0598564350972897
-0.2167,-0.059927170662282946
-0.21770000000000012,-0.0599979062272762
-0.2187,-0.06009693601826675
-0.21970000000000012,-0.06018181869625867
-0.2207,-0.06019596580925731
-0.22170000000000012,-0.06022426003525461
-0.2227,-0.06029499560024786
-0.22370000000000012,-0.06032328982624517
-0.2247,-0.06043646673023437
-0.22570000000000012,-0.06049305518222897
-0.2267,-0.060577937860220865
-0.22770000000000012,-0.06067696765121142
-0.22870000000000001,-0.060775997442201975
-0.22970000000000013,-0.06087502723319253
-0.23070000000000002,-0.06091746857218847
-0.23170000000000013,-0.06098820413718173
-0.23270000000000002,-0.061073086815173636
-0.23370000000000013,-0.06112967526716823
-0.23470000000000002,-0.06118626371916283
-0.23570000000000013,-0.06125699928415609
-0.23670000000000002,-0.06124285217115744
-0.2376999999999999,-0.061370176188145296
-0.23870000000000002,-0.0614550588661372
-0.2396999999999999,-0.06158238288312505
-0.24070000000000003,-0.06169555978711426
-0.24169999999999991,-0.06176629535210751
-0.24270000000000003,-0.0618511780300994
-0.24369999999999992,-0.06192191359509265
-0.24470000000000003,-0.06195020782108995
-0.24569999999999992,-0.06197850204708726
-0.24670000000000003,-0.0619926491600859
-0.24769999999999992,-0.06204923761208051
-0.24870000000000003,-0.06216241451606971
-0.24969999999999992,-0.062247297194061614
-0.25070000000000003,-0.062360474098050823
-0.2516999999999999,-0.06244535677604271
-0.25270000000000004,-0.06250194522803733
-0.2536999999999999,-0.06253023945403462
-0.25470000000000004,-0.06254438656703327
-0.2556999999999999,-0.06255853368003192
-0.25670000000000004,-0.06262926924502517
-0.25769999999999993,-0.06271415192301708
-0.25870000000000004,-0.06284147594000493
-0.25969999999999993,-0.06296879995699278
-0.26070000000000004,-0.06305368263498468
-0.26169999999999993,-0.0631102710869793
-0.26270000000000004,-0.06309612397398062
-0.26369999999999993,-0.06312441819997792
-0.26470000000000005,-0.06316685953897387
-0.26569999999999994,-0.06318100665197254
-0.26670000000000005,-0.0632800364429631
-0.26769999999999994,-0.06337906623395365
-0.26870000000000005,-0.0634498017989469
-0.26969999999999994,-0.0635346844769388
-0.27070000000000005,-0.06357712581593475
-0.27169999999999994,-0.06360542004193205
-0.27270000000000005,-0.06369030271992396
-0.27369999999999994,-0.06374689117191855
-0.27470000000000006,-0.06386006807590776
-0.27569999999999995,-0.06397324497989695
-0.27670000000000006,-0.06400153920589426
-0.27769999999999995,-0.06407227477088752
-0.27870000000000006,-0.06411471610988345
-0.27969999999999995,-0.06412886322288211
-0.28070000000000006,-0.06417130456187807
-0.28169999999999995,-0.06422789301387266
-0.28270000000000006,-0.06435521703086051
-0.28369999999999995,-0.06448254104784838
-0.28470000000000006,-0.06452498238684433
-0.28569999999999995,-0.06453912949984296
-0.28670000000000007,-0.06453912949984296
-0.28769999999999996,-0.06455327661284163
-0.28870000000000007,-0.06460986506483622
-0.28969999999999996,-0.06466645351683083
-0.29070000000000007,-0.06475133619482273
-0.29169999999999996,-0.06482207175981598
-0.29270000000000007,-0.06489280732480923
-0.29369999999999996,-0.06496354288980248
-0.2947000000000001,-0.06502013134179709
-0.29569999999999996,-0.06507671979379169
-0.2967000000000001,-0.0651333082457863
-0.29769999999999996,-0.06524648514977549
-0.2987000000000001,-0.06537380916676334
-0.29969999999999997,-0.06547283895775391
-0.3007000000000001,-0.06548698607075255
-0.30169999999999997,-0.06551528029674986
-0.3027000000000001,-0.06551528029674986
-0.30369999999999997,-0.06551528029674986
-0.3047000000000001,-0.06560016297474175
-0.30569999999999997,-0.0656426043137377
-0.3067000000000001,-0.06571333987873097
-0.3077,-0.06585481100871747
-0.3087000000000001,-0.06596798791270667
-0.3097,-0.06609531192969452
-0.3107000000000001,-0.06619434172068506
-0.3117,-0.06625093017267966
-0.3127000000000001,-0.06625093017267966
-0.3137,-0.06620848883368373
-0.3147000000000001,-0.06620848883368373
-0.3157,-0.06622263594668236
-0.3167000000000001,-0.06625093017267966
-0.3177,-0.06643484264166212
-0.3187000000000001,-0.06661875511064458
-0.3197,-0.06674607912763245
-0.3207000000000001,-0.06677437335362973
-0.3217,-0.06674607912763245
-0.3227000000000001,-0.06671778490163513
-0.3237,-0.06673193201463377
-0.3247000000000001,-0.06671778490163513
-0.3257,-0.06676022624063108
-0.3267000000000001,-0.06683096180562433
-0.3277,-0.06697243293561084
-0.3287000000000001,-0.06708560983960003
-0.3297,-0.06712805117859601
-0.3307000000000001,-0.06718463963059058
-0.3317,-0.06719878674358926
-0.3327000000000001,-0.0672695223085825
-0.3337,-0.06732611076057708
-0.3347000000000001,-0.06739684632557033
-0.3357,-0.067410993438569
-0.3367000000000001,-0.06745343477756495
-0.3377,-0.06746758189056361
-0.3387000000000001,-0.0675241703425582
-0.3397,-0.0676090530205501
-0.3407000000000001,-0.06767978858554335
-0.3417,-0.06779296548953255
-0.3427000000000001,-0.06792028950652042
-0.3437,-0.06801931929751097
-0.3447000000000001,-0.06809005486250422
-0.3457,-0.06806176063650692
-0.3467000000000001,-0.06806176063650692
-0.3477,-0.06809005486250422
-0.3487000000000001,-0.06810420197550286
-0.3497,-0.06817493754049611
-0.3507000000000001,-0.06824567310548936
-0.3517,-0.06828811444448532
-0.3527000000000001,-0.06842958557447182
-0.3537,-0.06848617402646642
-0.3547000000000001,-0.06859935093045562
-0.3557,-0.06869838072144617
-0.35670000000000013,-0.06875496917344079
-0.3577,-0.06886814607742998
-0.35870000000000013,-0.06889644030342729
-0.3597,-0.06889644030342729
-0.36070000000000013,-0.06888229319042864
-0.3617,-0.06889644030342729
-0.3626999999999999,-0.06900961720741648
-0.3637,-0.0692076767893976
-0.3646999999999999,-0.06936329503238275
-0.3657,-0.06946232482337329
-0.3666999999999999,-0.069434030597376
-0.3677,-0.06939158925838004
-0.3686999999999999,-0.06939158925838004
-0.36970000000000003,-0.06944817771037465
-0.3706999999999999,-0.06944817771037465
-0.37170000000000003,-0.0695755017273625
-0.3726999999999999,-0.06974526708334632
-0.37370000000000003,-0.06988673821333281
-0.3746999999999999,-0.06998576800432338
-0.37570000000000003,-0.06998576800432338
-0.3766999999999999,-0.06998576800432338
-0.37770000000000004,-0.0699433266653274
-0.3786999999999999,-0.0699433266653274
-0.37970000000000004,-0.06999991511732201
-0.3806999999999999,-0.07004235645631796
-0.38170000000000004,-0.07015553336030717
-0.38269999999999993,-0.07032529871629098
-0.38370000000000004,-0.07039603428128423
-0.38469999999999993,-0.07052335829827208
-0.38570000000000004,-0.07055165252426938
-0.38669999999999993,-0.07056579963726803
-0.38770000000000004,-0.07060824097626398
-0.38869999999999993,-0.07059409386326533
-0.38970000000000005,-0.07062238808926263
-0.39069999999999994,-0.07065068231525992
-0.39170000000000005,-0.07069312365425588
-0.39269999999999994,-0.07080630055824509
-0.39370000000000005,-0.07091947746223429
-0.39469999999999994,-0.07101850725322485
-0.39570000000000005,-0.0710892428182181
-0.39669999999999994,-0.07113168415721405
-0.39770000000000005,-0.07124486106120324
-0.39869999999999994,-0.0713438908521938
-0.39970000000000006,-0.07145706775618299
-0.40069999999999995,-0.07154195043417491
-0.40170000000000006,-0.0715702446601722
-0.40269999999999995,-0.07161268599916816
-0.40370000000000006,-0.0716268331121668
-0.40469999999999995,-0.07161268599916816
-0.40570000000000006,-0.07168342156416141
-0.40669999999999995,-0.07178245135515196
-0.40770000000000006,-0.07196636382413442
-0.40869999999999995,-0.07212198206711957
-0.40970000000000006,-0.07222101185811013
-0.41069999999999995,-0.07227760031010473
-0.41170000000000007,-0.07226345319710607
-0.41269999999999996,-0.07223515897110877
-0.41370000000000007,-0.07223515897110877
-0.41469999999999996,-0.07227760031010473
-0.41570000000000007,-0.07233418876209932
-0.41669999999999996,-0.07246151277908719
-0.41770000000000007,-0.07265957236106828
-0.41869999999999996,-0.07285763194304938
-0.4197000000000001,-0.07297080884703859
-0.42069999999999996,-0.07299910307303589
-0.4217000000000001,-0.07290007328204533
-0.42269999999999996,-0.07287177905604804
-0.4237000000000001,-0.07287177905604804
-0.42469999999999997,-0.07292836750804264
-0.4257000000000001,-0.07299910307303589
-0.42669999999999997,-0.07312642709002375
-0.4277000000000001,-0.07329619244600755
-0.42869999999999997,-0.0733952222369981
-0.4297000000000001,-0.0735083991409873
-0.43069999999999997,-0.07353669336698461
-0.4317000000000001,-0.07352254625398597
-0.4327,-0.07353669336698461
-0.4337000000000001,-0.07353669336698461
-0.4347,-0.07357913470598056
-0.4357000000000001,-0.07360742893197786
-0.4367,-0.07367816449697111
-0.4377000000000001,-0.07377719428796166
-0.4387,-0.07390451830494953
-0.4397000000000001,-0.07398940098294142
-0.4407,-0.07413087211292792
-0.4417000000000001,-0.07420160767792117
-0.4427,-0.07430063746891173
-0.4437000000000001,-0.07437137303390498
-0.4447,-0.07438552014690362
-0.4457000000000001,-0.07441381437290093
-0.4467,-0.07438552014690362
-0.4477000000000001,-0.07439966725990228
-0.4487,-0.07449869705089282
-0.4497000000000001,-0.07461187395488203
-0.4507,-0.07471090374587258
-0.4517000000000001,-0.07485237487585908
-0.4527,-0.07495140466684964
-0.4537000000000001,-0.0750787286838375
-0.4547,-0.0751919055878267
-0.4557000000000001,-0.07520605270082535
-0.4567,-0.07529093537881726
-0.4577000000000001,-0.07529093537881726
-0.4587,-0.07531922960481456
-0.4597000000000001,-0.07540411228280645
-0.4607,-0.0754182593958051
-0.4617000000000001,-0.07553143629979431
-0.4627,-0.07563046609078486
-0.4637000000000001,-0.07568705454277945
-0.4647,-0.07582852567276598
-0.4657000000000001,-0.07595584968975382
-0.4667,-0.07606902659374302
-0.4677000000000001,-0.07618220349773222
-0.4687,-0.07618220349773222
-0.4697000000000001,-0.07616805638473358
-0.4707,-0.07611146793273897
-0.4717000000000001,-0.07615390927173492
-0.4727,-0.07622464483672817
-0.4737000000000001,-0.07629538040172142
-0.4747,-0.07645099864470659
-0.4757000000000001,-0.0765924697746931
-0.4767,-0.07666320533968635
-0.4777000000000001,-0.07681882358267149
-0.4787,-0.0769320004866607
-0.4797000000000001,-0.07698858893865529
-0.4807,-0.07703103027765125
-0.48170000000000013,-0.07701688316465259
-0.4827,-0.07705932450364854
-0.48370000000000013,-0.0770734716166472
-0.4847,-0.0771583542946391
-0.48570000000000013,-0.07734226676362156
-0.4867,-0.077526179232604
-0.4876999999999999,-0.07761106191059591
-0.4887,-0.07765350324959187
-0.4896999999999999,-0.0776393561365932
-0.4907,-0.0776676503625905
-0.4916999999999999,-0.07776668015358107
-0.4927,-0.07793644550956487
-0.4936999999999999,-0.07813450509154597
-0.49470000000000003,-0.07821938776953788
-0.4956999999999999,-0.07821938776953788
-0.49670000000000003,-0.07820524065653922
-0.4976999999999999,-0.07823353488253654
-0.49870000000000003,-0.07830427044752979
-0.4996999999999999,-0.0783891531255217
-0.5007,-0.07840330023852032
-0.5016999999999999,-0.07854477136850684
-0.5027,-0.07867209538549469
-0.5036999999999999,-0.07879941940248254
-0.5047,-0.07894089053246904
-0.5056999999999999,-0.07899747898446366
-0.5067,-0.07906821454945691
-0.5076999999999999,-0.07908236166245554
-0.5087,-0.07909650877545421
-0.5096999999999999,-0.07916724434044746
-0.5107,-0.07919553856644475
-0.5116999999999999,-0.0793511568094299
-0.5127,-0.07960580484340561
-0.5136999999999999,-0.07977557019938941
-0.5147,-0.07984630576438266
-0.5156999999999999,-0.07984630576438266
-0.5167,-0.07977557019938941
-0.5176999999999999,-0.07978971731238807
-0.5187,-0.07983215865138403
-0.5196999999999999,-0.07994533555537323
-0.5207,-0.08007265957236107
-0.5216999999999999,-0.08015754225035297
-0.5227,-0.08029901338033948
-0.5236999999999999,-0.08038389605833138
-0.5247,-0.08045463162332463
-0.5257,-0.0806102498663098
-0.5267000000000001,-0.08076586810929494
-0.5277,-0.08093563346527875
-0.5287000000000001,-0.0811478401602585
-0.5297,-0.08121857572525175
-0.5307000000000001,-0.0812044286122531
-0.5317,-0.08119028149925445
-0.5327000000000001,-0.08119028149925445
-0.5337,-0.08131760551624231
-0.5347000000000001,-0.08147322375922747
-0.5357,-0.08171372468020452
-0.5367000000000001,-0.08192593137518428
-0.5377,-0.08206740250517078
-0.5387000000000001,-0.08219472652215863
-0.5397,-0.08227960920015054
-0.5407000000000001,-0.08227960920015054
-0.5417,-0.08229375631314918
-0.5427000000000001,-0.08236449187814243
-0.5437,-0.08239278610413973
-0.5447000000000001,-0.08250596300812894
-0.5457,-0.0826615812511141
-0.5467000000000001,-0.08285964083309519
-0.5477,-0.08308599464107361
-0.5487000000000001,-0.08322746577106012
-0.5497,-0.08336893690104662
-0.5507000000000001,-0.08338308401404526
-0.5517,-0.0833972311270439
-0.5527000000000001,-0.08342552535304121
-0.5537,-0.08348211380503581
-0.5547000000000001,-0.08359529070902501
-0.5557,-0.08376505606500882
-0.5567000000000001,-0.08396311564698994
-0.5577,-0.08417532234196969
-0.5587000000000001,-0.08434508769795349
-0.5597,-0.08442997037594539
-0.5607000000000001,-0.08452900016693596
-0.5617,-0.0845714415059319
-0.5627000000000001,-0.08469876552291973
-0.5637,-0.0848543837659049
-0.5647000000000001,-0.0849392664438968
-0.5657,-0.08503829623488735
-0.5667000000000001,-0.08512317891287925
-0.5677,-0.08525050292986712
-0.5687000000000001,-0.08546270962484687
-0.5697,-0.08561832786783201
-0.5707000000000001,-0.08578809322381582
-0.5717,-0.08602859414479287
-0.5727000000000001,-0.08622665372677399
-0.5737,-0.08652374309974564
-0.5747000000000001,-0.08677839113372135
-0.5757,-0.0868491266987146
-0.5767000000000001,-0.0869340093767065
-0.5777,-0.0870188920546984
-0.5787000000000001,-0.08707548050669302
-0.5797,-0.08724524586267682
-0.5807000000000001,-0.0874150112186606
-0.5817,-0.08771210059163227
-0.5827000000000001,-0.08798089573860662
-0.5837,-0.08810821975559449
-0.5847000000000001,-0.08823554377258234
-0.5857,-0.08829213222457694
-0.5867000000000001,-0.0883911620155675
-0.5877,-0.08860336871054725
-0.5887000000000001,-0.08880142829252836
-0.5897,-0.08911266477849866
-0.5907000000000001,-0.08931072436047977
-0.5917,-0.08955122528145683
-0.5927000000000001,-0.08989075599342443
-0.5937,-0.09017369825339744
-0.5947000000000001,-0.09047078762636909
-0.5957,-0.0906405529823529
-0.5967000000000001,-0.09066884720835021
-0.5977,-0.0907820241123394
-0.5987000000000001,-0.09085275967733265
-0.5997,-0.09105081925931376
-0.6007000000000001,-0.09133376151928675
-0.6017,-0.09160255666626112
-0.6027000000000001,-0.09192794026523009
-0.6037,-0.0922674709771977
-0.6047000000000001,-0.09256456035016934
-0.6057,-0.09287579683613965
-0.6067000000000001,-0.0930880035311194
-0.6077,-0.09324362177410456
-0.6087000000000001,-0.09337094579109242
-0.6097,-0.09354071114707624
-0.6107000000000001,-0.09369632939006138
-0.6117,-0.09397927165003438
-0.6126999999999999,-0.09431880236200199
-0.6137,-0.09470077441296555
-0.6146999999999999,-0.09505445223793182
-0.6157,-0.09535154161090346
-0.6166999999999999,-0.09569107232287108
-0.6177,-0.09601645592184005
-0.6186999999999999,-0.09638428085980494
-0.6197,-0.0966530760067793
-0.6206999999999999,-0.09686528270175906
-0.6217,-0.09706334228374017
-0.6226999999999999,-0.09731799031771587
-0.6237,-0.09764337391668483
-0.6246999999999999,-0.09809608153264164
-0.6257,-0.09863367182659036
-0.6266999999999999,-0.09893076119956201
-0.6277,-0.09939761592851748
-0.6286999999999999,-0.09985032354447429
-0.6297,-0.10028888404743246
-0.6306999999999999,-0.1005859734204041
-0.6317,-0.10078403300238521
-0.6326999999999999,-0.10108112237535687
-0.6337,-0.10136406463532988
-0.6346999999999999,-0.10173188957329479
-0.6357,-0.10219874430225025
-0.6366999999999999,-0.10265145191820706
-0.6377,-0.10318904221215577
-0.6386999999999999,-0.10368419116710853
-0.6397,-0.10413689878306535
-0.6406999999999999,-0.10466034196401541
-0.6417,-0.10507060824097628
-0.6426999999999999,-0.10556575719592905
-0.6437,-0.10607505326388045
-0.6446999999999999,-0.10647117242784265
-0.6457,-0.10692388004379948
-0.6466999999999999,-0.10740488188575359
-0.6477,-0.10797076640569962
-0.6486999999999999,-0.10862153360363752
-0.6497,-0.10930059502757274
-0.6507,-0.1099938035645066
-0.6517000000000001,-0.11055968808445263
-0.6527,-0.11099824858741078
-0.6537000000000001,-0.11153583888135948
-0.6547,-0.11211587051430415
-0.6557000000000001,-0.11275249059924342
-0.6567,-0.11354472892716785
-0.6577000000000001,-0.11428037880309765
-0.6587,-0.11508676424402071
-0.6597000000000001,-0.1158648554589465
-0.6607,-0.11650147554388576
-0.6617000000000001,-0.11716638985482233
-0.6627,-0.11787374550475484
-0.6637000000000001,-0.11856695404168872
-0.6647,-0.11938748659561045
-0.6657000000000001,-0.12022216626253084
-0.6667,-0.12115587572044173
-0.6677000000000001,-0.12208958517835267
-0.6687,-0.12289597061927575
-0.6697000000000001,-0.12373065028619613
-0.6707,-0.12452288861412053
-0.6717000000000001,-0.1253858625070382
-0.6727,-0.1263620133039451
-0.6737000000000001,-0.1274088996658452
-0.6747,-0.12851237447973993
-0.6757000000000001,-0.12961584929363465
-0.6767,-0.1308042067855213
-0.6777000000000001,-0.13189353448641736
-0.6787,-0.13303945063930803
-0.6797000000000001,-0.13425610235719201
-0.6807,-0.13547275407507592
-0.6817000000000001,-0.13654793466297335
-0.6827,-0.13769385081586402
-0.6837000000000001,-0.13896709098574256
-0.6847,-0.14016959559062783
-0.6857000000000001,-0.14147112998650369
