Mar. 8, 2025   23:02:51
Cyclic Voltammetry
File: c:/users/guazh/data/banditlqround7_x0exp169_r20_3/2025-03-03-exp913\exp913-2025-03-08t22_57_59-h2koh\exp913_cv_50mvs_efin_-1400mv.bin
Data Source:  Experiment
Instrument Model:  CHI760E
Header: CV ran at 50 mVs
Note: 

Init E (V) = -1
High E (V) = -1
Low E (V) = -1.4
Final E (V) = -1
Init P/N = N
Scan Rate (V/s) = 0.05
Segment = 7
Sample Interval (V) = 0.001
Quiet Time (sec) = 60
Sensitivity (A/V) = 0.001
Comp R (ohm) = 1.3

Results:

Channel 1:
Segment 1:

Segment 2:

Segment 3:

Segment 4:

Segment 5:

Segment 6:

Segment 7:

Potential/V, Current/A

-1.000, 1.291e-5
-1.001, 1.654e-5
-1.002, 1.733e-5
-1.003, 1.755e-5
-1.004, 1.837e-5
-1.005, 1.934e-5
-1.006, 2.002e-5
-1.007, 2.040e-5
-1.008, 2.031e-5
-1.009, 2.110e-5
-1.010, 2.198e-5
-1.011, 2.269e-5
-1.012, 2.290e-5
-1.013, 2.298e-5
-1.014, 2.366e-5
-1.015, 2.467e-5
-1.016, 2.535e-5
-1.017, 2.550e-5
-1.018, 2.582e-5
-1.019, 2.649e-5
-1.020, 2.752e-5
-1.021, 2.830e-5
-1.022, 2.862e-5
-1.023, 2.895e-5
-1.024, 2.981e-5
-1.025, 3.085e-5
-1.026, 3.179e-5
-1.027, 3.199e-5
-1.028, 3.256e-5
-1.029, 3.344e-5
-1.030, 3.462e-5
-1.031, 3.573e-5
-1.032, 3.616e-5
-1.033, 3.663e-5
-1.034, 3.776e-5
-1.035, 3.899e-5
-1.036, 4.023e-5
-1.037, 4.083e-5
-1.038, 4.140e-5
-1.039, 4.264e-5
-1.040, 4.405e-5
-1.041, 4.530e-5
-1.042, 4.616e-5
-1.043, 4.685e-5
-1.044, 4.813e-5
-1.045, 4.976e-5
-1.046, 5.121e-5
-1.047, 5.217e-5
-1.048, 5.292e-5
-1.049, 5.435e-5
-1.050, 5.617e-5
-1.051, 5.762e-5
-1.052, 5.879e-5
-1.053, 5.969e-5
-1.054, 6.118e-5
-1.055, 6.315e-5
-1.056, 6.473e-5
-1.057, 6.591e-5
-1.058, 6.708e-5
-1.059, 6.862e-5
-1.060, 7.063e-5
-1.061, 7.246e-5
-1.062, 7.367e-5
-1.063, 7.508e-5
-1.064, 7.654e-5
-1.065, 7.867e-5
-1.066, 8.072e-5
-1.067, 8.195e-5
-1.068, 8.327e-5
-1.069, 8.506e-5
-1.070, 8.712e-5
-1.071, 8.932e-5
-1.072, 9.060e-5
-1.073, 9.193e-5
-1.074, 9.394e-5
-1.075, 9.629e-5
-1.076, 9.806e-5
-1.077, 9.965e-5
-1.078, 1.011e-4
-1.079, 1.031e-4
-1.080, 1.050e-4
-1.081, 1.070e-4
-1.082, 1.087e-4
-1.083, 1.101e-4
-1.084, 1.120e-4
-1.085, 1.140e-4
-1.086, 1.162e-4
-1.087, 1.178e-4
-1.088, 1.191e-4
-1.089, 1.209e-4
-1.090, 1.232e-4
-1.091, 1.252e-4
-1.092, 1.268e-4
-1.093, 1.281e-4
-1.094, 1.300e-4
-1.095, 1.321e-4
-1.096, 1.342e-4
-1.097, 1.357e-4
-1.098, 1.371e-4
-1.099, 1.389e-4
-1.100, 1.410e-4
-1.101, 1.430e-4
-1.102, 1.444e-4
-1.103, 1.458e-4
-1.104, 1.474e-4
-1.105, 1.496e-4
-1.106, 1.517e-4
-1.107, 1.530e-4
-1.108, 1.541e-4
-1.109, 1.559e-4
-1.110, 1.580e-4
-1.111, 1.600e-4
-1.112, 1.612e-4
-1.113, 1.626e-4
-1.114, 1.642e-4
-1.115, 1.661e-4
-1.116, 1.681e-4
-1.117, 1.692e-4
-1.118, 1.704e-4
-1.119, 1.721e-4
-1.120, 1.740e-4
-1.121, 1.758e-4
-1.122, 1.771e-4
-1.123, 1.781e-4
-1.124, 1.797e-4
-1.125, 1.816e-4
-1.126, 1.833e-4
-1.127, 1.845e-4
-1.128, 1.856e-4
-1.129, 1.871e-4
-1.130, 1.889e-4
-1.131, 1.905e-4
-1.132, 1.916e-4
-1.133, 1.926e-4
-1.134, 1.940e-4
-1.135, 1.958e-4
-1.136, 1.973e-4
-1.137, 1.983e-4
-1.138, 1.994e-4
-1.139, 2.008e-4
-1.140, 2.025e-4
-1.141, 2.041e-4
-1.142, 2.051e-4
-1.143, 2.059e-4
-1.144, 2.072e-4
-1.145, 2.088e-4
-1.146, 2.104e-4
-1.147, 2.112e-4
-1.148, 2.120e-4
-1.149, 2.133e-4
-1.150, 2.147e-4
-1.151, 2.162e-4
-1.152, 2.170e-4
-1.153, 2.177e-4
-1.154, 2.189e-4
-1.155, 2.202e-4
-1.156, 2.216e-4
-1.157, 2.224e-4
-1.158, 2.229e-4
-1.159, 2.241e-4
-1.160, 2.252e-4
-1.161, 2.262e-4
-1.162, 2.270e-4
-1.163, 2.274e-4
-1.164, 2.284e-4
-1.165, 2.296e-4
-1.166, 2.306e-4
-1.167, 2.311e-4
-1.168, 2.314e-4
-1.169, 2.323e-4
-1.170, 2.333e-4
-1.171, 2.341e-4
-1.172, 2.345e-4
-1.173, 2.347e-4
-1.174, 2.354e-4
-1.175, 2.362e-4
-1.176, 2.370e-4
-1.177, 2.371e-4
-1.178, 2.372e-4
-1.179, 2.376e-4
-1.180, 2.383e-4
-1.181, 2.390e-4
-1.182, 2.392e-4
-1.183, 2.391e-4
-1.184, 2.393e-4
-1.185, 2.398e-4
-1.186, 2.405e-4
-1.187, 2.401e-4
-1.188, 2.398e-4
-1.189, 2.399e-4
-1.190, 2.404e-4
-1.191, 2.406e-4
-1.192, 2.402e-4
-1.193, 2.398e-4
-1.194, 2.399e-4
-1.195, 2.401e-4
-1.196, 2.402e-4
-1.197, 2.397e-4
-1.198, 2.391e-4
-1.199, 2.389e-4
-1.200, 2.390e-4
-1.201, 2.390e-4
-1.202, 2.385e-4
-1.203, 2.378e-4
-1.204, 2.376e-4
-1.205, 2.376e-4
-1.206, 2.376e-4
-1.207, 2.371e-4
-1.208, 2.362e-4
-1.209, 2.359e-4
-1.210, 2.359e-4
-1.211, 2.356e-4
-1.212, 2.350e-4
-1.213, 2.340e-4
-1.214, 2.334e-4
-1.215, 2.336e-4
-1.216, 2.333e-4
-1.217, 2.325e-4
-1.218, 2.318e-4
-1.219, 2.314e-4
-1.220, 2.312e-4
-1.221, 2.310e-4
-1.222, 2.303e-4
-1.223, 2.296e-4
-1.224, 2.290e-4
-1.225, 2.288e-4
-1.226, 2.286e-4
-1.227, 2.279e-4
-1.228, 2.273e-4
-1.229, 2.270e-4
-1.230, 2.268e-4
-1.231, 2.267e-4
-1.232, 2.258e-4
-1.233, 2.251e-4
-1.234, 2.248e-4
-1.235, 2.247e-4
-1.236, 2.247e-4
-1.237, 2.240e-4
-1.238, 2.232e-4
-1.239, 2.231e-4
-1.240, 2.228e-4
-1.241, 2.229e-4
-1.242, 2.224e-4
-1.243, 2.218e-4
-1.244, 2.217e-4
-1.245, 2.218e-4
-1.246, 2.219e-4
-1.247, 2.218e-4
-1.248, 2.211e-4
-1.249, 2.212e-4
-1.250, 2.217e-4
-1.251, 2.219e-4
-1.252, 2.217e-4
-1.253, 2.214e-4
-1.254, 2.216e-4
-1.255, 2.221e-4
-1.256, 2.226e-4
-1.257, 2.228e-4
-1.258, 2.229e-4
-1.259, 2.233e-4
-1.260, 2.241e-4
-1.261, 2.251e-4
-1.262, 2.254e-4
-1.263, 2.258e-4
-1.264, 2.268e-4
-1.265, 2.279e-4
-1.266, 2.292e-4
-1.267, 2.301e-4
-1.268, 2.310e-4
-1.269, 2.323e-4
-1.270, 2.339e-4
-1.271, 2.357e-4
-1.272, 2.370e-4
-1.273, 2.383e-4
-1.274, 2.401e-4
-1.275, 2.423e-4
-1.276, 2.449e-4
-1.277, 2.469e-4
-1.278, 2.490e-4
-1.279, 2.515e-4
-1.280, 2.545e-4
-1.281, 2.574e-4
-1.282, 2.604e-4
-1.283, 2.630e-4
-1.284, 2.665e-4
-1.285, 2.703e-4
-1.286, 2.739e-4
-1.287, 2.775e-4
-1.288, 2.808e-4
-1.289, 2.851e-4
-1.290, 2.898e-4
-1.291, 2.946e-4
-1.292, 2.993e-4
-1.293, 3.039e-4
-1.294, 3.091e-4
-1.295, 3.149e-4
-1.296, 3.210e-4
-1.297, 3.269e-4
-1.298, 3.325e-4
-1.299, 3.387e-4
-1.300, 3.456e-4
-1.301, 3.523e-4
-1.302, 3.590e-4
-1.303, 3.659e-4
-1.304, 3.733e-4
-1.305, 3.813e-4
-1.306, 3.895e-4
-1.307, 3.976e-4
-1.308, 4.059e-4
-1.309, 4.147e-4
-1.310, 4.241e-4
-1.311, 4.337e-4
-1.312, 4.431e-4
-1.313, 4.529e-4
-1.314, 4.634e-4
-1.315, 4.742e-4
-1.316, 4.852e-4
-1.317, 4.964e-4
-1.318, 5.079e-4
-1.319, 5.200e-4
-1.320, 5.323e-4
-1.321, 5.452e-4
-1.322, 5.582e-4
-1.323, 5.710e-4
-1.324, 5.845e-4
-1.325, 5.987e-4
-1.326, 6.137e-4
-1.327, 6.286e-4
-1.328, 6.436e-4
-1.329, 6.595e-4
-1.330, 6.761e-4
-1.331, 6.932e-4
-1.332, 7.106e-4
-1.333, 7.275e-4
-1.334, 7.459e-4
-1.335, 7.646e-4
-1.336, 7.832e-4
-1.337, 8.013e-4
-1.338, 8.205e-4
-1.339, 8.404e-4
-1.340, 8.618e-4
-1.341, 8.840e-4
-1.342, 9.063e-4
-1.343, 9.286e-4
-1.344, 9.509e-4
-1.345, 9.741e-4
-1.346, 9.984e-4
-1.347, 1.023e-3
-1.348, 1.049e-3
-1.349, 1.076e-3
-1.350, 1.102e-3
-1.351, 1.131e-3
-1.352, 1.160e-3
-1.353, 1.189e-3
-1.354, 1.218e-3
-1.355, 1.248e-3
-1.356, 1.279e-3
-1.357, 1.310e-3
-1.358, 1.340e-3
-1.359, 1.370e-3
-1.360, 1.401e-3
-1.361, 1.432e-3
-1.362, 1.466e-3
-1.363, 1.502e-3
-1.364, 1.538e-3
-1.365, 1.575e-3
-1.366, 1.612e-3
-1.367, 1.649e-3
-1.368, 1.687e-3
-1.369, 1.726e-3
-1.370, 1.764e-3
-1.371, 1.804e-3
-1.372, 1.847e-3
-1.373, 1.887e-3
-1.374, 1.928e-3
-1.375, 1.971e-3
-1.376, 2.015e-3
-1.377, 2.061e-3
-1.378, 2.107e-3
-1.379, 2.153e-3
-1.380, 2.201e-3
-1.381, 2.250e-3
-1.382, 2.298e-3
-1.383, 2.344e-3
-1.384, 2.389e-3
-1.385, 2.439e-3
-1.386, 2.492e-3
-1.387, 2.546e-3
-1.388, 2.601e-3
-1.389, 2.651e-3
-1.390, 2.705e-3
-1.391, 2.758e-3
-1.392, 2.815e-3
-1.393, 2.874e-3
-1.394, 2.931e-3
-1.395, 2.989e-3
-1.396, 3.046e-3
-1.397, 3.106e-3
-1.398, 3.168e-3
-1.399, 3.229e-3
-1.400, 3.227e-3
-1.399, 3.157e-3
-1.398, 3.093e-3
-1.397, 3.028e-3
-1.396, 2.972e-3
-1.395, 2.913e-3
-1.394, 2.850e-3
-1.393, 2.791e-3
-1.392, 2.735e-3
-1.391, 2.680e-3
-1.390, 2.624e-3
-1.389, 2.566e-3
-1.388, 2.512e-3
-1.387, 2.457e-3
-1.386, 2.407e-3
-1.385, 2.351e-3
-1.384, 2.298e-3
-1.383, 2.245e-3
-1.382, 2.193e-3
-1.381, 2.140e-3
-1.380, 2.091e-3
-1.379, 2.043e-3
-1.378, 1.996e-3
-1.377, 1.948e-3
-1.376, 1.901e-3
-1.375, 1.856e-3
-1.374, 1.814e-3
-1.373, 1.771e-3
-1.372, 1.727e-3
-1.371, 1.683e-3
-1.370, 1.642e-3
-1.369, 1.601e-3
-1.368, 1.561e-3
-1.367, 1.521e-3
-1.366, 1.483e-3
-1.365, 1.446e-3
-1.364, 1.408e-3
-1.363, 1.369e-3
-1.362, 1.333e-3
-1.361, 1.299e-3
-1.360, 1.265e-3
-1.359, 1.231e-3
-1.358, 1.197e-3
-1.357, 1.165e-3
-1.356, 1.133e-3
-1.355, 1.102e-3
-1.354, 1.074e-3
-1.353, 1.046e-3
-1.352, 1.015e-3
-1.351, 9.860e-4
-1.350, 9.589e-4
-1.349, 9.333e-4
-1.348, 9.085e-4
-1.347, 8.832e-4
-1.346, 8.581e-4
-1.345, 8.342e-4
-1.344, 8.115e-4
-1.343, 7.888e-4
-1.342, 7.651e-4
-1.341, 7.424e-4
-1.340, 7.204e-4
-1.339, 7.004e-4
-1.338, 6.809e-4
-1.337, 6.609e-4
-1.336, 6.419e-4
-1.335, 6.233e-4
-1.334, 6.056e-4
-1.333, 5.881e-4
-1.332, 5.707e-4
-1.331, 5.537e-4
-1.330, 5.376e-4
-1.329, 5.224e-4
-1.328, 5.077e-4
-1.327, 4.926e-4
-1.326, 4.771e-4
-1.325, 4.629e-4
-1.324, 4.491e-4
-1.323, 4.356e-4
-1.322, 4.225e-4
-1.321, 4.100e-4
-1.320, 3.984e-4
-1.319, 3.866e-4
-1.318, 3.749e-4
-1.317, 3.639e-4
-1.316, 3.530e-4
-1.315, 3.423e-4
-1.314, 3.318e-4
-1.313, 3.212e-4
-1.312, 3.110e-4
-1.311, 3.017e-4
-1.310, 2.930e-4
-1.309, 2.845e-4
-1.308, 2.758e-4
-1.307, 2.668e-4
-1.306, 2.585e-4
-1.305, 2.508e-4
-1.304, 2.433e-4
-1.303, 2.358e-4
-1.302, 2.283e-4
-1.301, 2.215e-4
-1.300, 2.152e-4
-1.299, 2.089e-4
-1.298, 2.025e-4
-1.297, 1.959e-4
-1.296, 1.899e-4
-1.295, 1.844e-4
-1.294, 1.787e-4
-1.293, 1.733e-4
-1.292, 1.676e-4
-1.291, 1.625e-4
-1.290, 1.576e-4
-1.289, 1.528e-4
-1.288, 1.479e-4
-1.287, 1.431e-4
-1.286, 1.386e-4
-1.285, 1.347e-4
-1.284, 1.308e-4
-1.283, 1.267e-4
-1.282, 1.225e-4
-1.281, 1.186e-4
-1.280, 1.152e-4
-1.279, 1.117e-4
-1.278, 1.076e-4
-1.277, 1.039e-4
-1.276, 1.009e-4
-1.275, 9.815e-5
-1.274, 9.540e-5
-1.273, 9.240e-5
-1.272, 8.919e-5
-1.271, 8.605e-5
-1.270, 8.325e-5
-1.269, 8.073e-5
-1.268, 7.779e-5
-1.267, 7.497e-5
-1.266, 7.272e-5
-1.265, 7.072e-5
-1.264, 6.880e-5
-1.263, 6.644e-5
-1.262, 6.380e-5
-1.261, 6.137e-5
-1.260, 5.950e-5
-1.259, 5.757e-5
-1.258, 5.563e-5
-1.257, 5.359e-5
-1.256, 5.202e-5
-1.255, 5.056e-5
-1.254, 4.899e-5
-1.253, 4.720e-5
-1.252, 4.528e-5
-1.251, 4.360e-5
-1.250, 4.230e-5
-1.249, 4.080e-5
-1.248, 3.922e-5
-1.247, 3.759e-5
-1.246, 3.619e-5
-1.245, 3.530e-5
-1.244, 3.421e-5
-1.243, 3.268e-5
-1.242, 3.119e-5
-1.241, 2.993e-5
-1.240, 2.917e-5
-1.239, 2.834e-5
-1.238, 2.696e-5
-1.237, 2.545e-5
-1.236, 2.423e-5
-1.235, 2.342e-5
-1.234, 2.289e-5
-1.233, 2.188e-5
-1.232, 2.080e-5
-1.231, 1.983e-5
-1.230, 1.903e-5
-1.229, 1.825e-5
-1.228, 1.730e-5
-1.227, 1.600e-5
-1.226, 1.509e-5
-1.225, 1.476e-5
-1.224, 1.464e-5
-1.223, 1.399e-5
-1.222, 1.293e-5
-1.221, 1.219e-5
-1.220, 1.165e-5
-1.219, 1.107e-5
-1.218, 1.030e-5
-1.217, 9.185e-6
-1.216, 8.672e-6
-1.215, 8.337e-6
-1.214, 7.928e-6
-1.213, 7.325e-6
-1.212, 6.388e-6
-1.211, 5.691e-6
-1.210, 5.476e-6
-1.209, 5.156e-6
-1.208, 4.562e-6
-1.207, 3.642e-6
-1.206, 2.976e-6
-1.205, 3.074e-6
-1.204, 2.887e-6
-1.203, 2.085e-6
-1.202, 1.289e-6
-1.201, 7.309e-7
-1.200, 6.253e-7
-1.199, 5.592e-7
-1.198, 1.073e-7
-1.197, -3.879e-7
-1.196, -9.207e-7
-1.195, -1.082e-6
-1.194, -1.167e-6
-1.193, -1.794e-6
-1.192, -2.684e-6
-1.191, -3.112e-6
-1.190, -3.089e-6
-1.189, -2.980e-6
-1.188, -3.307e-6
-1.187, -4.048e-6
-1.186, -4.453e-6
-1.185, -4.748e-6
-1.184, -5.078e-6
-1.183, -5.520e-6
-1.182, -6.038e-6
-1.181, -6.021e-6
-1.180, -5.882e-6
-1.179, -5.999e-6
-1.178, -6.431e-6
-1.177, -7.003e-6
-1.176, -7.573e-6
-1.175, -7.825e-6
-1.174, -7.994e-6
-1.173, -8.335e-6
-1.172, -8.775e-6
-1.171, -8.863e-6
-1.170, -8.563e-6
-1.169, -8.492e-6
-1.168, -8.784e-6
-1.167, -9.364e-6
-1.166, -9.767e-6
-1.165, -9.531e-6
-1.164, -9.643e-6
-1.163, -1.014e-5
-1.162, -1.093e-5
-1.161, -1.146e-5
-1.160, -1.134e-5
-1.159, -1.117e-5
-1.158, -1.151e-5
-1.157, -1.189e-5
-1.156, -1.212e-5
-1.155, -1.206e-5
-1.154, -1.194e-5
-1.153, -1.227e-5
-1.152, -1.291e-5
-1.151, -1.313e-5
-1.150, -1.305e-5
-1.149, -1.254e-5
-1.148, -1.282e-5
-1.147, -1.367e-5
-1.146, -1.396e-5
-1.145, -1.398e-5
-1.144, -1.422e-5
-1.143, -1.480e-5
-1.142, -1.531e-5
-1.141, -1.520e-5
-1.140, -1.474e-5
-1.139, -1.454e-5
-1.138, -1.493e-5
-1.137, -1.565e-5
-1.136, -1.569e-5
-1.135, -1.541e-5
-1.134, -1.532e-5
-1.133, -1.548e-5
-1.132, -1.611e-5
-1.131, -1.667e-5
-1.130, -1.657e-5
-1.129, -1.642e-5
-1.128, -1.634e-5
-1.127, -1.679e-5
-1.126, -1.705e-5
-1.125, -1.677e-5
-1.124, -1.656e-5
-1.123, -1.684e-5
-1.122, -1.736e-5
-1.121, -1.783e-5
-1.120, -1.760e-5
-1.119, -1.746e-5
-1.118, -1.772e-5
-1.117, -1.831e-5
-1.116, -1.863e-5
-1.115, -1.821e-5
-1.114, -1.776e-5
-1.113, -1.798e-5
-1.112, -1.857e-5
-1.111, -1.890e-5
-1.110, -1.889e-5
-1.109, -1.863e-5
-1.108, -1.890e-5
-1.107, -1.946e-5
-1.106, -1.962e-5
-1.105, -1.954e-5
-1.104, -1.933e-5
-1.103, -1.970e-5
-1.102, -2.023e-5
-1.101, -2.047e-5
-1.100, -2.036e-5
-1.099, -2.005e-5
-1.098, -2.003e-5
-1.097, -2.049e-5
-1.096, -2.052e-5
-1.095, -2.043e-5
-1.094, -2.027e-5
-1.093, -2.045e-5
-1.092, -2.106e-5
-1.091, -2.138e-5
-1.090, -2.097e-5
-1.089, -2.083e-5
-1.088, -2.087e-5
-1.087, -2.151e-5
-1.086, -2.173e-5
-1.085, -2.119e-5
-1.084, -2.085e-5
-1.083, -2.123e-5
-1.082, -2.183e-5
-1.081, -2.239e-5
-1.080, -2.248e-5
-1.079, -2.218e-5
-1.078, -2.237e-5
-1.077, -2.263e-5
-1.076, -2.277e-5
-1.075, -2.268e-5
-1.074, -2.239e-5
-1.073, -2.283e-5
-1.072, -2.346e-5
-1.071, -2.385e-5
-1.070, -2.376e-5
-1.069, -2.331e-5
-1.068, -2.344e-5
-1.067, -2.409e-5
-1.066, -2.398e-5
-1.065, -2.371e-5
-1.064, -2.329e-5
-1.063, -2.360e-5
-1.062, -2.436e-5
-1.061, -2.459e-5
-1.060, -2.448e-5
-1.059, -2.407e-5
-1.058, -2.404e-5
-1.057, -2.465e-5
-1.056, -2.479e-5
-1.055, -2.473e-5
-1.054, -2.466e-5
-1.053, -2.493e-5
-1.052, -2.543e-5
-1.051, -2.564e-5
-1.050, -2.544e-5
-1.049, -2.520e-5
-1.048, -2.542e-5
-1.047, -2.603e-5
-1.046, -2.645e-5
-1.045, -2.627e-5
-1.044, -2.608e-5
-1.043, -2.642e-5
-1.042, -2.679e-5
-1.041, -2.696e-5
-1.040, -2.659e-5
-1.039, -2.640e-5
-1.038, -2.682e-5
-1.037, -2.745e-5
-1.036, -2.785e-5
-1.035, -2.782e-5
-1.034, -2.765e-5
-1.033, -2.791e-5
-1.032, -2.815e-5
-1.031, -2.826e-5
-1.030, -2.798e-5
-1.029, -2.759e-5
-1.028, -2.799e-5
-1.027, -2.875e-5
-1.026, -2.910e-5
-1.025, -2.933e-5
-1.024, -2.906e-5
-1.023, -2.914e-5
-1.022, -2.972e-5
-1.021, -2.978e-5
-1.020, -2.965e-5
-1.019, -2.953e-5
-1.018, -2.952e-5
-1.017, -3.024e-5
-1.016, -3.056e-5
-1.015, -3.035e-5
-1.014, -3.037e-5
-1.013, -3.056e-5
-1.012, -3.113e-5
-1.011, -3.149e-5
-1.010, -3.128e-5
-1.009, -3.106e-5
-1.008, -3.129e-5
-1.007, -3.189e-5
-1.006, -3.241e-5
-1.005, -3.209e-5
-1.004, -3.186e-5
-1.003, -3.221e-5
-1.002, -3.277e-5
-1.001, -3.329e-5
-1.000, -1.357e-5
-1.001, -7.360e-6
-1.002, -5.384e-6
-1.003, -4.569e-6
-1.004, -3.404e-6
-1.005, -2.039e-6
-1.006, -9.148e-7
-1.007, -1.127e-7
-1.008, -1.184e-9
-1.009, 4.309e-7
-1.010, 1.325e-6
-1.011, 2.359e-6
-1.012, 2.861e-6
-1.013, 2.959e-6
-1.014, 3.147e-6
-1.015, 3.956e-6
-1.016, 4.667e-6
-1.017, 4.803e-6
-1.018, 4.787e-6
-1.019, 4.983e-6
-1.020, 5.746e-6
-1.021, 6.553e-6
-1.022, 6.812e-6
-1.023, 6.752e-6
-1.024, 6.933e-6
-1.025, 7.327e-6
-1.026, 8.065e-6
-1.027, 8.158e-6
-1.028, 8.049e-6
-1.029, 8.234e-6
-1.030, 8.742e-6
-1.031, 9.485e-6
-1.032, 9.466e-6
-1.033, 9.219e-6
-1.034, 9.376e-6
-1.035, 9.942e-6
-1.036, 1.060e-5
-1.037, 1.080e-5
-1.038, 1.037e-5
-1.039, 1.036e-5
-1.040, 1.058e-5
-1.041, 1.116e-5
-1.042, 1.133e-5
-1.043, 1.097e-5
-1.044, 1.113e-5
-1.045, 1.167e-5
-1.046, 1.208e-5
-1.047, 1.218e-5
-1.048, 1.174e-5
-1.049, 1.180e-5
-1.050, 1.228e-5
-1.051, 1.279e-5
-1.052, 1.281e-5
-1.053, 1.262e-5
-1.054, 1.245e-5
-1.055, 1.296e-5
-1.056, 1.339e-5
-1.057, 1.354e-5
-1.058, 1.332e-5
-1.059, 1.325e-5
-1.060, 1.380e-5
-1.061, 1.420e-5
-1.062, 1.410e-5
-1.063, 1.389e-5
-1.064, 1.369e-5
-1.065, 1.426e-5
-1.066, 1.490e-5
-1.067, 1.482e-5
-1.068, 1.463e-5
-1.069, 1.456e-5
-1.070, 1.493e-5
-1.071, 1.543e-5
-1.072, 1.539e-5
-1.073, 1.504e-5
-1.074, 1.519e-5
-1.075, 1.561e-5
-1.076, 1.601e-5
-1.077, 1.603e-5
-1.078, 1.559e-5
-1.079, 1.572e-5
-1.080, 1.598e-5
-1.081, 1.640e-5
-1.082, 1.658e-5
-1.083, 1.612e-5
-1.084, 1.615e-5
-1.085, 1.658e-5
-1.086, 1.701e-5
-1.087, 1.718e-5
-1.088, 1.684e-5
-1.089, 1.685e-5
-1.090, 1.728e-5
-1.091, 1.763e-5
-1.092, 1.762e-5
-1.093, 1.736e-5
-1.094, 1.735e-5
-1.095, 1.787e-5
-1.096, 1.820e-5
-1.097, 1.826e-5
-1.098, 1.802e-5
-1.099, 1.796e-5
-1.100, 1.834e-5
-1.101, 1.889e-5
-1.102, 1.881e-5
-1.103, 1.862e-5
-1.104, 1.844e-5
-1.105, 1.888e-5
-1.106, 1.953e-5
-1.107, 1.951e-5
-1.108, 1.923e-5
-1.109, 1.935e-5
-1.110, 1.974e-5
-1.111, 2.025e-5
-1.112, 2.021e-5
-1.113, 1.989e-5
-1.114, 1.992e-5
-1.115, 2.028e-5
-1.116, 2.074e-5
-1.117, 2.090e-5
-1.118, 2.062e-5
-1.119, 2.072e-5
-1.120, 2.104e-5
-1.121, 2.158e-5
-1.122, 2.176e-5
-1.123, 2.139e-5
-1.124, 2.145e-5
-1.125, 2.186e-5
-1.126, 2.242e-5
-1.127, 2.255e-5
-1.128, 2.212e-5
-1.129, 2.216e-5
-1.130, 2.273e-5
-1.131, 2.311e-5
-1.132, 2.316e-5
-1.133, 2.304e-5
-1.134, 2.293e-5
-1.135, 2.360e-5
-1.136, 2.408e-5
-1.137, 2.411e-5
-1.138, 2.401e-5
-1.139, 2.394e-5
-1.140, 2.443e-5
-1.141, 2.499e-5
-1.142, 2.499e-5
-1.143, 2.489e-5
-1.144, 2.481e-5
-1.145, 2.532e-5
-1.146, 2.604e-5
-1.147, 2.596e-5
-1.148, 2.579e-5
-1.149, 2.588e-5
-1.150, 2.630e-5
-1.151, 2.703e-5
-1.152, 2.702e-5
-1.153, 2.680e-5
-1.154, 2.707e-5
-1.155, 2.748e-5
-1.156, 2.805e-5
-1.157, 2.820e-5
-1.158, 2.800e-5
-1.159, 2.824e-5
-1.160, 2.855e-5
-1.161, 2.919e-5
-1.162, 2.939e-5
-1.163, 2.921e-5
-1.164, 2.936e-5
-1.165, 2.986e-5
-1.166, 3.049e-5
-1.167, 3.067e-5
-1.168, 3.049e-5
-1.169, 3.061e-5
-1.170, 3.128e-5
-1.171, 3.178e-5
-1.172, 3.206e-5
-1.173, 3.186e-5
-1.174, 3.202e-5
-1.175, 3.269e-5
-1.176, 3.323e-5
-1.177, 3.350e-5
-1.178, 3.338e-5
-1.179, 3.356e-5
-1.180, 3.415e-5
-1.181, 3.481e-5
-1.182, 3.499e-5
-1.183, 3.501e-5
-1.184, 3.519e-5
-1.185, 3.578e-5
-1.186, 3.650e-5
-1.187, 3.662e-5
-1.188, 3.662e-5
-1.189, 3.684e-5
-1.190, 3.755e-5
-1.191, 3.831e-5
-1.192, 3.848e-5
-1.193, 3.845e-5
-1.194, 3.879e-5
-1.195, 3.938e-5
-1.196, 4.012e-5
-1.197, 4.043e-5
-1.198, 4.041e-5
-1.199, 4.089e-5
-1.200, 4.142e-5
-1.201, 4.220e-5
-1.202, 4.254e-5
-1.203, 4.253e-5
-1.204, 4.294e-5
-1.205, 4.369e-5
-1.206, 4.437e-5
-1.207, 4.475e-5
-1.208, 4.481e-5
-1.209, 4.521e-5
-1.210, 4.606e-5
-1.211, 4.676e-5
-1.212, 4.719e-5
-1.213, 4.734e-5
-1.214, 4.773e-5
-1.215, 4.859e-5
-1.216, 4.932e-5
-1.217, 4.975e-5
-1.218, 5.002e-5
-1.219, 5.035e-5
-1.220, 5.124e-5
-1.221, 5.208e-5
-1.222, 5.253e-5
-1.223, 5.274e-5
-1.224, 5.323e-5
-1.225, 5.415e-5
-1.226, 5.516e-5
-1.227, 5.555e-5
-1.228, 5.600e-5
-1.229, 5.649e-5
-1.230, 5.730e-5
-1.231, 5.831e-5
-1.232, 5.880e-5
-1.233, 5.919e-5
-1.234, 5.984e-5
-1.235, 6.070e-5
-1.236, 6.178e-5
-1.237, 6.233e-5
-1.238, 6.273e-5
-1.239, 6.349e-5
-1.240, 6.445e-5
-1.241, 6.554e-5
-1.242, 6.625e-5
-1.243, 6.666e-5
-1.244, 6.750e-5
-1.245, 6.871e-5
-1.246, 6.977e-5
-1.247, 7.065e-5
-1.248, 7.119e-5
-1.249, 7.192e-5
-1.250, 7.331e-5
-1.251, 7.451e-5
-1.252, 7.542e-5
-1.253, 7.616e-5
-1.254, 7.708e-5
-1.255, 7.856e-5
-1.256, 7.983e-5
-1.257, 8.086e-5
-1.258, 8.184e-5
-1.259, 8.278e-5
-1.260, 8.435e-5
-1.261, 8.595e-5
-1.262, 8.725e-5
-1.263, 8.831e-5
-1.264, 8.956e-5
-1.265, 9.135e-5
-1.266, 9.317e-5
-1.267, 9.452e-5
-1.268, 9.587e-5
-1.269, 9.742e-5
-1.270, 9.930e-5
-1.271, 1.014e-4
-1.272, 1.029e-4
-1.273, 1.045e-4
-1.274, 1.064e-4
-1.275, 1.087e-4
-1.276, 1.110e-4
-1.277, 1.130e-4
-1.278, 1.150e-4
-1.279, 1.172e-4
-1.280, 1.198e-4
-1.281, 1.224e-4
-1.282, 1.250e-4
-1.283, 1.272e-4
-1.284, 1.299e-4
-1.285, 1.329e-4
-1.286, 1.361e-4
-1.287, 1.390e-4
-1.288, 1.418e-4
-1.289, 1.449e-4
-1.290, 1.486e-4
-1.291, 1.523e-4
-1.292, 1.559e-4
-1.293, 1.592e-4
-1.294, 1.630e-4
-1.295, 1.673e-4
-1.296, 1.716e-4
-1.297, 1.757e-4
-1.298, 1.799e-4
-1.299, 1.844e-4
-1.300, 1.895e-4
-1.301, 1.946e-4
-1.302, 1.996e-4
-1.303, 2.047e-4
-1.304, 2.100e-4
-1.305, 2.160e-4
-1.306, 2.221e-4
-1.307, 2.280e-4
-1.308, 2.342e-4
-1.309, 2.406e-4
-1.310, 2.476e-4
-1.311, 2.549e-4
-1.312, 2.619e-4
-1.313, 2.691e-4
-1.314, 2.769e-4
-1.315, 2.849e-4
-1.316, 2.933e-4
-1.317, 3.017e-4
-1.318, 3.103e-4
-1.319, 3.192e-4
-1.320, 3.288e-4
-1.321, 3.388e-4
-1.322, 3.489e-4
-1.323, 3.589e-4
-1.324, 3.696e-4
-1.325, 3.807e-4
-1.326, 3.918e-4
-1.327, 4.036e-4
-1.328, 4.156e-4
-1.329, 4.276e-4
-1.330, 4.403e-4
-1.331, 4.538e-4
-1.332, 4.675e-4
-1.333, 4.811e-4
-1.334, 4.951e-4
-1.335, 5.102e-4
-1.336, 5.260e-4
-1.337, 5.420e-4
-1.338, 5.581e-4
-1.339, 5.746e-4
-1.340, 5.923e-4
-1.341, 6.102e-4
-1.342, 6.283e-4
-1.343, 6.469e-4
-1.344, 6.658e-4
-1.345, 6.862e-4
-1.346, 7.073e-4
-1.347, 7.287e-4
-1.348, 7.500e-4
-1.349, 7.708e-4
-1.350, 7.934e-4
-1.351, 8.175e-4
-1.352, 8.413e-4
-1.353, 8.663e-4
-1.354, 8.912e-4
-1.355, 9.161e-4
-1.356, 9.427e-4
-1.357, 9.704e-4
-1.358, 9.988e-4
-1.359, 1.027e-3
-1.360, 1.056e-3
-1.361, 1.087e-3
-1.362, 1.118e-3
-1.363, 1.149e-3
-1.364, 1.180e-3
-1.365, 1.212e-3
-1.366, 1.246e-3
-1.367, 1.281e-3
-1.368, 1.316e-3
-1.369, 1.352e-3
-1.370, 1.389e-3
-1.371, 1.427e-3
-1.372, 1.467e-3
-1.373, 1.506e-3
-1.374, 1.547e-3
-1.375, 1.588e-3
-1.376, 1.627e-3
-1.377, 1.669e-3
-1.378, 1.713e-3
-1.379, 1.757e-3
-1.380, 1.802e-3
-1.381, 1.846e-3
-1.382, 1.892e-3
-1.383, 1.940e-3
-1.384, 1.988e-3
-1.385, 2.038e-3
-1.386, 2.089e-3
-1.387, 2.139e-3
-1.388, 2.190e-3
-1.389, 2.243e-3
-1.390, 2.298e-3
-1.391, 2.352e-3
-1.392, 2.402e-3
-1.393, 2.457e-3
-1.394, 2.517e-3
-1.395, 2.576e-3
-1.396, 2.635e-3
-1.397, 2.694e-3
-1.398, 2.751e-3
-1.399, 2.812e-3
-1.400, 2.821e-3
-1.399, 2.765e-3
-1.398, 2.715e-3
-1.397, 2.663e-3
-1.396, 2.614e-3
-1.395, 2.563e-3
-1.394, 2.504e-3
-1.393, 2.448e-3
-1.392, 2.400e-3
-1.391, 2.349e-3
-1.390, 2.302e-3
-1.389, 2.256e-3
-1.388, 2.206e-3
-1.387, 2.158e-3
-1.386, 2.111e-3
-1.385, 2.064e-3
-1.384, 2.022e-3
-1.383, 1.977e-3
-1.382, 1.930e-3
-1.381, 1.885e-3
-1.380, 1.842e-3
-1.379, 1.800e-3
-1.378, 1.758e-3
-1.377, 1.717e-3
-1.376, 1.677e-3
-1.375, 1.636e-3
-1.374, 1.597e-3
-1.373, 1.559e-3
-1.372, 1.522e-3
-1.371, 1.484e-3
-1.370, 1.447e-3
-1.369, 1.410e-3
-1.368, 1.375e-3
-1.367, 1.341e-3
-1.366, 1.307e-3
-1.365, 1.274e-3
-1.364, 1.237e-3
-1.363, 1.203e-3
-1.362, 1.171e-3
-1.361, 1.141e-3
-1.360, 1.110e-3
-1.359, 1.081e-3
-1.358, 1.052e-3
-1.357, 1.023e-3
-1.356, 9.953e-4
-1.355, 9.677e-4
-1.354, 9.412e-4
-1.353, 9.147e-4
-1.352, 8.882e-4
-1.351, 8.625e-4
-1.350, 8.389e-4
-1.349, 8.167e-4
-1.348, 7.942e-4
-1.347, 7.718e-4
-1.346, 7.499e-4
-1.345, 7.286e-4
-1.344, 7.076e-4
-1.343, 6.870e-4
-1.342, 6.671e-4
-1.341, 6.483e-4
-1.340, 6.304e-4
-1.339, 6.129e-4
-1.338, 5.953e-4
-1.337, 5.776e-4
-1.336, 5.609e-4
-1.335, 5.447e-4
-1.334, 5.289e-4
-1.333, 5.131e-4
-1.332, 4.976e-4
-1.331, 4.832e-4
-1.330, 4.697e-4
-1.329, 4.563e-4
-1.328, 4.426e-4
-1.327, 4.285e-4
-1.326, 4.152e-4
-1.325, 4.033e-4
-1.324, 3.914e-4
-1.323, 3.798e-4
-1.322, 3.681e-4
-1.321, 3.567e-4
-1.320, 3.461e-4
-1.319, 3.356e-4
-1.318, 3.252e-4
-1.317, 3.154e-4
-1.316, 3.057e-4
-1.315, 2.965e-4
-1.314, 2.878e-4
-1.313, 2.791e-4
-1.312, 2.704e-4
-1.311, 2.618e-4
-1.310, 2.539e-4
-1.309, 2.467e-4
-1.308, 2.392e-4
-1.307, 2.315e-4
-1.306, 2.241e-4
-1.305, 2.173e-4
-1.304, 2.108e-4
-1.303, 2.038e-4
-1.302, 1.970e-4
-1.301, 1.910e-4
-1.300, 1.855e-4
-1.299, 1.801e-4
-1.298, 1.745e-4
-1.297, 1.690e-4
-1.296, 1.638e-4
-1.295, 1.591e-4
-1.294, 1.544e-4
-1.293, 1.496e-4
-1.292, 1.447e-4
-1.291, 1.400e-4
-1.290, 1.358e-4
-1.289, 1.314e-4
-1.288, 1.271e-4
-1.287, 1.227e-4
-1.286, 1.189e-4
-1.285, 1.158e-4
-1.284, 1.124e-4
-1.283, 1.085e-4
-1.282, 1.046e-4
-1.281, 1.011e-4
-1.280, 9.805e-5
-1.279, 9.507e-5
-1.278, 9.182e-5
-1.277, 8.880e-5
-1.276, 8.588e-5
-1.275, 8.330e-5
-1.274, 8.102e-5
-1.273, 7.829e-5
-1.272, 7.567e-5
-1.271, 7.295e-5
-1.270, 7.067e-5
-1.269, 6.851e-5
-1.268, 6.612e-5
-1.267, 6.364e-5
-1.266, 6.145e-5
-1.265, 5.953e-5
-1.264, 5.784e-5
-1.263, 5.574e-5
-1.262, 5.363e-5
-1.261, 5.186e-5
-1.260, 5.035e-5
-1.259, 4.870e-5
-1.258, 4.693e-5
-1.257, 4.485e-5
-1.256, 4.340e-5
-1.255, 4.210e-5
-1.254, 4.068e-5
-1.253, 3.908e-5
-1.252, 3.729e-5
-1.251, 3.579e-5
-1.250, 3.493e-5
-1.249, 3.386e-5
-1.248, 3.259e-5
-1.247, 3.129e-5
-1.246, 2.991e-5
-1.245, 2.911e-5
-1.244, 2.825e-5
-1.243, 2.687e-5
-1.242, 2.545e-5
-1.241, 2.442e-5
-1.240, 2.373e-5
-1.239, 2.298e-5
-1.238, 2.194e-5
-1.237, 2.082e-5
-1.236, 1.998e-5
-1.235, 1.934e-5
-1.234, 1.863e-5
-1.233, 1.748e-5
-1.232, 1.643e-5
-1.231, 1.560e-5
-1.230, 1.516e-5
-1.229, 1.448e-5
-1.228, 1.383e-5
-1.227, 1.268e-5
-1.226, 1.218e-5
-1.225, 1.164e-5
-1.224, 1.128e-5
-1.223, 1.046e-5
-1.222, 9.487e-6
-1.221, 8.824e-6
-1.220, 8.497e-6
-1.219, 8.091e-6
-1.218, 7.325e-6
-1.217, 6.210e-6
-1.216, 5.767e-6
-1.215, 5.922e-6
-1.214, 5.949e-6
-1.213, 5.378e-6
-1.212, 4.274e-6
-1.211, 3.525e-6
-1.210, 3.396e-6
-1.209, 3.046e-6
-1.208, 2.481e-6
-1.207, 1.647e-6
-1.206, 1.182e-6
-1.205, 1.339e-6
-1.204, 1.039e-6
-1.203, 5.562e-7
-1.202, 5.801e-8
-1.201, -2.893e-7
-1.200, -3.830e-7
-1.199, -5.438e-7
-1.198, -1.230e-6
-1.197, -1.933e-6
-1.196, -2.377e-6
-1.195, -2.421e-6
-1.194, -2.312e-6
-1.193, -2.733e-6
-1.192, -3.188e-6
-1.191, -3.486e-6
-1.190, -3.631e-6
-1.189, -3.646e-6
-1.188, -4.225e-6
-1.187, -4.871e-6
-1.186, -5.138e-6
-1.185, -5.198e-6
-1.184, -5.295e-6
-1.183, -5.814e-6
-1.182, -6.576e-6
-1.181, -6.623e-6
-1.180, -6.632e-6
-1.179, -6.694e-6
-1.178, -7.179e-6
-1.177, -7.886e-6
-1.176, -8.136e-6
-1.175, -7.845e-6
-1.174, -7.807e-6
-1.173, -8.011e-6
-1.172, -8.720e-6
-1.171, -9.097e-6
-1.170, -9.006e-6
-1.169, -8.975e-6
-1.168, -9.305e-6
-1.167, -9.848e-6
-1.166, -1.005e-5
-1.165, -9.664e-6
-1.164, -9.557e-6
-1.163, -9.997e-6
-1.162, -1.040e-5
-1.161, -1.081e-5
-1.160, -1.058e-5
-1.159, -1.042e-5
-1.158, -1.095e-5
-1.157, -1.134e-5
-1.156, -1.162e-5
-1.155, -1.162e-5
-1.154, -1.153e-5
-1.153, -1.182e-5
-1.152, -1.217e-5
-1.151, -1.250e-5
-1.150, -1.235e-5
-1.149, -1.206e-5
-1.148, -1.250e-5
-1.147, -1.327e-5
-1.146, -1.328e-5
-1.145, -1.298e-5
-1.144, -1.274e-5
-1.143, -1.303e-5
-1.142, -1.368e-5
-1.141, -1.368e-5
-1.140, -1.341e-5
-1.139, -1.318e-5
-1.138, -1.359e-5
-1.137, -1.437e-5
-1.136, -1.464e-5
-1.135, -1.440e-5
-1.134, -1.423e-5
-1.133, -1.438e-5
-1.132, -1.488e-5
-1.131, -1.512e-5
-1.130, -1.478e-5
-1.129, -1.478e-5
-1.128, -1.507e-5
-1.127, -1.569e-5
-1.126, -1.610e-5
-1.125, -1.572e-5
-1.124, -1.548e-5
-1.123, -1.570e-5
-1.122, -1.594e-5
-1.121, -1.625e-5
-1.120, -1.606e-5
-1.119, -1.590e-5
-1.118, -1.643e-5
-1.117, -1.684e-5
-1.116, -1.718e-5
-1.115, -1.692e-5
-1.114, -1.633e-5
-1.113, -1.653e-5
-1.112, -1.684e-5
-1.111, -1.686e-5
-1.110, -1.692e-5
-1.109, -1.669e-5
-1.108, -1.701e-5
-1.107, -1.765e-5
-1.106, -1.780e-5
-1.105, -1.774e-5
-1.104, -1.736e-5
-1.103, -1.757e-5
-1.102, -1.803e-5
-1.101, -1.798e-5
-1.100, -1.779e-5
-1.099, -1.768e-5
-1.098, -1.790e-5
-1.097, -1.859e-5
-1.096, -1.867e-5
-1.095, -1.825e-5
-1.094, -1.809e-5
-1.093, -1.833e-5
-1.092, -1.890e-5
-1.091, -1.920e-5
-1.090, -1.880e-5
-1.089, -1.863e-5
-1.088, -1.877e-5
-1.087, -1.935e-5
-1.086, -1.977e-5
-1.085, -1.943e-5
-1.084, -1.923e-5
-1.083, -1.955e-5
-1.082, -1.995e-5
-1.081, -2.011e-5
-1.080, -1.964e-5
-1.079, -1.931e-5
-1.078, -1.968e-5
-1.077, -2.015e-5
-1.076, -2.048e-5
-1.075, -2.034e-5
-1.074, -2.004e-5
-1.073, -2.041e-5
-1.072, -2.080e-5
-1.071, -2.095e-5
-1.070, -2.082e-5
-1.069, -2.046e-5
-1.068, -2.061e-5
-1.067, -2.111e-5
-1.066, -2.139e-5
-1.065, -2.137e-5
-1.064, -2.109e-5
-1.063, -2.134e-5
-1.062, -2.193e-5
-1.061, -2.175e-5
-1.060, -2.147e-5
-1.059, -2.136e-5
-1.058, -2.153e-5
-1.057, -2.229e-5
-1.056, -2.250e-5
-1.055, -2.231e-5
-1.054, -2.213e-5
-1.053, -2.216e-5
-1.052, -2.264e-5
-1.051, -2.294e-5
-1.050, -2.272e-5
-1.049, -2.267e-5
-1.048, -2.276e-5
-1.047, -2.316e-5
-1.046, -2.352e-5
-1.045, -2.345e-5
-1.044, -2.331e-5
-1.043, -2.378e-5
-1.042, -2.407e-5
-1.041, -2.430e-5
-1.040, -2.391e-5
-1.039, -2.350e-5
-1.038, -2.382e-5
-1.037, -2.429e-5
-1.036, -2.471e-5
-1.035, -2.458e-5
-1.034, -2.452e-5
-1.033, -2.498e-5
-1.032, -2.558e-5
-1.031, -2.587e-5
-1.030, -2.574e-5
-1.029, -2.530e-5
-1.028, -2.543e-5
-1.027, -2.610e-5
-1.026, -2.631e-5
-1.025, -2.627e-5
-1.024, -2.624e-5
-1.023, -2.652e-5
-1.022, -2.719e-5
-1.021, -2.729e-5
-1.020, -2.699e-5
-1.019, -2.682e-5
-1.018, -2.703e-5
-1.017, -2.774e-5
-1.016, -2.790e-5
-1.015, -2.765e-5
-1.014, -2.755e-5
-1.013, -2.774e-5
-1.012, -2.843e-5
-1.011, -2.871e-5
-1.010, -2.831e-5
-1.009, -2.803e-5
-1.008, -2.820e-5
-1.007, -2.882e-5
-1.006, -2.950e-5
-1.005, -2.946e-5
-1.004, -2.934e-5
-1.003, -2.983e-5
-1.002, -3.032e-5
-1.001, -3.082e-5
-1.000, -1.113e-5
-1.001, -5.142e-6
-1.002, -3.442e-6
-1.003, -2.820e-6
-1.004, -2.013e-6
-1.005, -6.484e-7
-1.006, 5.434e-7
-1.007, 1.309e-6
-1.008, 1.359e-6
-1.009, 1.756e-6
-1.010, 2.652e-6
-1.011, 3.434e-6
-1.012, 3.910e-6
-1.013, 3.977e-6
-1.014, 4.168e-6
-1.015, 4.991e-6
-1.016, 5.589e-6
-1.017, 5.877e-6
-1.018, 5.888e-6
-1.019, 5.917e-6
-1.020, 6.482e-6
-1.021, 6.977e-6
-1.022, 7.192e-6
-1.023, 7.104e-6
-1.024, 7.290e-6
-1.025, 7.772e-6
-1.026, 8.600e-6
-1.027, 8.578e-6
-1.028, 8.445e-6
-1.029, 8.501e-6
-1.030, 8.925e-6
-1.031, 9.492e-6
-1.032, 9.423e-6
-1.033, 9.305e-6
-1.034, 9.648e-6
-1.035, 1.020e-5
-1.036, 1.074e-5
-1.037, 1.069e-5
-1.038, 1.021e-5
-1.039, 1.018e-5
-1.040, 1.057e-5
-1.041, 1.111e-5
-1.042, 1.127e-5
-1.043, 1.097e-5
-1.044, 1.111e-5
-1.045, 1.164e-5
-1.046, 1.206e-5
-1.047, 1.209e-5
-1.048, 1.160e-5
-1.049, 1.149e-5
-1.050, 1.187e-5
-1.051, 1.220e-5
-1.052, 1.230e-5
-1.053, 1.230e-5
-1.054, 1.226e-5
-1.055, 1.280e-5
-1.056, 1.318e-5
-1.057, 1.320e-5
-1.058, 1.289e-5
-1.059, 1.270e-5
-1.060, 1.310e-5
-1.061, 1.357e-5
-1.062, 1.355e-5
-1.063, 1.331e-5
-1.064, 1.324e-5
-1.065, 1.367e-5
-1.066, 1.416e-5
-1.067, 1.399e-5
-1.068, 1.367e-5
-1.069, 1.365e-5
-1.070, 1.397e-5
-1.071, 1.455e-5
-1.072, 1.437e-5
-1.073, 1.403e-5
-1.074, 1.419e-5
-1.075, 1.458e-5
-1.076, 1.488e-5
-1.077, 1.487e-5
-1.078, 1.455e-5
-1.079, 1.455e-5
-1.080, 1.492e-5
-1.081, 1.537e-5
-1.082, 1.540e-5
-1.083, 1.500e-5
-1.084, 1.503e-5
-1.085, 1.538e-5
-1.086, 1.586e-5
-1.087, 1.591e-5
-1.088, 1.549e-5
-1.089, 1.551e-5
-1.090, 1.601e-5
-1.091, 1.631e-5
-1.092, 1.635e-5
-1.093, 1.604e-5
-1.094, 1.592e-5
-1.095, 1.651e-5
-1.096, 1.676e-5
-1.097, 1.681e-5
-1.098, 1.669e-5
-1.099, 1.653e-5
-1.100, 1.694e-5
-1.101, 1.734e-5
-1.102, 1.729e-5
-1.103, 1.707e-5
-1.104, 1.705e-5
-1.105, 1.739e-5
-1.106, 1.802e-5
-1.107, 1.788e-5
-1.108, 1.765e-5
-1.109, 1.760e-5
-1.110, 1.784e-5
-1.111, 1.847e-5
-1.112, 1.843e-5
-1.113, 1.810e-5
-1.114, 1.819e-5
-1.115, 1.854e-5
-1.116, 1.907e-5
-1.117, 1.908e-5
-1.118, 1.862e-5
-1.119, 1.875e-5
-1.120, 1.912e-5
-1.121, 1.957e-5
-1.122, 1.966e-5
-1.123, 1.927e-5
-1.124, 1.932e-5
-1.125, 1.978e-5
-1.126, 2.015e-5
-1.127, 2.027e-5
-1.128, 1.991e-5
-1.129, 1.984e-5
-1.130, 2.045e-5
-1.131, 2.067e-5
-1.132, 2.085e-5
-1.133, 2.055e-5
-1.134, 2.054e-5
-1.135, 2.110e-5
-1.136, 2.149e-5
-1.137, 2.156e-5
-1.138, 2.138e-5
-1.139, 2.127e-5
-1.140, 2.176e-5
-1.141, 2.219e-5
-1.142, 2.219e-5
-1.143, 2.209e-5
-1.144, 2.190e-5
-1.145, 2.238e-5
-1.146, 2.298e-5
-1.147, 2.295e-5
-1.148, 2.272e-5
-1.149, 2.283e-5
-1.150, 2.317e-5
-1.151, 2.387e-5
-1.152, 2.372e-5
-1.153, 2.345e-5
-1.154, 2.365e-5
-1.155, 2.404e-5
-1.156, 2.461e-5
-1.157, 2.468e-5
-1.158, 2.443e-5
-1.159, 2.464e-5
-1.160, 2.494e-5
-1.161, 2.543e-5
-1.162, 2.561e-5
-1.163, 2.524e-5
-1.164, 2.538e-5
-1.165, 2.590e-5
-1.166, 2.643e-5
-1.167, 2.655e-5
-1.168, 2.630e-5
-1.169, 2.640e-5
-1.170, 2.698e-5
-1.171, 2.740e-5
-1.172, 2.760e-5
-1.173, 2.743e-5
-1.174, 2.740e-5
-1.175, 2.799e-5
-1.176, 2.846e-5
-1.177, 2.868e-5
-1.178, 2.856e-5
-1.179, 2.853e-5
-1.180, 2.918e-5
-1.181, 2.975e-5
-1.182, 2.982e-5
-1.183, 2.979e-5
-1.184, 2.981e-5
-1.185, 3.035e-5
-1.186, 3.104e-5
-1.187, 3.113e-5
-1.188, 3.099e-5
-1.189, 3.119e-5
-1.190, 3.169e-5
-1.191, 3.236e-5
-1.192, 3.254e-5
-1.193, 3.240e-5
-1.194, 3.260e-5
-1.195, 3.315e-5
-1.196, 3.376e-5
-1.197, 3.403e-5
-1.198, 3.396e-5
-1.199, 3.419e-5
-1.200, 3.470e-5
-1.201, 3.542e-5
-1.202, 3.567e-5
-1.203, 3.562e-5
-1.204, 3.577e-5
-1.205, 3.650e-5
-1.206, 3.708e-5
-1.207, 3.749e-5
-1.208, 3.740e-5
-1.209, 3.765e-5
-1.210, 3.841e-5
-1.211, 3.897e-5
-1.212, 3.939e-5
-1.213, 3.950e-5
-1.214, 3.960e-5
-1.215, 4.038e-5
-1.216, 4.099e-5
-1.217, 4.142e-5
-1.218, 4.149e-5
-1.219, 4.178e-5
-1.220, 4.248e-5
-1.221, 4.333e-5
-1.222, 4.361e-5
-1.223, 4.377e-5
-1.224, 4.407e-5
-1.225, 4.485e-5
-1.226, 4.575e-5
-1.227, 4.601e-5
-1.228, 4.654e-5
-1.229, 4.679e-5
-1.230, 4.750e-5
-1.231, 4.840e-5
-1.232, 4.870e-5
-1.233, 4.903e-5
-1.234, 4.955e-5
-1.235, 5.027e-5
-1.236, 5.125e-5
-1.237, 5.181e-5
-1.238, 5.201e-5
-1.239, 5.264e-5
-1.240, 5.341e-5
-1.241, 5.446e-5
-1.242, 5.509e-5
-1.243, 5.540e-5
-1.244, 5.593e-5
-1.245, 5.706e-5
-1.246, 5.806e-5
-1.247, 5.881e-5
-1.248, 5.912e-5
-1.249, 5.993e-5
-1.250, 6.094e-5
-1.251, 6.196e-5
-1.252, 6.280e-5
-1.253, 6.341e-5
-1.254, 6.419e-5
-1.255, 6.541e-5
-1.256, 6.657e-5
-1.257, 6.745e-5
-1.258, 6.818e-5
-1.259, 6.905e-5
-1.260, 7.035e-5
-1.261, 7.175e-5
-1.262, 7.273e-5
-1.263, 7.372e-5
-1.264, 7.472e-5
-1.265, 7.623e-5
-1.266, 7.787e-5
-1.267, 7.890e-5
-1.268, 8.004e-5
-1.269, 8.140e-5
-1.270, 8.306e-5
-1.271, 8.492e-5
-1.272, 8.625e-5
-1.273, 8.763e-5
-1.274, 8.922e-5
-1.275, 9.108e-5
-1.276, 9.316e-5
-1.277, 9.487e-5
-1.278, 9.656e-5
-1.279, 9.833e-5
-1.280, 1.006e-4
-1.281, 1.029e-4
-1.282, 1.051e-4
-1.283, 1.070e-4
-1.284, 1.093e-4
-1.285, 1.119e-4
-1.286, 1.147e-4
-1.287, 1.172e-4
-1.288, 1.195e-4
-1.289, 1.222e-4
-1.290, 1.253e-4
-1.291, 1.285e-4
-1.292, 1.315e-4
-1.293, 1.346e-4
-1.294, 1.377e-4
-1.295, 1.416e-4
-1.296, 1.453e-4
-1.297, 1.490e-4
-1.298, 1.527e-4
-1.299, 1.566e-4
-1.300, 1.609e-4
-1.301, 1.655e-4
-1.302, 1.696e-4
-1.303, 1.741e-4
-1.304, 1.787e-4
-1.305, 1.840e-4
-1.306, 1.895e-4
-1.307, 1.947e-4
-1.308, 1.999e-4
-1.309, 2.055e-4
-1.310, 2.117e-4
-1.311, 2.180e-4
-1.312, 2.242e-4
-1.313, 2.304e-4
-1.314, 2.373e-4
-1.315, 2.445e-4
-1.316, 2.523e-4
-1.317, 2.597e-4
-1.318, 2.671e-4
-1.319, 2.751e-4
-1.320, 2.836e-4
-1.321, 2.924e-4
-1.322, 3.014e-4
-1.323, 3.104e-4
-1.324, 3.199e-4
-1.325, 3.299e-4
-1.326, 3.405e-4
-1.327, 3.510e-4
-1.328, 3.614e-4
-1.329, 3.725e-4
-1.330, 3.843e-4
-1.331, 3.966e-4
-1.332, 4.092e-4
-1.333, 4.216e-4
-1.334, 4.345e-4
-1.335, 4.483e-4
-1.336, 4.627e-4
-1.337, 4.773e-4
-1.338, 4.922e-4
-1.339, 5.065e-4
-1.340, 5.223e-4
-1.341, 5.382e-4
-1.342, 5.548e-4
-1.343, 5.720e-4
-1.344, 5.897e-4
-1.345, 6.086e-4
-1.346, 6.278e-4
-1.347, 6.473e-4
-1.348, 6.672e-4
-1.349, 6.879e-4
-1.350, 7.089e-4
-1.351, 7.310e-4
-1.352, 7.537e-4
-1.353, 7.759e-4
-1.354, 8.001e-4
-1.355, 8.253e-4
-1.356, 8.506e-4
-1.357, 8.764e-4
-1.358, 9.021e-4
-1.359, 9.286e-4
-1.360, 9.563e-4
-1.361, 9.857e-4
-1.362, 1.015e-3
-1.363, 1.044e-3
-1.364, 1.074e-3
-1.365, 1.105e-3
-1.366, 1.137e-3
-1.367, 1.170e-3
-1.368, 1.203e-3
-1.369, 1.237e-3
-1.370, 1.272e-3
-1.371, 1.307e-3
-1.372, 1.344e-3
-1.373, 1.382e-3
-1.374, 1.421e-3
-1.375, 1.460e-3
-1.376, 1.501e-3
-1.377, 1.543e-3
-1.378, 1.582e-3
-1.379, 1.622e-3
-1.380, 1.667e-3
-1.381, 1.713e-3
-1.382, 1.759e-3
-1.383, 1.806e-3
-1.384, 1.852e-3
-1.385, 1.898e-3
-1.386, 1.945e-3
-1.387, 1.994e-3
-1.388, 2.045e-3
-1.389, 2.098e-3
-1.390, 2.153e-3
-1.391, 2.205e-3
-1.392, 2.254e-3
-1.393, 2.309e-3
-1.394, 2.364e-3
-1.395, 2.423e-3
-1.396, 2.482e-3
-1.397, 2.539e-3
-1.398, 2.596e-3
-1.399, 2.659e-3
-1.400, 2.669e-3
-1.399, 2.621e-3
-1.398, 2.571e-3
-1.397, 2.521e-3
-1.396, 2.476e-3
-1.395, 2.432e-3
-1.394, 2.384e-3
-1.393, 2.332e-3
-1.392, 2.277e-3
-1.391, 2.231e-3
-1.390, 2.191e-3
-1.389, 2.146e-3
-1.388, 2.097e-3
-1.387, 2.052e-3
-1.386, 2.007e-3
-1.385, 1.962e-3
-1.384, 1.917e-3
-1.383, 1.872e-3
-1.382, 1.829e-3
-1.381, 1.788e-3
-1.380, 1.745e-3
-1.379, 1.704e-3
-1.378, 1.662e-3
-1.377, 1.625e-3
-1.376, 1.588e-3
-1.375, 1.549e-3
-1.374, 1.511e-3
-1.373, 1.474e-3
-1.372, 1.439e-3
-1.371, 1.405e-3
-1.370, 1.368e-3
-1.369, 1.333e-3
-1.368, 1.301e-3
-1.367, 1.269e-3
-1.366, 1.237e-3
-1.365, 1.205e-3
-1.364, 1.175e-3
-1.363, 1.144e-3
-1.362, 1.114e-3
-1.361, 1.086e-3
-1.360, 1.058e-3
-1.359, 1.031e-3
-1.358, 1.002e-3
-1.357, 9.755e-4
-1.356, 9.493e-4
-1.355, 9.242e-4
-1.354, 8.999e-4
-1.353, 8.757e-4
-1.352, 8.518e-4
-1.351, 8.288e-4
-1.350, 8.060e-4
-1.349, 7.832e-4
-1.348, 7.615e-4
-1.347, 7.408e-4
-1.346, 7.200e-4
-1.345, 6.992e-4
-1.344, 6.791e-4
-1.343, 6.597e-4
-1.342, 6.406e-4
-1.341, 6.219e-4
-1.340, 6.038e-4
-1.339, 5.861e-4
-1.338, 5.684e-4
-1.337, 5.516e-4
-1.336, 5.357e-4
-1.335, 5.201e-4
-1.334, 5.050e-4
-1.333, 4.899e-4
-1.332, 4.750e-4
-1.331, 4.612e-4
-1.330, 4.475e-4
-1.329, 4.342e-4
-1.328, 4.213e-4
-1.327, 4.088e-4
-1.326, 3.965e-4
-1.325, 3.850e-4
-1.324, 3.740e-4
-1.323, 3.627e-4
-1.322, 3.516e-4
-1.321, 3.410e-4
-1.320, 3.310e-4
-1.319, 3.213e-4
-1.318, 3.117e-4
-1.317, 3.020e-4
-1.316, 2.926e-4
-1.315, 2.837e-4
-1.314, 2.752e-4
-1.313, 2.664e-4
-1.312, 2.580e-4
-1.311, 2.505e-4
-1.310, 2.432e-4
-1.309, 2.361e-4
-1.308, 2.286e-4
-1.307, 2.213e-4
-1.306, 2.144e-4
-1.305, 2.080e-4
-1.304, 2.016e-4
-1.303, 1.950e-4
-1.302, 1.883e-4
-1.301, 1.822e-4
-1.300, 1.767e-4
-1.299, 1.717e-4
-1.298, 1.664e-4
-1.297, 1.611e-4
-1.296, 1.562e-4
-1.295, 1.513e-4
-1.294, 1.464e-4
-1.293, 1.415e-4
-1.292, 1.367e-4
-1.291, 1.322e-4
-1.290, 1.284e-4
-1.289, 1.247e-4
-1.288, 1.208e-4
-1.287, 1.167e-4
-1.286, 1.128e-4
-1.285, 1.091e-4
-1.284, 1.056e-4
-1.283, 1.022e-4
-1.282, 9.903e-5
-1.281, 9.593e-5
-1.280, 9.291e-5
-1.279, 8.995e-5
-1.278, 8.677e-5
-1.277, 8.358e-5
-1.276, 8.073e-5
-1.275, 7.828e-5
-1.274, 7.601e-5
-1.273, 7.335e-5
-1.272, 7.083e-5
-1.271, 6.857e-5
-1.270, 6.645e-5
-1.269, 6.460e-5
-1.268, 6.242e-5
-1.267, 6.002e-5
-1.266, 5.801e-5
-1.265, 5.623e-5
-1.264, 5.461e-5
-1.263, 5.256e-5
-1.262, 5.037e-5
-1.261, 4.873e-5
-1.260, 4.726e-5
-1.259, 4.556e-5
-1.258, 4.382e-5
-1.257, 4.189e-5
-1.256, 4.038e-5
-1.255, 3.925e-5
-1.254, 3.826e-5
-1.253, 3.699e-5
-1.252, 3.545e-5
-1.251, 3.410e-5
-1.250, 3.333e-5
-1.249, 3.233e-5
-1.248, 3.086e-5
-1.247, 2.914e-5
-1.246, 2.786e-5
-1.245, 2.716e-5
-1.244, 2.630e-5
-1.243, 2.531e-5
-1.242, 2.424e-5
-1.241, 2.309e-5
-1.240, 2.239e-5
-1.239, 2.172e-5
-1.238, 2.062e-5
-1.237, 1.966e-5
-1.236, 1.860e-5
-1.235, 1.789e-5
-1.234, 1.743e-5
-1.233, 1.648e-5
-1.232, 1.546e-5
-1.231, 1.456e-5
-1.230, 1.400e-5
-1.229, 1.333e-5
-1.228, 1.276e-5
-1.227, 1.164e-5
-1.226, 1.103e-5
-1.225, 1.048e-5
-1.224, 1.020e-5
-1.223, 9.385e-6
-1.222, 8.307e-6
-1.221, 7.639e-6
-1.220, 7.335e-6
-1.219, 6.995e-6
-1.218, 6.590e-6
-1.217, 5.916e-6
-1.216, 5.458e-6
-1.215, 5.207e-6
-1.214, 4.940e-6
-1.213, 4.447e-6
-1.212, 3.605e-6
-1.211, 2.811e-6
-1.210, 2.818e-6
-1.209, 2.455e-6
-1.208, 1.924e-6
-1.207, 1.259e-6
-1.206, 8.246e-7
-1.205, 9.025e-7
-1.204, 5.750e-7
-1.203, -5.742e-8
-1.202, -8.615e-7
-1.201, -1.273e-6
-1.200, -1.097e-6
-1.199, -1.056e-6
-1.198, -1.351e-6
-1.197, -2.122e-6
-1.196, -2.711e-6
-1.195, -2.968e-6
-1.194, -2.995e-6
-1.193, -3.309e-6
-1.192, -3.579e-6
-1.191, -3.929e-6
-1.190, -3.898e-6
-1.189, -3.926e-6
-1.188, -4.468e-6
-1.187, -5.303e-6
-1.186, -5.527e-6
-1.185, -5.567e-6
-1.184, -5.406e-6
-1.183, -5.751e-6
-1.182, -6.237e-6
-1.181, -6.205e-6
-1.180, -6.154e-6
-1.179, -6.464e-6
-1.178, -6.944e-6
-1.177, -7.605e-6
-1.176, -7.803e-6
-1.175, -7.911e-6
-1.174, -7.987e-6
-1.173, -8.147e-6
-1.172, -8.620e-6
-1.171, -8.894e-6
-1.170, -8.289e-6
-1.169, -8.166e-6
-1.168, -8.621e-6
-1.167, -9.259e-6
-1.166, -9.870e-6
-1.165, -9.782e-6
-1.164, -9.697e-6
-1.163, -1.003e-5
-1.162, -1.050e-5
-1.161, -1.071e-5
-1.160, -1.013e-5
-1.159, -9.968e-6
-1.158, -1.031e-5
-1.157, -1.085e-5
-1.156, -1.120e-5
-1.155, -1.124e-5
-1.154, -1.111e-5
-1.153, -1.152e-5
-1.152, -1.193e-5
-1.151, -1.204e-5
-1.150, -1.173e-5
-1.149, -1.131e-5
-1.148, -1.152e-5
-1.147, -1.200e-5
-1.146, -1.195e-5
-1.145, -1.178e-5
-1.144, -1.157e-5
-1.143, -1.179e-5
-1.142, -1.257e-5
-1.141, -1.296e-5
-1.140, -1.287e-5
-1.139, -1.264e-5
-1.138, -1.269e-5
-1.137, -1.322e-5
-1.136, -1.317e-5
-1.135, -1.305e-5
-1.134, -1.300e-5
-1.133, -1.334e-5
-1.132, -1.395e-5
-1.131, -1.442e-5
-1.130, -1.405e-5
-1.129, -1.393e-5
-1.128, -1.426e-5
-1.127, -1.466e-5
-1.126, -1.487e-5
-1.125, -1.438e-5
-1.124, -1.430e-5
-1.123, -1.472e-5
-1.122, -1.511e-5
-1.121, -1.541e-5
-1.120, -1.512e-5
-1.119, -1.467e-5
-1.118, -1.493e-5
-1.117, -1.528e-5
-1.116, -1.554e-5
-1.115, -1.545e-5
-1.114, -1.512e-5
-1.113, -1.536e-5
-1.112, -1.572e-5
-1.111, -1.584e-5
-1.110, -1.577e-5
-1.109, -1.548e-5
-1.108, -1.608e-5
-1.107, -1.675e-5
-1.106, -1.691e-5
-1.105, -1.667e-5
-1.104, -1.632e-5
-1.103, -1.670e-5
-1.102, -1.718e-5
-1.101, -1.717e-5
-1.100, -1.673e-5
-1.099, -1.642e-5
-1.098, -1.654e-5
-1.097, -1.726e-5
-1.096, -1.737e-5
-1.095, -1.719e-5
-1.094, -1.734e-5
-1.093, -1.768e-5
-1.092, -1.828e-5
-1.091, -1.835e-5
-1.090, -1.765e-5
-1.089, -1.750e-5
-1.088, -1.766e-5
-1.087, -1.798e-5
-1.086, -1.830e-5
-1.085, -1.795e-5
-1.084, -1.794e-5
-1.083, -1.841e-5
-1.082, -1.883e-5
-1.081, -1.892e-5
-1.080, -1.840e-5
-1.079, -1.819e-5
-1.078, -1.874e-5
-1.077, -1.910e-5
-1.076, -1.948e-5
-1.075, -1.920e-5
-1.074, -1.883e-5
-1.073, -1.942e-5
-1.072, -1.975e-5
-1.071, -1.990e-5
-1.070, -1.959e-5
-1.069, -1.928e-5
-1.068, -1.944e-5
-1.067, -2.014e-5
-1.066, -2.023e-5
-1.065, -2.000e-5
-1.064, -1.969e-5
-1.063, -1.999e-5
-1.062, -2.062e-5
-1.061, -2.072e-5
-1.060, -2.052e-5
-1.059, -2.053e-5
-1.058, -2.078e-5
-1.057, -2.115e-5
-1.056, -2.108e-5
-1.055, -2.061e-5
-1.054, -2.048e-5
-1.053, -2.082e-5
-1.052, -2.144e-5
-1.051, -2.182e-5
-1.050, -2.166e-5
-1.049, -2.148e-5
-1.048, -2.166e-5
-1.047, -2.219e-5
-1.046, -2.239e-5
-1.045, -2.206e-5
-1.044, -2.187e-5
-1.043, -2.225e-5
-1.042, -2.263e-5
-1.041, -2.273e-5
-1.040, -2.226e-5
-1.039, -2.216e-5
-1.038, -2.285e-5
-1.037, -2.343e-5
-1.036, -2.365e-5
-1.035, -2.350e-5
-1.034, -2.316e-5
-1.033, -2.364e-5
-1.032, -2.397e-5
-1.031, -2.387e-5
-1.030, -2.361e-5
-1.029, -2.345e-5
-1.028, -2.400e-5
-1.027, -2.474e-5
-1.026, -2.479e-5
-1.025, -2.478e-5
-1.024, -2.474e-5
-1.023, -2.514e-5
-1.022, -2.590e-5
-1.021, -2.589e-5
-1.020, -2.566e-5
-1.019, -2.576e-5
-1.018, -2.615e-5
-1.017, -2.681e-5
-1.016, -2.671e-5
-1.015, -2.626e-5
-1.014, -2.627e-5
-1.013, -2.662e-5
-1.012, -2.717e-5
-1.011, -2.742e-5
-1.010, -2.709e-5
-1.009, -2.695e-5
-1.008, -2.738e-5
-1.007, -2.799e-5
-1.006, -2.836e-5
-1.005, -2.804e-5
-1.004, -2.796e-5
-1.003, -2.845e-5
-1.002, -2.897e-5
-1.001, -2.911e-5
