Potential V vs RHE, Current mA cm-2
0.05339999999999995,-0.006417130456187806
0.05239999999999995,-0.007022626892530043
0.051399999999999946,-0.007207954072812361
0.050399999999999945,-0.007323960399401295
0.049399999999999944,-0.0074286490355913075
0.04839999999999994,-0.007536167094381051
0.04739999999999994,-0.0076295380401721425
0.04639999999999994,-0.007707347161664719
0.04539999999999994,-0.0077837415718574315
0.04439999999999994,-0.007884186074147849
0.04339999999999994,-0.007970483463439615
0.04239999999999994,-0.008046877873632327
0.04139999999999994,-0.008130345840324366
0.040399999999999936,-0.008177031313219911
0.039399999999999935,-0.008281719949409926
0.038399999999999934,-0.008356699648302771
0.03739999999999993,-0.008438752903694944
0.03639999999999993,-0.008503829623488734
0.03539999999999993,-0.008570321054582393
0.03439999999999993,-0.00865378902127443
0.03339999999999993,-0.008723109874967815
0.03239999999999993,-0.008795260151260934
0.03139999999999993,-0.008865995716254184
0.030399999999999927,-0.008929657724748111
0.029399999999999926,-0.008994734444541904
0.028399999999999925,-0.009075372988634211
0.027399999999999924,-0.009151767398826923
0.026399999999999924,-0.00923806478811869
0.025399999999999923,-0.009290409106213695
0.024399999999999922,-0.009354071114707622
0.02339999999999992,-0.009433294947500065
0.02239999999999992,-0.009512518780292507
0.02139999999999992,-0.009570521943586973
0.020399999999999918,-0.00964550164247982
0.019399999999999917,-0.009720481341372666
0.018399999999999916,-0.009788387483766188
0.017399999999999916,-0.00987044073915836
0.016399999999999915,-0.009935517458952152
0.015399999999999914,-0.009979373509247966
0.014399999999999913,-0.010062841475940006
0.013399999999999912,-0.010137821174832855
0.012399999999999911,-0.010242509811022866
0.01139999999999991,-0.010290609995218277
0.01039999999999991,-0.010340124890713552
0.009399999999999908,-0.010416519300906266
0.008399999999999908,-0.010494328422398842
0.007399999999999907,-0.010591943502089531
0.006399999999999906,-0.010649946665383997
0.005399999999999905,-0.010706535117378598
0.004399999999999904,-0.01079424721797023
0.003399999999999903,-0.010856494515164291
0.002399999999999902,-0.010942791904456059
0.0013999999999999013,-0.01102484515984823
0.00039999999999990044,-0.011099824858741078
-0.0006000000000001005,-0.01120168407233136
-0.0016000000000001013,-0.011283737327723533
-0.0026000000000001022,-0.011361546449216109
-0.003600000000000103,-0.01143511143680909
-0.004600000000000104,-0.011508676424402073
-0.005600000000000105,-0.011602047370193167
-0.006600000000000106,-0.011691174182084664
-0.007600000000000107,-0.01178595983917562
-0.008600000000000108,-0.011865183671968062
-0.009600000000000108,-0.01193733394826118
-0.01060000000000011,-0.012029290182752408
-0.01160000000000011,-0.012109928726844714
-0.012600000000000111,-0.012225935053433647
-0.013600000000000112,-0.012305158886226089
-0.014600000000000113,-0.012374479739919475
-0.015600000000000114,-0.0124706801083103
-0.016600000000000115,-0.012562636342801525
-0.017600000000000116,-0.012656007288592617
-0.018600000000000116,-0.012763525347382362
-0.019600000000000117,-0.012831431489775882
-0.020600000000000118,-0.01294319368246522
-0.02160000000000012,-0.013045052896055504
-0.02260000000000012,-0.013144082687046057
-0.02360000000000012,-0.013240283055436878
-0.024600000000000122,-0.013346386402926756
-0.025600000000000123,-0.013441172060017713
-0.026600000000000124,-0.013544445984907859
-0.027600000000000124,-0.01365903760019693
-0.028600000000000125,-0.013772214504186133
-0.029600000000000126,-0.013855682470878171
-0.030600000000000127,-0.013971688797467102
-0.03160000000000013,-0.014079206856256845
-0.03260000000000013,-0.014189554337646317
-0.03360000000000013,-0.01430273124163552
-0.03460000000000002,-0.014401761032626074
-0.03560000000000002,-0.014514937936615275
-0.03660000000000002,-0.014642261953603129
-0.03760000000000002,-0.014769585970590984
-0.03860000000000002,-0.014896909987578835
-0.039600000000000024,-0.014981792665570736
-0.040600000000000025,-0.015123263795557243
-0.041600000000000026,-0.015236440699546445
-0.04260000000000003,-0.0153637647165343
-0.04360000000000003,-0.015476941620523503
-0.04460000000000003,-0.015604265637511355
-0.04560000000000003,-0.015717442541500558
-0.04660000000000003,-0.01583061944548976
-0.04760000000000003,-0.01597209057547626
-0.04860000000000003,-0.01608526747946547
-0.04960000000000003,-0.016212591496453318
-0.050600000000000034,-0.016354062626439823
-0.051600000000000035,-0.016495533756426328
-0.052600000000000036,-0.016637004886412832
-0.053600000000000037,-0.016764328903400686
-0.05460000000000004,-0.01690580003338719
-0.05560000000000004,-0.017047271163373692
-0.05660000000000004,-0.017188742293360197
-0.05760000000000004,-0.01734436053634535
-0.05860000000000004,-0.01748583166633185
-0.05960000000000004,-0.017627302796318356
-0.06060000000000004,-0.01776877392630486
-0.061600000000000044,-0.017910245056291362
-0.06260000000000004,-0.018080010412275173
-0.06360000000000005,-0.018235628655260322
-0.06460000000000005,-0.018391246898245478
-0.06560000000000005,-0.018546865141230634
-0.06660000000000005,-0.018702483384215783
-0.06760000000000005,-0.01887224874019959
-0.06860000000000005,-0.019027866983184743
-0.06960000000000005,-0.019169338113171244
-0.07060000000000005,-0.019353250582153703
-0.07160000000000005,-0.019523015938137503
-0.07260000000000005,-0.01969278129412131
-0.07360000000000005,-0.019848399537106463
-0.07460000000000006,-0.020018164893090266
-0.07560000000000006,-0.020187930249074077
-0.07660000000000006,-0.020371842718056525
-0.07760000000000006,-0.02055575518703898
-0.07860000000000006,-0.020725520543022787
-0.07960000000000006,-0.020909433012005242
-0.08060000000000006,-0.021107492593986348
-0.08160000000000006,-0.021291405062968803
-0.08260000000000006,-0.021475317531951258
-0.08360000000000006,-0.02165923000093371
-0.08460000000000006,-0.021828995356917517
-0.08560000000000006,-0.022027054938898623
-0.08660000000000007,-0.022239261633878377
-0.08760000000000007,-0.022437321215859483
-0.08860000000000007,-0.02264952791083924
-0.08960000000000007,-0.022833440379821688
-0.09060000000000007,-0.023031499961802798
-0.09160000000000007,-0.023215412430785252
-0.09260000000000007,-0.023427619125765006
-0.09360000000000007,-0.023625678707746112
-0.09460000000000007,-0.023837885402725866
-0.09560000000000007,-0.024064239210704275
-0.09660000000000007,-0.02429059301868268
-0.09760000000000008,-0.024460358374666487
-0.09860000000000008,-0.024700859295643543
-0.09960000000000008,-0.024898918877624646
-0.10060000000000008,-0.0251111255726044
-0.10160000000000008,-0.025337479380582808
-0.10260000000000008,-0.025592127414558512
-0.10360000000000008,-0.02580433410953827
-0.10460000000000008,-0.026030687917516674
-0.10560000000000008,-0.026257041725495082
-0.10660000000000008,-0.02649754264647214
-0.10760000000000008,-0.026752190680447843
-0.10860000000000009,-0.0269643973754276
-0.10960000000000009,-0.027190751183406005
-0.11060000000000009,-0.02743125210438306
-0.11160000000000009,-0.027671753025360117
-0.11260000000000009,-0.027912253946337173
-0.11360000000000009,-0.028166901980312884
-0.11460000000000009,-0.028435697127287232
-0.11560000000000009,-0.028704492274261594
-0.11660000000000009,-0.02893084608224
-0.1176000000000001,-0.029185494116215707
-0.1186000000000001,-0.02945428926319007
-0.1196000000000001,-0.02969479018416712
-0.1206000000000001,-0.029977732444140127
-0.1216000000000001,-0.030232380478115835
-0.1226000000000001,-0.030501175625090193
-0.1236000000000001,-0.030769970772064545
-0.1246000000000001,-0.03099632458004295
-0.1256000000000001,-0.03126511972701731
-0.1266000000000001,-0.03151976776099302
-0.1276000000000001,-0.031802710020966025
-0.1286000000000001,-0.032085652280939035
-0.1296000000000001,-0.03235444742791339
-0.1306000000000001,-0.032623242574887745
-0.1316000000000001,-0.0329203319478594
-0.1326000000000001,-0.03320327420783241
-0.1336000000000001,-0.03350036358080407
-0.1346000000000001,-0.033797452953775724
-0.1356000000000001,-0.034094542326747385
-0.1366000000000001,-0.034391631699719045
-0.1376000000000001,-0.0346887210726907
-0.1386000000000001,-0.0349716633326637
-0.1396000000000001,-0.03524045847963807
-0.1406000000000001,-0.035551694965608366
-0.14160000000000011,-0.03584878433858003
-0.14260000000000012,-0.03617416793754899
-0.14360000000000012,-0.0365136986495166
-0.14460000000000012,-0.03679664090948961
-0.14560000000000012,-0.03713617162145721
-0.14660000000000012,-0.03744740810742752
-0.14760000000000012,-0.037801085932393785
-0.14860000000000012,-0.038112322418364084
-0.14960000000000012,-0.038409411791335744
-0.15060000000000012,-0.03873479539030471
-0.15160000000000012,-0.039060178989273664
-0.15260000000000012,-0.03941385681423992
-0.15360000000000013,-0.03976753463920618
-0.15460000000000013,-0.040078771125176486
-0.15560000000000013,-0.040418301837144094
-0.15660000000000013,-0.04074368543611305
-0.15760000000000013,-0.04111151037407796
-0.15860000000000013,-0.041451041086045574
-0.15960000000000002,-0.04177642468501453
-0.16060000000000002,-0.042130102509980796
-0.16160000000000002,-0.04248378033494705
-0.16260000000000002,-0.042837458159913314
-0.16360000000000002,-0.043191135984879565
-0.16460000000000002,-0.04354481380984583
-0.16560000000000002,-0.04394093297380804
-0.16660000000000003,-0.044308757911772946
-0.16760000000000003,-0.044690729962736514
-0.16860000000000003,-0.04505855490070142
-0.16960000000000003,-0.04539808561266903
-0.17060000000000003,-0.045765910550633934
-0.17160000000000003,-0.04613373548859885
-0.17260000000000003,-0.046515707539562405
-0.17360000000000003,-0.046897679590525966
-0.17460000000000003,-0.047265504528490876
-0.17560000000000003,-0.04766162369245308
-0.17660000000000003,-0.048029448630418
-0.17760000000000004,-0.04842556779438021
-0.17860000000000004,-0.048821686958342415
-0.17960000000000004,-0.049203659009305976
-0.18060000000000004,-0.04958563106026953
-0.18160000000000004,-0.04996760311123309
-0.18260000000000004,-0.050363722275195304
-0.18360000000000004,-0.05075984143915752
-0.18460000000000004,-0.05115596060311973
-0.18560000000000004,-0.051566226880080585
-0.18660000000000004,-0.051948198931044146
-0.18760000000000004,-0.05237261232100365
-0.18860000000000005,-0.052768731484965865
-0.18960000000000005,-0.05317899776192673
-0.19060000000000005,-0.053589264038887585
-0.19160000000000005,-0.05399953031584845
-0.19260000000000005,-0.05442394370580796
-0.19360000000000005,-0.05483420998276882
-0.19460000000000005,-0.05524447625972968
-0.19560000000000005,-0.05565474253669054
-0.19660000000000005,-0.056022567474655456
-0.19760000000000005,-0.056475275090612266
-0.19860000000000005,-0.056899688480571774
-0.19960000000000006,-0.057281660531535335
-0.20060000000000006,-0.05770607392149485
-0.20160000000000006,-0.05813048731145436
-0.20260000000000006,-0.058554900701413864
-0.20360000000000006,-0.058979314091373386
-0.20460000000000006,-0.05938958036833424
-0.20560000000000006,-0.059799846645295106
-0.20660000000000006,-0.06019596580925731
-0.20760000000000006,-0.06063452631221547
-0.20860000000000006,-0.061073086815173636
-0.20960000000000006,-0.061483353092134506
-0.21060000000000006,-0.061907766482094014
-0.21160000000000007,-0.062332179872053514
-0.21260000000000007,-0.06277074037501168
-0.21360000000000007,-0.06320930087796985
-0.21460000000000007,-0.063647861380928
-0.21560000000000007,-0.06407227477088752
-0.21660000000000007,-0.06452498238684433
-0.21760000000000007,-0.06497769000280114
-0.21860000000000007,-0.06541625050575929
-0.21960000000000007,-0.0658406638957188
-0.22060000000000007,-0.06627922439867698
-0.22160000000000007,-0.06668949067563783
-0.22260000000000008,-0.06714219829159464
-0.22360000000000008,-0.06756661168155415
-0.22460000000000008,-0.06801931929751097
-0.22560000000000008,-0.06844373268747048
-0.22660000000000008,-0.06888229319042864
-0.22760000000000008,-0.06930670658038814
-0.22860000000000008,-0.06974526708334632
-0.22960000000000008,-0.07014138624730852
-0.23060000000000008,-0.07059409386326533
-0.23160000000000008,-0.07101850725322485
-0.23260000000000008,-0.07148536198218029
-0.23360000000000009,-0.07190977537213981
-0.2346000000000001,-0.07233418876209932
-0.2356000000000001,-0.07275860215205883
-0.2366000000000001,-0.07318301554201835
-0.2376000000000001,-0.0736215760449765
-0.2386000000000001,-0.07407428366093333
-0.2396000000000001,-0.07448454993789419
-0.2406000000000001,-0.07492311044085233
-0.2416000000000001,-0.07531922960481456
-0.2426000000000001,-0.07578608433377002
-0.2436000000000001,-0.07619635061073088
-0.2446000000000001,-0.0765924697746931
-0.2456000000000001,-0.07701688316465259
-0.2466000000000001,-0.07742714944161345
-0.2476000000000001,-0.07786570994457162
-0.2486000000000001,-0.07829012333453113
-0.2496000000000001,-0.07870038961149198
-0.2506000000000001,-0.07909650877545421
-0.2516000000000001,-0.07950677505241506
-0.2526000000000001,-0.07991704132937592
-0.2536000000000001,-0.08034145471933543
-0.2546000000000001,-0.08073757388329764
-0.2556000000000001,-0.0811478401602585
-0.2566000000000001,-0.08152981221122206
-0.2576000000000001,-0.08194007848818292
-0.2586000000000001,-0.08235034476514379
-0.2596000000000001,-0.08273231681610735
-0.2606000000000001,-0.08310014175407225
-0.2616000000000001,-0.08346796669203715
-0.2626000000000001,-0.08382164451700343
-0.2636000000000001,-0.08418946945496834
-0.2646000000000001,-0.08455729439293323
-0.2656000000000001,-0.08492511933089815
-0.2666000000000001,-0.08530709138186171
-0.2676000000000001,-0.08567491631982663
-0.2686000000000001,-0.08607103548378882
-0.2696000000000001,-0.08642471330875509
-0.2706000000000001,-0.0867642440207227
-0.2716000000000001,-0.0871037747326903
-0.2726000000000001,-0.08745745255765658
-0.2736000000000001,-0.08779698326962418
-0.2746000000000001,-0.08812236686859314
-0.2756000000000001,-0.08844775046756209
-0.2766000000000001,-0.08877313406653106
-0.2776000000000001,-0.08911266477849866
-0.2786000000000001,-0.08945219549046628
-0.2796000000000001,-0.08976343197643659
-0.2806000000000001,-0.09010296268840419
-0.28160000000000013,-0.09042834628737315
-0.28260000000000013,-0.09073958277334346
-0.28360000000000013,-0.09105081925931376
-0.2846,-0.09133376151928675
-0.2856,-0.09164499800525706
-0.2866,-0.09191379315223143
-0.2876,-0.09222502963820174
-0.2886,-0.0925221190111734
-0.2896,-0.09279091415814776
-0.2906,-0.09307385641812077
-0.2916,-0.09335679867809377
-0.2926,-0.09363974093806678
-0.2936,-0.09390853608504113
-0.29460000000000003,-0.09414903700601819
-0.29560000000000003,-0.09441783215299256
-0.29660000000000003,-0.0946583330739696
-0.29760000000000003,-0.09491298110794531
-0.29860000000000003,-0.09515348202892236
-0.29960000000000003,-0.09537983583690077
-0.30060000000000003,-0.09560618964487919
-0.30160000000000003,-0.09581839633985893
-0.30260000000000004,-0.096058897260836
-0.30360000000000004,-0.0962852510688144
-0.30460000000000004,-0.09649745776379416
-0.30560000000000004,-0.0966813702327766
-0.30660000000000004,-0.09689357692775637
-0.30760000000000004,-0.09707748939673881
-0.30860000000000004,-0.09727554897871993
-0.30960000000000004,-0.09745946144770237
-0.31060000000000004,-0.09762922680368619
-0.31160000000000004,-0.09779899215966999
-0.31260000000000004,-0.09795461040265514
-0.31360000000000005,-0.09813852287163759
-0.31460000000000005,-0.09829414111462276
-0.31560000000000005,-0.0984214651316106
-0.31660000000000005,-0.09857708337459577
-0.31760000000000005,-0.09874684873057955
-0.31860000000000005,-0.09888831986056607
-0.31960000000000005,-0.09902979099055256
-0.32060000000000005,-0.09915711500754042
-0.32160000000000005,-0.09927029191152963
-0.32260000000000005,-0.09938346881551882
-0.32360000000000005,-0.09951079283250668
-0.32460000000000006,-0.09959567551049858
-0.32560000000000006,-0.09970885241448779
-0.32660000000000006,-0.09980788220547833
-0.32760000000000006,-0.09989276488347024
-0.32860000000000006,-0.10000594178745945
-0.32960000000000006,-0.1000766773524527
-0.33060000000000006,-0.10014741291744596
-0.33160000000000006,-0.10023229559543784
-0.33260000000000006,-0.10031717827342976
-0.33360000000000006,-0.100387913838423
-0.33460000000000006,-0.10043035517741895
-0.33560000000000006,-0.10048694362941356
-0.33660000000000007,-0.10052938496840952
-0.33760000000000007,-0.1005859734204041
-0.33860000000000007,-0.10062841475940007
-0.33960000000000007,-0.10067085609839602
-0.34060000000000007,-0.10068500321139465
-0.34160000000000007,-0.10071329743739196
-0.34260000000000007,-0.10075573877638791
-0.34360000000000007,-0.10076988588938657
-0.3446000000000001,-0.10078403300238521
-0.3456000000000001,-0.10079818011538387
-0.3466000000000001,-0.10081232722838251
-0.34759999999999996,-0.10081232722838251
-0.3486000000000001,-0.10079818011538387
-0.34959999999999997,-0.10079818011538387
-0.3506000000000001,-0.10078403300238521
-0.35159999999999997,-0.10076988588938657
-0.3526000000000001,-0.10075573877638791
-0.35359999999999997,-0.10075573877638791
-0.3546000000000001,-0.10071329743739196
-0.35559999999999997,-0.10068500321139465
-0.3566000000000001,-0.10065670898539736
-0.3576,-0.10064256187239871
-0.3586000000000001,-0.1006142676464014
-0.3596,-0.10055767919440682
-0.3606000000000001,-0.1005010907424122
-0.3616,-0.10045864940341626
-0.3626000000000001,-0.10041620806442031
-0.3636,-0.1003596196124257
-0.3646000000000001,-0.10028888404743246
-0.3656,-0.1002181484824392
-0.3666000000000001,-0.10016156003044459
-0.3676,-0.10010497157845
-0.3686000000000001,-0.10004838312645539
-0.3696,-0.09996350044846349
-0.3706000000000001,-0.0999069119964689
-0.3716,-0.09983617643147565
-0.3726000000000001,-0.09975129375348374
-0.3736,-0.09968055818849049
-0.3746000000000001,-0.09958152839749992
-0.3756,-0.09949664571950805
-0.3766000000000001,-0.09941176304151612
-0.3776,-0.09932688036352423
-0.3786000000000001,-0.09924199768553231
-0.3796,-0.09914296789454177
-0.3806000000000001,-0.09902979099055256
-0.3816,-0.09894490831256067
-0.3826000000000001,-0.09884587852157012
-0.3836,-0.09876099584357821
-0.3846000000000001,-0.09866196605258765
-0.3856,-0.09852049492260115
-0.3866000000000001,-0.0984214651316106
-0.3876,-0.09832243534062005
-0.3886000000000001,-0.09820925843663084
-0.3896,-0.09809608153264164
-0.3906000000000001,-0.09798290462865245
-0.3916,-0.09786972772466324
-0.3926000000000001,-0.0977706979336727
-0.3936,-0.09765752102968349
-0.3946000000000001,-0.09753019701269564
-0.3956,-0.09740287299570777
-0.3966000000000001,-0.09730384320471722
-0.3976,-0.09719066630072802
-0.3986000000000001,-0.09709163650973747
-0.3996,-0.09693601826675231
-0.4006000000000001,-0.09682284136276312
-0.4016,-0.0966813702327766
-0.4026000000000001,-0.09658234044178605
-0.4036,-0.09645501642479819
-0.4046000000000001,-0.09632769240781036
-0.4056,-0.09618622127782384
-0.40660000000000013,-0.096058897260836
-0.4076,-0.09591742613084948
-0.40860000000000013,-0.09581839633985893
-0.4096,-0.09567692520987243
-0.41060000000000013,-0.09554960119288458
-0.4116,-0.09540813006289808
-0.41260000000000013,-0.09528080604591022
-0.4136,-0.09515348202892236
-0.41460000000000014,-0.09502615801193452
-0.4156,-0.09489883399494665
-0.41660000000000014,-0.09475736286496016
-0.4176,-0.0946300388479723
-0.41860000000000014,-0.09451686194398311
-0.41960000000000003,-0.0943753908139966
-0.42060000000000014,-0.09421977257101144
-0.42160000000000003,-0.09412074278002087
-0.42260000000000014,-0.09397927165003438
-0.42360000000000003,-0.09385194763304654
-0.42460000000000014,-0.09372462361605868
-0.42560000000000003,-0.09358315248607219
-0.42660000000000015,-0.09344168135608567
-0.42760000000000004,-0.09332850445209646
-0.42860000000000015,-0.09318703332210997
-0.42960000000000004,-0.09305970930512211
-0.43060000000000015,-0.0929182381751356
-0.43160000000000004,-0.0927767670451491
-0.43260000000000015,-0.09264944302816126
-0.43360000000000004,-0.0925221190111734
-0.43460000000000015,-0.09239479499418554
-0.43560000000000004,-0.0922674709771977
-0.43660000000000015,-0.09212599984721119
-0.43760000000000004,-0.09199867583022334
-0.43860000000000016,-0.09187135181323548
-0.43960000000000005,-0.09174402779624763
-0.44060000000000016,-0.09161670377925978
-0.44160000000000005,-0.09148937976227192
-0.44260000000000016,-0.09136205574528407
-0.44360000000000005,-0.09124887884129487
-0.44460000000000016,-0.091121554824307
-0.44560000000000005,-0.09099423080731917
-0.44660000000000016,-0.09086690679033131
-0.44760000000000005,-0.09073958277334346
-0.44860000000000017,-0.09062640586935425
-0.44960000000000006,-0.09051322896536505
-0.45060000000000017,-0.09037175783537854
-0.45160000000000006,-0.09025858093138935
-0.45260000000000017,-0.09013125691440148
-0.45360000000000006,-0.09003222712341094
-0.45460000000000017,-0.08987660888042578
-0.45560000000000006,-0.08976343197643659
-0.4566000000000002,-0.08965025507244738
-0.45760000000000006,-0.08953707816845817
-0.4586000000000002,-0.08940975415147032
-0.45960000000000006,-0.08929657724748112
-0.4606000000000002,-0.08916925323049325
-0.46160000000000007,-0.08905607632650406
-0.4626000000000002,-0.08894289942251486
-0.46360000000000007,-0.08884386963152431
-0.4646000000000002,-0.08873069272753512
-0.46560000000000007,-0.08860336871054725
-0.4666000000000002,-0.08849019180655805
-0.46760000000000007,-0.08837701490256884
-0.4686000000000002,-0.08827798511157829
-0.4696000000000001,-0.08817895532058774
-0.4706000000000002,-0.08805163130359987
-0.4716000000000001,-0.08795260151260934
-0.47259999999999996,-0.08785357172161878
-0.4736000000000001,-0.08776868904362688
-0.47459999999999997,-0.08765551213963767
-0.4756000000000001,-0.08755648234864712
-0.47659999999999997,-0.0874433054446579
-0.4776000000000001,-0.08735842276666603
-0.47859999999999997,-0.0872735400886741
-0.4796000000000001,-0.08716036318468491
-0.48059999999999997,-0.08706133339369435
-0.4816000000000001,-0.08696230360270381
-0.4826,-0.08686327381171326
-0.4836000000000001,-0.08679253824672
-0.4846,-0.08666521422973215
-0.4856000000000001,-0.08656618443874159
-0.4866,-0.08649544887374834
-0.4876000000000001,-0.08638227196975913
-0.4886,-0.08631153640476588
-0.4896000000000001,-0.08618421238777803
-0.4906,-0.08608518259678749
-0.4916000000000001,-0.08600029991879557
-0.4926,-0.08590127012780503
-0.4936000000000001,-0.08583053456281178
-0.4946,-0.08571735765882257
-0.4956000000000001,-0.08564662209382931
-0.4966,-0.08554759230283876
-0.4976000000000001,-0.08546270962484687
-0.4986,-0.08537782694685496
-0.4996000000000001,-0.08530709138186171
-0.5005999999999999,-0.0851939144778725
-0.5016,-0.08512317891287925
-0.5025999999999999,-0.08502414912188871
-0.5036,-0.08495341355689547
-0.5045999999999999,-0.08486853087890354
-0.5056,-0.084769501087913
-0.5065999999999999,-0.08469876552291973
-0.5076,-0.08461388284492784
-0.5085999999999999,-0.08454314727993459
-0.5096,-0.0844582646019427
-0.5105999999999999,-0.08435923481095214
-0.5116,-0.08431679347195618
-0.5126,-0.08424605790696293
-0.5136000000000001,-0.08417532234196969
-0.5146,-0.08409043966397778
-0.5156000000000001,-0.08403385121198319
-0.5166,-0.08393482142099262
-0.5176000000000001,-0.08389238008199668
-0.5186,-0.08383579163000207
-0.5196000000000001,-0.08376505606500882
-0.5206,-0.08368017338701693
-0.5216000000000001,-0.08360943782202368
-0.5226,-0.08355284937002906
-0.5236000000000001,-0.08349626091803447
-0.5246,-0.08346796669203715
-0.5256000000000001,-0.08338308401404526
-0.5266,-0.08334064267504931
-0.5276000000000001,-0.08325575999705741
-0.5286,-0.08322746577106012
-0.5296000000000001,-0.0831425830930682
-0.5306,-0.08307184752807495
-0.5316000000000001,-0.083029406189079
-0.5326,-0.08295867062408575
-0.5336000000000001,-0.08291622928508981
-0.5346,-0.08285964083309519
-0.5356000000000001,-0.08278890526810194
-0.5366,-0.08274646392910599
-0.5376000000000001,-0.08268987547711139
-0.5386,-0.08263328702511678
-0.5396000000000001,-0.08257669857312219
-0.5406,-0.08250596300812894
-0.5416000000000001,-0.08246352166913298
-0.5426,-0.08239278610413973
-0.5436000000000001,-0.08236449187814243
-0.5446,-0.08230790342614784
-0.5456000000000001,-0.08223716786115459
-0.5466,-0.08219472652215863
-0.5476000000000001,-0.08215228518316267
-0.5486,-0.08210984384416672
-0.5496000000000001,-0.08206740250517078
-0.5506,-0.08199666694017753
-0.5516000000000001,-0.08196837271418023
-0.5526,-0.08192593137518428
-0.5536000000000001,-0.08188349003618833
-0.5546,-0.08182690158419371
-0.5556000000000001,-0.08179860735819641
-0.5566,-0.08174201890620184
-0.5576000000000001,-0.08169957756720586
-0.5586,-0.08167128334120857
-0.5596000000000001,-0.08160054777621531
-0.5606,-0.08157225355021802
-0.5616000000000001,-0.08152981221122206
-0.5626,-0.08150151798522477
-0.5636000000000001,-0.08147322375922747
-0.5646,-0.08141663530723285
-0.5656000000000001,-0.08136004685523826
-0.5666,-0.08133175262924096
-0.5676000000000001,-0.08128931129024501
-0.5686,-0.08127516417724635
-0.5696000000000001,-0.0812327228382504
-0.5706,-0.08117613438625582
-0.5716000000000001,-0.0811478401602585
-0.5726,-0.08110539882126255
-0.5736000000000001,-0.08110539882126255
-0.5746,-0.08104881036926795
-0.5756000000000001,-0.0810346632562693
-0.5766,-0.081006369030272
-0.5776000000000001,-0.0809780748042747
-0.5786,-0.08094978057827738
-0.5796000000000001,-0.08090733923928145
-0.5806,-0.0808648979002855
-0.5816000000000001,-0.08085075078728685
-0.5826,-0.08080830944829089
-0.5836000000000001,-0.0807800152222936
-0.5846,-0.08076586810929494
-0.5856000000000001,-0.08070927965730033
-0.5866,-0.08069513254430169
-0.5876000000000001,-0.08066683831830439
-0.5886,-0.08063854409230709
-0.5896000000000001,-0.08063854409230709
-0.5906,-0.0805819556403125
-0.5916000000000001,-0.08055366141431519
-0.5926,-0.08053951430131655
-0.5936000000000001,-0.08052536718831789
-0.5946,-0.08048292584932194
-0.5956000000000001,-0.08045463162332463
-0.5966,-0.08042633739732732
-0.5975999999999999,-0.0804121902843287
-0.5986,-0.0804121902843287
-0.5995999999999999,-0.08036974894533275
-0.6006,-0.08034145471933543
-0.6015999999999999,-0.08032730760633679
-0.6026,-0.08031316049333813
-0.6035999999999999,-0.08029901338033948
-0.6046,-0.08025657204134354
-0.6055999999999999,-0.08024242492834488
-0.6066,-0.08021413070234758
-0.6075999999999999,-0.08017168936335163
-0.6086,-0.08018583647635028
-0.6095999999999999,-0.08015754225035297
-0.6106,-0.08011510091135703
-0.6115999999999999,-0.08011510091135703
-0.6126,-0.08008680668535972
-0.6135999999999999,-0.08008680668535972
-0.6146,-0.08007265957236107
-0.6155999999999999,-0.08004436534636378
-0.6166,-0.08001607112036647
-0.6175999999999999,-0.07998777689436919
-0.6186,-0.07998777689436919
-0.6195999999999999,-0.07997362978137053
-0.6206,-0.07994533555537323
-0.6215999999999999,-0.07993118844237457
-0.6226,-0.07991704132937592
-0.6235999999999999,-0.07990289421637728
-0.6246,-0.07988874710337862
-0.6255999999999999,-0.07984630576438266
-0.6266,-0.07986045287738132
-0.6275999999999999,-0.07983215865138403
-0.6286,-0.07983215865138403
-0.6295999999999999,-0.07980386442538671
-0.6306,-0.07977557019938941
-0.6315999999999999,-0.07974727597339212
-0.6326,-0.07974727597339212
-0.6335999999999999,-0.07974727597339212
-0.6346,-0.07973312886039347
-0.6355999999999999,-0.07969068752139752
-0.6366,-0.07969068752139752
-0.6376,-0.07966239329540022
-0.6386000000000001,-0.07967654040839886
-0.6396,-0.07964824618240157
-0.6406000000000001,-0.07963409906940291
-0.6416,-0.07961995195640426
-0.6426000000000001,-0.07960580484340561
-0.6436,-0.07959165773040697
-0.6446000000000001,-0.07957751061740831
-0.6456,-0.079549216391411
-0.6466000000000001,-0.07956336350440966
-0.6476,-0.079549216391411
-0.6486000000000001,-0.07953506927841236
-0.6496,-0.07950677505241506
-0.6506000000000001,-0.07947848082641776
-0.6516,-0.07947848082641776
-0.6526000000000001,-0.0794643337134191
-0.6536,-0.0794643337134191
-0.6546000000000001,-0.0794643337134191
-0.6556,-0.0794360394874218
-0.6566000000000001,-0.0794360394874218
-0.6576,-0.07942189237442315
-0.6586000000000001,-0.07940774526142451
-0.6596,-0.07939359814842585
-0.6606000000000001,-0.07937945103542722
-0.6616,-0.07939359814842585
-0.6626000000000001,-0.07936530392242855
-0.6636,-0.0793511568094299
-0.6646000000000001,-0.0793511568094299
-0.6656,-0.07933700969643126
-0.6666000000000001,-0.07933700969643126
-0.6676,-0.07933700969643126
-0.6686000000000001,-0.0793228625834326
-0.6696,-0.0793228625834326
-0.6706000000000001,-0.07930871547043396
-0.6716,-0.07930871547043396
-0.6726000000000001,-0.0792945683574353
-0.6736,-0.0792945683574353
-0.6746000000000001,-0.0792945683574353
-0.6756,-0.07926627413143801
-0.6766000000000001,-0.07926627413143801
-0.6776,-0.07926627413143801
-0.6786000000000001,-0.07928042124443666
-0.6796,-0.07925212701843935
-0.6806000000000001,-0.07925212701843935
-0.6816,-0.07925212701843935
-0.6826000000000001,-0.07923797990544071
-0.6836,-0.07923797990544071
-0.6846000000000001,-0.07925212701843935
-0.6856,-0.07922383279244205
-0.6866000000000001,-0.07922383279244205
-0.6876,-0.07922383279244205
-0.6886000000000001,-0.07922383279244205
-0.6896,-0.07922383279244205
-0.6906000000000001,-0.07922383279244205
-0.6916,-0.07922383279244205
-0.6926000000000001,-0.0792096856794434
-0.6936,-0.07922383279244205
-0.6946000000000001,-0.07922383279244205
-0.6956,-0.07919553856644475
-0.6966000000000001,-0.07922383279244205
-0.6976,-0.0792096856794434
-0.6986000000000001,-0.0792096856794434
-0.6996,-0.07922383279244205
-0.7006000000000001,-0.07919553856644475
-0.7016,-0.0792096856794434
-0.7026000000000001,-0.0792096856794434
-0.7036,-0.07922383279244205
-0.7046000000000001,-0.07923797990544071
-0.7056,-0.0792096856794434
-0.7066000000000001,-0.0792096856794434
-0.7076,-0.0792096856794434
-0.7086000000000001,-0.07922383279244205
-0.7096,-0.07922383279244205
-0.7106000000000001,-0.07922383279244205
-0.7116,-0.07922383279244205
-0.7126000000000001,-0.07923797990544071
-0.7136,-0.07923797990544071
-0.7146000000000001,-0.07925212701843935
-0.7156,-0.07925212701843935
-0.7166000000000001,-0.07926627413143801
-0.7176,-0.07925212701843935
-0.7186000000000001,-0.07928042124443666
-0.7196,-0.07928042124443666
-0.7206000000000001,-0.07926627413143801
-0.7216,-0.07928042124443666
-0.7225999999999999,-0.07928042124443666
-0.7236,-0.07930871547043396
-0.7245999999999999,-0.07930871547043396
-0.7256,-0.0792945683574353
-0.7265999999999999,-0.07928042124443666
-0.7276,-0.07930871547043396
-0.7285999999999999,-0.07933700969643126
-0.7296,-0.0793511568094299
-0.7305999999999999,-0.07933700969643126
-0.7316,-0.0793511568094299
-0.7325999999999999,-0.0793511568094299
-0.7336,-0.07937945103542722
-0.7345999999999999,-0.07937945103542722
-0.7356,-0.07937945103542722
-0.7365999999999999,-0.07939359814842585
-0.7376,-0.07939359814842585
-0.7385999999999999,-0.07942189237442315
-0.7396,-0.0794360394874218
-0.7405999999999999,-0.07942189237442315
-0.7416,-0.07945018660042047
-0.7425999999999999,-0.07947848082641776
-0.7436,-0.07947848082641776
-0.7445999999999999,-0.07950677505241506
-0.7456,-0.07949262793941642
-0.7465999999999999,-0.07949262793941642
-0.7476,-0.07953506927841236
-0.7485999999999999,-0.079549216391411
-0.7496,-0.07957751061740831
-0.7505999999999999,-0.07956336350440966
-0.7516,-0.07959165773040697
-0.7525999999999999,-0.07960580484340561
-0.7536,-0.07963409906940291
-0.7545999999999999,-0.07966239329540022
-0.7556,-0.07967654040839886
-0.7565999999999999,-0.07969068752139752
-0.7576,-0.07970483463439616
-0.7585999999999999,-0.07974727597339212
-0.7596,-0.07977557019938941
-0.7605999999999999,-0.07977557019938941
-0.7616,-0.07980386442538671
-0.7626,-0.07981801153838537
-0.7636000000000001,-0.07986045287738132
-0.7646,-0.07988874710337862
-0.7656000000000001,-0.07988874710337862
-0.7666,-0.07993118844237457
-0.7676000000000001,-0.07995948266837187
-0.7686,-0.08000192400736782
-0.7696000000000001,-0.08004436534636378
-0.7706,-0.08004436534636378
-0.7716000000000001,-0.08008680668535972
-0.7726,-0.08011510091135703
-0.7736000000000001,-0.08015754225035297
-0.7746,-0.08019998358934893
-0.7756000000000001,-0.08022827781534624
-0.7766,-0.08024242492834488
-0.7776000000000001,-0.08028486626734083
-0.7786,-0.08032730760633679
-0.7796000000000001,-0.08038389605833138
-0.7806,-0.0804121902843287
-0.7816000000000001,-0.08045463162332463
-0.7826,-0.08051122007531925
-0.7836000000000001,-0.08056780852731382
-0.7846,-0.0806102498663098
-0.7856000000000001,-0.08063854409230709
-0.7866,-0.08070927965730033
-0.7876000000000001,-0.08075172099629631
-0.7886,-0.08080830944829089
-0.7896000000000001,-0.08087904501328413
-0.7906,-0.08090733923928145
-0.7916000000000001,-0.08096392769127606
-0.7926,-0.08102051614327066
-0.7936000000000001,-0.08109125170826391
-0.7946,-0.08116198727325716
-0.7956000000000001,-0.08119028149925445
-0.7966,-0.08126101706424771
-0.7976000000000001,-0.08131760551624231
-0.7986,-0.08138834108123556
-0.7996000000000001,-0.08147322375922747
-0.8006,-0.08152981221122206
-0.8016000000000001,-0.08158640066321667
-0.8026,-0.08164298911521127
-0.8036000000000001,-0.08171372468020452
-0.8046,-0.08179860735819641
-0.8056000000000001,-0.08186934292318966
-0.8066,-0.08195422560118158
-0.8076000000000001,-0.08201081405317617
-0.8086,-0.08210984384416672
-0.8096000000000001,-0.08218057940915997
-0.8106,-0.08225131497415322
-0.8116000000000001,-0.08233619765214513
-0.8126,-0.08240693321713838
-0.8136000000000001,-0.08250596300812894
-0.8146,-0.08259084568612084
-0.8156000000000001,-0.0826615812511141
-0.8166,-0.08274646392910599
-0.8176000000000001,-0.08281719949409926
-0.8186,-0.08291622928508981
-0.8196000000000001,-0.08301525907608036
-0.8206,-0.08307184752807495
-0.8216000000000001,-0.08318502443206416
-0.8226,-0.08326990711005607
-0.8236000000000001,-0.08336893690104662
-0.8246,-0.08345381957903851
-0.8256000000000001,-0.08352455514403176
-0.8266,-0.08360943782202368
-0.8276000000000001,-0.08369432050001557
-0.8286,-0.08380749740400478
-0.8296000000000001,-0.08389238008199668
-0.8306,-0.08399140987298723
-0.8316000000000001,-0.08410458677697644
-0.8326,-0.08420361656796697
-0.8336000000000001,-0.08430264635895754
-0.8346,-0.08442997037594539
-0.8356000000000001,-0.08450070594093864
-0.8366,-0.08461388284492784
-0.8376000000000001,-0.08472705974891705
-0.8386,-0.08484023665290626
-0.8396000000000001,-0.0849675606698941
-0.8406,-0.085052443347886
-0.8416000000000001,-0.08517976736487386
-0.8426,-0.08527879715586441
-0.8436000000000001,-0.08540612117285226
-0.8446,-0.08553344518984012
-0.8456000000000001,-0.08563247498083068
-0.8466,-0.08574565188481988
-0.8475999999999999,-0.08587297590180773
-0.8486,-0.08598615280579694
-0.8495999999999999,-0.08612762393578344
-0.8506,-0.08621250661377533
-0.8515999999999999,-0.08635397774376184
-0.8526,-0.08645300753475238
-0.8535999999999999,-0.0865944786647389
-0.8546,-0.08672180268172675
-0.8555999999999999,-0.08682083247271731
-0.8566,-0.08694815648970515
-0.8575999999999999,-0.08707548050669302
-0.8586,-0.08718865741068221
-0.8595999999999999,-0.08733012854066871
-0.8606,-0.0874433054446579
-0.8615999999999999,-0.08754233523564847
-0.8626,-0.08765551213963767
-0.8635999999999999,-0.08779698326962418
-0.8646,-0.08791016017361337
-0.8655999999999999,-0.08803748419060124
-0.8666,-0.08815066109459044
-0.8675999999999999,-0.08827798511157829
-0.8686,-0.08840530912856613
-0.8695999999999999,-0.088532633145554
-0.8706,-0.08865995716254185
-0.8715999999999999,-0.08877313406653106
-0.8726,-0.0889004580835189
-0.8735999999999999,-0.0890419292135054
-0.8746,-0.08918340034349191
-0.8755999999999999,-0.08931072436047977
-0.8766,-0.08943804837746762
-0.8775999999999999,-0.08957951950745412
-0.8786,-0.08972099063744063
-0.8795999999999999,-0.08983416754142984
-0.8806,-0.08996149155841768
-0.8815999999999999,-0.09008881557540553
-0.8826,-0.09023028670539203
-0.8835999999999999,-0.09038590494837719
-0.8846,-0.09051322896536505
-0.8855999999999999,-0.09062640586935425
-0.8866,-0.09076787699934075
-0.8876,-0.09088105390332996
-0.8886000000000001,-0.09100837792031781
-0.8896,-0.09114984905030431
-0.8906000000000001,-0.09124887884129487
-0.8916,-0.09139034997128137
-0.8926000000000001,-0.09151767398826924
-0.8936,-0.09164499800525706
-0.8946000000000001,-0.09177232202224493
-0.8956,-0.09188549892623413
-0.8966000000000001,-0.09202697005622064
-0.8976,-0.09215429407320849
-0.8986000000000001,-0.09230991231619365
-0.8996,-0.0924372363331815
-0.9006000000000001,-0.09253626612417204
-0.9016,-0.09267773725415854
-0.9026000000000001,-0.09279091415814776
-0.9036,-0.09293238528813427
-0.9046000000000001,-0.09307385641812077
-0.9056,-0.09317288620911131
-0.9066000000000001,-0.09331435733909782
-0.9076,-0.09345582846908432
-0.9086000000000001,-0.09358315248607219
-0.9096,-0.09371047650306003
-0.9106000000000001,-0.09382365340704923
-0.9116,-0.09393683031103843
-0.9126000000000001,-0.0940641543280263
-0.9136,-0.09421977257101144
-0.9146000000000001,-0.0943470965879993
-0.9156,-0.0944602734919885
-0.9166000000000001,-0.09458759750897636
-0.9176,-0.09470077441296555
-0.9186000000000001,-0.09484224554295206
-0.9196,-0.09495542244694127
-0.9206000000000001,-0.09506859935093047
-0.9216,-0.09519592336791832
-0.9226000000000001,-0.09532324738490616
-0.9236,-0.09545057140189403
-0.9246000000000001,-0.09557789541888188
-0.9256,-0.09569107232287108
-0.9266000000000001,-0.09580424922686027
-0.9276,-0.09591742613084948
-0.9286000000000001,-0.09607304437383464
-0.9296,-0.09618622127782384
-0.9306000000000001,-0.09631354529481169
-0.9316,-0.0964267221988009
-0.9326000000000001,-0.09653989910279011
-0.9336,-0.09669551734577525
-0.9346000000000001,-0.09683698847576175
-0.9356,-0.096907724040755
-0.9366000000000001,-0.09703504805774286
-0.9376,-0.09714822496173206
-0.9386000000000001,-0.09727554897871993
-0.9396,-0.09741702010870643
-0.9406000000000001,-0.09751604989969698
-0.9416,-0.09762922680368619
-0.9426000000000001,-0.09775655082067403
-0.9436,-0.0978838748376619
-0.9446000000000001,-0.09802534596764839
-0.9456,-0.09811022864564029
-0.9466000000000001,-0.0982516997756268
-0.9476,-0.09837902379261465
-0.9486000000000001,-0.09850634780960252
-0.9496,-0.09864781893958902
-0.9506000000000001,-0.09873270161758091
-0.9516,-0.09886002563456876
-0.9526000000000001,-0.09897320253855796
-0.9536,-0.09912882078154311
-0.9546000000000001,-0.09925614479853098
-0.9556,-0.09936932170252018
-0.9566000000000001,-0.09948249860650937
-0.9576,-0.09959567551049858
-0.9586000000000001,-0.09975129375348374
-0.9596,-0.0999069119964689
-0.9606000000000001,-0.10003423601345675
-0.9616,-0.1001332658044473
-0.9626000000000001,-0.10026058982143515
-0.9636,-0.10040206095142165
-0.9646000000000001,-0.10052938496840952
-0.9656,-0.10065670898539736
-0.9666000000000001,-0.10078403300238521
-0.9676,-0.10092550413237171
-0.9686000000000001,-0.10108112237535687
-0.9696,-0.10119429927934608
-0.9706000000000001,-0.10132162329633393
-0.9716,-0.10146309442632043
-0.9725999999999999,-0.10160456555630692
-0.9736,-0.10174603668629344
-0.9745999999999999,-0.1019016549292786
-0.9756,-0.10202897894626643
-0.9765999999999999,-0.1021563029632543
-0.9776,-0.1022977740932408
-0.9785999999999999,-0.10243924522322731
-0.9796,-0.10259486346621245
-0.9805999999999999,-0.10269389325720302
-0.9816,-0.10284951150018817
-0.9825999999999999,-0.10297683551717601
-0.9836,-0.10313245376016117
-0.9845999999999999,-0.10331636622914364
-0.9856,-0.10345783735913014
-0.9865999999999999,-0.10358516137611798
-0.9876,-0.10374077961910314
-0.9885999999999999,-0.10389639786208829
-0.9896,-0.1040661632180721
-0.9905999999999999,-0.1041793401220613
-0.9916,-0.1043208112520478
-0.9925999999999999,-0.10449057660803161
-0.9936,-0.10464619485101677
-0.9945999999999999,-0.10481596020700056
-0.9956,-0.10497157844998573
-0.9965999999999999,-0.10512719669297087
-0.9976,-0.10528281493595604
-0.9985999999999999,-0.10548087451793714
-0.9996,-0.10562234564792364
-1.0006,-0.10579211100390745
-1.0016,-0.1059477292468926
-1.0026,-0.10608920037687909
-1.0036,-0.10628725995886021
-1.0046,-0.10645702531484401
-1.0056,-0.10661264355782916
-1.0066,-0.10678240891381298
-1.0076,-0.10693802715679812
-1.0086,-0.10713608673877922
-1.0096,-0.10731999920776168
-1.0106,-0.10748976456374548
-1.0116,-0.10767367703272793
-1.0126,-0.1078292952757131
-1.0136,-0.10804150197069286
-1.0146,-0.1082254144396753
-1.0156,-0.10838103268266046
-1.0166,-0.10859323937764022
-1.0176,-0.10877715184662266
-1.0186,-0.10897521142860378
-1.0196,-0.10918741812358353
-1.0206,-0.1093430363665687
-1.0216,-0.10955524306154844
-1.0226,-0.1097391555305309
-1.0236,-0.10996550933850929
-1.0246,-0.11016356892049041
-1.0256,-0.11034748138947285
-1.0266,-0.11054554097145397
-1.0276,-0.11074360055343507
-1.0286,-0.1109558072484148
-1.0296,-0.11119630816939187
-1.0306,-0.1113660735253757
-1.0316,-0.11156413310735679
-1.0326,-0.1117621926893379
-1.0336,-0.1119885464973163
-1.0346,-0.1122149003052947
-1.0356,-0.11242710700027447
-1.0366,-0.11268175503425018
-1.0376,-0.11290810884222857
-1.0386,-0.11312031553720833
-1.0396,-0.11336081645818537
-1.0406,-0.11355887604016648
-1.0416,-0.1137852298481449
-1.0426,-0.11401158365612331
-1.0436,-0.1142379374641017
-1.0446,-0.11447843838507876
-1.0456,-0.11471893930605583
-1.0466,-0.11494529311403422
-1.0476,-0.11515749980901398
-1.0486,-0.11544044206898699
-1.0496,-0.11570923721596137
-1.0506,-0.11596388524993705
-1.0516,-0.11623268039691143
-1.0526,-0.11647318131788847
-1.0536,-0.11675612357786147
-1.0546,-0.11702491872483582
-1.0556,-0.11725127253281424
-1.0566,-0.1175483619057859
-1.0576,-0.11777471571376431
-1.0586,-0.11807180508673595
-1.0596,-0.11834060023371032
-1.0606,-0.11859524826768601
-1.0616,-0.11884989630166173
-1.0626,-0.11913283856163473
-1.0636,-0.11941578082160774
-1.0646,-0.11972701730757807
-1.0656,-0.11998166534155377
-1.0666,-0.12026460760152678
-1.0676,-0.12056169697449844
-1.0686,-0.12087293346046873
-1.0696,-0.12115587572044173
-1.0706,-0.12143881798041474
-1.0716,-0.12170761312738912
-1.0726,-0.12200470250036077
-1.0736,-0.12231593898633109
-1.0746,-0.12264132258530001
-1.0756000000000001,-0.12292426484527302
-1.0766,-0.12323550133124336
-1.0776000000000001,-0.12356088493021229
-1.0786,-0.12388626852918126
-1.0796000000000001,-0.12422579924114888
-1.0806,-0.12453703572711919
-1.0816000000000001,-0.12484827221308947
-1.0826,-0.12518780292505707
-1.0836000000000001,-0.1254990394110274
-1.0846,-0.125838570122995
-1.0856000000000001,-0.12617810083496261
-1.0866,-0.12651763154693024
-1.0876000000000001,-0.12687130937189647
-1.0886,-0.12725328142286002
-1.0896000000000001,-0.12762110636082497
-1.0906,-0.12796063707279257
-1.0916000000000001,-0.12832846201075748
-1.0926,-0.12866799272272508
-1.0936000000000001,-0.12906411188668732
-1.0946,-0.12944608393765086
-1.0956000000000001,-0.12979976176261712
-1.0966,-0.13018173381358067
-1.0976,-0.13056370586454422
-1.0986,-0.1309739721415051
-1.0996,-0.13138423841846594
-1.1006,-0.13175206335643086
-1.1016,-0.13216232963339172
-1.1026,-0.13257259591035261
-1.1036,-0.13295456796131616
-1.1046,-0.133364834238277
-1.1056,-0.1337326591762419
-1.1066,-0.13417121967920007
-1.1076,-0.13460978018215825
-1.1086,-0.13506248779811506
-1.1096,-0.1355010483010732
-1.1106,-0.13591131457803407
-1.1116,-0.13633572796799356
-1.1126,-0.1367884355839504
-1.1136,-0.13725529031290584
-1.1146,-0.13772214504186134
-1.1156,-0.13816070554481946
-1.1166,-0.1386417073867736
-1.1176,-0.13912270922872771
-1.1186,-0.13963200529667913
-1.1196,-0.14009886002563457
-1.1206,-0.14056571475459004
-1.1216,-0.14107501082254145
-1.1226,-0.14161260111649018
-1.1236,-0.1420370145064497
-1.1246,-0.1426028990263957
-1.1256,-0.14302731241635522
-1.1266,-0.1435931969363012
-1.1276,-0.14401761032626076
-1.1286,-0.14458349484620675
-1.1296,-0.14514937936615277
-1.1306,-0.14557379275611226
-1.1316,-0.14613967727605828
-1.1326,-0.1467055617960043
-1.1336,-0.14727144631595032
-1.1346,-0.14783733083589634
-1.1356,-0.14840321535584233
-1.1366,-0.14896909987578838
-1.1376,-0.14953498439573437
-1.1386,-0.1501008689156804
-1.1396,-0.1506667534356264
-1.1406,-0.1512326379555724
-1.1416,-0.15179852247551845
-1.1426,-0.15236440699546444
-1.1436,-0.15307176264539696
-1.1446,-0.15363764716534298
-1.1456,-0.154203531685289
-1.1466,-0.15491088733522151
-1.1476,-0.15547677185516753
-1.1486,-0.15618412750510002
-1.1496,-0.15675001202504607
-1.1506,-0.15731589654499206
-1.1516,-0.15802325219492458
-1.1526,-0.1587306078448571
-1.1536,-0.15929649236480314
-1.1546,-0.16000384801473563
-1.1556,-0.16071120366466815
-1.1566,-0.16127708818461417
-1.1576,-0.1619844438345467
-1.1586,-0.1626917994844792
-1.1596,-0.16339915513441172
-1.1606,-0.16410651078434427
-1.1616,-0.16481386643427676
-1.1626,-0.1655212220842093
-1.1636,-0.16622857773414182
-1.1646,-0.1669359333840743
-1.1656,-0.16764328903400685
-1.1666,-0.16849211581392587
-1.1676,-0.16919947146385841
-1.1686,-0.16990682711379093
-1.1696,-0.17047271163373692
-1.1706,-0.17118006728366944
-1.1716,-0.17188742293360199
-1.1726,-0.17259477858353447
-1.1736,-0.1734436053634535
-1.1746,-0.17415096101338604
-1.1756,-0.17499978779330505
-1.1766,-0.17570714344323757
-1.1776,-0.17655597022315658
-1.1786,-0.1772633258730891
-1.1796,-0.17811215265300812
-1.1806,-0.17896097943292713
-1.1816,-0.17966833508285968
-1.1826,-0.1805171618627787
-1.1836,-0.18136598864269768
-1.1846,-0.18221481542261672
-1.1856,-0.18306364220253574
-1.1866,-0.18391246898245475
-1.1876,-0.1847612957623738
-1.1886,-0.1856101225422928
-1.1896,-0.18645894932221183
-1.1906,-0.18716630497214437
-1.1916,-0.18815660288204988
-1.1926,-0.1890054296619689
-1.1936,-0.18985425644188791
-1.1946,-0.19070308322180693
-1.1956,-0.19155191000172597
-1.1966,-0.192400736781645
-1.1976,-0.1933910346915505
-1.1986,-0.19423986147146954
-1.1996,-0.19508868825138856
-1.2006000000000001,-0.19607898616129407
-1.2016,-0.19692781294121312
-1.2026000000000001,-0.19791811085111863
-1.2036,-0.19876693763103764
-1.2046000000000001,-0.19975723554094318
-1.2056,-0.20060606232086217
-1.2066000000000001,-0.20145488910078121
-1.2076,-0.20230371588070023
-1.2086000000000001,-0.20329401379060577
-1.2096,-0.20428431170051128
-1.2106000000000001,-0.20513313848043033
-1.2116,-0.20612343639033584
-1.2126000000000001,-0.20711373430024138
-1.2136,-0.2081040322101469
-1.2146000000000001,-0.20909433012005244
-1.2156,-0.21008462802995795
-1.2166000000000001,-0.21107492593986346
-1.2176,-0.2119237527197825
-1.2186000000000001,-0.21291405062968802
-1.2196,-0.21390434853959353
-1.2206000000000001,-0.21489464644949907
-1.2216,-0.21588494435940458
-1.2226,-0.21687524226931013
-1.2236,-0.21786554017921567
-1.2246,-0.21885583808912115
-1.2256,-0.2198461359990267
-1.2266,-0.22083643390893223
-1.2276,-0.22196820294882427
-1.2286,-0.2229585008587298
-1.2296,-0.2239487987686353
-1.2306,-0.2250805678085273
-1.2316,-0.22607086571843285
-1.2326,-0.2270611636283384
-1.2336,-0.2281929326682304
-1.2346,-0.2293247017081224
-1.2356,-0.23031499961802795
-1.2366,-0.2313052975279335
-1.2376,-0.23243706656782553
-1.2386,-0.23356883560771755
-1.2396,-0.23470060464760956
-1.2406,-0.2356909025575151
-1.2416,-0.2368226715974071
-1.2426,-0.23781296950731265
-1.2436,-0.2388032674172182
-1.2446,-0.2399350364571102
-1.2456,-0.24106680549700227
-1.2466,-0.24219857453689428
-1.2476,-0.24333034357678635
-1.2486,-0.24446211261667833
-1.2496,-0.24559388165657034
-1.2506,-0.24672565069646235
-1.2516,-0.24785741973635445
-1.2526,-0.24898918877624646
-1.2536,-0.25026242894612494
-1.2546,-0.25139419798601703
-1.2556,-0.252525967025909
-1.2566,-0.2537992071957876
-1.2576,-0.2547895051056931
-1.2586,-0.2560627452755716
-1.2596,-0.25733598544545017
-1.2606,-0.2584677544853422
-1.2616,-0.25974099465522077
-1.2626,-0.2608727636951128
-1.2636,-0.2621460038649913
-1.2646,-0.2634192440348699
-1.2656,-0.2646924842047484
-1.2666,-0.2659657243746269
-1.2676,-0.26723896454450546
-1.2686,-0.26851220471438403
-1.2696,-0.269926916014249
-1.2706,-0.27120015618412757
-1.2716,-0.2724733963540061
-1.2726,-0.2737466365238846
-1.2736,-0.2751613478237496
-1.2746,-0.2764345879936282
-1.2756,-0.27784929929349317
-1.2766,-0.27912253946337173
-1.2776,-0.2805372507632368
-1.2786,-0.2818104909331153
-1.2796,-0.28322520223298037
-1.2806,-0.2844984424028589
-1.2816,-0.28591315370272397
-1.2826,-0.2871863938726024
-1.2836,-0.288742576302454
-1.2846,-0.290157287602319
-1.2856,-0.2917134700321706
-1.2866,-0.2931281813320356
-1.2876,-0.29454289263190064
-1.2886,-0.2960990750617522
-1.2896,-0.2976552574916037
-1.2906,-0.2992114399214552
-1.2916,-0.3007676223513068
-1.2926,-0.30232380478115833
-1.2936,-0.30402145834099636
-1.2946,-0.30571911190083445
-1.2956,-0.30727529433068596
-1.2966,-0.30883147676053746
-1.2976,-0.31052913032037555
-1.2986,-0.3122267838802136
-1.2996,-0.31378296631006514
-1.3006,-0.31548061986990317
-1.3016,-0.3171782734297412
-1.3026,-0.3188759269895793
-1.3036,-0.32071505167940384
-1.3046,-0.32241270523924187
-1.3056,-0.32425182992906637
-1.3066,-0.3259494834889044
-1.3076,-0.32778860817872896
-1.3086,-0.3296277328685535
-1.3096,-0.3316083286883646
-1.3106,-0.33344745337818915
-1.3116,-0.3352865780680137
-1.3126,-0.33726717388782473
-1.3136,-0.3392477697076358
-1.3146,-0.34136983665743337
-1.3156,-0.3433504324772444
-1.3166,-0.34518955716706895
-1.3176,-0.3473116241168665
-1.3186,-0.34915074880669106
-1.3196,-0.35127281575648867
-1.3206,-0.35311194044631317
-1.3216,-0.35509253626612425
-1.3226,-0.3570731320859353
-1.3236,-0.35933667016571935
-1.3246,-0.3614587371155169
-1.3256000000000001,-0.3637222751953009
-1.3266,-0.365702871015112
-1.3276000000000001,-0.36796640909489603
-1.3286,-0.37022994717468005
-1.3296000000000001,-0.37221054299449113
-1.3306,-0.37419113881430216
-1.3316000000000001,-0.37659614802407276
-1.3326,-0.37885968610385684
-1.3336000000000001,-0.38140616644361386
-1.3346,-0.3838111756533844
-1.3356000000000001,-0.38635765599314154
-1.3366,-0.3890456074628851
-1.3376000000000001,-0.3915920878026421
-1.3386,-0.3939970970124127
-1.3396000000000001,-0.39682651961214277
-1.3406,-0.39937299995189984
-1.3416000000000001,-0.4022024225516299
-1.3426,-0.40503184515136
-1.3436000000000001,-0.4078612677510901
-1.3446,-0.4106906903508202
-1.3456000000000001,-0.41323717069057725
-1.3466,-0.4159251221603208
-1.3476,-0.4188960158900374
-1.3485999999999998,-0.42172543848976746
-1.3496000000000001,-0.42469633221948405
-1.3506,-0.42752575481921407
-1.3516,-0.42978929289899814
-1.3525999999999998,-0.43261871549872827
-1.3536000000000001,-0.4355896092284448
-1.3546,-0.4385605029581614
-1.3556,-0.44167286781786447
-1.3565999999999998,-0.4447852326775675
-1.3576000000000001,-0.4478975975372706
-1.3586,-0.4512929046569467
-1.3596,-0.4548296829066093
-1.3605999999999998,-0.45822499002628536
-1.3616000000000001,-0.4616202971459614
-1.3626,-0.46487413313565107
-1.3636,-0.4684109113853136
-1.3645999999999998,-0.4719476896349762
-1.3656000000000001,-0.4753429967546523
-1.3666,-0.47887977500431494
-1.3676,-0.48241655325397753
-1.3685999999999998,-0.48609480263362664
-1.3696000000000002,-0.48991452314326217
-1.3706,-0.4933098302629383
-1.3716,-0.4965636662526278
-1.3725999999999998,-0.5003833867622635
-1.3736000000000002,-0.504486049531872
-1.3746,-0.5087301834314671
-1.3756,-0.5128328462010757
-1.3765999999999998,-0.5170769801006708
-1.3776000000000002,-0.5211796428702795
-1.3786,-0.5258481901598342
-1.3796,-0.5303752663194023
-1.3805999999999998,-0.5346194002189975
-1.3816000000000002,-0.539005005248579
-1.3826,-0.5433906102781606
-1.3836,-0.5483420998276882
-1.3845999999999998,-0.5531521182472294
-1.3856000000000002,-0.5573962521468245
-1.3866,-0.562347741696352
-1.3876,-0.5670162889859067
-1.3885999999999998,-0.5718263074054479
-1.3896000000000002,-0.576919268084962
-1.3906,-0.5824366421544356
-1.3916,-0.5878125450939228
-1.3925999999999998,-0.5930469769034233
-1.3936000000000002,-0.598281408712924
-1.3946,-0.6037987827823976
-1.3956,-0.6091746857218847
-1.3965999999999998,-0.6145505886613719
-1.3976000000000002,-0.619926491600859
-1.3986,-0.6261512213202652
-1.3996,-0.6320930087796983
-1.4005999999999998,-0.6380347962391315
-1.4016000000000002,-0.6439765836985646
-1.4026,-0.6502013134179708
-1.4036,-0.6562845720073905
-1.4045999999999998,-0.6627922439867696
-1.4056000000000002,-0.6694413870961354
-1.4066,-0.6763734724654741
-1.4076,-0.6830226155748397
-1.4085999999999999,-0.6899547009441784
-1.4096000000000002,-0.6971697285734901
-1.4106,-0.7046676984627748
-1.4116,-0.7118827260920865
-1.4125999999999999,-0.7193806959813712
-1.4136000000000002,-0.7268786658706559
-1.4146,-0.7342351646299541
-1.4156,-0.7417331345192387
-1.4165999999999999,-0.7492311044085235
-1.4176000000000002,-0.7565876031678217
-1.4186,-0.7643685153170794
-1.4196,-0.77243236972631
-1.4205999999999999,-0.7807791663955137
-1.4216000000000002,-0.7894089053246904
-1.4226,-0.7978971731238806
-1.4236,-0.8061024986630978
-1.4245999999999999,-0.8145907664622882
-1.4256000000000002,-0.8236449187814244
-1.4266,-0.8325575999705741
-1.4276,-0.8414702811597239
-1.4285999999999999,-0.8509488468688196
-1.4296000000000002,-0.8607103548378884
-1.4306,-0.8689156803771056
-1.4316,-0.8766965925263633
-1.4325999999999999,-0.8857507448454994
-1.4336000000000002,-0.8950878394246087
-1.4346,-0.9049908185236639
-1.4356,-0.9148937976227193
-1.4365999999999999,-0.9247967767217745
-1.4376000000000002,-0.9354071114707622
-1.4386,-0.945734503959777
-1.4396,-0.9557789541888188
-1.4405999999999999,-0.966530760067793
-1.4416000000000002,-0.9775655082067403
-1.4426,-0.9888831986056607
-1.4436,-1.0002008890045808
-1.4445999999999999,-1.0113771082735146
-1.4456000000000002,-1.0234021543223675
