Mar. 15, 2025   22:00:07
Cyclic Voltammetry
File: c:/users/guazh/data/banditlqround7_x0exp891_r5/2025-03-03-exp906\exp906-2025-03-15t21_51_36-h2koh\exp906_cv_50mvs_efin_-1500mv.bin
Data Source:  Experiment
Instrument Model:  CHI760E
Header: CV ran at 50 mVs
Note: 

Init E (V) = -1
High E (V) = -1
Low E (V) = -1.5
Final E (V) = -1
Init P/N = N
Scan Rate (V/s) = 0.05
Segment = 7
Sample Interval (V) = 0.001
Quiet Time (sec) = 60
Sensitivity (A/V) = 0.001
Comp R (ohm) = 2.0

Results:

Channel 1:
Segment 1:

Segment 2:

Segment 3:

Segment 4:

Segment 5:

Segment 6:

Segment 7:

Potential/V, Current/A

-1.000, 6.198e-6
-1.001, 7.020e-6
-1.002, 7.367e-6
-1.003, 7.755e-6
-1.004, 7.944e-6
-1.005, 7.874e-6
-1.006, 7.686e-6
-1.007, 7.848e-6
-1.008, 8.116e-6
-1.009, 8.317e-6
-1.010, 8.223e-6
-1.011, 7.988e-6
-1.012, 8.154e-6
-1.013, 8.431e-6
-1.014, 8.642e-6
-1.015, 8.514e-6
-1.016, 8.277e-6
-1.017, 8.369e-6
-1.018, 8.763e-6
-1.019, 8.920e-6
-1.020, 8.702e-6
-1.021, 8.640e-6
-1.022, 8.727e-6
-1.023, 9.009e-6
-1.024, 9.216e-6
-1.025, 9.065e-6
-1.026, 8.950e-6
-1.027, 8.943e-6
-1.028, 9.332e-6
-1.029, 9.523e-6
-1.030, 9.308e-6
-1.031, 9.235e-6
-1.032, 9.281e-6
-1.033, 9.501e-6
-1.034, 9.917e-6
-1.035, 9.641e-6
-1.036, 9.509e-6
-1.037, 9.685e-6
-1.038, 9.885e-6
-1.039, 1.027e-5
-1.040, 1.000e-5
-1.041, 9.774e-6
-1.042, 9.999e-6
-1.043, 1.026e-5
-1.044, 1.054e-5
-1.045, 1.034e-5
-1.046, 1.021e-5
-1.047, 1.037e-5
-1.048, 1.063e-5
-1.049, 1.083e-5
-1.050, 1.076e-5
-1.051, 1.054e-5
-1.052, 1.069e-5
-1.053, 1.105e-5
-1.054, 1.125e-5
-1.055, 1.120e-5
-1.056, 1.095e-5
-1.057, 1.109e-5
-1.058, 1.147e-5
-1.059, 1.164e-5
-1.060, 1.152e-5
-1.061, 1.136e-5
-1.062, 1.153e-5
-1.063, 1.187e-5
-1.064, 1.201e-5
-1.065, 1.192e-5
-1.066, 1.179e-5
-1.067, 1.197e-5
-1.068, 1.224e-5
-1.069, 1.251e-5
-1.070, 1.237e-5
-1.071, 1.224e-5
-1.072, 1.235e-5
-1.073, 1.272e-5
-1.074, 1.289e-5
-1.075, 1.287e-5
-1.076, 1.266e-5
-1.077, 1.288e-5
-1.078, 1.311e-5
-1.079, 1.343e-5
-1.080, 1.326e-5
-1.081, 1.310e-5
-1.082, 1.334e-5
-1.083, 1.350e-5
-1.084, 1.379e-5
-1.085, 1.375e-5
-1.086, 1.358e-5
-1.087, 1.380e-5
-1.088, 1.400e-5
-1.089, 1.422e-5
-1.090, 1.420e-5
-1.091, 1.400e-5
-1.092, 1.422e-5
-1.093, 1.449e-5
-1.094, 1.471e-5
-1.095, 1.470e-5
-1.096, 1.440e-5
-1.097, 1.463e-5
-1.098, 1.496e-5
-1.099, 1.519e-5
-1.100, 1.507e-5
-1.101, 1.495e-5
-1.102, 1.505e-5
-1.103, 1.540e-5
-1.104, 1.564e-5
-1.105, 1.554e-5
-1.106, 1.538e-5
-1.107, 1.550e-5
-1.108, 1.583e-5
-1.109, 1.607e-5
-1.110, 1.596e-5
-1.111, 1.584e-5
-1.112, 1.595e-5
-1.113, 1.621e-5
-1.114, 1.658e-5
-1.115, 1.641e-5
-1.116, 1.614e-5
-1.117, 1.642e-5
-1.118, 1.664e-5
-1.119, 1.697e-5
-1.120, 1.679e-5
-1.121, 1.664e-5
-1.122, 1.683e-5
-1.123, 1.707e-5
-1.124, 1.732e-5
-1.125, 1.727e-5
-1.126, 1.698e-5
-1.127, 1.726e-5
-1.128, 1.748e-5
-1.129, 1.770e-5
-1.130, 1.762e-5
-1.131, 1.743e-5
-1.132, 1.759e-5
-1.133, 1.791e-5
-1.134, 1.809e-5
-1.135, 1.802e-5
-1.136, 1.783e-5
-1.137, 1.796e-5
-1.138, 1.834e-5
-1.139, 1.850e-5
-1.140, 1.840e-5
-1.141, 1.821e-5
-1.142, 1.841e-5
-1.143, 1.872e-5
-1.144, 1.886e-5
-1.145, 1.879e-5
-1.146, 1.864e-5
-1.147, 1.879e-5
-1.148, 1.905e-5
-1.149, 1.932e-5
-1.150, 1.910e-5
-1.151, 1.905e-5
-1.152, 1.917e-5
-1.153, 1.938e-5
-1.154, 1.967e-5
-1.155, 1.947e-5
-1.156, 1.930e-5
-1.157, 1.954e-5
-1.158, 1.971e-5
-1.159, 2.002e-5
-1.160, 1.978e-5
-1.161, 1.961e-5
-1.162, 1.980e-5
-1.163, 2.006e-5
-1.164, 2.028e-5
-1.165, 2.020e-5
-1.166, 1.999e-5
-1.167, 2.017e-5
-1.168, 2.033e-5
-1.169, 2.057e-5
-1.170, 2.055e-5
-1.171, 2.026e-5
-1.172, 2.045e-5
-1.173, 2.069e-5
-1.174, 2.096e-5
-1.175, 2.084e-5
-1.176, 2.058e-5
-1.177, 2.078e-5
-1.178, 2.107e-5
-1.179, 2.124e-5
-1.180, 2.117e-5
-1.181, 2.095e-5
-1.182, 2.100e-5
-1.183, 2.136e-5
-1.184, 2.153e-5
-1.185, 2.141e-5
-1.186, 2.127e-5
-1.187, 2.130e-5
-1.188, 2.160e-5
-1.189, 2.188e-5
-1.190, 2.171e-5
-1.191, 2.151e-5
-1.192, 2.164e-5
-1.193, 2.191e-5
-1.194, 2.217e-5
-1.195, 2.201e-5
-1.196, 2.181e-5
-1.197, 2.196e-5
-1.198, 2.225e-5
-1.199, 2.248e-5
-1.200, 2.224e-5
-1.201, 2.216e-5
-1.202, 2.226e-5
-1.203, 2.245e-5
-1.204, 2.277e-5
-1.205, 2.264e-5
-1.206, 2.239e-5
-1.207, 2.261e-5
-1.208, 2.275e-5
-1.209, 2.301e-5
-1.210, 2.296e-5
-1.211, 2.268e-5
-1.212, 2.288e-5
-1.213, 2.322e-5
-1.214, 2.344e-5
-1.215, 2.337e-5
-1.216, 2.316e-5
-1.217, 2.327e-5
-1.218, 2.356e-5
-1.219, 2.374e-5
-1.220, 2.365e-5
-1.221, 2.352e-5
-1.222, 2.359e-5
-1.223, 2.393e-5
-1.224, 2.406e-5
-1.225, 2.395e-5
-1.226, 2.383e-5
-1.227, 2.395e-5
-1.228, 2.436e-5
-1.229, 2.452e-5
-1.230, 2.437e-5
-1.231, 2.428e-5
-1.232, 2.433e-5
-1.233, 2.458e-5
-1.234, 2.486e-5
-1.235, 2.478e-5
-1.236, 2.453e-5
-1.237, 2.477e-5
-1.238, 2.499e-5
-1.239, 2.530e-5
-1.240, 2.510e-5
-1.241, 2.497e-5
-1.242, 2.520e-5
-1.243, 2.540e-5
-1.244, 2.560e-5
-1.245, 2.568e-5
-1.246, 2.547e-5
-1.247, 2.560e-5
-1.248, 2.589e-5
-1.249, 2.617e-5
-1.250, 2.614e-5
-1.251, 2.597e-5
-1.252, 2.610e-5
-1.253, 2.647e-5
-1.254, 2.670e-5
-1.255, 2.666e-5
-1.256, 2.653e-5
-1.257, 2.669e-5
-1.258, 2.704e-5
-1.259, 2.726e-5
-1.260, 2.724e-5
-1.261, 2.713e-5
-1.262, 2.739e-5
-1.263, 2.779e-5
-1.264, 2.807e-5
-1.265, 2.807e-5
-1.266, 2.806e-5
-1.267, 2.822e-5
-1.268, 2.858e-5
-1.269, 2.894e-5
-1.270, 2.889e-5
-1.271, 2.883e-5
-1.272, 2.914e-5
-1.273, 2.949e-5
-1.274, 2.994e-5
-1.275, 2.989e-5
-1.276, 2.991e-5
-1.277, 3.025e-5
-1.278, 3.058e-5
-1.279, 3.108e-5
-1.280, 3.122e-5
-1.281, 3.123e-5
-1.282, 3.159e-5
-1.283, 3.202e-5
-1.284, 3.252e-5
-1.285, 3.271e-5
-1.286, 3.292e-5
-1.287, 3.330e-5
-1.288, 3.380e-5
-1.289, 3.434e-5
-1.290, 3.470e-5
-1.291, 3.498e-5
-1.292, 3.544e-5
-1.293, 3.614e-5
-1.294, 3.682e-5
-1.295, 3.736e-5
-1.296, 3.774e-5
-1.297, 3.839e-5
-1.298, 3.938e-5
-1.299, 4.029e-5
-1.300, 4.096e-5
-1.301, 4.174e-5
-1.302, 4.276e-5
-1.303, 4.412e-5
-1.304, 4.557e-5
-1.305, 4.684e-5
-1.306, 4.833e-5
-1.307, 5.011e-5
-1.308, 5.239e-5
-1.309, 5.484e-5
-1.310, 5.729e-5
-1.311, 6.011e-5
-1.312, 6.332e-5
-1.313, 6.724e-5
-1.314, 7.166e-5
-1.315, 7.630e-5
-1.316, 8.175e-5
-1.317, 8.819e-5
-1.318, 9.560e-5
-1.319, 1.039e-4
-1.320, 1.125e-4
-1.321, 1.221e-4
-1.322, 1.329e-4
-1.323, 1.447e-4
-1.324, 1.575e-4
-1.325, 1.711e-4
-1.326, 1.852e-4
-1.327, 1.997e-4
-1.328, 2.144e-4
-1.329, 2.293e-4
-1.330, 2.445e-4
-1.331, 2.599e-4
-1.332, 2.758e-4
-1.333, 2.920e-4
-1.334, 3.087e-4
-1.335, 3.258e-4
-1.336, 3.434e-4
-1.337, 3.621e-4
-1.338, 3.819e-4
-1.339, 4.023e-4
-1.340, 4.227e-4
-1.341, 4.435e-4
-1.342, 4.655e-4
-1.343, 4.887e-4
-1.344, 5.125e-4
-1.345, 5.368e-4
-1.346, 5.617e-4
-1.347, 5.873e-4
-1.348, 6.141e-4
-1.349, 6.419e-4
-1.350, 6.698e-4
-1.351, 6.989e-4
-1.352, 7.296e-4
-1.353, 7.611e-4
-1.354, 7.929e-4
-1.355, 8.246e-4
-1.356, 8.566e-4
-1.357, 8.891e-4
-1.358, 9.223e-4
-1.359, 9.560e-4
-1.360, 9.898e-4
-1.361, 1.024e-3
-1.362, 1.058e-3
-1.363, 1.091e-3
-1.364, 1.127e-3
-1.365, 1.162e-3
-1.366, 1.197e-3
-1.367, 1.233e-3
-1.368, 1.268e-3
-1.369, 1.303e-3
-1.370, 1.339e-3
-1.371, 1.375e-3
-1.372, 1.411e-3
-1.373, 1.447e-3
-1.374, 1.483e-3
-1.375, 1.522e-3
-1.376, 1.561e-3
-1.377, 1.599e-3
-1.378, 1.637e-3
-1.379, 1.679e-3
-1.380, 1.718e-3
-1.381, 1.756e-3
-1.382, 1.796e-3
-1.383, 1.835e-3
-1.384, 1.876e-3
-1.385, 1.919e-3
-1.386, 1.960e-3
-1.387, 2.004e-3
-1.388, 2.048e-3
-1.389, 2.092e-3
-1.390, 2.136e-3
-1.391, 2.184e-3
-1.392, 2.233e-3
-1.393, 2.278e-3
-1.394, 2.324e-3
-1.395, 2.376e-3
-1.396, 2.428e-3
-1.397, 2.479e-3
-1.398, 2.523e-3
-1.399, 2.565e-3
-1.400, 2.607e-3
-1.401, 2.658e-3
-1.402, 2.700e-3
-1.403, 2.746e-3
-1.404, 2.798e-3
-1.405, 2.852e-3
-1.406, 2.900e-3
-1.407, 2.946e-3
-1.408, 2.997e-3
-1.409, 3.050e-3
-1.410, 3.097e-3
-1.411, 3.140e-3
-1.412, 3.185e-3
-1.413, 3.234e-3
-1.414, 3.289e-3
-1.415, 3.340e-3
-1.416, 3.387e-3
-1.417, 3.438e-3
-1.418, 3.493e-3
-1.419, 3.547e-3
-1.420, 3.602e-3
-1.421, 3.654e-3
-1.422, 3.703e-3
-1.423, 3.760e-3
-1.424, 3.815e-3
-1.425, 3.874e-3
-1.426, 3.929e-3
-1.427, 3.986e-3
-1.428, 4.041e-3
-1.429, 4.093e-3
-1.430, 4.146e-3
-1.431, 4.199e-3
-1.432, 4.259e-3
-1.433, 4.319e-3
-1.434, 4.390e-3
-1.435, 4.453e-3
-1.436, 4.517e-3
-1.437, 4.583e-3
-1.438, 4.651e-3
-1.439, 4.717e-3
-1.440, 4.803e-3
-1.441, 4.872e-3
-1.442, 4.936e-3
-1.443, 4.988e-3
-1.444, 5.040e-3
-1.445, 5.098e-3
-1.446, 5.159e-3
-1.447, 5.216e-3
-1.448, 5.283e-3
-1.449, 5.350e-3
-1.450, 5.405e-3
-1.451, 5.463e-3
-1.452, 5.532e-3
-1.453, 5.602e-3
-1.454, 5.671e-3
-1.455, 5.745e-3
-1.456, 5.819e-3
-1.457, 5.883e-3
-1.458, 5.955e-3
-1.459, 6.012e-3
-1.460, 6.086e-3
-1.461, 6.159e-3
-1.462, 6.235e-3
-1.463, 6.341e-3
-1.464, 6.389e-3
-1.465, 6.447e-3
-1.466, 6.516e-3
-1.467, 6.587e-3
-1.468, 6.662e-3
-1.469, 6.725e-3
-1.470, 6.781e-3
-1.471, 6.858e-3
-1.472, 6.931e-3
-1.473, 7.013e-3
-1.474, 7.074e-3
-1.475, 7.150e-3
-1.476, 7.234e-3
-1.477, 7.300e-3
-1.478, 7.391e-3
-1.479, 7.447e-3
-1.480, 7.501e-3
-1.481, 7.591e-3
-1.482, 7.665e-3
-1.483, 7.730e-3
-1.484, 7.817e-3
-1.485, 7.872e-3
-1.486, 7.932e-3
-1.487, 8.012e-3
-1.488, 8.071e-3
-1.489, 8.140e-3
-1.490, 8.186e-3
-1.491, 8.244e-3
-1.492, 8.320e-3
-1.493, 8.476e-3
-1.494, 8.592e-3
-1.495, 8.636e-3
-1.496, 8.648e-3
-1.497, 8.673e-3
-1.498, 8.720e-3
-1.499, 8.812e-3
-1.500, 8.862e-3
-1.499, 8.752e-3
-1.498, 8.631e-3
-1.497, 8.511e-3
-1.496, 8.387e-3
-1.495, 8.261e-3
-1.494, 8.144e-3
-1.493, 8.007e-3
-1.492, 7.903e-3
-1.491, 7.807e-3
-1.490, 7.686e-3
-1.489, 7.614e-3
-1.488, 7.481e-3
-1.487, 7.339e-3
-1.486, 7.234e-3
-1.485, 7.152e-3
-1.484, 7.066e-3
-1.483, 6.933e-3
-1.482, 6.816e-3
-1.481, 6.719e-3
-1.480, 6.612e-3
-1.479, 6.520e-3
-1.478, 6.446e-3
-1.477, 6.324e-3
-1.476, 6.217e-3
-1.475, 6.150e-3
-1.474, 6.040e-3
-1.473, 5.938e-3
-1.472, 5.817e-3
-1.471, 5.710e-3
-1.470, 5.665e-3
-1.469, 5.587e-3
-1.468, 5.506e-3
-1.467, 5.450e-3
-1.466, 5.401e-3
-1.465, 5.347e-3
-1.464, 5.279e-3
-1.463, 5.184e-3
-1.462, 5.110e-3
-1.461, 5.032e-3
-1.460, 4.949e-3
-1.459, 4.870e-3
-1.458, 4.764e-3
-1.457, 4.683e-3
-1.456, 4.628e-3
-1.455, 4.561e-3
-1.454, 4.491e-3
-1.453, 4.407e-3
-1.452, 4.334e-3
-1.451, 4.273e-3
-1.450, 4.186e-3
-1.449, 4.106e-3
-1.448, 4.030e-3
-1.447, 3.942e-3
-1.446, 3.862e-3
-1.445, 3.790e-3
-1.444, 3.738e-3
-1.443, 3.657e-3
-1.442, 3.580e-3
-1.441, 3.514e-3
-1.440, 3.445e-3
-1.439, 3.373e-3
-1.438, 3.299e-3
-1.437, 3.228e-3
-1.436, 3.157e-3
-1.435, 3.129e-3
-1.434, 3.047e-3
-1.433, 2.981e-3
-1.432, 2.915e-3
-1.431, 2.852e-3
-1.430, 2.796e-3
-1.429, 2.729e-3
-1.428, 2.668e-3
-1.427, 2.608e-3
-1.426, 2.573e-3
-1.425, 2.514e-3
-1.424, 2.456e-3
-1.423, 2.411e-3
-1.422, 2.359e-3
-1.421, 2.312e-3
-1.420, 2.277e-3
-1.419, 2.232e-3
-1.418, 2.191e-3
-1.417, 2.151e-3
-1.416, 2.107e-3
-1.415, 2.056e-3
-1.414, 2.008e-3
-1.413, 1.960e-3
-1.412, 1.913e-3
-1.411, 1.866e-3
-1.410, 1.822e-3
-1.409, 1.775e-3
-1.408, 1.729e-3
-1.407, 1.682e-3
-1.406, 1.637e-3
-1.405, 1.597e-3
-1.404, 1.555e-3
-1.403, 1.512e-3
-1.402, 1.468e-3
-1.401, 1.426e-3
-1.400, 1.389e-3
-1.399, 1.353e-3
-1.398, 1.317e-3
-1.397, 1.279e-3
-1.396, 1.240e-3
-1.395, 1.205e-3
-1.394, 1.175e-3
-1.393, 1.143e-3
-1.392, 1.111e-3
-1.391, 1.080e-3
-1.390, 1.050e-3
-1.389, 1.020e-3
-1.388, 9.900e-4
-1.387, 9.616e-4
-1.386, 9.346e-4
-1.385, 9.089e-4
-1.384, 8.840e-4
-1.383, 8.566e-4
-1.382, 8.302e-4
-1.381, 8.058e-4
-1.380, 7.813e-4
-1.379, 7.571e-4
-1.378, 7.341e-4
-1.377, 7.125e-4
-1.376, 6.902e-4
-1.375, 6.691e-4
-1.374, 6.481e-4
-1.373, 6.281e-4
-1.372, 6.084e-4
-1.371, 5.895e-4
-1.370, 5.711e-4
-1.369, 5.526e-4
-1.368, 5.357e-4
-1.367, 5.183e-4
-1.366, 5.015e-4
-1.365, 4.857e-4
-1.364, 4.693e-4
-1.363, 4.536e-4
-1.362, 4.376e-4
-1.361, 4.231e-4
-1.360, 4.094e-4
-1.359, 3.954e-4
-1.358, 3.819e-4
-1.357, 3.692e-4
-1.356, 3.565e-4
-1.355, 3.443e-4
-1.354, 3.327e-4
-1.353, 3.217e-4
-1.352, 3.114e-4
-1.351, 3.013e-4
-1.350, 2.910e-4
-1.349, 2.809e-4
-1.348, 2.712e-4
-1.347, 2.625e-4
-1.346, 2.543e-4
-1.345, 2.460e-4
-1.344, 2.377e-4
-1.343, 2.294e-4
-1.342, 2.217e-4
-1.341, 2.142e-4
-1.340, 2.065e-4
-1.339, 1.992e-4
-1.338, 1.924e-4
-1.337, 1.858e-4
-1.336, 1.795e-4
-1.335, 1.732e-4
-1.334, 1.670e-4
-1.333, 1.611e-4
-1.332, 1.557e-4
-1.331, 1.503e-4
-1.330, 1.451e-4
-1.329, 1.399e-4
-1.328, 1.351e-4
-1.327, 1.306e-4
-1.326, 1.263e-4
-1.325, 1.221e-4
-1.324, 1.178e-4
-1.323, 1.138e-4
-1.322, 1.100e-4
-1.321, 1.064e-4
-1.320, 1.026e-4
-1.319, 9.899e-5
-1.318, 9.547e-5
-1.317, 9.236e-5
-1.316, 8.932e-5
-1.315, 8.615e-5
-1.314, 8.312e-5
-1.313, 8.020e-5
-1.312, 7.750e-5
-1.311, 7.495e-5
-1.310, 7.227e-5
-1.309, 6.972e-5
-1.308, 6.729e-5
-1.307, 6.505e-5
-1.306, 6.289e-5
-1.305, 6.063e-5
-1.304, 5.850e-5
-1.303, 5.646e-5
-1.302, 5.461e-5
-1.301, 5.302e-5
-1.300, 5.114e-5
-1.299, 4.924e-5
-1.298, 4.752e-5
-1.297, 4.598e-5
-1.296, 4.453e-5
-1.295, 4.300e-5
-1.294, 4.130e-5
-1.293, 3.996e-5
-1.292, 3.862e-5
-1.291, 3.744e-5
-1.290, 3.608e-5
-1.289, 3.473e-5
-1.288, 3.351e-5
-1.287, 3.241e-5
-1.286, 3.141e-5
-1.285, 3.027e-5
-1.284, 2.912e-5
-1.283, 2.798e-5
-1.282, 2.712e-5
-1.281, 2.630e-5
-1.280, 2.529e-5
-1.279, 2.430e-5
-1.278, 2.336e-5
-1.277, 2.273e-5
-1.276, 2.199e-5
-1.275, 2.111e-5
-1.274, 2.030e-5
-1.273, 1.951e-5
-1.272, 1.890e-5
-1.271, 1.840e-5
-1.270, 1.761e-5
-1.269, 1.694e-5
-1.268, 1.634e-5
-1.267, 1.583e-5
-1.266, 1.545e-5
-1.265, 1.478e-5
-1.264, 1.419e-5
-1.263, 1.361e-5
-1.262, 1.314e-5
-1.261, 1.284e-5
-1.260, 1.230e-5
-1.259, 1.165e-5
-1.258, 1.116e-5
-1.257, 1.080e-5
-1.256, 1.064e-5
-1.255, 1.012e-5
-1.254, 9.591e-6
-1.253, 9.177e-6
-1.252, 8.993e-6
-1.251, 8.675e-6
-1.250, 8.273e-6
-1.249, 7.832e-6
-1.248, 7.478e-6
-1.247, 7.244e-6
-1.246, 7.073e-6
-1.245, 6.747e-6
-1.244, 6.268e-6
-1.243, 5.891e-6
-1.242, 5.763e-6
-1.241, 5.640e-6
-1.240, 5.337e-6
-1.239, 5.012e-6
-1.238, 4.635e-6
-1.237, 4.542e-6
-1.236, 4.440e-6
-1.235, 4.143e-6
-1.234, 3.803e-6
-1.233, 3.444e-6
-1.232, 3.477e-6
-1.231, 3.444e-6
-1.230, 3.093e-6
-1.229, 2.708e-6
-1.228, 2.526e-6
-1.227, 2.426e-6
-1.226, 2.462e-6
-1.225, 2.160e-6
-1.224, 1.859e-6
-1.223, 1.654e-6
-1.222, 1.554e-6
-1.221, 1.609e-6
-1.220, 1.388e-6
-1.219, 1.065e-6
-1.218, 8.798e-7
-1.217, 8.266e-7
-1.216, 8.956e-7
-1.215, 6.815e-7
-1.214, 3.570e-7
-1.213, 1.665e-7
-1.212, 2.050e-7
-1.211, 1.794e-7
-1.210, 1.953e-8
-1.209, -3.060e-7
-1.208, -4.570e-7
-1.207, -4.570e-7
-1.206, -4.195e-7
-1.205, -5.320e-7
-1.204, -8.181e-7
-1.203, -1.056e-6
-1.202, -9.720e-7
-1.201, -9.098e-7
-1.200, -1.063e-6
-1.199, -1.236e-6
-1.198, -1.482e-6
-1.197, -1.354e-6
-1.196, -1.266e-6
-1.195, -1.456e-6
-1.194, -1.658e-6
-1.193, -1.896e-6
-1.192, -1.789e-6
-1.191, -1.698e-6
-1.190, -1.901e-6
-1.189, -2.078e-6
-1.188, -2.282e-6
-1.187, -2.243e-6
-1.186, -2.103e-6
-1.185, -2.257e-6
-1.184, -2.476e-6
-1.183, -2.620e-6
-1.182, -2.652e-6
-1.181, -2.428e-6
-1.180, -2.548e-6
-1.179, -2.877e-6
-1.178, -3.029e-6
-1.177, -2.984e-6
-1.176, -2.820e-6
-1.175, -2.898e-6
-1.174, -3.239e-6
-1.173, -3.334e-6
-1.172, -3.310e-6
-1.171, -3.184e-6
-1.170, -3.251e-6
-1.169, -3.569e-6
-1.168, -3.698e-6
-1.167, -3.620e-6
-1.166, -3.530e-6
-1.165, -3.551e-6
-1.164, -3.864e-6
-1.163, -4.056e-6
-1.162, -3.927e-6
-1.161, -3.797e-6
-1.160, -3.906e-6
-1.159, -4.128e-6
-1.158, -4.352e-6
-1.157, -4.214e-6
-1.156, -4.072e-6
-1.155, -4.222e-6
-1.154, -4.352e-6
-1.153, -4.623e-6
-1.152, -4.513e-6
-1.151, -4.354e-6
-1.150, -4.451e-6
-1.149, -4.676e-6
-1.148, -4.861e-6
-1.147, -4.840e-6
-1.146, -4.591e-6
-1.145, -4.687e-6
-1.144, -4.928e-6
-1.143, -5.098e-6
-1.142, -5.063e-6
-1.141, -4.833e-6
-1.140, -4.909e-6
-1.139, -5.242e-6
-1.138, -5.342e-6
-1.137, -5.263e-6
-1.136, -5.063e-6
-1.135, -5.148e-6
-1.134, -5.509e-6
-1.133, -5.586e-6
-1.132, -5.511e-6
-1.131, -5.384e-6
-1.130, -5.363e-6
-1.129, -5.663e-6
-1.128, -5.816e-6
-1.127, -5.751e-6
-1.126, -5.626e-6
-1.125, -5.608e-6
-1.124, -5.968e-6
-1.123, -6.114e-6
-1.122, -5.980e-6
-1.121, -5.881e-6
-1.120, -5.911e-6
-1.119, -6.210e-6
-1.118, -6.455e-6
-1.117, -6.267e-6
-1.116, -6.058e-6
-1.115, -6.191e-6
-1.114, -6.426e-6
-1.113, -6.676e-6
-1.112, -6.554e-6
-1.111, -6.331e-6
-1.110, -6.466e-6
-1.109, -6.706e-6
-1.108, -6.889e-6
-1.107, -6.804e-6
-1.106, -6.600e-6
-1.105, -6.706e-6
-1.104, -6.927e-6
-1.103, -7.100e-6
-1.102, -7.107e-6
-1.101, -6.830e-6
-1.100, -6.941e-6
-1.099, -7.232e-6
-1.098, -7.384e-6
-1.097, -7.335e-6
-1.096, -7.128e-6
-1.095, -7.169e-6
-1.094, -7.539e-6
-1.093, -7.622e-6
-1.092, -7.563e-6
-1.091, -7.460e-6
-1.090, -7.493e-6
-1.089, -7.814e-6
-1.088, -7.889e-6
-1.087, -7.820e-6
-1.086, -7.687e-6
-1.085, -7.734e-6
-1.084, -8.032e-6
-1.083, -8.239e-6
-1.082, -8.177e-6
-1.081, -7.997e-6
-1.080, -7.958e-6
-1.079, -8.254e-6
-1.078, -8.600e-6
-1.077, -8.399e-6
-1.076, -8.342e-6
-1.075, -8.352e-6
-1.074, -8.643e-6
-1.073, -8.850e-6
-1.072, -8.799e-6
-1.071, -8.579e-6
-1.070, -8.702e-6
-1.069, -8.986e-6
-1.068, -9.106e-6
-1.067, -9.162e-6
-1.066, -8.900e-6
-1.065, -9.017e-6
-1.064, -9.274e-6
-1.063, -9.488e-6
-1.062, -9.463e-6
-1.061, -9.205e-6
-1.060, -9.322e-6
-1.059, -9.676e-6
-1.058, -9.795e-6
-1.057, -9.864e-6
-1.056, -9.593e-6
-1.055, -9.653e-6
-1.054, -1.002e-5
-1.053, -1.012e-5
-1.052, -1.018e-5
-1.051, -1.008e-5
-1.050, -9.974e-6
-1.049, -1.038e-5
-1.048, -1.059e-5
-1.047, -1.048e-5
-1.046, -1.042e-5
-1.045, -1.035e-5
-1.044, -1.070e-5
-1.043, -1.104e-5
-1.042, -1.085e-5
-1.041, -1.075e-5
-1.040, -1.073e-5
-1.039, -1.112e-5
-1.038, -1.141e-5
-1.037, -1.128e-5
-1.036, -1.111e-5
-1.035, -1.117e-5
-1.034, -1.153e-5
-1.033, -1.181e-5
-1.032, -1.164e-5
-1.031, -1.149e-5
-1.030, -1.162e-5
-1.029, -1.191e-5
-1.028, -1.213e-5
-1.027, -1.215e-5
-1.026, -1.190e-5
-1.025, -1.201e-5
-1.024, -1.234e-5
-1.023, -1.253e-5
-1.022, -1.262e-5
-1.021, -1.237e-5
-1.020, -1.236e-5
-1.019, -1.282e-5
-1.018, -1.300e-5
-1.017, -1.301e-5
-1.016, -1.278e-5
-1.015, -1.276e-5
-1.014, -1.333e-5
-1.013, -1.344e-5
-1.012, -1.349e-5
-1.011, -1.331e-5
-1.010, -1.329e-5
-1.009, -1.375e-5
-1.008, -1.395e-5
-1.007, -1.392e-5
-1.006, -1.379e-5
-1.005, -1.374e-5
-1.004, -1.417e-5
-1.003, -1.450e-5
-1.002, -1.441e-5
-1.001, -1.427e-5
-1.000, -2.240e-6
-1.001, 3.796e-7
-1.002, 1.029e-6
-1.003, 1.757e-6
-1.004, 2.533e-6
-1.005, 3.102e-6
-1.006, 3.087e-6
-1.007, 3.341e-6
-1.008, 3.704e-6
-1.009, 4.239e-6
-1.010, 4.684e-6
-1.011, 4.474e-6
-1.012, 4.626e-6
-1.013, 5.007e-6
-1.014, 5.287e-6
-1.015, 5.736e-6
-1.016, 5.468e-6
-1.017, 5.502e-6
-1.018, 5.765e-6
-1.019, 6.130e-6
-1.020, 6.392e-6
-1.021, 6.205e-6
-1.022, 6.103e-6
-1.023, 6.499e-6
-1.024, 6.772e-6
-1.025, 6.959e-6
-1.026, 6.803e-6
-1.027, 6.670e-6
-1.028, 6.907e-6
-1.029, 7.281e-6
-1.030, 7.372e-6
-1.031, 7.273e-6
-1.032, 7.088e-6
-1.033, 7.338e-6
-1.034, 7.678e-6
-1.035, 7.780e-6
-1.036, 7.605e-6
-1.037, 7.567e-6
-1.038, 7.692e-6
-1.039, 8.033e-6
-1.040, 8.147e-6
-1.041, 7.923e-6
-1.042, 7.879e-6
-1.043, 7.969e-6
-1.044, 8.306e-6
-1.045, 8.466e-6
-1.046, 8.235e-6
-1.047, 8.186e-6
-1.048, 8.277e-6
-1.049, 8.597e-6
-1.050, 8.802e-6
-1.051, 8.482e-6
-1.052, 8.383e-6
-1.053, 8.625e-6
-1.054, 8.821e-6
-1.055, 9.043e-6
-1.056, 8.728e-6
-1.057, 8.659e-6
-1.058, 8.880e-6
-1.059, 9.047e-6
-1.060, 9.232e-6
-1.061, 9.072e-6
-1.062, 8.917e-6
-1.063, 9.110e-6
-1.064, 9.310e-6
-1.065, 9.474e-6
-1.066, 9.264e-6
-1.067, 9.108e-6
-1.068, 9.246e-6
-1.069, 9.607e-6
-1.070, 9.685e-6
-1.071, 9.518e-6
-1.072, 9.338e-6
-1.073, 9.514e-6
-1.074, 9.786e-6
-1.075, 9.957e-6
-1.076, 9.655e-6
-1.077, 9.543e-6
-1.078, 9.689e-6
-1.079, 9.969e-6
-1.080, 1.009e-5
-1.081, 9.822e-6
-1.082, 9.766e-6
-1.083, 9.871e-6
-1.084, 1.008e-5
-1.085, 1.029e-5
-1.086, 1.002e-5
-1.087, 9.952e-6
-1.088, 1.001e-5
-1.089, 1.028e-5
-1.090, 1.052e-5
-1.091, 1.018e-5
-1.092, 1.001e-5
-1.093, 1.026e-5
-1.094, 1.043e-5
-1.095, 1.063e-5
-1.096, 1.032e-5
-1.097, 1.021e-5
-1.098, 1.036e-5
-1.099, 1.062e-5
-1.100, 1.075e-5
-1.101, 1.055e-5
-1.102, 1.033e-5
-1.103, 1.056e-5
-1.104, 1.071e-5
-1.105, 1.092e-5
-1.106, 1.066e-5
-1.107, 1.051e-5
-1.108, 1.066e-5
-1.109, 1.089e-5
-1.110, 1.099e-5
-1.111, 1.084e-5
-1.112, 1.067e-5
-1.113, 1.072e-5
-1.114, 1.106e-5
-1.115, 1.108e-5
-1.116, 1.095e-5
-1.117, 1.079e-5
-1.118, 1.091e-5
-1.119, 1.120e-5
-1.120, 1.127e-5
-1.121, 1.106e-5
-1.122, 1.092e-5
-1.123, 1.099e-5
-1.124, 1.130e-5
-1.125, 1.139e-5
-1.126, 1.111e-5
-1.127, 1.114e-5
-1.128, 1.116e-5
-1.129, 1.136e-5
-1.130, 1.160e-5
-1.131, 1.124e-5
-1.132, 1.117e-5
-1.133, 1.131e-5
-1.134, 1.150e-5
-1.135, 1.168e-5
-1.136, 1.137e-5
-1.137, 1.123e-5
-1.138, 1.144e-5
-1.139, 1.162e-5
-1.140, 1.181e-5
-1.141, 1.158e-5
-1.142, 1.141e-5
-1.143, 1.160e-5
-1.144, 1.168e-5
-1.145, 1.188e-5
-1.146, 1.171e-5
-1.147, 1.153e-5
-1.148, 1.166e-5
-1.149, 1.193e-5
-1.150, 1.201e-5
-1.151, 1.181e-5
-1.152, 1.167e-5
-1.153, 1.178e-5
-1.154, 1.208e-5
-1.155, 1.213e-5
-1.156, 1.189e-5
-1.157, 1.182e-5
-1.158, 1.192e-5
-1.159, 1.221e-5
-1.160, 1.226e-5
-1.161, 1.209e-5
-1.162, 1.201e-5
-1.163, 1.208e-5
-1.164, 1.230e-5
-1.165, 1.247e-5
-1.166, 1.225e-5
-1.167, 1.214e-5
-1.168, 1.223e-5
-1.169, 1.245e-5
-1.170, 1.267e-5
-1.171, 1.237e-5
-1.172, 1.225e-5
-1.173, 1.246e-5
-1.174, 1.258e-5
-1.175, 1.279e-5
-1.176, 1.257e-5
-1.177, 1.243e-5
-1.178, 1.264e-5
-1.179, 1.273e-5
-1.180, 1.290e-5
-1.181, 1.273e-5
-1.182, 1.254e-5
-1.183, 1.274e-5
-1.184, 1.290e-5
-1.185, 1.305e-5
-1.186, 1.291e-5
-1.187, 1.277e-5
-1.188, 1.291e-5
-1.189, 1.311e-5
-1.190, 1.326e-5
-1.191, 1.312e-5
-1.192, 1.289e-5
-1.193, 1.302e-5
-1.194, 1.336e-5
-1.195, 1.344e-5
-1.196, 1.329e-5
-1.197, 1.311e-5
-1.198, 1.328e-5
-1.199, 1.355e-5
-1.200, 1.359e-5
-1.201, 1.350e-5
-1.202, 1.338e-5
-1.203, 1.351e-5
-1.204, 1.374e-5
-1.205, 1.390e-5
-1.206, 1.369e-5
-1.207, 1.364e-5
-1.208, 1.379e-5
-1.209, 1.402e-5
-1.210, 1.420e-5
-1.211, 1.403e-5
-1.212, 1.392e-5
-1.213, 1.413e-5
-1.214, 1.433e-5
-1.215, 1.451e-5
-1.216, 1.436e-5
-1.217, 1.429e-5
-1.218, 1.454e-5
-1.219, 1.474e-5
-1.220, 1.491e-5
-1.221, 1.482e-5
-1.222, 1.474e-5
-1.223, 1.494e-5
-1.224, 1.519e-5
-1.225, 1.535e-5
-1.226, 1.531e-5
-1.227, 1.533e-5
-1.228, 1.551e-5
-1.229, 1.580e-5
-1.230, 1.592e-5
-1.231, 1.594e-5
-1.232, 1.586e-5
-1.233, 1.608e-5
-1.234, 1.640e-5
-1.235, 1.659e-5
-1.236, 1.661e-5
-1.237, 1.661e-5
-1.238, 1.686e-5
-1.239, 1.716e-5
-1.240, 1.741e-5
-1.241, 1.739e-5
-1.242, 1.755e-5
-1.243, 1.773e-5
-1.244, 1.812e-5
-1.245, 1.844e-5
-1.246, 1.851e-5
-1.247, 1.868e-5
-1.248, 1.887e-5
-1.249, 1.933e-5
-1.250, 1.973e-5
-1.251, 1.975e-5
-1.252, 1.993e-5
-1.253, 2.035e-5
-1.254, 2.076e-5
-1.255, 2.119e-5
-1.256, 2.134e-5
-1.257, 2.161e-5
-1.258, 2.202e-5
-1.259, 2.251e-5
-1.260, 2.307e-5
-1.261, 2.337e-5
-1.262, 2.365e-5
-1.263, 2.417e-5
-1.264, 2.482e-5
-1.265, 2.545e-5
-1.266, 2.579e-5
-1.267, 2.621e-5
-1.268, 2.687e-5
-1.269, 2.767e-5
-1.270, 2.841e-5
-1.271, 2.894e-5
-1.272, 2.945e-5
-1.273, 3.029e-5
-1.274, 3.124e-5
-1.275, 3.215e-5
-1.276, 3.285e-5
-1.277, 3.368e-5
-1.278, 3.467e-5
-1.279, 3.596e-5
-1.280, 3.713e-5
-1.281, 3.811e-5
-1.282, 3.921e-5
-1.283, 4.045e-5
-1.284, 4.195e-5
-1.285, 4.340e-5
-1.286, 4.467e-5
-1.287, 4.612e-5
-1.288, 4.767e-5
-1.289, 4.954e-5
-1.290, 5.139e-5
-1.291, 5.300e-5
-1.292, 5.486e-5
-1.293, 5.689e-5
-1.294, 5.923e-5
-1.295, 6.149e-5
-1.296, 6.364e-5
-1.297, 6.595e-5
-1.298, 6.859e-5
-1.299, 7.141e-5
-1.300, 7.426e-5
-1.301, 7.708e-5
-1.302, 8.009e-5
-1.303, 8.341e-5
-1.304, 8.696e-5
-1.305, 9.067e-5
-1.306, 9.428e-5
-1.307, 9.804e-5
-1.308, 1.023e-4
-1.309, 1.068e-4
-1.310, 1.114e-4
-1.311, 1.161e-4
-1.312, 1.208e-4
-1.313, 1.261e-4
-1.314, 1.317e-4
-1.315, 1.374e-4
-1.316, 1.434e-4
-1.317, 1.495e-4
-1.318, 1.559e-4
-1.319, 1.630e-4
-1.320, 1.703e-4
-1.321, 1.776e-4
-1.322, 1.851e-4
-1.323, 1.933e-4
-1.324, 2.020e-4
-1.325, 2.109e-4
-1.326, 2.200e-4
-1.327, 2.294e-4
-1.328, 2.391e-4
-1.329, 2.493e-4
-1.330, 2.602e-4
-1.331, 2.710e-4
-1.332, 2.825e-4
-1.333, 2.947e-4
-1.334, 3.070e-4
-1.335, 3.202e-4
-1.336, 3.332e-4
-1.337, 3.474e-4
-1.338, 3.620e-4
-1.339, 3.768e-4
-1.340, 3.923e-4
-1.341, 4.082e-4
-1.342, 4.244e-4
-1.343, 4.416e-4
-1.344, 4.596e-4
-1.345, 4.784e-4
-1.346, 4.968e-4
-1.347, 5.158e-4
-1.348, 5.355e-4
-1.349, 5.562e-4
-1.350, 5.778e-4
-1.351, 5.998e-4
-1.352, 6.219e-4
-1.353, 6.448e-4
-1.354, 6.682e-4
-1.355, 6.925e-4
-1.356, 7.172e-4
-1.357, 7.425e-4
-1.358, 7.681e-4
-1.359, 7.952e-4
-1.360, 8.229e-4
-1.361, 8.516e-4
-1.362, 8.809e-4
-1.363, 9.107e-4
-1.364, 9.413e-4
-1.365, 9.729e-4
-1.366, 1.004e-3
-1.367, 1.036e-3
-1.368, 1.067e-3
-1.369, 1.099e-3
-1.370, 1.133e-3
-1.371, 1.166e-3
-1.372, 1.202e-3
-1.373, 1.238e-3
-1.374, 1.275e-3
-1.375, 1.313e-3
-1.376, 1.349e-3
-1.377, 1.386e-3
-1.378, 1.425e-3
-1.379, 1.465e-3
-1.380, 1.506e-3
-1.381, 1.547e-3
-1.382, 1.589e-3
-1.383, 1.632e-3
-1.384, 1.673e-3
-1.385, 1.716e-3
-1.386, 1.760e-3
-1.387, 1.805e-3
-1.388, 1.851e-3
-1.389, 1.899e-3
-1.390, 1.944e-3
-1.391, 1.988e-3
-1.392, 2.035e-3
-1.393, 2.083e-3
-1.394, 2.131e-3
-1.395, 2.179e-3
-1.396, 2.231e-3
-1.397, 2.279e-3
-1.398, 2.324e-3
-1.399, 2.374e-3
-1.400, 2.431e-3
-1.401, 2.482e-3
-1.402, 2.530e-3
-1.403, 2.585e-3
-1.404, 2.635e-3
-1.405, 2.682e-3
-1.406, 2.737e-3
-1.407, 2.796e-3
-1.408, 2.852e-3
-1.409, 2.900e-3
-1.410, 2.954e-3
-1.411, 3.013e-3
-1.412, 3.059e-3
-1.413, 3.115e-3
-1.414, 3.174e-3
-1.415, 3.232e-3
-1.416, 3.288e-3
-1.417, 3.343e-3
-1.418, 3.395e-3
-1.419, 3.454e-3
-1.420, 3.518e-3
-1.421, 3.601e-3
-1.422, 3.678e-3
-1.423, 3.740e-3
-1.424, 3.795e-3
-1.425, 3.853e-3
-1.426, 3.912e-3
-1.427, 3.971e-3
-1.428, 4.037e-3
-1.429, 4.095e-3
-1.430, 4.150e-3
-1.431, 4.209e-3
-1.432, 4.273e-3
-1.433, 4.333e-3
-1.434, 4.402e-3
-1.435, 4.466e-3
-1.436, 4.538e-3
-1.437, 4.619e-3
-1.438, 4.687e-3
-1.439, 4.739e-3
-1.440, 4.791e-3
-1.441, 4.846e-3
-1.442, 4.909e-3
-1.443, 4.974e-3
-1.444, 5.028e-3
-1.445, 5.090e-3
-1.446, 5.171e-3
-1.447, 5.243e-3
-1.448, 5.304e-3
-1.449, 5.379e-3
-1.450, 5.451e-3
-1.451, 5.528e-3
-1.452, 5.607e-3
-1.453, 5.696e-3
-1.454, 5.762e-3
-1.455, 5.856e-3
-1.456, 5.960e-3
-1.457, 6.014e-3
-1.458, 6.069e-3
-1.459, 6.116e-3
-1.460, 6.208e-3
-1.461, 6.334e-3
-1.462, 6.420e-3
-1.463, 6.496e-3
-1.464, 6.569e-3
-1.465, 6.638e-3
-1.466, 6.705e-3
-1.467, 6.801e-3
-1.468, 6.909e-3
-1.469, 7.009e-3
-1.470, 7.088e-3
-1.471, 7.178e-3
-1.472, 7.240e-3
-1.473, 7.306e-3
-1.474, 7.381e-3
-1.475, 7.445e-3
-1.476, 7.519e-3
-1.477, 7.583e-3
-1.478, 7.643e-3
-1.479, 7.706e-3
-1.480, 7.766e-3
-1.481, 7.865e-3
-1.482, 7.973e-3
-1.483, 8.034e-3
-1.484, 8.100e-3
-1.485, 8.191e-3
-1.486, 8.264e-3
-1.487, 8.347e-3
-1.488, 8.432e-3
-1.489, 8.503e-3
-1.490, 8.557e-3
-1.491, 8.672e-3
-1.492, 8.765e-3
-1.493, 8.863e-3
-1.494, 8.952e-3
-1.495, 9.034e-3
-1.496, 9.095e-3
-1.497, 9.137e-3
-1.498, 9.186e-3
-1.499, 9.254e-3
-1.500, 9.259e-3
-1.499, 9.187e-3
-1.498, 9.107e-3
-1.497, 9.022e-3
-1.496, 8.917e-3
-1.495, 8.813e-3
-1.494, 8.673e-3
-1.493, 8.537e-3
-1.492, 8.435e-3
-1.491, 8.349e-3
-1.490, 8.253e-3
-1.489, 8.121e-3
-1.488, 7.998e-3
-1.487, 7.866e-3
-1.486, 7.753e-3
-1.485, 7.693e-3
-1.484, 7.642e-3
-1.483, 7.561e-3
-1.482, 7.437e-3
-1.481, 7.281e-3
-1.480, 7.188e-3
-1.479, 7.036e-3
-1.478, 6.927e-3
-1.477, 6.861e-3
-1.476, 6.771e-3
-1.475, 6.677e-3
-1.474, 6.584e-3
-1.473, 6.480e-3
-1.472, 6.366e-3
-1.471, 6.272e-3
-1.470, 6.176e-3
-1.469, 6.092e-3
-1.468, 6.024e-3
-1.467, 5.958e-3
-1.466, 5.889e-3
-1.465, 5.804e-3
-1.464, 5.711e-3
-1.463, 5.618e-3
-1.462, 5.531e-3
-1.461, 5.444e-3
-1.460, 5.352e-3
-1.459, 5.269e-3
-1.458, 5.156e-3
-1.457, 5.034e-3
-1.456, 4.966e-3
-1.455, 4.908e-3
-1.454, 4.846e-3
-1.453, 4.786e-3
-1.452, 4.730e-3
-1.451, 4.658e-3
-1.450, 4.580e-3
-1.449, 4.504e-3
-1.448, 4.443e-3
-1.447, 4.394e-3
-1.446, 4.316e-3
-1.445, 4.224e-3
-1.444, 4.137e-3
-1.443, 4.057e-3
-1.442, 3.994e-3
-1.441, 3.924e-3
-1.440, 3.855e-3
-1.439, 3.786e-3
-1.438, 3.713e-3
-1.437, 3.643e-3
-1.436, 3.569e-3
-1.435, 3.503e-3
-1.434, 3.432e-3
-1.433, 3.371e-3
-1.432, 3.291e-3
-1.431, 3.214e-3
-1.430, 3.150e-3
-1.429, 3.099e-3
-1.428, 3.037e-3
-1.427, 2.972e-3
-1.426, 2.900e-3
-1.425, 2.832e-3
-1.424, 2.771e-3
-1.423, 2.713e-3
-1.422, 2.655e-3
-1.421, 2.597e-3
-1.420, 2.538e-3
-1.419, 2.472e-3
-1.418, 2.413e-3
-1.417, 2.360e-3
-1.416, 2.311e-3
-1.415, 2.258e-3
-1.414, 2.204e-3
-1.413, 2.151e-3
-1.412, 2.089e-3
-1.411, 2.032e-3
-1.410, 1.978e-3
-1.409, 1.928e-3
-1.408, 1.878e-3
-1.407, 1.830e-3
-1.406, 1.781e-3
-1.405, 1.735e-3
-1.404, 1.692e-3
-1.403, 1.646e-3
-1.402, 1.604e-3
-1.401, 1.561e-3
-1.400, 1.519e-3
-1.399, 1.478e-3
-1.398, 1.436e-3
-1.397, 1.396e-3
-1.396, 1.356e-3
-1.395, 1.318e-3
-1.394, 1.281e-3
-1.393, 1.243e-3
-1.392, 1.205e-3
-1.391, 1.168e-3
-1.390, 1.134e-3
-1.389, 1.101e-3
-1.388, 1.070e-3
-1.387, 1.039e-3
-1.386, 1.009e-3
-1.385, 9.793e-4
-1.384, 9.507e-4
-1.383, 9.235e-4
-1.382, 8.952e-4
-1.381, 8.680e-4
-1.380, 8.416e-4
-1.379, 8.163e-4
-1.378, 7.904e-4
-1.377, 7.647e-4
-1.376, 7.414e-4
-1.375, 7.190e-4
-1.374, 6.970e-4
-1.373, 6.752e-4
-1.372, 6.535e-4
-1.371, 6.326e-4
-1.370, 6.115e-4
-1.369, 5.913e-4
-1.368, 5.711e-4
-1.367, 5.528e-4
-1.366, 5.358e-4
-1.365, 5.181e-4
-1.364, 5.002e-4
-1.363, 4.838e-4
-1.362, 4.675e-4
-1.361, 4.519e-4
-1.360, 4.370e-4
-1.359, 4.222e-4
-1.358, 4.079e-4
-1.357, 3.941e-4
-1.356, 3.812e-4
-1.355, 3.683e-4
-1.354, 3.557e-4
-1.353, 3.435e-4
-1.352, 3.318e-4
-1.351, 3.204e-4
-1.350, 3.097e-4
-1.349, 2.992e-4
-1.348, 2.890e-4
-1.347, 2.788e-4
-1.346, 2.693e-4
-1.345, 2.597e-4
-1.344, 2.505e-4
-1.343, 2.416e-4
-1.342, 2.330e-4
-1.341, 2.249e-4
-1.340, 2.172e-4
-1.339, 2.096e-4
-1.338, 2.024e-4
-1.337, 1.952e-4
-1.336, 1.885e-4
-1.335, 1.818e-4
-1.334, 1.754e-4
-1.333, 1.692e-4
-1.332, 1.632e-4
-1.331, 1.576e-4
-1.330, 1.521e-4
-1.329, 1.467e-4
-1.328, 1.415e-4
-1.327, 1.366e-4
-1.326, 1.318e-4
-1.325, 1.272e-4
-1.324, 1.228e-4
-1.323, 1.183e-4
-1.322, 1.142e-4
-1.321, 1.102e-4
-1.320, 1.065e-4
-1.319, 1.027e-4
-1.318, 9.894e-5
-1.317, 9.541e-5
-1.316, 9.211e-5
-1.315, 8.891e-5
-1.314, 8.583e-5
-1.313, 8.259e-5
-1.312, 7.971e-5
-1.311, 7.713e-5
-1.310, 7.443e-5
-1.309, 7.180e-5
-1.308, 6.916e-5
-1.307, 6.666e-5
-1.306, 6.446e-5
-1.305, 6.224e-5
-1.304, 6.003e-5
-1.303, 5.778e-5
-1.302, 5.561e-5
-1.301, 5.382e-5
-1.300, 5.204e-5
-1.299, 5.013e-5
-1.298, 4.819e-5
-1.297, 4.643e-5
-1.296, 4.489e-5
-1.295, 4.340e-5
-1.294, 4.180e-5
-1.293, 4.023e-5
-1.292, 3.876e-5
-1.291, 3.744e-5
-1.290, 3.624e-5
-1.289, 3.487e-5
-1.288, 3.353e-5
-1.287, 3.226e-5
-1.286, 3.117e-5
-1.285, 3.025e-5
-1.284, 2.914e-5
-1.283, 2.790e-5
-1.282, 2.687e-5
-1.281, 2.600e-5
-1.280, 2.514e-5
-1.279, 2.427e-5
-1.278, 2.325e-5
-1.277, 2.237e-5
-1.276, 2.162e-5
-1.275, 2.096e-5
-1.274, 2.017e-5
-1.273, 1.934e-5
-1.272, 1.854e-5
-1.271, 1.793e-5
-1.270, 1.746e-5
-1.269, 1.679e-5
-1.268, 1.602e-5
-1.267, 1.530e-5
-1.266, 1.488e-5
-1.265, 1.446e-5
-1.264, 1.384e-5
-1.263, 1.317e-5
-1.262, 1.258e-5
-1.261, 1.226e-5
-1.260, 1.190e-5
-1.259, 1.137e-5
-1.258, 1.080e-5
-1.257, 1.025e-5
-1.256, 1.001e-5
-1.255, 9.753e-6
-1.254, 9.256e-6
-1.253, 8.774e-6
-1.252, 8.347e-6
-1.251, 8.056e-6
-1.250, 7.882e-6
-1.249, 7.450e-6
-1.248, 7.085e-6
-1.247, 6.691e-6
-1.246, 6.466e-6
-1.245, 6.319e-6
-1.244, 5.981e-6
-1.243, 5.573e-6
-1.242, 5.280e-6
-1.241, 5.094e-6
-1.240, 5.050e-6
-1.239, 4.707e-6
-1.238, 4.344e-6
-1.237, 4.075e-6
-1.236, 3.968e-6
-1.235, 3.919e-6
-1.234, 3.633e-6
-1.233, 3.222e-6
-1.232, 3.018e-6
-1.231, 2.913e-6
-1.230, 2.852e-6
-1.229, 2.546e-6
-1.228, 2.322e-6
-1.227, 2.011e-6
-1.226, 2.016e-6
-1.225, 1.975e-6
-1.224, 1.821e-6
-1.223, 1.516e-6
-1.222, 1.192e-6
-1.221, 1.226e-6
-1.220, 1.244e-6
-1.219, 1.034e-6
-1.218, 7.763e-7
-1.217, 5.424e-7
-1.216, 5.523e-7
-1.215, 5.908e-7
-1.214, 3.510e-7
-1.213, 1.458e-7
-1.212, -9.590e-8
-1.211, -1.107e-7
-1.210, -5.446e-8
-1.209, -1.729e-7
-1.208, -4.363e-7
-1.207, -6.237e-7
-1.206, -6.592e-7
-1.205, -5.132e-7
-1.204, -6.346e-7
-1.203, -9.799e-7
-1.202, -1.179e-6
-1.201, -1.071e-6
-1.200, -1.027e-6
-1.199, -1.132e-6
-1.198, -1.409e-6
-1.197, -1.501e-6
-1.196, -1.547e-6
-1.195, -1.441e-6
-1.194, -1.505e-6
-1.193, -1.791e-6
-1.192, -1.914e-6
-1.191, -1.934e-6
-1.190, -1.864e-6
-1.189, -1.876e-6
-1.188, -2.163e-6
-1.187, -2.333e-6
-1.186, -2.289e-6
-1.185, -2.152e-6
-1.184, -2.233e-6
-1.183, -2.512e-6
-1.182, -2.710e-6
-1.181, -2.570e-6
-1.180, -2.437e-6
-1.179, -2.556e-6
-1.178, -2.825e-6
-1.177, -2.939e-6
-1.176, -2.895e-6
-1.175, -2.744e-6
-1.174, -2.870e-6
-1.173, -3.069e-6
-1.172, -3.196e-6
-1.171, -3.240e-6
-1.170, -3.074e-6
-1.169, -3.164e-6
-1.168, -3.374e-6
-1.167, -3.515e-6
-1.166, -3.540e-6
-1.165, -3.288e-6
-1.164, -3.300e-6
-1.163, -3.654e-6
-1.162, -3.734e-6
-1.161, -3.802e-6
-1.160, -3.558e-6
-1.159, -3.609e-6
-1.158, -3.930e-6
-1.157, -4.047e-6
-1.156, -3.973e-6
-1.155, -3.876e-6
-1.154, -3.825e-6
-1.153, -4.194e-6
-1.152, -4.277e-6
-1.151, -4.230e-6
-1.150, -4.137e-6
-1.149, -4.044e-6
-1.148, -4.348e-6
-1.147, -4.544e-6
-1.146, -4.481e-6
-1.145, -4.384e-6
-1.144, -4.260e-6
-1.143, -4.612e-6
-1.142, -4.765e-6
-1.141, -4.647e-6
-1.140, -4.551e-6
-1.139, -4.549e-6
-1.138, -4.812e-6
-1.137, -4.980e-6
-1.136, -4.908e-6
-1.135, -4.717e-6
-1.134, -4.761e-6
-1.133, -4.976e-6
-1.132, -5.149e-6
-1.131, -5.193e-6
-1.130, -4.959e-6
-1.129, -4.972e-6
-1.128, -5.197e-6
-1.127, -5.372e-6
-1.126, -5.372e-6
-1.125, -5.191e-6
-1.124, -5.087e-6
-1.123, -5.518e-6
-1.122, -5.605e-6
-1.121, -5.550e-6
-1.120, -5.387e-6
-1.119, -5.349e-6
-1.118, -5.744e-6
-1.117, -5.797e-6
-1.116, -5.742e-6
-1.115, -5.656e-6
-1.114, -5.552e-6
-1.113, -5.870e-6
-1.112, -5.966e-6
-1.111, -5.855e-6
-1.110, -5.825e-6
-1.109, -5.725e-6
-1.108, -5.988e-6
-1.107, -6.280e-6
-1.106, -6.132e-6
-1.105, -6.004e-6
-1.104, -5.959e-6
-1.103, -6.211e-6
-1.102, -6.457e-6
-1.101, -6.349e-6
-1.100, -6.230e-6
-1.099, -6.237e-6
-1.098, -6.512e-6
-1.097, -6.705e-6
-1.096, -6.593e-6
-1.095, -6.491e-6
-1.094, -6.456e-6
-1.093, -6.724e-6
-1.092, -6.907e-6
-1.091, -6.918e-6
-1.090, -6.759e-6
-1.089, -6.706e-6
-1.088, -6.916e-6
-1.087, -7.223e-6
-1.086, -7.224e-6
-1.085, -6.958e-6
-1.084, -6.897e-6
-1.083, -7.262e-6
-1.082, -7.466e-6
-1.081, -7.425e-6
-1.080, -7.313e-6
-1.079, -7.185e-6
-1.078, -7.604e-6
-1.077, -7.734e-6
-1.076, -7.752e-6
-1.075, -7.661e-6
-1.074, -7.531e-6
-1.073, -7.866e-6
-1.072, -7.989e-6
-1.071, -8.018e-6
-1.070, -7.919e-6
-1.069, -7.823e-6
-1.068, -8.094e-6
-1.067, -8.397e-6
-1.066, -8.272e-6
-1.065, -8.217e-6
-1.064, -8.125e-6
-1.063, -8.447e-6
-1.062, -8.704e-6
-1.061, -8.607e-6
-1.060, -8.533e-6
-1.059, -8.527e-6
-1.058, -8.735e-6
-1.057, -8.996e-6
-1.056, -8.961e-6
-1.055, -8.862e-6
-1.054, -8.839e-6
-1.053, -9.022e-6
-1.052, -9.313e-6
-1.051, -9.355e-6
-1.050, -9.180e-6
-1.049, -9.140e-6
-1.048, -9.383e-6
-1.047, -9.620e-6
-1.046, -9.760e-6
-1.045, -9.505e-6
-1.044, -9.410e-6
-1.043, -9.786e-6
-1.042, -1.003e-5
-1.041, -1.009e-5
-1.040, -9.880e-6
-1.039, -9.773e-6
-1.038, -1.016e-5
-1.037, -1.043e-5
-1.036, -1.037e-5
-1.035, -1.031e-5
-1.034, -1.016e-5
-1.033, -1.056e-5
-1.032, -1.073e-5
-1.031, -1.079e-5
-1.030, -1.067e-5
-1.029, -1.058e-5
-1.028, -1.086e-5
-1.027, -1.128e-5
-1.026, -1.121e-5
-1.025, -1.106e-5
-1.024, -1.104e-5
-1.023, -1.127e-5
-1.022, -1.170e-5
-1.021, -1.162e-5
-1.020, -1.145e-5
-1.019, -1.150e-5
-1.018, -1.172e-5
-1.017, -1.220e-5
-1.016, -1.207e-5
-1.015, -1.190e-5
-1.014, -1.191e-5
-1.013, -1.217e-5
-1.012, -1.249e-5
-1.011, -1.260e-5
-1.010, -1.242e-5
-1.009, -1.239e-5
-1.008, -1.272e-5
-1.007, -1.300e-5
-1.006, -1.307e-5
-1.005, -1.294e-5
-1.004, -1.285e-5
-1.003, -1.323e-5
-1.002, -1.352e-5
-1.001, -1.360e-5
-1.000, -1.674e-6
-1.001, 1.193e-6
-1.002, 1.839e-6
-1.003, 2.131e-6
-1.004, 2.621e-6
-1.005, 3.283e-6
-1.006, 3.728e-6
-1.007, 3.909e-6
-1.008, 3.874e-6
-1.009, 4.173e-6
-1.010, 4.703e-6
-1.011, 5.059e-6
-1.012, 5.044e-6
-1.013, 4.988e-6
-1.014, 5.188e-6
-1.015, 5.579e-6
-1.016, 5.841e-6
-1.017, 5.784e-6
-1.018, 5.735e-6
-1.019, 5.843e-6
-1.020, 6.181e-6
-1.021, 6.516e-6
-1.022, 6.389e-6
-1.023, 6.262e-6
-1.024, 6.436e-6
-1.025, 6.731e-6
-1.026, 6.997e-6
-1.027, 6.841e-6
-1.028, 6.736e-6
-1.029, 6.887e-6
-1.030, 7.093e-6
-1.031, 7.438e-6
-1.032, 7.207e-6
-1.033, 7.043e-6
-1.034, 7.251e-6
-1.035, 7.476e-6
-1.036, 7.662e-6
-1.037, 7.638e-6
-1.038, 7.370e-6
-1.039, 7.548e-6
-1.040, 7.783e-6
-1.041, 8.010e-6
-1.042, 7.936e-6
-1.043, 7.641e-6
-1.044, 7.782e-6
-1.045, 8.048e-6
-1.046, 8.200e-6
-1.047, 8.183e-6
-1.048, 7.878e-6
-1.049, 8.034e-6
-1.050, 8.328e-6
-1.051, 8.456e-6
-1.052, 8.382e-6
-1.053, 8.120e-6
-1.054, 8.261e-6
-1.055, 8.556e-6
-1.056, 8.683e-6
-1.057, 8.566e-6
-1.058, 8.427e-6
-1.059, 8.445e-6
-1.060, 8.697e-6
-1.061, 8.934e-6
-1.062, 8.775e-6
-1.063, 8.578e-6
-1.064, 8.661e-6
-1.065, 8.893e-6
-1.066, 9.125e-6
-1.067, 8.936e-6
-1.068, 8.734e-6
-1.069, 8.883e-6
-1.070, 9.056e-6
-1.071, 9.320e-6
-1.072, 9.096e-6
-1.073, 8.937e-6
-1.074, 9.030e-6
-1.075, 9.258e-6
-1.076, 9.428e-6
-1.077, 9.357e-6
-1.078, 9.086e-6
-1.079, 9.237e-6
-1.080, 9.394e-6
-1.081, 9.592e-6
-1.082, 9.502e-6
-1.083, 9.274e-6
-1.084, 9.329e-6
-1.085, 9.600e-6
-1.086, 9.734e-6
-1.087, 9.688e-6
-1.088, 9.390e-6
-1.089, 9.530e-6
-1.090, 9.798e-6
-1.091, 9.877e-6
-1.092, 9.787e-6
-1.093, 9.613e-6
-1.094, 9.683e-6
-1.095, 9.878e-6
-1.096, 1.005e-5
-1.097, 9.971e-6
-1.098, 9.739e-6
-1.099, 9.806e-6
-1.100, 1.003e-5
-1.101, 1.023e-5
-1.102, 1.007e-5
-1.103, 9.926e-6
-1.104, 9.984e-6
-1.105, 1.017e-5
-1.106, 1.042e-5
-1.107, 1.025e-5
-1.108, 1.004e-5
-1.109, 1.014e-5
-1.110, 1.032e-5
-1.111, 1.057e-5
-1.112, 1.038e-5
-1.113, 1.016e-5
-1.114, 1.030e-5
-1.115, 1.046e-5
-1.116, 1.059e-5
-1.117, 1.055e-5
-1.118, 1.036e-5
-1.119, 1.044e-5
-1.120, 1.057e-5
-1.121, 1.076e-5
-1.122, 1.065e-5
-1.123, 1.044e-5
-1.124, 1.049e-5
-1.125, 1.075e-5
-1.126, 1.086e-5
-1.127, 1.085e-5
-1.128, 1.050e-5
-1.129, 1.057e-5
-1.130, 1.089e-5
-1.131, 1.099e-5
-1.132, 1.090e-5
-1.133, 1.068e-5
-1.134, 1.075e-5
-1.135, 1.098e-5
-1.136, 1.105e-5
-1.137, 1.096e-5
-1.138, 1.077e-5
-1.139, 1.082e-5
-1.140, 1.105e-5
-1.141, 1.123e-5
-1.142, 1.110e-5
-1.143, 1.090e-5
-1.144, 1.092e-5
-1.145, 1.117e-5
-1.146, 1.135e-5
-1.147, 1.121e-5
-1.148, 1.102e-5
-1.149, 1.107e-5
-1.150, 1.126e-5
-1.151, 1.149e-5
-1.152, 1.130e-5
-1.153, 1.119e-5
-1.154, 1.124e-5
-1.155, 1.135e-5
-1.156, 1.153e-5
-1.157, 1.149e-5
-1.158, 1.124e-5
-1.159, 1.135e-5
-1.160, 1.150e-5
-1.161, 1.159e-5
-1.162, 1.163e-5
-1.163, 1.135e-5
-1.164, 1.139e-5
-1.165, 1.164e-5
-1.166, 1.176e-5
-1.167, 1.174e-5
-1.168, 1.147e-5
-1.169, 1.152e-5
-1.170, 1.178e-5
-1.171, 1.191e-5
-1.172, 1.180e-5
-1.173, 1.162e-5
-1.174, 1.163e-5
-1.175, 1.192e-5
-1.176, 1.204e-5
-1.177, 1.195e-5
-1.178, 1.182e-5
-1.179, 1.179e-5
-1.180, 1.200e-5
-1.181, 1.217e-5
-1.182, 1.205e-5
-1.183, 1.196e-5
-1.184, 1.196e-5
-1.185, 1.213e-5
-1.186, 1.236e-5
-1.187, 1.222e-5
-1.188, 1.206e-5
-1.189, 1.210e-5
-1.190, 1.231e-5
-1.191, 1.253e-5
-1.192, 1.242e-5
-1.193, 1.233e-5
-1.194, 1.239e-5
-1.195, 1.254e-5
-1.196, 1.267e-5
-1.197, 1.262e-5
-1.198, 1.249e-5
-1.199, 1.255e-5
-1.200, 1.276e-5
-1.201, 1.291e-5
-1.202, 1.288e-5
-1.203, 1.266e-5
-1.204, 1.277e-5
-1.205, 1.302e-5
-1.206, 1.321e-5
-1.207, 1.313e-5
-1.208, 1.294e-5
-1.209, 1.298e-5
-1.210, 1.333e-5
-1.211, 1.340e-5
-1.212, 1.340e-5
-1.213, 1.330e-5
-1.214, 1.333e-5
-1.215, 1.359e-5
-1.216, 1.370e-5
-1.217, 1.372e-5
-1.218, 1.363e-5
-1.219, 1.365e-5
-1.220, 1.395e-5
-1.221, 1.415e-5
-1.222, 1.410e-5
-1.223, 1.409e-5
-1.224, 1.411e-5
-1.225, 1.440e-5
-1.226, 1.466e-5
-1.227, 1.461e-5
-1.228, 1.467e-5
-1.229, 1.469e-5
-1.230, 1.498e-5
-1.231, 1.522e-5
-1.232, 1.522e-5
-1.233, 1.518e-5
-1.234, 1.534e-5
-1.235, 1.566e-5
-1.236, 1.590e-5
-1.237, 1.596e-5
-1.238, 1.595e-5
-1.239, 1.612e-5
-1.240, 1.640e-5
-1.241, 1.673e-5
-1.242, 1.681e-5
-1.243, 1.684e-5
-1.244, 1.703e-5
-1.245, 1.746e-5
-1.246, 1.773e-5
-1.247, 1.790e-5
-1.248, 1.798e-5
-1.249, 1.813e-5
-1.250, 1.868e-5
-1.251, 1.900e-5
-1.252, 1.923e-5
-1.253, 1.940e-5
-1.254, 1.960e-5
-1.255, 2.020e-5
-1.256, 2.062e-5
-1.257, 2.083e-5
-1.258, 2.111e-5
-1.259, 2.143e-5
-1.260, 2.202e-5
-1.261, 2.252e-5
-1.262, 2.286e-5
-1.263, 2.315e-5
-1.264, 2.364e-5
-1.265, 2.426e-5
-1.266, 2.490e-5
-1.267, 2.532e-5
-1.268, 2.576e-5
-1.269, 2.633e-5
-1.270, 2.706e-5
-1.271, 2.786e-5
-1.272, 2.842e-5
-1.273, 2.900e-5
-1.274, 2.967e-5
-1.275, 3.058e-5
-1.276, 3.153e-5
-1.277, 3.234e-5
-1.278, 3.309e-5
-1.279, 3.402e-5
-1.280, 3.517e-5
-1.281, 3.628e-5
-1.282, 3.733e-5
-1.283, 3.826e-5
-1.284, 3.952e-5
-1.285, 4.093e-5
-1.286, 4.229e-5
-1.287, 4.369e-5
-1.288, 4.491e-5
-1.289, 4.646e-5
-1.290, 4.821e-5
-1.291, 4.989e-5
-1.292, 5.160e-5
-1.293, 5.333e-5
-1.294, 5.513e-5
-1.295, 5.733e-5
-1.296, 5.944e-5
-1.297, 6.158e-5
-1.298, 6.371e-5
-1.299, 6.608e-5
-1.300, 6.872e-5
-1.301, 7.149e-5
-1.302, 7.412e-5
-1.303, 7.686e-5
-1.304, 7.985e-5
-1.305, 8.312e-5
-1.306, 8.665e-5
-1.307, 9.004e-5
-1.308, 9.356e-5
-1.309, 9.737e-5
-1.310, 1.015e-4
-1.311, 1.058e-4
-1.312, 1.102e-4
-1.313, 1.146e-4
-1.314, 1.192e-4
-1.315, 1.243e-4
-1.316, 1.297e-4
-1.317, 1.351e-4
-1.318, 1.406e-4
-1.319, 1.466e-4
-1.320, 1.528e-4
-1.321, 1.594e-4
-1.322, 1.662e-4
-1.323, 1.733e-4
-1.324, 1.807e-4
-1.325, 1.884e-4
-1.326, 1.966e-4
-1.327, 2.050e-4
-1.328, 2.133e-4
-1.329, 2.221e-4
-1.330, 2.317e-4
-1.331, 2.415e-4
-1.332, 2.516e-4
-1.333, 2.621e-4
-1.334, 2.731e-4
-1.335, 2.845e-4
-1.336, 2.966e-4
-1.337, 3.090e-4
-1.338, 3.214e-4
-1.339, 3.346e-4
-1.340, 3.485e-4
-1.341, 3.629e-4
-1.342, 3.777e-4
-1.343, 3.926e-4
-1.344, 4.079e-4
-1.345, 4.240e-4
-1.346, 4.412e-4
-1.347, 4.585e-4
-1.348, 4.760e-4
-1.349, 4.944e-4
-1.350, 5.132e-4
-1.351, 5.329e-4
-1.352, 5.531e-4
-1.353, 5.738e-4
-1.354, 5.954e-4
-1.355, 6.178e-4
-1.356, 6.413e-4
-1.357, 6.650e-4
-1.358, 6.891e-4
-1.359, 7.141e-4
-1.360, 7.388e-4
-1.361, 7.646e-4
-1.362, 7.917e-4
-1.363, 8.201e-4
-1.364, 8.476e-4
-1.365, 8.761e-4
-1.366, 9.047e-4
-1.367, 9.345e-4
-1.368, 9.658e-4
-1.369, 9.974e-4
-1.370, 1.029e-3
-1.371, 1.063e-3
-1.372, 1.097e-3
-1.373, 1.130e-3
-1.374, 1.163e-3
-1.375, 1.195e-3
-1.376, 1.230e-3
-1.377, 1.267e-3
-1.378, 1.303e-3
-1.379, 1.341e-3
-1.380, 1.379e-3
-1.381, 1.418e-3
-1.382, 1.459e-3
-1.383, 1.499e-3
-1.384, 1.539e-3
-1.385, 1.581e-3
-1.386, 1.624e-3
-1.387, 1.667e-3
-1.388, 1.711e-3
-1.389, 1.754e-3
-1.390, 1.799e-3
-1.391, 1.847e-3
-1.392, 1.895e-3
-1.393, 1.942e-3
-1.394, 1.989e-3
-1.395, 2.036e-3
-1.396, 2.083e-3
-1.397, 2.130e-3
-1.398, 2.178e-3
-1.399, 2.227e-3
-1.400, 2.278e-3
-1.401, 2.331e-3
-1.402, 2.385e-3
-1.403, 2.438e-3
-1.404, 2.489e-3
-1.405, 2.536e-3
-1.406, 2.587e-3
-1.407, 2.642e-3
-1.408, 2.696e-3
-1.409, 2.751e-3
-1.410, 2.807e-3
-1.411, 2.857e-3
-1.412, 2.916e-3
-1.413, 2.976e-3
-1.414, 3.034e-3
-1.415, 3.094e-3
-1.416, 3.161e-3
-1.417, 3.229e-3
-1.418, 3.297e-3
-1.419, 3.349e-3
-1.420, 3.401e-3
-1.421, 3.457e-3
-1.422, 3.514e-3
-1.423, 3.575e-3
-1.424, 3.636e-3
-1.425, 3.701e-3
-1.426, 3.766e-3
-1.427, 3.821e-3
-1.428, 3.887e-3
-1.429, 3.950e-3
-1.430, 4.007e-3
-1.431, 4.067e-3
-1.432, 4.128e-3
-1.433, 4.186e-3
-1.434, 4.241e-3
-1.435, 4.300e-3
-1.436, 4.367e-3
-1.437, 4.441e-3
-1.438, 4.518e-3
-1.439, 4.581e-3
-1.440, 4.654e-3
-1.441, 4.718e-3
-1.442, 4.778e-3
-1.443, 4.848e-3
-1.444, 4.923e-3
-1.445, 5.016e-3
-1.446, 5.098e-3
-1.447, 5.180e-3
-1.448, 5.243e-3
-1.449, 5.307e-3
-1.450, 5.369e-3
-1.451, 5.469e-3
-1.452, 5.536e-3
-1.453, 5.592e-3
-1.454, 5.665e-3
-1.455, 5.742e-3
-1.456, 5.811e-3
-1.457, 5.887e-3
-1.458, 5.964e-3
-1.459, 6.046e-3
-1.460, 6.115e-3
-1.461, 6.180e-3
-1.462, 6.254e-3
-1.463, 6.350e-3
-1.464, 6.435e-3
-1.465, 6.514e-3
-1.466, 6.592e-3
-1.467, 6.663e-3
-1.468, 6.719e-3
-1.469, 6.797e-3
-1.470, 6.878e-3
-1.471, 6.954e-3
-1.472, 7.057e-3
-1.473, 7.122e-3
-1.474, 7.192e-3
-1.475, 7.292e-3
-1.476, 7.353e-3
-1.477, 7.441e-3
-1.478, 7.525e-3
-1.479, 7.606e-3
-1.480, 7.679e-3
-1.481, 7.754e-3
-1.482, 7.826e-3
-1.483, 7.949e-3
-1.484, 7.997e-3
-1.485, 8.060e-3
-1.486, 8.127e-3
-1.487, 8.213e-3
-1.488, 8.270e-3
-1.489, 8.352e-3
-1.490, 8.434e-3
-1.491, 8.546e-3
-1.492, 8.613e-3
-1.493, 8.669e-3
-1.494, 8.778e-3
-1.495, 8.799e-3
-1.496, 8.913e-3
-1.497, 9.034e-3
-1.498, 9.085e-3
-1.499, 9.056e-3
-1.500, 9.052e-3
-1.499, 9.092e-3
-1.498, 8.990e-3
-1.497, 8.865e-3
-1.496, 8.736e-3
-1.495, 8.674e-3
-1.494, 8.570e-3
-1.493, 8.452e-3
-1.492, 8.373e-3
-1.491, 8.235e-3
-1.490, 8.151e-3
-1.489, 8.058e-3
-1.488, 7.955e-3
-1.487, 7.872e-3
-1.486, 7.770e-3
-1.485, 7.667e-3
-1.484, 7.561e-3
-1.483, 7.477e-3
-1.482, 7.421e-3
-1.481, 7.327e-3
-1.480, 7.222e-3
-1.479, 7.118e-3
-1.478, 7.017e-3
-1.477, 6.915e-3
-1.476, 6.807e-3
-1.475, 6.722e-3
-1.474, 6.629e-3
-1.473, 6.514e-3
-1.472, 6.436e-3
-1.471, 6.365e-3
-1.470, 6.275e-3
-1.469, 6.204e-3
-1.468, 6.143e-3
-1.467, 6.053e-3
-1.466, 5.960e-3
-1.465, 5.860e-3
-1.464, 5.751e-3
-1.463, 5.671e-3
-1.462, 5.583e-3
-1.461, 5.480e-3
-1.460, 5.379e-3
-1.459, 5.275e-3
-1.458, 5.189e-3
-1.457, 5.110e-3
-1.456, 5.038e-3
-1.455, 4.954e-3
-1.454, 4.874e-3
-1.453, 4.795e-3
-1.452, 4.704e-3
-1.451, 4.624e-3
-1.450, 4.537e-3
-1.449, 4.461e-3
-1.448, 4.373e-3
-1.447, 4.303e-3
-1.446, 4.231e-3
-1.445, 4.158e-3
-1.444, 4.105e-3
-1.443, 4.049e-3
-1.442, 3.964e-3
-1.441, 3.876e-3
-1.440, 3.782e-3
-1.439, 3.707e-3
-1.438, 3.638e-3
-1.437, 3.581e-3
-1.436, 3.517e-3
-1.435, 3.447e-3
-1.434, 3.377e-3
-1.433, 3.298e-3
-1.432, 3.230e-3
-1.431, 3.165e-3
-1.430, 3.099e-3
-1.429, 3.039e-3
-1.428, 2.979e-3
-1.427, 2.934e-3
-1.426, 2.882e-3
-1.425, 2.811e-3
-1.424, 2.757e-3
-1.423, 2.709e-3
-1.422, 2.653e-3
-1.421, 2.593e-3
-1.420, 2.530e-3
-1.419, 2.467e-3
-1.418, 2.413e-3
-1.417, 2.355e-3
-1.416, 2.295e-3
-1.415, 2.245e-3
-1.414, 2.198e-3
-1.413, 2.150e-3
-1.412, 2.099e-3
-1.411, 2.040e-3
-1.410, 1.988e-3
-1.409, 1.939e-3
-1.408, 1.891e-3
-1.407, 1.843e-3
-1.406, 1.795e-3
-1.405, 1.747e-3
-1.404, 1.698e-3
-1.403, 1.653e-3
-1.402, 1.608e-3
-1.401, 1.565e-3
-1.400, 1.517e-3
-1.399, 1.475e-3
-1.398, 1.438e-3
-1.397, 1.400e-3
-1.396, 1.360e-3
-1.395, 1.317e-3
-1.394, 1.276e-3
-1.393, 1.236e-3
-1.392, 1.200e-3
-1.391, 1.166e-3
-1.390, 1.132e-3
-1.389, 1.097e-3
-1.388, 1.065e-3
-1.387, 1.034e-3
-1.386, 1.002e-3
-1.385, 9.712e-4
-1.384, 9.434e-4
-1.383, 9.140e-4
-1.382, 8.842e-4
-1.381, 8.552e-4
-1.380, 8.273e-4
-1.379, 8.013e-4
-1.378, 7.758e-4
-1.377, 7.520e-4
-1.376, 7.283e-4
-1.375, 7.056e-4
-1.374, 6.833e-4
-1.373, 6.625e-4
-1.372, 6.407e-4
-1.371, 6.178e-4
-1.370, 5.977e-4
-1.369, 5.779e-4
-1.368, 5.592e-4
-1.367, 5.410e-4
-1.366, 5.237e-4
-1.365, 5.068e-4
-1.364, 4.903e-4
-1.363, 4.740e-4
-1.362, 4.572e-4
-1.361, 4.404e-4
-1.360, 4.255e-4
-1.359, 4.109e-4
-1.358, 3.966e-4
-1.357, 3.837e-4
-1.356, 3.706e-4
-1.355, 3.576e-4
-1.354, 3.452e-4
-1.353, 3.337e-4
-1.352, 3.219e-4
-1.351, 3.105e-4
-1.350, 2.994e-4
-1.349, 2.891e-4
-1.348, 2.791e-4
-1.347, 2.695e-4
-1.346, 2.599e-4
-1.345, 2.508e-4
-1.344, 2.421e-4
-1.343, 2.336e-4
-1.342, 2.252e-4
-1.341, 2.169e-4
-1.340, 2.093e-4
-1.339, 2.018e-4
-1.338, 1.949e-4
-1.337, 1.878e-4
-1.336, 1.809e-4
-1.335, 1.744e-4
-1.334, 1.682e-4
-1.333, 1.623e-4
-1.332, 1.563e-4
-1.331, 1.505e-4
-1.330, 1.450e-4
-1.329, 1.398e-4
-1.328, 1.348e-4
-1.327, 1.298e-4
-1.326, 1.251e-4
-1.325, 1.208e-4
-1.324, 1.165e-4
-1.323, 1.125e-4
-1.322, 1.084e-4
-1.321, 1.044e-4
-1.320, 1.007e-4
-1.319, 9.715e-5
-1.318, 9.370e-5
-1.317, 9.030e-5
-1.316, 8.695e-5
-1.315, 8.384e-5
-1.314, 8.095e-5
-1.313, 7.809e-5
-1.312, 7.524e-5
-1.311, 7.240e-5
-1.310, 6.975e-5
-1.309, 6.742e-5
-1.308, 6.512e-5
-1.307, 6.265e-5
-1.306, 6.025e-5
-1.305, 5.818e-5
-1.304, 5.619e-5
-1.303, 5.425e-5
-1.302, 5.219e-5
-1.301, 5.020e-5
-1.300, 4.844e-5
-1.299, 4.677e-5
-1.298, 4.521e-5
-1.297, 4.351e-5
-1.296, 4.180e-5
-1.295, 4.034e-5
-1.294, 3.895e-5
-1.293, 3.770e-5
-1.292, 3.627e-5
-1.291, 3.480e-5
-1.290, 3.360e-5
-1.289, 3.248e-5
-1.288, 3.144e-5
-1.287, 3.022e-5
-1.286, 2.896e-5
-1.285, 2.797e-5
-1.284, 2.707e-5
-1.283, 2.617e-5
-1.282, 2.516e-5
-1.281, 2.404e-5
-1.280, 2.323e-5
-1.279, 2.249e-5
-1.278, 2.181e-5
-1.277, 2.091e-5
-1.276, 2.005e-5
-1.275, 1.931e-5
-1.274, 1.873e-5
-1.273, 1.817e-5
-1.272, 1.742e-5
-1.271, 1.662e-5
-1.270, 1.599e-5
-1.269, 1.553e-5
-1.268, 1.506e-5
-1.267, 1.433e-5
-1.266, 1.366e-5
-1.265, 1.321e-5
-1.264, 1.282e-5
-1.263, 1.248e-5
-1.262, 1.179e-5
-1.261, 1.129e-5
-1.260, 1.091e-5
-1.259, 1.050e-5
-1.258, 1.024e-5
-1.257, 9.715e-6
-1.256, 9.177e-6
-1.255, 8.897e-6
-1.254, 8.614e-6
-1.253, 8.405e-6
-1.252, 7.963e-6
-1.251, 7.401e-6
-1.250, 7.211e-6
-1.249, 7.004e-6
-1.248, 6.862e-6
-1.247, 6.397e-6
-1.246, 5.912e-6
-1.245, 5.760e-6
-1.244, 5.649e-6
-1.243, 5.408e-6
-1.242, 5.050e-6
-1.241, 4.668e-6
-1.240, 4.475e-6
-1.239, 4.415e-6
-1.238, 4.247e-6
-1.237, 3.951e-6
-1.236, 3.564e-6
-1.235, 3.354e-6
-1.234, 3.409e-6
-1.233, 3.240e-6
-1.232, 3.002e-6
-1.231, 2.635e-6
-1.230, 2.466e-6
-1.229, 2.423e-6
-1.228, 2.416e-6
-1.227, 2.112e-6
-1.226, 1.812e-6
-1.225, 1.712e-6
-1.224, 1.796e-6
-1.223, 1.694e-6
-1.222, 1.424e-6
-1.221, 1.171e-6
-1.220, 1.051e-6
-1.219, 1.073e-6
-1.218, 1.080e-6
-1.217, 7.881e-7
-1.216, 5.572e-7
-1.215, 4.773e-7
-1.214, 4.605e-7
-1.213, 5.207e-7
-1.212, 2.800e-7
-1.211, -1.006e-8
-1.210, -6.531e-8
-1.209, -1.006e-8
-1.208, -2.980e-8
-1.207, -2.735e-7
-1.206, -5.320e-7
-1.205, -5.093e-7
-1.204, -4.550e-7
-1.203, -5.399e-7
-1.202, -6.967e-7
-1.201, -9.641e-7
-1.200, -1.028e-6
-1.199, -8.842e-7
-1.198, -8.970e-7
-1.197, -1.027e-6
-1.196, -1.268e-6
-1.195, -1.325e-6
-1.194, -1.150e-6
-1.193, -1.133e-6
-1.192, -1.280e-6
-1.191, -1.492e-6
-1.190, -1.623e-6
-1.189, -1.458e-6
-1.188, -1.451e-6
-1.187, -1.641e-6
-1.186, -1.838e-6
-1.185, -1.991e-6
-1.184, -1.841e-6
-1.183, -1.735e-6
-1.182, -2.008e-6
-1.181, -2.169e-6
-1.180, -2.239e-6
-1.179, -2.209e-6
-1.178, -2.147e-6
-1.177, -2.296e-6
-1.176, -2.535e-6
-1.175, -2.581e-6
-1.174, -2.502e-6
-1.173, -2.403e-6
-1.172, -2.461e-6
-1.171, -2.860e-6
-1.170, -2.868e-6
-1.169, -2.749e-6
-1.168, -2.543e-6
-1.167, -2.764e-6
-1.166, -3.090e-6
-1.165, -3.146e-6
-1.164, -2.914e-6
-1.163, -2.925e-6
-1.162, -3.040e-6
-1.161, -3.331e-6
-1.160, -3.347e-6
-1.159, -3.233e-6
-1.158, -3.169e-6
-1.157, -3.257e-6
-1.156, -3.530e-6
-1.155, -3.682e-6
-1.154, -3.423e-6
-1.153, -3.402e-6
-1.152, -3.492e-6
-1.151, -3.784e-6
-1.150, -3.913e-6
-1.149, -3.623e-6
-1.148, -3.511e-6
-1.147, -3.766e-6
-1.146, -3.989e-6
-1.145, -4.079e-6
-1.144, -3.874e-6
-1.143, -3.770e-6
-1.142, -4.005e-6
-1.141, -4.175e-6
-1.140, -4.231e-6
-1.139, -4.158e-6
-1.138, -4.039e-6
-1.137, -4.206e-6
-1.136, -4.424e-6
-1.135, -4.497e-6
-1.134, -4.380e-6
-1.133, -4.207e-6
-1.132, -4.379e-6
-1.131, -4.634e-6
-1.130, -4.694e-6
-1.129, -4.567e-6
-1.128, -4.393e-6
-1.127, -4.576e-6
-1.126, -4.860e-6
-1.125, -4.929e-6
-1.124, -4.730e-6
-1.123, -4.697e-6
-1.122, -4.756e-6
-1.121, -5.096e-6
-1.120, -5.103e-6
-1.119, -4.947e-6
-1.118, -4.932e-6
-1.117, -4.950e-6
-1.116, -5.279e-6
-1.115, -5.351e-6
-1.114, -5.181e-6
-1.113, -5.063e-6
-1.112, -5.264e-6
-1.111, -5.437e-6
-1.110, -5.580e-6
-1.109, -5.395e-6
-1.108, -5.277e-6
-1.107, -5.459e-6
-1.106, -5.716e-6
-1.105, -5.826e-6
-1.104, -5.631e-6
-1.103, -5.528e-6
-1.102, -5.710e-6
-1.101, -5.915e-6
-1.100, -6.026e-6
-1.099, -5.855e-6
-1.098, -5.777e-6
-1.097, -5.886e-6
-1.096, -6.148e-6
-1.095, -6.197e-6
-1.094, -6.154e-6
-1.093, -5.978e-6
-1.092, -6.120e-6
-1.091, -6.418e-6
-1.090, -6.479e-6
-1.089, -6.354e-6
-1.088, -6.234e-6
-1.087, -6.350e-6
-1.086, -6.670e-6
-1.085, -6.717e-6
-1.084, -6.602e-6
-1.083, -6.565e-6
-1.082, -6.579e-6
-1.081, -7.005e-6
-1.080, -6.952e-6
-1.079, -6.909e-6
-1.078, -6.783e-6
-1.077, -6.855e-6
-1.076, -7.153e-6
-1.075, -7.360e-6
-1.074, -7.137e-6
-1.073, -7.054e-6
-1.072, -7.117e-6
-1.071, -7.410e-6
-1.070, -7.589e-6
-1.069, -7.415e-6
-1.068, -7.308e-6
-1.067, -7.412e-6
-1.066, -7.663e-6
-1.065, -7.865e-6
-1.064, -7.669e-6
-1.063, -7.555e-6
-1.062, -7.705e-6
-1.061, -7.923e-6
-1.060, -8.114e-6
-1.059, -8.042e-6
-1.058, -7.892e-6
-1.057, -7.949e-6
-1.056, -8.279e-6
-1.055, -8.413e-6
-1.054, -8.310e-6
-1.053, -8.168e-6
-1.052, -8.294e-6
-1.051, -8.668e-6
-1.050, -8.757e-6
-1.049, -8.686e-6
-1.048, -8.512e-6
-1.047, -8.646e-6
-1.046, -9.011e-6
-1.045, -9.083e-6
-1.044, -8.971e-6
-1.043, -8.896e-6
-1.042, -8.946e-6
-1.041, -9.378e-6
-1.040, -9.401e-6
-1.039, -9.301e-6
-1.038, -9.241e-6
-1.037, -9.351e-6
-1.036, -9.656e-6
-1.035, -9.864e-6
-1.034, -9.728e-6
-1.033, -9.595e-6
-1.032, -9.703e-6
-1.031, -1.000e-5
-1.030, -1.026e-5
-1.029, -1.004e-5
-1.028, -9.907e-6
-1.027, -1.018e-5
-1.026, -1.043e-5
-1.025, -1.057e-5
-1.024, -1.055e-5
-1.023, -1.031e-5
-1.022, -1.063e-5
-1.021, -1.088e-5
-1.020, -1.098e-5
-1.019, -1.103e-5
-1.018, -1.081e-5
-1.017, -1.103e-5
-1.016, -1.134e-5
-1.015, -1.149e-5
-1.014, -1.147e-5
-1.013, -1.121e-5
-1.012, -1.141e-5
-1.011, -1.182e-5
-1.010, -1.198e-5
-1.009, -1.194e-5
-1.008, -1.172e-5
-1.007, -1.197e-5
-1.006, -1.230e-5
-1.005, -1.254e-5
-1.004, -1.243e-5
-1.003, -1.235e-5
-1.002, -1.239e-5
-1.001, -1.287e-5
