Potential V vs RHE, Current mA cm-2
0.013299999999999867,-0.4747771122347063
0.012299999999999978,-2.362567870774611
0.011299999999999866,-4.126712861706312
0.010299999999999976,-5.197649315704145
0.009299999999999864,-6.206338472507916
0.008299999999999974,-7.451284416389148
0.007299999999999862,-8.213813807016404
0.006299999999999972,-8.686327381171324
0.00529999999999986,-9.515348202892236
0.0042999999999999705,-10.154797710431232
0.0032999999999998586,-10.324563066415037
0.0022999999999999687,-10.809809042268745
0.0012999999999998568,-11.411061344711387
0.00029999999999996696,-11.483211621004504
-0.000700000000000145,-11.636000441389927
-0.0017000000000000348,-12.155199488440394
-0.0027000000000001467,-12.266961681129732
-0.0037000000000000366,-12.197640827436347
-0.0047000000000001485,-12.554148075002335
-0.005700000000000038,-12.773428326481417
-0.00670000000000015,-12.60649239309734
-0.00770000000000004,-12.776257749081147
-0.008700000000000152,-13.1058854819497
-0.009700000000000042,-12.967243774562927
-0.010700000000000154,-12.941778971165355
-0.011700000000000044,-13.267162570134314
-0.012700000000000156,-13.211988829439576
-0.013700000000000045,-13.026661649157258
-0.014700000000000157,-13.31101862043013
-0.015700000000000047,-13.446830905217174
-0.01670000000000016,-13.193597582541333
-0.01770000000000005,-13.308189197830401
-0.01870000000000016,-13.571325499605297
-0.01970000000000005,-13.361948227225271
-0.020700000000000163,-13.27706554923337
-0.021700000000000053,-13.560007809206377
-0.022700000000000164,-13.470880997314879
-0.023700000000000054,-13.224721231138362
-0.024700000000000166,-13.480783976413935
-0.025700000000000056,-13.589716746503543
-0.026700000000000168,-13.298286218731345
-0.027700000000000058,-13.387413030622842
-0.02870000000000017,-13.622255106400438
-0.02970000000000006,-13.376095340223923
-0.03070000000000017,-13.281309683132966
-0.03170000000000006,-13.579813767404486
-0.03270000000000017,-13.503419357211776
-0.03370000000000006,-13.258674302335123
-0.034700000000000175,-13.456733884316229
-0.035700000000000065,-13.54161656230813
-0.03670000000000018,-13.254430168435528
-0.03770000000000007,-13.350630536826351
-0.03870000000000018,-13.603863859502193
-0.03970000000000007,-13.378924762823651
-0.04070000000000018,-13.278480260533234
-0.04170000000000007,-13.533128294508941
-0.04270000000000018,-13.434098503518388
-0.04370000000000007,-13.24028305543688
-0.044700000000000184,-13.489272244213126
-0.045700000000000074,-13.561422520506243
-0.046700000000000186,-13.27706554923337
-0.047700000000000076,-13.33931284642743
-0.04870000000000019,-13.562837231806107
-0.04970000000000008,-13.335068712527836
-0.05070000000000019,-13.24028305543688
-0.05170000000000008,-13.530298871909212
-0.05270000000000019,-13.421366101819604
-0.05370000000000008,-13.197841716440928
-0.05470000000000019,-13.436927926118118
-0.05570000000000008,-13.511907625010965
-0.056700000000000195,-13.219062385938905
-0.057700000000000085,-13.32516573342878
-0.058700000000000196,-13.562837231806107
-0.059700000000000086,-13.320921599529186
-0.0607000000000002,-13.22896536503796
-0.06170000000000009,-13.535957717108671
-0.0627000000000002,-13.4539044617165
-0.06370000000000009,-13.220477097238767
-0.0647000000000002,-13.463807440815554
-0.06570000000000009,-13.558593097906511
-0.0667000000000002,-13.248771323236069
-0.0677000000000001,-13.32799515602851
-0.0687000000000002,-13.533128294508941
-0.0697000000000001,-13.288383239632289
-0.07070000000000021,-13.209159406839847
-0.0717000000000001,-13.492101666812855
-0.07270000000000021,-13.391657164522437
-0.0737000000000001,-13.148326820945652
-0.07470000000000021,-13.366192361124867
-0.0757000000000001,-13.456733884316229
-0.07670000000000021,-13.183694603442278
-0.0777000000000001,-13.284139105732693
-0.07870000000000021,-13.511907625010965
-0.0797000000000001,-13.262918436234719
-0.08070000000000022,-13.175206335643086
-0.0817000000000001,-13.46239272951569
-0.08270000000000022,-13.38175418542338
-0.08370000000000011,-13.17096220174349
-0.08470000000000022,-13.390242453222573
-0.08570000000000011,-13.459563306915959
-0.08670000000000022,-13.173791624343222
-0.08770000000000011,-13.295456796131614
-0.08870000000000022,-13.530298871909212
-0.08970000000000011,-13.28272439443283
-0.09070000000000022,-13.204915272940253
-0.09170000000000011,-13.50766349111137
-0.09270000000000023,-13.402974854921357
-0.09370000000000012,-13.173791624343222
-0.09470000000000023,-13.425610235719198
-0.09570000000000012,-13.497760512012315
-0.09670000000000023,-13.197841716440928
-0.09770000000000012,-13.298286218731345
-0.09870000000000023,-13.51615175891056
-0.09970000000000012,-13.26574785883445
-0.10070000000000023,-13.186524026042006
-0.10170000000000012,-13.497760512012315
-0.10270000000000024,-13.418536679219873
-0.10370000000000013,-13.163888645244166
-0.10470000000000024,-13.395901298422032
-0.10570000000000013,-13.472295708614745
-0.10670000000000024,-13.213403540739444
-0.10770000000000013,-13.356289382025812
-0.10870000000000024,-13.579813767404486
-0.10970000000000013,-13.29404208483175
-0.11070000000000024,-13.193597582541333
-0.11170000000000013,-13.46522215211542
-0.11270000000000002,-13.369021783724596
-0.11370000000000013,-13.182279892142413
-0.11470000000000002,-13.411463122720548
-0.11570000000000014,-13.46239272951569
-0.11670000000000003,-13.151156243545383
-0.11770000000000014,-13.253015457135664
-0.11870000000000003,-13.506248779811504
-0.11970000000000014,-13.281309683132966
-0.12070000000000003,-13.226135942438228
-0.12170000000000014,-13.50766349111137
-0.12270000000000003,-13.371851206324326
-0.12370000000000014,-13.180865180842547
-0.12470000000000003,-13.483613399013665
-0.12570000000000014,-13.595375591703002
-0.12670000000000003,-13.309603909130265
-0.12770000000000015,-13.419951390519737
-0.12870000000000004,-13.651964043697603
-0.12970000000000015,-13.412877834020414
-0.13070000000000004,-13.335068712527836
-0.13170000000000015,-13.6279139515999
-0.13270000000000004,-13.50766349111137
-0.13370000000000015,-13.299700930031209
-0.13470000000000004,-13.571325499605297
-0.13570000000000015,-13.637816930698953
-0.13670000000000004,-13.357704093325674
-0.13770000000000016,-13.4539044617165
-0.13870000000000005,-13.667525867996119
-0.13970000000000016,-13.432683792218524
-0.14070000000000005,-13.377510051523787
-0.14170000000000016,-13.668940579295983
-0.14270000000000005,-13.575569633504891
-0.14370000000000016,-13.378924762823651
-0.14470000000000005,-13.632158085499492
-0.14570000000000016,-13.674599424495446
-0.14670000000000005,-13.370436495024462
-0.14770000000000016,-13.534543005808807
-0.14870000000000005,-13.782117483285187
-0.14970000000000017,-13.51332233631083
-0.15070000000000006,-13.455319173016363
-0.15170000000000017,-13.779288060685458
-0.15270000000000006,-13.694405382693555
-0.15370000000000017,-13.494931089412585
-0.15470000000000006,-13.732602587789911
-0.15570000000000017,-13.803338152783162
-0.15670000000000006,-13.535957717108671
-0.15770000000000017,-13.702893650492745
-0.15870000000000006,-13.953297550568857
-0.15970000000000018,-13.69582009399342
-0.16070000000000007,-13.619425683800708
-0.16170000000000018,-13.923588613271692
-0.16270000000000007,-13.814655843182084
-0.16370000000000018,-13.634987508099224
-0.16470000000000007,-13.922173901971824
-0.16570000000000018,-13.994324178264941
-0.16670000000000007,-13.726943742590452
-0.16770000000000018,-13.857097182178034
-0.16870000000000007,-14.10325694835455
-0.16970000000000018,-13.867000161277092
-0.17070000000000007,-13.825973533581003
-0.17170000000000019,-14.140039442151041
-0.17270000000000008,-14.03818022856076
-0.1737000000000002,-13.847194203078978
-0.17470000000000008,-14.118818772653066
-0.1757000000000002,-14.189554337646317
-0.17670000000000008,-13.932076881070882
-0.1777000000000002,-14.089109835355902
-0.17870000000000008,-14.331025467632822
-0.1797000000000002,-14.104671659654418
-0.18070000000000008,-14.079206856256844
-0.1817000000000002,-14.387613919627421
-0.18270000000000008,-14.288584128636872
-0.1837000000000002,-14.090524546655764
-0.1847000000000001,-14.359319693630123
-0.1857000000000002,-14.458349484620674
-0.1867000000000001,-14.217848563643619
-0.1877000000000002,-14.401761032626075
-0.1887000000000001,-14.642261953603128
-0.1897000000000002,-14.401761032626075
-0.1907000000000001,-14.387613919627421
-0.1917000000000001,-14.71299751859638
-0.19269999999999998,-14.642261953603128
-0.1937000000000001,-14.472496597619326
-0.19469999999999998,-14.727144631595033
-0.1957000000000001,-14.797880196588284
-0.19669999999999999,-14.557379275611227
-0.1977000000000001,-14.769585970590983
-0.1987,-15.05252823056399
-0.1997000000000001,-14.812027309586934
-0.2007,-14.783733083589633
-0.2017000000000001,-15.123263795557243
-0.2027,-15.05252823056399
-0.2037000000000001,-14.911057100577487
-0.2047,-15.222293586547794
-0.2057000000000001,-15.307176264539699
-0.2067,-15.05252823056399
-0.2077000000000001,-15.236440699546446
-0.2087,-15.519382959519453
-0.2097000000000001,-15.335470490536997
-0.2107,-15.363764716534297
-0.2117000000000001,-15.717442541500558
-0.2127,-15.646706976507305
-0.2137000000000001,-15.505235846520803
-0.2147,-15.858913671487063
-0.2157000000000001,-16.04282614046952
-0.2167,-15.830619445489761
-0.21770000000000012,-16.04282614046952
-0.2187,-16.325768400442524
-0.21970000000000012,-16.15600304445872
-0.2207,-16.184297270456018
-0.22170000000000012,-16.55212220842093
-0.2227,-16.495533756426326
-0.22370000000000012,-16.368209739438473
-0.2247,-16.736034677403385
-0.22570000000000012,-16.891652920388537
-0.2267,-16.679446225408782
-0.22770000000000012,-16.90580003338719
-0.22870000000000001,-17.20288940635885
-0.22970000000000013,-17.061418276372343
-0.23070000000000002,-17.146300954364243
-0.23170000000000013,-17.542420118326454
-0.23270000000000002,-17.514125892329155
-0.23370000000000013,-17.40094898833995
-0.23470000000000002,-17.782921039303513
-0.23570000000000013,-17.952686395287316
-0.23670000000000002,-17.797068152302163
-0.2376999999999999,-18.05171618627787
-0.23870000000000002,-18.40539401124413
-0.2396999999999999,-18.292217107254928
-0.24070000000000003,-18.40539401124413
-0.24169999999999991,-18.858101627200938
-0.24270000000000003,-18.88639585319824
-0.24369999999999992,-18.858101627200938
-0.24470000000000003,-19.296662130159103
-0.24569999999999992,-19.523015938137508
-0.24670000000000003,-19.423986147146955
-0.24769999999999992,-19.73522263311726
-0.24870000000000003,-20.10304757108217
-0.24969999999999992,-19.98987066709297
-0.25070000000000003,-20.159636023076775
-0.2516999999999999,-20.668932091028186
-0.25270000000000004,-20.75381476902009
-0.2536999999999999,-20.75381476902009
-0.25470000000000004,-21.2065223849769
-0.2556999999999999,-21.447023305953955
-0.25670000000000004,-21.376287740960702
-0.25769999999999993,-21.758259791924264
-0.25870000000000004,-22.168526068885125
-0.25969999999999993,-22.182673181883775
-0.26070000000000004,-22.42317410286083
-0.26169999999999993,-22.932470170812245
-0.26270000000000004,-23.017352848804148
-0.26369999999999993,-23.017352848804148
-0.26470000000000005,-23.56909025575151
-0.26569999999999994,-23.951062306715073
-0.26670000000000005,-24.00765075870967
-0.26769999999999994,-24.417917035670534
-0.26870000000000005,-24.856477538628695
-0.26969999999999994,-24.856477538628695
-0.27070000000000005,-25.18186113759765
-0.27169999999999994,-25.81848122253692
-0.27270000000000005,-26.002393691519377
-0.27369999999999994,-26.11557059550858
-0.27470000000000006,-26.69560222845324
-0.27569999999999995,-27.091721392415455
-0.27670000000000006,-27.134162731411404
-0.27769999999999995,-27.64345879936282
-0.27870000000000006,-28.22349043230748
-0.27969999999999995,-28.32252022329803
-0.28070000000000006,-28.690345161262943
-0.28169999999999995,-29.38355369819681
-0.28270000000000006,-29.62405461917387
-0.28369999999999995,-29.836261314153624
-0.28470000000000006,-30.51532273808884
-0.28569999999999995,-30.982177467044306
-0.28670000000000007,-31.151942823028104
-0.28769999999999996,-31.74612156897142
-0.28870000000000007,-32.38274165391069
-0.28969999999999996,-32.49591855789989
-0.29070000000000007,-32.90618483486075
-0.29169999999999996,-33.712570275783825
-0.29270000000000007,-34.09454232674739
-0.29369999999999996,-34.39163169971904
-0.2947000000000001,-35.12728157564886
-0.29569999999999996,-35.679018982596226
-0.2967000000000001,-35.94781412957058
-0.29769999999999996,-36.6268755535058
-0.2987000000000001,-37.334231203438314
-0.29969999999999997,-37.60302635041268
-0.3007000000000001,-38.12646953136274
-0.30169999999999997,-38.97529631128177
-0.3027000000000001,-39.42800392723857
-0.30369999999999997,-39.85241731719808
-0.3047000000000001,-40.68709698411846
-0.30569999999999997,-41.281275730061765
-0.3067000000000001,-41.57836510303343
-0.3077,-42.34230920496055
-0.3087000000000001,-43.134547532884966
-0.3097,-43.50237247084988
-0.3107000000000001,-44.110698329791845
-0.3117,-45.05855490070142
-0.3127000000000001,-45.63858653364609
-0.3137,-46.119588375600195
-0.3147000000000001,-46.99670938151652
-0.3157,-47.74650637044499
-0.3167000000000001,-48.21336109940045
-0.3177,-49.090482105316774
-0.3187000000000001,-50.0807800152223
-0.3197,-50.56178185717641
-0.3207000000000001,-51.127666377122424
-0.3217,-52.047228722034696
-0.3227000000000001,-52.74043725896857
-0.3237,-53.476087134898386
-0.3247000000000001,-54.537120609797164
-0.3257,-55.28691759872564
-0.3267000000000001,-55.76791944067975
-0.3277,-56.72992312458797
-0.3287000000000001,-57.6919268084962
-0.3297,-58.21536998944626
-0.3307000000000001,-59.07834388236393
-0.3317,-60.28084848724921
-0.3327000000000001,-61.03064547617768
-0.3337,-61.6531184481183
-0.3347000000000001,-62.75659326201302
-0.3357,-63.69030271992394
-0.3367000000000001,-64.35521703086052
-0.3377,-65.4162505057593
-0.3387000000000001,-66.47728398065809
-0.3397,-67.08560983960004
-0.3407000000000001,-67.9485837325177
-0.3417,-69.0944998854084
-0.3427000000000001,-69.78770842234226
-0.3437,-70.46676984627747
-0.3447000000000001,-71.6268331121668
-0.3457,-72.61713102207234
-0.3467000000000001,-73.33863378500351
-0.3477,-74.44210859889823
-0.3487000000000001,-75.57387763879026
-0.3497,-76.32367462771872
-0.3507000000000001,-77.37056098961885
-0.3517,-78.64380115949739
-0.3527000000000001,-79.4643337134191
-0.3537,-80.28486626734085
-0.3547000000000001,-81.58640066321666
-0.3557,-82.6898754771114
-0.35670000000000013,-83.46796669203717
-0.3577,-84.64217707092514
-0.35870000000000013,-85.91541724080368
-0.3597,-86.72180268172674
-0.36070000000000013,-87.78283615662552
-0.3617,-89.11266477849867
-0.3626999999999999,-89.98978578441499
-0.3637,-90.79617122533804
-0.3646999999999999,-92.16844118620713
-0.3657,-93.42753424308701
-0.3666999999999999,-94.17733123201549
-0.3677,-95.29495315890887
-0.3686999999999999,-96.49745776379415
-0.36970000000000003,-97.37457876971048
-0.3706999999999999,-98.57708337459576
-0.37170000000000003,-100.21814848243919
-0.3726999999999999,-101.26503484433933
-0.37370000000000003,-102.28362698024215
-0.3746999999999999,-103.585161376118
-0.37570000000000003,-104.53301794702756
-0.3766999999999999,-105.38184472694657
-0.37770000000000004,-106.86729159180487
-0.3786999999999999,-108.36688556966182
-0.37970000000000004,-109.25815368857677
-0.3806999999999999,-110.3333342764742
-0.38170000000000004,-111.7338984633406
-0.38269999999999993,-112.75249059924342
-0.38370000000000004,-113.77108273514627
-0.38469999999999993,-115.29897093900047
-0.38570000000000004,-116.52976976988306
-0.38669999999999993,-115.59606031197214
-0.38570000000000004,-113.23349244119754
-0.38469999999999993,-111.25289662138647
-0.38370000000000004,-109.10253544559163
-0.38269999999999993,-107.41902899875224
-0.38170000000000004,-106.10334748987775
-0.3806999999999999,-104.4056939300397
-0.37970000000000004,-102.70804037020166
-0.3786999999999999,-101.51968287831504
-0.37770000000000004,-100.17570714344325
-0.3766999999999999,-98.63367182659036
-0.37570000000000003,-97.51604989969698
-0.3746999999999999,-96.3984279728036
-0.37370000000000003,-94.84224554295207
-0.3726999999999999,-93.52656403407757
-0.37170000000000003,-92.45138344618015
-0.3706999999999999,-91.02252503331646
-0.36970000000000003,-89.60781373345144
-0.3686999999999999,-88.63166293654454
-0.3677,-87.40086410566198
-0.3666999999999999,-85.84468167581042
-0.3657,-84.69876552291974
-0.3646999999999999,-83.72261472601286
-0.3637,-82.33619765214513
-0.3626999999999999,-81.1478401602585
-0.3617,-80.17168936335163
-0.36070000000000013,-78.7852722894839
-0.3597,-77.35641387662021
-0.35870000000000013,-76.40855730571064
-0.3577,-75.30508249181591
-0.35670000000000013,-74.0176952089387
-0.3557,-73.08398575102778
-0.3547000000000001,-72.23515897110877
-0.3537,-70.87703612323833
-0.3527000000000001,-69.6886786313517
-0.3517,-68.88229319042864
-0.3507000000000001,-67.53831745555684
-0.3497,-66.25093017267966
-0.3487000000000001,-65.4162505057593
-0.3477,-64.46839393484973
-0.3467000000000001,-63.181006651972545
-0.3457,-62.233150081062966
-0.3447000000000001,-61.28529351015339
-0.3437,-59.9696120012789
-0.3427000000000001,-58.97931409137338
-0.3417,-58.30025266743816
-0.3407000000000001,-57.21092496654208
-0.3397,-55.994273248658146
-0.3387000000000001,-55.17374069473642
-0.3377,-54.09856010683901
-0.3367000000000001,-52.81117282396182
-0.3357,-52.047228722034696
-0.3347000000000001,-51.21254905511432
-0.3337,-49.95345599823444
-0.3327000000000001,-48.93486386233162
-0.3317,-48.1992139864018
-0.3307000000000001,-47.095739172507066
-0.3297,-46.091294149602895
-0.3287000000000001,-45.44052695166498
-0.3277,-44.42193481576215
-0.3267000000000001,-43.23357732387552
-0.3257,-42.6111043519349
-0.3247000000000001,-41.97448426699564
-0.3237,-40.78612677510901
-0.3227000000000001,-39.79582886520348
-0.3217,-39.145061667265566
-0.3207000000000001,-38.12646953136274
-0.3197,-37.178612960453165
-0.3187000000000001,-36.5985813275085
-0.3177,-35.763901660588125
-0.3167000000000001,-34.702868185689354
-0.3157,-33.99551253575683
-0.3147000000000001,-33.288156885824314
-0.3137,-32.19882918492823
-0.3127000000000001,-31.420737970002463
-0.3117,-30.88314767605375
-0.3107000000000001,-29.892849766148224
-0.3097,-28.97328742123595
-0.3087000000000001,-28.506432692280487
-0.3077,-27.770782816350668
-0.3067000000000001,-26.780484906445146
-0.30569999999999997,-26.15801193450453
-0.3047000000000001,-25.49309762356796
-0.30369999999999997,-24.531093939659737
-0.3027000000000001,-23.86617962872317
-0.30169999999999997,-23.45591335176231
-0.3007000000000001,-22.550498119848687
-0.29969999999999997,-21.63093577493641
-0.2987000000000001,-21.16408104598095
-0.29769999999999996,-20.51331384804303
-0.2967000000000001,-19.636192842126707
-0.29569999999999996,-19.169338113171246
-0.2947000000000001,-18.631747819222536
-0.29369999999999996,-17.698038361311607
-0.29270000000000007,-17.061418276372343
-0.29169999999999996,-16.679446225408782
-0.29070000000000007,-15.957943462477614
-0.28969999999999996,-15.208146473549144
-0.28870000000000007,-14.840321535584234
-0.28769999999999996,-14.189554337646317
-0.28670000000000007,-13.309603909130265
-0.28569999999999995,-12.869628694872238
-0.28470000000000006,-12.445215304912727
-0.28369999999999995,-11.594973813693839
-0.28270000000000006,-11.036162850247152
-0.28169999999999995,-10.723511652976978
-0.28070000000000006,-9.977958797948103
-0.27969999999999995,-9.290409106213696
-0.27870000000000006,-9.014540402740012
-0.27769999999999995,-8.476950108791302
-0.27670000000000006,-7.7130060068641795
-0.27569999999999995,-7.35932818189792
-0.27470000000000006,-7.011309202131122
-0.27369999999999994,-6.247365100204002
-0.27270000000000005,-5.77485152604908
-0.27169999999999994,-5.558400697169729
-0.27070000000000005,-4.9175364783308675
-0.26969999999999994,-4.317698887188092
-0.26870000000000005,-4.116809882607257
-0.26769999999999994,-3.644296308452334
-0.26670000000000005,-2.9284523907206257
-0.26569999999999994,-2.670974934145189
-0.26470000000000005,-2.385203251572452
-0.26369999999999993,-1.7160448067362895
-0.26270000000000004,-1.318227989214241
-0.26169999999999993,-1.1568094298996403
-0.26070000000000004,-0.5868222471840172
-0.25969999999999993,-0.03891870785928716
-0.25870000000000004,0.0769320004866607
-0.25769999999999993,0.4749185833646928
-0.25670000000000004,1.0975330264352956
-0.2556999999999999,1.278333130558047
-0.25470000000000004,1.499593977856939
-0.2536999999999999,2.1065051254990395
-0.25270000000000004,2.417741611469348
-0.2516999999999999,2.5111125572604402
-0.25070000000000003,3.0119203574126634
-0.24969999999999992,3.4674573959692045
-0.24870000000000003,3.5141428688647514
-0.24769999999999992,3.8395264678337093
-0.24670000000000003,4.394093297380804
-0.24569999999999992,4.508684912669872
-0.24470000000000003,4.66288844435516
-0.24369999999999992,5.196234604404279
-0.24270000000000003,5.432491391481741
-0.24169999999999991,5.4622003287789065
-0.24070000000000003,5.909249099536258
-0.2396999999999999,6.303953552198603
-0.23870000000000002,6.291221150499819
-0.2376999999999999,6.557186874874445
-0.23670000000000002,7.052335829827209
-0.23570000000000013,7.113168415721404
-0.23470000000000002,7.186733403314386
-0.23370000000000013,7.670564667868228
-0.23270000000000002,7.868624249849334
-0.23170000000000013,7.831841756052842
-0.23070000000000002,8.215228518316268
-0.22970000000000013,8.560418075483337
-0.22870000000000001,8.501000200889004
-0.22770000000000012,8.72169516366795
-0.2267,9.150352687527057
-0.22570000000000012,9.158840955326248
-0.2247,9.187135181323548
-0.22370000000000012,9.610133859983193
-0.2227,9.764337391668482
-0.22170000000000012,9.678040002376715
-0.2207,9.99069119964689
-0.21970000000000012,10.283536438718953
-0.2187,10.180262513828804
-0.21770000000000012,10.362760271511394
-0.2167,10.753220590274143
-0.2157000000000001,10.747561745074684
-0.2147,10.741902899875223
-0.2137000000000001,11.129533796038242
-0.2127,11.228563587028798
-0.2117000000000001,11.098410147441212
-0.2107,11.38701125261368
-0.2097000000000001,11.638829863989658
-0.2087,11.484626332304368
-0.2077000000000001,11.613365060592086
-0.2067,11.972701730757805
-0.2057000000000001,11.899136743164824
-0.2047,11.841133579870357
-0.2037000000000001,12.182079003137831
-0.2027,12.207543806535401
-0.2017000000000001,12.066072676548897
-0.2007,12.34760022522204
-0.1997000000000001,12.561221631501661
-0.1987,12.380138585118935
-0.1977000000000001,12.47916837610949
-0.19669999999999999,12.770598903881686
-0.1957000000000001,12.654592577292753
-0.19469999999999998,12.586686434899232
-0.1937000000000001,12.933290703366167
-0.19269999999999998,12.971487908462521
-0.1917000000000001,12.772013615181551
-0.1907000000000001,13.009685113558877
-0.1897000000000002,13.206329984240117
-0.1887000000000001,13.021002803957797
-0.1877000000000002,13.121447306248216
-0.1867000000000001,13.401560143621493
-0.1857000000000002,13.264333147534584
-0.1847000000000001,13.193597582541333
-0.1837000000000002,13.49351637811272
-0.18270000000000008,13.500589934612046
-0.1817000000000002,13.298286218731345
-0.18070000000000008,13.531713583209076
-0.1797000000000002,13.711381918291936
-0.17870000000000008,13.486442821613394
-0.1777000000000002,13.551519541407187
-0.17670000000000008,13.811826420582353
-0.1757000000000002,13.642061064598547
-0.17470000000000008,13.543031273607996
-0.1737000000000002,13.842950069179384
-0.17270000000000008,13.842950069179384
-0.17170000000000019,13.62508452900017
-0.17070000000000007,13.842950069179384
-0.16970000000000018,13.968859374867373
-0.16870000000000007,13.7127966295918
-0.16770000000000018,13.776458638085728
-0.16670000000000007,14.039594939860624
-0.16570000000000018,13.861341316077631
-0.16470000000000007,13.758067391187481
-0.16370000000000018,14.05515676415914
-0.16270000000000007,14.021203692962377
-0.16170000000000018,13.803338152783162
-0.16070000000000007,14.016959559062784
-0.15970000000000018,14.147112998650368
-0.15870000000000006,13.8868061194752
-0.15770000000000017,13.940565148870071
-0.15670000000000006,14.203701450644967
-0.15570000000000017,14.042424362460354
-0.15470000000000006,13.916515056772363
-0.15370000000000017,14.175407224647667
-0.15270000000000006,14.147112998650368
-0.15170000000000017,13.91227092287277
-0.15070000000000006,14.131551174351852
-0.14970000000000017,14.24614278964092
-0.14870000000000005,13.968859374867373
-0.14770000000000016,13.995738889564809
-0.14670000000000005,14.231995676642269
-0.14570000000000016,14.079206856256844
-0.14470000000000005,13.973103508766966
-0.14370000000000016,14.203701450644967
-0.14270000000000005,14.161260111649016
-0.14170000000000016,13.923588613271692
-0.14070000000000005,14.125892329152393
-0.13970000000000016,14.26028990263957
-0.13870000000000005,13.991494755665215
-0.13770000000000016,14.025447826861972
-0.13670000000000004,14.26028990263957
-0.13570000000000015,14.087695124056035
-0.13470000000000004,13.984421199165887
-0.13370000000000015,14.24614278964092
-0.13270000000000004,14.175407224647667
-0.13170000000000015,13.949053416669262
-0.13070000000000004,14.141454153450907
-0.12970000000000015,14.274437015638219
-0.12870000000000004,14.014130136463052
-0.12770000000000015,14.045253785060085
-0.12670000000000003,14.288584128636872
-0.12570000000000014,14.11174521615374
-0.12470000000000003,13.997153600864674
-0.12370000000000014,14.274437015638219
-0.12270000000000003,14.189554337646317
-0.12170000000000014,13.961785818368046
-0.12070000000000003,14.161260111649016
-0.11970000000000014,14.288584128636872
-0.11870000000000003,14.02686253816184
-0.11770000000000014,14.063645031958329
-0.11670000000000003,14.30273124163552
-0.11570000000000014,14.118818772653066
-0.11470000000000002,14.00139773476427
-0.11370000000000013,14.26028990263957
-0.11270000000000002,14.217848563643619
-0.11170000000000013,13.9759329313667
-0.11070000000000024,14.189554337646317
-0.10970000000000013,14.30273124163552
-0.10870000000000024,14.031106672061432
-0.10770000000000013,14.09193925795563
-0.10670000000000024,14.30273124163552
-0.10570000000000013,14.10608637095428
-0.10470000000000024,13.995738889564809
-0.10370000000000013,14.26028990263957
-0.10270000000000024,14.203701450644967
-0.10170000000000012,13.953297550568857
-0.10070000000000023,14.161260111649016
-0.09970000000000012,14.288584128636872
-0.09870000000000023,14.01837427036265
-0.09770000000000012,14.06930387715779
-0.09670000000000023,14.30273124163552
-0.09570000000000012,14.115989350053338
-0.09470000000000023,14.02686253816184
-0.09370000000000012,14.316878354634172
-0.09270000000000023,14.274437015638219
-0.09170000000000011,14.050912630259544
-0.09070000000000022,14.231995676642269
-0.08970000000000011,14.331025467632822
-0.08870000000000022,14.04383907376022
-0.08770000000000011,14.10608637095428
-0.08670000000000022,14.345172580631472
-0.08570000000000011,14.147112998650368
-0.08470000000000022,14.052327341559407
-0.08370000000000011,14.345172580631472
-0.08270000000000022,14.274437015638219
-0.0817000000000001,14.025447826861972
-0.08070000000000022,14.203701450644967
-0.0797000000000001,14.316878354634172
-0.07870000000000021,14.070718588457655
-0.0777000000000001,14.130136463051985
-0.07670000000000021,14.359319693630123
-0.0757000000000001,14.161260111649016
-0.07470000000000021,14.036765517260893
-0.0737000000000001,14.30273124163552
-0.07270000000000021,14.231995676642269
-0.0717000000000001,14.004227157363998
-0.07070000000000021,14.231995676642269
-0.0697000000000001,14.359319693630123
-0.0687000000000002,14.084865701456305
-0.0677000000000001,14.147112998650368
-0.0667000000000002,14.387613919627421
-0.06570000000000009,14.203701450644967
-0.0647000000000002,14.093353969255496
-0.06370000000000009,14.373466806628771
-0.0627000000000002,14.359319693630123
-0.06170000000000009,14.141454153450907
-0.0607000000000002,14.30273124163552
-0.059700000000000086,14.415908145624723
-0.058700000000000196,14.175407224647667
-0.057700000000000085,14.316878354634172
-0.056700000000000195,14.557379275611227
-0.05570000000000008,14.331025467632822
-0.05470000000000019,14.217848563643619
-0.05370000000000008,14.500790823616628
-0.05270000000000019,14.472496597619326
-0.05170000000000008,14.274437015638219
-0.05070000000000019,14.458349484620674
-0.04970000000000008,14.543232162612577
-0.04870000000000019,14.274437015638219
-0.047700000000000076,14.359319693630123
-0.046700000000000186,14.642261953603128
-0.045700000000000074,14.444202371622024
-0.044700000000000184,14.316878354634172
-0.04370000000000007,14.585673501608527
-0.04270000000000018,14.529085049613924
-0.04170000000000007,14.345172580631472
-0.04070000000000018,14.585673501608527
-0.03970000000000007,14.67055617960043
-0.03870000000000018,14.415908145624723
-0.03770000000000007,14.472496597619326
-0.03670000000000018,14.69885040559773
-0.035700000000000065,14.514937936615278
-0.034700000000000175,14.415908145624723
-0.03370000000000006,14.684703292599082
-0.03270000000000017,14.62811484060448
-0.03170000000000006,14.373466806628771
-0.03070000000000017,14.599820614607177
-0.02970000000000006,14.71299751859638
-0.02870000000000017,14.444202371622024
-0.027700000000000058,14.543232162612577
-0.026700000000000168,14.783733083589633
-0.025700000000000056,14.599820614607177
-0.024700000000000166,14.514937936615278
-0.023700000000000054,14.783733083589633
-0.022700000000000164,14.741291744593681
-0.021700000000000053,14.543232162612577
-0.020700000000000163,14.783733083589633
-0.01970000000000005,14.896909987578834
-0.01870000000000016,14.62811484060448
-0.01770000000000005,14.71299751859638
-0.01670000000000016,14.98179266557074
-0.015700000000000047,14.783733083589633
-0.014700000000000157,14.71299751859638
-0.013700000000000045,15.05252823056399
-0.012700000000000156,15.02423400456669
-0.011700000000000044,14.797880196588284
-0.010700000000000154,14.995939778569388
-0.009700000000000042,15.094969569559943
-0.008700000000000152,14.868615761581536
-0.00770000000000004,15.02423400456669
-0.00670000000000015,15.250587812545096
-0.005700000000000038,15.01008689156804
-0.0047000000000001485,14.939351326574789
-0.0037000000000000366,15.278882038542395
-0.0027000000000001467,15.250587812545096
-0.0017000000000000348,15.05252823056399
-0.000700000000000145,15.264734925543747
0.00029999999999996696,15.349617603535648
0.0012999999999998568,15.123263795557243
0.0022999999999999687,15.250587812545096
0.0032999999999998586,15.533530072518102
0.0042999999999999705,15.349617603535648
0.00529999999999986,15.264734925543747
0.006299999999999972,15.547677185516752
0.007299999999999862,15.491088733522153
0.008299999999999974,15.321323377538347
0.009299999999999864,15.590118524512702
0.010299999999999976,15.717442541500558
0.011299999999999866,15.462794507524851
0.012299999999999978,15.575971411514052
