Potential V vs RHE, Current mA cm-2
0.013299999999999867,-0.3497166333266371
0.012299999999999978,-0.6561431008774039
0.011299999999999866,-0.6885399896443134
0.010299999999999976,-0.6678852046662839
0.009299999999999864,-0.7205124650212632
0.008299999999999974,-0.7547484784779971
0.007299999999999862,-0.7157024466017221
0.006299999999999972,-0.7357913470598055
0.00529999999999986,-0.7795059262256352
0.0042999999999999705,-0.7570120165577812
0.0032999999999998586,-0.7404598943493601
0.0022999999999999687,-0.7930871547043395
0.0012999999999998568,-0.7922383279244205
0.00029999999999996696,-0.7534752383081186
-0.000700000000000145,-0.7906821454945689
-0.0017000000000000348,-0.8184104869719238
-0.0027000000000001467,-0.7737056098961885
-0.0037000000000000366,-0.7848818291651223
-0.0047000000000001485,-0.8329820133605336
-0.005700000000000038,-0.7933700969643125
-0.00670000000000015,-0.7871453672449065
-0.00770000000000004,-0.8290208217209115
-0.008700000000000152,-0.826049927991195
-0.009700000000000042,-0.790116260974623
-0.010700000000000154,-0.828596408330952
-0.011700000000000044,-0.8427435213296024
-0.012700000000000156,-0.8045463162332464
-0.013700000000000045,-0.808931921262828
-0.014700000000000157,-0.8578809322381583
-0.015700000000000047,-0.8191178426218563
-0.01670000000000016,-0.8065269120530575
-0.01770000000000005,-0.8561832786783202
-0.01870000000000016,-0.8404799832498183
-0.01970000000000005,-0.8029901338033948
-0.020700000000000163,-0.8437338192395079
-0.021700000000000053,-0.8625494795277129
-0.022700000000000164,-0.8230790342614784
-0.023700000000000054,-0.8264743413811545
-0.024700000000000166,-0.8718865741068222
-0.025700000000000056,-0.8418946945496834
-0.026700000000000168,-0.8137419396823691
-0.027700000000000058,-0.8660862577773755
-0.02870000000000017,-0.8556173941583741
-0.02970000000000006,-0.8171372468020451
-0.03070000000000017,-0.8522220870386981
-0.03170000000000006,-0.8738671699266332
-0.03270000000000017,-0.826332870251168
-0.03370000000000006,-0.8366602627401827
-0.034700000000000175,-0.8776868904362687
-0.035700000000000065,-0.8448655882794
-0.03670000000000018,-0.8249181589513029
-0.03770000000000007,-0.8703303916769705
-0.03870000000000018,-0.871037747326903
-0.03970000000000007,-0.8247766878213164
-0.04070000000000018,-0.8551929807684147
-0.04170000000000007,-0.8802333707760258
-0.04270000000000018,-0.8293037639808845
-0.04370000000000007,-0.8424605790696293
-0.044700000000000184,-0.8881557540552701
-0.045700000000000074,-0.846563241839238
-0.046700000000000186,-0.832840542230547
-0.047700000000000076,-0.8766965925263633
-0.04870000000000019,-0.8628324217876858
-0.04970000000000008,-0.8343967246603987
-0.05070000000000019,-0.8585882878880908
-0.05170000000000008,-0.8795260151260933
-0.05270000000000019,-0.8400555698598587
-0.05370000000000008,-0.8409043966397778
-0.05470000000000019,-0.8908437055250136
-0.05570000000000008,-0.8515147313887655
-0.056700000000000195,-0.8311428886707091
-0.057700000000000085,-0.8850433891955669
-0.058700000000000196,-0.8675009690772405
-0.059700000000000086,-0.8331234844905201
-0.0607000000000002,-0.8662277289073619
-0.06170000000000009,-0.8878728117952971
-0.0627000000000002,-0.8414702811597239
-0.06370000000000009,-0.849675606698941
-0.0647000000000002,-0.888721638575216
-0.06570000000000009,-0.8584468167581043
-0.0667000000000002,-0.8317087731906551
-0.0677000000000001,-0.8810821975559447
-0.0687000000000002,-0.8718865741068222
-0.0697000000000001,-0.8290208217209115
-0.07070000000000021,-0.8680668535971865
-0.0717000000000001,-0.8830627933757559
-0.07270000000000021,-0.8406214543798047
-0.0737000000000001,-0.8523635581686846
-0.07470000000000021,-0.887589869535324
-0.0757000000000001,-0.8564662209382933
-0.07670000000000021,-0.8362358493502232
-0.0777000000000001,-0.8798089573860663
-0.07870000000000021,-0.8730183431467142
-0.0797000000000001,-0.832274657710601
-0.08070000000000022,-0.8631153640476589
-0.0817000000000001,-0.8894289942251485
-0.08270000000000022,-0.8380749740400478
-0.08370000000000011,-0.8510903179988061
-0.08470000000000022,-0.8939560703847166
-0.08570000000000011,-0.8540612117285227
-0.08670000000000022,-0.8392067430799398
-0.08770000000000011,-0.8813651398159178
-0.08870000000000022,-0.8707548050669301
-0.08970000000000011,-0.8390652719499533
-0.09070000000000022,-0.864530075347524
-0.09170000000000011,-0.8916925323049326
-0.09270000000000023,-0.8434508769795349
-0.09370000000000012,-0.8512317891287926
-0.09470000000000023,-0.8962196084645007
-0.09570000000000012,-0.8549100385084417
-0.09670000000000023,-0.8377920317800748
-0.09770000000000012,-0.8868825138853914
-0.09870000000000023,-0.8694815648970515
-0.09970000000000012,-0.8372261472601288
-0.10070000000000023,-0.8737256987966467
-0.10170000000000012,-0.8849019180655805
-0.10270000000000024,-0.847129126359184
-0.10370000000000013,-0.8510903179988061
-0.10470000000000024,-0.8959366662045278
-0.10570000000000013,-0.8614177104878209
-0.10670000000000024,-0.8410458677697643
-0.10770000000000013,-0.889853407615108
-0.10870000000000024,-0.8733012854066871
-0.10970000000000013,-0.8377920317800748
-0.11070000000000024,-0.8769795347863362
-0.11170000000000013,-0.8901363498750811
-0.11270000000000002,-0.8426020501996159
-0.11370000000000013,-0.8604274125779153
-0.11470000000000002,-0.8914095900449596
-0.11570000000000014,-0.8566076920682798
-0.11670000000000003,-0.845148530539373
-0.11770000000000014,-0.8874483984053376
-0.11870000000000003,-0.8766965925263633
-0.11970000000000014,-0.8394896853399128
-0.12070000000000003,-0.8716036318468491
-0.12170000000000014,-0.8922584168248787
-0.12270000000000003,-0.846846184099211
-0.12370000000000014,-0.8561832786783202
-0.12470000000000003,-0.8922584168248787
-0.12570000000000014,-0.8600029991879558
-0.12670000000000003,-0.8452900016693595
-0.12770000000000015,-0.8894289942251485
-0.12870000000000004,-0.8703303916769705
-0.12970000000000015,-0.8420361656796699
-0.13070000000000004,-0.8721695163667951
-0.13170000000000015,-0.8878728117952971
-0.13270000000000004,-0.8472705974891704
-0.13370000000000015,-0.8546270962484687
-0.13470000000000004,-0.8911266477849867
-0.13570000000000015,-0.8546270962484687
-0.13670000000000004,-0.8380749740400478
-0.13770000000000016,-0.8899948787450946
-0.13870000000000005,-0.8693400937670651
-0.13970000000000016,-0.8400555698598587
-0.14070000000000005,-0.8714621607168627
-0.14170000000000016,-0.8843360335456344
-0.14270000000000005,-0.8450070594093865
-0.14370000000000016,-0.8525050292986711
-0.14470000000000005,-0.8868825138853914
-0.14570000000000016,-0.8592956435380232
-0.14670000000000005,-0.8342552535304122
-0.14770000000000016,-0.8776868904362687
-0.14870000000000005,-0.8672180268172675
-0.14970000000000017,-0.8318502443206416
-0.15070000000000006,-0.8700474494169976
-0.15170000000000017,-0.8812236686859314
-0.15270000000000006,-0.8355284937002907
-0.15370000000000017,-0.849675606698941
-0.15470000000000006,-0.8819310243358639
-0.15570000000000017,-0.8478364820091164
-0.15670000000000006,-0.8360943782202367
-0.15770000000000017,-0.869905978287011
-0.15870000000000006,-0.8638227196975914
-0.15970000000000018,-0.8317087731906551
-0.16070000000000007,-0.8563247498083066
-0.16170000000000018,-0.8769795347863362
-0.16270000000000007,-0.8310014175407225
-0.16370000000000018,-0.8394896853399128
-0.16470000000000007,-0.8832042645057423
-0.16570000000000018,-0.8417532234196969
-0.16670000000000007,-0.8244937455613434
-0.16770000000000018,-0.869905978287011
-0.16870000000000007,-0.8537782694685497
-0.16970000000000018,-0.8307184752807496
-0.17070000000000007,-0.8542026828585092
-0.17170000000000019,-0.8673594979472539
-0.17270000000000008,-0.828879350590925
-0.1737000000000002,-0.8345381957903852
-0.17470000000000008,-0.868774209247119
-0.1757000000000002,-0.8369432050001557
-0.17670000000000008,-0.8236449187814244
-0.1777000000000002,-0.865661844387416
-0.17870000000000008,-0.8533538560785902
-0.1797000000000002,-0.8152981221122206
-0.18070000000000008,-0.8544856251184821
-0.1817000000000002,-0.8617006527477938
-0.18270000000000008,-0.8227960920015054
-0.1837000000000002,-0.8351040803103312
-0.1847000000000001,-0.8635397774376183
-0.1857000000000002,-0.8348211380503582
-0.1867000000000001,-0.8198251982717888
-0.1877000000000002,-0.8639641908275778
-0.1887000000000001,-0.847129126359184
-0.1897000000000002,-0.8138834108123556
-0.1907000000000001,-0.8478364820091164
-0.1917000000000001,-0.8601444703179423
-0.19269999999999998,-0.8205325539217213
-0.1937000000000001,-0.8353870225703042
-0.19469999999999998,-0.8649544887374835
-0.1957000000000001,-0.8317087731906551
-0.19669999999999999,-0.8230790342614784
-0.1977000000000001,-0.8591541724080368
-0.1987,-0.8501000200889006
-0.1997000000000001,-0.8147322375922746
-0.2007,-0.8516562025187521
-0.2017000000000001,-0.8633983063076318
-0.2027,-0.8181275447119508
-0.2037000000000001,-0.8329820133605336
-0.2047,-0.8691986226370785
-0.2057000000000001,-0.8339723112704392
-0.2067,-0.8222302074815594
-0.2077000000000001,-0.8581638744981313
-0.2087,-0.846563241839238
-0.2097000000000001,-0.8213813807016404
-0.2107,-0.8515147313887655
-0.2117000000000001,-0.8639641908275778
-0.2127,-0.8244937455613434
-0.2137000000000001,-0.8401970409898453
-0.2147,-0.8792430728661204
-0.2157000000000001,-0.847977953139103
-0.2167,-0.8273231681610735
-0.21770000000000012,-0.8762721791364039
-0.2187,-0.8568906343282527
-0.21970000000000012,-0.8253425723412624
-0.2207,-0.8649544887374835
-0.22170000000000012,-0.8680668535971865
-0.2227,-0.8418946945496834
-0.22370000000000012,-0.84769501087913
-0.2247,-0.8807992552959719
-0.22570000000000012,-0.8546270962484687
-0.2267,-0.8377920317800748
-0.22770000000000012,-0.8833457356357289
-0.22870000000000001,-0.8745745255765657
-0.22970000000000013,-0.8441582326294674
-0.23070000000000002,-0.8749989389665251
-0.23170000000000013,-0.8907022343950269
-0.23270000000000002,-0.8519391447787251
-0.23370000000000013,-0.871320689586876
-0.23470000000000002,-0.8986246176742713
-0.23570000000000013,-0.8697645071570246
-0.23670000000000002,-0.8626909506576994
-0.2376999999999999,-0.9037175783537855
-0.23870000000000002,-0.888438696315243
-0.2396999999999999,-0.868491266987146
-0.24070000000000003,-0.9017369825339743
-0.24169999999999991,-0.9168743934425302
-0.24270000000000003,-0.8738671699266332
-0.24369999999999992,-0.8901363498750811
-0.24470000000000003,-0.9293238528813426
-0.24569999999999992,-0.8956537239445548
-0.24670000000000003,-0.8922584168248787
-0.24769999999999992,-0.9337094579109243
-0.24870000000000003,-0.9214014696020982
-0.24969999999999992,-0.8983416754142982
-0.25070000000000003,-0.9288994394913831
-0.2516999999999999,-0.9496956955993991
-0.25270000000000004,-0.9127717306729216
-0.2536999999999999,-0.9253626612417204
-0.25470000000000004,-0.967662529107685
-0.2556999999999999,-0.9358315248607216
-0.25670000000000004,-0.9293238528813426
-0.25769999999999993,-0.9761507969068753
-0.25870000000000004,-0.965116048767928
-0.25969999999999993,-0.9378121206805329
-0.26070000000000004,-0.9794046328965649
-0.26169999999999993,-0.9934102747652287
-0.26270000000000004,-0.9621451550382114
-0.26369999999999993,-0.9785558061166459
-0.26470000000000005,-1.020997145112597
-0.26569999999999994,-0.9891661408656335
-0.26670000000000005,-0.9917126212053906
-0.26769999999999994,-1.0325977777714903
-0.26870000000000005,-1.0276462882219626
-0.26969999999999994,-0.9960982262349724
-0.27070000000000005,-1.039812805400802
-0.27169999999999994,-1.0557990430892767
-0.27270000000000005,-1.027221874832003
-0.27369999999999994,-1.0531110916195334
-0.27470000000000006,-1.0874885762062536
-0.27569999999999995,-1.0582040522990475
-0.27670000000000006,-1.062306715068656
-0.27769999999999995,-1.107294534404364
-0.27870000000000006,-1.101352746944931
-0.27969999999999995,-1.0773026548472253
-0.28070000000000006,-1.1234222432228256
-0.28169999999999995,-1.143228201420936
-0.28270000000000006,-1.1115386683039592
-0.28369999999999995,-1.1337496357118404
-0.28470000000000006,-1.1778886282676295
-0.28569999999999995,-1.1528482382600183
-0.28670000000000007,-1.154970305209816
-0.28769999999999996,-1.2023631337552947
-0.28870000000000007,-1.199109297765605
-0.28969999999999996,-1.1843963002470088
-0.29070000000000007,-1.2271205815029327
-0.29169999999999996,-1.2489071355208543
-0.29270000000000007,-1.2238667455132433
-0.29369999999999996,-1.2474924242209893
-0.2947000000000001,-1.2899337632169405
-0.29569999999999996,-1.268147209199019
-0.2967000000000001,-1.276069592478263
-0.29769999999999996,-1.3309603909130265
-0.2987000000000001,-1.3233209498937553
-0.29969999999999997,-1.3139838553146461
-0.3007000000000001,-1.3623669817700303
-0.30169999999999997,-1.383304709008033
-0.3027000000000001,-1.3623669817700303
-0.30369999999999997,-1.3900953232473852
-0.3047000000000001,-1.4345172580631471
-0.30569999999999997,-1.4246142789640919
-0.3067000000000001,-1.427443701563822
-0.3077,-1.4868615761581534
-0.3087000000000001,-1.4868615761581534
-0.3097,-1.472714463159503
-0.3107000000000001,-1.5264734925543744
-0.3117,-1.5575971411514054
-0.3127000000000001,-1.5307176264539697
-0.3137,-1.5675001202504606
-0.3147000000000001,-1.6198444383454669
-0.3157,-1.6056973253468165
-0.3167000000000001,-1.614185593146007
-0.3177,-1.6750181790402037
-0.3187000000000001,-1.6849211581392587
-0.3197,-1.6764328903400685
-0.3207000000000001,-1.7330213423346699
-0.3217,-1.769803836131161
-0.3227000000000001,-1.7485831666331852
-0.3237,-1.7881950830294064
-0.3247000000000001,-1.849027668923603
-0.3257,-1.8320511333252225
-0.3267000000000001,-1.8532718028231983
-0.3277,-1.9169338113171246
-0.3287000000000001,-1.92683679041618
-0.3297,-1.9282515017160449
-0.3307000000000001,-1.9862546650105113
-0.3317,-2.0272812927065975
-0.3327000000000001,-2.023037158807002
-0.3337,-2.0626490752032236
-0.3347000000000001,-2.122066949797555
-0.3357,-2.124896372397285
-0.3367000000000001,-2.1390434853959355
-0.3377,-2.2196820294882422
-0.3387000000000001,-2.230999719887163
-0.3397,-2.238073276386488
-0.3407000000000001,-2.307394130079875
-0.3417,-2.349835469075826
-0.3427000000000001,-2.351250180375691
-0.3437,-2.396520941971372
-0.3447000000000001,-2.463012373065029
-0.3457,-2.472915352164084
-0.3467000000000001,-2.49696544426179
-0.3477,-2.579018699653962
-0.3487000000000001,-2.6016540804518025
-0.3497,-2.6129717708507227
-0.3507000000000001,-2.6921956036431647
-0.3517,-2.741710499138441
-0.3527000000000001,-2.745954633038036
-0.3537,-2.8082019302320975
-0.3547000000000001,-2.8817669178250793
-0.3557,-2.8959140308237297
-0.35670000000000013,-2.9312818133203558
-0.3577,-3.0175792026121235
-0.35870000000000013,-3.054361696408614
-0.3597,-3.0755823659065897
-0.36070000000000013,-3.1548061986990317
-0.3617,-3.2156387845932284
-0.3626999999999999,-3.2312006088917435
-0.3637,-3.2962773286855356
-0.3646999999999999,-3.382574717977303
-0.3657,-3.3981365422758185
-0.3666999999999999,-3.4561397055702843
-0.3677,-3.548095940061512
-0.3686999999999999,-3.593366701657193
-0.36970000000000003,-3.6259050615540893
-0.3706999999999999,-3.715031873445586
-0.37170000000000003,-3.794255706238028
-0.3726999999999999,-3.821135220935464
-0.37370000000000003,-3.8947002085284463
-0.3746999999999999,-3.995144710818863
-0.37570000000000003,-4.027683070715759
-0.3766999999999999,-4.081442100110631
-0.37770000000000004,-4.1960337153996985
-0.3786999999999999,-4.24696332219484
-0.37970000000000004,-4.2936487950903865
-0.3806999999999999,-4.401166853880129
-0.38170000000000004,-4.483220109272302
-0.38269999999999993,-4.529905582167847
-0.38370000000000004,-4.61478826015975
-0.38469999999999993,-4.730794586748683
-0.38570000000000004,-4.778894770944094
-0.38669999999999993,-4.84821562463748
-0.38770000000000004,-4.9698807964258735
-0.38869999999999993,-5.046275206618586
-0.38970000000000005,-5.098619524713592
-0.39069999999999994,-5.22735825300131
-0.39170000000000005,-5.326388043991862
-0.39269999999999994,-5.380147073386734
-0.39370000000000005,-5.491909266076072
-0.39469999999999994,-5.613574437864465
-0.39570000000000005,-5.682895291557853
-0.39669999999999994,-5.772022103449349
-0.39770000000000005,-5.9078343882363935
-0.39869999999999994,-5.992717066228296
-0.39970000000000006,-6.0719408990207375
-0.40069999999999995,-6.207753183807781
-0.40170000000000006,-6.333662489495769
-0.40269999999999995,-6.40156863188929
-0.40370000000000006,-6.53030736017701
-0.40469999999999995,-6.674607912763243
-0.40570000000000006,-6.759490590755146
-0.40669999999999995,-6.872667494744348
-0.40770000000000006,-7.0297004490293675
-0.40869999999999995,-7.140047930418839
-0.40970000000000006,-7.243321855308987
-0.41069999999999995,-7.393281253094682
-0.41170000000000007,-7.543240650880375
-0.41269999999999996,-7.636611596671468
-0.41370000000000007,-7.780912149257703
-0.41469999999999996,-7.959165773040696
-0.41570000000000007,-8.068098543130306
-0.41669999999999996,-8.202496116617484
-0.41770000000000007,-8.387823296899802
-0.41869999999999996,-8.51656202518752
-0.4197000000000001,-8.645300753475238
-0.42069999999999996,-8.830627933757558
-0.4217000000000001,-8.997563867141633
-0.42269999999999996,-9.124887884129487
-0.4237000000000001,-9.298897374012885
-0.42469999999999997,-9.49695695599399
-0.4257000000000001,-9.64550164247982
-0.42669999999999997,-9.798290462865245
-0.4277000000000001,-10.007667735245269
-0.42869999999999997,-10.184506647728398
-0.4297000000000001,-10.328807200314634
-0.43069999999999997,-10.548087451793712
-0.4317000000000001,-10.751805878974281
-0.4327,-10.913082967158893
-0.4337000000000001,-11.122460239538919
-0.4347,-11.351643470117054
-0.4357000000000001,-11.531311805199914
-0.4367,-11.727956675881154
-0.4377000000000001,-11.975531153357537
-0.4387,-12.182079003137831
-0.4397000000000001,-12.36740618342015
-0.4407,-12.619224794796127
-0.4417000000000001,-12.858311004473318
-0.4427,-13.056370586454424
-0.4437000000000001,-13.296871507431481
-0.4447,-13.567081365705702
-0.4457000000000001,-13.782117483285187
-0.4467,-14.02403311556211
-0.4477000000000001,-14.30273124163552
-0.4487,-14.557379275611227
-0.4497000000000001,-14.783733083589633
-0.4507,-15.06667534356264
-0.4517000000000001,-15.349617603535648
-0.4527,-15.575971411514052
-0.4537000000000001,-15.858913671487063
-0.4547,-16.170150157457368
-0.4557000000000001,-16.424798191433077
-0.4567,-16.70774045140608
-0.4577000000000001,-17.018976937376394
-0.4587,-17.28777208435075
-0.4597000000000001,-17.570714344323754
-0.4607,-17.910245056291366
-0.4617000000000001,-18.221481542261674
-0.4627,-18.504423802234676
-0.4637000000000001,-18.829807401203638
-0.4647,-19.1834852261699
-0.4657000000000001,-19.49472171214021
-0.4667,-19.805958198110513
-0.4677000000000001,-20.17378313607542
-0.4687,-20.51331384804303
-0.4697000000000001,-20.824550334013338
-0.4707,-21.19237527197825
-0.4717000000000001,-21.58849443594046
-0.4727,-21.899730921910766
-0.4737000000000001,-22.267555859875678
-0.4747,-22.66367502383789
-0.4757000000000001,-23.017352848804148
-0.4767,-23.371030673770406
-0.4777000000000001,-23.781296950731264
-0.4787,-24.149121888696175
-0.4797000000000001,-24.502799713662437
-0.4807,-24.927213103621945
-0.48170000000000013,-25.337479380582806
-0.4827,-25.677010092550415
-0.48370000000000013,-26.087276369511276
-0.4847,-26.525836872469437
-0.48570000000000013,-26.907808923433
-0.4867,-27.303928087395207
-0.4876999999999999,-27.756635703352025
-0.4887,-28.15275486731423
-0.4896999999999999,-28.548874031276437
-0.4907,-28.987434534234602
-0.4916999999999999,-29.440142150191413
-0.4927,-29.850408427152274
-0.4936999999999999,-30.288968930110435
-0.49470000000000003,-30.7558236590659
-0.4956999999999999,-31.16608993602676
-0.49670000000000003,-31.590503325986273
-0.4976999999999999,-32.08565228093904
-0.49870000000000003,-32.52421278389719
-0.4996999999999999,-32.9486261738567
-0.5007,-33.41548090281216
-0.5016999999999999,-33.89648274476628
-0.5027,-34.33504324772444
-0.5036999999999999,-34.787750863681254
-0.5047,-35.297046931632664
-0.5056999999999999,-35.735607434590825
-0.5067,-36.17416793754898
-0.5076999999999999,-36.69761111849905
-0.5087,-37.178612960453165
-0.5096999999999999,-37.617173463411326
-0.5107,-38.12646953136274
-0.5116999999999999,-38.63576559931415
-0.5127,-39.08847321527096
-0.5136999999999999,-39.56947505722508
-0.5147,-40.10706535117379
-0.5156999999999999,-40.5880671931279
-0.5167,-41.05492192208336
-0.5176999999999999,-41.59251221603208
-0.5187,-42.10180828398349
-0.5196999999999999,-42.582810125937606
-0.5207,-43.120400419886316
-0.5216999999999999,-43.643843600836384
-0.5227,-44.124845442790495
-0.5236999999999999,-44.66243573673921
-0.5247,-45.22832025668522
-0.5257,-45.73761632463664
-0.5267000000000001,-46.2327652795894
-0.5277,-46.81279691253406
-0.5287000000000001,-47.36453431948143
-0.5297,-47.85968327443419
-0.5307000000000001,-48.41142068138156
-0.5317,-48.991452314326224
-0.5327000000000001,-49.52904260827494
-0.5337,-50.0807800152223
-0.5347000000000001,-50.68910587416426
-0.5357,-51.22669616811298
-0.5367000000000001,-51.792580688059
-0.5377,-52.41505365999961
-0.5387000000000001,-52.980938179945625
-0.5397,-53.518528473894335
-0.5407000000000001,-54.1268543328363
-0.5417,-54.73518019177827
-0.5427000000000001,-55.28691759872564
-0.5437,-55.8669492316703
-0.5447000000000001,-56.53186354260687
-0.5457,-57.12604228855018
-0.5467000000000001,-57.7202210344935
-0.5477,-58.38513534543006
-0.5487000000000001,-59.02175543036933
-0.5497,-59.60178706331399
-0.5507000000000001,-60.25255426125191
-0.5517,-60.91746857218848
-0.5527000000000001,-61.525794431130436
-0.5537,-62.16241451606972
-0.5547000000000001,-62.88391727900089
-0.5557,-63.5346844769388
-0.5567000000000001,-64.18545167487672
-0.5577,-64.89280732480923
-0.5587000000000001,-65.57186874874445
-0.5597,-66.19434172068507
-0.5607000000000001,-66.90169737061757
-0.5617,-67.63734724654739
-0.5627000000000001,-68.28811444448532
-0.5637,-68.96717586842054
-0.5647000000000001,-69.70282574435035
-0.5657,-70.36774005528693
-0.5667000000000001,-71.07509570521944
-0.5677,-71.81074558114926
-0.5687000000000001,-72.53224834408043
-0.5697,-73.2254568810143
-0.5707000000000001,-73.97525386994278
-0.5717,-74.78163931086584
-0.5727000000000001,-75.50314207379701
-0.5737,-76.26708617572413
-0.5747000000000001,-77.08761872964584
-0.5757,-77.80912149257702
-0.5767000000000001,-78.55891848150549
-0.5777,-79.39359814842585
-0.5787000000000001,-80.18583647635029
-0.5797,-80.9497805782774
-0.5807000000000001,-81.77031313219912
-0.5817,-82.60499279911949
-0.5827000000000001,-83.38308401404527
-0.5837,-84.17532234196969
-0.5847000000000001,-85.052443347886
-0.5857,-85.87297590180773
-0.5867000000000001,-85.56173941583742
-0.5857,-84.67047129692244
-0.5847000000000001,-83.89238008199668
-0.5837,-83.07184752807495
-0.5827000000000001,-82.30790342614785
-0.5817,-81.55810643721937
-0.5807000000000001,-80.76586810929494
-0.5797,-79.97362978137053
-0.5787000000000001,-79.26627413143801
-0.5777,-78.47403580351359
-0.5767000000000001,-77.66765036259052
-0.5757,-76.94614759965934
-0.5747000000000001,-76.19635061073087
-0.5737,-75.40411228280645
-0.5727000000000001,-74.68260951987529
-0.5717,-73.97525386994278
-0.5707000000000001,-73.2254568810143
-0.5697,-72.51810123108179
-0.5687000000000001,-71.8531869201452
-0.5677,-71.11753704421541
-0.5667000000000001,-70.38188716828559
-0.5657,-69.71697285734902
-0.5647000000000001,-69.03791143341378
-0.5637,-68.30226155748396
-0.5627000000000001,-67.63734724654739
-0.5617,-66.98658004860948
-0.5607000000000001,-66.27922439867696
-0.5597,-65.62845720073905
-0.5587000000000001,-65.02013134179708
-0.5577,-64.35521703086052
-0.5567000000000001,-63.6761556069253
-0.5557,-63.05368263498469
-0.5547000000000001,-62.43120966304407
-0.5537,-61.75214823910885
-0.5527000000000001,-61.17211660616418
-0.5517,-60.59208497321952
-0.5507000000000001,-59.92717066228296
-0.5497,-59.304697690342344
-0.5487000000000001,-58.73881317039633
-0.5477,-58.10219308545706
-0.5467000000000001,-57.465573000517786
-0.5457,-56.89968848057178
-0.5447000000000001,-56.29136262162981
-0.5437,-55.68303676268785
-0.5427000000000001,-55.14544646873913
-0.5417,-54.60785617479041
-0.5407000000000001,-54.02782454184575
-0.5397,-53.46194002189973
-0.5387000000000001,-52.966791066946975
-0.5377,-52.386759434002315
-0.5367000000000001,-51.83502202705494
-0.5357,-51.33987307210218
-0.5347000000000001,-50.78813566515482
-0.5337,-50.22225114520881
-0.5327000000000001,-49.74124930325469
-0.5317,-49.21780612230463
-0.5307000000000001,-48.65192160235861
-0.5297,-48.156772647405845
-0.5287000000000001,-47.70406503144903
-0.5277,-47.20891607649628
-0.5267000000000001,-46.713767121543505
-0.5257,-46.24691239258805
-0.5247,-45.76591055063393
-0.5236999999999999,-45.242467369683865
-0.5227,-44.81805397972436
-0.5216999999999999,-44.36534636376755
-0.5207,-43.89849163481209
-0.5196999999999999,-43.43163690585662
-0.5187,-42.97892928989981
-0.5176999999999999,-42.526221673943
-0.5167,-42.01692560599159
-0.5156999999999999,-41.57836510303343
-0.5147,-41.12565748707661
-0.5136999999999999,-40.644655645122505
-0.5127,-40.234389368161644
-0.5116999999999999,-39.79582886520348
-0.5107,-39.328974136248014
-0.5096999999999999,-38.90456074628851
-0.5087,-38.55088292132225
-0.5076999999999999,-38.11232241836409
-0.5067,-37.744497480399176
-0.5056999999999999,-37.34837831643697
-0.5047,-36.95225915247476
-0.5036999999999999,-36.52784576251525
-0.5027,-36.16002082455034
-0.5016999999999999,-35.778048773586775
-0.5007,-35.38192960962457
-0.4996999999999999,-34.99995755866101
-0.49870000000000003,-34.67457395969205
-0.4976999999999999,-34.26430768273119
-0.49670000000000003,-33.86818851876898
-0.4956999999999999,-33.54280491980002
-0.49470000000000003,-33.160832868836465
-0.4936999999999999,-32.764713704874254
-0.4927,-32.439330105905285
-0.4916999999999999,-32.08565228093904
-0.4907,-31.689533116976815
-0.4896999999999999,-31.335855292010564
-0.4887,-31.024618806040255
-0.4876999999999999,-30.656793868075347
-0.4867,-30.288968930110435
-0.48570000000000013,-29.991879557138777
-0.4847,-29.63820173217252
-0.48370000000000013,-29.284523907206257
-0.4827,-28.987434534234602
-0.48170000000000013,-28.662050935265643
-0.4807,-28.308373110299385
-0.4797000000000001,-28.011283737327723
-0.4787,-27.714194364356068
-0.4777000000000001,-27.36051653938981
-0.4767,-27.035132940420848
-0.4757000000000001,-26.752190680447846
-0.4747,-26.426807081478888
-0.4737000000000001,-26.087276369511276
-0.4727,-25.81848122253692
-0.4717000000000001,-25.535538962563912
-0.4707,-25.196008250596304
-0.4697000000000001,-24.898918877624645
-0.4687,-24.64427084364894
-0.4677000000000001,-24.304740131681328
-0.4667,-23.993503645711023
-0.4657000000000001,-23.738855611735314
-0.4647,-23.45591335176231
-0.4637000000000001,-23.13052975279335
-0.4627,-22.87588171881764
-0.4617000000000001,-22.592939458844636
-0.4607,-22.281702972874328
-0.4597000000000001,-21.99876071290132
-0.4587,-21.758259791924264
-0.4577000000000001,-21.447023305953955
-0.4567,-21.16408104598095
-0.4557000000000001,-20.923580125003895
-0.4547,-20.640637865030882
-0.4537000000000001,-20.34354849205923
-0.4527,-20.10304757108217
-0.4517000000000001,-19.848399537106463
-0.4507,-19.551310164134804
-0.4497000000000001,-19.296662130159103
-0.4487,-19.070308322180697
-0.4477000000000001,-18.77321894920904
-0.4467,-18.504423802234676
-0.4457000000000001,-18.27806999425627
-0.4447,-18.02342196028057
-0.4437000000000001,-17.74047970030756
-0.4427,-17.514125892329155
-0.4417000000000001,-17.28777208435075
-0.4407,-17.018976937376394
-0.4397000000000001,-16.792623129397985
-0.4387,-16.580416434418233
-0.4377000000000001,-16.311621287443874
-0.4367,-16.071120366466815
-0.4357000000000001,-15.858913671487063
-0.4347,-15.604265637511356
-0.4337000000000001,-15.349617603535648
-0.4327,-15.137410908555893
-0.4317000000000001,-14.911057100577487
-0.43069999999999997,-14.642261953603128
-0.4297000000000001,-14.430055258623375
-0.42869999999999997,-14.231995676642269
-0.4277000000000001,-13.980177065266293
-0.42669999999999997,-13.745334989488695
-0.4257000000000001,-13.56425194310597
-0.42469999999999997,-13.326580444728645
-0.4237000000000001,-13.087494235051453
-0.42269999999999996,-12.902167054769135
-0.4217000000000001,-12.688545648489512
-0.42069999999999996,-12.439556459713266
-0.4197000000000001,-12.238667455132433
-0.41869999999999996,-12.057584408749708
-0.41770000000000007,-11.821327621672246
-0.41669999999999996,-11.599217947593436
-0.41570000000000007,-11.432282014209362
-0.41469999999999996,-11.211587051430415
-0.41370000000000007,-10.980989109552414
-0.41269999999999996,-10.816882598768071
-0.41170000000000007,-10.62023772808683
-0.41069999999999995,-10.402372187907615
-0.40970000000000006,-10.222703852824754
-0.40869999999999995,-10.055767919440681
-0.40770000000000006,-9.835072956661735
-0.40669999999999995,-9.63701337468063
-0.40570000000000006,-9.48563926559507
-0.40469999999999995,-9.287579683613965
-0.40370000000000006,-9.078202411233942
-0.40269999999999995,-8.942390126446897
-0.40170000000000006,-8.766965925263634
-0.40069999999999995,-8.560418075483337
-0.39970000000000006,-8.403385121198317
-0.39869999999999994,-8.261913991211815
-0.39770000000000005,-8.058195564031248
-0.39669999999999994,-7.892674341947039
-0.39570000000000005,-7.761106191059591
-0.39469999999999994,-7.5814378559767315
-0.39370000000000005,-7.396110675694412
-0.39269999999999994,-7.271616081306289
-0.39170000000000005,-7.120241972220731
-0.39069999999999994,-6.927841235439085
-0.38970000000000005,-6.792028950652041
-0.38869999999999993,-6.673193201463377
-0.38770000000000004,-6.489280732480923
-0.38669999999999993,-6.342150757294959
-0.38570000000000004,-6.234632698505217
-0.38469999999999993,-6.067696765121143
-0.38370000000000004,-5.916322656035583
-0.38269999999999993,-5.811634019845571
-0.38170000000000004,-5.678651157658257
-0.3806999999999999,-5.517374069473643
-0.37970000000000004,-5.40136774288471
-0.3786999999999999,-5.299508529294427
-0.37770000000000004,-5.141060863709543
-0.3766999999999999,-5.0094927128220945
-0.37570000000000003,-4.923195323530328
-0.3746999999999999,-4.785968327443419
-0.37370000000000003,-4.6416677748571855
-0.3726999999999999,-4.561029230764878
-0.37170000000000003,-4.443608192876081
-0.3706999999999999,-4.302137062889576
-0.36970000000000003,-4.205936694498754
-0.3686999999999999,-4.116809882607257
-0.3677,-3.988071154319539
-0.3666999999999999,-3.8791383842299307
-0.3657,-3.811232241836409
-0.3646999999999999,-3.693811203947611
-0.3637,-3.569316609559488
-0.3626999999999999,-3.507069312365426
-0.3617,-3.415113077874199
-0.36070000000000013,-3.287789060886346
-0.3597,-3.2212976297926885
-0.35870000000000013,-3.153391487399167
-0.3577,-3.0373851608102336
-0.35670000000000013,-2.9468436376188714
-0.3557,-2.8987434534234597
-0.3547000000000001,-2.798298951133043
-0.3537,-2.6950250262428948
-0.3527000000000001,-2.6469248420474836
-0.3517,-2.5719451431546365
-0.3507000000000001,-2.467256506964624
-0.3497,-2.4050092097705624
-0.3487000000000001,-2.359738448174881
-0.3477,-2.250805678085273
-0.3467000000000001,-2.184314246991617
-0.3457,-2.151775887094721
-0.3447000000000001,-2.0612343639033583
-0.3437,-1.9749369746115912
-0.3427000000000001,-1.9494721712140204
-0.3417,-1.8773218949209036
-0.3407000000000001,-1.7924392169290013
-0.3397,-1.7429243214337253
-0.3387000000000001,-1.7103859615368293
-0.3377,-1.6255032835449272
-0.3367000000000001,-1.5618412750510005
-0.3357,-1.55052358465208
-0.3347000000000001,-1.472714463159503
-0.3337,-1.3925003324571557
-0.3327000000000001,-1.3840120646579654
-0.3317,-1.3302530352630941
-0.3307000000000001,-1.2474924242209893
-0.3297,-1.2189152559637155
-0.3287000000000001,-1.195148106125983
-0.3277,-1.115075446553622
-0.3267000000000001,-1.0715023385177789
-0.3257,-1.0593358213389397
-0.3247000000000001,-1.0020400136944054
-0.3237,-0.9363974093806677
-0.3227000000000001,-0.9346997558208296
-0.3217,-0.8928243013448246
-0.3207000000000001,-0.8186934292318968
-0.3197,-0.8019998358934892
-0.3187000000000001,-0.7875697806348659
-0.3177,-0.713438908521938
-0.3167000000000001,-0.6835885000947858
-0.3157,-0.6783540682852851
-0.3147000000000001,-0.6271415192301707
-0.3137,-0.5715433651454748
-0.3127000000000001,-0.5712604228855018
-0.3117,-0.540419716548444
-0.3107000000000001,-0.4756259390146253
-0.3097,-0.4619032394059345
-0.3087000000000001,-0.4621861816659074
-0.3077,-0.3932897413624802
-0.3067000000000001,-0.3689567070048016
-0.30569999999999997,-0.37192760073451814
-0.3047000000000001,-0.3215638784593228
-0.30369999999999997,-0.2801128373732773
-0.3027000000000001,-0.2874693361325754
-0.30169999999999997,-0.26016540804518024
-0.3007000000000001,-0.19947429328097016
-0.29969999999999997,-0.19523015938137506
-0.2987000000000001,-0.19876693763103764
-0.29769999999999996,-0.13717040763491395
-0.2967000000000001,-0.12042022584451192
-0.29569999999999996,-0.1366186702279666
-0.2947000000000001,-0.08860336871054725
-0.29369999999999996,-0.042823311046914656
-0.29270000000000007,-0.06557186874874445
-0.29169999999999996,-0.03947044526623452
-0.29070000000000007,0.010635799552385347
-0.28969999999999996,0.008401970409898454
-0.28870000000000007,0.00854202682858509
-0.28769999999999996,0.05349023424789704
-0.28670000000000007,0.07233418876209932
-0.28569999999999995,0.05515959358173778
-0.28470000000000006,0.09703504805774286
-0.28369999999999995,0.13541616562308129
-0.28270000000000006,0.10791417795370499
-0.28169999999999995,0.13011099824858743
-0.28070000000000006,0.17995127734283267
-0.27969999999999995,0.17033124050375043
-0.27870000000000006,0.16481386643427676
-0.27769999999999995,0.21390434853959353
-0.27670000000000006,0.22097790503891873
-0.27569999999999995,0.2078210899501739
-0.27470000000000006,0.2420571034069078
-0.27369999999999994,0.26851220471438403
-0.27270000000000005,0.250545371206098
-0.27169999999999994,0.2610142348250993
-0.27070000000000005,0.30685088094072643
-0.26969999999999994,0.2999187955713878
-0.26870000000000005,0.28322520223298037
-0.26769999999999994,0.33641834710790575
-0.26670000000000005,0.3433504324772444
-0.26569999999999994,0.3185929847296063
-0.26470000000000005,0.3541022383562187
-0.26369999999999993,0.37419113881430216
-0.26270000000000004,0.3535363538362727
-0.26169999999999993,0.3685322936148421
-0.26070000000000004,0.40531478741133303
-0.25969999999999993,0.3989485865619403
-0.25870000000000004,0.38211352209354643
-0.25769999999999993,0.42596957238936256
-0.25670000000000004,0.4371457916582963
-0.2556999999999999,0.40573920080129255
-0.25470000000000004,0.4370043205283098
-0.2536999999999999,0.46444971974569155
-0.25270000000000004,0.4348822535785123
-0.2516999999999999,0.4535564427367308
-0.25070000000000003,0.4845386202037751
-0.24969999999999992,0.4703915072051247
-0.24870000000000003,0.46176176827594795
-0.24769999999999992,0.5013736846721689
-0.24670000000000003,0.502222511452088
-0.24569999999999992,0.48086037082412597
-0.24470000000000003,0.503071338232007
-0.24369999999999992,0.5391464763785655
-0.24270000000000003,0.4991101465923849
-0.24169999999999991,0.5129743173310622
-0.24070000000000003,0.5561230119769459
-0.2396999999999999,0.5323558621392133
-0.23870000000000002,0.5177843357506035
-0.2376999999999999,0.5640453952561902
-0.23670000000000002,0.5624892128263386
-0.23570000000000013,0.533346160049119
-0.23470000000000002,0.5571133098868515
-0.23370000000000013,0.5791828061647459
-0.23270000000000002,0.5582450789267435
-0.23170000000000013,0.5593768479666354
-0.23070000000000002,0.596300812893113
-0.22970000000000013,0.582295171024449
-0.22870000000000001,0.5605086170065275
-0.22770000000000012,0.6100235125018038
-0.2267,0.6042231961723572
-0.22570000000000012,0.576353383565016
-0.2247,0.6073355610320602
-0.22370000000000012,0.6255853368003192
-0.2227,0.5933299191633964
-0.22170000000000012,0.6043646673023436
-0.2207,0.637610382849172
-0.21970000000000012,0.6230388564605621
-0.2187,0.597998466452951
-0.21770000000000012,0.6432692280486321
-0.2167,0.6442595259585376
-0.2157000000000001,0.6203509049908186
-0.2147,0.6421374590087401
-0.2137000000000001,0.6647728398065808
-0.2127,0.6248779811503866
-0.2117000000000001,0.6422789301387266
-0.2107,0.6722708096958655
-0.2097000000000001,0.6513330824578628
-0.2087,0.6369030271992394
-0.2077000000000001,0.6719878674358926
-0.2067,0.6694413870961354
-0.2057000000000001,0.6424204012687131
-0.2047,0.6623678305968101
-0.2037000000000001,0.694057363713787
-0.2027,0.6562845720073905
-0.2017000000000001,0.6596798791270665
-0.2007,0.7002820934331931
-0.1997000000000001,0.6787784816752446
-0.1987,0.65670898539735
-0.1977000000000001,0.7008479779531391
-0.19669999999999999,0.6964623729235576
-0.1957000000000001,0.6667534356263918
-0.19469999999999998,0.6910864699840705
-0.1937000000000001,0.7151365620817761
-0.19269999999999998,0.6803346641050962
-0.1917000000000001,0.6875496917344079
-0.1907000000000001,0.7217857051911418
-0.1897000000000002,0.7038188716828558
-0.1887000000000001,0.6769393569854201
-0.1877000000000002,0.7241907144009123
-0.1867000000000001,0.715985388861695
-0.1857000000000002,0.6857105670445833
-0.1847000000000001,0.7135803796519244
-0.1837000000000002,0.7352254625398595
-0.18270000000000008,0.6957550172736251
-0.1817000000000002,0.7055165252426938
-0.18070000000000008,0.7352254625398595
-0.1797000000000002,0.7213612918011821
-0.17870000000000008,0.6973111997034765
-0.1777000000000002,0.7394695964394546
-0.17670000000000008,0.7397525386994277
-0.1757000000000002,0.7018382758630447
-0.17470000000000008,0.7298495596003725
-0.1737000000000002,0.7547484784779971
-0.17270000000000008,0.717117157901587
-0.17170000000000019,0.7287177905604804
-0.17070000000000007,0.7574364299477406
-0.16970000000000018,0.7328204533300889
-0.16870000000000007,0.7217857051911418
-0.16770000000000018,0.7570120165577812
-0.16670000000000007,0.7578608433377001
-0.16570000000000018,0.7256054257007774
-0.16470000000000007,0.7584267278576461
-0.16370000000000018,0.7778082726657971
-0.16270000000000007,0.7372060583596707
-0.16170000000000018,0.7408843077393197
-0.16070000000000007,0.7824768199553517
-0.15970000000000018,0.7570120165577812
-0.15870000000000006,0.7407428366093332
-0.15770000000000017,0.7848818291651223
-0.15670000000000006,0.7762520902359457
-0.15570000000000017,0.7462602106788069
-0.15470000000000006,0.7728567831162695
-0.15370000000000017,0.790965087754542
-0.15270000000000006,0.7613976215873628
-0.15170000000000017,0.7632367462771872
-0.15070000000000006,0.8024242492834487
-0.14970000000000017,0.7817694643054193
-0.14870000000000005,0.7599829102874976
-0.14770000000000016,0.8085075078728684
-0.14670000000000005,0.7974727597339211
-0.14570000000000016,0.7653588132269848
-0.14470000000000005,0.7994533555537322
-0.14370000000000016,0.8148737087222612
-0.14270000000000005,0.7773838592758376
-0.14170000000000016,0.7930871547043395
-0.14070000000000005,0.8186934292318968
-0.13970000000000016,0.8055366141431518
-0.13870000000000005,0.7845988869051493
-0.13770000000000016,0.8254840434712489
-0.13670000000000004,0.8261913991211816
-0.13570000000000015,0.7858721270750278
-0.13470000000000004,0.8157225355021802
-0.13370000000000015,0.8431679347195619
-0.13270000000000004,0.7995948266837187
-0.13170000000000015,0.8152981221122206
-0.13070000000000004,0.8438752903694944
-0.12970000000000015,0.824352274431357
-0.12870000000000004,0.8076586810929495
-0.12770000000000015,0.8433094058495484
-0.12670000000000003,0.8437338192395079
-0.12570000000000014,0.8158640066321667
-0.12470000000000003,0.8365187916101962
-0.12370000000000014,0.865944786647389
-0.12270000000000003,0.8215228518316268
-0.12170000000000014,0.8339723112704392
-0.12070000000000003,0.8723109874967817
-0.11970000000000014,0.8489682510490086
-0.11870000000000003,0.828596408330952
-0.11770000000000014,0.8774039481762959
-0.11670000000000003,0.8716036318468491
-0.11570000000000014,0.8383579163000208
-0.11470000000000002,0.8615591816178074
-0.11370000000000013,0.8946634260346491
-0.11270000000000002,0.8510903179988061
-0.11170000000000013,0.8597200569279828
-0.11070000000000024,0.90272728044388
-0.10970000000000013,0.8779698326962417
-0.10870000000000024,0.8499585489589141
-0.10770000000000013,0.90272728044388
-0.10670000000000024,0.8984831465442846
-0.10570000000000013,0.8605688837079019
-0.10470000000000024,0.894380483774676
-0.10370000000000013,0.9184305758723817
-0.10270000000000024,0.8765551213963767
-0.10170000000000012,0.885609273715513
-0.10070000000000023,0.9235235365518959
-0.09970000000000012,0.9068299432134885
-0.09870000000000023,0.8799504285160528
-0.09770000000000012,0.9280506127114639
-0.09670000000000023,0.9280506127114639
-0.09570000000000012,0.8849019180655805
-0.09470000000000023,0.9201282294322198
-0.09370000000000012,0.9472906863896284
-0.09270000000000023,0.9028687515738664
-0.09170000000000011,0.9177232202224491
-0.09070000000000022,0.9450271483098445
-0.08970000000000011,0.9298897374012886
-0.08870000000000022,0.9137620285828272
-0.08770000000000011,0.9505445223793181
-0.08670000000000022,0.9512518780292506
-0.08570000000000011,0.9191379315223143
-0.08470000000000022,0.9458759750897635
-0.08370000000000011,0.9750190278669832
-0.08270000000000022,0.9321532754810725
-0.0817000000000001,0.9372462361605868
-0.08070000000000022,0.9849220069660385
-0.0797000000000001,0.9516762914192101
-0.07870000000000021,0.9356900537307352
-0.0777000000000001,0.983082882276214
-0.07670000000000021,0.9748775567369968
-0.0757000000000001,0.9438953792699524
-0.07470000000000021,0.9724725475272262
-0.0737000000000001,0.9965226396249317
-0.07270000000000021,0.9635598663380764
-0.0717000000000001,0.9644086931179956
-0.07070000000000021,1.008406214543798
-0.0697000000000001,0.98364876679616
-0.0687000000000002,0.9601645592184004
-0.0677000000000001,1.0118015216634741
-0.0667000000000002,1.0057182630740547
-0.06570000000000009,0.966530760067793
-0.0647000000000002,1.0040206095142166
-0.06370000000000009,1.0218459718925161
-0.0627000000000002,0.9910052655554581
-0.06170000000000009,1.001898542564419
-0.0607000000000002,1.0342954313313282
-0.059700000000000086,1.0154797710431231
-0.058700000000000196,0.9853464203559981
-0.057700000000000085,1.038115151840964
-0.056700000000000195,1.0385395652309235
-0.05570000000000008,1.000766773524527
-0.05470000000000019,1.0318904221215577
-0.05370000000000008,1.0580625811690607
-0.05270000000000019,1.0136406463532988
-0.05170000000000008,1.0310415953416388
-0.05070000000000019,1.063155541848575
-0.04970000000000008,1.041227516700667
-0.04870000000000019,1.0256656924021514
-0.047700000000000076,1.0655605510583457
-0.046700000000000186,1.0686729159180488
-0.045700000000000074,1.0314660087315983
-0.044700000000000184,1.060609061508818
-0.04370000000000007,1.0913082967158894
-0.04270000000000018,1.0467448907701407
-0.04170000000000007,1.0539599183994524
-0.04070000000000018,1.100220977905039
-0.03970000000000007,1.0723511652976978
-0.03870000000000018,1.0550916874393443
-0.03770000000000007,1.101918631464877
-0.03670000000000018,1.100786862424985
-0.035700000000000065,1.0658434933183185
-0.034700000000000175,1.0941377193156194
-0.03370000000000006,1.1238466566127852
-0.03270000000000017,1.0848006247365103
-0.03170000000000006,1.0880544607261995
-0.03070000000000017,1.1351643470117054
-0.02970000000000006,1.1118216105639322
-0.02870000000000017,1.086215336036375
-0.027700000000000058,1.1385596541313816
-0.026700000000000168,1.1405402499511925
-0.025700000000000056,1.0952694883555114
-0.024700000000000166,1.1374278850914896
-0.023700000000000054,1.1600632658893302
-0.022700000000000164,1.1177633980233654
-0.021700000000000053,1.1275249059924342
-0.020700000000000163,1.1684100625585339
-0.01970000000000005,1.151857940350113
-0.01870000000000016,1.1197439938431764
-0.01770000000000005,1.1730786098480883
-0.01670000000000016,1.17746421487767
-0.015700000000000047,1.1316275687620427
-0.014700000000000157,1.1672782935186419
-0.013700000000000045,1.1986848843756457
-0.012700000000000156,1.1500188156602882
-0.011700000000000044,1.1684100625585339
-0.010700000000000154,1.211417286074431
-0.009700000000000042,1.1873671939767252
-0.008700000000000152,1.1611950349292222
-0.00770000000000004,1.207739036694782
-0.00670000000000015,1.2170761312738911
-0.005700000000000038,1.1733615521080614
-0.0047000000000001485,1.206324325394917
-0.0037000000000000366,1.241267694501583
-0.0027000000000001467,1.1862354249368332
-0.0017000000000000348,1.2000995956755107
-0.000700000000000145,1.251312144730625
0.00029999999999996696,1.2169346601439046
0.0012999999999998568,1.2008069513254431
0.0022999999999999687,1.2508877313406654
0.0032999999999998586,1.2504633179507059
0.0042999999999999705,1.2118416994643904
0.00529999999999986,1.2399944543317047
0.006299999999999972,1.273240169878533
0.007299999999999862,1.234760022522204
0.008299999999999974,1.2337697246122985
0.009299999999999864,1.2902167054769134
0.010299999999999976,1.2596589413998287
0.011299999999999866,1.2392870986817721
0.012299999999999978,1.2904996477368864
