Sept. 4, 2024   22:51:35
Linear Sweep Voltammetry
File: c:/users/guazh/data/20240903_batch_252_500/2024-09-03-exp265\pre-regen-2024-09-04t22_48_31-lsvinphos\pre-regen_lsv_50mvs_efin_-1900mv.bin
Data Source:  Experiment
Instrument Model:  CHI760E
Header: LSV ran at 50 mVs with Efin at -1900mV
Note: 

Init E (V) = -0.6
Final E (V) = -1.9
Scan Rate (V/s) = 0.05
Sample Interval (V) = 0.001
Quiet Time (sec) = 2
Sensitivity (A/V) = 1e-4
Comp R (ohm) = 8.7

Results:

Channel 1:
Ep = -1.436V
ip = 5.363e-4A
Ah = 8.122e-4C

Potential/V, Current/A

-0.600, 1.447e-5
-0.601, 1.493e-5
-0.602, 1.512e-5
-0.603, 1.523e-5
-0.604, 1.531e-5
-0.605, 1.539e-5
-0.606, 1.545e-5
-0.607, 1.550e-5
-0.608, 1.555e-5
-0.609, 1.560e-5
-0.610, 1.564e-5
-0.611, 1.569e-5
-0.612, 1.573e-5
-0.613, 1.577e-5
-0.614, 1.581e-5
-0.615, 1.586e-5
-0.616, 1.589e-5
-0.617, 1.593e-5
-0.618, 1.597e-5
-0.619, 1.601e-5
-0.620, 1.604e-5
-0.621, 1.608e-5
-0.622, 1.612e-5
-0.623, 1.615e-5
-0.624, 1.619e-5
-0.625, 1.622e-5
-0.626, 1.626e-5
-0.627, 1.630e-5
-0.628, 1.633e-5
-0.629, 1.637e-5
-0.630, 1.640e-5
-0.631, 1.643e-5
-0.632, 1.647e-5
-0.633, 1.653e-5
-0.634, 1.774e-5
-0.635, 1.714e-5
-0.636, 1.688e-5
-0.637, 1.680e-5
-0.638, 1.679e-5
-0.639, 1.679e-5
-0.640, 1.682e-5
-0.641, 1.685e-5
-0.642, 1.689e-5
-0.643, 1.694e-5
-0.644, 1.697e-5
-0.645, 1.701e-5
-0.646, 1.704e-5
-0.647, 1.708e-5
-0.648, 1.713e-5
-0.649, 1.717e-5
-0.650, 1.720e-5
-0.651, 1.723e-5
-0.652, 1.727e-5
-0.653, 1.731e-5
-0.654, 1.735e-5
-0.655, 1.738e-5
-0.656, 1.742e-5
-0.657, 1.746e-5
-0.658, 1.749e-5
-0.659, 1.754e-5
-0.660, 1.758e-5
-0.661, 1.762e-5
-0.662, 1.766e-5
-0.663, 1.770e-5
-0.664, 1.776e-5
-0.665, 1.777e-5
-0.666, 1.782e-5
-0.667, 1.787e-5
-0.668, 1.791e-5
-0.669, 1.794e-5
-0.670, 1.799e-5
-0.671, 1.802e-5
-0.672, 1.806e-5
-0.673, 1.811e-5
-0.674, 1.815e-5
-0.675, 1.820e-5
-0.676, 1.824e-5
-0.677, 1.827e-5
-0.678, 1.832e-5
-0.679, 1.837e-5
-0.680, 1.841e-5
-0.681, 1.846e-5
-0.682, 1.850e-5
-0.683, 1.855e-5
-0.684, 1.860e-5
-0.685, 1.864e-5
-0.686, 1.869e-5
-0.687, 1.873e-5
-0.688, 1.878e-5
-0.689, 1.883e-5
-0.690, 1.888e-5
-0.691, 1.893e-5
-0.692, 1.898e-5
-0.693, 1.902e-5
-0.694, 1.907e-5
-0.695, 1.911e-5
-0.696, 1.916e-5
-0.697, 1.922e-5
-0.698, 1.927e-5
-0.699, 1.932e-5
-0.700, 1.937e-5
-0.701, 1.942e-5
-0.702, 1.947e-5
-0.703, 1.952e-5
-0.704, 1.957e-5
-0.705, 1.962e-5
-0.706, 1.967e-5
-0.707, 1.972e-5
-0.708, 1.978e-5
-0.709, 1.983e-5
-0.710, 1.988e-5
-0.711, 1.994e-5
-0.712, 1.999e-5
-0.713, 2.005e-5
-0.714, 2.009e-5
-0.715, 2.015e-5
-0.716, 2.021e-5
-0.717, 2.026e-5
-0.718, 2.031e-5
-0.719, 2.036e-5
-0.720, 2.042e-5
-0.721, 2.048e-5
-0.722, 2.054e-5
-0.723, 2.059e-5
-0.724, 2.065e-5
-0.725, 2.071e-5
-0.726, 2.077e-5
-0.727, 2.082e-5
-0.728, 2.088e-5
-0.729, 2.094e-5
-0.730, 2.099e-5
-0.731, 2.106e-5
-0.732, 2.111e-5
-0.733, 2.117e-5
-0.734, 2.123e-5
-0.735, 2.130e-5
-0.736, 2.136e-5
-0.737, 2.141e-5
-0.738, 2.147e-5
-0.739, 2.153e-5
-0.740, 2.159e-5
-0.741, 2.165e-5
-0.742, 2.172e-5
-0.743, 2.178e-5
-0.744, 2.184e-5
-0.745, 2.190e-5
-0.746, 2.196e-5
-0.747, 2.203e-5
-0.748, 2.209e-5
-0.749, 2.215e-5
-0.750, 2.222e-5
-0.751, 2.227e-5
-0.752, 2.234e-5
-0.753, 2.240e-5
-0.754, 2.247e-5
-0.755, 2.254e-5
-0.756, 2.260e-5
-0.757, 2.267e-5
-0.758, 2.274e-5
-0.759, 2.280e-5
-0.760, 2.287e-5
-0.761, 2.294e-5
-0.762, 2.300e-5
-0.763, 2.307e-5
-0.764, 2.314e-5
-0.765, 2.320e-5
-0.766, 2.327e-5
-0.767, 2.334e-5
-0.768, 2.341e-5
-0.769, 2.349e-5
-0.770, 2.355e-5
-0.771, 2.362e-5
-0.772, 2.368e-5
-0.773, 2.375e-5
-0.774, 2.382e-5
-0.775, 2.389e-5
-0.776, 2.397e-5
-0.777, 2.404e-5
-0.778, 2.411e-5
-0.779, 2.418e-5
-0.780, 2.425e-5
-0.781, 2.432e-5
-0.782, 2.439e-5
-0.783, 2.446e-5
-0.784, 2.453e-5
-0.785, 2.460e-5
-0.786, 2.467e-5
-0.787, 2.475e-5
-0.788, 2.482e-5
-0.789, 2.489e-5
-0.790, 2.496e-5
-0.791, 2.504e-5
-0.792, 2.511e-5
-0.793, 2.518e-5
-0.794, 2.525e-5
-0.795, 2.533e-5
-0.796, 2.540e-5
-0.797, 2.547e-5
-0.798, 2.554e-5
-0.799, 2.562e-5
-0.800, 2.569e-5
-0.801, 2.577e-5
-0.802, 2.584e-5
-0.803, 2.591e-5
-0.804, 2.598e-5
-0.805, 2.605e-5
-0.806, 2.612e-5
-0.807, 2.619e-5
-0.808, 2.626e-5
-0.809, 2.634e-5
-0.810, 2.641e-5
-0.811, 2.649e-5
-0.812, 2.655e-5
-0.813, 2.663e-5
-0.814, 2.670e-5
-0.815, 2.678e-5
-0.816, 2.685e-5
-0.817, 2.692e-5
-0.818, 2.699e-5
-0.819, 2.707e-5
-0.820, 2.715e-5
-0.821, 2.722e-5
-0.822, 2.729e-5
-0.823, 2.736e-5
-0.824, 2.743e-5
-0.825, 2.750e-5
-0.826, 2.757e-5
-0.827, 2.764e-5
-0.828, 2.771e-5
-0.829, 2.778e-5
-0.830, 2.784e-5
-0.831, 2.790e-5
-0.832, 2.798e-5
-0.833, 2.804e-5
-0.834, 2.811e-5
-0.835, 2.818e-5
-0.836, 2.825e-5
-0.837, 2.832e-5
-0.838, 2.839e-5
-0.839, 2.845e-5
-0.840, 2.858e-5
-0.841, 2.869e-5
-0.842, 2.873e-5
-0.843, 2.881e-5
-0.844, 2.886e-5
-0.845, 2.891e-5
-0.846, 2.898e-5
-0.847, 2.903e-5
-0.848, 2.910e-5
-0.849, 2.916e-5
-0.850, 2.922e-5
-0.851, 2.929e-5
-0.852, 2.935e-5
-0.853, 2.942e-5
-0.854, 2.949e-5
-0.855, 2.955e-5
-0.856, 2.961e-5
-0.857, 2.968e-5
-0.858, 2.973e-5
-0.859, 2.981e-5
-0.860, 2.987e-5
-0.861, 2.992e-5
-0.862, 2.999e-5
-0.863, 3.005e-5
-0.864, 3.012e-5
-0.865, 3.018e-5
-0.866, 3.024e-5
-0.867, 3.031e-5
-0.868, 3.037e-5
-0.869, 3.043e-5
-0.870, 3.051e-5
-0.871, 3.058e-5
-0.872, 3.064e-5
-0.873, 3.070e-5
-0.874, 3.077e-5
-0.875, 3.084e-5
-0.876, 3.090e-5
-0.877, 3.097e-5
-0.878, 3.103e-5
-0.879, 3.109e-5
-0.880, 3.116e-5
-0.881, 3.124e-5
-0.882, 3.130e-5
-0.883, 3.137e-5
-0.884, 3.143e-5
-0.885, 3.150e-5
-0.886, 3.158e-5
-0.887, 3.165e-5
-0.888, 3.172e-5
-0.889, 3.179e-5
-0.890, 3.186e-5
-0.891, 3.195e-5
-0.892, 3.202e-5
-0.893, 3.209e-5
-0.894, 3.217e-5
-0.895, 3.225e-5
-0.896, 3.233e-5
-0.897, 3.240e-5
-0.898, 3.248e-5
-0.899, 3.256e-5
-0.900, 3.264e-5
-0.901, 3.272e-5
-0.902, 3.281e-5
-0.903, 3.289e-5
-0.904, 3.298e-5
-0.905, 3.306e-5
-0.906, 3.315e-5
-0.907, 3.324e-5
-0.908, 3.333e-5
-0.909, 3.342e-5
-0.910, 3.351e-5
-0.911, 3.360e-5
-0.912, 3.369e-5
-0.913, 3.379e-5
-0.914, 3.388e-5
-0.915, 3.398e-5
-0.916, 3.408e-5
-0.917, 3.418e-5
-0.918, 3.429e-5
-0.919, 3.438e-5
-0.920, 3.450e-5
-0.921, 3.460e-5
-0.922, 3.471e-5
-0.923, 3.482e-5
-0.924, 3.493e-5
-0.925, 3.505e-5
-0.926, 3.516e-5
-0.927, 3.527e-5
-0.928, 3.539e-5
-0.929, 3.551e-5
-0.930, 3.564e-5
-0.931, 3.575e-5
-0.932, 3.587e-5
-0.933, 3.599e-5
-0.934, 3.612e-5
-0.935, 3.625e-5
-0.936, 3.638e-5
-0.937, 3.651e-5
-0.938, 3.665e-5
-0.939, 3.678e-5
-0.940, 3.691e-5
-0.941, 3.705e-5
-0.942, 3.720e-5
-0.943, 3.733e-5
-0.944, 3.747e-5
-0.945, 3.762e-5
-0.946, 3.776e-5
-0.947, 3.790e-5
-0.948, 3.805e-5
-0.949, 3.820e-5
-0.950, 3.835e-5
-0.951, 3.850e-5
-0.952, 3.865e-5
-0.953, 3.881e-5
-0.954, 3.896e-5
-0.955, 3.912e-5
-0.956, 3.928e-5
-0.957, 3.943e-5
-0.958, 3.959e-5
-0.959, 3.976e-5
-0.960, 3.992e-5
-0.961, 4.009e-5
-0.962, 4.025e-5
-0.963, 4.042e-5
-0.964, 4.058e-5
-0.965, 4.075e-5
-0.966, 4.092e-5
-0.967, 4.109e-5
-0.968, 4.126e-5
-0.969, 4.143e-5
-0.970, 4.159e-5
-0.971, 4.177e-5
-0.972, 4.193e-5
-0.973, 4.211e-5
-0.974, 4.229e-5
-0.975, 4.246e-5
-0.976, 4.263e-5
-0.977, 4.280e-5
-0.978, 4.296e-5
-0.979, 4.313e-5
-0.980, 4.330e-5
-0.981, 4.348e-5
-0.982, 4.364e-5
-0.983, 4.380e-5
-0.984, 4.398e-5
-0.985, 4.415e-5
-0.986, 4.432e-5
-0.987, 4.449e-5
-0.988, 4.466e-5
-0.989, 4.483e-5
-0.990, 4.501e-5
-0.991, 4.517e-5
-0.992, 4.535e-5
-0.993, 4.552e-5
-0.994, 4.568e-5
-0.995, 4.585e-5
-0.996, 4.602e-5
-0.997, 4.619e-5
-0.998, 4.636e-5
-0.999, 4.652e-5
-1.000, 4.669e-5
-1.001, 4.685e-5
-1.002, 4.702e-5
-1.003, 4.718e-5
-1.004, 4.735e-5
-1.005, 4.751e-5
-1.006, 4.767e-5
-1.007, 4.783e-5
-1.008, 4.800e-5
-1.009, 4.816e-5
-1.010, 4.831e-5
-1.011, 4.847e-5
-1.012, 4.863e-5
-1.013, 4.878e-5
-1.014, 4.893e-5
-1.015, 4.909e-5
-1.016, 4.925e-5
-1.017, 4.940e-5
-1.018, 4.954e-5
-1.019, 4.970e-5
-1.020, 4.984e-5
-1.021, 4.999e-5
-1.022, 5.014e-5
-1.023, 5.029e-5
-1.024, 5.045e-5
-1.025, 5.060e-5
-1.026, 5.075e-5
-1.027, 5.090e-5
-1.028, 5.104e-5
-1.029, 5.119e-5
-1.030, 5.134e-5
-1.031, 5.148e-5
-1.032, 5.162e-5
-1.033, 5.177e-5
-1.034, 5.194e-5
-1.035, 5.208e-5
-1.036, 5.221e-5
-1.037, 5.241e-5
-1.038, 5.253e-5
-1.039, 5.265e-5
-1.040, 5.279e-5
-1.041, 5.293e-5
-1.042, 5.307e-5
-1.043, 5.322e-5
-1.044, 5.337e-5
-1.045, 5.351e-5
-1.046, 5.366e-5
-1.047, 5.381e-5
-1.048, 5.396e-5
-1.049, 5.412e-5
-1.050, 5.427e-5
-1.051, 5.442e-5
-1.052, 5.457e-5
-1.053, 5.472e-5
-1.054, 5.488e-5
-1.055, 5.503e-5
-1.056, 5.519e-5
-1.057, 5.535e-5
-1.058, 5.551e-5
-1.059, 5.567e-5
-1.060, 5.583e-5
-1.061, 5.599e-5
-1.062, 5.616e-5
-1.063, 5.633e-5
-1.064, 5.651e-5
-1.065, 5.669e-5
-1.066, 5.686e-5
-1.067, 5.705e-5
-1.068, 5.723e-5
-1.069, 5.742e-5
-1.070, 5.759e-5
-1.071, 5.779e-5
-1.072, 5.798e-5
-1.073, 5.816e-5
-1.074, 5.835e-5
-1.075, 5.856e-5
-1.076, 5.878e-5
-1.077, 5.897e-5
-1.078, 5.918e-5
-1.079, 5.940e-5
-1.080, 5.961e-5
-1.081, 5.983e-5
-1.082, 6.004e-5
-1.083, 6.026e-5
-1.084, 6.048e-5
-1.085, 6.072e-5
-1.086, 6.096e-5
-1.087, 6.119e-5
-1.088, 6.143e-5
-1.089, 6.167e-5
-1.090, 6.191e-5
-1.091, 6.232e-5
-1.092, 6.322e-5
-1.093, 6.313e-5
-1.094, 6.329e-5
-1.095, 6.352e-5
-1.096, 6.376e-5
-1.097, 6.403e-5
-1.098, 6.429e-5
-1.099, 6.456e-5
-1.100, 6.485e-5
-1.101, 6.514e-5
-1.102, 6.543e-5
-1.103, 6.573e-5
-1.104, 6.604e-5
-1.105, 6.637e-5
-1.106, 6.669e-5
-1.107, 6.704e-5
-1.108, 6.737e-5
-1.109, 6.772e-5
-1.110, 6.807e-5
-1.111, 6.845e-5
-1.112, 6.883e-5
-1.113, 6.919e-5
-1.114, 6.958e-5
-1.115, 6.997e-5
-1.116, 7.036e-5
-1.117, 7.077e-5
-1.118, 7.118e-5
-1.119, 7.160e-5
-1.120, 7.204e-5
-1.121, 7.249e-5
-1.122, 7.293e-5
-1.123, 7.339e-5
-1.124, 7.386e-5
-1.125, 7.433e-5
-1.126, 7.481e-5
-1.127, 7.528e-5
-1.128, 7.577e-5
-1.129, 7.628e-5
-1.130, 7.680e-5
-1.131, 7.732e-5
-1.132, 7.785e-5
-1.133, 7.838e-5
-1.134, 7.892e-5
-1.135, 7.948e-5
-1.136, 8.005e-5
-1.137, 8.063e-5
-1.138, 8.120e-5
-1.139, 8.181e-5
-1.140, 8.243e-5
-1.141, 8.304e-5
-1.142, 8.369e-5
-1.143, 8.437e-5
-1.144, 8.501e-5
-1.145, 8.567e-5
-1.146, 8.633e-5
-1.147, 8.702e-5
-1.148, 8.769e-5
-1.149, 8.839e-5
-1.150, 8.911e-5
-1.151, 8.982e-5
-1.152, 9.055e-5
-1.153, 9.130e-5
-1.154, 9.205e-5
-1.155, 9.282e-5
-1.156, 9.359e-5
-1.157, 9.436e-5
-1.158, 9.517e-5
-1.159, 9.598e-5
-1.160, 9.680e-5
-1.161, 9.763e-5
-1.162, 9.847e-5
-1.163, 9.932e-5
-1.164, 1.002e-4
-1.165, 1.012e-4
-1.166, 1.022e-4
-1.167, 1.030e-4
-1.168, 1.039e-4
-1.169, 1.048e-4
-1.170, 1.057e-4
-1.171, 1.066e-4
-1.172, 1.076e-4
-1.173, 1.086e-4
-1.174, 1.096e-4
-1.175, 1.105e-4
-1.176, 1.116e-4
-1.177, 1.126e-4
-1.178, 1.136e-4
-1.179, 1.147e-4
-1.180, 1.158e-4
-1.181, 1.169e-4
-1.182, 1.179e-4
-1.183, 1.190e-4
-1.184, 1.201e-4
-1.185, 1.213e-4
-1.186, 1.224e-4
-1.187, 1.235e-4
-1.188, 1.247e-4
-1.189, 1.259e-4
-1.190, 1.271e-4
-1.191, 1.283e-4
-1.192, 1.295e-4
-1.193, 1.308e-4
-1.194, 1.320e-4
-1.195, 1.333e-4
-1.196, 1.345e-4
-1.197, 1.359e-4
-1.198, 1.372e-4
-1.199, 1.385e-4
-1.200, 1.398e-4
-1.201, 1.412e-4
-1.202, 1.425e-4
-1.203, 1.439e-4
-1.204, 1.453e-4
-1.205, 1.467e-4
-1.206, 1.481e-4
-1.207, 1.496e-4
-1.208, 1.511e-4
-1.209, 1.525e-4
-1.210, 1.540e-4
-1.211, 1.555e-4
-1.212, 1.570e-4
-1.213, 1.585e-4
-1.214, 1.600e-4
-1.215, 1.615e-4
-1.216, 1.631e-4
-1.217, 1.647e-4
-1.218, 1.663e-4
-1.219, 1.680e-4
-1.220, 1.697e-4
-1.221, 1.713e-4
-1.222, 1.730e-4
-1.223, 1.747e-4
-1.224, 1.764e-4
-1.225, 1.781e-4
-1.226, 1.799e-4
-1.227, 1.817e-4
-1.228, 1.835e-4
-1.229, 1.853e-4
-1.230, 1.871e-4
-1.231, 1.890e-4
-1.232, 1.908e-4
-1.233, 1.927e-4
-1.234, 1.946e-4
-1.235, 1.965e-4
-1.236, 1.985e-4
-1.237, 2.005e-4
-1.238, 2.024e-4
-1.239, 2.044e-4
-1.240, 2.065e-4
-1.241, 2.086e-4
-1.242, 2.106e-4
-1.243, 2.126e-4
-1.244, 2.147e-4
-1.245, 2.168e-4
-1.246, 2.189e-4
-1.247, 2.211e-4
-1.248, 2.233e-4
-1.249, 2.255e-4
-1.250, 2.277e-4
-1.251, 2.299e-4
-1.252, 2.322e-4
-1.253, 2.344e-4
-1.254, 2.367e-4
-1.255, 2.390e-4
-1.256, 2.413e-4
-1.257, 2.436e-4
-1.258, 2.460e-4
-1.259, 2.484e-4
-1.260, 2.508e-4
-1.261, 2.532e-4
-1.262, 2.556e-4
-1.263, 2.581e-4
-1.264, 2.605e-4
-1.265, 2.630e-4
-1.266, 2.655e-4
-1.267, 2.681e-4
-1.268, 2.706e-4
-1.269, 2.732e-4
-1.270, 2.758e-4
-1.271, 2.784e-4
-1.272, 2.810e-4
-1.273, 2.837e-4
-1.274, 2.863e-4
-1.275, 2.892e-4
-1.276, 2.918e-4
-1.277, 2.946e-4
-1.278, 2.973e-4
-1.279, 3.000e-4
-1.280, 3.029e-4
-1.281, 3.057e-4
-1.282, 3.086e-4
-1.283, 3.114e-4
-1.284, 3.143e-4
-1.285, 3.172e-4
-1.286, 3.201e-4
-1.287, 3.231e-4
-1.288, 3.261e-4
-1.289, 3.290e-4
-1.290, 3.320e-4
-1.291, 3.351e-4
-1.292, 3.382e-4
-1.293, 3.413e-4
-1.294, 3.445e-4
-1.295, 3.477e-4
-1.296, 3.508e-4
-1.297, 3.540e-4
-1.298, 3.572e-4
-1.299, 3.603e-4
-1.300, 3.635e-4
-1.301, 3.668e-4
-1.302, 3.703e-4
-1.303, 3.737e-4
-1.304, 3.770e-4
-1.305, 3.802e-4
-1.306, 3.834e-4
-1.307, 3.868e-4
-1.308, 3.902e-4
-1.309, 3.936e-4
-1.310, 3.971e-4
-1.311, 4.005e-4
-1.312, 4.040e-4
-1.313, 4.075e-4
-1.314, 4.112e-4
-1.315, 4.149e-4
-1.316, 4.184e-4
-1.317, 4.218e-4
-1.318, 4.254e-4
-1.319, 4.290e-4
-1.320, 4.327e-4
-1.321, 4.364e-4
-1.322, 4.401e-4
-1.323, 4.439e-4
-1.324, 4.477e-4
-1.325, 4.516e-4
-1.326, 4.554e-4
-1.327, 4.592e-4
-1.328, 4.631e-4
-1.329, 4.671e-4
-1.330, 4.710e-4
-1.331, 4.750e-4
-1.332, 4.790e-4
-1.333, 4.831e-4
-1.334, 4.870e-4
-1.335, 4.909e-4
-1.336, 4.949e-4
-1.337, 4.990e-4
-1.338, 5.030e-4
-1.339, 5.072e-4
-1.340, 5.113e-4
-1.341, 5.155e-4
-1.342, 5.196e-4
-1.343, 5.239e-4
-1.344, 5.282e-4
-1.345, 5.324e-4
-1.346, 5.367e-4
-1.347, 5.410e-4
-1.348, 5.454e-4
-1.349, 5.500e-4
-1.350, 5.547e-4
-1.351, 5.593e-4
-1.352, 5.637e-4
-1.353, 5.682e-4
-1.354, 5.727e-4
-1.355, 5.772e-4
-1.356, 5.817e-4
-1.357, 5.862e-4
-1.358, 5.908e-4
-1.359, 5.954e-4
-1.360, 6.001e-4
-1.361, 6.048e-4
-1.362, 6.095e-4
-1.363, 6.142e-4
-1.364, 6.190e-4
-1.365, 6.237e-4
-1.366, 6.284e-4
-1.367, 6.335e-4
-1.368, 6.386e-4
-1.369, 6.436e-4
-1.370, 6.485e-4
-1.371, 6.534e-4
-1.372, 6.582e-4
-1.373, 6.632e-4
-1.374, 6.681e-4
-1.375, 6.729e-4
-1.376, 6.779e-4
-1.377, 6.829e-4
-1.378, 6.880e-4
-1.379, 6.931e-4
-1.380, 6.982e-4
-1.381, 7.035e-4
-1.382, 7.087e-4
-1.383, 7.139e-4
-1.384, 7.190e-4
-1.385, 7.241e-4
-1.386, 7.293e-4
-1.387, 7.348e-4
-1.388, 7.404e-4
-1.389, 7.461e-4
-1.390, 7.513e-4
-1.391, 7.565e-4
-1.392, 7.618e-4
-1.393, 7.672e-4
-1.394, 7.728e-4
-1.395, 7.782e-4
-1.396, 7.837e-4
-1.397, 7.889e-4
-1.398, 7.942e-4
-1.399, 7.994e-4
-1.400, 8.049e-4
-1.401, 8.111e-4
-1.402, 8.166e-4
-1.403, 8.223e-4
-1.404, 8.281e-4
-1.405, 8.338e-4
-1.406, 8.394e-4
-1.407, 8.451e-4
-1.408, 8.509e-4
-1.409, 8.565e-4
-1.410, 8.621e-4
-1.411, 8.678e-4
-1.412, 8.734e-4
-1.413, 8.794e-4
-1.414, 8.857e-4
-1.415, 8.918e-4
-1.416, 8.976e-4
-1.417, 9.036e-4
-1.418, 9.098e-4
-1.419, 9.154e-4
-1.420, 9.211e-4
-1.421, 9.274e-4
-1.422, 9.340e-4
-1.423, 9.401e-4
-1.424, 9.463e-4
-1.425, 9.523e-4
-1.426, 9.584e-4
-1.427, 9.646e-4
-1.428, 9.703e-4
-1.429, 9.763e-4
-1.430, 9.825e-4
-1.431, 9.887e-4
-1.432, 9.948e-4
-1.433, 1.001e-3
-1.434, 1.007e-3
-1.435, 1.011e-3
-1.436, 1.011e-3
-1.437, 1.011e-3
-1.438, 1.011e-3
-1.439, 1.011e-3
-1.440, 1.011e-3
-1.441, 1.011e-3
-1.442, 1.011e-3
-1.443, 1.011e-3
-1.444, 1.011e-3
-1.445, 1.011e-3
-1.446, 1.011e-3
-1.447, 1.011e-3
-1.448, 1.011e-3
-1.449, 1.011e-3
-1.450, 1.011e-3
-1.451, 1.011e-3
-1.452, 1.011e-3
-1.453, 1.011e-3
-1.454, 1.011e-3
-1.455, 1.011e-3
-1.456, 1.011e-3
-1.457, 1.011e-3
-1.458, 1.011e-3
-1.459, 1.011e-3
-1.460, 1.011e-3
-1.461, 1.011e-3
-1.462, 1.011e-3
-1.463, 1.011e-3
-1.464, 1.011e-3
-1.465, 1.011e-3
-1.466, 1.011e-3
-1.467, 1.011e-3
-1.468, 1.011e-3
-1.469, 1.011e-3
-1.470, 1.011e-3
-1.471, 1.011e-3
-1.472, 1.011e-3
-1.473, 1.011e-3
-1.474, 1.011e-3
-1.475, 1.011e-3
-1.476, 1.011e-3
-1.477, 1.011e-3
-1.478, 1.011e-3
-1.479, 1.011e-3
-1.480, 1.011e-3
-1.481, 1.011e-3
-1.482, 1.011e-3
-1.483, 1.011e-3
-1.484, 1.011e-3
-1.485, 1.011e-3
-1.486, 1.011e-3
-1.487, 1.011e-3
-1.488, 1.011e-3
-1.489, 1.011e-3
-1.490, 1.011e-3
-1.491, 1.011e-3
-1.492, 1.011e-3
-1.493, 1.011e-3
-1.494, 1.011e-3
-1.495, 1.011e-3
-1.496, 1.011e-3
-1.497, 1.011e-3
-1.498, 1.011e-3
-1.499, 1.011e-3
-1.500, 1.011e-3
-1.501, 1.011e-3
-1.502, 1.011e-3
-1.503, 1.011e-3
-1.504, 1.011e-3
-1.505, 1.011e-3
-1.506, 1.011e-3
-1.507, 1.011e-3
-1.508, 1.011e-3
-1.509, 1.011e-3
-1.510, 1.011e-3
-1.511, 1.011e-3
-1.512, 1.011e-3
-1.513, 1.011e-3
-1.514, 1.011e-3
-1.515, 1.011e-3
-1.516, 1.011e-3
-1.517, 1.011e-3
-1.518, 1.011e-3
-1.519, 1.011e-3
-1.520, 1.011e-3
-1.521, 1.011e-3
-1.522, 1.011e-3
-1.523, 1.011e-3
-1.524, 1.011e-3
-1.525, 1.011e-3
-1.526, 1.011e-3
-1.527, 1.011e-3
-1.528, 1.011e-3
-1.529, 1.011e-3
-1.530, 1.011e-3
-1.531, 1.011e-3
-1.532, 1.011e-3
-1.533, 1.011e-3
-1.534, 1.011e-3
-1.535, 1.011e-3
-1.536, 1.011e-3
-1.537, 1.011e-3
-1.538, 1.011e-3
-1.539, 1.011e-3
-1.540, 1.011e-3
-1.541, 1.011e-3
-1.542, 1.011e-3
-1.543, 1.011e-3
-1.544, 1.011e-3
-1.545, 1.011e-3
-1.546, 1.011e-3
-1.547, 1.011e-3
-1.548, 1.011e-3
-1.549, 1.011e-3
-1.550, 1.011e-3
-1.551, 1.011e-3
-1.552, 1.011e-3
-1.553, 1.011e-3
-1.554, 1.011e-3
-1.555, 1.011e-3
-1.556, 1.011e-3
-1.557, 1.011e-3
-1.558, 1.011e-3
-1.559, 1.011e-3
-1.560, 1.011e-3
-1.561, 1.011e-3
-1.562, 1.011e-3
-1.563, 1.011e-3
-1.564, 1.011e-3
-1.565, 1.011e-3
-1.566, 1.011e-3
-1.567, 1.011e-3
-1.568, 1.011e-3
-1.569, 1.011e-3
-1.570, 1.011e-3
-1.571, 1.011e-3
-1.572, 1.011e-3
-1.573, 1.011e-3
-1.574, 1.011e-3
-1.575, 1.011e-3
-1.576, 1.011e-3
-1.577, 1.011e-3
-1.578, 1.011e-3
-1.579, 1.011e-3
-1.580, 1.011e-3
-1.581, 1.011e-3
-1.582, 1.011e-3
-1.583, 1.011e-3
-1.584, 1.011e-3
-1.585, 1.011e-3
-1.586, 1.011e-3
-1.587, 1.011e-3
-1.588, 1.011e-3
-1.589, 1.011e-3
-1.590, 1.011e-3
-1.591, 1.011e-3
-1.592, 1.011e-3
-1.593, 1.011e-3
-1.594, 1.011e-3
-1.595, 1.011e-3
-1.596, 1.011e-3
-1.597, 1.011e-3
-1.598, 1.011e-3
-1.599, 1.011e-3
-1.600, 1.011e-3
-1.601, 1.011e-3
-1.602, 1.011e-3
-1.603, 1.011e-3
-1.604, 1.011e-3
-1.605, 1.011e-3
-1.606, 1.011e-3
-1.607, 1.011e-3
-1.608, 1.011e-3
-1.609, 1.011e-3
-1.610, 1.011e-3
-1.611, 1.011e-3
-1.612, 1.011e-3
-1.613, 1.011e-3
-1.614, 1.011e-3
-1.615, 1.011e-3
-1.616, 1.011e-3
-1.617, 1.011e-3
-1.618, 1.011e-3
-1.619, 1.011e-3
-1.620, 1.011e-3
-1.621, 1.011e-3
-1.622, 1.011e-3
-1.623, 1.011e-3
-1.624, 1.011e-3
-1.625, 1.011e-3
-1.626, 1.011e-3
-1.627, 1.011e-3
-1.628, 1.011e-3
-1.629, 1.011e-3
-1.630, 1.011e-3
-1.631, 1.011e-3
-1.632, 1.011e-3
-1.633, 1.011e-3
-1.634, 1.011e-3
-1.635, 1.011e-3
-1.636, 1.011e-3
-1.637, 1.011e-3
-1.638, 1.011e-3
-1.639, 1.011e-3
-1.640, 1.011e-3
-1.641, 1.011e-3
-1.642, 1.011e-3
-1.643, 1.011e-3
-1.644, 1.011e-3
-1.645, 1.011e-3
-1.646, 1.011e-3
-1.647, 1.011e-3
-1.648, 1.011e-3
-1.649, 1.011e-3
-1.650, 1.011e-3
-1.651, 1.011e-3
-1.652, 1.011e-3
-1.653, 1.011e-3
-1.654, 1.011e-3
-1.655, 1.011e-3
-1.656, 1.011e-3
-1.657, 1.011e-3
-1.658, 1.011e-3
-1.659, 1.011e-3
-1.660, 1.011e-3
-1.661, 1.011e-3
-1.662, 1.011e-3
-1.663, 1.011e-3
-1.664, 1.011e-3
-1.665, 1.011e-3
-1.666, 1.011e-3
-1.667, 1.011e-3
-1.668, 1.011e-3
-1.669, 1.011e-3
-1.670, 1.011e-3
-1.671, 1.011e-3
-1.672, 1.011e-3
-1.673, 1.011e-3
-1.674, 1.011e-3
-1.675, 1.011e-3
-1.676, 1.011e-3
-1.677, 1.011e-3
-1.678, 1.011e-3
-1.679, 1.011e-3
-1.680, 1.011e-3
-1.681, 1.011e-3
-1.682, 1.011e-3
-1.683, 1.011e-3
-1.684, 1.011e-3
-1.685, 1.011e-3
-1.686, 1.011e-3
-1.687, 1.011e-3
-1.688, 1.011e-3
-1.689, 1.011e-3
-1.690, 1.011e-3
-1.691, 1.011e-3
-1.692, 1.011e-3
-1.693, 1.011e-3
-1.694, 1.011e-3
-1.695, 1.011e-3
-1.696, 1.011e-3
-1.697, 1.011e-3
-1.698, 1.011e-3
-1.699, 1.011e-3
-1.700, 1.011e-3
-1.701, 1.011e-3
-1.702, 1.011e-3
-1.703, 1.011e-3
-1.704, 1.011e-3
-1.705, 1.011e-3
-1.706, 1.011e-3
-1.707, 1.011e-3
-1.708, 1.011e-3
-1.709, 1.011e-3
-1.710, 1.011e-3
-1.711, 1.011e-3
-1.712, 1.011e-3
-1.713, 1.011e-3
-1.714, 1.011e-3
-1.715, 1.011e-3
-1.716, 1.011e-3
-1.717, 1.011e-3
-1.718, 1.011e-3
-1.719, 1.011e-3
-1.720, 1.011e-3
-1.721, 1.011e-3
-1.722, 1.011e-3
-1.723, 1.011e-3
-1.724, 1.011e-3
-1.725, 1.011e-3
-1.726, 1.011e-3
-1.727, 1.011e-3
-1.728, 1.011e-3
-1.729, 1.011e-3
-1.730, 1.011e-3
-1.731, 1.011e-3
-1.732, 1.011e-3
-1.733, 1.011e-3
-1.734, 1.011e-3
-1.735, 1.011e-3
-1.736, 1.011e-3
-1.737, 1.011e-3
-1.738, 1.011e-3
-1.739, 1.011e-3
-1.740, 1.011e-3
-1.741, 1.011e-3
-1.742, 1.011e-3
-1.743, 1.011e-3
-1.744, 1.011e-3
-1.745, 1.011e-3
-1.746, 1.011e-3
-1.747, 1.011e-3
-1.748, 1.011e-3
-1.749, 1.011e-3
-1.750, 1.011e-3
-1.751, 1.011e-3
-1.752, 1.011e-3
-1.753, 1.011e-3
-1.754, 1.011e-3
-1.755, 1.011e-3
-1.756, 1.011e-3
-1.757, 1.011e-3
-1.758, 1.011e-3
-1.759, 1.011e-3
-1.760, 1.011e-3
-1.761, 1.011e-3
-1.762, 1.011e-3
-1.763, 1.011e-3
-1.764, 1.011e-3
-1.765, 1.011e-3
-1.766, 1.011e-3
-1.767, 1.011e-3
-1.768, 1.011e-3
-1.769, 1.011e-3
-1.770, 1.011e-3
-1.771, 1.011e-3
-1.772, 1.011e-3
-1.773, 1.011e-3
-1.774, 1.011e-3
-1.775, 1.011e-3
-1.776, 1.011e-3
-1.777, 1.011e-3
-1.778, 1.011e-3
-1.779, 1.011e-3
-1.780, 1.011e-3
-1.781, 1.011e-3
-1.782, 1.011e-3
-1.783, 1.011e-3
-1.784, 1.011e-3
-1.785, 1.011e-3
-1.786, 1.011e-3
-1.787, 1.011e-3
-1.788, 1.011e-3
-1.789, 1.011e-3
-1.790, 1.011e-3
-1.791, 1.011e-3
-1.792, 1.011e-3
-1.793, 1.011e-3
-1.794, 1.011e-3
-1.795, 1.011e-3
-1.796, 1.011e-3
-1.797, 1.011e-3
-1.798, 1.011e-3
-1.799, 1.011e-3
-1.800, 1.011e-3
-1.801, 1.011e-3
-1.802, 1.011e-3
-1.803, 1.011e-3
-1.804, 1.011e-3
-1.805, 1.011e-3
-1.806, 1.011e-3
-1.807, 1.011e-3
-1.808, 1.011e-3
-1.809, 1.011e-3
-1.810, 1.011e-3
-1.811, 1.011e-3
-1.812, 1.011e-3
-1.813, 1.011e-3
-1.814, 1.011e-3
-1.815, 1.011e-3
-1.816, 1.011e-3
-1.817, 1.011e-3
-1.818, 1.011e-3
-1.819, 1.011e-3
-1.820, 1.011e-3
-1.821, 1.011e-3
-1.822, 1.011e-3
-1.823, 1.011e-3
-1.824, 1.011e-3
-1.825, 1.011e-3
-1.826, 1.011e-3
-1.827, 1.011e-3
-1.828, 1.011e-3
-1.829, 1.011e-3
-1.830, 1.011e-3
-1.831, 1.011e-3
-1.832, 1.011e-3
-1.833, 1.011e-3
-1.834, 1.011e-3
-1.835, 1.011e-3
-1.836, 1.011e-3
-1.837, 1.011e-3
-1.838, 1.011e-3
-1.839, 1.011e-3
-1.840, 1.011e-3
-1.841, 1.011e-3
-1.842, 1.011e-3
-1.843, 1.011e-3
-1.844, 1.011e-3
-1.845, 1.011e-3
-1.846, 1.011e-3
-1.847, 1.011e-3
-1.848, 1.011e-3
-1.849, 1.011e-3
-1.850, 1.011e-3
-1.851, 1.011e-3
-1.852, 1.011e-3
-1.853, 1.011e-3
-1.854, 1.011e-3
-1.855, 1.011e-3
-1.856, 1.011e-3
-1.857, 1.011e-3
-1.858, 1.011e-3
-1.859, 1.011e-3
-1.860, 1.011e-3
-1.861, 1.011e-3
-1.862, 1.011e-3
-1.863, 1.011e-3
-1.864, 1.011e-3
-1.865, 1.011e-3
-1.866, 1.011e-3
-1.867, 1.011e-3
-1.868, 1.011e-3
-1.869, 1.011e-3
-1.870, 1.011e-3
-1.871, 1.011e-3
-1.872, 1.011e-3
-1.873, 1.011e-3
-1.874, 1.011e-3
-1.875, 1.011e-3
-1.876, 1.011e-3
-1.877, 1.011e-3
-1.878, 1.011e-3
-1.879, 1.011e-3
-1.880, 1.011e-3
-1.881, 1.011e-3
-1.882, 1.011e-3
-1.883, 1.011e-3
-1.884, 1.011e-3
-1.885, 1.011e-3
-1.886, 1.011e-3
-1.887, 1.011e-3
-1.888, 1.011e-3
-1.889, 1.011e-3
-1.890, 1.011e-3
-1.891, 1.011e-3
-1.892, 1.011e-3
-1.893, 1.011e-3
-1.894, 1.011e-3
-1.895, 1.011e-3
-1.896, 1.011e-3
-1.897, 1.011e-3
-1.898, 1.011e-3
-1.899, 1.011e-3
