Aug. 26, 2024   13:17:51
Linear Sweep Voltammetry
File: c:/users/guazh/data/20240813_batch_181_500/2024-08-25-exp187\regeneratedgce-2024-08-26t13_14_48-lsvinkoh\regeneratedgce_lsv_50mvs_efin_-1700mv.bin
Data Source:  Experiment
Instrument Model:  CHI760E
Header: LSV ran at 50 mVs with Efin at -1700mV
Note: 

Init E (V) = -0.6
Final E (V) = -1.7
Scan Rate (V/s) = 0.05
Sample Interval (V) = 0.001
Quiet Time (sec) = 2
Sensitivity (A/V) = 1e-4
Comp R (ohm) = 2.9

Results:

Channel 1:

Potential/V, Current/A

-0.600, 2.559e-6
-0.601, 2.711e-6
-0.602, 2.754e-6
-0.603, 2.770e-6
-0.604, 2.779e-6
-0.605, 2.785e-6
-0.606, 2.787e-6
-0.607, 2.790e-6
-0.608, 2.793e-6
-0.609, 2.794e-6
-0.610, 2.794e-6
-0.611, 2.794e-6
-0.612, 2.793e-6
-0.613, 2.791e-6
-0.614, 2.792e-6
-0.615, 2.794e-6
-0.616, 2.790e-6
-0.617, 2.789e-6
-0.618, 2.787e-6
-0.619, 2.787e-6
-0.620, 2.785e-6
-0.621, 2.782e-6
-0.622, 2.781e-6
-0.623, 2.779e-6
-0.624, 2.777e-6
-0.625, 2.777e-6
-0.626, 2.772e-6
-0.627, 2.773e-6
-0.628, 2.770e-6
-0.629, 2.767e-6
-0.630, 2.766e-6
-0.631, 2.763e-6
-0.632, 2.762e-6
-0.633, 2.761e-6
-0.634, 2.759e-6
-0.635, 2.758e-6
-0.636, 2.754e-6
-0.637, 2.752e-6
-0.638, 2.751e-6
-0.639, 2.750e-6
-0.640, 2.749e-6
-0.641, 2.748e-6
-0.642, 2.745e-6
-0.643, 2.744e-6
-0.644, 2.742e-6
-0.645, 2.741e-6
-0.646, 2.739e-6
-0.647, 2.736e-6
-0.648, 2.735e-6
-0.649, 2.734e-6
-0.650, 2.732e-6
-0.651, 2.729e-6
-0.652, 2.728e-6
-0.653, 2.727e-6
-0.654, 2.726e-6
-0.655, 2.725e-6
-0.656, 2.724e-6
-0.657, 2.722e-6
-0.658, 2.720e-6
-0.659, 2.719e-6
-0.660, 2.720e-6
-0.661, 2.716e-6
-0.662, 2.715e-6
-0.663, 2.714e-6
-0.664, 2.713e-6
-0.665, 2.713e-6
-0.666, 2.713e-6
-0.667, 2.711e-6
-0.668, 2.710e-6
-0.669, 2.708e-6
-0.670, 2.707e-6
-0.671, 2.705e-6
-0.672, 2.704e-6
-0.673, 2.705e-6
-0.674, 2.702e-6
-0.675, 2.702e-6
-0.676, 2.700e-6
-0.677, 2.698e-6
-0.678, 2.698e-6
-0.679, 2.698e-6
-0.680, 2.697e-6
-0.681, 2.697e-6
-0.682, 2.694e-6
-0.683, 2.694e-6
-0.684, 2.694e-6
-0.685, 2.693e-6
-0.686, 2.692e-6
-0.687, 2.691e-6
-0.688, 2.690e-6
-0.689, 2.690e-6
-0.690, 2.688e-6
-0.691, 2.689e-6
-0.692, 2.690e-6
-0.693, 2.688e-6
-0.694, 2.687e-6
-0.695, 2.687e-6
-0.696, 2.686e-6
-0.697, 2.686e-6
-0.698, 2.685e-6
-0.699, 2.686e-6
-0.700, 2.684e-6
-0.701, 2.683e-6
-0.702, 2.681e-6
-0.703, 2.683e-6
-0.704, 2.685e-6
-0.705, 2.685e-6
-0.706, 2.681e-6
-0.707, 2.681e-6
-0.708, 2.682e-6
-0.709, 2.681e-6
-0.710, 2.683e-6
-0.711, 2.680e-6
-0.712, 2.681e-6
-0.713, 2.682e-6
-0.714, 2.680e-6
-0.715, 2.681e-6
-0.716, 2.680e-6
-0.717, 2.680e-6
-0.718, 2.681e-6
-0.719, 2.680e-6
-0.720, 2.681e-6
-0.721, 2.681e-6
-0.722, 2.678e-6
-0.723, 2.682e-6
-0.724, 2.681e-6
-0.725, 2.681e-6
-0.726, 2.681e-6
-0.727, 2.679e-6
-0.728, 2.680e-6
-0.729, 2.682e-6
-0.730, 2.682e-6
-0.731, 2.681e-6
-0.732, 2.681e-6
-0.733, 2.681e-6
-0.734, 2.681e-6
-0.735, 2.682e-6
-0.736, 2.682e-6
-0.737, 2.682e-6
-0.738, 2.682e-6
-0.739, 2.683e-6
-0.740, 2.684e-6
-0.741, 2.683e-6
-0.742, 2.684e-6
-0.743, 2.685e-6
-0.744, 2.685e-6
-0.745, 2.685e-6
-0.746, 2.686e-6
-0.747, 2.685e-6
-0.748, 2.686e-6
-0.749, 2.687e-6
-0.750, 2.688e-6
-0.751, 2.686e-6
-0.752, 2.686e-6
-0.753, 2.689e-6
-0.754, 2.687e-6
-0.755, 2.690e-6
-0.756, 2.690e-6
-0.757, 2.690e-6
-0.758, 2.691e-6
-0.759, 2.692e-6
-0.760, 2.692e-6
-0.761, 2.693e-6
-0.762, 2.692e-6
-0.763, 2.694e-6
-0.764, 2.694e-6
-0.765, 2.694e-6
-0.766, 2.694e-6
-0.767, 2.695e-6
-0.768, 2.700e-6
-0.769, 2.700e-6
-0.770, 2.698e-6
-0.771, 2.699e-6
-0.772, 2.699e-6
-0.773, 2.700e-6
-0.774, 2.702e-6
-0.775, 2.702e-6
-0.776, 2.702e-6
-0.777, 2.703e-6
-0.778, 2.704e-6
-0.779, 2.706e-6
-0.780, 2.706e-6
-0.781, 2.705e-6
-0.782, 2.708e-6
-0.783, 2.708e-6
-0.784, 2.710e-6
-0.785, 2.711e-6
-0.786, 2.710e-6
-0.787, 2.712e-6
-0.788, 2.713e-6
-0.789, 2.713e-6
-0.790, 2.716e-6
-0.791, 2.716e-6
-0.792, 2.716e-6
-0.793, 2.719e-6
-0.794, 2.721e-6
-0.795, 2.722e-6
-0.796, 2.722e-6
-0.797, 2.722e-6
-0.798, 2.725e-6
-0.799, 2.725e-6
-0.800, 2.727e-6
-0.801, 2.729e-6
-0.802, 2.728e-6
-0.803, 2.730e-6
-0.804, 2.731e-6
-0.805, 2.732e-6
-0.806, 2.733e-6
-0.807, 2.735e-6
-0.808, 2.737e-6
-0.809, 2.738e-6
-0.810, 2.739e-6
-0.811, 2.739e-6
-0.812, 2.741e-6
-0.813, 2.742e-6
-0.814, 2.746e-6
-0.815, 2.747e-6
-0.816, 2.748e-6
-0.817, 2.748e-6
-0.818, 2.750e-6
-0.819, 2.756e-6
-0.820, 2.760e-6
-0.821, 2.758e-6
-0.822, 2.758e-6
-0.823, 2.759e-6
-0.824, 2.761e-6
-0.825, 2.764e-6
-0.826, 2.765e-6
-0.827, 2.766e-6
-0.828, 2.769e-6
-0.829, 2.769e-6
-0.830, 2.773e-6
-0.831, 2.773e-6
-0.832, 2.775e-6
-0.833, 2.779e-6
-0.834, 2.778e-6
-0.835, 2.781e-6
-0.836, 2.783e-6
-0.837, 2.784e-6
-0.838, 2.788e-6
-0.839, 2.788e-6
-0.840, 2.790e-6
-0.841, 2.793e-6
-0.842, 2.793e-6
-0.843, 2.796e-6
-0.844, 2.799e-6
-0.845, 2.801e-6
-0.846, 2.803e-6
-0.847, 2.803e-6
-0.848, 2.807e-6
-0.849, 2.810e-6
-0.850, 2.811e-6
-0.851, 2.813e-6
-0.852, 2.814e-6
-0.853, 2.818e-6
-0.854, 2.820e-6
-0.855, 2.822e-6
-0.856, 2.824e-6
-0.857, 2.826e-6
-0.858, 2.828e-6
-0.859, 2.830e-6
-0.860, 2.833e-6
-0.861, 2.835e-6
-0.862, 2.838e-6
-0.863, 2.839e-6
-0.864, 2.842e-6
-0.865, 2.846e-6
-0.866, 2.846e-6
-0.867, 2.848e-6
-0.868, 2.851e-6
-0.869, 2.852e-6
-0.870, 2.859e-6
-0.871, 2.861e-6
-0.872, 2.861e-6
-0.873, 2.866e-6
-0.874, 2.867e-6
-0.875, 2.870e-6
-0.876, 2.872e-6
-0.877, 2.874e-6
-0.878, 2.879e-6
-0.879, 2.881e-6
-0.880, 2.883e-6
-0.881, 2.886e-6
-0.882, 2.887e-6
-0.883, 2.892e-6
-0.884, 2.895e-6
-0.885, 2.897e-6
-0.886, 2.901e-6
-0.887, 2.902e-6
-0.888, 2.906e-6
-0.889, 2.910e-6
-0.890, 2.913e-6
-0.891, 2.917e-6
-0.892, 2.918e-6
-0.893, 2.921e-6
-0.894, 2.926e-6
-0.895, 2.929e-6
-0.896, 2.932e-6
-0.897, 2.935e-6
-0.898, 2.938e-6
-0.899, 2.943e-6
-0.900, 2.946e-6
-0.901, 2.949e-6
-0.902, 2.950e-6
-0.903, 2.956e-6
-0.904, 2.959e-6
-0.905, 2.964e-6
-0.906, 2.966e-6
-0.907, 2.969e-6
-0.908, 2.973e-6
-0.909, 2.976e-6
-0.910, 2.981e-6
-0.911, 2.985e-6
-0.912, 2.987e-6
-0.913, 2.992e-6
-0.914, 2.994e-6
-0.915, 2.999e-6
-0.916, 3.003e-6
-0.917, 3.005e-6
-0.918, 3.010e-6
-0.919, 3.013e-6
-0.920, 3.017e-6
-0.921, 3.021e-6
-0.922, 3.025e-6
-0.923, 3.030e-6
-0.924, 3.033e-6
-0.925, 3.038e-6
-0.926, 3.041e-6
-0.927, 3.044e-6
-0.928, 3.050e-6
-0.929, 3.056e-6
-0.930, 3.058e-6
-0.931, 3.063e-6
-0.932, 3.066e-6
-0.933, 3.071e-6
-0.934, 3.077e-6
-0.935, 3.081e-6
-0.936, 3.085e-6
-0.937, 3.089e-6
-0.938, 3.094e-6
-0.939, 3.098e-6
-0.940, 3.104e-6
-0.941, 3.108e-6
-0.942, 3.113e-6
-0.943, 3.118e-6
-0.944, 3.121e-6
-0.945, 3.128e-6
-0.946, 3.132e-6
-0.947, 3.137e-6
-0.948, 3.143e-6
-0.949, 3.148e-6
-0.950, 3.153e-6
-0.951, 3.158e-6
-0.952, 3.163e-6
-0.953, 3.169e-6
-0.954, 3.173e-6
-0.955, 3.179e-6
-0.956, 3.183e-6
-0.957, 3.187e-6
-0.958, 3.195e-6
-0.959, 3.200e-6
-0.960, 3.205e-6
-0.961, 3.212e-6
-0.962, 3.215e-6
-0.963, 3.222e-6
-0.964, 3.228e-6
-0.965, 3.234e-6
-0.966, 3.241e-6
-0.967, 3.244e-6
-0.968, 3.250e-6
-0.969, 3.258e-6
-0.970, 3.263e-6
-0.971, 3.270e-6
-0.972, 3.274e-6
-0.973, 3.284e-6
-0.974, 3.291e-6
-0.975, 3.295e-6
-0.976, 3.301e-6
-0.977, 3.306e-6
-0.978, 3.314e-6
-0.979, 3.322e-6
-0.980, 3.329e-6
-0.981, 3.335e-6
-0.982, 3.341e-6
-0.983, 3.348e-6
-0.984, 3.355e-6
-0.985, 3.364e-6
-0.986, 3.370e-6
-0.987, 3.376e-6
-0.988, 3.384e-6
-0.989, 3.390e-6
-0.990, 3.398e-6
-0.991, 3.405e-6
-0.992, 3.411e-6
-0.993, 3.420e-6
-0.994, 3.426e-6
-0.995, 3.434e-6
-0.996, 3.442e-6
-0.997, 3.448e-6
-0.998, 3.458e-6
-0.999, 3.464e-6
-1.000, 3.471e-6
-1.001, 3.479e-6
-1.002, 3.485e-6
-1.003, 3.493e-6
-1.004, 3.500e-6
-1.005, 3.507e-6
-1.006, 3.517e-6
-1.007, 3.521e-6
-1.008, 3.529e-6
-1.009, 3.538e-6
-1.010, 3.544e-6
-1.011, 3.552e-6
-1.012, 3.560e-6
-1.013, 3.566e-6
-1.014, 3.574e-6
-1.015, 3.581e-6
-1.016, 3.588e-6
-1.017, 3.597e-6
-1.018, 3.603e-6
-1.019, 3.610e-6
-1.020, 3.618e-6
-1.021, 3.624e-6
-1.022, 3.632e-6
-1.023, 3.638e-6
-1.024, 3.648e-6
-1.025, 3.657e-6
-1.026, 3.662e-6
-1.027, 3.668e-6
-1.028, 3.674e-6
-1.029, 3.681e-6
-1.030, 3.690e-6
-1.031, 3.697e-6
-1.032, 3.702e-6
-1.033, 3.710e-6
-1.034, 3.716e-6
-1.035, 3.725e-6
-1.036, 3.730e-6
-1.037, 3.736e-6
-1.038, 3.744e-6
-1.039, 3.749e-6
-1.040, 3.756e-6
-1.041, 3.762e-6
-1.042, 3.768e-6
-1.043, 3.775e-6
-1.044, 3.781e-6
-1.045, 3.787e-6
-1.046, 3.794e-6
-1.047, 3.799e-6
-1.048, 3.805e-6
-1.049, 3.813e-6
-1.050, 3.819e-6
-1.051, 3.826e-6
-1.052, 3.831e-6
-1.053, 3.837e-6
-1.054, 3.844e-6
-1.055, 3.849e-6
-1.056, 3.855e-6
-1.057, 3.861e-6
-1.058, 3.867e-6
-1.059, 3.873e-6
-1.060, 3.878e-6
-1.061, 3.885e-6
-1.062, 3.889e-6
-1.063, 3.895e-6
-1.064, 3.901e-6
-1.065, 3.908e-6
-1.066, 3.913e-6
-1.067, 3.918e-6
-1.068, 3.922e-6
-1.069, 3.928e-6
-1.070, 3.934e-6
-1.071, 3.938e-6
-1.072, 3.945e-6
-1.073, 3.950e-6
-1.074, 3.955e-6
-1.075, 3.962e-6
-1.076, 3.969e-6
-1.077, 3.969e-6
-1.078, 3.977e-6
-1.079, 3.982e-6
-1.080, 3.987e-6
-1.081, 3.994e-6
-1.082, 3.997e-6
-1.083, 4.004e-6
-1.084, 4.008e-6
-1.085, 4.013e-6
-1.086, 4.021e-6
-1.087, 4.023e-6
-1.088, 4.029e-6
-1.089, 4.035e-6
-1.090, 4.039e-6
-1.091, 4.044e-6
-1.092, 4.047e-6
-1.093, 4.052e-6
-1.094, 4.060e-6
-1.095, 4.064e-6
-1.096, 4.070e-6
-1.097, 4.075e-6
-1.098, 4.078e-6
-1.099, 4.084e-6
-1.100, 4.090e-6
-1.101, 4.096e-6
-1.102, 4.100e-6
-1.103, 4.104e-6
-1.104, 4.110e-6
-1.105, 4.116e-6
-1.106, 4.119e-6
-1.107, 4.127e-6
-1.108, 4.131e-6
-1.109, 4.135e-6
-1.110, 4.141e-6
-1.111, 4.146e-6
-1.112, 4.150e-6
-1.113, 4.156e-6
-1.114, 4.160e-6
-1.115, 4.165e-6
-1.116, 4.171e-6
-1.117, 4.174e-6
-1.118, 4.179e-6
-1.119, 4.184e-6
-1.120, 4.190e-6
-1.121, 4.194e-6
-1.122, 4.197e-6
-1.123, 4.204e-6
-1.124, 4.210e-6
-1.125, 4.213e-6
-1.126, 4.220e-6
-1.127, 4.224e-6
-1.128, 4.229e-6
-1.129, 4.234e-6
-1.130, 4.239e-6
-1.131, 4.245e-6
-1.132, 4.247e-6
-1.133, 4.254e-6
-1.134, 4.260e-6
-1.135, 4.264e-6
-1.136, 4.270e-6
-1.137, 4.275e-6
-1.138, 4.278e-6
-1.139, 4.286e-6
-1.140, 4.291e-6
-1.141, 4.297e-6
-1.142, 4.301e-6
-1.143, 4.305e-6
-1.144, 4.312e-6
-1.145, 4.318e-6
-1.146, 4.323e-6
-1.147, 4.328e-6
-1.148, 4.333e-6
-1.149, 4.338e-6
-1.150, 4.345e-6
-1.151, 4.349e-6
-1.152, 4.354e-6
-1.153, 4.361e-6
-1.154, 4.365e-6
-1.155, 4.371e-6
-1.156, 4.378e-6
-1.157, 4.382e-6
-1.158, 4.387e-6
-1.159, 4.393e-6
-1.160, 4.397e-6
-1.161, 4.406e-6
-1.162, 4.408e-6
-1.163, 4.415e-6
-1.164, 4.422e-6
-1.165, 4.427e-6
-1.166, 4.435e-6
-1.167, 4.439e-6
-1.168, 4.445e-6
-1.169, 4.451e-6
-1.170, 4.456e-6
-1.171, 4.464e-6
-1.172, 4.467e-6
-1.173, 4.472e-6
-1.174, 4.481e-6
-1.175, 4.486e-6
-1.176, 4.494e-6
-1.177, 4.499e-6
-1.178, 4.506e-6
-1.179, 4.513e-6
-1.180, 4.518e-6
-1.181, 4.524e-6
-1.182, 4.531e-6
-1.183, 4.535e-6
-1.184, 4.544e-6
-1.185, 4.550e-6
-1.186, 4.556e-6
-1.187, 4.563e-6
-1.188, 4.569e-6
-1.189, 4.575e-6
-1.190, 4.582e-6
-1.191, 4.589e-6
-1.192, 4.593e-6
-1.193, 4.601e-6
-1.194, 4.606e-6
-1.195, 4.614e-6
-1.196, 4.621e-6
-1.197, 4.626e-6
-1.198, 4.634e-6
-1.199, 4.639e-6
-1.200, 4.646e-6
-1.201, 4.653e-6
-1.202, 4.658e-6
-1.203, 4.668e-6
-1.204, 4.675e-6
-1.205, 4.682e-6
-1.206, 4.690e-6
-1.207, 4.694e-6
-1.208, 4.701e-6
-1.209, 4.711e-6
-1.210, 4.716e-6
-1.211, 4.725e-6
-1.212, 4.731e-6
-1.213, 4.738e-6
-1.214, 4.747e-6
-1.215, 4.755e-6
-1.216, 4.762e-6
-1.217, 4.767e-6
-1.218, 4.773e-6
-1.219, 4.780e-6
-1.220, 4.789e-6
-1.221, 4.796e-6
-1.222, 4.803e-6
-1.223, 4.810e-6
-1.224, 4.819e-6
-1.225, 4.827e-6
-1.226, 4.833e-6
-1.227, 4.841e-6
-1.228, 4.849e-6
-1.229, 4.864e-6
-1.230, 4.870e-6
-1.231, 4.875e-6
-1.232, 4.882e-6
-1.233, 4.889e-6
-1.234, 4.895e-6
-1.235, 4.906e-6
-1.236, 4.914e-6
-1.237, 4.919e-6
-1.238, 4.930e-6
-1.239, 4.936e-6
-1.240, 4.944e-6
-1.241, 4.953e-6
-1.242, 4.960e-6
-1.243, 4.970e-6
-1.244, 4.978e-6
-1.245, 4.987e-6
-1.246, 4.998e-6
-1.247, 5.004e-6
-1.248, 5.012e-6
-1.249, 5.022e-6
-1.250, 5.029e-6
-1.251, 5.040e-6
-1.252, 5.047e-6
-1.253, 5.056e-6
-1.254, 5.067e-6
-1.255, 5.077e-6
-1.256, 5.087e-6
-1.257, 5.094e-6
-1.258, 5.101e-6
-1.259, 5.111e-6
-1.260, 5.120e-6
-1.261, 5.130e-6
-1.262, 5.137e-6
-1.263, 5.146e-6
-1.264, 5.156e-6
-1.265, 5.166e-6
-1.266, 5.173e-6
-1.267, 5.186e-6
-1.268, 5.194e-6
-1.269, 5.203e-6
-1.270, 5.214e-6
-1.271, 5.224e-6
-1.272, 5.233e-6
-1.273, 5.244e-6
-1.274, 5.252e-6
-1.275, 5.263e-6
-1.276, 5.276e-6
-1.277, 5.283e-6
-1.278, 5.295e-6
-1.279, 5.305e-6
-1.280, 5.318e-6
-1.281, 5.330e-6
-1.282, 5.335e-6
-1.283, 5.348e-6
-1.284, 5.358e-6
-1.285, 5.369e-6
-1.286, 5.381e-6
-1.287, 5.391e-6
-1.288, 5.402e-6
-1.289, 5.414e-6
-1.290, 5.424e-6
-1.291, 5.437e-6
-1.292, 5.448e-6
-1.293, 5.459e-6
-1.294, 5.475e-6
-1.295, 5.484e-6
-1.296, 5.498e-6
-1.297, 5.512e-6
-1.298, 5.524e-6
-1.299, 5.536e-6
-1.300, 5.552e-6
-1.301, 5.563e-6
-1.302, 5.577e-6
-1.303, 5.591e-6
-1.304, 5.605e-6
-1.305, 5.620e-6
-1.306, 5.635e-6
-1.307, 5.648e-6
-1.308, 5.662e-6
-1.309, 5.678e-6
-1.310, 5.695e-6
-1.311, 5.708e-6
-1.312, 5.724e-6
-1.313, 5.741e-6
-1.314, 5.756e-6
-1.315, 5.773e-6
-1.316, 5.792e-6
-1.317, 5.808e-6
-1.318, 5.825e-6
-1.319, 5.842e-6
-1.320, 5.861e-6
-1.321, 5.880e-6
-1.322, 5.894e-6
-1.323, 5.912e-6
-1.324, 5.930e-6
-1.325, 5.948e-6
-1.326, 5.971e-6
-1.327, 5.988e-6
-1.328, 6.009e-6
-1.329, 6.031e-6
-1.330, 6.052e-6
-1.331, 6.076e-6
-1.332, 6.097e-6
-1.333, 6.118e-6
-1.334, 6.142e-6
-1.335, 6.165e-6
-1.336, 6.189e-6
-1.337, 6.211e-6
-1.338, 6.235e-6
-1.339, 6.261e-6
-1.340, 6.286e-6
-1.341, 6.312e-6
-1.342, 6.341e-6
-1.343, 6.369e-6
-1.344, 6.398e-6
-1.345, 6.429e-6
-1.346, 6.457e-6
-1.347, 6.488e-6
-1.348, 6.518e-6
-1.349, 6.547e-6
-1.350, 6.579e-6
-1.351, 6.611e-6
-1.352, 6.642e-6
-1.353, 6.676e-6
-1.354, 6.710e-6
-1.355, 6.746e-6
-1.356, 6.785e-6
-1.357, 6.822e-6
-1.358, 6.860e-6
-1.359, 6.896e-6
-1.360, 6.936e-6
-1.361, 6.977e-6
-1.362, 7.014e-6
-1.363, 7.057e-6
-1.364, 7.100e-6
-1.365, 7.142e-6
-1.366, 7.189e-6
-1.367, 7.233e-6
-1.368, 7.278e-6
-1.369, 7.326e-6
-1.370, 7.372e-6
-1.371, 7.423e-6
-1.372, 7.471e-6
-1.373, 7.522e-6
-1.374, 7.577e-6
-1.375, 7.630e-6
-1.376, 7.686e-6
-1.377, 7.741e-6
-1.378, 7.795e-6
-1.379, 7.853e-6
-1.380, 7.914e-6
-1.381, 7.976e-6
-1.382, 8.042e-6
-1.383, 8.104e-6
-1.384, 8.166e-6
-1.385, 8.235e-6
-1.386, 8.300e-6
-1.387, 8.364e-6
-1.388, 8.431e-6
-1.389, 8.502e-6
-1.390, 8.573e-6
-1.391, 8.641e-6
-1.392, 8.712e-6
-1.393, 8.787e-6
-1.394, 8.860e-6
-1.395, 8.934e-6
-1.396, 9.013e-6
-1.397, 9.088e-6
-1.398, 9.168e-6
-1.399, 9.253e-6
-1.400, 9.336e-6
-1.401, 9.415e-6
-1.402, 9.498e-6
-1.403, 9.581e-6
-1.404, 9.666e-6
-1.405, 9.755e-6
-1.406, 9.845e-6
-1.407, 9.935e-6
-1.408, 1.002e-5
-1.409, 1.011e-5
-1.410, 1.020e-5
-1.411, 1.030e-5
-1.412, 1.039e-5
-1.413, 1.048e-5
-1.414, 1.058e-5
-1.415, 1.068e-5
-1.416, 1.078e-5
-1.417, 1.088e-5
-1.418, 1.098e-5
-1.419, 1.108e-5
-1.420, 1.119e-5
-1.421, 1.129e-5
-1.422, 1.140e-5
-1.423, 1.150e-5
-1.424, 1.161e-5
-1.425, 1.172e-5
-1.426, 1.183e-5
-1.427, 1.194e-5
-1.428, 1.204e-5
-1.429, 1.214e-5
-1.430, 1.226e-5
-1.431, 1.237e-5
-1.432, 1.248e-5
-1.433, 1.260e-5
-1.434, 1.272e-5
-1.435, 1.284e-5
-1.436, 1.296e-5
-1.437, 1.308e-5
-1.438, 1.319e-5
-1.439, 1.332e-5
-1.440, 1.344e-5
-1.441, 1.357e-5
-1.442, 1.369e-5
-1.443, 1.381e-5
-1.444, 1.394e-5
-1.445, 1.406e-5
-1.446, 1.419e-5
-1.447, 1.431e-5
-1.448, 1.444e-5
-1.449, 1.457e-5
-1.450, 1.470e-5
-1.451, 1.483e-5
-1.452, 1.496e-5
-1.453, 1.509e-5
-1.454, 1.523e-5
-1.455, 1.536e-5
-1.456, 1.550e-5
-1.457, 1.563e-5
-1.458, 1.576e-5
-1.459, 1.590e-5
-1.460, 1.604e-5
-1.461, 1.618e-5
-1.462, 1.632e-5
-1.463, 1.646e-5
-1.464, 1.660e-5
-1.465, 1.674e-5
-1.466, 1.688e-5
-1.467, 1.702e-5
-1.468, 1.716e-5
-1.469, 1.730e-5
-1.470, 1.744e-5
-1.471, 1.759e-5
-1.472, 1.773e-5
-1.473, 1.787e-5
-1.474, 1.801e-5
-1.475, 1.816e-5
-1.476, 1.830e-5
-1.477, 1.845e-5
-1.478, 1.859e-5
-1.479, 1.874e-5
-1.480, 1.889e-5
-1.481, 1.903e-5
-1.482, 1.918e-5
-1.483, 1.933e-5
-1.484, 1.948e-5
-1.485, 1.963e-5
-1.486, 1.978e-5
-1.487, 1.993e-5
-1.488, 2.007e-5
-1.489, 2.022e-5
-1.490, 2.037e-5
-1.491, 2.052e-5
-1.492, 2.067e-5
-1.493, 2.082e-5
-1.494, 2.097e-5
-1.495, 2.113e-5
-1.496, 2.128e-5
-1.497, 2.143e-5
-1.498, 2.159e-5
-1.499, 2.174e-5
-1.500, 2.189e-5
-1.501, 2.204e-5
-1.502, 2.220e-5
-1.503, 2.235e-5
-1.504, 2.250e-5
-1.505, 2.266e-5
-1.506, 2.281e-5
-1.507, 2.297e-5
-1.508, 2.312e-5
-1.509, 2.328e-5
-1.510, 2.344e-5
-1.511, 2.359e-5
-1.512, 2.375e-5
-1.513, 2.390e-5
-1.514, 2.406e-5
-1.515, 2.422e-5
-1.516, 2.438e-5
-1.517, 2.453e-5
-1.518, 2.469e-5
-1.519, 2.485e-5
-1.520, 2.500e-5
-1.521, 2.516e-5
-1.522, 2.532e-5
-1.523, 2.548e-5
-1.524, 2.564e-5
-1.525, 2.579e-5
-1.526, 2.595e-5
-1.527, 2.610e-5
-1.528, 2.626e-5
-1.529, 2.642e-5
-1.530, 2.658e-5
-1.531, 2.674e-5
-1.532, 2.690e-5
-1.533, 2.706e-5
-1.534, 2.722e-5
-1.535, 2.738e-5
-1.536, 2.754e-5
-1.537, 2.770e-5
-1.538, 2.785e-5
-1.539, 2.800e-5
-1.540, 2.817e-5
-1.541, 2.833e-5
-1.542, 2.849e-5
-1.543, 2.865e-5
-1.544, 2.881e-5
-1.545, 2.897e-5
-1.546, 2.914e-5
-1.547, 2.930e-5
-1.548, 2.946e-5
-1.549, 2.962e-5
-1.550, 2.979e-5
-1.551, 2.995e-5
-1.552, 3.011e-5
-1.553, 3.027e-5
-1.554, 3.044e-5
-1.555, 3.060e-5
-1.556, 3.077e-5
-1.557, 3.093e-5
-1.558, 3.110e-5
-1.559, 3.126e-5
-1.560, 3.143e-5
-1.561, 3.160e-5
-1.562, 3.176e-5
-1.563, 3.193e-5
-1.564, 3.210e-5
-1.565, 3.227e-5
-1.566, 3.244e-5
-1.567, 3.261e-5
-1.568, 3.278e-5
-1.569, 3.295e-5
-1.570, 3.312e-5
-1.571, 3.329e-5
-1.572, 3.346e-5
-1.573, 3.363e-5
-1.574, 3.380e-5
-1.575, 3.397e-5
-1.576, 3.415e-5
-1.577, 3.432e-5
-1.578, 3.450e-5
-1.579, 3.468e-5
-1.580, 3.485e-5
-1.581, 3.503e-5
-1.582, 3.521e-5
-1.583, 3.539e-5
-1.584, 3.557e-5
-1.585, 3.575e-5
-1.586, 3.593e-5
-1.587, 3.612e-5
-1.588, 3.630e-5
-1.589, 3.649e-5
-1.590, 3.668e-5
-1.591, 3.686e-5
-1.592, 3.706e-5
-1.593, 3.725e-5
-1.594, 3.744e-5
-1.595, 3.764e-5
-1.596, 3.783e-5
-1.597, 3.803e-5
-1.598, 3.823e-5
-1.599, 3.843e-5
-1.600, 3.863e-5
-1.601, 3.884e-5
-1.602, 3.904e-5
-1.603, 3.926e-5
-1.604, 3.947e-5
-1.605, 3.968e-5
-1.606, 3.990e-5
-1.607, 4.012e-5
-1.608, 4.035e-5
-1.609, 4.057e-5
-1.610, 4.080e-5
-1.611, 4.103e-5
-1.612, 4.126e-5
-1.613, 4.150e-5
-1.614, 4.174e-5
-1.615, 4.197e-5
-1.616, 4.222e-5
-1.617, 4.247e-5
-1.618, 4.272e-5
-1.619, 4.299e-5
-1.620, 4.325e-5
-1.621, 4.351e-5
-1.622, 4.377e-5
-1.623, 4.403e-5
-1.624, 4.432e-5
-1.625, 4.460e-5
-1.626, 4.489e-5
-1.627, 4.519e-5
-1.628, 4.549e-5
-1.629, 4.579e-5
-1.630, 4.610e-5
-1.631, 4.641e-5
-1.632, 4.674e-5
-1.633, 4.707e-5
-1.634, 4.740e-5
-1.635, 4.775e-5
-1.636, 4.810e-5
-1.637, 4.846e-5
-1.638, 4.883e-5
-1.639, 4.921e-5
-1.640, 4.959e-5
-1.641, 4.997e-5
-1.642, 5.036e-5
-1.643, 5.076e-5
-1.644, 5.116e-5
-1.645, 5.157e-5
-1.646, 5.200e-5
-1.647, 5.244e-5
-1.648, 5.290e-5
-1.649, 5.336e-5
-1.650, 5.384e-5
-1.651, 5.433e-5
-1.652, 5.483e-5
-1.653, 5.534e-5
-1.654, 5.588e-5
-1.655, 5.641e-5
-1.656, 5.697e-5
-1.657, 5.753e-5
-1.658, 5.811e-5
-1.659, 5.871e-5
-1.660, 5.931e-5
-1.661, 5.993e-5
-1.662, 6.058e-5
-1.663, 6.123e-5
-1.664, 6.191e-5
-1.665, 6.260e-5
-1.666, 6.327e-5
-1.667, 6.401e-5
-1.668, 6.475e-5
-1.669, 6.552e-5
-1.670, 6.631e-5
-1.671, 6.711e-5
-1.672, 6.793e-5
-1.673, 6.878e-5
-1.674, 6.964e-5
-1.675, 7.053e-5
-1.676, 7.145e-5
-1.677, 7.240e-5
-1.678, 7.337e-5
-1.679, 7.436e-5
-1.680, 7.537e-5
-1.681, 7.642e-5
-1.682, 7.750e-5
-1.683, 7.862e-5
-1.684, 7.977e-5
-1.685, 8.094e-5
-1.686, 8.214e-5
-1.687, 8.335e-5
-1.688, 8.460e-5
-1.689, 8.588e-5
-1.690, 8.721e-5
-1.691, 8.859e-5
-1.692, 9.000e-5
-1.693, 9.138e-5
-1.694, 9.277e-5
-1.695, 9.423e-5
-1.696, 9.576e-5
-1.697, 9.735e-5
-1.698, 9.897e-5
-1.699, 1.006e-4
