May 5, 2025   21:55:34
Cyclic Voltammetry
File: c:/users/guazh/data/banditlqround7_x0exp1108_r5/2025-04-30-exp1252\exp1252-2025-05-05t21_47_03-arkoh\exp1252_cv_50mvs_efin_-1500mv.bin
Data Source:  Experiment
Instrument Model:  CHI760E
Header: CV ran at 50 mVs
Note: 

Init E (V) = -1
High E (V) = -1
Low E (V) = -1.5
Final E (V) = -1
Init P/N = N
Scan Rate (V/s) = 0.05
Segment = 7
Sample Interval (V) = 0.001
Quiet Time (sec) = 60
Sensitivity (A/V) = 0.001
Comp R (ohm) = 1.7

Results:

Channel 1:
Segment 1:

Segment 2:

Segment 3:

Segment 4:

Segment 5:

Segment 6:

Segment 7:

Potential/V, Current/A

-1.000, 1.350e-4
-1.001, 1.410e-4
-1.002, 1.446e-4
-1.003, 1.466e-4
-1.004, 1.483e-4
-1.005, 1.496e-4
-1.006, 1.501e-4
-1.007, 1.515e-4
-1.008, 1.522e-4
-1.009, 1.533e-4
-1.010, 1.541e-4
-1.011, 1.542e-4
-1.012, 1.554e-4
-1.013, 1.562e-4
-1.014, 1.568e-4
-1.015, 1.579e-4
-1.016, 1.580e-4
-1.017, 1.584e-4
-1.018, 1.590e-4
-1.019, 1.595e-4
-1.020, 1.609e-4
-1.021, 1.614e-4
-1.022, 1.615e-4
-1.023, 1.623e-4
-1.024, 1.628e-4
-1.025, 1.636e-4
-1.026, 1.639e-4
-1.027, 1.642e-4
-1.028, 1.652e-4
-1.029, 1.656e-4
-1.030, 1.662e-4
-1.031, 1.668e-4
-1.032, 1.669e-4
-1.033, 1.680e-4
-1.034, 1.687e-4
-1.035, 1.689e-4
-1.036, 1.698e-4
-1.037, 1.697e-4
-1.038, 1.698e-4
-1.039, 1.708e-4
-1.040, 1.721e-4
-1.041, 1.730e-4
-1.042, 1.724e-4
-1.043, 1.729e-4
-1.044, 1.739e-4
-1.045, 1.743e-4
-1.046, 1.745e-4
-1.047, 1.757e-4
-1.048, 1.763e-4
-1.049, 1.765e-4
-1.050, 1.775e-4
-1.051, 1.775e-4
-1.052, 1.780e-4
-1.053, 1.791e-4
-1.054, 1.794e-4
-1.055, 1.802e-4
-1.056, 1.803e-4
-1.057, 1.811e-4
-1.058, 1.823e-4
-1.059, 1.826e-4
-1.060, 1.836e-4
-1.061, 1.834e-4
-1.062, 1.835e-4
-1.063, 1.849e-4
-1.064, 1.858e-4
-1.065, 1.869e-4
-1.066, 1.869e-4
-1.067, 1.869e-4
-1.068, 1.883e-4
-1.069, 1.889e-4
-1.070, 1.897e-4
-1.071, 1.902e-4
-1.072, 1.904e-4
-1.073, 1.916e-4
-1.074, 1.924e-4
-1.075, 1.932e-4
-1.076, 1.938e-4
-1.077, 1.942e-4
-1.078, 1.954e-4
-1.079, 1.961e-4
-1.080, 1.964e-4
-1.081, 1.975e-4
-1.082, 1.979e-4
-1.083, 1.993e-4
-1.084, 2.006e-4
-1.085, 2.002e-4
-1.086, 2.006e-4
-1.087, 2.017e-4
-1.088, 2.038e-4
-1.089, 2.048e-4
-1.090, 2.048e-4
-1.091, 2.051e-4
-1.092, 2.063e-4
-1.093, 2.071e-4
-1.094, 2.086e-4
-1.095, 2.102e-4
-1.096, 2.102e-4
-1.097, 2.109e-4
-1.098, 2.123e-4
-1.099, 2.132e-4
-1.100, 2.146e-4
-1.101, 2.154e-4
-1.102, 2.161e-4
-1.103, 2.176e-4
-1.104, 2.184e-4
-1.105, 2.201e-4
-1.106, 2.211e-4
-1.107, 2.219e-4
-1.108, 2.238e-4
-1.109, 2.248e-4
-1.110, 2.252e-4
-1.111, 2.264e-4
-1.112, 2.278e-4
-1.113, 2.300e-4
-1.114, 2.307e-4
-1.115, 2.323e-4
-1.116, 2.333e-4
-1.117, 2.348e-4
-1.118, 2.362e-4
-1.119, 2.376e-4
-1.120, 2.392e-4
-1.121, 2.399e-4
-1.122, 2.419e-4
-1.123, 2.439e-4
-1.124, 2.451e-4
-1.125, 2.471e-4
-1.126, 2.482e-4
-1.127, 2.498e-4
-1.128, 2.516e-4
-1.129, 2.532e-4
-1.130, 2.555e-4
-1.131, 2.571e-4
-1.132, 2.590e-4
-1.133, 2.609e-4
-1.134, 2.619e-4
-1.135, 2.639e-4
-1.136, 2.661e-4
-1.137, 2.683e-4
-1.138, 2.703e-4
-1.139, 2.728e-4
-1.140, 2.746e-4
-1.141, 2.757e-4
-1.142, 2.775e-4
-1.143, 2.806e-4
-1.144, 2.823e-4
-1.145, 2.849e-4
-1.146, 2.871e-4
-1.147, 2.891e-4
-1.148, 2.917e-4
-1.149, 2.936e-4
-1.150, 2.963e-4
-1.151, 2.981e-4
-1.152, 3.005e-4
-1.153, 3.044e-4
-1.154, 3.062e-4
-1.155, 3.078e-4
-1.156, 3.101e-4
-1.157, 3.134e-4
-1.158, 3.173e-4
-1.159, 3.189e-4
-1.160, 3.211e-4
-1.161, 3.239e-4
-1.162, 3.269e-4
-1.163, 3.297e-4
-1.164, 3.329e-4
-1.165, 3.356e-4
-1.166, 3.376e-4
-1.167, 3.413e-4
-1.168, 3.443e-4
-1.169, 3.470e-4
-1.170, 3.505e-4
-1.171, 3.527e-4
-1.172, 3.559e-4
-1.173, 3.589e-4
-1.174, 3.625e-4
-1.175, 3.663e-4
-1.176, 3.689e-4
-1.177, 3.725e-4
-1.178, 3.756e-4
-1.179, 3.779e-4
-1.180, 3.816e-4
-1.181, 3.853e-4
-1.182, 3.891e-4
-1.183, 3.926e-4
-1.184, 3.952e-4
-1.185, 3.991e-4
-1.186, 4.024e-4
-1.187, 4.058e-4
-1.188, 4.097e-4
-1.189, 4.129e-4
-1.190, 4.168e-4
-1.191, 4.205e-4
-1.192, 4.234e-4
-1.193, 4.276e-4
-1.194, 4.314e-4
-1.195, 4.348e-4
-1.196, 4.389e-4
-1.197, 4.418e-4
-1.198, 4.458e-4
-1.199, 4.501e-4
-1.200, 4.535e-4
-1.201, 4.574e-4
-1.202, 4.621e-4
-1.203, 4.658e-4
-1.204, 4.691e-4
-1.205, 4.723e-4
-1.206, 4.769e-4
-1.207, 4.803e-4
-1.208, 4.851e-4
-1.209, 4.892e-4
-1.210, 4.928e-4
-1.211, 4.967e-4
-1.212, 5.001e-4
-1.213, 5.044e-4
-1.214, 5.094e-4
-1.215, 5.124e-4
-1.216, 5.165e-4
-1.217, 5.195e-4
-1.218, 5.239e-4
-1.219, 5.278e-4
-1.220, 5.332e-4
-1.221, 5.366e-4
-1.222, 5.394e-4
-1.223, 5.433e-4
-1.224, 5.476e-4
-1.225, 5.516e-4
-1.226, 5.553e-4
-1.227, 5.593e-4
-1.228, 5.626e-4
-1.229, 5.671e-4
-1.230, 5.713e-4
-1.231, 5.744e-4
-1.232, 5.783e-4
-1.233, 5.817e-4
-1.234, 5.854e-4
-1.235, 5.892e-4
-1.236, 5.926e-4
-1.237, 5.968e-4
-1.238, 6.005e-4
-1.239, 6.045e-4
-1.240, 6.080e-4
-1.241, 6.100e-4
-1.242, 6.135e-4
-1.243, 6.175e-4
-1.244, 6.220e-4
-1.245, 6.255e-4
-1.246, 6.274e-4
-1.247, 6.309e-4
-1.248, 6.343e-4
-1.249, 6.379e-4
-1.250, 6.417e-4
-1.251, 6.440e-4
-1.252, 6.471e-4
-1.253, 6.504e-4
-1.254, 6.534e-4
-1.255, 6.574e-4
-1.256, 6.599e-4
-1.257, 6.625e-4
-1.258, 6.659e-4
-1.259, 6.685e-4
-1.260, 6.721e-4
-1.261, 6.747e-4
-1.262, 6.770e-4
-1.263, 6.806e-4
-1.264, 6.833e-4
-1.265, 6.861e-4
-1.266, 6.889e-4
-1.267, 6.908e-4
-1.268, 6.941e-4
-1.269, 6.972e-4
-1.270, 6.992e-4
-1.271, 7.023e-4
-1.272, 7.035e-4
-1.273, 7.075e-4
-1.274, 7.116e-4
-1.275, 7.131e-4
-1.276, 7.141e-4
-1.277, 7.150e-4
-1.278, 7.194e-4
-1.279, 7.228e-4
-1.280, 7.248e-4
-1.281, 7.263e-4
-1.282, 7.281e-4
-1.283, 7.302e-4
-1.284, 7.324e-4
-1.285, 7.353e-4
-1.286, 7.369e-4
-1.287, 7.383e-4
-1.288, 7.408e-4
-1.289, 7.424e-4
-1.290, 7.452e-4
-1.291, 7.467e-4
-1.292, 7.479e-4
-1.293, 7.499e-4
-1.294, 7.516e-4
-1.295, 7.543e-4
-1.296, 7.561e-4
-1.297, 7.575e-4
-1.298, 7.597e-4
-1.299, 7.603e-4
-1.300, 7.619e-4
-1.301, 7.640e-4
-1.302, 7.660e-4
-1.303, 7.683e-4
-1.304, 7.688e-4
-1.305, 7.706e-4
-1.306, 7.724e-4
-1.307, 7.734e-4
-1.308, 7.756e-4
-1.309, 7.769e-4
-1.310, 7.785e-4
-1.311, 7.802e-4
-1.312, 7.812e-4
-1.313, 7.832e-4
-1.314, 7.850e-4
-1.315, 7.860e-4
-1.316, 7.885e-4
-1.317, 7.907e-4
-1.318, 7.918e-4
-1.319, 7.936e-4
-1.320, 7.941e-4
-1.321, 7.957e-4
-1.322, 7.978e-4
-1.323, 8.013e-4
-1.324, 8.030e-4
-1.325, 8.033e-4
-1.326, 8.056e-4
-1.327, 8.072e-4
-1.328, 8.098e-4
-1.329, 8.123e-4
-1.330, 8.138e-4
-1.331, 8.163e-4
-1.332, 8.180e-4
-1.333, 8.205e-4
-1.334, 8.235e-4
-1.335, 8.255e-4
-1.336, 8.283e-4
-1.337, 8.300e-4
-1.338, 8.328e-4
-1.339, 8.357e-4
-1.340, 8.384e-4
-1.341, 8.419e-4
-1.342, 8.449e-4
-1.343, 8.478e-4
-1.344, 8.509e-4
-1.345, 8.526e-4
-1.346, 8.564e-4
-1.347, 8.601e-4
-1.348, 8.638e-4
-1.349, 8.672e-4
-1.350, 8.711e-4
-1.351, 8.743e-4
-1.352, 8.769e-4
-1.353, 8.811e-4
-1.354, 8.856e-4
-1.355, 8.887e-4
-1.356, 8.932e-4
-1.357, 8.974e-4
-1.358, 9.022e-4
-1.359, 9.069e-4
-1.360, 9.107e-4
-1.361, 9.151e-4
-1.362, 9.190e-4
-1.363, 9.245e-4
-1.364, 9.296e-4
-1.365, 9.341e-4
-1.366, 9.399e-4
-1.367, 9.445e-4
-1.368, 9.500e-4
-1.369, 9.557e-4
-1.370, 9.613e-4
-1.371, 9.679e-4
-1.372, 9.736e-4
-1.373, 9.798e-4
-1.374, 9.857e-4
-1.375, 9.905e-4
-1.376, 9.975e-4
-1.377, 1.005e-3
-1.378, 1.012e-3
-1.379, 1.019e-3
-1.380, 1.025e-3
-1.381, 1.031e-3
-1.382, 1.039e-3
-1.383, 1.047e-3
-1.384, 1.054e-3
-1.385, 1.062e-3
-1.386, 1.070e-3
-1.387, 1.077e-3
-1.388, 1.083e-3
-1.389, 1.093e-3
-1.390, 1.103e-3
-1.391, 1.109e-3
-1.392, 1.117e-3
-1.393, 1.126e-3
-1.394, 1.136e-3
-1.395, 1.145e-3
-1.396, 1.154e-3
-1.397, 1.162e-3
-1.398, 1.170e-3
-1.399, 1.181e-3
-1.400, 1.191e-3
-1.401, 1.200e-3
-1.402, 1.211e-3
-1.403, 1.221e-3
-1.404, 1.231e-3
-1.405, 1.240e-3
-1.406, 1.249e-3
-1.407, 1.261e-3
-1.408, 1.271e-3
-1.409, 1.282e-3
-1.410, 1.293e-3
-1.411, 1.304e-3
-1.412, 1.313e-3
-1.413, 1.323e-3
-1.414, 1.336e-3
-1.415, 1.346e-3
-1.416, 1.356e-3
-1.417, 1.367e-3
-1.418, 1.378e-3
-1.419, 1.389e-3
-1.420, 1.401e-3
-1.421, 1.412e-3
-1.422, 1.421e-3
-1.423, 1.432e-3
-1.424, 1.444e-3
-1.425, 1.455e-3
-1.426, 1.467e-3
-1.427, 1.478e-3
-1.428, 1.490e-3
-1.429, 1.502e-3
-1.430, 1.515e-3
-1.431, 1.530e-3
-1.432, 1.541e-3
-1.433, 1.551e-3
-1.434, 1.563e-3
-1.435, 1.578e-3
-1.436, 1.591e-3
-1.437, 1.601e-3
-1.438, 1.616e-3
-1.439, 1.630e-3
-1.440, 1.641e-3
-1.441, 1.654e-3
-1.442, 1.666e-3
-1.443, 1.679e-3
-1.444, 1.694e-3
-1.445, 1.709e-3
-1.446, 1.721e-3
-1.447, 1.733e-3
-1.448, 1.747e-3
-1.449, 1.760e-3
-1.450, 1.775e-3
-1.451, 1.789e-3
-1.452, 1.802e-3
-1.453, 1.816e-3
-1.454, 1.830e-3
-1.455, 1.845e-3
-1.456, 1.861e-3
-1.457, 1.875e-3
-1.458, 1.891e-3
-1.459, 1.905e-3
-1.460, 1.918e-3
-1.461, 1.933e-3
-1.462, 1.949e-3
-1.463, 1.965e-3
-1.464, 1.980e-3
-1.465, 1.993e-3
-1.466, 2.009e-3
-1.467, 2.024e-3
-1.468, 2.039e-3
-1.469, 2.056e-3
-1.470, 2.071e-3
-1.471, 2.087e-3
-1.472, 2.103e-3
-1.473, 2.118e-3
-1.474, 2.135e-3
-1.475, 2.151e-3
-1.476, 2.166e-3
-1.477, 2.183e-3
-1.478, 2.198e-3
-1.479, 2.215e-3
-1.480, 2.232e-3
-1.481, 2.248e-3
-1.482, 2.266e-3
-1.483, 2.282e-3
-1.484, 2.298e-3
-1.485, 2.316e-3
-1.486, 2.331e-3
-1.487, 2.349e-3
-1.488, 2.366e-3
-1.489, 2.382e-3
-1.490, 2.400e-3
-1.491, 2.417e-3
-1.492, 2.435e-3
-1.493, 2.453e-3
-1.494, 2.470e-3
-1.495, 2.487e-3
-1.496, 2.505e-3
-1.497, 2.522e-3
-1.498, 2.542e-3
-1.499, 2.560e-3
-1.500, 2.554e-3
-1.499, 2.527e-3
-1.498, 2.502e-3
-1.497, 2.480e-3
-1.496, 2.459e-3
-1.495, 2.436e-3
-1.494, 2.416e-3
-1.493, 2.393e-3
-1.492, 2.371e-3
-1.491, 2.350e-3
-1.490, 2.328e-3
-1.489, 2.308e-3
-1.488, 2.287e-3
-1.487, 2.265e-3
-1.486, 2.245e-3
-1.485, 2.227e-3
-1.484, 2.205e-3
-1.483, 2.184e-3
-1.482, 2.165e-3
-1.481, 2.148e-3
-1.480, 2.127e-3
-1.479, 2.108e-3
-1.478, 2.088e-3
-1.477, 2.069e-3
-1.476, 2.042e-3
-1.475, 2.017e-3
-1.474, 1.999e-3
-1.473, 1.981e-3
-1.472, 1.965e-3
-1.471, 1.949e-3
-1.470, 1.930e-3
-1.469, 1.914e-3
-1.468, 1.896e-3
-1.467, 1.879e-3
-1.466, 1.862e-3
-1.465, 1.846e-3
-1.464, 1.831e-3
-1.463, 1.816e-3
-1.462, 1.797e-3
-1.461, 1.781e-3
-1.460, 1.766e-3
-1.459, 1.751e-3
-1.458, 1.735e-3
-1.457, 1.718e-3
-1.456, 1.704e-3
-1.455, 1.694e-3
-1.454, 1.680e-3
-1.453, 1.660e-3
-1.452, 1.642e-3
-1.451, 1.628e-3
-1.450, 1.618e-3
-1.449, 1.605e-3
-1.448, 1.588e-3
-1.447, 1.573e-3
-1.446, 1.559e-3
-1.445, 1.546e-3
-1.444, 1.532e-3
-1.443, 1.518e-3
-1.442, 1.504e-3
-1.441, 1.490e-3
-1.440, 1.477e-3
-1.439, 1.464e-3
-1.438, 1.451e-3
-1.437, 1.438e-3
-1.436, 1.425e-3
-1.435, 1.412e-3
-1.434, 1.398e-3
-1.433, 1.386e-3
-1.432, 1.373e-3
-1.431, 1.361e-3
-1.430, 1.350e-3
-1.429, 1.337e-3
-1.428, 1.326e-3
-1.427, 1.314e-3
-1.426, 1.303e-3
-1.425, 1.293e-3
-1.424, 1.281e-3
-1.423, 1.271e-3
-1.422, 1.260e-3
-1.421, 1.247e-3
-1.420, 1.237e-3
-1.419, 1.226e-3
-1.418, 1.214e-3
-1.417, 1.203e-3
-1.416, 1.194e-3
-1.415, 1.185e-3
-1.414, 1.173e-3
-1.413, 1.161e-3
-1.412, 1.151e-3
-1.411, 1.140e-3
-1.410, 1.130e-3
-1.409, 1.121e-3
-1.408, 1.110e-3
-1.407, 1.100e-3
-1.406, 1.090e-3
-1.405, 1.080e-3
-1.404, 1.071e-3
-1.403, 1.061e-3
-1.402, 1.052e-3
-1.401, 1.041e-3
-1.400, 1.032e-3
-1.399, 1.024e-3
-1.398, 1.015e-3
-1.397, 1.006e-3
-1.396, 9.985e-4
-1.395, 9.890e-4
-1.394, 9.788e-4
-1.393, 9.712e-4
-1.392, 9.607e-4
-1.391, 9.536e-4
-1.390, 9.456e-4
-1.389, 9.369e-4
-1.388, 9.279e-4
-1.387, 9.199e-4
-1.386, 9.130e-4
-1.385, 9.034e-4
-1.384, 8.952e-4
-1.383, 8.870e-4
-1.382, 8.797e-4
-1.381, 8.719e-4
-1.380, 8.646e-4
-1.379, 8.569e-4
-1.378, 8.481e-4
-1.377, 8.411e-4
-1.376, 8.337e-4
-1.375, 8.261e-4
-1.374, 8.193e-4
-1.373, 8.112e-4
-1.372, 8.051e-4
-1.371, 7.971e-4
-1.370, 7.901e-4
-1.369, 7.839e-4
-1.368, 7.768e-4
-1.367, 7.705e-4
-1.366, 7.631e-4
-1.365, 7.549e-4
-1.364, 7.489e-4
-1.363, 7.427e-4
-1.362, 7.370e-4
-1.361, 7.306e-4
-1.360, 7.230e-4
-1.359, 7.169e-4
-1.358, 7.109e-4
-1.357, 7.045e-4
-1.356, 6.986e-4
-1.355, 6.919e-4
-1.354, 6.863e-4
-1.353, 6.806e-4
-1.352, 6.741e-4
-1.351, 6.686e-4
-1.350, 6.630e-4
-1.349, 6.571e-4
-1.348, 6.519e-4
-1.347, 6.453e-4
-1.346, 6.400e-4
-1.345, 6.351e-4
-1.344, 6.295e-4
-1.343, 6.246e-4
-1.342, 6.187e-4
-1.341, 6.131e-4
-1.340, 6.088e-4
-1.339, 6.035e-4
-1.338, 5.988e-4
-1.337, 5.933e-4
-1.336, 5.873e-4
-1.335, 5.846e-4
-1.334, 5.808e-4
-1.333, 5.745e-4
-1.332, 5.687e-4
-1.331, 5.631e-4
-1.330, 5.592e-4
-1.329, 5.551e-4
-1.328, 5.525e-4
-1.327, 5.474e-4
-1.326, 5.403e-4
-1.325, 5.370e-4
-1.324, 5.328e-4
-1.323, 5.292e-4
-1.322, 5.253e-4
-1.321, 5.198e-4
-1.320, 5.161e-4
-1.319, 5.120e-4
-1.318, 5.081e-4
-1.317, 5.048e-4
-1.316, 4.999e-4
-1.315, 4.966e-4
-1.314, 4.925e-4
-1.313, 4.886e-4
-1.312, 4.855e-4
-1.311, 4.809e-4
-1.310, 4.786e-4
-1.309, 4.771e-4
-1.308, 4.709e-4
-1.307, 4.671e-4
-1.306, 4.636e-4
-1.305, 4.596e-4
-1.304, 4.572e-4
-1.303, 4.552e-4
-1.302, 4.530e-4
-1.301, 4.479e-4
-1.300, 4.442e-4
-1.299, 4.412e-4
-1.298, 4.386e-4
-1.297, 4.349e-4
-1.296, 4.326e-4
-1.295, 4.303e-4
-1.294, 4.265e-4
-1.293, 4.245e-4
-1.292, 4.213e-4
-1.291, 4.179e-4
-1.290, 4.161e-4
-1.289, 4.125e-4
-1.288, 4.103e-4
-1.287, 4.070e-4
-1.286, 4.045e-4
-1.285, 4.032e-4
-1.284, 4.003e-4
-1.283, 3.984e-4
-1.282, 3.950e-4
-1.281, 3.908e-4
-1.280, 3.891e-4
-1.279, 3.875e-4
-1.278, 3.862e-4
-1.277, 3.833e-4
-1.276, 3.794e-4
-1.275, 3.788e-4
-1.274, 3.766e-4
-1.273, 3.738e-4
-1.272, 3.716e-4
-1.271, 3.683e-4
-1.270, 3.663e-4
-1.269, 3.643e-4
-1.268, 3.646e-4
-1.267, 3.618e-4
-1.266, 3.580e-4
-1.265, 3.558e-4
-1.264, 3.544e-4
-1.263, 3.525e-4
-1.262, 3.508e-4
-1.261, 3.486e-4
-1.260, 3.457e-4
-1.259, 3.449e-4
-1.258, 3.430e-4
-1.257, 3.404e-4
-1.256, 3.388e-4
-1.255, 3.365e-4
-1.254, 3.352e-4
-1.253, 3.329e-4
-1.252, 3.311e-4
-1.251, 3.296e-4
-1.250, 3.271e-4
-1.249, 3.266e-4
-1.248, 3.253e-4
-1.247, 3.219e-4
-1.246, 3.197e-4
-1.245, 3.174e-4
-1.244, 3.171e-4
-1.243, 3.165e-4
-1.242, 3.137e-4
-1.241, 3.113e-4
-1.240, 3.095e-4
-1.239, 3.081e-4
-1.238, 3.069e-4
-1.237, 3.049e-4
-1.236, 3.027e-4
-1.235, 3.010e-4
-1.234, 2.993e-4
-1.233, 2.985e-4
-1.232, 2.968e-4
-1.231, 2.941e-4
-1.230, 2.929e-4
-1.229, 2.906e-4
-1.228, 2.894e-4
-1.227, 2.880e-4
-1.226, 2.866e-4
-1.225, 2.850e-4
-1.224, 2.834e-4
-1.223, 2.809e-4
-1.222, 2.804e-4
-1.221, 2.791e-4
-1.220, 2.767e-4
-1.219, 2.730e-4
-1.218, 2.725e-4
-1.217, 2.719e-4
-1.216, 2.699e-4
-1.215, 2.686e-4
-1.214, 2.661e-4
-1.213, 2.647e-4
-1.212, 2.628e-4
-1.211, 2.605e-4
-1.210, 2.596e-4
-1.209, 2.574e-4
-1.208, 2.565e-4
-1.207, 2.545e-4
-1.206, 2.519e-4
-1.205, 2.511e-4
-1.204, 2.489e-4
-1.203, 2.475e-4
-1.202, 2.465e-4
-1.201, 2.447e-4
-1.200, 2.416e-4
-1.199, 2.410e-4
-1.198, 2.378e-4
-1.197, 2.359e-4
-1.196, 2.349e-4
-1.195, 2.348e-4
-1.194, 2.320e-4
-1.193, 2.294e-4
-1.192, 2.275e-4
-1.191, 2.257e-4
-1.190, 2.229e-4
-1.189, 2.219e-4
-1.188, 2.210e-4
-1.187, 2.180e-4
-1.186, 2.164e-4
-1.185, 2.146e-4
-1.184, 2.123e-4
-1.183, 2.113e-4
-1.182, 2.082e-4
-1.181, 2.063e-4
-1.180, 2.042e-4
-1.179, 2.027e-4
-1.178, 2.016e-4
-1.177, 1.989e-4
-1.176, 1.972e-4
-1.175, 1.948e-4
-1.174, 1.914e-4
-1.173, 1.898e-4
-1.172, 1.883e-4
-1.171, 1.866e-4
-1.170, 1.849e-4
-1.169, 1.818e-4
-1.168, 1.797e-4
-1.167, 1.777e-4
-1.166, 1.750e-4
-1.165, 1.734e-4
-1.164, 1.709e-4
-1.163, 1.681e-4
-1.162, 1.665e-4
-1.161, 1.636e-4
-1.160, 1.616e-4
-1.159, 1.598e-4
-1.158, 1.568e-4
-1.157, 1.548e-4
-1.156, 1.518e-4
-1.155, 1.490e-4
-1.154, 1.476e-4
-1.153, 1.449e-4
-1.152, 1.426e-4
-1.151, 1.398e-4
-1.150, 1.364e-4
-1.149, 1.351e-4
-1.148, 1.325e-4
-1.147, 1.295e-4
-1.146, 1.270e-4
-1.145, 1.229e-4
-1.144, 1.222e-4
-1.143, 1.208e-4
-1.142, 1.170e-4
-1.141, 1.123e-4
-1.140, 1.085e-4
-1.139, 1.082e-4
-1.138, 1.057e-4
-1.137, 1.034e-4
-1.136, 1.004e-4
-1.135, 9.585e-5
-1.134, 9.124e-5
-1.133, 9.009e-5
-1.132, 8.911e-5
-1.131, 8.417e-5
-1.130, 8.102e-5
-1.129, 7.742e-5
-1.128, 7.500e-5
-1.127, 7.295e-5
-1.126, 6.872e-5
-1.125, 6.546e-5
-1.124, 6.153e-5
-1.123, 5.845e-5
-1.122, 5.614e-5
-1.121, 5.190e-5
-1.120, 4.886e-5
-1.119, 4.544e-5
-1.118, 4.159e-5
-1.117, 3.890e-5
-1.116, 3.407e-5
-1.115, 3.092e-5
-1.114, 2.815e-5
-1.113, 2.457e-5
-1.112, 2.146e-5
-1.111, 1.571e-5
-1.110, 1.137e-5
-1.109, 8.522e-6
-1.108, 5.441e-6
-1.107, 2.077e-6
-1.106, -2.695e-6
-1.105, -7.329e-6
-1.104, -1.006e-5
-1.103, -1.524e-5
-1.102, -1.984e-5
-1.101, -2.400e-5
-1.100, -2.734e-5
-1.099, -3.172e-5
-1.098, -3.636e-5
-1.097, -4.110e-5
-1.096, -4.409e-5
-1.095, -4.960e-5
-1.094, -5.399e-5
-1.093, -5.741e-5
-1.092, -6.295e-5
-1.091, -6.768e-5
-1.090, -7.259e-5
-1.089, -7.668e-5
-1.088, -8.118e-5
-1.087, -8.525e-5
-1.086, -9.087e-5
-1.085, -9.500e-5
-1.084, -9.972e-5
-1.083, -1.049e-4
-1.082, -1.095e-4
-1.081, -1.152e-4
-1.080, -1.189e-4
-1.079, -1.235e-4
-1.078, -1.281e-4
-1.077, -1.318e-4
-1.076, -1.370e-4
-1.075, -1.420e-4
-1.074, -1.471e-4
-1.073, -1.524e-4
-1.072, -1.552e-4
-1.071, -1.586e-4
-1.070, -1.633e-4
-1.069, -1.671e-4
-1.068, -1.712e-4
-1.067, -1.746e-4
-1.066, -1.782e-4
-1.065, -1.823e-4
-1.064, -1.849e-4
-1.063, -1.880e-4
-1.062, -1.912e-4
-1.061, -1.932e-4
-1.060, -1.964e-4
-1.059, -1.984e-4
-1.058, -1.998e-4
-1.057, -2.027e-4
-1.056, -2.045e-4
-1.055, -2.068e-4
-1.054, -2.087e-4
-1.053, -2.092e-4
-1.052, -2.109e-4
-1.051, -2.125e-4
-1.050, -2.140e-4
-1.049, -2.158e-4
-1.048, -2.157e-4
-1.047, -2.170e-4
-1.046, -2.187e-4
-1.045, -2.193e-4
-1.044, -2.216e-4
-1.043, -2.204e-4
-1.042, -2.208e-4
-1.041, -2.232e-4
-1.040, -2.244e-4
-1.039, -2.264e-4
-1.038, -2.257e-4
-1.037, -2.260e-4
-1.036, -2.257e-4
-1.035, -2.286e-4
-1.034, -2.285e-4
-1.033, -2.298e-4
-1.032, -2.296e-4
-1.031, -2.305e-4
-1.030, -2.315e-4
-1.029, -2.332e-4
-1.028, -2.329e-4
-1.027, -2.320e-4
-1.026, -2.337e-4
-1.025, -2.353e-4
-1.024, -2.347e-4
-1.023, -2.359e-4
-1.022, -2.357e-4
-1.021, -2.370e-4
-1.020, -2.378e-4
-1.019, -2.368e-4
-1.018, -2.363e-4
-1.017, -2.380e-4
-1.016, -2.385e-4
-1.015, -2.392e-4
-1.014, -2.384e-4
-1.013, -2.387e-4
-1.012, -2.390e-4
-1.011, -2.389e-4
-1.010, -2.398e-4
-1.009, -2.392e-4
-1.008, -2.383e-4
-1.007, -2.387e-4
-1.006, -2.384e-4
-1.005, -2.389e-4
-1.004, -2.383e-4
-1.003, -2.378e-4
-1.002, -2.375e-4
-1.001, -2.365e-4
-1.000, -2.187e-4
-1.001, -1.993e-4
-1.002, -1.858e-4
-1.003, -1.757e-4
-1.004, -1.647e-4
-1.005, -1.548e-4
-1.006, -1.436e-4
-1.007, -1.340e-4
-1.008, -1.266e-4
-1.009, -1.180e-4
-1.010, -1.104e-4
-1.011, -1.011e-4
-1.012, -9.328e-5
-1.013, -8.470e-5
-1.014, -7.825e-5
-1.015, -7.064e-5
-1.016, -6.405e-5
-1.017, -5.635e-5
-1.018, -4.861e-5
-1.019, -4.301e-5
-1.020, -3.614e-5
-1.021, -2.966e-5
-1.022, -2.325e-5
-1.023, -1.595e-5
-1.024, -1.019e-5
-1.025, -4.668e-6
-1.026, 1.652e-6
-1.027, 7.442e-6
-1.028, 1.428e-5
-1.029, 1.956e-5
-1.030, 2.497e-5
-1.031, 3.166e-5
-1.032, 3.598e-5
-1.033, 4.170e-5
-1.034, 4.635e-5
-1.035, 5.231e-5
-1.036, 5.822e-5
-1.037, 6.302e-5
-1.038, 6.816e-5
-1.039, 7.275e-5
-1.040, 7.759e-5
-1.041, 8.260e-5
-1.042, 8.735e-5
-1.043, 9.273e-5
-1.044, 9.673e-5
-1.045, 1.011e-4
-1.046, 1.063e-4
-1.047, 1.106e-4
-1.048, 1.154e-4
-1.049, 1.194e-4
-1.050, 1.228e-4
-1.051, 1.275e-4
-1.052, 1.319e-4
-1.053, 1.360e-4
-1.054, 1.401e-4
-1.055, 1.432e-4
-1.056, 1.475e-4
-1.057, 1.514e-4
-1.058, 1.554e-4
-1.059, 1.603e-4
-1.060, 1.629e-4
-1.061, 1.646e-4
-1.062, 1.696e-4
-1.063, 1.735e-4
-1.064, 1.780e-4
-1.065, 1.803e-4
-1.066, 1.823e-4
-1.067, 1.868e-4
-1.068, 1.908e-4
-1.069, 1.930e-4
-1.070, 1.957e-4
-1.071, 2.003e-4
-1.072, 2.027e-4
-1.073, 2.054e-4
-1.074, 2.084e-4
-1.075, 2.117e-4
-1.076, 2.146e-4
-1.077, 2.178e-4
-1.078, 2.211e-4
-1.079, 2.227e-4
-1.080, 2.257e-4
-1.081, 2.287e-4
-1.082, 2.312e-4
-1.083, 2.348e-4
-1.084, 2.365e-4
-1.085, 2.403e-4
-1.086, 2.433e-4
-1.087, 2.441e-4
-1.088, 2.471e-4
-1.089, 2.496e-4
-1.090, 2.528e-4
-1.091, 2.543e-4
-1.092, 2.569e-4
-1.093, 2.615e-4
-1.094, 2.625e-4
-1.095, 2.639e-4
-1.096, 2.661e-4
-1.097, 2.691e-4
-1.098, 2.714e-4
-1.099, 2.742e-4
-1.100, 2.765e-4
-1.101, 2.776e-4
-1.102, 2.807e-4
-1.103, 2.834e-4
-1.104, 2.848e-4
-1.105, 2.875e-4
-1.106, 2.890e-4
-1.107, 2.913e-4
-1.108, 2.938e-4
-1.109, 2.958e-4
-1.110, 2.985e-4
-1.111, 3.004e-4
-1.112, 3.026e-4
-1.113, 3.054e-4
-1.114, 3.058e-4
-1.115, 3.076e-4
-1.116, 3.103e-4
-1.117, 3.131e-4
-1.118, 3.159e-4
-1.119, 3.169e-4
-1.120, 3.184e-4
-1.121, 3.207e-4
-1.122, 3.229e-4
-1.123, 3.255e-4
-1.124, 3.270e-4
-1.125, 3.284e-4
-1.126, 3.310e-4
-1.127, 3.330e-4
-1.128, 3.354e-4
-1.129, 3.375e-4
-1.130, 3.386e-4
-1.131, 3.410e-4
-1.132, 3.431e-4
-1.133, 3.451e-4
-1.134, 3.474e-4
-1.135, 3.487e-4
-1.136, 3.510e-4
-1.137, 3.535e-4
-1.138, 3.550e-4
-1.139, 3.574e-4
-1.140, 3.588e-4
-1.141, 3.606e-4
-1.142, 3.635e-4
-1.143, 3.652e-4
-1.144, 3.674e-4
-1.145, 3.691e-4
-1.146, 3.705e-4
-1.147, 3.736e-4
-1.148, 3.755e-4
-1.149, 3.772e-4
-1.150, 3.794e-4
-1.151, 3.805e-4
-1.152, 3.835e-4
-1.153, 3.859e-4
-1.154, 3.872e-4
-1.155, 3.896e-4
-1.156, 3.910e-4
-1.157, 3.934e-4
-1.158, 3.963e-4
-1.159, 3.975e-4
-1.160, 4.000e-4
-1.161, 4.013e-4
-1.162, 4.034e-4
-1.163, 4.066e-4
-1.164, 4.080e-4
-1.165, 4.094e-4
-1.166, 4.124e-4
-1.167, 4.151e-4
-1.168, 4.164e-4
-1.169, 4.178e-4
-1.170, 4.206e-4
-1.171, 4.223e-4
-1.172, 4.257e-4
-1.173, 4.294e-4
-1.174, 4.282e-4
-1.175, 4.290e-4
-1.176, 4.321e-4
-1.177, 4.362e-4
-1.178, 4.389e-4
-1.179, 4.401e-4
-1.180, 4.415e-4
-1.181, 4.426e-4
-1.182, 4.447e-4
-1.183, 4.480e-4
-1.184, 4.510e-4
-1.185, 4.519e-4
-1.186, 4.532e-4
-1.187, 4.561e-4
-1.188, 4.581e-4
-1.189, 4.608e-4
-1.190, 4.628e-4
-1.191, 4.641e-4
-1.192, 4.667e-4
-1.193, 4.688e-4
-1.194, 4.714e-4
-1.195, 4.737e-4
-1.196, 4.755e-4
-1.197, 4.786e-4
-1.198, 4.797e-4
-1.199, 4.814e-4
-1.200, 4.838e-4
-1.201, 4.864e-4
-1.202, 4.895e-4
-1.203, 4.908e-4
-1.204, 4.927e-4
-1.205, 4.948e-4
-1.206, 4.966e-4
-1.207, 4.995e-4
-1.208, 5.015e-4
-1.209, 5.034e-4
-1.210, 5.056e-4
-1.211, 5.070e-4
-1.212, 5.100e-4
-1.213, 5.123e-4
-1.214, 5.137e-4
-1.215, 5.163e-4
-1.216, 5.178e-4
-1.217, 5.199e-4
-1.218, 5.226e-4
-1.219, 5.241e-4
-1.220, 5.261e-4
-1.221, 5.294e-4
-1.222, 5.313e-4
-1.223, 5.334e-4
-1.224, 5.344e-4
-1.225, 5.357e-4
-1.226, 5.373e-4
-1.227, 5.411e-4
-1.228, 5.448e-4
-1.229, 5.449e-4
-1.230, 5.469e-4
-1.231, 5.483e-4
-1.232, 5.501e-4
-1.233, 5.523e-4
-1.234, 5.548e-4
-1.235, 5.560e-4
-1.236, 5.569e-4
-1.237, 5.597e-4
-1.238, 5.617e-4
-1.239, 5.635e-4
-1.240, 5.656e-4
-1.241, 5.664e-4
-1.242, 5.698e-4
-1.243, 5.725e-4
-1.244, 5.725e-4
-1.245, 5.748e-4
-1.246, 5.753e-4
-1.247, 5.778e-4
-1.248, 5.798e-4
-1.249, 5.834e-4
-1.250, 5.843e-4
-1.251, 5.847e-4
-1.252, 5.868e-4
-1.253, 5.889e-4
-1.254, 5.902e-4
-1.255, 5.919e-4
-1.256, 5.938e-4
-1.257, 5.949e-4
-1.258, 5.971e-4
-1.259, 5.991e-4
-1.260, 5.998e-4
-1.261, 6.017e-4
-1.262, 6.032e-4
-1.263, 6.047e-4
-1.264, 6.064e-4
-1.265, 6.075e-4
-1.266, 6.098e-4
-1.267, 6.116e-4
-1.268, 6.133e-4
-1.269, 6.152e-4
-1.270, 6.148e-4
-1.271, 6.164e-4
-1.272, 6.183e-4
-1.273, 6.208e-4
-1.274, 6.228e-4
-1.275, 6.228e-4
-1.276, 6.243e-4
-1.277, 6.259e-4
-1.278, 6.275e-4
-1.279, 6.295e-4
-1.280, 6.304e-4
-1.281, 6.317e-4
-1.282, 6.334e-4
-1.283, 6.347e-4
-1.284, 6.370e-4
-1.285, 6.380e-4
-1.286, 6.389e-4
-1.287, 6.410e-4
-1.288, 6.422e-4
-1.289, 6.441e-4
-1.290, 6.454e-4
-1.291, 6.463e-4
-1.292, 6.488e-4
-1.293, 6.503e-4
-1.294, 6.516e-4
-1.295, 6.534e-4
-1.296, 6.541e-4
-1.297, 6.564e-4
-1.298, 6.585e-4
-1.299, 6.595e-4
-1.300, 6.618e-4
-1.301, 6.627e-4
-1.302, 6.645e-4
-1.303, 6.673e-4
-1.304, 6.680e-4
-1.305, 6.721e-4
-1.306, 6.737e-4
-1.307, 6.733e-4
-1.308, 6.760e-4
-1.309, 6.779e-4
-1.310, 6.798e-4
-1.311, 6.822e-4
-1.312, 6.845e-4
-1.313, 6.878e-4
-1.314, 6.883e-4
-1.315, 6.900e-4
-1.316, 6.923e-4
-1.317, 6.950e-4
-1.318, 6.978e-4
-1.319, 6.997e-4
-1.320, 7.022e-4
-1.321, 7.039e-4
-1.322, 7.067e-4
-1.323, 7.097e-4
-1.324, 7.118e-4
-1.325, 7.148e-4
-1.326, 7.165e-4
-1.327, 7.192e-4
-1.328, 7.225e-4
-1.329, 7.250e-4
-1.330, 7.284e-4
-1.331, 7.311e-4
-1.332, 7.340e-4
-1.333, 7.371e-4
-1.334, 7.388e-4
-1.335, 7.419e-4
-1.336, 7.456e-4
-1.337, 7.489e-4
-1.338, 7.526e-4
-1.339, 7.554e-4
-1.340, 7.582e-4
-1.341, 7.616e-4
-1.342, 7.647e-4
-1.343, 7.688e-4
-1.344, 7.726e-4
-1.345, 7.754e-4
-1.346, 7.794e-4
-1.347, 7.830e-4
-1.348, 7.867e-4
-1.349, 7.913e-4
-1.350, 7.944e-4
-1.351, 7.983e-4
-1.352, 8.022e-4
-1.353, 8.059e-4
-1.354, 8.110e-4
-1.355, 8.149e-4
-1.356, 8.185e-4
-1.357, 8.232e-4
-1.358, 8.269e-4
-1.359, 8.322e-4
-1.360, 8.368e-4
-1.361, 8.398e-4
-1.362, 8.472e-4
-1.363, 8.520e-4
-1.364, 8.559e-4
-1.365, 8.590e-4
-1.366, 8.643e-4
-1.367, 8.722e-4
-1.368, 8.768e-4
-1.369, 8.809e-4
-1.370, 8.856e-4
-1.371, 8.925e-4
-1.372, 8.980e-4
-1.373, 9.041e-4
-1.374, 9.097e-4
-1.375, 9.160e-4
-1.376, 9.215e-4
-1.377, 9.282e-4
-1.378, 9.349e-4
-1.379, 9.410e-4
-1.380, 9.492e-4
-1.381, 9.552e-4
-1.382, 9.611e-4
-1.383, 9.675e-4
-1.384, 9.745e-4
-1.385, 9.838e-4
-1.386, 9.895e-4
-1.387, 9.964e-4
-1.388, 1.004e-3
-1.389, 1.012e-3
-1.390, 1.019e-3
-1.391, 1.027e-3
-1.392, 1.035e-3
-1.393, 1.042e-3
-1.394, 1.051e-3
-1.395, 1.059e-3
-1.396, 1.067e-3
-1.397, 1.076e-3
-1.398, 1.084e-3
-1.399, 1.093e-3
-1.400, 1.102e-3
-1.401, 1.111e-3
-1.402, 1.121e-3
-1.403, 1.130e-3
-1.404, 1.140e-3
-1.405, 1.150e-3
-1.406, 1.157e-3
-1.407, 1.165e-3
-1.408, 1.174e-3
-1.409, 1.184e-3
-1.410, 1.194e-3
-1.411, 1.201e-3
-1.412, 1.210e-3
-1.413, 1.219e-3
-1.414, 1.228e-3
-1.415, 1.238e-3
-1.416, 1.246e-3
-1.417, 1.255e-3
-1.418, 1.266e-3
-1.419, 1.275e-3
-1.420, 1.284e-3
-1.421, 1.294e-3
-1.422, 1.303e-3
-1.423, 1.313e-3
-1.424, 1.322e-3
-1.425, 1.332e-3
-1.426, 1.343e-3
-1.427, 1.352e-3
-1.428, 1.363e-3
-1.429, 1.373e-3
-1.430, 1.382e-3
-1.431, 1.392e-3
-1.432, 1.401e-3
-1.433, 1.410e-3
-1.434, 1.421e-3
-1.435, 1.429e-3
-1.436, 1.439e-3
-1.437, 1.449e-3
-1.438, 1.458e-3
-1.439, 1.468e-3
-1.440, 1.477e-3
-1.441, 1.486e-3
-1.442, 1.497e-3
-1.443, 1.506e-3
-1.444, 1.517e-3
-1.445, 1.528e-3
-1.446, 1.538e-3
-1.447, 1.550e-3
-1.448, 1.561e-3
-1.449, 1.572e-3
-1.450, 1.584e-3
-1.451, 1.594e-3
-1.452, 1.606e-3
-1.453, 1.617e-3
-1.454, 1.628e-3
-1.455, 1.639e-3
-1.456, 1.649e-3
-1.457, 1.659e-3
-1.458, 1.672e-3
-1.459, 1.684e-3
-1.460, 1.695e-3
-1.461, 1.704e-3
-1.462, 1.715e-3
-1.463, 1.729e-3
-1.464, 1.745e-3
-1.465, 1.757e-3
-1.466, 1.765e-3
-1.467, 1.775e-3
-1.468, 1.790e-3
-1.469, 1.805e-3
-1.470, 1.818e-3
-1.471, 1.829e-3
-1.472, 1.843e-3
-1.473, 1.856e-3
-1.474, 1.870e-3
-1.475, 1.885e-3
-1.476, 1.899e-3
-1.477, 1.913e-3
-1.478, 1.927e-3
-1.479, 1.943e-3
-1.480, 1.958e-3
-1.481, 1.974e-3
-1.482, 1.989e-3
-1.483, 2.004e-3
-1.484, 2.021e-3
-1.485, 2.037e-3
-1.486, 2.053e-3
-1.487, 2.070e-3
-1.488, 2.086e-3
-1.489, 2.105e-3
-1.490, 2.122e-3
-1.491, 2.139e-3
-1.492, 2.156e-3
-1.493, 2.171e-3
-1.494, 2.192e-3
-1.495, 2.210e-3
-1.496, 2.225e-3
-1.497, 2.242e-3
-1.498, 2.260e-3
-1.499, 2.278e-3
-1.500, 2.270e-3
-1.499, 2.247e-3
-1.498, 2.224e-3
-1.497, 2.203e-3
-1.496, 2.183e-3
-1.495, 2.164e-3
-1.494, 2.146e-3
-1.493, 2.126e-3
-1.492, 2.109e-3
-1.491, 2.090e-3
-1.490, 2.073e-3
-1.489, 2.059e-3
-1.488, 2.041e-3
-1.487, 2.023e-3
-1.486, 2.008e-3
-1.485, 1.992e-3
-1.484, 1.976e-3
-1.483, 1.958e-3
-1.482, 1.942e-3
-1.481, 1.926e-3
-1.480, 1.909e-3
-1.479, 1.891e-3
-1.478, 1.878e-3
-1.477, 1.861e-3
-1.476, 1.845e-3
-1.475, 1.830e-3
-1.474, 1.815e-3
-1.473, 1.798e-3
-1.472, 1.784e-3
-1.471, 1.769e-3
-1.470, 1.753e-3
-1.469, 1.738e-3
-1.468, 1.722e-3
-1.467, 1.708e-3
-1.466, 1.695e-3
-1.465, 1.680e-3
-1.464, 1.666e-3
-1.463, 1.651e-3
-1.462, 1.638e-3
-1.461, 1.625e-3
-1.460, 1.610e-3
-1.459, 1.598e-3
-1.458, 1.585e-3
-1.457, 1.571e-3
-1.456, 1.558e-3
-1.455, 1.544e-3
-1.454, 1.533e-3
-1.453, 1.521e-3
-1.452, 1.507e-3
-1.451, 1.496e-3
-1.450, 1.484e-3
-1.449, 1.470e-3
-1.448, 1.458e-3
-1.447, 1.446e-3
-1.446, 1.435e-3
-1.445, 1.422e-3
-1.444, 1.409e-3
-1.443, 1.398e-3
-1.442, 1.388e-3
-1.441, 1.375e-3
-1.440, 1.363e-3
-1.439, 1.351e-3
-1.438, 1.340e-3
-1.437, 1.329e-3
-1.436, 1.318e-3
-1.435, 1.308e-3
-1.434, 1.295e-3
-1.433, 1.284e-3
-1.432, 1.274e-3
-1.431, 1.263e-3
-1.430, 1.254e-3
-1.429, 1.244e-3
-1.428, 1.234e-3
-1.427, 1.223e-3
-1.426, 1.214e-3
-1.425, 1.205e-3
-1.424, 1.196e-3
-1.423, 1.187e-3
-1.422, 1.177e-3
-1.421, 1.166e-3
-1.420, 1.156e-3
-1.419, 1.147e-3
-1.418, 1.138e-3
-1.417, 1.129e-3
-1.416, 1.119e-3
-1.415, 1.109e-3
-1.414, 1.100e-3
-1.413, 1.091e-3
-1.412, 1.083e-3
-1.411, 1.074e-3
-1.410, 1.063e-3
-1.409, 1.054e-3
-1.408, 1.046e-3
-1.407, 1.039e-3
-1.406, 1.029e-3
-1.405, 1.021e-3
-1.404, 1.013e-3
-1.403, 1.002e-3
-1.402, 9.937e-4
-1.401, 9.858e-4
-1.400, 9.780e-4
-1.399, 9.695e-4
-1.398, 9.611e-4
-1.397, 9.526e-4
-1.396, 9.439e-4
-1.395, 9.369e-4
-1.394, 9.284e-4
-1.393, 9.202e-4
-1.392, 9.127e-4
-1.391, 9.045e-4
-1.390, 8.977e-4
-1.389, 8.898e-4
-1.388, 8.821e-4
-1.387, 8.754e-4
-1.386, 8.679e-4
-1.385, 8.614e-4
-1.384, 8.529e-4
-1.383, 8.441e-4
-1.382, 8.379e-4
-1.381, 8.320e-4
-1.380, 8.255e-4
-1.379, 8.181e-4
-1.378, 8.099e-4
-1.377, 8.034e-4
-1.376, 7.969e-4
-1.375, 7.903e-4
-1.374, 7.843e-4
-1.373, 7.768e-4
-1.372, 7.704e-4
-1.371, 7.642e-4
-1.370, 7.576e-4
-1.369, 7.519e-4
-1.368, 7.454e-4
-1.367, 7.386e-4
-1.366, 7.328e-4
-1.365, 7.264e-4
-1.364, 7.208e-4
-1.363, 7.149e-4
-1.362, 7.080e-4
-1.361, 7.031e-4
-1.360, 6.971e-4
-1.359, 6.909e-4
-1.358, 6.857e-4
-1.357, 6.794e-4
-1.356, 6.744e-4
-1.355, 6.689e-4
-1.354, 6.628e-4
-1.353, 6.579e-4
-1.352, 6.522e-4
-1.351, 6.469e-4
-1.350, 6.420e-4
-1.349, 6.359e-4
-1.348, 6.313e-4
-1.347, 6.261e-4
-1.346, 6.206e-4
-1.345, 6.165e-4
-1.344, 6.107e-4
-1.343, 6.059e-4
-1.342, 6.017e-4
-1.341, 5.963e-4
-1.340, 5.922e-4
-1.339, 5.872e-4
-1.338, 5.822e-4
-1.337, 5.780e-4
-1.336, 5.736e-4
-1.335, 5.693e-4
-1.334, 5.646e-4
-1.333, 5.590e-4
-1.332, 5.549e-4
-1.331, 5.537e-4
-1.330, 5.508e-4
-1.329, 5.415e-4
-1.328, 5.365e-4
-1.327, 5.337e-4
-1.326, 5.317e-4
-1.325, 5.275e-4
-1.324, 5.246e-4
-1.323, 5.187e-4
-1.322, 5.136e-4
-1.321, 5.102e-4
-1.320, 5.082e-4
-1.319, 5.047e-4
-1.318, 4.993e-4
-1.317, 4.955e-4
-1.316, 4.923e-4
-1.315, 4.887e-4
-1.314, 4.864e-4
-1.313, 4.821e-4
-1.312, 4.782e-4
-1.311, 4.748e-4
-1.310, 4.715e-4
-1.309, 4.689e-4
-1.308, 4.650e-4
-1.307, 4.618e-4
-1.306, 4.598e-4
-1.305, 4.558e-4
-1.304, 4.527e-4
-1.303, 4.486e-4
-1.302, 4.457e-4
-1.301, 4.443e-4
-1.300, 4.415e-4
-1.299, 4.377e-4
-1.298, 4.348e-4
-1.297, 4.313e-4
-1.296, 4.295e-4
-1.295, 4.272e-4
-1.294, 4.237e-4
-1.293, 4.210e-4
-1.292, 4.178e-4
-1.291, 4.157e-4
-1.290, 4.140e-4
-1.289, 4.106e-4
-1.288, 4.083e-4
-1.287, 4.053e-4
-1.286, 4.023e-4
-1.285, 4.022e-4
-1.284, 3.992e-4
-1.283, 3.958e-4
-1.282, 3.927e-4
-1.281, 3.903e-4
-1.280, 3.893e-4
-1.279, 3.872e-4
-1.278, 3.848e-4
-1.277, 3.817e-4
-1.276, 3.800e-4
-1.275, 3.781e-4
-1.274, 3.758e-4
-1.273, 3.730e-4
-1.272, 3.716e-4
-1.271, 3.696e-4
-1.270, 3.667e-4
-1.269, 3.644e-4
-1.268, 3.640e-4
-1.267, 3.620e-4
-1.266, 3.588e-4
-1.265, 3.570e-4
-1.264, 3.553e-4
-1.263, 3.533e-4
-1.262, 3.514e-4
-1.261, 3.503e-4
-1.260, 3.478e-4
-1.259, 3.456e-4
-1.258, 3.444e-4
-1.257, 3.417e-4
-1.256, 3.406e-4
-1.255, 3.391e-4
-1.254, 3.366e-4
-1.253, 3.353e-4
-1.252, 3.329e-4
-1.251, 3.319e-4
-1.250, 3.307e-4
-1.249, 3.288e-4
-1.248, 3.277e-4
-1.247, 3.243e-4
-1.246, 3.222e-4
-1.245, 3.217e-4
-1.244, 3.207e-4
-1.243, 3.193e-4
-1.242, 3.165e-4
-1.241, 3.148e-4
-1.240, 3.139e-4
-1.239, 3.119e-4
-1.238, 3.106e-4
-1.237, 3.085e-4
-1.236, 3.066e-4
-1.235, 3.057e-4
-1.234, 3.038e-4
-1.233, 3.026e-4
-1.232, 3.008e-4
-1.231, 2.987e-4
-1.230, 2.980e-4
-1.229, 2.958e-4
-1.228, 2.939e-4
-1.227, 2.925e-4
-1.226, 2.905e-4
-1.225, 2.899e-4
-1.224, 2.887e-4
-1.223, 2.860e-4
-1.222, 2.847e-4
-1.221, 2.828e-4
-1.220, 2.817e-4
-1.219, 2.808e-4
-1.218, 2.781e-4
-1.217, 2.768e-4
-1.216, 2.753e-4
-1.215, 2.736e-4
-1.214, 2.728e-4
-1.213, 2.705e-4
-1.212, 2.688e-4
-1.211, 2.674e-4
-1.210, 2.654e-4
-1.209, 2.647e-4
-1.208, 2.628e-4
-1.207, 2.603e-4
-1.206, 2.594e-4
-1.205, 2.573e-4
-1.204, 2.563e-4
-1.203, 2.548e-4
-1.202, 2.520e-4
-1.201, 2.513e-4
-1.200, 2.492e-4
-1.199, 2.476e-4
-1.198, 2.462e-4
-1.197, 2.437e-4
-1.196, 2.420e-4
-1.195, 2.411e-4
-1.194, 2.404e-4
-1.193, 2.381e-4
-1.192, 2.346e-4
-1.191, 2.332e-4
-1.190, 2.318e-4
-1.189, 2.302e-4
-1.188, 2.294e-4
-1.187, 2.266e-4
-1.186, 2.252e-4
-1.185, 2.232e-4
-1.184, 2.219e-4
-1.183, 2.197e-4
-1.182, 2.171e-4
-1.181, 2.157e-4
-1.180, 2.140e-4
-1.179, 2.127e-4
-1.178, 2.111e-4
-1.177, 2.076e-4
-1.176, 2.065e-4
-1.175, 2.044e-4
-1.174, 2.032e-4
-1.173, 2.008e-4
-1.172, 1.986e-4
-1.171, 1.969e-4
-1.170, 1.948e-4
-1.169, 1.938e-4
-1.168, 1.913e-4
-1.167, 1.887e-4
-1.166, 1.869e-4
-1.165, 1.847e-4
-1.164, 1.834e-4
-1.163, 1.809e-4
-1.162, 1.781e-4
-1.161, 1.768e-4
-1.160, 1.764e-4
-1.159, 1.755e-4
-1.158, 1.687e-4
-1.157, 1.661e-4
-1.156, 1.655e-4
-1.155, 1.651e-4
-1.154, 1.637e-4
-1.153, 1.593e-4
-1.152, 1.567e-4
-1.151, 1.549e-4
-1.150, 1.528e-4
-1.149, 1.515e-4
-1.148, 1.484e-4
-1.147, 1.452e-4
-1.146, 1.427e-4
-1.145, 1.420e-4
-1.144, 1.400e-4
-1.143, 1.365e-4
-1.142, 1.346e-4
-1.141, 1.317e-4
-1.140, 1.294e-4
-1.139, 1.276e-4
-1.138, 1.243e-4
-1.137, 1.220e-4
-1.136, 1.194e-4
-1.135, 1.175e-4
-1.134, 1.154e-4
-1.133, 1.123e-4
-1.132, 1.103e-4
-1.131, 1.063e-4
-1.130, 1.036e-4
-1.129, 1.024e-4
-1.128, 9.945e-5
-1.127, 9.539e-5
-1.126, 9.271e-5
-1.125, 9.043e-5
-1.124, 8.899e-5
-1.123, 8.485e-5
-1.122, 8.226e-5
-1.121, 7.861e-5
-1.120, 7.619e-5
-1.119, 7.210e-5
-1.118, 6.973e-5
-1.117, 6.676e-5
-1.116, 6.429e-5
-1.115, 6.166e-5
-1.114, 5.742e-5
-1.113, 5.423e-5
-1.112, 5.078e-5
-1.111, 4.769e-5
-1.110, 4.457e-5
-1.109, 4.092e-5
-1.108, 3.870e-5
-1.107, 3.468e-5
-1.106, 3.116e-5
-1.105, 2.884e-5
-1.104, 2.469e-5
-1.103, 2.096e-5
-1.102, 1.611e-5
-1.101, 1.298e-5
-1.100, 1.108e-5
-1.099, 7.774e-6
-1.098, 3.236e-6
-1.097, -1.043e-6
-1.096, -4.933e-6
-1.095, -7.911e-6
-1.094, -1.167e-5
-1.093, -1.597e-5
-1.092, -1.976e-5
-1.091, -2.407e-5
-1.090, -2.767e-5
-1.089, -3.010e-5
-1.088, -3.471e-5
-1.087, -3.861e-5
-1.086, -4.264e-5
-1.085, -4.669e-5
-1.084, -4.946e-5
-1.083, -5.396e-5
-1.082, -5.815e-5
-1.081, -6.075e-5
-1.080, -6.411e-5
-1.079, -6.811e-5
-1.078, -7.355e-5
-1.077, -7.636e-5
-1.076, -7.982e-5
-1.075, -8.316e-5
-1.074, -8.562e-5
-1.073, -9.002e-5
-1.072, -9.315e-5
-1.071, -9.673e-5
-1.070, -9.939e-5
-1.069, -1.019e-4
-1.068, -1.054e-4
-1.067, -1.075e-4
-1.066, -1.108e-4
-1.065, -1.132e-4
-1.064, -1.146e-4
-1.063, -1.179e-4
-1.062, -1.198e-4
-1.061, -1.225e-4
-1.060, -1.241e-4
-1.059, -1.252e-4
-1.058, -1.274e-4
-1.057, -1.289e-4
-1.056, -1.313e-4
-1.055, -1.337e-4
-1.054, -1.347e-4
-1.053, -1.355e-4
-1.052, -1.366e-4
-1.051, -1.381e-4
-1.050, -1.399e-4
-1.049, -1.408e-4
-1.048, -1.419e-4
-1.047, -1.431e-4
-1.046, -1.439e-4
-1.045, -1.456e-4
-1.044, -1.461e-4
-1.043, -1.468e-4
-1.042, -1.483e-4
-1.041, -1.488e-4
-1.040, -1.493e-4
-1.039, -1.504e-4
-1.038, -1.508e-4
-1.037, -1.524e-4
-1.036, -1.529e-4
-1.035, -1.534e-4
-1.034, -1.543e-4
-1.033, -1.549e-4
-1.032, -1.562e-4
-1.031, -1.574e-4
-1.030, -1.572e-4
-1.029, -1.582e-4
-1.028, -1.585e-4
-1.027, -1.598e-4
-1.026, -1.609e-4
-1.025, -1.608e-4
-1.024, -1.615e-4
-1.023, -1.625e-4
-1.022, -1.630e-4
-1.021, -1.644e-4
-1.020, -1.640e-4
-1.019, -1.646e-4
-1.018, -1.657e-4
-1.017, -1.664e-4
-1.016, -1.676e-4
-1.015, -1.678e-4
-1.014, -1.676e-4
-1.013, -1.689e-4
-1.012, -1.695e-4
-1.011, -1.703e-4
-1.010, -1.711e-4
-1.009, -1.708e-4
-1.008, -1.716e-4
-1.007, -1.725e-4
-1.006, -1.724e-4
-1.005, -1.737e-4
-1.004, -1.722e-4
-1.003, -1.716e-4
-1.002, -1.761e-4
-1.001, -1.755e-4
-1.000, -1.570e-4
-1.001, -1.373e-4
-1.002, -1.259e-4
-1.003, -1.162e-4
-1.004, -1.079e-4
-1.005, -1.002e-4
-1.006, -9.061e-5
-1.007, -8.242e-5
-1.008, -7.536e-5
-1.009, -6.880e-5
-1.010, -6.181e-5
-1.011, -5.419e-5
-1.012, -4.824e-5
-1.013, -4.092e-5
-1.014, -3.523e-5
-1.015, -2.854e-5
-1.016, -2.335e-5
-1.017, -1.645e-5
-1.018, -1.118e-5
-1.019, -4.669e-6
-1.020, 7.930e-7
-1.021, 6.738e-6
-1.022, 1.174e-5
-1.023, 1.769e-5
-1.024, 2.272e-5
-1.025, 2.694e-5
-1.026, 3.337e-5
-1.027, 3.923e-5
-1.028, 4.303e-5
-1.029, 4.754e-5
-1.030, 5.258e-5
-1.031, 5.795e-5
-1.032, 6.216e-5
-1.033, 6.723e-5
-1.034, 7.161e-5
-1.035, 7.528e-5
-1.036, 8.107e-5
-1.037, 8.517e-5
-1.038, 8.894e-5
-1.039, 9.380e-5
-1.040, 9.740e-5
-1.041, 1.024e-4
-1.042, 1.060e-4
-1.043, 1.100e-4
-1.044, 1.146e-4
-1.045, 1.183e-4
-1.046, 1.230e-4
-1.047, 1.265e-4
-1.048, 1.287e-4
-1.049, 1.328e-4
-1.050, 1.373e-4
-1.051, 1.419e-4
-1.052, 1.457e-4
-1.053, 1.480e-4
-1.054, 1.516e-4
-1.055, 1.554e-4
-1.056, 1.590e-4
-1.057, 1.631e-4
-1.058, 1.656e-4
-1.059, 1.687e-4
-1.060, 1.727e-4
-1.061, 1.760e-4
-1.062, 1.797e-4
-1.063, 1.829e-4
-1.064, 1.851e-4
-1.065, 1.890e-4
-1.066, 1.919e-4
-1.067, 1.952e-4
-1.068, 1.986e-4
-1.069, 2.008e-4
-1.070, 2.044e-4
-1.071, 2.075e-4
-1.072, 2.099e-4
-1.073, 2.133e-4
-1.074, 2.171e-4
-1.075, 2.192e-4
-1.076, 2.221e-4
-1.077, 2.239e-4
-1.078, 2.264e-4
-1.079, 2.294e-4
-1.080, 2.345e-4
-1.081, 2.365e-4
-1.082, 2.376e-4
-1.083, 2.403e-4
-1.084, 2.431e-4
-1.085, 2.458e-4
-1.086, 2.490e-4
-1.087, 2.521e-4
-1.088, 2.533e-4
-1.089, 2.557e-4
-1.090, 2.589e-4
-1.091, 2.609e-4
-1.092, 2.641e-4
-1.093, 2.660e-4
-1.094, 2.680e-4
-1.095, 2.708e-4
-1.096, 2.729e-4
-1.097, 2.764e-4
-1.098, 2.798e-4
-1.099, 2.799e-4
-1.100, 2.820e-4
-1.101, 2.846e-4
-1.102, 2.863e-4
-1.103, 2.901e-4
-1.104, 2.920e-4
-1.105, 2.937e-4
-1.106, 2.967e-4
-1.107, 2.987e-4
-1.108, 3.004e-4
-1.109, 3.016e-4
-1.110, 3.046e-4
-1.111, 3.071e-4
-1.112, 3.089e-4
-1.113, 3.102e-4
-1.114, 3.123e-4
-1.115, 3.161e-4
-1.116, 3.181e-4
-1.117, 3.189e-4
-1.118, 3.205e-4
-1.119, 3.231e-4
-1.120, 3.250e-4
-1.121, 3.276e-4
-1.122, 3.296e-4
-1.123, 3.307e-4
-1.124, 3.336e-4
-1.125, 3.351e-4
-1.126, 3.372e-4
-1.127, 3.395e-4
-1.128, 3.408e-4
-1.129, 3.431e-4
-1.130, 3.446e-4
-1.131, 3.471e-4
-1.132, 3.496e-4
-1.133, 3.505e-4
-1.134, 3.533e-4
-1.135, 3.555e-4
-1.136, 3.568e-4
-1.137, 3.587e-4
-1.138, 3.594e-4
-1.139, 3.622e-4
-1.140, 3.652e-4
-1.141, 3.666e-4
-1.142, 3.683e-4
-1.143, 3.699e-4
-1.144, 3.715e-4
-1.145, 3.739e-4
-1.146, 3.755e-4
-1.147, 3.777e-4
-1.148, 3.791e-4
-1.149, 3.806e-4
-1.150, 3.843e-4
-1.151, 3.858e-4
-1.152, 3.860e-4
-1.153, 3.888e-4
-1.154, 3.904e-4
-1.155, 3.916e-4
-1.156, 3.950e-4
-1.157, 3.968e-4
-1.158, 3.979e-4
-1.159, 3.987e-4
-1.160, 4.024e-4
-1.161, 4.036e-4
-1.162, 4.059e-4
-1.163, 4.076e-4
-1.164, 4.087e-4
-1.165, 4.100e-4
-1.166, 4.127e-4
-1.167, 4.157e-4
-1.168, 4.166e-4
-1.169, 4.179e-4
-1.170, 4.201e-4
-1.171, 4.214e-4
-1.172, 4.241e-4
-1.173, 4.257e-4
-1.174, 4.270e-4
-1.175, 4.292e-4
-1.176, 4.308e-4
-1.177, 4.336e-4
-1.178, 4.354e-4
-1.179, 4.368e-4
-1.180, 4.391e-4
-1.181, 4.398e-4
-1.182, 4.416e-4
-1.183, 4.440e-4
-1.184, 4.456e-4
-1.185, 4.480e-4
-1.186, 4.499e-4
-1.187, 4.510e-4
-1.188, 4.531e-4
-1.189, 4.542e-4
-1.190, 4.564e-4
-1.191, 4.587e-4
-1.192, 4.599e-4
-1.193, 4.617e-4
-1.194, 4.641e-4
-1.195, 4.652e-4
-1.196, 4.685e-4
-1.197, 4.688e-4
-1.198, 4.706e-4
-1.199, 4.715e-4
-1.200, 4.748e-4
-1.201, 4.767e-4
-1.202, 4.780e-4
-1.203, 4.788e-4
-1.204, 4.810e-4
-1.205, 4.837e-4
-1.206, 4.848e-4
-1.207, 4.868e-4
-1.208, 4.880e-4
-1.209, 4.895e-4
-1.210, 4.911e-4
-1.211, 4.936e-4
-1.212, 4.957e-4
-1.213, 4.961e-4
-1.214, 4.982e-4
-1.215, 4.997e-4
-1.216, 5.012e-4
-1.217, 5.051e-4
-1.218, 5.056e-4
-1.219, 5.056e-4
-1.220, 5.080e-4
-1.221, 5.101e-4
-1.222, 5.121e-4
-1.223, 5.127e-4
-1.224, 5.156e-4
-1.225, 5.172e-4
-1.226, 5.174e-4
-1.227, 5.207e-4
-1.228, 5.214e-4
-1.229, 5.227e-4
-1.230, 5.245e-4
-1.231, 5.259e-4
-1.232, 5.276e-4
-1.233, 5.305e-4
-1.234, 5.304e-4
-1.235, 5.317e-4
-1.236, 5.337e-4
-1.237, 5.355e-4
-1.238, 5.374e-4
-1.239, 5.376e-4
-1.240, 5.402e-4
-1.241, 5.422e-4
-1.242, 5.424e-4
-1.243, 5.434e-4
-1.244, 5.449e-4
-1.245, 5.479e-4
-1.246, 5.484e-4
-1.247, 5.504e-4
-1.248, 5.513e-4
-1.249, 5.528e-4
-1.250, 5.540e-4
-1.251, 5.552e-4
-1.252, 5.575e-4
-1.253, 5.581e-4
-1.254, 5.593e-4
-1.255, 5.625e-4
-1.256, 5.625e-4
-1.257, 5.643e-4
-1.258, 5.650e-4
-1.259, 5.666e-4
-1.260, 5.675e-4
-1.261, 5.697e-4
-1.262, 5.718e-4
-1.263, 5.720e-4
-1.264, 5.733e-4
-1.265, 5.745e-4
-1.266, 5.761e-4
-1.267, 5.776e-4
-1.268, 5.793e-4
-1.269, 5.813e-4
-1.270, 5.814e-4
-1.271, 5.832e-4
-1.272, 5.844e-4
-1.273, 5.856e-4
-1.274, 5.868e-4
-1.275, 5.882e-4
-1.276, 5.918e-4
-1.277, 5.918e-4
-1.278, 5.925e-4
-1.279, 5.943e-4
-1.280, 5.954e-4
-1.281, 5.993e-4
-1.282, 6.003e-4
-1.283, 6.002e-4
-1.284, 6.010e-4
-1.285, 6.033e-4
-1.286, 6.072e-4
-1.287, 6.078e-4
-1.288, 6.093e-4
-1.289, 6.104e-4
-1.290, 6.119e-4
-1.291, 6.148e-4
-1.292, 6.162e-4
-1.293, 6.184e-4
-1.294, 6.195e-4
-1.295, 6.210e-4
-1.296, 6.239e-4
-1.297, 6.256e-4
-1.298, 6.278e-4
-1.299, 6.297e-4
-1.300, 6.311e-4
-1.301, 6.340e-4
-1.302, 6.356e-4
-1.303, 6.381e-4
-1.304, 6.408e-4
-1.305, 6.428e-4
-1.306, 6.457e-4
-1.307, 6.468e-4
-1.308, 6.487e-4
-1.309, 6.517e-4
-1.310, 6.544e-4
-1.311, 6.572e-4
-1.312, 6.595e-4
-1.313, 6.612e-4
-1.314, 6.641e-4
-1.315, 6.662e-4
-1.316, 6.691e-4
-1.317, 6.723e-4
-1.318, 6.742e-4
-1.319, 6.772e-4
-1.320, 6.797e-4
-1.321, 6.821e-4
-1.322, 6.860e-4
-1.323, 6.885e-4
-1.324, 6.911e-4
-1.325, 6.941e-4
-1.326, 6.966e-4
-1.327, 7.008e-4
-1.328, 7.040e-4
-1.329, 7.064e-4
-1.330, 7.100e-4
-1.331, 7.129e-4
-1.332, 7.163e-4
-1.333, 7.213e-4
-1.334, 7.248e-4
-1.335, 7.279e-4
-1.336, 7.300e-4
-1.337, 7.331e-4
-1.338, 7.368e-4
-1.339, 7.418e-4
-1.340, 7.474e-4
-1.341, 7.489e-4
-1.342, 7.521e-4
-1.343, 7.567e-4
-1.344, 7.610e-4
-1.345, 7.652e-4
-1.346, 7.695e-4
-1.347, 7.738e-4
-1.348, 7.769e-4
-1.349, 7.818e-4
-1.350, 7.863e-4
-1.351, 7.904e-4
-1.352, 7.959e-4
-1.353, 7.998e-4
-1.354, 8.047e-4
-1.355, 8.092e-4
-1.356, 8.140e-4
-1.357, 8.202e-4
-1.358, 8.252e-4
-1.359, 8.309e-4
-1.360, 8.356e-4
-1.361, 8.393e-4
-1.362, 8.453e-4
-1.363, 8.515e-4
-1.364, 8.576e-4
-1.365, 8.637e-4
-1.366, 8.691e-4
-1.367, 8.751e-4
-1.368, 8.814e-4
-1.369, 8.874e-4
-1.370, 8.944e-4
-1.371, 9.004e-4
-1.372, 9.073e-4
-1.373, 9.148e-4
-1.374, 9.211e-4
-1.375, 9.279e-4
-1.376, 9.354e-4
-1.377, 9.420e-4
-1.378, 9.498e-4
-1.379, 9.558e-4
-1.380, 9.618e-4
-1.381, 9.688e-4
-1.382, 9.752e-4
-1.383, 9.834e-4
-1.384, 9.897e-4
-1.385, 9.934e-4
-1.386, 9.997e-4
-1.387, 1.008e-3
-1.388, 1.016e-3
-1.389, 1.024e-3
-1.390, 1.029e-3
-1.391, 1.036e-3
-1.392, 1.044e-3
-1.393, 1.054e-3
-1.394, 1.061e-3
-1.395, 1.067e-3
-1.396, 1.074e-3
-1.397, 1.081e-3
-1.398, 1.088e-3
-1.399, 1.096e-3
-1.400, 1.103e-3
-1.401, 1.111e-3
-1.402, 1.119e-3
-1.403, 1.126e-3
-1.404, 1.133e-3
-1.405, 1.140e-3
-1.406, 1.149e-3
-1.407, 1.159e-3
-1.408, 1.167e-3
-1.409, 1.173e-3
-1.410, 1.183e-3
-1.411, 1.192e-3
-1.412, 1.201e-3
-1.413, 1.208e-3
-1.414, 1.218e-3
-1.415, 1.228e-3
-1.416, 1.235e-3
-1.417, 1.245e-3
-1.418, 1.253e-3
-1.419, 1.262e-3
-1.420, 1.270e-3
-1.421, 1.277e-3
-1.422, 1.285e-3
-1.423, 1.292e-3
-1.424, 1.300e-3
-1.425, 1.309e-3
-1.426, 1.317e-3
-1.427, 1.326e-3
-1.428, 1.334e-3
-1.429, 1.342e-3
-1.430, 1.351e-3
-1.431, 1.359e-3
-1.432, 1.369e-3
-1.433, 1.378e-3
-1.434, 1.387e-3
-1.435, 1.396e-3
-1.436, 1.402e-3
-1.437, 1.411e-3
-1.438, 1.422e-3
-1.439, 1.431e-3
-1.440, 1.440e-3
-1.441, 1.448e-3
-1.442, 1.458e-3
-1.443, 1.468e-3
-1.444, 1.477e-3
-1.445, 1.488e-3
-1.446, 1.498e-3
-1.447, 1.508e-3
-1.448, 1.518e-3
-1.449, 1.528e-3
-1.450, 1.538e-3
-1.451, 1.551e-3
-1.452, 1.562e-3
-1.453, 1.575e-3
-1.454, 1.584e-3
-1.455, 1.593e-3
-1.456, 1.604e-3
-1.457, 1.618e-3
-1.458, 1.632e-3
-1.459, 1.641e-3
-1.460, 1.651e-3
-1.461, 1.662e-3
-1.462, 1.674e-3
-1.463, 1.688e-3
-1.464, 1.699e-3
-1.465, 1.709e-3
-1.466, 1.721e-3
-1.467, 1.732e-3
-1.468, 1.747e-3
-1.469, 1.759e-3
-1.470, 1.770e-3
-1.471, 1.784e-3
-1.472, 1.796e-3
-1.473, 1.810e-3
-1.474, 1.822e-3
-1.475, 1.834e-3
-1.476, 1.849e-3
-1.477, 1.862e-3
-1.478, 1.876e-3
-1.479, 1.888e-3
-1.480, 1.899e-3
-1.481, 1.915e-3
-1.482, 1.929e-3
-1.483, 1.944e-3
-1.484, 1.958e-3
-1.485, 1.971e-3
-1.486, 1.988e-3
-1.487, 2.004e-3
-1.488, 2.017e-3
-1.489, 2.032e-3
-1.490, 2.048e-3
-1.491, 2.063e-3
-1.492, 2.078e-3
-1.493, 2.095e-3
-1.494, 2.113e-3
-1.495, 2.127e-3
-1.496, 2.143e-3
-1.497, 2.160e-3
-1.498, 2.177e-3
-1.499, 2.193e-3
-1.500, 2.185e-3
-1.499, 2.162e-3
-1.498, 2.141e-3
-1.497, 2.121e-3
-1.496, 2.099e-3
-1.495, 2.080e-3
-1.494, 2.061e-3
-1.493, 2.044e-3
-1.492, 2.028e-3
-1.491, 2.013e-3
-1.490, 1.995e-3
-1.489, 1.974e-3
-1.488, 1.957e-3
-1.487, 1.941e-3
-1.486, 1.926e-3
-1.485, 1.909e-3
-1.484, 1.890e-3
-1.483, 1.873e-3
-1.482, 1.856e-3
-1.481, 1.841e-3
-1.480, 1.826e-3
-1.479, 1.809e-3
-1.478, 1.794e-3
-1.477, 1.779e-3
-1.476, 1.764e-3
-1.475, 1.749e-3
-1.474, 1.734e-3
-1.473, 1.721e-3
-1.472, 1.708e-3
-1.471, 1.694e-3
-1.470, 1.679e-3
-1.469, 1.662e-3
-1.468, 1.653e-3
-1.467, 1.644e-3
-1.466, 1.632e-3
-1.465, 1.619e-3
-1.464, 1.604e-3
-1.463, 1.592e-3
-1.462, 1.579e-3
-1.461, 1.565e-3
-1.460, 1.552e-3
-1.459, 1.538e-3
-1.458, 1.524e-3
-1.457, 1.512e-3
-1.456, 1.499e-3
-1.455, 1.486e-3
-1.454, 1.474e-3
-1.453, 1.461e-3
-1.452, 1.449e-3
-1.451, 1.436e-3
-1.450, 1.425e-3
-1.449, 1.414e-3
-1.448, 1.401e-3
-1.447, 1.390e-3
-1.446, 1.378e-3
-1.445, 1.367e-3
-1.444, 1.356e-3
-1.443, 1.343e-3
-1.442, 1.332e-3
-1.441, 1.320e-3
-1.440, 1.308e-3
-1.439, 1.298e-3
-1.438, 1.286e-3
-1.437, 1.276e-3
-1.436, 1.264e-3
-1.435, 1.253e-3
-1.434, 1.243e-3
-1.433, 1.232e-3
-1.432, 1.223e-3
-1.431, 1.211e-3
-1.430, 1.201e-3
-1.429, 1.191e-3
-1.428, 1.180e-3
-1.427, 1.171e-3
-1.426, 1.160e-3
-1.425, 1.150e-3
-1.424, 1.141e-3
-1.423, 1.131e-3
-1.422, 1.122e-3
-1.421, 1.112e-3
-1.420, 1.101e-3
-1.419, 1.093e-3
-1.418, 1.084e-3
-1.417, 1.074e-3
-1.416, 1.063e-3
-1.415, 1.057e-3
-1.414, 1.048e-3
-1.413, 1.037e-3
-1.412, 1.028e-3
-1.411, 1.019e-3
-1.410, 1.012e-3
-1.409, 1.003e-3
-1.408, 9.939e-4
-1.407, 9.857e-4
-1.406, 9.773e-4
-1.405, 9.688e-4
-1.404, 9.604e-4
-1.403, 9.527e-4
-1.402, 9.435e-4
-1.401, 9.354e-4
-1.400, 9.280e-4
-1.399, 9.187e-4
-1.398, 9.115e-4
-1.397, 9.042e-4
-1.396, 8.959e-4
-1.395, 8.883e-4
-1.394, 8.797e-4
-1.393, 8.729e-4
-1.392, 8.659e-4
-1.391, 8.587e-4
-1.390, 8.525e-4
-1.389, 8.431e-4
-1.388, 8.342e-4
-1.387, 8.290e-4
-1.386, 8.234e-4
-1.385, 8.151e-4
-1.384, 8.066e-4
-1.383, 8.004e-4
-1.382, 7.954e-4
-1.381, 7.883e-4
-1.380, 7.804e-4
-1.379, 7.726e-4
-1.378, 7.662e-4
-1.377, 7.615e-4
-1.376, 7.552e-4
-1.375, 7.484e-4
-1.374, 7.408e-4
-1.373, 7.344e-4
-1.372, 7.294e-4
-1.371, 7.228e-4
-1.370, 7.164e-4
-1.369, 7.101e-4
-1.368, 7.033e-4
-1.367, 6.985e-4
-1.366, 6.921e-4
-1.365, 6.861e-4
-1.364, 6.807e-4
-1.363, 6.749e-4
-1.362, 6.704e-4
-1.361, 6.639e-4
-1.360, 6.568e-4
-1.359, 6.517e-4
-1.358, 6.469e-4
-1.357, 6.424e-4
-1.356, 6.371e-4
-1.355, 6.304e-4
-1.354, 6.252e-4
-1.353, 6.198e-4
-1.352, 6.152e-4
-1.351, 6.107e-4
-1.350, 6.047e-4
-1.349, 5.996e-4
-1.348, 5.951e-4
-1.347, 5.899e-4
-1.346, 5.859e-4
-1.345, 5.808e-4
-1.344, 5.755e-4
-1.343, 5.712e-4
-1.342, 5.656e-4
-1.341, 5.635e-4
-1.340, 5.591e-4
-1.339, 5.528e-4
-1.338, 5.477e-4
-1.337, 5.433e-4
-1.336, 5.405e-4
-1.335, 5.363e-4
-1.334, 5.333e-4
-1.333, 5.278e-4
-1.332, 5.223e-4
-1.331, 5.182e-4
-1.330, 5.161e-4
-1.329, 5.115e-4
-1.328, 5.079e-4
-1.327, 5.035e-4
-1.326, 4.993e-4
-1.325, 4.958e-4
-1.324, 4.921e-4
-1.323, 4.890e-4
-1.322, 4.846e-4
-1.321, 4.808e-4
-1.320, 4.781e-4
-1.319, 4.734e-4
-1.318, 4.705e-4
-1.317, 4.675e-4
-1.316, 4.636e-4
-1.315, 4.605e-4
-1.314, 4.564e-4
-1.313, 4.536e-4
-1.312, 4.510e-4
-1.311, 4.477e-4
-1.310, 4.454e-4
-1.309, 4.407e-4
-1.308, 4.370e-4
-1.307, 4.359e-4
-1.306, 4.332e-4
-1.305, 4.299e-4
-1.304, 4.256e-4
-1.303, 4.234e-4
-1.302, 4.216e-4
-1.301, 4.181e-4
-1.300, 4.153e-4
-1.299, 4.123e-4
-1.298, 4.097e-4
-1.297, 4.066e-4
-1.296, 4.046e-4
-1.295, 4.024e-4
-1.294, 3.988e-4
-1.293, 3.970e-4
-1.292, 3.940e-4
-1.291, 3.915e-4
-1.290, 3.898e-4
-1.289, 3.863e-4
-1.288, 3.847e-4
-1.287, 3.819e-4
-1.286, 3.799e-4
-1.285, 3.785e-4
-1.284, 3.756e-4
-1.283, 3.738e-4
-1.282, 3.712e-4
-1.281, 3.679e-4
-1.280, 3.664e-4
-1.279, 3.649e-4
-1.278, 3.628e-4
-1.277, 3.612e-4
-1.276, 3.584e-4
-1.275, 3.564e-4
-1.274, 3.543e-4
-1.273, 3.519e-4
-1.272, 3.510e-4
-1.271, 3.488e-4
-1.270, 3.465e-4
-1.269, 3.448e-4
-1.268, 3.423e-4
-1.267, 3.412e-4
-1.266, 3.400e-4
-1.265, 3.372e-4
-1.264, 3.357e-4
-1.263, 3.332e-4
-1.262, 3.318e-4
-1.261, 3.310e-4
-1.260, 3.284e-4
-1.259, 3.269e-4
-1.258, 3.250e-4
-1.257, 3.228e-4
-1.256, 3.223e-4
-1.255, 3.200e-4
-1.254, 3.182e-4
-1.253, 3.163e-4
-1.252, 3.151e-4
-1.251, 3.152e-4
-1.250, 3.128e-4
-1.249, 3.084e-4
-1.248, 3.080e-4
-1.247, 3.073e-4
-1.246, 3.058e-4
-1.245, 3.050e-4
-1.244, 3.025e-4
-1.243, 3.003e-4
-1.242, 2.979e-4
-1.241, 2.987e-4
-1.240, 2.969e-4
-1.239, 2.945e-4
-1.238, 2.925e-4
-1.237, 2.914e-4
-1.236, 2.898e-4
-1.235, 2.893e-4
-1.234, 2.871e-4
-1.233, 2.862e-4
-1.232, 2.849e-4
-1.231, 2.826e-4
-1.230, 2.804e-4
-1.229, 2.784e-4
-1.228, 2.775e-4
-1.227, 2.778e-4
-1.226, 2.750e-4
-1.225, 2.738e-4
-1.224, 2.714e-4
-1.223, 2.703e-4
-1.222, 2.694e-4
-1.221, 2.677e-4
-1.220, 2.666e-4
-1.219, 2.640e-4
-1.218, 2.624e-4
-1.217, 2.619e-4
-1.216, 2.600e-4
-1.215, 2.590e-4
-1.214, 2.569e-4
-1.213, 2.549e-4
-1.212, 2.542e-4
-1.211, 2.521e-4
-1.210, 2.511e-4
-1.209, 2.499e-4
-1.208, 2.481e-4
-1.207, 2.472e-4
-1.206, 2.444e-4
-1.205, 2.425e-4
-1.204, 2.414e-4
-1.203, 2.403e-4
-1.202, 2.393e-4
-1.201, 2.373e-4
-1.200, 2.351e-4
-1.199, 2.336e-4
-1.198, 2.315e-4
-1.197, 2.305e-4
-1.196, 2.294e-4
-1.195, 2.269e-4
-1.194, 2.255e-4
-1.193, 2.236e-4
-1.192, 2.218e-4
-1.191, 2.210e-4
-1.190, 2.191e-4
-1.189, 2.169e-4
-1.188, 2.151e-4
-1.187, 2.128e-4
-1.186, 2.120e-4
-1.185, 2.104e-4
-1.184, 2.080e-4
-1.183, 2.059e-4
-1.182, 2.048e-4
-1.181, 2.031e-4
-1.180, 2.022e-4
-1.179, 1.984e-4
-1.178, 1.964e-4
-1.177, 1.944e-4
-1.176, 1.928e-4
-1.175, 1.923e-4
-1.174, 1.905e-4
-1.173, 1.872e-4
-1.172, 1.845e-4
-1.171, 1.828e-4
-1.170, 1.816e-4
-1.169, 1.794e-4
-1.168, 1.776e-4
-1.167, 1.752e-4
-1.166, 1.725e-4
-1.165, 1.716e-4
-1.164, 1.689e-4
-1.163, 1.664e-4
-1.162, 1.648e-4
-1.161, 1.620e-4
-1.160, 1.607e-4
-1.159, 1.578e-4
-1.158, 1.555e-4
-1.157, 1.541e-4
-1.156, 1.517e-4
-1.155, 1.502e-4
-1.154, 1.472e-4
-1.153, 1.434e-4
-1.152, 1.417e-4
-1.151, 1.403e-4
-1.150, 1.385e-4
-1.149, 1.363e-4
-1.148, 1.322e-4
-1.147, 1.308e-4
-1.146, 1.293e-4
-1.145, 1.259e-4
-1.144, 1.231e-4
-1.143, 1.194e-4
-1.142, 1.188e-4
-1.141, 1.167e-4
-1.140, 1.144e-4
-1.139, 1.109e-4
-1.138, 1.082e-4
-1.137, 1.065e-4
-1.136, 1.031e-4
-1.135, 1.002e-4
-1.134, 9.730e-5
-1.133, 9.610e-5
-1.132, 9.362e-5
-1.131, 8.934e-5
-1.130, 8.789e-5
-1.129, 8.439e-5
-1.128, 8.217e-5
-1.127, 7.952e-5
-1.126, 7.588e-5
-1.125, 7.389e-5
-1.124, 7.028e-5
-1.123, 6.862e-5
-1.122, 6.644e-5
-1.121, 6.234e-5
-1.120, 5.869e-5
-1.119, 5.678e-5
-1.118, 5.404e-5
-1.117, 5.061e-5
-1.116, 4.826e-5
-1.115, 4.551e-5
-1.114, 4.152e-5
-1.113, 3.795e-5
-1.112, 3.653e-5
-1.111, 3.276e-5
-1.110, 2.943e-5
-1.109, 2.641e-5
-1.108, 2.325e-5
-1.107, 1.962e-5
-1.106, 1.757e-5
-1.105, 1.409e-5
-1.104, 1.069e-5
-1.103, 7.689e-6
-1.102, 3.515e-6
-1.101, 1.003e-6
-1.100, -2.404e-6
-1.099, -5.768e-6
-1.098, -9.050e-6
-1.097, -1.288e-5
-1.096, -1.483e-5
-1.095, -1.850e-5
-1.094, -2.240e-5
-1.093, -2.487e-5
-1.092, -2.887e-5
-1.091, -3.235e-5
-1.090, -3.603e-5
-1.089, -4.009e-5
-1.088, -4.110e-5
-1.087, -4.472e-5
-1.086, -4.910e-5
-1.085, -5.293e-5
-1.084, -5.641e-5
-1.083, -5.924e-5
-1.082, -6.282e-5
-1.081, -6.529e-5
-1.080, -6.933e-5
-1.079, -7.292e-5
-1.078, -7.708e-5
-1.077, -7.918e-5
-1.076, -8.221e-5
-1.075, -8.599e-5
-1.074, -8.848e-5
-1.073, -9.244e-5
-1.072, -9.547e-5
-1.071, -9.776e-5
-1.070, -1.010e-4
-1.069, -1.033e-4
-1.068, -1.069e-4
-1.067, -1.097e-4
-1.066, -1.114e-4
-1.065, -1.143e-4
-1.064, -1.157e-4
-1.063, -1.187e-4
-1.062, -1.224e-4
-1.061, -1.243e-4
-1.060, -1.258e-4
-1.059, -1.272e-4
-1.058, -1.291e-4
-1.057, -1.322e-4
-1.056, -1.337e-4
-1.055, -1.354e-4
-1.054, -1.374e-4
-1.053, -1.386e-4
-1.052, -1.407e-4
-1.051, -1.420e-4
-1.050, -1.430e-4
-1.049, -1.451e-4
-1.048, -1.460e-4
-1.047, -1.474e-4
-1.046, -1.493e-4
-1.045, -1.497e-4
-1.044, -1.518e-4
-1.043, -1.530e-4
-1.042, -1.541e-4
-1.041, -1.558e-4
-1.040, -1.561e-4
-1.039, -1.574e-4
-1.038, -1.592e-4
-1.037, -1.594e-4
-1.036, -1.609e-4
-1.035, -1.616e-4
-1.034, -1.625e-4
-1.033, -1.645e-4
-1.032, -1.645e-4
-1.031, -1.655e-4
-1.030, -1.666e-4
-1.029, -1.672e-4
-1.028, -1.689e-4
-1.027, -1.694e-4
-1.026, -1.698e-4
-1.025, -1.711e-4
-1.024, -1.718e-4
-1.023, -1.733e-4
-1.022, -1.743e-4
-1.021, -1.742e-4
-1.020, -1.758e-4
-1.019, -1.763e-4
-1.018, -1.776e-4
-1.017, -1.791e-4
-1.016, -1.788e-4
-1.015, -1.801e-4
-1.014, -1.811e-4
-1.013, -1.815e-4
-1.012, -1.831e-4
-1.011, -1.834e-4
-1.010, -1.836e-4
-1.009, -1.846e-4
-1.008, -1.854e-4
-1.007, -1.867e-4
-1.006, -1.879e-4
-1.005, -1.883e-4
-1.004, -1.888e-4
-1.003, -1.897e-4
-1.002, -1.906e-4
-1.001, -1.916e-4
