July 14, 2024   07:41:35
Cyclic Voltammetry
File: c:/users/guazh/data/20240709_batch67/2024-07-10-exp40\exp40-2024-07-14t07_27_25-h2koh\exp40_cv_sr_100mvs_efin_-1700mv.bin
Data Source:  Experiment
Instrument Model:  CHI760E
Header: CV ran at 100 mVs
Note: 

Init E (V) = -1
High E (V) = -1
Low E (V) = -1.7
Final E (V) = -1
Init P/N = N
Scan Rate (V/s) = 0.1
Segment = 3
Sample Interval (V) = 0.001
Quiet Time (sec) = 2
Sensitivity (A/V) = 0.01
Comp R (ohm) = 1.9

Results:

Channel 1:
Segment 1:

Segment 2:

Segment 3:

Potential/V, Current/A

-1.000, -2.092e-7
-1.001, -1.894e-7
-1.002, 1.066e-7
-1.003, 6.709e-8
-1.004, -2.171e-8
-1.005, 4.321e-7
-1.006, 6.709e-8
-1.007, 4.124e-7
-1.008, 3.828e-7
-1.009, 1.657e-7
-1.010, 4.913e-7
-1.011, 1.953e-7
-1.012, 6.590e-7
-1.013, 6.886e-7
-1.014, 3.039e-7
-1.015, 8.070e-7
-1.016, 5.900e-7
-1.017, 8.860e-7
-1.018, 7.084e-7
-1.019, 5.209e-7
-1.020, 9.550e-7
-1.021, 5.604e-7
-1.022, 7.676e-7
-1.023, 8.564e-7
-1.024, 8.564e-7
-1.025, 1.024e-6
-1.026, 7.380e-7
-1.027, 1.044e-6
-1.028, 9.846e-7
-1.029, 8.662e-7
-1.030, 1.103e-6
-1.031, 7.972e-7
-1.032, 1.152e-6
-1.033, 1.073e-6
-1.034, 9.057e-7
-1.035, 1.212e-6
-1.036, 7.676e-7
-1.037, 1.172e-6
-1.038, 1.221e-6
-1.039, 1.123e-6
-1.040, 1.350e-6
-1.041, 1.034e-6
-1.042, 1.438e-6
-1.043, 1.212e-6
-1.044, 1.083e-6
-1.045, 1.340e-6
-1.046, 1.073e-6
-1.047, 1.409e-6
-1.048, 1.310e-6
-1.049, 1.054e-6
-1.050, 1.586e-6
-1.051, 1.251e-6
-1.052, 1.389e-6
-1.053, 1.379e-6
-1.054, 1.261e-6
-1.055, 1.537e-6
-1.056, 1.212e-6
-1.057, 1.547e-6
-1.058, 1.527e-6
-1.059, 1.300e-6
-1.060, 1.586e-6
-1.061, 1.340e-6
-1.062, 1.586e-6
-1.063, 1.438e-6
-1.064, 1.379e-6
-1.065, 1.764e-6
-1.066, 1.557e-6
-1.067, 1.705e-6
-1.068, 1.547e-6
-1.069, 1.438e-6
-1.070, 1.695e-6
-1.071, 1.379e-6
-1.072, 1.794e-6
-1.073, 1.744e-6
-1.074, 1.389e-6
-1.075, 1.882e-6
-1.076, 1.596e-6
-1.077, 1.961e-6
-1.078, 1.813e-6
-1.079, 1.517e-6
-1.080, 1.892e-6
-1.081, 1.577e-6
-1.082, 1.863e-6
-1.083, 1.873e-6
-1.084, 1.616e-6
-1.085, 1.912e-6
-1.086, 1.586e-6
-1.087, 1.951e-6
-1.088, 1.863e-6
-1.089, 1.744e-6
-1.090, 2.080e-6
-1.091, 1.665e-6
-1.092, 2.021e-6
-1.093, 1.892e-6
-1.094, 1.626e-6
-1.095, 2.060e-6
-1.096, 1.823e-6
-1.097, 2.119e-6
-1.098, 2.001e-6
-1.099, 1.823e-6
-1.100, 2.001e-6
-1.101, 1.695e-6
-1.102, 2.099e-6
-1.103, 2.060e-6
-1.104, 1.813e-6
-1.105, 2.188e-6
-1.106, 1.764e-6
-1.107, 2.149e-6
-1.108, 2.208e-6
-1.109, 1.951e-6
-1.110, 2.317e-6
-1.111, 1.744e-6
-1.112, 2.139e-6
-1.113, 2.060e-6
-1.114, 2.001e-6
-1.115, 2.198e-6
-1.116, 1.912e-6
-1.117, 2.317e-6
-1.118, 2.287e-6
-1.119, 2.090e-6
-1.120, 2.356e-6
-1.121, 1.971e-6
-1.122, 2.395e-6
-1.123, 2.198e-6
-1.124, 2.169e-6
-1.125, 2.346e-6
-1.126, 1.981e-6
-1.127, 2.287e-6
-1.128, 2.395e-6
-1.129, 2.090e-6
-1.130, 2.455e-6
-1.131, 2.099e-6
-1.132, 2.366e-6
-1.133, 2.445e-6
-1.134, 2.188e-6
-1.135, 2.484e-6
-1.136, 2.169e-6
-1.137, 2.366e-6
-1.138, 2.257e-6
-1.139, 2.297e-6
-1.140, 2.563e-6
-1.141, 2.238e-6
-1.142, 2.484e-6
-1.143, 2.682e-6
-1.144, 2.297e-6
-1.145, 2.622e-6
-1.146, 2.356e-6
-1.147, 2.504e-6
-1.148, 2.563e-6
-1.149, 2.267e-6
-1.150, 2.583e-6
-1.151, 2.326e-6
-1.152, 2.741e-6
-1.153, 2.603e-6
-1.154, 2.395e-6
-1.155, 2.662e-6
-1.156, 2.267e-6
-1.157, 2.760e-6
-1.158, 2.613e-6
-1.159, 2.534e-6
-1.160, 2.711e-6
-1.161, 2.366e-6
-1.162, 2.731e-6
-1.163, 2.780e-6
-1.164, 2.445e-6
-1.165, 2.830e-6
-1.166, 2.494e-6
-1.167, 2.760e-6
-1.168, 2.682e-6
-1.169, 2.603e-6
-1.170, 2.899e-6
-1.171, 2.524e-6
-1.172, 2.889e-6
-1.173, 2.790e-6
-1.174, 2.593e-6
-1.175, 2.820e-6
-1.176, 2.632e-6
-1.177, 2.899e-6
-1.178, 2.987e-6
-1.179, 2.553e-6
-1.180, 2.997e-6
-1.181, 2.751e-6
-1.182, 2.918e-6
-1.183, 2.938e-6
-1.184, 2.820e-6
-1.185, 2.997e-6
-1.186, 2.899e-6
-1.187, 3.086e-6
-1.188, 3.056e-6
-1.189, 2.800e-6
-1.190, 3.185e-6
-1.191, 3.066e-6
-1.192, 3.303e-6
-1.193, 3.135e-6
-1.194, 2.899e-6
-1.195, 3.204e-6
-1.196, 2.997e-6
-1.197, 3.372e-6
-1.198, 3.185e-6
-1.199, 3.175e-6
-1.200, 3.402e-6
-1.201, 3.086e-6
-1.202, 3.372e-6
-1.203, 3.352e-6
-1.204, 3.126e-6
-1.205, 3.422e-6
-1.206, 3.027e-6
-1.207, 3.550e-6
-1.208, 3.402e-6
-1.209, 3.155e-6
-1.210, 3.678e-6
-1.211, 3.333e-6
-1.212, 3.678e-6
-1.213, 3.599e-6
-1.214, 3.392e-6
-1.215, 3.708e-6
-1.216, 3.293e-6
-1.217, 3.698e-6
-1.218, 3.717e-6
-1.219, 3.471e-6
-1.220, 3.777e-6
-1.221, 3.550e-6
-1.222, 3.954e-6
-1.223, 3.875e-6
-1.224, 3.579e-6
-1.225, 3.875e-6
-1.226, 3.500e-6
-1.227, 3.895e-6
-1.228, 3.865e-6
-1.229, 3.875e-6
-1.230, 4.270e-6
-1.231, 3.816e-6
-1.232, 4.221e-6
-1.233, 4.290e-6
-1.234, 3.994e-6
-1.235, 4.369e-6
-1.236, 4.033e-6
-1.237, 4.438e-6
-1.238, 4.388e-6
-1.239, 4.063e-6
-1.240, 4.418e-6
-1.241, 4.171e-6
-1.242, 4.635e-6
-1.243, 4.477e-6
-1.244, 4.379e-6
-1.245, 4.832e-6
-1.246, 4.428e-6
-1.247, 4.684e-6
-1.248, 4.803e-6
-1.249, 4.586e-6
-1.250, 4.931e-6
-1.251, 4.714e-6
-1.252, 5.049e-6
-1.253, 5.010e-6
-1.254, 4.822e-6
-1.255, 5.286e-6
-1.256, 4.911e-6
-1.257, 5.286e-6
-1.258, 5.345e-6
-1.259, 5.128e-6
-1.260, 5.474e-6
-1.261, 5.188e-6
-1.262, 5.631e-6
-1.263, 5.661e-6
-1.264, 5.454e-6
-1.265, 5.671e-6
-1.266, 5.533e-6
-1.267, 5.987e-6
-1.268, 6.026e-6
-1.269, 5.760e-6
-1.270, 6.293e-6
-1.271, 5.868e-6
-1.272, 6.312e-6
-1.273, 6.223e-6
-1.274, 6.233e-6
-1.275, 6.529e-6
-1.276, 6.302e-6
-1.277, 6.598e-6
-1.278, 6.835e-6
-1.279, 6.638e-6
-1.280, 7.062e-6
-1.281, 6.727e-6
-1.282, 7.279e-6
-1.283, 7.338e-6
-1.284, 7.062e-6
-1.285, 7.585e-6
-1.286, 7.240e-6
-1.287, 7.644e-6
-1.288, 7.644e-6
-1.289, 7.575e-6
-1.290, 8.049e-6
-1.291, 7.664e-6
-1.292, 8.216e-6
-1.293, 8.276e-6
-1.294, 8.137e-6
-1.295, 8.660e-6
-1.296, 8.335e-6
-1.297, 8.779e-6
-1.298, 8.700e-6
-1.299, 8.789e-6
-1.300, 9.242e-6
-1.301, 9.035e-6
-1.302, 9.489e-6
-1.303, 9.430e-6
-1.304, 9.400e-6
-1.305, 9.903e-6
-1.306, 9.598e-6
-1.307, 1.017e-5
-1.308, 1.029e-5
-1.309, 1.012e-5
-1.310, 1.072e-5
-1.311, 1.045e-5
-1.312, 1.100e-5
-1.313, 1.097e-5
-1.314, 1.092e-5
-1.315, 1.141e-5
-1.316, 1.136e-5
-1.317, 1.177e-5
-1.318, 1.190e-5
-1.319, 1.183e-5
-1.320, 1.247e-5
-1.321, 1.218e-5
-1.322, 1.282e-5
-1.323, 1.282e-5
-1.324, 1.285e-5
-1.325, 1.339e-5
-1.326, 1.309e-5
-1.327, 1.382e-5
-1.328, 1.382e-5
-1.329, 1.393e-5
-1.330, 1.435e-5
-1.331, 1.435e-5
-1.332, 1.503e-5
-1.333, 1.504e-5
-1.334, 1.501e-5
-1.335, 1.568e-5
-1.336, 1.524e-5
-1.337, 1.598e-5
-1.338, 1.614e-5
-1.339, 1.621e-5
-1.340, 1.683e-5
-1.341, 1.672e-5
-1.342, 1.734e-5
-1.343, 1.739e-5
-1.344, 1.743e-5
-1.345, 1.796e-5
-1.346, 1.790e-5
-1.347, 1.865e-5
-1.348, 1.875e-5
-1.349, 1.879e-5
-1.350, 1.943e-5
-1.351, 1.929e-5
-1.352, 1.994e-5
-1.353, 2.010e-5
-1.354, 2.040e-5
-1.355, 2.094e-5
-1.356, 2.082e-5
-1.357, 2.159e-5
-1.358, 2.170e-5
-1.359, 2.175e-5
-1.360, 2.241e-5
-1.361, 2.231e-5
-1.362, 2.317e-5
-1.363, 2.320e-5
-1.364, 2.346e-5
-1.365, 2.404e-5
-1.366, 2.385e-5
-1.367, 2.476e-5
-1.368, 2.489e-5
-1.369, 2.502e-5
-1.370, 2.561e-5
-1.371, 2.559e-5
-1.372, 2.646e-5
-1.373, 2.671e-5
-1.374, 2.679e-5
-1.375, 2.742e-5
-1.376, 2.743e-5
-1.377, 2.819e-5
-1.378, 2.848e-5
-1.379, 2.852e-5
-1.380, 2.935e-5
-1.381, 2.927e-5
-1.382, 3.013e-5
-1.383, 3.035e-5
-1.384, 3.055e-5
-1.385, 3.126e-5
-1.386, 3.127e-5
-1.387, 3.211e-5
-1.388, 3.225e-5
-1.389, 3.260e-5
-1.390, 3.321e-5
-1.391, 3.324e-5
-1.392, 3.407e-5
-1.393, 3.425e-5
-1.394, 3.451e-5
-1.395, 3.534e-5
-1.396, 3.523e-5
-1.397, 3.599e-5
-1.398, 3.620e-5
-1.399, 3.672e-5
-1.400, 3.732e-5
-1.401, 3.735e-5
-1.402, 3.826e-5
-1.403, 3.863e-5
-1.404, 3.870e-5
-1.405, 3.946e-5
-1.406, 3.961e-5
-1.407, 4.035e-5
-1.408, 4.067e-5
-1.409, 4.089e-5
-1.410, 4.177e-5
-1.411, 4.176e-5
-1.412, 4.265e-5
-1.413, 4.274e-5
-1.414, 4.314e-5
-1.415, 4.400e-5
-1.416, 4.398e-5
-1.417, 4.476e-5
-1.418, 4.518e-5
-1.419, 4.537e-5
-1.420, 4.614e-5
-1.421, 4.623e-5
-1.422, 4.718e-5
-1.423, 4.735e-5
-1.424, 4.783e-5
-1.425, 4.854e-5
-1.426, 4.863e-5
-1.427, 4.945e-5
-1.428, 4.972e-5
-1.429, 5.015e-5
-1.430, 5.086e-5
-1.431, 5.085e-5
-1.432, 5.168e-5
-1.433, 5.212e-5
-1.434, 5.264e-5
-1.435, 5.328e-5
-1.436, 5.346e-5
-1.437, 5.425e-5
-1.438, 5.467e-5
-1.439, 5.501e-5
-1.440, 5.570e-5
-1.441, 5.580e-5
-1.442, 5.672e-5
-1.443, 5.712e-5
-1.444, 5.746e-5
-1.445, 5.825e-5
-1.446, 5.831e-5
-1.447, 5.933e-5
-1.448, 5.960e-5
-1.449, 5.998e-5
-1.450, 6.080e-5
-1.451, 6.082e-5
-1.452, 6.180e-5
-1.453, 6.222e-5
-1.454, 6.263e-5
-1.455, 6.327e-5
-1.456, 6.361e-5
-1.457, 6.438e-5
-1.458, 6.481e-5
-1.459, 6.524e-5
-1.460, 6.605e-5
-1.461, 6.623e-5
-1.462, 6.714e-5
-1.463, 6.746e-5
-1.464, 6.789e-5
-1.465, 6.871e-5
-1.466, 6.885e-5
-1.467, 6.979e-5
-1.468, 7.025e-5
-1.469, 7.064e-5
-1.470, 7.150e-5
-1.471, 7.157e-5
-1.472, 7.257e-5
-1.473, 7.308e-5
-1.474, 7.350e-5
-1.475, 7.451e-5
-1.476, 7.458e-5
-1.477, 7.557e-5
-1.478, 7.602e-5
-1.479, 7.659e-5
-1.480, 7.734e-5
-1.481, 7.747e-5
-1.482, 7.868e-5
-1.483, 7.897e-5
-1.484, 7.942e-5
-1.485, 8.053e-5
-1.486, 8.082e-5
-1.487, 8.178e-5
-1.488, 8.222e-5
-1.489, 8.287e-5
-1.490, 8.385e-5
-1.491, 8.395e-5
-1.492, 8.519e-5
-1.493, 8.560e-5
-1.494, 8.629e-5
-1.495, 8.732e-5
-1.496, 8.752e-5
-1.497, 8.883e-5
-1.498, 8.928e-5
-1.499, 8.993e-5
-1.500, 9.092e-5
-1.501, 9.119e-5
-1.502, 9.229e-5
-1.503, 9.307e-5
-1.504, 9.380e-5
-1.505, 9.467e-5
-1.506, 9.516e-5
-1.507, 9.638e-5
-1.508, 9.706e-5
-1.509, 9.772e-5
-1.510, 9.884e-5
-1.511, 9.928e-5
-1.512, 1.008e-4
-1.513, 1.013e-4
-1.514, 1.022e-4
-1.515, 1.033e-4
-1.516, 1.038e-4
-1.517, 1.054e-4
-1.518, 1.061e-4
-1.519, 1.071e-4
-1.520, 1.082e-4
-1.521, 1.089e-4
-1.522, 1.104e-4
-1.523, 1.113e-4
-1.524, 1.124e-4
-1.525, 1.135e-4
-1.526, 1.143e-4
-1.527, 1.161e-4
-1.528, 1.168e-4
-1.529, 1.180e-4
-1.530, 1.195e-4
-1.531, 1.203e-4
-1.532, 1.221e-4
-1.533, 1.231e-4
-1.534, 1.244e-4
-1.535, 1.260e-4
-1.536, 1.269e-4
-1.537, 1.289e-4
-1.538, 1.301e-4
-1.539, 1.316e-4
-1.540, 1.332e-4
-1.541, 1.344e-4
-1.542, 1.365e-4
-1.543, 1.378e-4
-1.544, 1.395e-4
-1.545, 1.415e-4
-1.546, 1.427e-4
-1.547, 1.452e-4
-1.548, 1.466e-4
-1.549, 1.485e-4
-1.550, 1.508e-4
-1.551, 1.522e-4
-1.552, 1.549e-4
-1.553, 1.565e-4
-1.554, 1.588e-4
-1.555, 1.610e-4
-1.556, 1.629e-4
-1.557, 1.657e-4
-1.558, 1.677e-4
-1.559, 1.703e-4
-1.560, 1.729e-4
-1.561, 1.751e-4
-1.562, 1.782e-4
-1.563, 1.807e-4
-1.564, 1.837e-4
-1.565, 1.865e-4
-1.566, 1.889e-4
-1.567, 1.927e-4
-1.568, 1.953e-4
-1.569, 1.988e-4
-1.570, 2.021e-4
-1.571, 2.049e-4
-1.572, 2.093e-4
-1.573, 2.121e-4
-1.574, 2.162e-4
-1.575, 2.201e-4
-1.576, 2.234e-4
-1.577, 2.280e-4
-1.578, 2.317e-4
-1.579, 2.363e-4
-1.580, 2.408e-4
-1.581, 2.447e-4
-1.582, 2.501e-4
-1.583, 2.542e-4
-1.584, 2.596e-4
-1.585, 2.647e-4
-1.586, 2.697e-4
-1.587, 2.759e-4
-1.588, 2.809e-4
-1.589, 2.871e-4
-1.590, 2.931e-4
-1.591, 2.987e-4
-1.592, 3.059e-4
-1.593, 3.117e-4
-1.594, 3.190e-4
-1.595, 3.259e-4
-1.596, 3.328e-4
-1.597, 3.409e-4
-1.598, 3.478e-4
-1.599, 3.561e-4
-1.600, 3.642e-4
-1.601, 3.722e-4
-1.602, 3.818e-4
-1.603, 3.898e-4
-1.604, 3.997e-4
-1.605, 4.088e-4
-1.606, 4.180e-4
-1.607, 4.287e-4
-1.608, 4.381e-4
-1.609, 4.497e-4
-1.610, 4.605e-4
-1.611, 4.717e-4
-1.612, 4.845e-4
-1.613, 4.953e-4
-1.614, 5.087e-4
-1.615, 5.211e-4
-1.616, 5.341e-4
-1.617, 5.489e-4
-1.618, 5.619e-4
-1.619, 5.776e-4
-1.620, 5.921e-4
-1.621, 6.067e-4
-1.622, 6.234e-4
-1.623, 6.383e-4
-1.624, 6.563e-4
-1.625, 6.733e-4
-1.626, 6.910e-4
-1.627, 7.107e-4
-1.628, 7.280e-4
-1.629, 7.483e-4
-1.630, 7.676e-4
-1.631, 7.877e-4
-1.632, 8.101e-4
-1.633, 8.307e-4
-1.634, 8.551e-4
-1.635, 8.772e-4
-1.636, 9.003e-4
-1.637, 9.257e-4
-1.638, 9.488e-4
-1.639, 9.763e-4
-1.640, 1.001e-3
-1.641, 1.028e-3
-1.642, 1.058e-3
-1.643, 1.084e-3
-1.644, 1.115e-3
-1.645, 1.143e-3
-1.646, 1.173e-3
-1.647, 1.204e-3
-1.648, 1.234e-3
-1.649, 1.270e-3
-1.650, 1.302e-3
-1.651, 1.337e-3
-1.652, 1.373e-3
-1.653, 1.405e-3
-1.654, 1.443e-3
-1.655, 1.479e-3
-1.656, 1.519e-3
-1.657, 1.561e-3
-1.658, 1.600e-3
-1.659, 1.645e-3
-1.660, 1.685e-3
-1.661, 1.727e-3
-1.662, 1.772e-3
-1.663, 1.813e-3
-1.664, 1.863e-3
-1.665, 1.908e-3
-1.666, 1.955e-3
-1.667, 2.003e-3
-1.668, 2.046e-3
-1.669, 2.097e-3
-1.670, 2.144e-3
-1.671, 2.196e-3
-1.672, 2.252e-3
-1.673, 2.306e-3
-1.674, 2.366e-3
-1.675, 2.420e-3
-1.676, 2.476e-3
-1.677, 2.532e-3
-1.678, 2.584e-3
-1.679, 2.646e-3
-1.680, 2.705e-3
-1.681, 2.769e-3
-1.682, 2.833e-3
-1.683, 2.891e-3
-1.684, 2.957e-3
-1.685, 3.014e-3
-1.686, 3.076e-3
-1.687, 3.145e-3
-1.688, 3.211e-3
-1.689, 3.287e-3
-1.690, 3.355e-3
-1.691, 3.422e-3
-1.692, 3.491e-3
-1.693, 3.553e-3
-1.694, 3.625e-3
-1.695, 3.691e-3
-1.696, 3.769e-3
-1.697, 3.851e-3
-1.698, 3.922e-3
-1.699, 3.998e-3
-1.700, 4.021e-3
-1.699, 3.991e-3
-1.698, 3.959e-3
-1.697, 3.919e-3
-1.696, 3.889e-3
-1.695, 3.850e-3
-1.694, 3.815e-3
-1.693, 3.780e-3
-1.692, 3.734e-3
-1.691, 3.696e-3
-1.690, 3.647e-3
-1.689, 3.602e-3
-1.688, 3.564e-3
-1.687, 3.517e-3
-1.686, 3.476e-3
-1.685, 3.427e-3
-1.684, 3.382e-3
-1.683, 3.341e-3
-1.682, 3.298e-3
-1.681, 3.260e-3
-1.680, 3.212e-3
-1.679, 3.164e-3
-1.678, 3.117e-3
-1.677, 3.065e-3
-1.676, 3.023e-3
-1.675, 2.975e-3
-1.674, 2.932e-3
-1.673, 2.893e-3
-1.672, 2.848e-3
-1.671, 2.809e-3
-1.670, 2.763e-3
-1.669, 2.720e-3
-1.668, 2.680e-3
-1.667, 2.638e-3
-1.666, 2.604e-3
-1.665, 2.563e-3
-1.664, 2.523e-3
-1.663, 2.482e-3
-1.662, 2.437e-3
-1.661, 2.398e-3
-1.660, 2.355e-3
-1.659, 2.317e-3
-1.658, 2.282e-3
-1.657, 2.239e-3
-1.656, 2.203e-3
-1.655, 2.161e-3
-1.654, 2.122e-3
-1.653, 2.086e-3
-1.652, 2.048e-3
-1.651, 2.016e-3
-1.650, 1.980e-3
-1.649, 1.945e-3
-1.648, 1.910e-3
-1.647, 1.871e-3
-1.646, 1.839e-3
-1.645, 1.803e-3
-1.644, 1.771e-3
-1.643, 1.740e-3
-1.642, 1.706e-3
-1.641, 1.675e-3
-1.640, 1.640e-3
-1.639, 1.607e-3
-1.638, 1.576e-3
-1.637, 1.543e-3
-1.636, 1.516e-3
-1.635, 1.484e-3
-1.634, 1.455e-3
-1.633, 1.427e-3
-1.632, 1.395e-3
-1.631, 1.369e-3
-1.630, 1.340e-3
-1.629, 1.313e-3
-1.628, 1.288e-3
-1.627, 1.260e-3
-1.626, 1.236e-3
-1.625, 1.209e-3
-1.624, 1.184e-3
-1.623, 1.159e-3
-1.622, 1.133e-3
-1.621, 1.112e-3
-1.620, 1.087e-3
-1.619, 1.063e-3
-1.618, 1.041e-3
-1.617, 1.016e-3
-1.616, 9.955e-4
-1.615, 9.727e-4
-1.614, 9.516e-4
-1.613, 9.322e-4
-1.612, 9.103e-4
-1.611, 8.916e-4
-1.610, 8.707e-4
-1.609, 8.511e-4
-1.608, 8.326e-4
-1.607, 8.123e-4
-1.606, 7.955e-4
-1.605, 7.769e-4
-1.604, 7.589e-4
-1.603, 7.425e-4
-1.602, 7.239e-4
-1.601, 7.082e-4
-1.600, 6.914e-4
-1.599, 6.753e-4
-1.598, 6.610e-4
-1.597, 6.447e-4
-1.596, 6.311e-4
-1.595, 6.158e-4
-1.594, 6.012e-4
-1.593, 5.881e-4
-1.592, 5.735e-4
-1.591, 5.614e-4
-1.590, 5.478e-4
-1.589, 5.349e-4
-1.588, 5.233e-4
-1.587, 5.097e-4
-1.586, 4.986e-4
-1.585, 4.864e-4
-1.584, 4.749e-4
-1.583, 4.647e-4
-1.582, 4.528e-4
-1.581, 4.431e-4
-1.580, 4.324e-4
-1.579, 4.217e-4
-1.578, 4.128e-4
-1.577, 4.024e-4
-1.576, 3.940e-4
-1.575, 3.846e-4
-1.574, 3.752e-4
-1.573, 3.673e-4
-1.572, 3.577e-4
-1.571, 3.499e-4
-1.570, 3.417e-4
-1.569, 3.334e-4
-1.568, 3.263e-4
-1.567, 3.179e-4
-1.566, 3.112e-4
-1.565, 3.039e-4
-1.564, 2.963e-4
-1.563, 2.902e-4
-1.562, 2.828e-4
-1.561, 2.769e-4
-1.560, 2.703e-4
-1.559, 2.639e-4
-1.558, 2.586e-4
-1.557, 2.520e-4
-1.556, 2.468e-4
-1.555, 2.410e-4
-1.554, 2.355e-4
-1.553, 2.308e-4
-1.552, 2.251e-4
-1.551, 2.206e-4
-1.550, 2.155e-4
-1.549, 2.104e-4
-1.548, 2.063e-4
-1.547, 2.010e-4
-1.546, 1.971e-4
-1.545, 1.926e-4
-1.544, 1.882e-4
-1.543, 1.848e-4
-1.542, 1.801e-4
-1.541, 1.767e-4
-1.540, 1.726e-4
-1.539, 1.686e-4
-1.538, 1.656e-4
-1.537, 1.616e-4
-1.536, 1.584e-4
-1.535, 1.550e-4
-1.534, 1.514e-4
-1.533, 1.488e-4
-1.532, 1.453e-4
-1.531, 1.423e-4
-1.530, 1.394e-4
-1.529, 1.361e-4
-1.528, 1.340e-4
-1.527, 1.307e-4
-1.526, 1.281e-4
-1.525, 1.257e-4
-1.524, 1.228e-4
-1.523, 1.207e-4
-1.522, 1.179e-4
-1.521, 1.159e-4
-1.520, 1.136e-4
-1.519, 1.110e-4
-1.518, 1.094e-4
-1.517, 1.067e-4
-1.516, 1.047e-4
-1.515, 1.030e-4
-1.514, 1.006e-4
-1.513, 9.916e-5
-1.512, 9.694e-5
-1.511, 9.511e-5
-1.510, 9.334e-5
-1.509, 9.114e-5
-1.508, 9.001e-5
-1.507, 8.781e-5
-1.506, 8.644e-5
-1.505, 8.491e-5
-1.504, 8.284e-5
-1.503, 8.191e-5
-1.502, 8.003e-5
-1.501, 7.876e-5
-1.500, 7.743e-5
-1.499, 7.563e-5
-1.498, 7.476e-5
-1.497, 7.299e-5
-1.496, 7.181e-5
-1.495, 7.070e-5
-1.494, 6.892e-5
-1.493, 6.829e-5
-1.492, 6.675e-5
-1.491, 6.561e-5
-1.490, 6.454e-5
-1.489, 6.298e-5
-1.488, 6.237e-5
-1.487, 6.112e-5
-1.486, 5.992e-5
-1.485, 5.905e-5
-1.484, 5.770e-5
-1.483, 5.716e-5
-1.482, 5.581e-5
-1.481, 5.496e-5
-1.480, 5.425e-5
-1.479, 5.289e-5
-1.478, 5.234e-5
-1.477, 5.128e-5
-1.476, 5.055e-5
-1.475, 4.972e-5
-1.474, 4.851e-5
-1.473, 4.826e-5
-1.472, 4.702e-5
-1.471, 4.633e-5
-1.470, 4.577e-5
-1.469, 4.452e-5
-1.468, 4.442e-5
-1.467, 4.326e-5
-1.466, 4.252e-5
-1.465, 4.214e-5
-1.464, 4.105e-5
-1.463, 4.085e-5
-1.462, 3.959e-5
-1.461, 3.918e-5
-1.460, 3.872e-5
-1.459, 3.755e-5
-1.458, 3.753e-5
-1.457, 3.653e-5
-1.456, 3.598e-5
-1.455, 3.556e-5
-1.454, 3.455e-5
-1.453, 3.465e-5
-1.452, 3.369e-5
-1.451, 3.324e-5
-1.450, 3.291e-5
-1.449, 3.178e-5
-1.448, 3.185e-5
-1.447, 3.091e-5
-1.446, 3.040e-5
-1.445, 3.005e-5
-1.444, 2.927e-5
-1.443, 2.932e-5
-1.442, 2.850e-5
-1.441, 2.813e-5
-1.440, 2.771e-5
-1.439, 2.697e-5
-1.438, 2.690e-5
-1.437, 2.615e-5
-1.436, 2.588e-5
-1.435, 2.563e-5
-1.434, 2.461e-5
-1.433, 2.471e-5
-1.432, 2.394e-5
-1.431, 2.382e-5
-1.430, 2.335e-5
-1.429, 2.265e-5
-1.428, 2.273e-5
-1.427, 2.195e-5
-1.426, 2.172e-5
-1.425, 2.156e-5
-1.424, 2.073e-5
-1.423, 2.084e-5
-1.422, 2.024e-5
-1.421, 1.986e-5
-1.420, 1.967e-5
-1.419, 1.896e-5
-1.418, 1.905e-5
-1.417, 1.853e-5
-1.416, 1.822e-5
-1.415, 1.815e-5
-1.414, 1.736e-5
-1.413, 1.753e-5
-1.412, 1.705e-5
-1.411, 1.668e-5
-1.410, 1.673e-5
-1.409, 1.590e-5
-1.408, 1.595e-5
-1.407, 1.539e-5
-1.406, 1.510e-5
-1.405, 1.517e-5
-1.404, 1.433e-5
-1.403, 1.466e-5
-1.402, 1.420e-5
-1.401, 1.403e-5
-1.400, 1.372e-5
-1.399, 1.318e-5
-1.398, 1.329e-5
-1.397, 1.291e-5
-1.396, 1.268e-5
-1.395, 1.242e-5
-1.394, 1.186e-5
-1.393, 1.211e-5
-1.392, 1.158e-5
-1.391, 1.147e-5
-1.390, 1.142e-5
-1.389, 1.074e-5
-1.388, 1.102e-5
-1.387, 1.045e-5
-1.386, 1.032e-5
-1.385, 1.033e-5
-1.384, 9.686e-6
-1.383, 9.953e-6
-1.382, 9.242e-6
-1.381, 9.213e-6
-1.380, 9.193e-6
-1.379, 8.532e-6
-1.378, 8.946e-6
-1.377, 8.512e-6
-1.376, 8.414e-6
-1.375, 8.354e-6
-1.374, 7.674e-6
-1.373, 8.009e-6
-1.372, 7.545e-6
-1.371, 7.437e-6
-1.370, 7.309e-6
-1.369, 6.746e-6
-1.368, 7.062e-6
-1.367, 6.658e-6
-1.366, 6.391e-6
-1.365, 6.569e-6
-1.364, 6.006e-6
-1.363, 6.164e-6
-1.362, 5.710e-6
-1.361, 5.819e-6
-1.360, 5.691e-6
-1.359, 5.128e-6
-1.358, 5.385e-6
-1.357, 5.049e-6
-1.356, 4.872e-6
-1.355, 4.951e-6
-1.354, 4.408e-6
-1.353, 4.684e-6
-1.352, 4.339e-6
-1.351, 4.240e-6
-1.350, 4.329e-6
-1.349, 3.757e-6
-1.348, 4.053e-6
-1.347, 3.658e-6
-1.346, 3.599e-6
-1.345, 3.737e-6
-1.344, 3.126e-6
-1.343, 3.422e-6
-1.342, 3.106e-6
-1.341, 3.037e-6
-1.340, 3.086e-6
-1.339, 2.474e-6
-1.338, 2.869e-6
-1.337, 2.346e-6
-1.336, 2.425e-6
-1.335, 2.603e-6
-1.334, 1.991e-6
-1.333, 2.415e-6
-1.332, 2.070e-6
-1.331, 1.774e-6
-1.330, 1.823e-6
-1.329, 1.379e-6
-1.328, 1.803e-6
-1.327, 1.419e-6
-1.326, 1.429e-6
-1.325, 1.290e-6
-1.324, 9.057e-7
-1.323, 1.320e-6
-1.322, 9.748e-7
-1.321, 9.452e-7
-1.320, 9.254e-7
-1.319, 4.420e-7
-1.318, 9.550e-7
-1.317, 5.604e-7
-1.316, 4.913e-7
-1.315, 6.097e-7
-1.314, 2.249e-7
-1.313, 3.828e-7
-1.312, 1.066e-7
-1.311, 8.682e-8
-1.310, 1.559e-7
-1.309, -3.473e-7
-1.308, 1.066e-7
-1.307, -1.993e-7
-1.306, -2.486e-7
-1.305, -1.500e-7
-1.304, -6.038e-7
-1.303, -1.105e-7
-1.302, -6.630e-7
-1.301, -5.249e-7
-1.300, -5.249e-7
-1.299, -8.899e-7
-1.298, -3.966e-7
-1.297, -1.048e-6
-1.296, -9.491e-7
-1.295, -8.307e-7
-1.294, -1.176e-6
-1.293, -8.011e-7
-1.292, -1.117e-6
-1.291, -1.067e-6
-1.290, -1.008e-6
-1.289, -1.452e-6
-1.288, -1.008e-6
-1.287, -1.334e-6
-1.286, -1.482e-6
-1.285, -1.275e-6
-1.284, -1.729e-6
-1.283, -1.472e-6
-1.282, -1.620e-6
-1.281, -1.581e-6
-1.280, -1.482e-6
-1.279, -1.886e-6
-1.278, -1.462e-6
-1.277, -1.857e-6
-1.276, -1.857e-6
-1.275, -1.709e-6
-1.274, -2.054e-6
-1.273, -1.610e-6
-1.272, -1.906e-6
-1.271, -2.074e-6
-1.270, -1.896e-6
-1.269, -2.281e-6
-1.268, -1.857e-6
-1.267, -2.202e-6
-1.266, -2.103e-6
-1.265, -2.054e-6
-1.264, -2.449e-6
-1.263, -2.084e-6
-1.262, -2.439e-6
-1.261, -2.311e-6
-1.260, -2.409e-6
-1.259, -2.528e-6
-1.258, -2.153e-6
-1.257, -2.557e-6
-1.256, -2.439e-6
-1.255, -2.261e-6
-1.254, -2.794e-6
-1.253, -2.390e-6
-1.252, -2.587e-6
-1.251, -2.577e-6
-1.250, -2.468e-6
-1.249, -2.893e-6
-1.248, -2.409e-6
-1.247, -2.597e-6
-1.246, -2.705e-6
-1.245, -2.538e-6
-1.244, -2.893e-6
-1.243, -2.449e-6
-1.242, -2.873e-6
-1.241, -2.843e-6
-1.240, -2.607e-6
-1.239, -2.972e-6
-1.238, -2.587e-6
-1.237, -2.893e-6
-1.236, -2.794e-6
-1.235, -2.755e-6
-1.234, -3.051e-6
-1.233, -2.656e-6
-1.232, -3.011e-6
-1.231, -2.932e-6
-1.230, -2.804e-6
-1.229, -3.268e-6
-1.228, -2.991e-6
-1.227, -3.120e-6
-1.226, -2.991e-6
-1.225, -2.952e-6
-1.224, -3.258e-6
-1.223, -2.972e-6
-1.222, -3.169e-6
-1.221, -3.090e-6
-1.220, -3.080e-6
-1.219, -3.425e-6
-1.218, -2.834e-6
-1.217, -3.277e-6
-1.216, -3.189e-6
-1.215, -3.110e-6
-1.214, -3.277e-6
-1.213, -3.001e-6
-1.212, -3.307e-6
-1.211, -3.149e-6
-1.210, -3.277e-6
-1.209, -3.524e-6
-1.208, -3.080e-6
-1.207, -3.258e-6
-1.206, -3.277e-6
-1.205, -3.011e-6
-1.204, -3.376e-6
-1.203, -3.199e-6
-1.202, -3.485e-6
-1.201, -3.337e-6
-1.200, -3.248e-6
-1.199, -3.534e-6
-1.198, -3.149e-6
-1.197, -3.445e-6
-1.196, -3.376e-6
-1.195, -3.218e-6
-1.194, -3.583e-6
-1.193, -3.129e-6
-1.192, -3.445e-6
-1.191, -3.416e-6
-1.190, -3.396e-6
-1.189, -3.485e-6
-1.188, -3.366e-6
-1.187, -3.534e-6
-1.186, -3.465e-6
-1.185, -3.366e-6
-1.184, -3.504e-6
-1.183, -3.386e-6
-1.182, -3.662e-6
-1.181, -3.524e-6
-1.180, -3.277e-6
-1.179, -3.830e-6
-1.178, -3.435e-6
-1.177, -3.633e-6
-1.176, -3.504e-6
-1.175, -3.455e-6
-1.174, -3.712e-6
-1.173, -3.416e-6
-1.172, -3.682e-6
-1.171, -3.603e-6
-1.170, -3.386e-6
-1.169, -3.820e-6
-1.168, -3.623e-6
-1.167, -3.643e-6
-1.166, -3.652e-6
-1.165, -3.504e-6
-1.164, -3.840e-6
-1.163, -3.554e-6
-1.162, -3.751e-6
-1.161, -3.692e-6
-1.160, -3.544e-6
-1.159, -3.761e-6
-1.158, -3.633e-6
-1.157, -3.810e-6
-1.156, -3.682e-6
-1.155, -3.544e-6
-1.154, -3.879e-6
-1.153, -3.554e-6
-1.152, -3.879e-6
-1.151, -3.554e-6
-1.150, -3.623e-6
-1.149, -4.057e-6
-1.148, -3.564e-6
-1.147, -3.899e-6
-1.146, -3.781e-6
-1.145, -3.662e-6
-1.144, -3.978e-6
-1.143, -3.643e-6
-1.142, -3.879e-6
-1.141, -3.781e-6
-1.140, -3.712e-6
-1.139, -4.047e-6
-1.138, -3.702e-6
-1.137, -3.958e-6
-1.136, -3.869e-6
-1.135, -3.761e-6
-1.134, -3.919e-6
-1.133, -3.672e-6
-1.132, -4.116e-6
-1.131, -3.899e-6
-1.130, -3.800e-6
-1.129, -4.077e-6
-1.128, -3.781e-6
-1.127, -4.185e-6
-1.126, -4.106e-6
-1.125, -3.879e-6
-1.124, -4.244e-6
-1.123, -3.909e-6
-1.122, -4.077e-6
-1.121, -3.998e-6
-1.120, -3.968e-6
-1.119, -4.225e-6
-1.118, -3.899e-6
-1.117, -4.234e-6
-1.116, -4.136e-6
-1.115, -3.988e-6
-1.114, -4.363e-6
-1.113, -4.086e-6
-1.112, -4.244e-6
-1.111, -4.116e-6
-1.110, -4.165e-6
-1.109, -4.481e-6
-1.108, -4.047e-6
-1.107, -4.244e-6
-1.106, -4.254e-6
-1.105, -4.156e-6
-1.104, -4.333e-6
-1.103, -4.146e-6
-1.102, -4.501e-6
-1.101, -4.333e-6
-1.100, -4.274e-6
-1.099, -4.540e-6
-1.098, -4.225e-6
-1.097, -4.432e-6
-1.096, -4.284e-6
-1.095, -4.234e-6
-1.094, -4.639e-6
-1.093, -4.363e-6
-1.092, -4.432e-6
-1.091, -4.501e-6
-1.090, -4.304e-6
-1.089, -4.580e-6
-1.088, -4.313e-6
-1.087, -4.590e-6
-1.086, -4.540e-6
-1.085, -4.353e-6
-1.084, -4.807e-6
-1.083, -4.402e-6
-1.082, -4.688e-6
-1.081, -4.659e-6
-1.080, -4.590e-6
-1.079, -4.846e-6
-1.078, -4.521e-6
-1.077, -4.836e-6
-1.076, -4.856e-6
-1.075, -4.678e-6
-1.074, -4.935e-6
-1.073, -4.659e-6
-1.072, -4.994e-6
-1.071, -4.757e-6
-1.070, -4.738e-6
-1.069, -5.024e-6
-1.068, -4.747e-6
-1.067, -5.083e-6
-1.066, -5.024e-6
-1.065, -4.787e-6
-1.064, -5.083e-6
-1.063, -4.767e-6
-1.062, -5.172e-6
-1.061, -5.014e-6
-1.060, -4.955e-6
-1.059, -5.201e-6
-1.058, -4.876e-6
-1.057, -5.122e-6
-1.056, -5.063e-6
-1.055, -5.024e-6
-1.054, -5.290e-6
-1.053, -4.935e-6
-1.052, -5.261e-6
-1.051, -5.211e-6
-1.050, -5.201e-6
-1.049, -5.507e-6
-1.048, -5.152e-6
-1.047, -5.428e-6
-1.046, -5.339e-6
-1.045, -5.142e-6
-1.044, -5.438e-6
-1.043, -5.191e-6
-1.042, -5.369e-6
-1.041, -5.497e-6
-1.040, -5.270e-6
-1.039, -5.596e-6
-1.038, -5.349e-6
-1.037, -5.675e-6
-1.036, -5.507e-6
-1.035, -5.359e-6
-1.034, -5.675e-6
-1.033, -5.418e-6
-1.032, -5.665e-6
-1.031, -5.566e-6
-1.030, -5.557e-6
-1.029, -5.852e-6
-1.028, -5.310e-6
-1.027, -5.823e-6
-1.026, -5.635e-6
-1.025, -5.507e-6
-1.024, -6.030e-6
-1.023, -5.714e-6
-1.022, -5.991e-6
-1.021, -5.892e-6
-1.020, -5.783e-6
-1.019, -6.129e-6
-1.018, -5.862e-6
-1.017, -6.109e-6
-1.016, -5.951e-6
-1.015, -5.892e-6
-1.014, -6.306e-6
-1.013, -5.922e-6
-1.012, -6.109e-6
-1.011, -6.139e-6
-1.010, -6.040e-6
-1.009, -6.435e-6
-1.008, -6.070e-6
-1.007, -6.326e-6
-1.006, -6.257e-6
-1.005, -6.079e-6
-1.004, -6.652e-6
-1.003, -6.178e-6
-1.002, -6.405e-6
-1.001, -6.287e-6
