Potential V vs RHE, Current mA cm-2
0.013299999999999867,7.195221671113577
0.012299999999999978,5.929055057734368
0.011299999999999866,4.795871306542475
0.010299999999999976,3.7051288943465317
0.009299999999999864,2.70209858274222
0.008299999999999974,1.7867803717295414
0.007299999999999862,0.870188920546984
0.006299999999999972,-0.04582249900262853
0.00529999999999986,-0.9617207416482519
0.0042999999999999705,-1.8334658446250875
0.0032999999999998586,-2.706342716641815
0.0022999999999999687,-3.5353635383627267
0.0012999999999998568,-4.3205283097878215
0.00029999999999996696,-5.149549131508733
-0.000700000000000145,-5.890857852638012
-0.0017000000000000348,-6.6760226240631075
-0.0027000000000001467,-7.50504344578402
-0.0037000000000000366,-8.158640066321666
-0.0047000000000001485,-8.812236686859313
-0.005700000000000038,-9.379535918105192
-0.00670000000000015,-9.946835149351072
-0.00770000000000004,-10.470278330301136
-0.008700000000000152,-11.037577561547016
-0.009700000000000042,-11.691174182084664
-0.010700000000000154,-12.390041564217992
-0.011700000000000044,-12.955926084164007
-0.012700000000000156,-13.567081365705702
-0.013700000000000045,-14.175407224647667
-0.014700000000000157,-14.783733083589633
-0.015700000000000047,-15.349617603535648
-0.01670000000000016,-15.91550212348166
-0.01770000000000005,-16.396503965435777
-0.01870000000000016,-16.877505807389888
-0.01970000000000005,-17.316066310348052
-0.020700000000000163,-17.75462681330621
-0.021700000000000053,-18.19318731626437
-0.022700000000000164,-18.631747819222536
-0.023700000000000054,-19.056161209182044
-0.024700000000000166,-19.49472171214021
-0.025700000000000056,-19.97572355409432
-0.026700000000000168,-20.414284057052477
-0.027700000000000058,-20.89528589900659
-0.02870000000000017,-21.376287740960702
-0.02970000000000006,-21.857289582914817
-0.03070000000000017,-22.295850085872978
-0.03170000000000006,-22.776851927827092
-0.03270000000000017,-23.1163826397947
-0.03370000000000006,-23.51250180375691
-0.034700000000000175,-23.86617962872317
-0.035700000000000065,-24.24815167968673
-0.03670000000000018,-24.559388165657033
-0.03770000000000007,-24.9130659906233
-0.03870000000000018,-25.295038041586857
-0.03970000000000007,-25.691157205549064
-0.04070000000000018,-26.087276369511276
-0.04170000000000007,-26.525836872469437
-0.04270000000000018,-27.00683871442355
-0.04370000000000007,-27.43125210438306
-0.044700000000000184,-27.869812607341224
-0.045700000000000074,-28.308373110299385
-0.046700000000000186,-28.746933613257543
-0.047700000000000076,-29.058170099227848
-0.04870000000000019,-29.35525947219951
-0.04970000000000008,-29.708937297165768
-0.05070000000000019,-30.00602667013743
-0.05170000000000008,-30.317263156107735
-0.05270000000000019,-30.614352529079397
-0.05370000000000008,-30.968030354045652
-0.05470000000000019,-31.40659085700382
-0.05570000000000008,-31.717827342974125
-0.056700000000000195,-32.14224073293363
-0.057700000000000085,-32.58080123589179
-0.058700000000000196,-32.97692039985401
-0.059700000000000086,-33.41548090281216
-0.0607000000000002,-33.81160006677438
-0.06170000000000009,-34.193572117737936
-0.0627000000000002,-34.5472499427042
-0.06370000000000009,-34.8018979766799
-0.0647000000000002,-35.15557580164616
-0.06570000000000009,-35.46681228761647
-0.0667000000000002,-35.721460321592176
-0.0677000000000001,-36.07513814655844
-0.0687000000000002,-36.37222751953009
-0.0697000000000001,-36.725905344496354
-0.07070000000000021,-37.07958316946261
-0.0717000000000001,-37.47570233342482
-0.07270000000000021,-37.85767438438838
-0.0737000000000001,-38.253793548350586
-0.07470000000000021,-38.607471373316855
-0.0757000000000001,-38.98944342428042
-0.07670000000000021,-39.38556258824262
-0.0777000000000001,-39.654357735216976
-0.07870000000000021,-39.95144710818864
-0.0797000000000001,-40.26268359415894
-0.08070000000000022,-40.51733162813464
-0.0817000000000001,-40.78612677510901
-0.08270000000000022,-41.083216148080666
-0.08370000000000011,-41.352011295055014
-0.08470000000000022,-41.606659329030734
-0.08570000000000011,-41.91789581500104
-0.08670000000000022,-42.2715736399673
-0.08770000000000011,-42.568663012938956
-0.08870000000000022,-42.92234083790521
-0.08970000000000011,-43.27601866287147
-0.09070000000000022,-43.657990713835034
-0.09170000000000011,-44.011668538801295
-0.09270000000000023,-44.3229050247716
-0.09370000000000012,-44.619994397743255
-0.09470000000000023,-44.88878954471762
-0.09570000000000012,-45.18587891768927
-0.09670000000000023,-45.412232725667685
-0.09770000000000012,-45.70932209863933
-0.09870000000000023,-46.02055858460964
-0.09970000000000012,-46.37423640957591
-0.10070000000000023,-46.67132578254756
-0.10170000000000012,-47.10988628550572
-0.10270000000000024,-47.506005449467935
-0.10370000000000013,-47.84553616143554
-0.10470000000000024,-48.24165532539775
-0.10570000000000013,-48.59533315036401
-0.10670000000000024,-48.93486386233162
-0.10770000000000013,-49.20365900930597
-0.10870000000000024,-49.50074838227763
-0.10970000000000013,-49.81198486824794
-0.11070000000000024,-50.024191563227696
-0.11170000000000013,-50.29298671020206
-0.11270000000000002,-50.60422319617236
-0.11370000000000013,-50.90131256914402
-0.11470000000000002,-51.25499039411028
-0.11570000000000014,-51.594521106077885
-0.11670000000000003,-51.948198931044146
-0.11770000000000014,-52.34431809500636
-0.11870000000000003,-52.74043725896857
-0.11970000000000014,-53.079967970936174
-0.12070000000000003,-53.433645795902436
-0.12170000000000014,-53.7873236208687
-0.12270000000000003,-54.08441299384035
-0.12370000000000014,-54.35320814081471
-0.12470000000000003,-54.65029751378637
-0.12570000000000014,-54.919092660760725
-0.12670000000000003,-55.17374069473642
-0.12770000000000015,-55.442535841710786
-0.12870000000000004,-55.7820665536784
-0.12970000000000015,-56.13574437864466
-0.13070000000000004,-56.44698086461496
-0.13170000000000015,-56.82895291557852
-0.13270000000000004,-57.182630740544774
-0.13370000000000015,-57.57874990450699
-0.13470000000000004,-57.93242772947325
-0.13570000000000015,-58.27195844144086
-0.13670000000000004,-58.62563626640712
-0.13770000000000016,-58.880284300382826
-0.13870000000000005,-59.19152078635314
-0.13970000000000016,-59.502757272323436
-0.14070000000000005,-59.7998466452951
-0.14170000000000016,-60.06864179226946
-0.14270000000000005,-60.36573116524111
-0.14370000000000016,-60.63452631221547
-0.14470000000000005,-61.01649836317903
-0.14570000000000016,-61.37017618814529
-0.14670000000000005,-61.72385401311155
-0.14770000000000016,-62.06338472507916
-0.14870000000000005,-62.459503889041365
-0.14970000000000017,-62.855623053003576
-0.15070000000000006,-63.251742216965795
-0.15170000000000017,-63.59127292893339
-0.15270000000000006,-63.944950753899654
-0.15370000000000017,-64.25618723986996
-0.15470000000000006,-64.55327661284163
-0.15570000000000017,-64.86451309881193
-0.15670000000000006,-65.16160247178358
-0.15770000000000017,-65.43039761875795
-0.15870000000000006,-65.7274869917296
-0.15970000000000018,-66.03872347769992
-0.16070000000000007,-66.34995996367022
-0.16170000000000018,-66.68949067563783
-0.16270000000000007,-67.08560983960004
-0.16370000000000018,-67.48172900356225
-0.16470000000000007,-67.9202895065204
-0.16570000000000018,-68.34470289647993
-0.16670000000000007,-68.78326339943808
-0.16770000000000018,-69.13694122440434
-0.16870000000000007,-69.53306038836655
-0.16970000000000018,-69.8301497613382
-0.17070000000000007,-70.14138624730852
-0.17170000000000019,-70.35359294228827
-0.17270000000000008,-70.62238808926263
-0.1737000000000002,-70.87703612323833
-0.17470000000000008,-71.1458312702127
-0.1757000000000002,-71.4004793041884
-0.17670000000000008,-71.75415712915466
-0.1777000000000002,-72.10783495412092
-0.17870000000000008,-72.44736566608852
-0.1797000000000002,-72.80104349105478
-0.18070000000000008,-73.15472131602105
-0.1817000000000002,-73.49425202798865
-0.18270000000000008,-73.76304717496302
-0.1837000000000002,-74.0176952089387
-0.1847000000000001,-74.28649035591307
-0.1857000000000002,-74.54113838988879
-0.1867000000000001,-74.76749219786718
-0.1877000000000002,-75.1070229098348
-0.1887000000000001,-75.4182593958051
-0.1897000000000002,-75.81437855976732
-0.1907000000000001,-76.15390927173492
-0.1917000000000001,-76.5924697746931
-0.19269999999999998,-76.98858893865528
-0.1937000000000001,-77.38470810261751
-0.19469999999999998,-77.76668015358106
-0.1957000000000001,-78.16279931754329
-0.19669999999999999,-78.51647714250953
-0.1977000000000001,-78.85600785447714
-0.1987,-79.1248030014515
-0.1997000000000001,-79.42189237442317
-0.2007,-79.73312886039348
-0.2017000000000001,-80.00192400736783
-0.2027,-80.34145471933543
-0.2037000000000001,-80.65269120530574
-0.2047,-80.99222191727335
-0.2057000000000001,-81.38834108123557
-0.2067,-81.74201890620182
-0.2077000000000001,-82.13813807016405
-0.2087,-82.52011012112759
-0.2097000000000001,-82.9162292850898
-0.2107,-83.26990711005605
-0.2117000000000001,-83.60943782202366
-0.2127,-83.87823296899803
-0.2137000000000001,-84.18946945496833
-0.2147,-84.40167614994809
-0.2157000000000001,-84.75535397491434
-0.2167,-85.01000200889004
-0.21770000000000012,-85.32123849486035
-0.2187,-85.66076920682796
-0.21970000000000012,-86.01444703179425
-0.2207,-86.36812485676049
-0.22170000000000012,-86.80668535971866
-0.2227,-88.8438696315243
-0.22370000000000012,-90.93764235532454
-0.2247,-92.12599984721119
-0.22570000000000012,-93.03141507912481
-0.2267,-93.78121206805329
-0.22770000000000012,-94.38953792699526
-0.22870000000000001,-94.8280984299534
-0.22970000000000013,-95.22421759391563
-0.23070000000000002,-95.79010211386164
-0.23170000000000013,-96.12963282582925
-0.23270000000000002,-96.61063466778336
-0.23370000000000013,-97.09163650973747
-0.23470000000000002,-97.57263835169158
-0.23570000000000013,-98.01119885464975
-0.23670000000000002,-98.49220069660386
-0.2376999999999999,-99.01564387755391
-0.23870000000000002,-99.53908705850398
-0.2396999999999999,-100.06253023945405
-0.24070000000000003,-100.75573877638791
-0.24169999999999991,-101.44894731332178
-0.24270000000000003,-102.02897894626645
-0.24369999999999992,-102.28362698024215
-0.24470000000000003,-102.63730480520842
-0.24569999999999992,-102.80707016119221
-0.24670000000000003,-102.89195283918411
-0.24769999999999992,-103.01927685617197
-0.24870000000000003,-103.28807200314633
-0.24969999999999992,-103.7266325061045
-0.25070000000000003,-104.2076343480586
-0.2516999999999999,-104.68863619001272
-0.25270000000000004,-104.90084288499246
-0.2536999999999999,-105.25452070995874
-0.25470000000000004,-105.5516100829304
-0.2556999999999999,-105.99017058588855
-0.25670000000000004,-106.2589657328629
-0.25769999999999993,-106.59849644483052
-0.25870000000000004,-106.86729159180487
-0.25969999999999993,-107.16438096477653
-0.26070000000000004,-107.47561745074682
-0.26169999999999993,-107.6029414677347
-0.26270000000000004,-107.87173661470905
-0.26369999999999993,-108.0839433096888
-0.26470000000000005,-108.39517979565912
-0.26569999999999994,-108.69226916863077
-0.26670000000000005,-108.96106431560513
-0.26769999999999994,-109.25815368857677
-0.26870000000000005,-109.69671419153494
-0.26969999999999994,-110.17771603348905
-0.27070000000000005,-110.65871787544317
-0.27169999999999994,-111.05483703940537
-0.27270000000000005,-111.35192641237703
-0.27369999999999994,-111.7904869153352
-0.27470000000000006,-112.18660607929739
-0.27569999999999995,-112.58272524325962
-0.27670000000000006,-112.83737327723534
-0.27769999999999995,-113.14860976320564
-0.27870000000000006,-113.40325779718134
-0.27969999999999995,-113.71449428315165
-0.28070000000000006,-114.11061344711386
-0.28169999999999995,-114.53502683707337
-0.28270000000000006,-115.01602867902749
-0.28369999999999995,-115.53947185997755
-0.28470000000000006,-115.97803236293572
-0.28569999999999995,-116.45903420488982
-0.28670000000000007,-116.89759470784797
-0.28769999999999996,-117.33615521080614
-0.28870000000000007,-117.63324458377778
-0.28969999999999996,-117.90203973075215
-0.29070000000000007,-118.15668776472786
-0.29169999999999996,-118.38304157270628
-0.29270000000000007,-118.68013094567793
-0.29369999999999996,-119.07625010964013
-0.2947000000000001,-119.51481061259831
-0.29569999999999996,-119.95337111555646
-0.2967000000000001,-120.43437295751058
-0.29769999999999996,-121.00025747745659
-0.2987000000000001,-121.52370065840667
-0.29969999999999997,-122.0471438393567
-0.3007000000000001,-122.48570434231489
-0.30169999999999997,-122.86767639327843
-0.3027000000000001,-123.2213542182447
-0.30369999999999997,-123.57503204321095
-0.3047000000000001,-123.82968007718667
-0.30569999999999997,-124.09847522416102
-0.3067000000000001,-124.22579924114888
-0.3077,-124.52288861412055
-0.3087000000000001,-125.04633179507057
-0.3097,-125.44245095903281
-0.3107000000000001,-125.83857012299501
-0.3117,-126.23468928695722
-0.3127000000000001,-126.71569112891132
-0.3137,-127.23913430986138
-0.3147000000000001,-127.62110636082497
-0.3157,-128.01722552478716
-0.3167000000000001,-128.32846201075745
-0.3177,-128.62555138372915
-0.3187000000000001,-128.89434653070347
-0.3197,-129.1489945646792
-0.3207000000000001,-129.50267238964545
-0.3217,-129.79976176261712
-0.3227000000000001,-130.19588092657932
-0.3237,-130.63444142953747
-0.3247000000000001,-131.07300193249566
-0.3257,-131.5115624354538
-0.3267000000000001,-131.99256427740792
-0.3277,-132.41697766736743
-0.3287000000000001,-132.8555381703256
-0.3297,-133.29409867328377
-0.3307000000000001,-133.69021783724597
-0.3317,-134.04389566221224
-0.3327000000000001,-134.34098503518388
-0.3337,-134.6522215211542
-0.3347000000000001,-134.94931089412586
-0.3357,-135.26054738009617
-0.3367000000000001,-135.51519541407185
-0.3377,-135.86887323903812
-0.3387000000000001,-136.2225510640044
-0.3397,-136.47719909798008
-0.3407000000000001,-136.7884355839504
-0.3417,-137.04308361792607
-0.3427000000000001,-137.52408545988024
-0.3437,-137.9626459628384
-0.3447000000000001,-138.3587651268006
-0.3457,-138.6982958387682
-0.3467000000000001,-138.96709098574257
-0.3477,-139.22173901971826
-0.3487000000000001,-139.4056514887007
-0.3497,-139.61785818368048
-0.3507000000000001,-139.74518220066832
-0.3517,-139.27832747171286
-0.3527000000000001,-139.57541684468453
-0.3537,-139.97153600864672
-0.3547000000000001,-140.325213833613
-0.3557,-140.66474454558062
-0.35670000000000013,-141.14574638753473
-0.3577,-141.47112998650366
-0.35870000000000013,-141.89554337646317
-0.3597,-142.17848563643616
-0.36070000000000013,-142.6028990263957
-0.3617,-142.7443701563822
-0.3626999999999999,-143.0273124163552
-0.3637,-143.16878354634173
-0.3646999999999999,-143.4517258063147
-0.3657,-143.73466806628772
-0.3666999999999999,-143.87613919627424
-0.3677,-144.30055258623375
-0.3686999999999999,-144.58349484620675
-0.36970000000000003,-145.00790823616626
-0.3706999999999999,-145.29085049613926
-0.37170000000000003,-145.85673501608528
-0.3726999999999999,-146.28114840604482
-0.37370000000000003,-146.8470329259908
-0.3746999999999999,-147.4129174459368
-0.37570000000000003,-147.83733083589632
-0.3766999999999999,-148.40321535584232
-0.37770000000000004,-148.96909987578834
-0.3786999999999999,-149.39351326574788
-0.37970000000000004,-149.6764555257209
-0.3806999999999999,-150.24234004566688
-0.38170000000000004,-150.66675343562642
-0.38269999999999993,-150.94969569559944
-0.38370000000000004,-151.37410908555893
-0.38469999999999993,-151.7985224755184
-0.38570000000000004,-152.0814647354914
-0.38669999999999993,-152.50587812545095
-0.38770000000000004,-152.78882038542397
-0.38869999999999993,-153.21323377538346
-0.38970000000000005,-153.63764716534297
-0.39069999999999994,-154.203531685289
-0.39170000000000005,-154.76941620523502
-0.39269999999999994,-155.19382959519453
-0.39370000000000005,-155.47677185516753
-0.39469999999999994,-156.04265637511355
-0.39570000000000005,-156.46706976507306
-0.39669999999999994,-156.75001202504606
-0.39770000000000005,-157.03295428501906
-0.39869999999999994,-157.17442541500557
-0.39970000000000006,-157.45736767497857
-0.40069999999999995,-157.7403099349516
-0.40170000000000006,-157.59883880496508
-0.40269999999999995,-158.02325219492457
-0.40370000000000006,-158.3061944548976
-0.40469999999999995,-158.73060784485713
-0.40570000000000006,-159.15502123481662
-0.40669999999999995,-159.57943462477613
-0.40770000000000006,-159.86237688474912
-0.40869999999999995,-160.14531914472215
-0.40970000000000006,-160.42826140469515
-0.41069999999999995,-160.8526747946547
-0.41170000000000007,-161.1356170546277
-0.41269999999999996,-161.41855931460069
-0.41370000000000007,-161.84297270456022
-0.41469999999999996,-162.12591496453322
-0.41570000000000007,-162.5503283544927
-0.41669999999999996,-162.8332706144657
-0.41770000000000007,-163.11621287443873
-0.41869999999999996,-163.39915513441173
-0.4197000000000001,-163.68209739438475
-0.42069999999999996,-163.96503965435775
-0.4217000000000001,-164.10651078434424
-0.42269999999999996,-164.38945304431726
-0.4237000000000001,-164.81386643427678
-0.42469999999999997,-165.09680869424977
-0.4257000000000001,-165.5212220842093
-0.42669999999999997,-165.8041643441823
-0.4277000000000001,-166.3700488641283
-0.42869999999999997,-166.79446225408785
-0.4297000000000001,-167.36034677403384
-0.43069999999999997,-167.92623129397984
-0.4317000000000001,-168.63358694391238
-0.4327,-169.0580003338719
-0.4337000000000001,-169.6238848538179
-0.4347,-169.0580003338719
-0.4357000000000001,-168.91652920388537
-0.4367,-169.3409425938449
-0.4377000000000001,-169.9068271137909
-0.4387,-170.18976937376394
-0.4397000000000001,-170.47271163373694
-0.4407,-170.61418276372342
-0.4417000000000001,-170.89712502369645
-0.4427,-171.18006728366944
-0.4437000000000001,-171.32153841365593
-0.4447,-171.74595180361547
-0.4457000000000001,-172.17036519357498
-0.4467,-172.59477858353446
-0.4477000000000001,-173.16066310348046
-0.4487,-173.72654762342648
-0.4497000000000001,-174.2924321433725
-0.4507,-174.57537440334553
-0.4517000000000001,-174.85831666331853
-0.4527,-175.14125892329156
-0.4537000000000001,-175.28273005327804
-0.4547,-175.42420118326456
-0.4557000000000001,-175.56567231325104
-0.4567,-175.70714344323756
-0.4577000000000001,-175.84861457322407
-0.4587,-176.13155683319707
-0.4597000000000001,-176.4144990931701
-0.4607,-176.6974413531431
-0.4617000000000001,-176.98038361311612
-0.4627,-177.4047970030756
-0.4637000000000001,-177.82921039303508
-0.4647,-178.25362378299462
-0.4657000000000001,-178.53656604296762
-0.4667,-178.81950830294062
-0.4677000000000001,-179.24392169290016
-0.4687,-179.52686395287316
-0.4697000000000001,-179.80980621284618
-0.4707,-180.23421960280567
-0.4717000000000001,-180.5171618627787
-0.4727,-180.94157525273818
-0.4737000000000001,-181.08304638272472
-0.4747,-181.36598864269772
-0.4757000000000001,-181.64893090267074
-0.4767,-181.93187316264374
-0.4777000000000001,-182.21481542261674
-0.4787,-182.63922881257625
-0.4797000000000001,-183.06364220253573
-0.4807,-183.34658446250873
-0.48170000000000013,-183.91246898245475
-0.4827,-184.33688237241427
-0.48370000000000013,-184.47835350240078
-0.4847,-184.6198246323873
-0.48570000000000013,-184.9027668923603
-0.4867,-184.19541124242778
-0.48570000000000013,-181.93187316264374
-0.4847,-179.95127734283267
-0.48370000000000013,-178.25362378299462
-0.4827,-176.27302796318358
-0.48170000000000013,-174.2924321433725
-0.4807,-172.45330745354798
-0.4797000000000001,-170.75565389370993
-0.4787,-168.91652920388537
-0.4777000000000001,-167.07740451406085
-0.4767,-165.3797509542228
-0.4757000000000001,-163.68209739438475
-0.4747,-161.9844438345467
-0.4737000000000001,-160.42826140469515
-0.4727,-158.73060784485713
-0.4717000000000001,-157.03295428501906
-0.4707,-155.33530072518104
-0.4697000000000001,-153.920589425316
-0.4687,-152.50587812545095
-0.4677000000000001,-150.94969569559944
-0.4667,-149.6764555257209
-0.4657000000000001,-148.40321535584232
-0.4647,-147.1299751859638
-0.4637000000000001,-145.7152638860988
-0.4627,-144.44202371622026
-0.4617000000000001,-143.16878354634173
-0.4607,-141.75407224647665
-0.4597000000000001,-140.2686253816184
-0.4587,-138.79732562975875
-0.4577000000000001,-137.39676144289237
-0.4567,-135.95375591703004
-0.4557000000000001,-134.6522215211542
-0.4547,-133.37898135127566
-0.4537000000000001,-132.07744695539984
-0.4527,-130.84664812451723
-0.4517000000000001,-129.6299964066333
-0.4507,-128.41334468874936
-0.4497000000000001,-127.28157564885734
-0.4487,-126.14980660896532
-0.4477000000000001,-125.00389045607463
-0.4467,-123.87212141618261
-0.4457000000000001,-122.61302835930273
-0.4447,-121.29734685042824
-0.4437000000000001,-119.95337111555646
-0.4427,-118.55280692869007
-0.4417000000000001,-117.15224274182368
-0.4407,-115.93559102393975
-0.4397000000000001,-114.57746817606933
-0.4387,-113.36081645818538
-0.4377000000000001,-112.18660607929739
-0.4367,-111.13971971739728
-0.4357000000000001,-110.17771603348905
-0.4347,-109.21571234958083
-0.4337000000000001,-108.1688259876807
-0.4327,-107.12193962578058
-0.4317000000000001,-105.94772924689259
-0.43069999999999997,-104.73107752900866
-0.4297000000000001,-103.37295468113824
-0.42869999999999997,-102.1563029632543
-0.4277000000000001,-100.88306279337576
-0.42669999999999997,-99.62396973649588
-0.4257000000000001,-98.57708337459576
-0.42469999999999997,-97.53019701269562
-0.4237000000000001,-96.52575198979144
-0.42269999999999996,-95.52130696688728
-0.4217000000000001,-94.5168619439831
-0.42069999999999996,-93.55485826007487
-0.4197000000000001,-92.56456035016936
-0.41869999999999996,-91.56011532726518
-0.41770000000000007,-90.51322896536506
-0.41669999999999996,-89.46634260346492
-0.41570000000000007,-88.4194562415648
-0.41469999999999996,-87.27354008867411
-0.41370000000000007,-86.18421238777805
-0.41269999999999996,-85.23635581686847
-0.41170000000000007,-84.09043966397778
-0.41069999999999995,-82.95867062408576
-0.40970000000000006,-81.86934292318966
-0.40869999999999995,-80.90733923928146
-0.40770000000000006,-79.90289421637728
-0.40669999999999995,-78.99747898446365
-0.40570000000000006,-78.12035797854733
-0.40469999999999995,-77.243236972631
-0.40370000000000006,-76.33782174071737
-0.40269999999999995,-75.50314207379701
-0.40170000000000006,-74.49869705089283
-0.40069999999999995,-73.57913470598055
-0.39970000000000006,-72.57468968307639
-0.39869999999999994,-71.6268331121668
-0.39770000000000005,-70.70727076725453
-0.39669999999999994,-69.6603844053544
-0.39570000000000005,-68.69838072144618
-0.39469999999999994,-67.73637703753796
-0.39370000000000005,-66.91584448361623
-0.39269999999999994,-66.03872347769992
-0.39170000000000005,-65.20404381077954
-0.39069999999999994,-64.34106991786187
-0.38970000000000005,-63.5063902509415
-0.38869999999999993,-62.459503889041365
-0.38770000000000004,-61.49750020513315
-0.38669999999999993,-60.63452631221547
-0.38570000000000004,-59.7149639673032
-0.38469999999999993,-58.880284300382826
-0.38370000000000004,-58.05975174646111
-0.38269999999999993,-57.14018940154883
-0.38170000000000004,-56.30550973462846
-0.3806999999999999,-55.484977180706736
-0.37970000000000004,-54.56541483579447
-0.3786999999999999,-53.82976495986464
-0.37770000000000004,-53.079967970936174
-0.3766999999999999,-52.30187675601041
-0.37570000000000003,-51.594521106077885
-0.3746999999999999,-50.81642989115212
-0.37370000000000003,-49.98175022423175
-0.3726999999999999,-49.24610034830193
-0.37170000000000003,-48.36897934238561
-0.3706999999999999,-47.590888127459834
-0.36970000000000003,-46.79864979953541
-0.3686999999999999,-45.97811724561369
-0.3677,-45.143437578693316
-0.3666999999999999,-44.36534636376755
-0.3657,-43.61554937483908
-0.3646999999999999,-42.79501682091736
-0.3637,-42.04521983198889
-0.3626999999999999,-41.30956995605907
-0.3617,-40.559772967130606
-0.36070000000000013,-39.90900576919269
-0.3597,-39.258238571254765
-0.35870000000000013,-38.522588695324956
-0.3577,-37.77279170639648
-0.35670000000000013,-37.07958316946261
-0.3557,-36.28734484153819
-0.3547000000000001,-35.55169496560837
-0.3537,-34.8018979766799
-0.3527000000000001,-34.15113077874198
-0.3517,-33.41548090281216
-0.3507000000000001,-32.70812525287965
-0.3497,-31.972475376949827
-0.3487000000000001,-31.321708179011907
-0.3477,-30.71338232006995
-0.3467000000000001,-29.96358533114148
-0.3457,-29.31281813320356
-0.3447000000000001,-28.704492274261593
-0.3437,-28.011283737327723
-0.3427000000000001,-27.38881076538711
-0.3417,-26.822926245441096
-0.3407000000000001,-26.129717708507226
-0.3397,-25.478950510569312
-0.3387000000000001,-24.771594860636792
-0.3377,-24.078386323702922
-0.3367000000000001,-23.427619125765005
-0.3357,-22.67782213683654
-0.3347000000000001,-22.027054938898623
-0.3337,-21.461170418952605
-0.3327000000000001,-20.85284456001064
-0.3317,-20.244518701068674
-0.3307000000000001,-19.678634181122664
-0.3297,-19.01371987018609
-0.3287000000000001,-18.49027668923603
-0.3277,-17.881950830294063
-0.3267000000000001,-17.316066310348052
-0.3257,-16.750181790402035
-0.3247000000000001,-16.099414592464115
-0.3237,-15.448647394526201
-0.3227000000000001,-14.925204213576137
-0.3217,-14.444202371622024
-0.3207000000000001,-14.002812446064135
-0.3197,-13.436927926118118
-0.3187000000000001,-12.825772644576423
-0.3177,-12.302329463626359
-0.3167000000000001,-11.778886282676295
-0.3157,-11.255443101726232
-0.3147000000000001,-10.731999920776168
-0.3137,-10.164700689530287
-0.3127000000000001,-9.685113558876042
-0.3117,-9.161670377925978
-0.3107000000000001,-8.594371146680096
-0.3097,-8.027071915434218
-0.3087000000000001,-7.461187395488204
-0.3077,-6.893888164242324
-0.3067000000000001,-6.326588932996443
-0.30569999999999997,-5.629136262162981
-0.3047000000000001,-4.974124930325469
-0.30369999999999997,-4.538393849967037
-0.3027000000000001,-4.0588067193127895
-0.30169999999999997,-3.623075638954359
-0.3007000000000001,-3.2297858975918787
-0.29969999999999997,-2.794054817233447
-0.2987000000000001,-2.3569090255751513
-0.29769999999999996,-1.92117794521672
-0.2967000000000001,-1.3980177065266295
-0.29569999999999996,-0.9181476336124089
-0.2947000000000001,-0.3511313446265021
-0.29369999999999996,0.21588494435940458
-0.29270000000000007,0.7393281253094681
-0.29169999999999996,1.2626298351295453
-0.29070000000000007,1.7867803717295414
-0.28969999999999996,2.352664891675556
-0.28870000000000007,2.8322520223298033
-0.28769999999999996,3.313253864283916
-0.28670000000000007,3.7928409949381634
-0.28569999999999995,4.184716025000778
-0.28470000000000006,4.578005766363259
-0.28369999999999995,5.01373684672169
-0.28270000000000006,5.449467927080121
-0.28169999999999995,5.886613718738418
-0.28070000000000006,6.410056899688482
-0.27969999999999995,6.889644030342729
-0.27870000000000006,7.456943261588608
-0.27769999999999995,7.980386442538672
-0.27670000000000006,8.503829623488736
-0.27569999999999995,9.025858093138934
-0.27470000000000006,9.593157324384812
-0.27369999999999994,10.07274445503906
-0.27270000000000005,10.509890246697358
-0.27169999999999994,10.901765276759972
-0.27070000000000005,11.251198967826637
-0.26969999999999994,11.556776608597485
-0.26870000000000005,11.904795588364284
-0.26769999999999994,12.210373229135131
-0.26670000000000005,12.646104309493563
-0.26569999999999994,13.039394050856043
-0.26470000000000005,13.518981181510291
-0.26369999999999993,13.954712261868721
-0.26270000000000004,14.430055258623375
-0.26169999999999993,14.868615761581536
-0.26070000000000004,15.349617603535648
-0.25969999999999993,15.830619445489761
-0.25870000000000004,16.269179948447924
-0.25769999999999993,16.665299112410132
-0.25670000000000004,17.047271163373694
-0.2556999999999999,17.4433903273359
-0.25470000000000004,17.839509491298113
-0.2536999999999999,18.23562865526032
-0.25270000000000004,18.57515936722793
-0.2516999999999999,18.97127853119014
-0.25070000000000003,19.409839034148305
-0.24969999999999992,19.848399537106463
-0.24870000000000003,20.272812927065978
-0.24769999999999992,20.711373430024135
-0.24670000000000003,21.149933932982297
-0.24569999999999992,21.54605309694451
-0.24470000000000003,21.98461359990267
-0.24369999999999992,22.324144311870278
-0.24270000000000003,22.72026347583249
-0.24169999999999991,23.073941300798747
-0.24070000000000003,23.41347201276636
-0.2396999999999999,23.767149837732617
-0.23870000000000002,24.120827662698876
-0.2376999999999999,24.460358374666487
-0.23670000000000002,24.898918877624645
-0.23570000000000013,25.252596702590903
-0.23470000000000002,25.691157205549064
-0.23370000000000013,26.17215904750318
-0.23270000000000002,26.55413109846674
-0.23170000000000013,26.992691601424898
-0.23070000000000002,27.43125210438306
-0.22970000000000013,27.78492992934932
-0.22870000000000001,28.12446064131693
-0.22770000000000012,28.478138466283188
-0.2267,28.789374952253496
-0.22570000000000012,29.086464325225155
-0.2247,29.39770081119546
-0.22370000000000012,29.694790184167122
-0.2227,30.04846800913338
-0.22170000000000012,30.402145834099635
-0.2207,30.79826499806185
-0.21970000000000012,31.22267838802136
-0.2187,31.618797551983565
-0.21770000000000012,32.01491671594578
-0.2167,32.45347721890394
-0.2157000000000001,32.8354492698675
-0.2147,33.274009772825664
-0.2137000000000001,33.58524625879597
-0.2127,33.88233563176763
-0.2117000000000001,34.193572117737936
-0.2107,34.50480860370825
-0.2097000000000001,34.75945663768395
-0.2087,35.11313446265021
-0.2077000000000001,35.367782496625914
-0.2067,35.763901660588125
-0.2057000000000001,36.11757948555439
-0.2047,36.49955153651795
-0.2037000000000001,36.89567070048016
-0.2027,37.334231203438314
-0.2017000000000001,37.73035036740053
-0.2007,38.11232241836409
-0.1997000000000001,38.46600024333035
-0.1987,38.81967806829661
-0.1977000000000001,39.116767441268266
-0.19669999999999999,39.38556258824262
-0.1957000000000001,39.739240413208876
-0.19469999999999998,39.99388844718459
-0.1937000000000001,40.30512493315489
-0.19269999999999998,40.644655645122505
-0.1917000000000001,40.95589213109281
-0.1907000000000001,41.25298150406447
-0.1897000000000002,41.649100668026676
-0.1887000000000001,42.00277849299294
-0.1877000000000002,42.3564563179592
-0.1867000000000001,42.695987029926805
-0.1857000000000002,43.007223515897124
-0.1847000000000001,43.40334267985933
-0.1837000000000002,43.657990713835034
-0.18270000000000008,43.96922719980534
-0.1817000000000002,44.266316572776994
-0.18070000000000008,44.577553058747306
-0.1797000000000002,44.87464243171897
-0.17870000000000008,45.22832025668522
-0.1777000000000002,45.581998081651484
-0.17670000000000008,45.92152879361909
-0.1757000000000002,46.3176479575813
-0.17470000000000008,46.713767121543505
-0.1737000000000002,47.067444946509774
-0.17270000000000008,47.449416997473335
-0.17170000000000019,47.80309482243959
-0.17070000000000007,48.156772647405845
-0.16970000000000018,48.49630335937346
-0.16870000000000007,48.80753984534376
-0.16770000000000018,49.104629218315424
-0.16670000000000007,49.41586570428573
-0.16570000000000018,49.68466085126009
-0.16470000000000007,49.939308885235796
-0.16370000000000018,50.20810403221015
-0.16270000000000007,50.46275206618586
-0.16170000000000018,50.73154721316022
-0.16070000000000007,50.98619524713592
-0.15970000000000018,51.38231441109813
-0.15870000000000006,51.7642864620617
-0.15770000000000017,52.16040562602391
-0.15670000000000006,52.514083450990164
-0.15570000000000017,52.86776127595642
-0.15470000000000006,53.20729198792403
-0.15370000000000017,53.518528473894335
-0.15270000000000006,53.77317650787004
-0.15170000000000017,54.0419716548444
-0.15070000000000006,54.2966196888201
-0.14970000000000017,54.52297349679851
-0.14870000000000005,54.77762153077422
-0.14770000000000016,55.046416677748574
-0.14670000000000005,55.34350605072023
-0.14570000000000016,55.6971838756865
-0.14470000000000005,56.05086170065276
-0.14370000000000016,56.475275090612264
-0.14270000000000005,56.871394254574476
-0.14170000000000016,57.26751341853669
-0.14070000000000005,57.66363258249889
-0.13970000000000016,58.00316329446651
-0.13870000000000005,58.27195844144086
-0.13770000000000016,58.52660647541657
-0.13670000000000004,58.71051894439902
-0.13570000000000015,58.92272563937878
-0.13470000000000004,59.09249099536258
-0.13370000000000015,59.27640346434504
-0.13270000000000004,59.53105149832074
-0.13170000000000015,59.842287984291055
-0.13070000000000004,60.13937735726271
-0.12970000000000015,60.49305518222897
-0.12870000000000004,60.889174346191176
-0.12770000000000015,61.242852171157445
-0.12670000000000003,61.62482422212099
-0.12570000000000014,61.936060708091304
-0.12470000000000003,62.28973853305756
-0.12370000000000014,62.544386567033264
-0.12270000000000003,62.75659326201302
-0.12170000000000014,63.02538840898739
-0.12070000000000003,63.280036442963095
-0.11970000000000014,63.46394891194555
-0.11870000000000003,63.803479623913155
-0.11770000000000014,64.02983343189156
-0.11670000000000003,64.38351125685783
-0.11570000000000014,64.63815929083353
-0.11470000000000002,64.99183711579978
-0.11370000000000013,65.28892648877145
-0.11270000000000002,65.64260431373769
-0.11170000000000013,65.95384079970802
-0.11070000000000024,66.29337151167562
-0.10970000000000013,66.56216665864997
-0.10870000000000024,66.81681469262568
-0.10770000000000013,67.08560983960004
-0.10670000000000024,67.2978165345798
-0.10570000000000013,67.51002322955955
-0.10470000000000024,67.73637703753796
-0.10370000000000013,67.99102507151366
-0.10270000000000024,68.30226155748396
-0.10170000000000012,68.61349804345427
-0.10070000000000023,68.9530287554219
-0.09970000000000012,69.30670658038814
-0.09870000000000023,69.6603844053544
-0.09770000000000012,69.99991511732202
-0.09670000000000023,70.39603428128423
-0.09570000000000012,70.74971210625048
-0.09470000000000023,71.04680147922215
-0.09370000000000012,71.31559662619651
-0.09270000000000023,71.52780332117625
-0.09170000000000011,71.75415712915466
-0.09070000000000022,71.92392248513846
-0.08970000000000011,72.05124650212633
-0.08870000000000022,72.22101185811013
-0.08770000000000011,72.36248298809663
-0.08670000000000022,72.57468968307639
-0.08570000000000011,72.84348483005074
-0.08470000000000022,73.09813286402644
-0.08370000000000011,73.3669280110008
-0.08270000000000022,73.7064587229684
-0.0817000000000001,74.10257788693062
-0.08070000000000022,74.49869705089283
-0.0797000000000001,74.89481621485504
-0.07870000000000021,75.23434692682265
-0.0777000000000001,75.5880247517889
-0.07670000000000021,75.84267278576462
-0.0757000000000001,76.06902659374302
-0.07470000000000021,76.23879194972683
-0.0737000000000001,76.40855730571064
-0.07270000000000021,76.5924697746931
-0.0717000000000001,76.84711780866878
-0.07070000000000021,77.0734716166472
-0.0697000000000001,77.32811965062291
-0.0687000000000002,77.68179747558916
-0.0677000000000001,77.97888684856083
-0.0667000000000002,78.24768199553519
-0.06570000000000009,78.50233002951089
-0.0647000000000002,78.72868383748929
-0.06370000000000009,78.983331871465
-0.0627000000000002,79.25212701843935
-0.06170000000000009,79.4643337134191
-0.0607000000000002,79.73312886039348
-0.059700000000000086,79.90289421637728
-0.058700000000000196,80.17168936335163
-0.057700000000000085,80.38389605833139
-0.056700000000000195,80.65269120530574
-0.05570000000000008,80.90733923928146
-0.05470000000000019,81.1761343862558
-0.05370000000000008,81.47322375922747
-0.05270000000000019,81.74201890620182
-0.05170000000000008,81.99666694017753
-0.05070000000000019,82.22302074815593
-0.04970000000000008,82.47766878213164
-0.04870000000000019,82.64743413811544
-0.047700000000000076,82.78890526810196
-0.046700000000000186,82.9162292850898
-0.045700000000000074,83.04355330207765
-0.044700000000000184,83.21331865806147
-0.04370000000000007,83.39723112704392
-0.04270000000000018,83.60943782202366
-0.04170000000000007,83.96311564698992
-0.04070000000000018,84.35923481095215
-0.03970000000000007,84.78364820091166
-0.03870000000000018,85.26465004286577
-0.03770000000000007,85.70321054582392
-0.03670000000000018,86.14177104878208
-0.035700000000000065,86.5378902127443
-0.034700000000000175,86.8774209247119
-0.03370000000000006,87.14621607168625
-0.03270000000000017,87.35842276666601
-0.03170000000000006,87.49989389665252
-0.03070000000000017,87.62721791364037
-0.02970000000000006,87.58477657464444
-0.02870000000000017,87.62721791364037
-0.027700000000000058,87.66965925263632
-0.026700000000000168,87.75454193062824
-0.025700000000000056,87.92430728661203
-0.024700000000000166,88.19310243358639
-0.023700000000000054,88.54678025855264
-0.022700000000000164,88.9287523095162
-0.021700000000000053,89.36731281247435
-0.020700000000000163,89.80587331543254
-0.01970000000000005,90.28687515738663
-0.01870000000000016,90.6405529823529
-0.01770000000000005,90.98008369432051
-0.01670000000000016,91.24887884129487
-0.015700000000000047,91.46108553627462
-0.014700000000000157,91.63085089225844
-0.013700000000000045,91.81476336124088
-0.012700000000000156,91.89964603923279
-0.011700000000000044,92.06941139521659
-0.010700000000000154,92.2108825252031
-0.009700000000000042,92.3806478811869
-0.008700000000000152,92.59285457616664
-0.00770000000000004,92.7767670451491
-0.00670000000000015,92.94653240113291
-0.005700000000000038,93.07385641812076
-0.0047000000000001485,93.25776888710321
-0.0037000000000000366,93.38509290409107
-0.0027000000000001467,93.51241692107894
-0.0017000000000000348,93.72462361605868
-0.000700000000000145,93.99341876303303
0.00029999999999996696,94.24806679700876
0.0012999999999998568,94.601744621975
0.0022999999999999687,94.95542244694126
0.0032999999999998586,95.35154161090348
0.0042999999999999705,95.775955000863
0.00529999999999986,96.21451550382113
0.006299999999999972,96.65307600677932
0.007299999999999862,97.00675383174556
0.008299999999999974,97.34628454371318
0.009299999999999864,97.57263835169158
0.010299999999999976,97.74240370767538
0.011299999999999866,97.78484504667132
0.012299999999999978,97.86972772466324
