Potential V vs RHE, Current mA cm-2
0.013299999999999867,-0.1766974413531431
0.012299999999999978,-0.3947044526623452
0.011299999999999866,-0.5692798270656908
0.010299999999999976,-0.6564260431373771
0.009299999999999864,-0.7437137303390498
0.008299999999999974,-0.7872868383748929
0.007299999999999862,-0.8308599464107361
0.006299999999999972,-0.8745745255765657
0.00529999999999986,-0.9617207416482519
0.0042999999999999705,-1.0054353208140816
0.0032999999999998586,-1.0490084288499246
0.0022999999999999687,-1.0490084288499246
0.0012999999999998568,-1.0925815368857679
0.00029999999999996696,-1.0925815368857679
-0.000700000000000145,-1.0925815368857679
-0.0017000000000000348,-1.0925815368857679
-0.0027000000000001467,-1.1362961160515976
-0.0037000000000000366,-1.1362961160515976
-0.0047000000000001485,-1.1362961160515976
-0.005700000000000038,-1.1798692240874404
-0.00670000000000015,-1.1798692240874404
-0.00770000000000004,-1.2234423321232837
-0.008700000000000152,-1.2234423321232837
-0.009700000000000042,-1.2234423321232837
-0.010700000000000154,-1.2234423321232837
-0.011700000000000044,-1.2234423321232837
-0.012700000000000156,-1.2234423321232837
-0.013700000000000045,-1.2234423321232837
-0.014700000000000157,-1.2234423321232837
-0.015700000000000047,-1.2671569112891135
-0.01670000000000016,-1.2671569112891135
-0.01770000000000005,-1.2671569112891135
-0.01870000000000016,-1.2671569112891135
-0.01970000000000005,-1.2671569112891135
-0.020700000000000163,-1.2671569112891135
-0.021700000000000053,-1.2671569112891135
-0.022700000000000164,-1.2671569112891135
-0.023700000000000054,-1.2671569112891135
-0.024700000000000166,-1.2671569112891135
-0.025700000000000056,-1.2671569112891135
-0.026700000000000168,-1.2671569112891135
-0.027700000000000058,-1.3107300193249565
-0.02870000000000017,-1.2671569112891135
-0.02970000000000006,-1.2671569112891135
-0.03070000000000017,-1.2671569112891135
-0.03170000000000006,-1.2671569112891135
-0.03270000000000017,-1.2671569112891135
-0.03370000000000006,-1.2671569112891135
-0.034700000000000175,-1.2671569112891135
-0.035700000000000065,-1.2671569112891135
-0.03670000000000018,-1.2671569112891135
-0.03770000000000007,-1.2671569112891135
-0.03870000000000018,-1.2671569112891135
-0.03970000000000007,-1.2671569112891135
-0.04070000000000018,-1.2671569112891135
-0.04170000000000007,-1.2671569112891135
-0.04270000000000018,-1.2671569112891135
-0.04370000000000007,-1.2671569112891135
-0.044700000000000184,-1.2671569112891135
-0.045700000000000074,-1.2671569112891135
-0.046700000000000186,-1.2671569112891135
-0.047700000000000076,-1.2671569112891135
-0.04870000000000019,-1.2671569112891135
-0.04970000000000008,-1.2671569112891135
-0.05070000000000019,-1.2671569112891135
-0.05170000000000008,-1.2234423321232837
-0.05270000000000019,-1.2234423321232837
-0.05370000000000008,-1.2234423321232837
-0.05470000000000019,-1.2234423321232837
-0.05570000000000008,-1.2671569112891135
-0.056700000000000195,-1.2671569112891135
-0.057700000000000085,-1.2671569112891135
-0.058700000000000196,-1.2671569112891135
-0.059700000000000086,-1.2671569112891135
-0.0607000000000002,-1.2234423321232837
-0.06170000000000009,-1.2234423321232837
-0.0627000000000002,-1.2234423321232837
-0.06370000000000009,-1.2234423321232837
-0.0647000000000002,-1.2234423321232837
-0.06570000000000009,-1.2234423321232837
-0.0667000000000002,-1.2234423321232837
-0.0677000000000001,-1.2234423321232837
-0.0687000000000002,-1.2234423321232837
-0.0697000000000001,-1.2234423321232837
-0.07070000000000021,-1.2234423321232837
-0.0717000000000001,-1.1798692240874404
-0.07270000000000021,-1.1798692240874404
-0.0737000000000001,-1.1798692240874404
-0.07470000000000021,-1.1798692240874404
-0.0757000000000001,-1.2234423321232837
-0.07670000000000021,-1.2234423321232837
-0.0777000000000001,-1.2234423321232837
-0.07870000000000021,-1.2234423321232837
-0.0797000000000001,-1.1798692240874404
-0.08070000000000022,-1.1798692240874404
-0.0817000000000001,-1.1798692240874404
-0.08270000000000022,-1.1798692240874404
-0.08370000000000011,-1.1798692240874404
-0.08470000000000022,-1.1798692240874404
-0.08570000000000011,-1.1798692240874404
-0.08670000000000022,-1.1798692240874404
-0.08770000000000011,-1.1798692240874404
-0.08870000000000022,-1.1798692240874404
-0.08970000000000011,-1.1798692240874404
-0.09070000000000022,-1.1798692240874404
-0.09170000000000011,-1.1362961160515976
-0.09270000000000023,-1.1362961160515976
-0.09370000000000012,-1.1362961160515976
-0.09470000000000023,-1.1362961160515976
-0.09570000000000012,-1.1798692240874404
-0.09670000000000023,-1.1798692240874404
-0.09770000000000012,-1.1798692240874404
-0.09870000000000023,-1.1362961160515976
-0.09970000000000012,-1.1362961160515976
-0.10070000000000023,-1.1362961160515976
-0.10170000000000012,-1.1362961160515976
-0.10270000000000024,-1.1362961160515976
-0.10370000000000013,-1.1362961160515976
-0.10470000000000024,-1.1362961160515976
-0.10570000000000013,-1.1362961160515976
-0.10670000000000024,-1.1362961160515976
-0.10770000000000013,-1.1362961160515976
-0.10870000000000024,-1.1362961160515976
-0.10970000000000013,-1.1362961160515976
-0.11070000000000024,-1.1362961160515976
-0.11170000000000013,-1.1362961160515976
-0.11270000000000002,-1.0925815368857679
-0.11370000000000013,-1.1362961160515976
-0.11470000000000002,-1.1362961160515976
-0.11570000000000014,-1.1362961160515976
-0.11670000000000003,-1.1362961160515976
-0.11770000000000014,-1.1362961160515976
-0.11870000000000003,-1.1362961160515976
-0.11970000000000014,-1.0925815368857679
-0.12070000000000003,-1.0925815368857679
-0.12170000000000014,-1.0925815368857679
-0.12270000000000003,-1.0925815368857679
-0.12370000000000014,-1.0925815368857679
-0.12470000000000003,-1.0925815368857679
-0.12570000000000014,-1.0925815368857679
-0.12670000000000003,-1.1362961160515976
-0.12770000000000015,-1.1362961160515976
-0.12870000000000004,-1.1362961160515976
-0.12970000000000015,-1.0925815368857679
-0.13070000000000004,-1.0925815368857679
-0.13170000000000015,-1.0925815368857679
-0.13270000000000004,-1.0925815368857679
-0.13370000000000015,-1.0925815368857679
-0.13470000000000004,-1.0925815368857679
-0.13570000000000015,-1.0925815368857679
-0.13670000000000004,-1.0925815368857679
-0.13770000000000016,-1.0925815368857679
-0.13870000000000005,-1.0925815368857679
-0.13970000000000016,-1.0925815368857679
-0.14070000000000005,-1.0925815368857679
-0.14170000000000016,-1.0925815368857679
-0.14270000000000005,-1.0925815368857679
-0.14370000000000016,-1.0925815368857679
-0.14470000000000005,-1.0925815368857679
-0.14570000000000016,-1.0925815368857679
-0.14670000000000005,-1.0925815368857679
-0.14770000000000016,-1.1362961160515976
-0.14870000000000005,-1.0925815368857679
-0.14970000000000017,-1.0925815368857679
-0.15070000000000006,-1.0925815368857679
-0.15170000000000017,-1.0925815368857679
-0.15270000000000006,-1.0925815368857679
-0.15370000000000017,-1.0925815368857679
-0.15470000000000006,-1.0925815368857679
-0.15570000000000017,-1.1362961160515976
-0.15670000000000006,-1.1362961160515976
-0.15770000000000017,-1.1362961160515976
-0.15870000000000006,-1.1362961160515976
-0.15970000000000018,-1.0925815368857679
-0.16070000000000007,-1.0925815368857679
-0.16170000000000018,-1.0925815368857679
-0.16270000000000007,-1.0925815368857679
-0.16370000000000018,-1.0925815368857679
-0.16470000000000007,-1.1362961160515976
-0.16570000000000018,-1.1362961160515976
-0.16670000000000007,-1.1362961160515976
-0.16770000000000018,-1.1362961160515976
-0.16870000000000007,-1.1362961160515976
-0.16970000000000018,-1.1362961160515976
-0.17070000000000007,-1.1362961160515976
-0.17170000000000019,-1.0925815368857679
-0.17270000000000008,-1.1362961160515976
-0.1737000000000002,-1.1362961160515976
-0.17470000000000008,-1.1362961160515976
-0.1757000000000002,-1.1362961160515976
-0.17670000000000008,-1.1362961160515976
-0.1777000000000002,-1.1362961160515976
-0.17870000000000008,-1.1362961160515976
-0.1797000000000002,-1.1362961160515976
-0.18070000000000008,-1.1362961160515976
-0.1817000000000002,-1.1362961160515976
-0.18270000000000008,-1.1362961160515976
-0.1837000000000002,-1.1362961160515976
-0.1847000000000001,-1.1362961160515976
-0.1857000000000002,-1.1362961160515976
-0.1867000000000001,-1.1362961160515976
-0.1877000000000002,-1.1798692240874404
-0.1887000000000001,-1.1798692240874404
-0.1897000000000002,-1.1362961160515976
-0.1907000000000001,-1.1362961160515976
-0.1917000000000001,-1.1362961160515976
-0.19269999999999998,-1.1362961160515976
-0.1937000000000001,-1.1362961160515976
-0.19469999999999998,-1.1362961160515976
-0.1957000000000001,-1.1798692240874404
-0.19669999999999999,-1.1798692240874404
-0.1977000000000001,-1.1798692240874404
-0.1987,-1.1798692240874404
-0.1997000000000001,-1.1798692240874404
-0.2007,-1.1798692240874404
-0.2017000000000001,-1.1798692240874404
-0.2027,-1.1798692240874404
-0.2037000000000001,-1.1798692240874404
-0.2047,-1.1798692240874404
-0.2057000000000001,-1.1798692240874404
-0.2067,-1.2234423321232837
-0.2077000000000001,-1.1798692240874404
-0.2087,-1.1798692240874404
-0.2097000000000001,-1.1798692240874404
-0.2107,-1.1798692240874404
-0.2117000000000001,-1.1798692240874404
-0.2127,-1.1798692240874404
-0.2137000000000001,-1.1798692240874404
-0.2147,-1.1798692240874404
-0.2157000000000001,-1.2234423321232837
-0.2167,-1.2234423321232837
-0.21770000000000012,-1.2234423321232837
-0.2187,-1.2234423321232837
-0.21970000000000012,-1.2234423321232837
-0.2207,-1.2234423321232837
-0.22170000000000012,-1.2234423321232837
-0.2227,-1.2234423321232837
-0.22370000000000012,-1.2234423321232837
-0.2247,-1.2234423321232837
-0.22570000000000012,-1.2234423321232837
-0.2267,-1.2234423321232837
-0.22770000000000012,-1.2234423321232837
-0.22870000000000001,-1.2234423321232837
-0.22970000000000013,-1.2234423321232837
-0.23070000000000002,-1.2234423321232837
-0.23170000000000013,-1.2234423321232837
-0.23270000000000002,-1.2234423321232837
-0.23370000000000013,-1.2234423321232837
-0.23470000000000002,-1.2234423321232837
-0.23570000000000013,-1.2671569112891135
-0.23670000000000002,-1.2234423321232837
-0.2376999999999999,-1.2671569112891135
-0.23870000000000002,-1.2234423321232837
-0.2396999999999999,-1.2671569112891135
-0.24070000000000003,-1.2234423321232837
-0.24169999999999991,-1.2234423321232837
-0.24270000000000003,-1.2234423321232837
-0.24369999999999992,-1.2234423321232837
-0.24470000000000003,-1.2234423321232837
-0.24569999999999992,-1.2671569112891135
-0.24670000000000003,-1.2671569112891135
-0.24769999999999992,-1.2671569112891135
-0.24870000000000003,-1.2671569112891135
-0.24969999999999992,-1.2671569112891135
-0.25070000000000003,-1.2234423321232837
-0.2516999999999999,-1.2234423321232837
-0.25270000000000004,-1.2234423321232837
-0.2536999999999999,-1.2234423321232837
-0.25470000000000004,-1.2671569112891135
-0.2556999999999999,-1.2671569112891135
-0.25670000000000004,-1.2671569112891135
-0.25769999999999993,-1.2671569112891135
-0.25870000000000004,-1.2671569112891135
-0.25969999999999993,-1.2671569112891135
-0.26070000000000004,-1.2671569112891135
-0.26169999999999993,-1.2671569112891135
-0.26270000000000004,-1.2671569112891135
-0.26369999999999993,-1.2671569112891135
-0.26470000000000005,-1.2671569112891135
-0.26569999999999994,-1.2671569112891135
-0.26670000000000005,-1.2671569112891135
-0.26769999999999994,-1.2671569112891135
-0.26870000000000005,-1.2671569112891135
-0.26969999999999994,-1.2671569112891135
-0.27070000000000005,-1.2671569112891135
-0.27169999999999994,-1.2671569112891135
-0.27270000000000005,-1.2671569112891135
-0.27369999999999994,-1.2671569112891135
-0.27470000000000006,-1.2671569112891135
-0.27569999999999995,-1.2671569112891135
-0.27670000000000006,-1.3107300193249565
-0.27769999999999995,-1.2671569112891135
-0.27870000000000006,-1.2671569112891135
-0.27969999999999995,-1.2671569112891135
-0.28070000000000006,-1.3107300193249565
-0.28169999999999995,-1.2671569112891135
-0.28270000000000006,-1.2671569112891135
-0.28369999999999995,-1.2671569112891135
-0.28470000000000006,-1.2671569112891135
-0.28569999999999995,-1.3107300193249565
-0.28670000000000007,-1.3107300193249565
-0.28769999999999996,-1.3107300193249565
-0.28870000000000007,-1.3107300193249565
-0.28969999999999996,-1.3107300193249565
-0.29070000000000007,-1.2671569112891135
-0.29169999999999996,-1.3107300193249565
-0.29270000000000007,-1.3107300193249565
-0.29369999999999996,-1.3107300193249565
-0.2947000000000001,-1.3107300193249565
-0.29569999999999996,-1.3107300193249565
-0.2967000000000001,-1.3107300193249565
-0.29769999999999996,-1.3543031273607997
-0.2987000000000001,-1.3107300193249565
-0.29969999999999997,-1.3107300193249565
-0.3007000000000001,-1.3107300193249565
-0.30169999999999997,-1.3107300193249565
-0.3027000000000001,-1.3107300193249565
-0.30369999999999997,-1.3107300193249565
-0.3047000000000001,-1.3107300193249565
-0.30569999999999997,-1.3543031273607997
-0.3067000000000001,-1.3543031273607997
-0.3077,-1.3543031273607997
-0.3087000000000001,-1.3543031273607997
-0.3097,-1.3543031273607997
-0.3107000000000001,-1.3543031273607997
-0.3117,-1.3543031273607997
-0.3127000000000001,-1.3543031273607997
-0.3137,-1.3543031273607997
-0.3147000000000001,-1.3543031273607997
-0.3157,-1.3980177065266295
-0.3167000000000001,-1.3980177065266295
-0.3177,-1.3980177065266295
-0.3187000000000001,-1.3980177065266295
-0.3197,-1.3980177065266295
-0.3207000000000001,-1.3980177065266295
-0.3217,-1.3980177065266295
-0.3227000000000001,-1.3980177065266295
-0.3237,-1.3980177065266295
-0.3247000000000001,-1.4415908145624723
-0.3257,-1.4415908145624723
-0.3267000000000001,-1.4415908145624723
-0.3277,-1.4854468648582886
-0.3287000000000001,-1.4854468648582886
-0.3297,-1.4854468648582886
-0.3307000000000001,-1.4854468648582886
-0.3317,-1.4854468648582886
-0.3327000000000001,-1.4854468648582886
-0.3337,-1.4854468648582886
-0.3347000000000001,-1.4854468648582886
-0.3357,-1.5293029151541047
-0.3367000000000001,-1.5293029151541047
-0.3377,-1.5293029151541047
-0.3387000000000001,-1.5717442541500557
-0.3397,-1.5717442541500557
-0.3407000000000001,-1.5717442541500557
-0.3417,-1.5717442541500557
-0.3427000000000001,-1.5717442541500557
-0.3437,-1.5717442541500557
-0.3447000000000001,-1.6156003044458718
-0.3457,-1.6594563547416883
-0.3467000000000001,-1.6594563547416883
-0.3477,-1.6594563547416883
-0.3487000000000001,-1.7033124050375041
-0.3497,-1.7033124050375041
-0.3507000000000001,-1.7033124050375041
-0.3517,-1.7033124050375041
-0.3527000000000001,-1.7471684553333202
-0.3537,-1.7471684553333202
-0.3547000000000001,-1.7910245056291363
-0.3557,-1.7910245056291363
-0.35670000000000013,-1.8334658446250875
-0.3577,-1.8334658446250875
-0.35870000000000013,-1.8773218949209036
-0.3597,-1.8773218949209036
-0.36070000000000013,-1.92117794521672
-0.3617,-1.92117794521672
-0.3626999999999999,-1.92117794521672
-0.3637,-1.9650339955125358
-0.3646999999999999,-2.008890045808352
-0.3657,-2.052746096104168
-0.3666999999999999,-2.052746096104168
-0.3677,-2.095187435100119
-0.3686999999999999,-2.1390434853959355
-0.36970000000000003,-2.1390434853959355
-0.3706999999999999,-2.1828995356917518
-0.37170000000000003,-2.226755585987568
-0.3726999999999999,-2.226755585987568
-0.37370000000000003,-2.3144676865791998
-0.3746999999999999,-2.3569090255751513
-0.37570000000000003,-2.4007650758709675
-0.3766999999999999,-2.4446211261667834
-0.37770000000000004,-2.4884771764625997
-0.3786999999999999,-2.532333226758415
-0.37970000000000004,-2.576189277054232
-0.3806999999999999,-2.618630616050183
-0.38170000000000004,-2.706342716641815
-0.38269999999999993,-2.7501987669376318
-0.38370000000000004,-2.8379108675292635
-0.38469999999999993,-2.8803522065252145
-0.38570000000000004,-3.0119203574126634
-0.38669999999999993,-3.0996324580042955
-0.38770000000000004,-3.1859298472960624
-0.38869999999999993,-3.273641947887695
-0.38970000000000005,-3.403795387475278
-0.39069999999999994,-3.5353635383627267
-0.39170000000000005,-3.623075638954359
-0.39269999999999994,-3.7970851288377587
-0.39370000000000005,-3.971094618721158
-0.39469999999999994,-4.146518819904423
-0.39570000000000005,-4.364384360083638
-0.39669999999999994,-4.626105950558669
-0.39770000000000005,-4.843971490737885
-0.39869999999999994,-5.105693081212917
-0.39970000000000006,-5.411270721983764
-0.40069999999999995,-5.759289701750564
-0.40170000000000006,-6.152579443113044
-0.40269999999999995,-6.588310523471475
-0.40370000000000006,-7.067897654125724
-0.40469999999999995,-7.591340835075788
-0.40570000000000006,-8.202496116617484
-0.40669999999999995,-8.812236686859313
-0.40770000000000006,-9.423391968401008
-0.40869999999999995,-10.120844639234473
-0.40970000000000006,-10.863568071663616
-0.41069999999999995,-11.604876792792895
-0.41170000000000007,-12.346185513922174
-0.41269999999999996,-13.087494235051453
-0.41370000000000007,-13.872659006476551
-0.41469999999999996,-14.65640906660178
-0.41570000000000007,-15.491088733522153
-0.41669999999999996,-16.311621287443874
-0.41770000000000007,-17.103859615368293
-0.41869999999999996,-17.966833508285966
-0.4197000000000001,-18.80151317520634
-0.42069999999999996,-19.636192842126707
-0.4217000000000001,-20.456725396048434
-0.42269999999999996,-21.248963723972853
-0.4237000000000001,-22.069496277894572
-0.42469999999999997,-22.946617283810895
-0.4257000000000001,-23.767149837732617
-0.42669999999999997,-24.601829504652986
-0.4277000000000001,-25.478950510569312
-0.42869999999999997,-26.29948306449103
-0.4297000000000001,-27.134162731411404
-0.43069999999999997,-27.912253946337174
-0.4317000000000001,-28.746933613257543
-0.4327,-29.581613280177915
-0.4337000000000001,-30.359704495103685
-0.4347,-31.19438416202406
-0.4357000000000001,-32.01491671594578
-0.4367,-32.84959638286615
-0.4377000000000001,-33.670128936787876
-0.4387,-34.50480860370825
-0.4397000000000001,-35.282899818634014
-0.4407,-36.07513814655844
-0.4417000000000001,-36.8532293614842
-0.4427,-37.60302635041268
-0.4437000000000001,-38.38111756533845
-0.4447,-39.173355893262865
-0.4457000000000001,-39.86656443019674
-0.4467,-40.51733162813464
-0.4477000000000001,-41.267128617063115
-0.4487,-41.87545447600508
-0.4497000000000001,-42.4413389959511
-0.4507,-42.96478217690117
-0.4517000000000001,-43.44578401885527
-0.4527,-43.96922719980534
-0.4537000000000001,-44.4926703807554
-0.4547,-45.01611356170547
-0.4557000000000001,-45.581998081651484
-0.4567,-46.062999923605595
-0.4577000000000001,-46.628884443551605
-0.4587,-47.19476896349763
-0.4597000000000001,-47.67577080545174
-0.4607,-48.071889969413945
-0.4617000000000001,-48.41142068138156
-0.4627,-48.80753984534376
-0.4637000000000001,-49.16121767031002
-0.4647,-49.50074838227763
-0.4657000000000001,-49.939308885235796
-0.4667,-50.29298671020206
-0.4677000000000001,-50.68910587416426
-0.4687,-51.071077925127824
-0.4697000000000001,-51.38231441109813
-0.4707,-51.55207976708194
-0.4717000000000001,-51.90575759204819
-0.4727,-52.2169940780185
-0.4737000000000001,-52.59896612898206
-0.4747,-52.95264395394832
-0.4757000000000001,-53.39120445690648
-0.4767,-53.872206298860604
-0.4777000000000001,-54.26832546282281
-0.4787,-54.39564947981066
-0.4797000000000001,-54.69273885278232
-0.4807,-55.003975338752625
-0.48170000000000013,-55.31521182472294
-0.4827,-55.56985985869864
-0.48370000000000013,-55.881096344668954
-0.4847,-56.1781857176406
-0.48570000000000013,-56.489422203610914
-0.4867,-56.74407023758662
-0.4876999999999999,-56.927982706569075
-0.4887,-57.53630856551105
-0.4896999999999999,-57.7485152604908
-0.4907,-58.14463442445301
-0.4916999999999999,-58.31439978043681
-0.4927,-58.54075358841522
-0.4936999999999999,-58.75296028339497
-0.49470000000000003,-59.02175543036933
-0.4956999999999999,-59.23396212534908
-0.49670000000000003,-59.502757272323436
-0.4976999999999999,-59.757405306299155
-0.49870000000000003,-60.11108313126541
-0.4996999999999999,-60.54964363422357
-0.5007,-60.761850329203334
-0.5016999999999999,-61.01649836317903
-0.5027,-61.28529351015339
-0.5036999999999999,-61.6814126741156
-0.5047,-62.02094338608321
-0.5056999999999999,-62.544386567033264
-0.5067,-62.98294706999144
-0.5076999999999999,-63.29418355596174
-0.5087,-63.54883158993744
-0.5096999999999999,-63.944950753899654
-0.5107,-64.42595259585376
-0.5116999999999999,-64.94939577680383
-0.5127,-65.2464851497755
-0.5136999999999999,-65.68504565273366
-0.5147,-65.99628213870396
-0.5156999999999999,-66.25093017267966
-0.5167,-66.87340314462028
-0.5176999999999999,-67.128051178596
-0.5187,-67.52417034255821
-0.5196999999999999,-67.96273084551636
-0.5207,-68.0900548625042
-0.5216999999999999,-68.61349804345427
-0.5227,-68.91058741642594
-0.5236999999999999,-69.0096172074165
-0.5247,-69.22182390239624
-0.5257,-69.3491479193841
-0.5267000000000001,-69.74526708334632
-0.5277,-70.05650356931662
-0.5287000000000001,-70.43847562028017
-0.5297,-71.0043601402262
-0.5307000000000001,-71.27315528720055
-0.5317,-71.66927445116276
-0.5327000000000001,-71.66927445116276
-0.5337,-72.19271763211282
-0.5347000000000001,-73.2820453330089
-0.5357,-73.80548851395896
-0.5367000000000001,-74.06013654793468
-0.5377,-74.32893169490903
-0.5387000000000001,-74.72505085887124
-0.5397,-74.97969889284694
-0.5407000000000001,-75.33337671781321
-0.5417,-75.50314207379701
-0.5427000000000001,-75.63046609078486
-0.5437,-76.38026307971333
-0.5447000000000001,-76.86126492166746
-0.5457,-77.28567831162695
-0.5467000000000001,-77.99303396155948
-0.5477,-78.99747898446365
-0.5487000000000001,-79.16724434044745
-0.5497,-79.37945103542721
-0.5507000000000001,-79.60580484340561
-0.5517,-80.00192400736783
-0.5527000000000001,-80.38389605833139
-0.5537,-80.73757388329766
-0.5547000000000001,-81.30345840324367
-0.5557,-81.74201890620182
-0.5567000000000001,-81.82690158419373
-0.5577,-82.56255146012353
-0.5587000000000001,-82.9162292850898
-0.5597,-83.83579163000208
-0.5607000000000001,-83.87823296899803
-0.5617,-83.79335029100612
-0.5627000000000001,-84.27435213296022
-0.5637,-85.01000200889004
-0.5647000000000001,-85.66076920682796
-0.5657,-85.88712301480638
-0.5667000000000001,-86.41056619575643
-0.5677,-86.80668535971866
-0.5687000000000001,-87.33012854066871
-0.5697,-87.49989389665252
-0.5707000000000001,-88.23554377258235
-0.5717,-88.5892215975486
-0.5727000000000001,-89.59366662045278
-0.5737,-89.80587331543254
-0.5747000000000001,-90.6405529823529
-0.5757,-90.85275967733266
-0.5767000000000001,-90.93764235532454
-0.5777,-91.37620285828272
-0.5787000000000001,-92.16844118620713
-0.5797,-92.7767670451491
-0.5807000000000001,-94.26221391000739
-0.5817,-94.55930328297906
-0.5827000000000001,-95.04030512493317
-0.5837,-95.39398294989942
-0.5847000000000001,-95.83254345285758
-0.5857,-96.00230880884139
-0.5867000000000001,-95.95986746984543
-0.5857,-95.30910027190752
-0.5847000000000001,-94.601744621975
-0.5837,-93.86609474604518
-0.5827000000000001,-93.08800353111941
-0.5817,-92.64944302816124
-0.5807000000000001,-92.08355850821525
-0.5797,-91.56011532726518
-0.5787000000000001,-90.32931649638259
-0.5777,-89.63610795944872
-0.5767000000000001,-88.9004580835189
-0.5757,-87.58477657464444
-0.5747000000000001,-86.7076555687281
-0.5737,-86.09932970978613
-0.5727000000000001,-85.36367983385631
-0.5717,-84.8826779919022
-0.5707000000000001,-84.52900016693594
-0.5697,-84.13288100297372
-0.5687000000000001,-83.79335029100612
-0.5677,-83.14258309306821
-0.5667000000000001,-82.56255146012353
-0.5657,-81.78446024519776
-0.5647000000000001,-80.9497805782774
-0.5637,-80.08680668535972
-0.5627000000000001,-79.69068752139752
-0.5617,-79.42189237442317
-0.5607000000000001,-78.99747898446365
-0.5597,-78.60135982050144
-0.5587000000000001,-78.16279931754329
-0.5577,-77.7242388145851
-0.5567000000000001,-77.0734716166472
-0.5557,-76.71979379168094
-0.5547000000000001,-75.94170257675518
-0.5537,-75.37581805680915
-0.5527000000000001,-74.66846240687663
-0.5517,-74.62602106788069
-0.5507000000000001,-74.10257788693062
-0.5497,-73.8479298529549
-0.5487000000000001,-73.80548851395896
-0.5477,-73.197162655017
-0.5467000000000001,-72.71616081306288
-0.5457,-72.19271763211282
-0.5447000000000001,-72.10783495412092
-0.5437,-72.63127813507097
-0.5427000000000001,-71.66927445116276
-0.5417,-70.74971210625048
-0.5407000000000001,-69.91503243933012
-0.5397,-69.0944998854084
-0.5387000000000001,-68.57105670445833
-0.5377,-68.25982021848802
-0.5367000000000001,-67.9202895065204
-0.5357,-67.65149435954605
-0.5347000000000001,-67.43928766456631
-0.5337,-66.77437335362974
-0.5327000000000001,-66.34995996367022
-0.5317,-65.7274869917296
-0.5307000000000001,-64.86451309881193
-0.5297,-64.25618723986996
-0.5287000000000001,-63.6761556069253
-0.5277,-63.59127292893339
-0.5267000000000001,-63.11027108697928
-0.5257,-62.68585769701977
-0.5247,-62.24729719406162
-0.5236999999999999,-61.53994154412909
-0.5227,-60.974057024183075
-0.5216999999999999,-60.761850329203334
-0.5207,-60.11108313126541
-0.5196999999999999,-59.44616882032884
-0.5187,-59.02175543036933
-0.5176999999999999,-58.45587091042332
-0.5167,-58.22951710244491
-0.5156999999999999,-58.017310407465146
-0.5147,-57.62119124350295
-0.5136999999999999,-57.22507207954074
-0.5127,-57.22507207954074
-0.5116999999999999,-56.489422203610914
-0.5107,-55.96597902266086
-0.5096999999999999,-55.527418519702685
-0.5087,-55.25862337272834
-0.5076999999999999,-55.17374069473642
-0.5067,-54.791768643772876
-0.5056999999999999,-54.43809081880661
-0.5047,-53.872206298860604
-0.5036999999999999,-53.39120445690648
-0.5027,-52.86776127595642
-0.5016999999999999,-52.471642111994214
-0.5007,-52.075522948032
-0.4996999999999999,-51.65110955807249
-0.49870000000000003,-51.65110955807249
-0.4976999999999999,-51.65110955807249
-0.49670000000000003,-51.46719708909004
-0.4956999999999999,-50.98619524713592
-0.49470000000000003,-50.64666453516831
-0.4936999999999999,-50.73154721316022
-0.4927,-50.12322135421825
-0.4916999999999999,-49.557336834272235
-0.4907,-49.16121767031002
-0.4896999999999999,-48.68021582835591
-0.4887,-48.55289181136806
-0.4876999999999999,-48.071889969413945
-0.4867,-47.590888127459834
-0.48570000000000013,-46.982562268517874
-0.4847,-46.3176479575813
-0.48370000000000013,-45.89323456762179
-0.4827,-45.412232725667685
-0.48170000000000013,-45.27076159568118
-0.4807,-44.84634820572166
-0.4797000000000001,-44.36534636376755
-0.4787,-43.92678586080939
-0.4777000000000001,-43.48822535785123
-0.4767,-43.04966485489307
-0.4757000000000001,-43.09210619388902
-0.4747,-42.837458159913304
-0.4737000000000001,-42.483780334947056
-0.4727,-42.00277849299294
-0.4717000000000001,-41.52177665103883
-0.4707,-40.99833347008877
-0.4697000000000001,-40.51733162813464
-0.4687,-40.092918238175145
-0.4677000000000001,-40.03632978618054
-0.4667,-39.78168175220483
-0.4657000000000001,-39.38556258824262
-0.4647,-39.046031876275016
-0.4637000000000001,-38.607471373316855
-0.4627,-38.12646953136274
-0.4617000000000001,-37.73035036740053
-0.4607,-37.376672542434264
-0.4597000000000001,-36.95225915247476
-0.4587,-36.64102266650445
-0.4577000000000001,-36.6834640055004
-0.4567,-36.37222751953009
-0.4557000000000001,-36.03269680756248
-0.4547,-35.848784338580025
-0.4537000000000001,-35.42437094862052
-0.4527,-35.07069312365426
-0.4517000000000001,-34.67457395969205
-0.4507,-34.41992592571634
-0.4497000000000001,-34.02380676175414
-0.4487,-33.670128936787876
-0.4477000000000001,-33.288156885824314
-0.4467,-32.807155043870196
-0.4457000000000001,-32.41103587990799
-0.4447,-32.01491671594578
-0.4437000000000001,-31.661238890979522
-0.4427,-31.321708179011907
-0.4417000000000001,-31.010471693041605
-0.4407,-30.71338232006995
-0.4397000000000001,-30.317263156107735
-0.4387,-30.10505646112798
-0.4377000000000001,-29.921143992145527
-0.4367,-29.708937297165768
-0.4357000000000001,-29.525024828183312
-0.4347,-29.27037679420761
-0.4337000000000001,-29.058170099227848
-0.4327,-28.789374952253496
-0.4317000000000001,-28.478138466283188
-0.43069999999999997,-28.265931771303435
-0.4297000000000001,-28.05372507632368
-0.42869999999999997,-27.78492992934932
-0.4277000000000001,-27.487840556377662
-0.42669999999999997,-27.261486748399253
-0.4257000000000001,-27.00683871442355
-0.42469999999999997,-26.69560222845324
-0.4237000000000001,-26.61071955046134
-0.42269999999999996,-26.65316088945729
-0.4217000000000001,-26.29948306449103
-0.42069999999999996,-26.044835030515326
-0.4197000000000001,-25.73359854454502
-0.41869999999999996,-25.521391849565262
-0.41770000000000007,-25.252596702590903
-0.41669999999999996,-25.12527268560305
-0.41570000000000007,-24.870624651627345
-0.41469999999999996,-24.559388165657033
-0.41370000000000007,-24.290593018682678
-0.41269999999999996,-23.993503645711023
-0.41170000000000007,-23.639825820744765
-0.41069999999999995,-23.385177786769056
-0.40970000000000006,-23.031499961802798
-0.40869999999999995,-22.72026347583249
-0.40770000000000006,-22.42317410286083
-0.40669999999999995,-22.15437895588647
-0.40570000000000006,-21.857289582914817
-0.40469999999999995,-21.67337711393236
-0.40370000000000006,-21.376287740960702
-0.40269999999999995,-21.065051254990397
-0.40170000000000006,-20.810403221014692
-0.40069999999999995,-20.541608074040333
-0.39970000000000006,-20.244518701068674
-0.39869999999999994,-20.01816489309027
-0.39770000000000005,-19.805958198110513
-0.39669999999999994,-19.49472171214021
-0.39570000000000005,-19.28251501716045
-0.39469999999999994,-19.01371987018609
-0.39370000000000005,-18.759071836210385
-0.39269999999999994,-18.44783535024008
-0.39170000000000005,-18.23562865526032
-0.39069999999999994,-18.10830463827247
-0.38970000000000005,-17.924392169290012
-0.38869999999999993,-17.627302796318357
-0.38770000000000004,-17.40094898833995
-0.38669999999999993,-17.146300954364243
-0.38570000000000004,-16.835064468393938
-0.38469999999999993,-16.580416434418233
-0.38370000000000004,-16.311621287443874
-0.38269999999999993,-16.056973253468165
-0.38170000000000004,-15.74573676749786
-0.3806999999999999,-15.575971411514052
-0.37970000000000004,-15.307176264539699
-0.3786999999999999,-15.05252823056399
-0.37770000000000004,-14.826174422585586
-0.3766999999999999,-14.57152638860988
-0.37570000000000003,-14.401761032626075
-0.3746999999999999,-14.217848563643619
-0.37370000000000003,-14.002812446064135
-0.3726999999999999,-13.872659006476551
-0.37170000000000003,-13.654793466297335
-0.3706999999999999,-13.436927926118118
-0.36970000000000003,-13.217647674639037
-0.3686999999999999,-13.043638184755638
-0.3677,-12.869628694872238
-0.3666999999999999,-12.694204493688973
-0.3657,-12.520195003805576
-0.3646999999999999,-12.302329463626359
-0.3637,-12.170761312738911
-0.3626999999999999,-11.952895772559694
-0.3617,-11.73503023238048
-0.36070000000000013,-11.56102074249708
-0.3597,-11.343155202317865
-0.35870000000000013,-11.1677310011346
-0.3577,-10.993721511251199
-0.35670000000000013,-10.775855971071984
-0.3557,-10.601846481188586
-0.3547000000000001,-10.382566229709504
-0.3537,-10.208556739826104
-0.3527000000000001,-10.034547249942705
-0.3517,-9.85912304875944
-0.3507000000000001,-9.641257508580225
-0.3497,-9.511104068992642
-0.3487000000000001,-9.335679867809377
-0.3477,-9.205526428221793
-0.3467000000000001,-9.031516938338395
-0.3457,-8.85609273715513
-0.3447000000000001,-8.725939297567548
-0.3437,-8.594371146680096
-0.3427000000000001,-8.376505606500881
-0.3417,-8.202496116617484
-0.3407000000000001,-8.027071915434218
-0.3397,-7.853062425550818
-0.3387000000000001,-7.7653503249591855
-0.3377,-7.635196885371603
-0.3367000000000001,-7.461187395488204
-0.3357,-7.329619244600755
-0.3347000000000001,-7.155609754717355
-0.3337,-6.981600264833956
-0.3327000000000001,-6.850032113946507
-0.3317,-6.719878674358924
-0.3307000000000001,-6.54445447317566
-0.3297,-6.414301033588076
-0.3287000000000001,-6.238876832404812
-0.3277,-6.152579443113044
-0.3267000000000001,-6.021011292225596
-0.3257,-5.890857852638012
-0.3247000000000001,-5.759289701750564
-0.3237,-5.629136262162981
-0.3227000000000001,-5.497568111275533
-0.3217,-5.367414671687949
-0.3207000000000001,-5.235846520800501
-0.3197,-5.105693081212917
-0.3187000000000001,-4.974124930325469
-0.3177,-4.887827541033701
-0.3167000000000001,-4.756259390146253
-0.3157,-4.626105950558669
-0.3147000000000001,-4.494537799671222
-0.3137,-4.364384360083638
-0.3127000000000001,-4.276672259492005
-0.3117,-4.146518819904423
-0.3107000000000001,-4.014950669016974
-0.3097,-3.927238568425342
-0.3087000000000001,-3.7970851288377587
-0.3077,-3.7093730282461257
-0.3067000000000001,-3.623075638954359
-0.30569999999999997,-3.4915074880669104
-0.3047000000000001,-3.403795387475278
-0.30369999999999997,-3.317497998183511
-0.3027000000000001,-3.1859298472960624
-0.30169999999999997,-3.0996324580042955
-0.3007000000000001,-3.0119203574126634
-0.29969999999999997,-2.924208256821031
-0.2987000000000001,-2.8379108675292635
-0.29769999999999996,-2.7501987669376318
-0.2967000000000001,-2.662486666345999
-0.29569999999999996,-2.576189277054232
-0.2947000000000001,-2.4884771764625997
-0.29369999999999996,-2.4007650758709675
-0.29270000000000007,-2.3144676865791998
-0.29169999999999996,-2.226755585987568
-0.29070000000000007,-2.1390434853959355
-0.28969999999999996,-2.052746096104168
-0.28870000000000007,-1.9650339955125358
-0.28769999999999996,-1.92117794521672
-0.28670000000000007,-1.8334658446250875
-0.28569999999999995,-1.7471684553333202
-0.28470000000000006,-1.7033124050375041
-0.28369999999999995,-1.6156003044458718
-0.28270000000000006,-1.5293029151541047
-0.28169999999999995,-1.4854468648582886
-0.28070000000000006,-1.3980177065266295
-0.27969999999999995,-1.3107300193249565
-0.27870000000000006,-1.2671569112891135
-0.27769999999999995,-1.2234423321232837
-0.27670000000000006,-1.1362961160515976
-0.27569999999999995,-1.0925815368857679
-0.27470000000000006,-1.0490084288499246
-0.27369999999999994,-0.9617207416482519
-0.27270000000000005,-0.9181476336124089
-0.27169999999999994,-0.8745745255765657
-0.27070000000000005,-0.8308599464107361
-0.26969999999999994,-0.7872868383748929
-0.26870000000000005,-0.7001406223032067
-0.26769999999999994,-0.6564260431373771
-0.26670000000000005,-0.6564260431373771
-0.26569999999999994,-0.5692798270656908
-0.26470000000000005,-0.5255652478998613
-0.26369999999999993,-0.48199213986401795
-0.26270000000000004,-0.4384190318281749
-0.26169999999999993,-0.3947044526623452
-0.26070000000000004,-0.3511313446265021
-0.25969999999999993,-0.30755823659065895
-0.25870000000000004,-0.30755823659065895
-0.25769999999999993,-0.26384365742482935
-0.25670000000000004,-0.2202705493889862
-0.2556999999999999,-0.1766974413531431
-0.25470000000000004,-0.1766974413531431
-0.2536999999999999,-0.1330535977523067
-0.25270000000000004,-0.08943804837746762
-0.2516999999999999,-0.04582249900262853
-0.25070000000000003,-0.002205534916489592
-0.24969999999999992,-0.002205534916489592
-0.24870000000000003,0.04140859974704963
-0.24769999999999992,0.04140859974704963
-0.24670000000000003,0.08502414912188871
-0.24569999999999992,0.08502414912188871
-0.24470000000000003,0.12863969849672777
-0.24369999999999992,0.17231183632356148
-0.24270000000000003,0.17231183632356148
-0.24169999999999991,0.21588494435940458
-0.24070000000000003,0.2594580523952477
-0.2396999999999999,0.2594580523952477
-0.23870000000000002,0.2594580523952477
-0.2376999999999999,0.3031726315610774
-0.23670000000000002,0.3031726315610774
-0.23570000000000013,0.3031726315610774
-0.23470000000000002,0.3467457395969205
-0.23370000000000013,0.3467457395969205
-0.23270000000000002,0.3903188476327636
-0.23170000000000013,0.3903188476327636
-0.23070000000000002,0.43403342679859325
-0.22970000000000013,0.43403342679859325
-0.22870000000000001,0.43403342679859325
-0.22770000000000012,0.4776065348344364
-0.2267,0.4776065348344364
-0.22570000000000012,0.4776065348344364
-0.2247,0.5211796428702795
-0.22370000000000012,0.5211796428702795
-0.2227,0.5647527509061226
-0.22170000000000012,0.5647527509061226
-0.2207,0.5647527509061226
-0.21970000000000012,0.5647527509061226
-0.2187,0.6084673300719523
-0.21770000000000012,0.6084673300719523
-0.2167,0.6084673300719523
-0.2157000000000001,0.6084673300719523
-0.2147,0.6520404381077953
-0.2137000000000001,0.6520404381077953
-0.2127,0.6520404381077953
-0.2117000000000001,0.6520404381077953
-0.2107,0.6956135461436386
-0.2097000000000001,0.6956135461436386
-0.2087,0.6956135461436386
-0.2077000000000001,0.6956135461436386
-0.2067,0.6956135461436386
-0.2057000000000001,0.6956135461436386
-0.2047,0.6956135461436386
-0.2037000000000001,0.7393281253094681
-0.2027,0.7393281253094681
-0.2017000000000001,0.7829012333453113
-0.2007,0.7829012333453113
-0.1997000000000001,0.7829012333453113
-0.1987,0.7829012333453113
-0.1977000000000001,0.7829012333453113
-0.19669999999999999,0.7829012333453113
-0.1957000000000001,0.7829012333453113
-0.19469999999999998,0.7829012333453113
-0.1937000000000001,0.7829012333453113
-0.19269999999999998,0.8264743413811545
-0.1917000000000001,0.8264743413811545
-0.1907000000000001,0.8264743413811545
-0.1897000000000002,0.8264743413811545
-0.1887000000000001,0.8264743413811545
-0.1877000000000002,0.8264743413811545
-0.1867000000000001,0.8264743413811545
-0.1857000000000002,0.8264743413811545
-0.1847000000000001,0.8264743413811545
-0.1837000000000002,0.8264743413811545
-0.18270000000000008,0.870188920546984
-0.1817000000000002,0.870188920546984
-0.18070000000000008,0.870188920546984
-0.1797000000000002,0.870188920546984
-0.17870000000000008,0.870188920546984
-0.1777000000000002,0.870188920546984
-0.17670000000000008,0.870188920546984
-0.1757000000000002,0.870188920546984
-0.17470000000000008,0.870188920546984
-0.1737000000000002,0.870188920546984
-0.17270000000000008,0.9137620285828272
-0.17170000000000019,0.9137620285828272
-0.17070000000000007,0.9137620285828272
-0.16970000000000018,0.9137620285828272
-0.16870000000000007,0.9137620285828272
-0.16770000000000018,0.9137620285828272
-0.16670000000000007,0.9137620285828272
-0.16570000000000018,0.9137620285828272
-0.16470000000000007,0.870188920546984
-0.16370000000000018,0.9137620285828272
-0.16270000000000007,0.9137620285828272
-0.16170000000000018,0.9137620285828272
-0.16070000000000007,0.9573351366186703
-0.15970000000000018,0.9573351366186703
-0.15870000000000006,0.9137620285828272
-0.15770000000000017,0.9137620285828272
-0.15670000000000006,0.9137620285828272
-0.15570000000000017,0.9137620285828272
-0.15470000000000006,0.9137620285828272
-0.15370000000000017,0.9137620285828272
-0.15270000000000006,0.9573351366186703
-0.15170000000000017,0.9573351366186703
-0.15070000000000006,0.9573351366186703
-0.14970000000000017,0.9573351366186703
-0.14870000000000005,0.9573351366186703
-0.14770000000000016,0.9137620285828272
-0.14670000000000005,0.9573351366186703
-0.14570000000000016,0.9137620285828272
-0.14470000000000005,0.9573351366186703
-0.14370000000000016,0.9573351366186703
-0.14270000000000005,0.9573351366186703
-0.14170000000000016,0.9573351366186703
-0.14070000000000005,0.9573351366186703
-0.13970000000000016,0.9573351366186703
-0.13870000000000005,0.9573351366186703
-0.13770000000000016,0.9573351366186703
-0.13670000000000004,0.9573351366186703
-0.13570000000000015,0.9573351366186703
-0.13470000000000004,0.9573351366186703
-0.13370000000000015,0.9573351366186703
-0.13270000000000004,1.0010497157844997
-0.13170000000000015,1.0010497157844997
-0.13070000000000004,1.0010497157844997
-0.12970000000000015,1.0010497157844997
-0.12870000000000004,1.0010497157844997
-0.12770000000000015,1.0010497157844997
-0.12670000000000003,1.0010497157844997
-0.12570000000000014,1.0010497157844997
-0.12470000000000003,1.0010497157844997
-0.12370000000000014,1.0010497157844997
-0.12270000000000003,1.0010497157844997
-0.12170000000000014,1.0010497157844997
-0.12070000000000003,1.0010497157844997
-0.11970000000000014,1.0010497157844997
-0.11870000000000003,1.0010497157844997
-0.11770000000000014,1.0010497157844997
-0.11670000000000003,1.0010497157844997
-0.11570000000000014,1.0010497157844997
-0.11470000000000002,1.0010497157844997
-0.11370000000000013,1.0010497157844997
-0.11270000000000002,1.0010497157844997
-0.11170000000000013,1.0010497157844997
-0.11070000000000024,1.0010497157844997
-0.10970000000000013,1.0446228238203432
-0.10870000000000024,1.0010497157844997
-0.10770000000000013,1.0010497157844997
-0.10670000000000024,1.0010497157844997
-0.10570000000000013,1.0010497157844997
-0.10470000000000024,1.0010497157844997
-0.10370000000000013,1.0446228238203432
-0.10270000000000024,1.0446228238203432
-0.10170000000000012,1.0446228238203432
-0.10070000000000023,1.0446228238203432
-0.09970000000000012,1.0446228238203432
-0.09870000000000023,1.0446228238203432
-0.09770000000000012,1.0446228238203432
-0.09670000000000023,1.0446228238203432
-0.09570000000000012,1.0446228238203432
-0.09470000000000023,1.0446228238203432
-0.09370000000000012,1.0446228238203432
-0.09270000000000023,1.0446228238203432
-0.09170000000000011,1.0446228238203432
-0.09070000000000022,1.0446228238203432
-0.08970000000000011,1.0446228238203432
-0.08870000000000022,1.0446228238203432
-0.08770000000000011,1.0446228238203432
-0.08670000000000022,1.0446228238203432
-0.08570000000000011,1.0446228238203432
-0.08470000000000022,1.0446228238203432
-0.08370000000000011,1.0881959318561862
-0.08270000000000022,1.0881959318561862
-0.0817000000000001,1.0881959318561862
-0.08070000000000022,1.0881959318561862
-0.0797000000000001,1.0881959318561862
-0.07870000000000021,1.0881959318561862
-0.0777000000000001,1.0881959318561862
-0.07670000000000021,1.0881959318561862
-0.0757000000000001,1.0881959318561862
-0.07470000000000021,1.0881959318561862
-0.0737000000000001,1.0881959318561862
-0.07270000000000021,1.0881959318561862
-0.0717000000000001,1.1317690398920295
-0.07070000000000021,1.1317690398920295
-0.0697000000000001,1.1317690398920295
-0.0687000000000002,1.1317690398920295
-0.0677000000000001,1.1317690398920295
-0.0667000000000002,1.1317690398920295
-0.06570000000000009,1.0881959318561862
-0.0647000000000002,1.1317690398920295
-0.06370000000000009,1.1317690398920295
-0.0627000000000002,1.1317690398920295
-0.06170000000000009,1.1317690398920295
-0.0607000000000002,1.1317690398920295
-0.059700000000000086,1.1317690398920295
-0.058700000000000196,1.175483619057859
-0.057700000000000085,1.1317690398920295
-0.056700000000000195,1.1317690398920295
-0.05570000000000008,1.175483619057859
-0.05470000000000019,1.1317690398920295
-0.05370000000000008,1.175483619057859
-0.05270000000000019,1.175483619057859
-0.05170000000000008,1.175483619057859
-0.05070000000000019,1.175483619057859
-0.04970000000000008,1.175483619057859
-0.04870000000000019,1.175483619057859
-0.047700000000000076,1.175483619057859
-0.046700000000000186,1.175483619057859
-0.045700000000000074,1.219056727093702
-0.044700000000000184,1.219056727093702
-0.04370000000000007,1.219056727093702
-0.04270000000000018,1.219056727093702
-0.04170000000000007,1.2626298351295453
-0.04070000000000018,1.2626298351295453
-0.03970000000000007,1.2626298351295453
-0.03870000000000018,1.2626298351295453
-0.03770000000000007,1.2626298351295453
-0.03670000000000018,1.2626298351295453
-0.035700000000000065,1.2626298351295453
-0.034700000000000175,1.2626298351295453
-0.03370000000000006,1.2626298351295453
-0.03270000000000017,1.3063444142953748
-0.03170000000000006,1.3063444142953748
-0.03070000000000017,1.3063444142953748
-0.02970000000000006,1.349917522331218
-0.02870000000000017,1.3063444142953748
-0.027700000000000058,1.349917522331218
-0.026700000000000168,1.3063444142953748
-0.025700000000000056,1.3063444142953748
-0.024700000000000166,1.349917522331218
-0.023700000000000054,1.349917522331218
-0.022700000000000164,1.349917522331218
-0.021700000000000053,1.3934906303670611
-0.020700000000000163,1.3934906303670611
-0.01970000000000005,1.3934906303670611
-0.01870000000000016,1.3934906303670611
-0.01770000000000005,1.3934906303670611
-0.01670000000000016,1.3934906303670611
-0.015700000000000047,1.4373466806628774
-0.014700000000000157,1.4373466806628774
-0.013700000000000045,1.4373466806628774
-0.012700000000000156,1.4812027309586933
-0.011700000000000044,1.4812027309586933
-0.010700000000000154,1.4812027309586933
-0.009700000000000042,1.5250587812545096
-0.008700000000000152,1.5250587812545096
-0.00770000000000004,1.5250587812545096
-0.00670000000000015,1.5250587812545096
-0.005700000000000038,1.5250587812545096
-0.0047000000000001485,1.5250587812545096
-0.0037000000000000366,1.5675001202504606
-0.0027000000000001467,1.5675001202504606
-0.0017000000000000348,1.6113561705462767
-0.000700000000000145,1.6113561705462767
0.00029999999999996696,1.6113561705462767
0.0012999999999998568,1.655212220842093
0.0022999999999999687,1.6113561705462767
0.0032999999999998586,1.6113561705462767
0.0042999999999999705,1.655212220842093
0.00529999999999986,1.655212220842093
0.006299999999999972,1.6990682711379093
0.007299999999999862,1.6990682711379093
0.008299999999999974,1.6990682711379093
0.009299999999999864,1.7429243214337253
0.010299999999999976,1.7429243214337253
0.011299999999999866,1.7429243214337253
0.012299999999999978,1.7429243214337253
