Jan. 15, 2025   21:29:40
Linear Sweep Voltammetry
File: c:/users/guazh/data/banditlqround7_x0exp772_r5/2025-01-10-exp856\1acid_2ac-2025-01-15t21_26_27-lsvinphos\1acid_2ac_lsv_50mvs_efin_-2300mv.bin
Data Source:  Experiment
Instrument Model:  CHI760E
Header: LSV ran at 50 mVs with Efin at -2300mV
Note: 

Init E (V) = -0.6
Final E (V) = -2.3
Scan Rate (V/s) = 0.05
Sample Interval (V) = 0.001
Quiet Time (sec) = 2
Sensitivity (A/V) = 1e-4
Comp R (ohm) = 9.5

Results:

Channel 1:
Ep = -1.981V
ip = 7.582e-4A
Ah = 1.120e-3C

Potential/V, Current/A

-0.600, 2.925e-6
-0.601, 3.038e-6
-0.602, 3.082e-6
-0.603, 3.117e-6
-0.604, 3.153e-6
-0.605, 3.189e-6
-0.606, 3.220e-6
-0.607, 3.249e-6
-0.608, 3.279e-6
-0.609, 3.312e-6
-0.610, 3.347e-6
-0.611, 3.379e-6
-0.612, 3.408e-6
-0.613, 3.437e-6
-0.614, 3.472e-6
-0.615, 3.507e-6
-0.616, 3.538e-6
-0.617, 3.567e-6
-0.618, 3.597e-6
-0.619, 3.631e-6
-0.620, 3.665e-6
-0.621, 3.697e-6
-0.622, 3.726e-6
-0.623, 3.757e-6
-0.624, 3.790e-6
-0.625, 3.826e-6
-0.626, 3.858e-6
-0.627, 3.888e-6
-0.628, 3.919e-6
-0.629, 3.952e-6
-0.630, 3.989e-6
-0.631, 4.020e-6
-0.632, 4.051e-6
-0.633, 4.082e-6
-0.634, 4.117e-6
-0.635, 4.151e-6
-0.636, 4.182e-6
-0.637, 4.212e-6
-0.638, 4.245e-6
-0.639, 4.278e-6
-0.640, 4.316e-6
-0.641, 4.348e-6
-0.642, 4.377e-6
-0.643, 4.412e-6
-0.644, 4.448e-6
-0.645, 4.485e-6
-0.646, 4.518e-6
-0.647, 4.550e-6
-0.648, 4.583e-6
-0.649, 4.621e-6
-0.650, 4.655e-6
-0.651, 4.689e-6
-0.652, 4.721e-6
-0.653, 4.754e-6
-0.654, 4.791e-6
-0.655, 4.828e-6
-0.656, 4.861e-6
-0.657, 4.892e-6
-0.658, 4.923e-6
-0.659, 4.961e-6
-0.660, 4.999e-6
-0.661, 5.032e-6
-0.662, 5.065e-6
-0.663, 5.097e-6
-0.664, 5.134e-6
-0.665, 5.170e-6
-0.666, 5.205e-6
-0.667, 5.237e-6
-0.668, 5.269e-6
-0.669, 5.306e-6
-0.670, 5.343e-6
-0.671, 5.375e-6
-0.672, 5.405e-6
-0.673, 5.439e-6
-0.674, 5.474e-6
-0.675, 5.511e-6
-0.676, 5.543e-6
-0.677, 5.575e-6
-0.678, 5.608e-6
-0.679, 5.644e-6
-0.680, 5.679e-6
-0.681, 5.710e-6
-0.682, 5.740e-6
-0.683, 5.773e-6
-0.684, 5.810e-6
-0.685, 5.845e-6
-0.686, 5.874e-6
-0.687, 5.902e-6
-0.688, 5.932e-6
-0.689, 5.966e-6
-0.690, 5.999e-6
-0.691, 6.030e-6
-0.692, 6.060e-6
-0.693, 6.089e-6
-0.694, 6.124e-6
-0.695, 6.157e-6
-0.696, 6.184e-6
-0.697, 6.211e-6
-0.698, 6.237e-6
-0.699, 6.269e-6
-0.700, 6.302e-6
-0.701, 6.330e-6
-0.702, 6.358e-6
-0.703, 6.385e-6
-0.704, 6.416e-6
-0.705, 6.449e-6
-0.706, 6.473e-6
-0.707, 6.500e-6
-0.708, 6.526e-6
-0.709, 6.554e-6
-0.710, 6.587e-6
-0.711, 6.610e-6
-0.712, 6.635e-6
-0.713, 6.659e-6
-0.714, 6.686e-6
-0.715, 6.714e-6
-0.716, 6.736e-6
-0.717, 6.760e-6
-0.718, 6.784e-6
-0.719, 6.810e-6
-0.720, 6.838e-6
-0.721, 6.858e-6
-0.722, 6.878e-6
-0.723, 6.900e-6
-0.724, 6.924e-6
-0.725, 6.946e-6
-0.726, 6.966e-6
-0.727, 6.985e-6
-0.728, 7.004e-6
-0.729, 7.027e-6
-0.730, 7.049e-6
-0.731, 7.066e-6
-0.732, 7.083e-6
-0.733, 7.100e-6
-0.734, 7.122e-6
-0.735, 7.141e-6
-0.736, 7.157e-6
-0.737, 7.172e-6
-0.738, 7.188e-6
-0.739, 7.206e-6
-0.740, 7.224e-6
-0.741, 7.237e-6
-0.742, 7.250e-6
-0.743, 7.264e-6
-0.744, 7.278e-6
-0.745, 7.295e-6
-0.746, 7.306e-6
-0.747, 7.317e-6
-0.748, 7.328e-6
-0.749, 7.342e-6
-0.750, 7.356e-6
-0.751, 7.365e-6
-0.752, 7.373e-6
-0.753, 7.382e-6
-0.754, 7.394e-6
-0.755, 7.407e-6
-0.756, 7.415e-6
-0.757, 7.420e-6
-0.758, 7.427e-6
-0.759, 7.437e-6
-0.760, 7.446e-6
-0.761, 7.452e-6
-0.762, 7.456e-6
-0.763, 7.462e-6
-0.764, 7.471e-6
-0.765, 7.477e-6
-0.766, 7.480e-6
-0.767, 7.483e-6
-0.768, 7.488e-6
-0.769, 7.495e-6
-0.770, 7.500e-6
-0.771, 7.502e-6
-0.772, 7.503e-6
-0.773, 7.503e-6
-0.774, 7.508e-6
-0.775, 7.512e-6
-0.776, 7.513e-6
-0.777, 7.511e-6
-0.778, 7.510e-6
-0.779, 7.512e-6
-0.780, 7.515e-6
-0.781, 7.515e-6
-0.782, 7.513e-6
-0.783, 7.510e-6
-0.784, 7.512e-6
-0.785, 7.512e-6
-0.786, 7.508e-6
-0.787, 7.504e-6
-0.788, 7.502e-6
-0.789, 7.501e-6
-0.790, 7.501e-6
-0.791, 7.495e-6
-0.792, 7.490e-6
-0.793, 7.486e-6
-0.794, 7.485e-6
-0.795, 7.483e-6
-0.796, 7.476e-6
-0.797, 7.468e-6
-0.798, 7.464e-6
-0.799, 7.461e-6
-0.800, 7.458e-6
-0.801, 7.450e-6
-0.802, 7.443e-6
-0.803, 7.436e-6
-0.804, 7.432e-6
-0.805, 7.428e-6
-0.806, 7.420e-6
-0.807, 7.412e-6
-0.808, 7.405e-6
-0.809, 7.400e-6
-0.810, 7.395e-6
-0.811, 7.386e-6
-0.812, 7.378e-6
-0.813, 7.369e-6
-0.814, 7.364e-6
-0.815, 7.357e-6
-0.816, 7.348e-6
-0.817, 7.339e-6
-0.818, 7.328e-6
-0.819, 7.326e-6
-0.820, 7.322e-6
-0.821, 7.308e-6
-0.822, 7.298e-6
-0.823, 7.287e-6
-0.824, 7.282e-6
-0.825, 7.275e-6
-0.826, 7.264e-6
-0.827, 7.254e-6
-0.828, 7.244e-6
-0.829, 7.237e-6
-0.830, 7.230e-6
-0.831, 7.217e-6
-0.832, 7.207e-6
-0.833, 7.198e-6
-0.834, 7.190e-6
-0.835, 7.180e-6
-0.836, 7.169e-6
-0.837, 7.157e-6
-0.838, 7.148e-6
-0.839, 7.140e-6
-0.840, 7.132e-6
-0.841, 7.121e-6
-0.842, 7.107e-6
-0.843, 7.099e-6
-0.844, 7.090e-6
-0.845, 7.082e-6
-0.846, 7.070e-6
-0.847, 7.058e-6
-0.848, 7.048e-6
-0.849, 7.040e-6
-0.850, 7.030e-6
-0.851, 7.019e-6
-0.852, 7.007e-6
-0.853, 6.997e-6
-0.854, 6.989e-6
-0.855, 6.981e-6
-0.856, 6.968e-6
-0.857, 6.957e-6
-0.858, 6.947e-6
-0.859, 6.938e-6
-0.860, 6.930e-6
-0.861, 6.917e-6
-0.862, 6.906e-6
-0.863, 6.895e-6
-0.864, 6.888e-6
-0.865, 6.880e-6
-0.866, 6.867e-6
-0.867, 6.856e-6
-0.868, 6.847e-6
-0.869, 6.840e-6
-0.870, 6.831e-6
-0.871, 6.821e-6
-0.872, 6.807e-6
-0.873, 6.798e-6
-0.874, 6.791e-6
-0.875, 6.783e-6
-0.876, 6.770e-6
-0.877, 6.757e-6
-0.878, 6.748e-6
-0.879, 6.742e-6
-0.880, 6.733e-6
-0.881, 6.722e-6
-0.882, 6.710e-6
-0.883, 6.700e-6
-0.884, 6.696e-6
-0.885, 6.685e-6
-0.886, 6.674e-6
-0.887, 6.664e-6
-0.888, 6.654e-6
-0.889, 6.649e-6
-0.890, 6.640e-6
-0.891, 6.628e-6
-0.892, 6.618e-6
-0.893, 6.609e-6
-0.894, 6.604e-6
-0.895, 6.595e-6
-0.896, 6.586e-6
-0.897, 6.574e-6
-0.898, 6.564e-6
-0.899, 6.561e-6
-0.900, 6.552e-6
-0.901, 6.540e-6
-0.902, 6.530e-6
-0.903, 6.520e-6
-0.904, 6.517e-6
-0.905, 6.509e-6
-0.906, 6.497e-6
-0.907, 6.487e-6
-0.908, 6.480e-6
-0.909, 6.475e-6
-0.910, 6.468e-6
-0.911, 6.458e-6
-0.912, 6.446e-6
-0.913, 6.440e-6
-0.914, 6.434e-6
-0.915, 6.427e-6
-0.916, 6.417e-6
-0.917, 6.408e-6
-0.918, 6.400e-6
-0.919, 6.395e-6
-0.920, 6.389e-6
-0.921, 6.379e-6
-0.922, 6.370e-6
-0.923, 6.362e-6
-0.924, 6.359e-6
-0.925, 6.351e-6
-0.926, 6.342e-6
-0.927, 6.333e-6
-0.928, 6.326e-6
-0.929, 6.323e-6
-0.930, 6.314e-6
-0.931, 6.306e-6
-0.932, 6.297e-6
-0.933, 6.290e-6
-0.934, 6.287e-6
-0.935, 6.281e-6
-0.936, 6.271e-6
-0.937, 6.263e-6
-0.938, 6.257e-6
-0.939, 6.253e-6
-0.940, 6.247e-6
-0.941, 6.238e-6
-0.942, 6.231e-6
-0.943, 6.225e-6
-0.944, 6.221e-6
-0.945, 6.216e-6
-0.946, 6.207e-6
-0.947, 6.201e-6
-0.948, 6.195e-6
-0.949, 6.191e-6
-0.950, 6.187e-6
-0.951, 6.179e-6
-0.952, 6.173e-6
-0.953, 6.166e-6
-0.954, 6.164e-6
-0.955, 6.159e-6
-0.956, 6.151e-6
-0.957, 6.144e-6
-0.958, 6.139e-6
-0.959, 6.136e-6
-0.960, 6.131e-6
-0.961, 6.124e-6
-0.962, 6.115e-6
-0.963, 6.111e-6
-0.964, 6.109e-6
-0.965, 6.103e-6
-0.966, 6.095e-6
-0.967, 6.089e-6
-0.968, 6.084e-6
-0.969, 6.082e-6
-0.970, 6.075e-6
-0.971, 6.068e-6
-0.972, 6.061e-6
-0.973, 6.059e-6
-0.974, 6.056e-6
-0.975, 6.051e-6
-0.976, 6.043e-6
-0.977, 6.037e-6
-0.978, 6.031e-6
-0.979, 6.030e-6
-0.980, 6.025e-6
-0.981, 6.017e-6
-0.982, 6.013e-6
-0.983, 6.007e-6
-0.984, 6.005e-6
-0.985, 6.000e-6
-0.986, 5.994e-6
-0.987, 5.988e-6
-0.988, 5.983e-6
-0.989, 5.983e-6
-0.990, 5.976e-6
-0.991, 5.971e-6
-0.992, 5.965e-6
-0.993, 5.962e-6
-0.994, 5.960e-6
-0.995, 5.956e-6
-0.996, 5.949e-6
-0.997, 5.943e-6
-0.998, 5.939e-6
-0.999, 5.939e-6
-1.000, 5.935e-6
-1.001, 5.929e-6
-1.002, 5.924e-6
-1.003, 5.920e-6
-1.004, 5.919e-6
-1.005, 5.915e-6
-1.006, 5.910e-6
-1.007, 5.905e-6
-1.008, 5.902e-6
-1.009, 5.901e-6
-1.010, 5.897e-6
-1.011, 5.892e-6
-1.012, 5.887e-6
-1.013, 5.884e-6
-1.014, 5.883e-6
-1.015, 5.879e-6
-1.016, 5.872e-6
-1.017, 5.869e-6
-1.018, 5.865e-6
-1.019, 5.866e-6
-1.020, 5.860e-6
-1.021, 5.855e-6
-1.022, 5.851e-6
-1.023, 5.847e-6
-1.024, 5.849e-6
-1.025, 5.844e-6
-1.026, 5.838e-6
-1.027, 5.832e-6
-1.028, 5.830e-6
-1.029, 5.829e-6
-1.030, 5.825e-6
-1.031, 5.819e-6
-1.032, 5.815e-6
-1.033, 5.813e-6
-1.034, 5.812e-6
-1.035, 5.809e-6
-1.036, 5.802e-6
-1.037, 5.799e-6
-1.038, 5.796e-6
-1.039, 5.795e-6
-1.040, 5.791e-6
-1.041, 5.786e-6
-1.042, 5.781e-6
-1.043, 5.780e-6
-1.044, 5.780e-6
-1.045, 5.775e-6
-1.046, 5.770e-6
-1.047, 5.766e-6
-1.048, 5.765e-6
-1.049, 5.764e-6
-1.050, 5.760e-6
-1.051, 5.754e-6
-1.052, 5.751e-6
-1.053, 5.749e-6
-1.054, 5.749e-6
-1.055, 5.746e-6
-1.056, 5.741e-6
-1.057, 5.737e-6
-1.058, 5.734e-6
-1.059, 5.734e-6
-1.060, 5.729e-6
-1.061, 5.725e-6
-1.062, 5.722e-6
-1.063, 5.721e-6
-1.064, 5.721e-6
-1.065, 5.718e-6
-1.066, 5.713e-6
-1.067, 5.709e-6
-1.068, 5.709e-6
-1.069, 5.709e-6
-1.070, 5.704e-6
-1.071, 5.699e-6
-1.072, 5.696e-6
-1.073, 5.695e-6
-1.074, 5.694e-6
-1.075, 5.693e-6
-1.076, 5.689e-6
-1.077, 5.685e-6
-1.078, 5.683e-6
-1.079, 5.684e-6
-1.080, 5.680e-6
-1.081, 5.677e-6
-1.082, 5.673e-6
-1.083, 5.672e-6
-1.084, 5.675e-6
-1.085, 5.670e-6
-1.086, 5.666e-6
-1.087, 5.663e-6
-1.088, 5.662e-6
-1.089, 5.663e-6
-1.090, 5.659e-6
-1.091, 5.655e-6
-1.092, 5.652e-6
-1.093, 5.651e-6
-1.094, 5.654e-6
-1.095, 5.650e-6
-1.096, 5.646e-6
-1.097, 5.643e-6
-1.098, 5.643e-6
-1.099, 5.643e-6
-1.100, 5.641e-6
-1.101, 5.637e-6
-1.102, 5.635e-6
-1.103, 5.634e-6
-1.104, 5.636e-6
-1.105, 5.633e-6
-1.106, 5.628e-6
-1.107, 5.627e-6
-1.108, 5.628e-6
-1.109, 5.629e-6
-1.110, 5.626e-6
-1.111, 5.622e-6
-1.112, 5.619e-6
-1.113, 5.620e-6
-1.114, 5.621e-6
-1.115, 5.618e-6
-1.116, 5.615e-6
-1.117, 5.612e-6
-1.118, 5.612e-6
-1.119, 5.613e-6
-1.120, 5.610e-6
-1.121, 5.608e-6
-1.122, 5.605e-6
-1.123, 5.607e-6
-1.124, 5.607e-6
-1.125, 5.604e-6
-1.126, 5.601e-6
-1.127, 5.599e-6
-1.128, 5.600e-6
-1.129, 5.602e-6
-1.130, 5.599e-6
-1.131, 5.596e-6
-1.132, 5.595e-6
-1.133, 5.594e-6
-1.134, 5.597e-6
-1.135, 5.594e-6
-1.136, 5.591e-6
-1.137, 5.589e-6
-1.138, 5.589e-6
-1.139, 5.592e-6
-1.140, 5.592e-6
-1.141, 5.588e-6
-1.142, 5.587e-6
-1.143, 5.586e-6
-1.144, 5.587e-6
-1.145, 5.587e-6
-1.146, 5.584e-6
-1.147, 5.583e-6
-1.148, 5.583e-6
-1.149, 5.585e-6
-1.150, 5.584e-6
-1.151, 5.580e-6
-1.152, 5.580e-6
-1.153, 5.582e-6
-1.154, 5.583e-6
-1.155, 5.583e-6
-1.156, 5.581e-6
-1.157, 5.578e-6
-1.158, 5.580e-6
-1.159, 5.582e-6
-1.160, 5.581e-6
-1.161, 5.578e-6
-1.162, 5.575e-6
-1.163, 5.577e-6
-1.164, 5.579e-6
-1.165, 5.579e-6
-1.166, 5.579e-6
-1.167, 5.576e-6
-1.168, 5.578e-6
-1.169, 5.580e-6
-1.170, 5.578e-6
-1.171, 5.577e-6
-1.172, 5.576e-6
-1.173, 5.577e-6
-1.174, 5.581e-6
-1.175, 5.579e-6
-1.176, 5.577e-6
-1.177, 5.579e-6
-1.178, 5.580e-6
-1.179, 5.583e-6
-1.180, 5.581e-6
-1.181, 5.579e-6
-1.182, 5.578e-6
-1.183, 5.580e-6
-1.184, 5.583e-6
-1.185, 5.582e-6
-1.186, 5.580e-6
-1.187, 5.581e-6
-1.188, 5.583e-6
-1.189, 5.585e-6
-1.190, 5.585e-6
-1.191, 5.583e-6
-1.192, 5.583e-6
-1.193, 5.586e-6
-1.194, 5.588e-6
-1.195, 5.587e-6
-1.196, 5.586e-6
-1.197, 5.585e-6
-1.198, 5.589e-6
-1.199, 5.590e-6
-1.200, 5.590e-6
-1.201, 5.590e-6
-1.202, 5.589e-6
-1.203, 5.593e-6
-1.204, 5.597e-6
-1.205, 5.593e-6
-1.206, 5.595e-6
-1.207, 5.594e-6
-1.208, 5.597e-6
-1.209, 5.601e-6
-1.210, 5.599e-6
-1.211, 5.599e-6
-1.212, 5.599e-6
-1.213, 5.602e-6
-1.214, 5.605e-6
-1.215, 5.604e-6
-1.216, 5.604e-6
-1.217, 5.605e-6
-1.218, 5.606e-6
-1.219, 5.611e-6
-1.220, 5.609e-6
-1.221, 5.610e-6
-1.222, 5.611e-6
-1.223, 5.614e-6
-1.224, 5.617e-6
-1.225, 5.616e-6
-1.226, 5.615e-6
-1.227, 5.615e-6
-1.228, 5.619e-6
-1.229, 5.627e-6
-1.230, 5.625e-6
-1.231, 5.624e-6
-1.232, 5.624e-6
-1.233, 5.628e-6
-1.234, 5.631e-6
-1.235, 5.631e-6
-1.236, 5.629e-6
-1.237, 5.630e-6
-1.238, 5.633e-6
-1.239, 5.636e-6
-1.240, 5.637e-6
-1.241, 5.636e-6
-1.242, 5.637e-6
-1.243, 5.641e-6
-1.244, 5.646e-6
-1.245, 5.644e-6
-1.246, 5.644e-6
-1.247, 5.644e-6
-1.248, 5.648e-6
-1.249, 5.651e-6
-1.250, 5.651e-6
-1.251, 5.652e-6
-1.252, 5.653e-6
-1.253, 5.656e-6
-1.254, 5.661e-6
-1.255, 5.660e-6
-1.256, 5.660e-6
-1.257, 5.661e-6
-1.258, 5.665e-6
-1.259, 5.669e-6
-1.260, 5.669e-6
-1.261, 5.668e-6
-1.262, 5.670e-6
-1.263, 5.674e-6
-1.264, 5.677e-6
-1.265, 5.677e-6
-1.266, 5.676e-6
-1.267, 5.678e-6
-1.268, 5.683e-6
-1.269, 5.686e-6
-1.270, 5.685e-6
-1.271, 5.686e-6
-1.272, 5.687e-6
-1.273, 5.692e-6
-1.274, 5.694e-6
-1.275, 5.695e-6
-1.276, 5.696e-6
-1.277, 5.697e-6
-1.278, 5.701e-6
-1.279, 5.705e-6
-1.280, 5.707e-6
-1.281, 5.707e-6
-1.282, 5.707e-6
-1.283, 5.713e-6
-1.284, 5.716e-6
-1.285, 5.715e-6
-1.286, 5.716e-6
-1.287, 5.718e-6
-1.288, 5.723e-6
-1.289, 5.726e-6
-1.290, 5.727e-6
-1.291, 5.727e-6
-1.292, 5.728e-6
-1.293, 5.734e-6
-1.294, 5.738e-6
-1.295, 5.738e-6
-1.296, 5.739e-6
-1.297, 5.740e-6
-1.298, 5.744e-6
-1.299, 5.749e-6
-1.300, 5.750e-6
-1.301, 5.749e-6
-1.302, 5.752e-6
-1.303, 5.756e-6
-1.304, 5.761e-6
-1.305, 5.761e-6
-1.306, 5.762e-6
-1.307, 5.762e-6
-1.308, 5.769e-6
-1.309, 5.773e-6
-1.310, 5.775e-6
-1.311, 5.775e-6
-1.312, 5.777e-6
-1.313, 5.783e-6
-1.314, 5.786e-6
-1.315, 5.786e-6
-1.316, 5.787e-6
-1.317, 5.789e-6
-1.318, 5.796e-6
-1.319, 5.799e-6
-1.320, 5.799e-6
-1.321, 5.802e-6
-1.322, 5.804e-6
-1.323, 5.810e-6
-1.324, 5.815e-6
-1.325, 5.815e-6
-1.326, 5.817e-6
-1.327, 5.817e-6
-1.328, 5.823e-6
-1.329, 5.829e-6
-1.330, 5.829e-6
-1.331, 5.831e-6
-1.332, 5.833e-6
-1.333, 5.839e-6
-1.334, 5.843e-6
-1.335, 5.844e-6
-1.336, 5.845e-6
-1.337, 5.849e-6
-1.338, 5.853e-6
-1.339, 5.859e-6
-1.340, 5.861e-6
-1.341, 5.861e-6
-1.342, 5.864e-6
-1.343, 5.869e-6
-1.344, 5.874e-6
-1.345, 5.876e-6
-1.346, 5.877e-6
-1.347, 5.880e-6
-1.348, 5.885e-6
-1.349, 5.890e-6
-1.350, 5.891e-6
-1.351, 5.893e-6
-1.352, 5.896e-6
-1.353, 5.903e-6
-1.354, 5.907e-6
-1.355, 5.908e-6
-1.356, 5.909e-6
-1.357, 5.913e-6
-1.358, 5.919e-6
-1.359, 5.923e-6
-1.360, 5.925e-6
-1.361, 5.927e-6
-1.362, 5.930e-6
-1.363, 5.937e-6
-1.364, 5.942e-6
-1.365, 5.943e-6
-1.366, 5.946e-6
-1.367, 5.948e-6
-1.368, 5.956e-6
-1.369, 5.961e-6
-1.370, 5.963e-6
-1.371, 5.965e-6
-1.372, 5.969e-6
-1.373, 5.976e-6
-1.374, 5.983e-6
-1.375, 5.984e-6
-1.376, 5.987e-6
-1.377, 5.992e-6
-1.378, 5.999e-6
-1.379, 6.004e-6
-1.380, 6.005e-6
-1.381, 6.008e-6
-1.382, 6.013e-6
-1.383, 6.024e-6
-1.384, 6.028e-6
-1.385, 6.029e-6
-1.386, 6.031e-6
-1.387, 6.037e-6
-1.388, 6.046e-6
-1.389, 6.051e-6
-1.390, 6.053e-6
-1.391, 6.057e-6
-1.392, 6.062e-6
-1.393, 6.071e-6
-1.394, 6.075e-6
-1.395, 6.080e-6
-1.396, 6.083e-6
-1.397, 6.086e-6
-1.398, 6.096e-6
-1.399, 6.102e-6
-1.400, 6.106e-6
-1.401, 6.110e-6
-1.402, 6.115e-6
-1.403, 6.123e-6
-1.404, 6.132e-6
-1.405, 6.132e-6
-1.406, 6.137e-6
-1.407, 6.142e-6
-1.408, 6.152e-6
-1.409, 6.159e-6
-1.410, 6.161e-6
-1.411, 6.166e-6
-1.412, 6.172e-6
-1.413, 6.182e-6
-1.414, 6.188e-6
-1.415, 6.191e-6
-1.416, 6.194e-6
-1.417, 6.201e-6
-1.418, 6.210e-6
-1.419, 6.218e-6
-1.420, 6.222e-6
-1.421, 6.226e-6
-1.422, 6.234e-6
-1.423, 6.243e-6
-1.424, 6.250e-6
-1.425, 6.253e-6
-1.426, 6.258e-6
-1.427, 6.267e-6
-1.428, 6.278e-6
-1.429, 6.285e-6
-1.430, 6.290e-6
-1.431, 6.294e-6
-1.432, 6.303e-6
-1.433, 6.316e-6
-1.434, 6.325e-6
-1.435, 6.329e-6
-1.436, 6.335e-6
-1.437, 6.343e-6
-1.438, 6.355e-6
-1.439, 6.363e-6
-1.440, 6.370e-6
-1.441, 6.376e-6
-1.442, 6.385e-6
-1.443, 6.396e-6
-1.444, 6.406e-6
-1.445, 6.410e-6
-1.446, 6.418e-6
-1.447, 6.429e-6
-1.448, 6.441e-6
-1.449, 6.451e-6
-1.450, 6.456e-6
-1.451, 6.464e-6
-1.452, 6.474e-6
-1.453, 6.486e-6
-1.454, 6.497e-6
-1.455, 6.502e-6
-1.456, 6.510e-6
-1.457, 6.521e-6
-1.458, 6.534e-6
-1.459, 6.546e-6
-1.460, 6.554e-6
-1.461, 6.562e-6
-1.462, 6.575e-6
-1.463, 6.589e-6
-1.464, 6.599e-6
-1.465, 6.607e-6
-1.466, 6.617e-6
-1.467, 6.629e-6
-1.468, 6.645e-6
-1.469, 6.656e-6
-1.470, 6.664e-6
-1.471, 6.673e-6
-1.472, 6.686e-6
-1.473, 6.703e-6
-1.474, 6.714e-6
-1.475, 6.725e-6
-1.476, 6.735e-6
-1.477, 6.747e-6
-1.478, 6.766e-6
-1.479, 6.777e-6
-1.480, 6.788e-6
-1.481, 6.800e-6
-1.482, 6.814e-6
-1.483, 6.832e-6
-1.484, 6.844e-6
-1.485, 6.857e-6
-1.486, 6.870e-6
-1.487, 6.883e-6
-1.488, 6.902e-6
-1.489, 6.915e-6
-1.490, 6.926e-6
-1.491, 6.940e-6
-1.492, 6.955e-6
-1.493, 6.976e-6
-1.494, 6.990e-6
-1.495, 7.002e-6
-1.496, 7.014e-6
-1.497, 7.033e-6
-1.498, 7.053e-6
-1.499, 7.070e-6
-1.500, 7.083e-6
-1.501, 7.097e-6
-1.502, 7.117e-6
-1.503, 7.137e-6
-1.504, 7.154e-6
-1.505, 7.169e-6
-1.506, 7.184e-6
-1.507, 7.204e-6
-1.508, 7.227e-6
-1.509, 7.243e-6
-1.510, 7.259e-6
-1.511, 7.275e-6
-1.512, 7.294e-6
-1.513, 7.318e-6
-1.514, 7.336e-6
-1.515, 7.353e-6
-1.516, 7.371e-6
-1.517, 7.391e-6
-1.518, 7.417e-6
-1.519, 7.436e-6
-1.520, 7.454e-6
-1.521, 7.473e-6
-1.522, 7.495e-6
-1.523, 7.522e-6
-1.524, 7.543e-6
-1.525, 7.559e-6
-1.526, 7.581e-6
-1.527, 7.606e-6
-1.528, 7.633e-6
-1.529, 7.657e-6
-1.530, 7.676e-6
-1.531, 7.698e-6
-1.532, 7.723e-6
-1.533, 7.752e-6
-1.534, 7.776e-6
-1.535, 7.796e-6
-1.536, 7.819e-6
-1.537, 7.848e-6
-1.538, 7.875e-6
-1.539, 7.902e-6
-1.540, 7.925e-6
-1.541, 7.949e-6
-1.542, 7.979e-6
-1.543, 8.009e-6
-1.544, 8.036e-6
-1.545, 8.061e-6
-1.546, 8.084e-6
-1.547, 8.116e-6
-1.548, 8.149e-6
-1.549, 8.177e-6
-1.550, 8.206e-6
-1.551, 8.234e-6
-1.552, 8.268e-6
-1.553, 8.305e-6
-1.554, 8.334e-6
-1.555, 8.361e-6
-1.556, 8.390e-6
-1.557, 8.423e-6
-1.558, 8.461e-6
-1.559, 8.492e-6
-1.560, 8.522e-6
-1.561, 8.554e-6
-1.562, 8.591e-6
-1.563, 8.629e-6
-1.564, 8.660e-6
-1.565, 8.692e-6
-1.566, 8.725e-6
-1.567, 8.764e-6
-1.568, 8.805e-6
-1.569, 8.842e-6
-1.570, 8.874e-6
-1.571, 8.909e-6
-1.572, 8.949e-6
-1.573, 8.991e-6
-1.574, 9.031e-6
-1.575, 9.065e-6
-1.576, 9.104e-6
-1.577, 9.146e-6
-1.578, 9.193e-6
-1.579, 9.236e-6
-1.580, 9.275e-6
-1.581, 9.316e-6
-1.582, 9.362e-6
-1.583, 9.409e-6
-1.584, 9.454e-6
-1.585, 9.498e-6
-1.586, 9.541e-6
-1.587, 9.595e-6
-1.588, 9.644e-6
-1.589, 9.691e-6
-1.590, 9.738e-6
-1.591, 9.785e-6
-1.592, 9.838e-6
-1.593, 9.895e-6
-1.594, 9.944e-6
-1.595, 9.993e-6
-1.596, 1.005e-5
-1.597, 1.010e-5
-1.598, 1.016e-5
-1.599, 1.021e-5
-1.600, 1.026e-5
-1.601, 1.032e-5
-1.602, 1.038e-5
-1.603, 1.045e-5
-1.604, 1.050e-5
-1.605, 1.056e-5
-1.606, 1.063e-5
-1.607, 1.069e-5
-1.608, 1.076e-5
-1.609, 1.083e-5
-1.610, 1.089e-5
-1.611, 1.096e-5
-1.612, 1.103e-5
-1.613, 1.110e-5
-1.614, 1.117e-5
-1.615, 1.125e-5
-1.616, 1.132e-5
-1.617, 1.140e-5
-1.618, 1.148e-5
-1.619, 1.155e-5
-1.620, 1.163e-5
-1.621, 1.171e-5
-1.622, 1.179e-5
-1.623, 1.188e-5
-1.624, 1.197e-5
-1.625, 1.204e-5
-1.626, 1.212e-5
-1.627, 1.221e-5
-1.628, 1.230e-5
-1.629, 1.239e-5
-1.630, 1.249e-5
-1.631, 1.258e-5
-1.632, 1.268e-5
-1.633, 1.279e-5
-1.634, 1.289e-5
-1.635, 1.299e-5
-1.636, 1.309e-5
-1.637, 1.320e-5
-1.638, 1.331e-5
-1.639, 1.343e-5
-1.640, 1.354e-5
-1.641, 1.365e-5
-1.642, 1.377e-5
-1.643, 1.390e-5
-1.644, 1.401e-5
-1.645, 1.413e-5
-1.646, 1.425e-5
-1.647, 1.438e-5
-1.648, 1.451e-5
-1.649, 1.465e-5
-1.650, 1.477e-5
-1.651, 1.491e-5
-1.652, 1.505e-5
-1.653, 1.520e-5
-1.654, 1.534e-5
-1.655, 1.548e-5
-1.656, 1.563e-5
-1.657, 1.578e-5
-1.658, 1.594e-5
-1.659, 1.610e-5
-1.660, 1.626e-5
-1.661, 1.642e-5
-1.662, 1.660e-5
-1.663, 1.677e-5
-1.664, 1.694e-5
-1.665, 1.711e-5
-1.666, 1.729e-5
-1.667, 1.748e-5
-1.668, 1.767e-5
-1.669, 1.786e-5
-1.670, 1.804e-5
-1.671, 1.823e-5
-1.672, 1.844e-5
-1.673, 1.864e-5
-1.674, 1.885e-5
-1.675, 1.906e-5
-1.676, 1.927e-5
-1.677, 1.950e-5
-1.678, 1.973e-5
-1.679, 1.994e-5
-1.680, 2.017e-5
-1.681, 2.041e-5
-1.682, 2.065e-5
-1.683, 2.090e-5
-1.684, 2.115e-5
-1.685, 2.139e-5
-1.686, 2.165e-5
-1.687, 2.192e-5
-1.688, 2.220e-5
-1.689, 2.246e-5
-1.690, 2.274e-5
-1.691, 2.301e-5
-1.692, 2.330e-5
-1.693, 2.360e-5
-1.694, 2.390e-5
-1.695, 2.420e-5
-1.696, 2.451e-5
-1.697, 2.483e-5
-1.698, 2.517e-5
-1.699, 2.550e-5
-1.700, 2.582e-5
-1.701, 2.616e-5
-1.702, 2.652e-5
-1.703, 2.688e-5
-1.704, 2.723e-5
-1.705, 2.759e-5
-1.706, 2.795e-5
-1.707, 2.833e-5
-1.708, 2.873e-5
-1.709, 2.912e-5
-1.710, 2.953e-5
-1.711, 2.992e-5
-1.712, 3.035e-5
-1.713, 3.078e-5
-1.714, 3.122e-5
-1.715, 3.166e-5
-1.716, 3.212e-5
-1.717, 3.258e-5
-1.718, 3.306e-5
-1.719, 3.354e-5
-1.720, 3.401e-5
-1.721, 3.451e-5
-1.722, 3.502e-5
-1.723, 3.553e-5
-1.724, 3.605e-5
-1.725, 3.658e-5
-1.726, 3.713e-5
-1.727, 3.768e-5
-1.728, 3.826e-5
-1.729, 3.883e-5
-1.730, 3.941e-5
-1.731, 4.000e-5
-1.732, 4.060e-5
-1.733, 4.122e-5
-1.734, 4.186e-5
-1.735, 4.250e-5
-1.736, 4.315e-5
-1.737, 4.380e-5
-1.738, 4.449e-5
-1.739, 4.518e-5
-1.740, 4.587e-5
-1.741, 4.657e-5
-1.742, 4.733e-5
-1.743, 4.808e-5
-1.744, 4.884e-5
-1.745, 4.959e-5
-1.746, 5.037e-5
-1.747, 5.118e-5
-1.748, 5.199e-5
-1.749, 5.279e-5
-1.750, 5.364e-5
-1.751, 5.450e-5
-1.752, 5.538e-5
-1.753, 5.628e-5
-1.754, 5.718e-5
-1.755, 5.809e-5
-1.756, 5.904e-5
-1.757, 5.999e-5
-1.758, 6.097e-5
-1.759, 6.195e-5
-1.760, 6.297e-5
-1.761, 6.400e-5
-1.762, 6.506e-5
-1.763, 6.613e-5
-1.764, 6.723e-5
-1.765, 6.833e-5
-1.766, 6.946e-5
-1.767, 7.061e-5
-1.768, 7.181e-5
-1.769, 7.300e-5
-1.770, 7.421e-5
-1.771, 7.545e-5
-1.772, 7.671e-5
-1.773, 7.800e-5
-1.774, 7.933e-5
-1.775, 8.068e-5
-1.776, 8.203e-5
-1.777, 8.342e-5
-1.778, 8.484e-5
-1.779, 8.627e-5
-1.780, 8.773e-5
-1.781, 8.922e-5
-1.782, 9.076e-5
-1.783, 9.230e-5
-1.784, 9.388e-5
-1.785, 9.547e-5
-1.786, 9.708e-5
-1.787, 9.875e-5
-1.788, 1.004e-4
-1.789, 1.022e-4
-1.790, 1.039e-4
-1.791, 1.057e-4
-1.792, 1.076e-4
-1.793, 1.094e-4
-1.794, 1.113e-4
-1.795, 1.132e-4
-1.796, 1.152e-4
-1.797, 1.172e-4
-1.798, 1.193e-4
-1.799, 1.213e-4
-1.800, 1.234e-4
-1.801, 1.256e-4
-1.802, 1.278e-4
-1.803, 1.300e-4
-1.804, 1.323e-4
-1.805, 1.345e-4
-1.806, 1.369e-4
-1.807, 1.392e-4
-1.808, 1.417e-4
-1.809, 1.441e-4
-1.810, 1.466e-4
-1.811, 1.492e-4
-1.812, 1.518e-4
-1.813, 1.544e-4
-1.814, 1.570e-4
-1.815, 1.597e-4
-1.816, 1.624e-4
-1.817, 1.652e-4
-1.818, 1.681e-4
-1.819, 1.709e-4
-1.820, 1.738e-4
-1.821, 1.767e-4
-1.822, 1.797e-4
-1.823, 1.827e-4
-1.824, 1.857e-4
-1.825, 1.888e-4
-1.826, 1.919e-4
-1.827, 1.950e-4
-1.828, 1.982e-4
-1.829, 2.014e-4
-1.830, 2.046e-4
-1.831, 2.078e-4
-1.832, 2.110e-4
-1.833, 2.143e-4
-1.834, 2.176e-4
-1.835, 2.209e-4
-1.836, 2.242e-4
-1.837, 2.275e-4
-1.838, 2.309e-4
-1.839, 2.342e-4
-1.840, 2.375e-4
-1.841, 2.409e-4
-1.842, 2.442e-4
-1.843, 2.476e-4
-1.844, 2.509e-4
-1.845, 2.543e-4
-1.846, 2.577e-4
-1.847, 2.610e-4
-1.848, 2.644e-4
-1.849, 2.677e-4
-1.850, 2.711e-4
-1.851, 2.745e-4
-1.852, 2.779e-4
-1.853, 2.812e-4
-1.854, 2.847e-4
-1.855, 2.881e-4
-1.856, 2.915e-4
-1.857, 2.950e-4
-1.858, 2.985e-4
-1.859, 3.020e-4
-1.860, 3.055e-4
-1.861, 3.091e-4
-1.862, 3.128e-4
-1.863, 3.164e-4
-1.864, 3.201e-4
-1.865, 3.238e-4
-1.866, 3.275e-4
-1.867, 3.313e-4
-1.868, 3.351e-4
-1.869, 3.390e-4
-1.870, 3.428e-4
-1.871, 3.467e-4
-1.872, 3.506e-4
-1.873, 3.546e-4
-1.874, 3.587e-4
-1.875, 3.627e-4
-1.876, 3.669e-4
-1.877, 3.711e-4
-1.878, 3.753e-4
-1.879, 3.795e-4
-1.880, 3.838e-4
-1.881, 3.881e-4
-1.882, 3.925e-4
-1.883, 3.969e-4
-1.884, 4.013e-4
-1.885, 4.058e-4
-1.886, 4.103e-4
-1.887, 4.148e-4
-1.888, 4.194e-4
-1.889, 4.240e-4
-1.890, 4.287e-4
-1.891, 4.334e-4
-1.892, 4.382e-4
-1.893, 4.429e-4
-1.894, 4.478e-4
-1.895, 4.526e-4
-1.896, 4.575e-4
-1.897, 4.625e-4
-1.898, 4.675e-4
-1.899, 4.725e-4
-1.900, 4.776e-4
-1.901, 4.827e-4
-1.902, 4.879e-4
-1.903, 4.931e-4
-1.904, 4.983e-4
-1.905, 5.035e-4
-1.906, 5.088e-4
-1.907, 5.142e-4
-1.908, 5.195e-4
-1.909, 5.249e-4
-1.910, 5.303e-4
-1.911, 5.358e-4
-1.912, 5.413e-4
-1.913, 5.469e-4
-1.914, 5.525e-4
-1.915, 5.581e-4
-1.916, 5.638e-4
-1.917, 5.696e-4
-1.918, 5.754e-4
-1.919, 5.811e-4
-1.920, 5.870e-4
-1.921, 5.929e-4
-1.922, 5.988e-4
-1.923, 6.048e-4
-1.924, 6.108e-4
-1.925, 6.168e-4
-1.926, 6.230e-4
-1.927, 6.291e-4
-1.928, 6.353e-4
-1.929, 6.415e-4
-1.930, 6.478e-4
-1.931, 6.541e-4
-1.932, 6.605e-4
-1.933, 6.669e-4
-1.934, 6.733e-4
-1.935, 6.797e-4
-1.936, 6.862e-4
-1.937, 6.928e-4
-1.938, 6.994e-4
-1.939, 7.061e-4
-1.940, 7.127e-4
-1.941, 7.195e-4
-1.942, 7.263e-4
-1.943, 7.331e-4
-1.944, 7.399e-4
-1.945, 7.468e-4
-1.946, 7.538e-4
-1.947, 7.608e-4
-1.948, 7.678e-4
-1.949, 7.748e-4
-1.950, 7.819e-4
-1.951, 7.890e-4
-1.952, 7.963e-4
-1.953, 8.035e-4
-1.954, 8.107e-4
-1.955, 8.181e-4
-1.956, 8.254e-4
-1.957, 8.329e-4
-1.958, 8.403e-4
-1.959, 8.478e-4
-1.960, 8.553e-4
-1.961, 8.628e-4
-1.962, 8.704e-4
-1.963, 8.781e-4
-1.964, 8.859e-4
-1.965, 8.936e-4
-1.966, 9.014e-4
-1.967, 9.091e-4
-1.968, 9.168e-4
-1.969, 9.246e-4
-1.970, 9.325e-4
-1.971, 9.404e-4
-1.972, 9.484e-4
-1.973, 9.565e-4
-1.974, 9.646e-4
-1.975, 9.727e-4
-1.976, 9.808e-4
-1.977, 9.890e-4
-1.978, 9.973e-4
-1.979, 1.006e-3
-1.980, 1.011e-3
-1.981, 1.011e-3
-1.982, 1.011e-3
-1.983, 1.011e-3
-1.984, 1.011e-3
-1.985, 1.011e-3
-1.986, 1.011e-3
-1.987, 1.011e-3
-1.988, 1.011e-3
-1.989, 1.011e-3
-1.990, 1.011e-3
-1.991, 1.011e-3
-1.992, 1.011e-3
-1.993, 1.011e-3
-1.994, 1.011e-3
-1.995, 1.011e-3
-1.996, 1.011e-3
-1.997, 1.011e-3
-1.998, 1.011e-3
-1.999, 1.011e-3
-2.000, 1.011e-3
-2.001, 1.011e-3
-2.002, 1.011e-3
-2.003, 1.011e-3
-2.004, 1.011e-3
-2.005, 1.011e-3
-2.006, 1.011e-3
-2.007, 1.011e-3
-2.008, 1.011e-3
-2.009, 1.011e-3
-2.010, 1.011e-3
-2.011, 1.011e-3
-2.012, 1.011e-3
-2.013, 1.011e-3
-2.014, 1.011e-3
-2.015, 1.011e-3
-2.016, 1.011e-3
-2.017, 1.011e-3
-2.018, 1.011e-3
-2.019, 1.011e-3
-2.020, 1.011e-3
-2.021, 1.011e-3
-2.022, 1.011e-3
-2.023, 1.011e-3
-2.024, 1.011e-3
-2.025, 1.011e-3
-2.026, 1.011e-3
-2.027, 1.011e-3
-2.028, 1.011e-3
-2.029, 1.011e-3
-2.030, 1.011e-3
-2.031, 1.011e-3
-2.032, 1.011e-3
-2.033, 1.011e-3
-2.034, 1.011e-3
-2.035, 1.011e-3
-2.036, 1.011e-3
-2.037, 1.011e-3
-2.038, 1.011e-3
-2.039, 1.011e-3
-2.040, 1.011e-3
-2.041, 1.011e-3
-2.042, 1.011e-3
-2.043, 1.011e-3
-2.044, 1.011e-3
-2.045, 1.011e-3
-2.046, 1.011e-3
-2.047, 1.011e-3
-2.048, 1.011e-3
-2.049, 1.011e-3
-2.050, 1.011e-3
-2.051, 1.011e-3
-2.052, 1.011e-3
-2.053, 1.011e-3
-2.054, 1.011e-3
-2.055, 1.011e-3
-2.056, 1.011e-3
-2.057, 1.011e-3
-2.058, 1.011e-3
-2.059, 1.011e-3
-2.060, 1.011e-3
-2.061, 1.011e-3
-2.062, 1.011e-3
-2.063, 1.011e-3
-2.064, 1.011e-3
-2.065, 1.011e-3
-2.066, 1.011e-3
-2.067, 1.011e-3
-2.068, 1.011e-3
-2.069, 1.011e-3
-2.070, 1.011e-3
-2.071, 1.011e-3
-2.072, 1.011e-3
-2.073, 1.011e-3
-2.074, 1.011e-3
-2.075, 1.011e-3
-2.076, 1.011e-3
-2.077, 1.011e-3
-2.078, 1.011e-3
-2.079, 1.011e-3
-2.080, 1.011e-3
-2.081, 1.011e-3
-2.082, 1.011e-3
-2.083, 1.011e-3
-2.084, 1.011e-3
-2.085, 1.011e-3
-2.086, 1.011e-3
-2.087, 1.011e-3
-2.088, 1.011e-3
-2.089, 1.011e-3
-2.090, 1.011e-3
-2.091, 1.011e-3
-2.092, 1.011e-3
-2.093, 1.011e-3
-2.094, 1.011e-3
-2.095, 1.011e-3
-2.096, 1.011e-3
-2.097, 1.011e-3
-2.098, 1.011e-3
-2.099, 1.011e-3
-2.100, 1.011e-3
-2.101, 1.011e-3
-2.102, 1.011e-3
-2.103, 1.011e-3
-2.104, 1.011e-3
-2.105, 1.011e-3
-2.106, 1.011e-3
-2.107, 1.011e-3
-2.108, 1.011e-3
-2.109, 1.011e-3
-2.110, 1.011e-3
-2.111, 1.011e-3
-2.112, 1.011e-3
-2.113, 1.011e-3
-2.114, 1.011e-3
-2.115, 1.011e-3
-2.116, 1.011e-3
-2.117, 1.011e-3
-2.118, 1.011e-3
-2.119, 1.011e-3
-2.120, 1.011e-3
-2.121, 1.011e-3
-2.122, 1.011e-3
-2.123, 1.011e-3
-2.124, 1.011e-3
-2.125, 1.011e-3
-2.126, 1.011e-3
-2.127, 1.011e-3
-2.128, 1.011e-3
-2.129, 1.011e-3
-2.130, 1.011e-3
-2.131, 1.011e-3
-2.132, 1.011e-3
-2.133, 1.011e-3
-2.134, 1.011e-3
-2.135, 1.011e-3
-2.136, 1.011e-3
-2.137, 1.011e-3
-2.138, 1.011e-3
-2.139, 1.011e-3
-2.140, 1.011e-3
-2.141, 1.011e-3
-2.142, 1.011e-3
-2.143, 1.011e-3
-2.144, 1.011e-3
-2.145, 1.011e-3
-2.146, 1.011e-3
-2.147, 1.011e-3
-2.148, 1.011e-3
-2.149, 1.011e-3
-2.150, 1.011e-3
-2.151, 1.011e-3
-2.152, 1.011e-3
-2.153, 1.011e-3
-2.154, 1.011e-3
-2.155, 1.011e-3
-2.156, 1.011e-3
-2.157, 1.011e-3
-2.158, 1.011e-3
-2.159, 1.011e-3
-2.160, 1.011e-3
-2.161, 1.011e-3
-2.162, 1.011e-3
-2.163, 1.011e-3
-2.164, 1.011e-3
-2.165, 1.011e-3
-2.166, 1.011e-3
-2.167, 1.011e-3
-2.168, 1.011e-3
-2.169, 1.011e-3
-2.170, 1.011e-3
-2.171, 1.011e-3
-2.172, 1.011e-3
-2.173, 1.011e-3
-2.174, 1.011e-3
-2.175, 1.011e-3
-2.176, 1.011e-3
-2.177, 1.011e-3
-2.178, 1.011e-3
-2.179, 1.011e-3
-2.180, 1.011e-3
-2.181, 1.011e-3
-2.182, 1.011e-3
-2.183, 1.011e-3
-2.184, 1.011e-3
-2.185, 1.011e-3
-2.186, 1.011e-3
-2.187, 1.011e-3
-2.188, 1.011e-3
-2.189, 1.011e-3
-2.190, 1.011e-3
-2.191, 1.011e-3
-2.192, 1.011e-3
-2.193, 1.011e-3
-2.194, 1.011e-3
-2.195, 1.011e-3
-2.196, 1.011e-3
-2.197, 1.011e-3
-2.198, 1.011e-3
-2.199, 1.011e-3
-2.200, 1.011e-3
-2.201, 1.011e-3
-2.202, 1.011e-3
-2.203, 1.011e-3
-2.204, 1.011e-3
-2.205, 1.011e-3
-2.206, 1.011e-3
-2.207, 1.011e-3
-2.208, 1.011e-3
-2.209, 1.011e-3
-2.210, 1.011e-3
-2.211, 1.011e-3
-2.212, 1.011e-3
-2.213, 1.011e-3
-2.214, 1.011e-3
-2.215, 1.011e-3
-2.216, 1.011e-3
-2.217, 1.011e-3
-2.218, 1.011e-3
-2.219, 1.011e-3
-2.220, 1.011e-3
-2.221, 1.011e-3
-2.222, 1.011e-3
-2.223, 1.011e-3
-2.224, 1.011e-3
-2.225, 1.011e-3
-2.226, 1.011e-3
-2.227, 1.011e-3
-2.228, 1.011e-3
-2.229, 1.011e-3
-2.230, 1.011e-3
-2.231, 1.011e-3
-2.232, 1.011e-3
-2.233, 1.011e-3
-2.234, 1.011e-3
-2.235, 1.011e-3
-2.236, 1.011e-3
-2.237, 1.011e-3
-2.238, 1.011e-3
-2.239, 1.011e-3
-2.240, 1.011e-3
-2.241, 1.011e-3
-2.242, 1.011e-3
-2.243, 1.011e-3
-2.244, 1.011e-3
-2.245, 1.011e-3
-2.246, 1.011e-3
-2.247, 1.011e-3
-2.248, 1.011e-3
-2.249, 1.011e-3
-2.250, 1.011e-3
-2.251, 1.011e-3
-2.252, 1.011e-3
-2.253, 1.011e-3
-2.254, 1.011e-3
-2.255, 1.011e-3
-2.256, 1.011e-3
-2.257, 1.011e-3
-2.258, 1.011e-3
-2.259, 1.011e-3
-2.260, 1.011e-3
-2.261, 1.011e-3
-2.262, 1.011e-3
-2.263, 1.011e-3
-2.264, 1.011e-3
-2.265, 1.011e-3
-2.266, 1.011e-3
-2.267, 1.011e-3
-2.268, 1.011e-3
-2.269, 1.011e-3
-2.270, 1.011e-3
-2.271, 1.011e-3
-2.272, 1.011e-3
-2.273, 1.011e-3
-2.274, 1.011e-3
-2.275, 1.011e-3
-2.276, 1.011e-3
-2.277, 1.011e-3
-2.278, 1.011e-3
-2.279, 1.011e-3
-2.280, 1.011e-3
-2.281, 1.011e-3
-2.282, 1.011e-3
-2.283, 1.011e-3
-2.284, 1.011e-3
-2.285, 1.011e-3
-2.286, 1.011e-3
-2.287, 1.011e-3
-2.288, 1.011e-3
-2.289, 1.011e-3
-2.290, 1.011e-3
-2.291, 1.011e-3
-2.292, 1.011e-3
-2.293, 1.011e-3
-2.294, 1.011e-3
-2.295, 1.011e-3
-2.296, 1.011e-3
-2.297, 1.011e-3
-2.298, 1.011e-3
-2.299, 1.011e-3
