May 4, 2025   01:39:02
Cyclic Voltammetry
File: c:/users/guazh/data/banditlqround7_x0exp1108_r5/2025-04-30-exp1233\exp1233-2025-05-04t01_30_52-h2koh\exp1233_cv_sr_700mvs_efin_-1400mv.bin
Data Source:  Experiment
Instrument Model:  CHI760E
Header: CV ran at 700 mVs
Note: 

Init E (V) = -1
High E (V) = -1
Low E (V) = -1.4
Final E (V) = -1
Init P/N = N
Scan Rate (V/s) = 0.7
Segment = 3
Sample Interval (V) = 0.001
Quiet Time (sec) = 2
Sensitivity (A/V) = 0.01
Comp R (ohm) = 1.0

Results:

Channel 1:
Segment 1:

Segment 2:

Segment 3:

Potential/V, Current/A

-1.000, 1.389e-4
-1.001, 4.225e-4
-1.002, 6.322e-4
-1.003, 7.987e-4
-1.004, 9.374e-4
-1.005, 1.045e-3
-1.006, 1.144e-3
-1.007, 1.230e-3
-1.008, 1.307e-3
-1.009, 1.381e-3
-1.010, 1.440e-3
-1.011, 1.502e-3
-1.012, 1.548e-3
-1.013, 1.588e-3
-1.014, 1.622e-3
-1.015, 1.647e-3
-1.016, 1.668e-3
-1.017, 1.696e-3
-1.018, 1.717e-3
-1.019, 1.745e-3
-1.020, 1.773e-3
-1.021, 1.798e-3
-1.022, 1.828e-3
-1.023, 1.847e-3
-1.024, 1.869e-3
-1.025, 1.881e-3
-1.026, 1.887e-3
-1.027, 1.896e-3
-1.028, 1.899e-3
-1.029, 1.912e-3
-1.030, 1.924e-3
-1.031, 1.939e-3
-1.032, 1.958e-3
-1.033, 1.976e-3
-1.034, 1.992e-3
-1.035, 2.004e-3
-1.036, 2.013e-3
-1.037, 2.013e-3
-1.038, 2.017e-3
-1.039, 2.017e-3
-1.040, 2.017e-3
-1.041, 2.023e-3
-1.042, 2.029e-3
-1.043, 2.044e-3
-1.044, 2.054e-3
-1.045, 2.066e-3
-1.046, 2.078e-3
-1.047, 2.084e-3
-1.048, 2.091e-3
-1.049, 2.094e-3
-1.050, 2.091e-3
-1.051, 2.091e-3
-1.052, 2.091e-3
-1.053, 2.097e-3
-1.054, 2.106e-3
-1.055, 2.118e-3
-1.056, 2.131e-3
-1.057, 2.143e-3
-1.058, 2.152e-3
-1.059, 2.158e-3
-1.060, 2.164e-3
-1.061, 2.161e-3
-1.062, 2.164e-3
-1.063, 2.158e-3
-1.064, 2.164e-3
-1.065, 2.171e-3
-1.066, 2.180e-3
-1.067, 2.195e-3
-1.068, 2.205e-3
-1.069, 2.220e-3
-1.070, 2.223e-3
-1.071, 2.232e-3
-1.072, 2.232e-3
-1.073, 2.235e-3
-1.074, 2.232e-3
-1.075, 2.232e-3
-1.076, 2.242e-3
-1.077, 2.245e-3
-1.078, 2.257e-3
-1.079, 2.266e-3
-1.080, 2.279e-3
-1.081, 2.291e-3
-1.082, 2.297e-3
-1.083, 2.297e-3
-1.084, 2.300e-3
-1.085, 2.297e-3
-1.086, 2.294e-3
-1.087, 2.297e-3
-1.088, 2.303e-3
-1.089, 2.312e-3
-1.090, 2.322e-3
-1.091, 2.337e-3
-1.092, 2.349e-3
-1.093, 2.359e-3
-1.094, 2.368e-3
-1.095, 2.371e-3
-1.096, 2.371e-3
-1.097, 2.371e-3
-1.098, 2.371e-3
-1.099, 2.377e-3
-1.100, 2.380e-3
-1.101, 2.393e-3
-1.102, 2.405e-3
-1.103, 2.417e-3
-1.104, 2.433e-3
-1.105, 2.439e-3
-1.106, 2.448e-3
-1.107, 2.451e-3
-1.108, 2.451e-3
-1.109, 2.454e-3
-1.110, 2.454e-3
-1.111, 2.464e-3
-1.112, 2.470e-3
-1.113, 2.485e-3
-1.114, 2.501e-3
-1.115, 2.513e-3
-1.116, 2.528e-3
-1.117, 2.538e-3
-1.118, 2.544e-3
-1.119, 2.547e-3
-1.120, 2.550e-3
-1.121, 2.553e-3
-1.122, 2.559e-3
-1.123, 2.568e-3
-1.124, 2.581e-3
-1.125, 2.596e-3
-1.126, 2.612e-3
-1.127, 2.630e-3
-1.128, 2.639e-3
-1.129, 2.655e-3
-1.130, 2.658e-3
-1.131, 2.664e-3
-1.132, 2.667e-3
-1.133, 2.667e-3
-1.134, 2.676e-3
-1.135, 2.682e-3
-1.136, 2.701e-3
-1.137, 2.716e-3
-1.138, 2.732e-3
-1.139, 2.750e-3
-1.140, 2.766e-3
-1.141, 2.775e-3
-1.142, 2.784e-3
-1.143, 2.790e-3
-1.144, 2.793e-3
-1.145, 2.806e-3
-1.146, 2.815e-3
-1.147, 2.830e-3
-1.148, 2.849e-3
-1.149, 2.864e-3
-1.150, 2.889e-3
-1.151, 2.908e-3
-1.152, 2.923e-3
-1.153, 2.938e-3
-1.154, 2.941e-3
-1.155, 2.951e-3
-1.156, 2.957e-3
-1.157, 2.969e-3
-1.158, 2.982e-3
-1.159, 3.000e-3
-1.160, 3.022e-3
-1.161, 3.043e-3
-1.162, 3.065e-3
-1.163, 3.083e-3
-1.164, 3.102e-3
-1.165, 3.111e-3
-1.166, 3.120e-3
-1.167, 3.133e-3
-1.168, 3.136e-3
-1.169, 3.151e-3
-1.170, 3.167e-3
-1.171, 3.188e-3
-1.172, 3.216e-3
-1.173, 3.237e-3
-1.174, 3.262e-3
-1.175, 3.281e-3
-1.176, 3.296e-3
-1.177, 3.311e-3
-1.178, 3.327e-3
-1.179, 3.339e-3
-1.180, 3.351e-3
-1.181, 3.367e-3
-1.182, 3.388e-3
-1.183, 3.413e-3
-1.184, 3.435e-3
-1.185, 3.462e-3
-1.186, 3.487e-3
-1.187, 3.509e-3
-1.188, 3.527e-3
-1.189, 3.540e-3
-1.190, 3.558e-3
-1.191, 3.570e-3
-1.192, 3.589e-3
-1.193, 3.607e-3
-1.194, 3.632e-3
-1.195, 3.657e-3
-1.196, 3.684e-3
-1.197, 3.709e-3
-1.198, 3.737e-3
-1.199, 3.762e-3
-1.200, 3.777e-3
-1.201, 3.792e-3
-1.202, 3.808e-3
-1.203, 3.826e-3
-1.204, 3.848e-3
-1.205, 3.863e-3
-1.206, 3.891e-3
-1.207, 3.925e-3
-1.208, 3.953e-3
-1.209, 3.984e-3
-1.210, 4.011e-3
-1.211, 4.033e-3
-1.212, 4.054e-3
-1.213, 4.070e-3
-1.214, 4.095e-3
-1.215, 4.110e-3
-1.216, 4.135e-3
-1.217, 4.162e-3
-1.218, 4.193e-3
-1.219, 4.224e-3
-1.220, 4.258e-3
-1.221, 4.289e-3
-1.222, 4.317e-3
-1.223, 4.344e-3
-1.224, 4.363e-3
-1.225, 4.384e-3
-1.226, 4.403e-3
-1.227, 4.428e-3
-1.228, 4.452e-3
-1.229, 4.486e-3
-1.230, 4.520e-3
-1.231, 4.551e-3
-1.232, 4.585e-3
-1.233, 4.612e-3
-1.234, 4.643e-3
-1.235, 4.665e-3
-1.236, 4.690e-3
-1.237, 4.708e-3
-1.238, 4.730e-3
-1.239, 4.757e-3
-1.240, 4.779e-3
-1.241, 4.816e-3
-1.242, 4.850e-3
-1.243, 4.884e-3
-1.244, 4.924e-3
-1.245, 4.955e-3
-1.246, 4.986e-3
-1.247, 5.007e-3
-1.248, 5.032e-3
-1.249, 5.056e-3
-1.250, 5.081e-3
-1.251, 5.109e-3
-1.252, 5.143e-3
-1.253, 5.177e-3
-1.254, 5.217e-3
-1.255, 5.254e-3
-1.256, 5.294e-3
-1.257, 5.328e-3
-1.258, 5.356e-3
-1.259, 5.383e-3
-1.260, 5.408e-3
-1.261, 5.436e-3
-1.262, 5.463e-3
-1.263, 5.497e-3
-1.264, 5.528e-3
-1.265, 5.568e-3
-1.266, 5.602e-3
-1.267, 5.645e-3
-1.268, 5.679e-3
-1.269, 5.713e-3
-1.270, 5.741e-3
-1.271, 5.766e-3
-1.272, 5.796e-3
-1.273, 5.821e-3
-1.274, 5.858e-3
-1.275, 5.889e-3
-1.276, 5.932e-3
-1.277, 5.969e-3
-1.278, 6.009e-3
-1.279, 6.055e-3
-1.280, 6.092e-3
-1.281, 6.126e-3
-1.282, 6.154e-3
-1.283, 6.185e-3
-1.284, 6.216e-3
-1.285, 6.247e-3
-1.286, 6.280e-3
-1.287, 6.317e-3
-1.288, 6.361e-3
-1.289, 6.401e-3
-1.290, 6.447e-3
-1.291, 6.487e-3
-1.292, 6.527e-3
-1.293, 6.558e-3
-1.294, 6.592e-3
-1.295, 6.623e-3
-1.296, 6.654e-3
-1.297, 6.684e-3
-1.298, 6.718e-3
-1.299, 6.758e-3
-1.300, 6.798e-3
-1.301, 6.842e-3
-1.302, 6.888e-3
-1.303, 6.934e-3
-1.304, 6.971e-3
-1.305, 7.011e-3
-1.306, 7.045e-3
-1.307, 7.079e-3
-1.308, 7.110e-3
-1.309, 7.150e-3
-1.310, 7.190e-3
-1.311, 7.236e-3
-1.312, 7.282e-3
-1.313, 7.329e-3
-1.314, 7.375e-3
-1.315, 7.412e-3
-1.316, 7.455e-3
-1.317, 7.486e-3
-1.318, 7.520e-3
-1.319, 7.554e-3
-1.320, 7.585e-3
-1.321, 7.628e-3
-1.322, 7.665e-3
-1.323, 7.711e-3
-1.324, 7.757e-3
-1.325, 7.804e-3
-1.326, 7.850e-3
-1.327, 7.893e-3
-1.328, 7.933e-3
-1.329, 7.973e-3
-1.330, 8.010e-3
-1.331, 8.044e-3
-1.332, 8.084e-3
-1.333, 8.124e-3
-1.334, 8.173e-3
-1.335, 8.223e-3
-1.336, 8.272e-3
-1.337, 8.331e-3
-1.338, 8.380e-3
-1.339, 8.432e-3
-1.340, 8.479e-3
-1.341, 8.519e-3
-1.342, 8.562e-3
-1.343, 8.602e-3
-1.344, 8.648e-3
-1.345, 8.701e-3
-1.346, 8.756e-3
-1.347, 8.809e-3
-1.348, 8.864e-3
-1.349, 8.917e-3
-1.350, 8.972e-3
-1.351, 9.018e-3
-1.352, 9.061e-3
-1.353, 9.105e-3
-1.354, 9.145e-3
-1.355, 9.191e-3
-1.356, 9.243e-3
-1.357, 9.296e-3
-1.358, 9.357e-3
-1.359, 9.413e-3
-1.360, 9.468e-3
-1.361, 9.530e-3
-1.362, 9.582e-3
-1.363, 9.635e-3
-1.364, 9.684e-3
-1.365, 9.737e-3
-1.366, 9.789e-3
-1.367, 9.848e-3
-1.368, 9.909e-3
-1.369, 9.977e-3
-1.370, 1.004e-2
-1.371, 1.011e-2
-1.372, 1.019e-2
-1.373, 1.025e-2
-1.374, 1.032e-2
-1.375, 1.038e-2
-1.376, 1.044e-2
-1.377, 1.050e-2
-1.378, 1.055e-2
-1.379, 1.061e-2
-1.380, 1.068e-2
-1.381, 1.075e-2
-1.382, 1.082e-2
-1.383, 1.089e-2
-1.384, 1.096e-2
-1.385, 1.103e-2
-1.386, 1.110e-2
-1.387, 1.116e-2
-1.388, 1.123e-2
-1.389, 1.129e-2
-1.390, 1.136e-2
-1.391, 1.143e-2
-1.392, 1.150e-2
-1.393, 1.158e-2
-1.394, 1.166e-2
-1.395, 1.174e-2
-1.396, 1.182e-2
-1.397, 1.191e-2
-1.398, 1.198e-2
-1.399, 1.206e-2
-1.400, 1.190e-2
-1.399, 1.139e-2
-1.398, 1.098e-2
-1.397, 1.063e-2
-1.396, 1.033e-2
-1.395, 1.006e-2
-1.394, 9.814e-3
-1.393, 9.582e-3
-1.392, 9.354e-3
-1.391, 9.138e-3
-1.390, 8.926e-3
-1.389, 8.716e-3
-1.388, 8.510e-3
-1.387, 8.309e-3
-1.386, 8.118e-3
-1.385, 7.933e-3
-1.384, 7.760e-3
-1.383, 7.591e-3
-1.382, 7.427e-3
-1.381, 7.273e-3
-1.380, 7.107e-3
-1.379, 6.949e-3
-1.378, 6.783e-3
-1.377, 6.620e-3
-1.376, 6.459e-3
-1.375, 6.305e-3
-1.374, 6.157e-3
-1.373, 6.018e-3
-1.372, 5.889e-3
-1.371, 5.762e-3
-1.370, 5.639e-3
-1.369, 5.516e-3
-1.368, 5.393e-3
-1.367, 5.266e-3
-1.366, 5.137e-3
-1.365, 5.007e-3
-1.364, 4.878e-3
-1.363, 4.757e-3
-1.362, 4.634e-3
-1.361, 4.520e-3
-1.360, 4.409e-3
-1.359, 4.301e-3
-1.358, 4.196e-3
-1.357, 4.088e-3
-1.356, 3.980e-3
-1.355, 3.863e-3
-1.354, 3.752e-3
-1.353, 3.638e-3
-1.352, 3.530e-3
-1.351, 3.425e-3
-1.350, 3.327e-3
-1.349, 3.234e-3
-1.348, 3.142e-3
-1.347, 3.056e-3
-1.346, 2.969e-3
-1.345, 2.880e-3
-1.344, 2.793e-3
-1.343, 2.701e-3
-1.342, 2.608e-3
-1.341, 2.516e-3
-1.340, 2.420e-3
-1.339, 2.337e-3
-1.338, 2.254e-3
-1.337, 2.177e-3
-1.336, 2.106e-3
-1.335, 2.032e-3
-1.334, 1.958e-3
-1.333, 1.881e-3
-1.332, 1.801e-3
-1.331, 1.721e-3
-1.330, 1.640e-3
-1.329, 1.557e-3
-1.328, 1.483e-3
-1.327, 1.409e-3
-1.326, 1.341e-3
-1.325, 1.280e-3
-1.324, 1.212e-3
-1.323, 1.156e-3
-1.322, 1.092e-3
-1.321, 1.027e-3
-1.320, 9.621e-4
-1.319, 8.912e-4
-1.318, 8.203e-4
-1.317, 7.494e-4
-1.316, 6.877e-4
-1.315, 6.260e-4
-1.314, 5.736e-4
-1.313, 5.212e-4
-1.312, 4.719e-4
-1.311, 4.225e-4
-1.310, 3.670e-4
-1.309, 3.146e-4
-1.308, 2.530e-4
-1.307, 1.975e-4
-1.306, 1.358e-4
-1.305, 7.723e-5
-1.304, 2.482e-5
-1.303, -2.451e-5
-1.302, -6.767e-5
-1.301, -1.139e-4
-1.300, -1.571e-4
-1.299, -2.002e-4
-1.298, -2.465e-4
-1.297, -2.958e-4
-1.296, -3.452e-4
-1.295, -3.976e-4
-1.294, -4.500e-4
-1.293, -4.962e-4
-1.292, -5.425e-4
-1.291, -5.826e-4
-1.290, -6.165e-4
-1.289, -6.535e-4
-1.288, -6.843e-4
-1.287, -7.244e-4
-1.286, -7.614e-4
-1.285, -8.045e-4
-1.284, -8.539e-4
-1.283, -8.970e-4
-1.282, -9.433e-4
-1.281, -9.803e-4
-1.280, -1.020e-3
-1.279, -1.054e-3
-1.278, -1.082e-3
-1.277, -1.113e-3
-1.276, -1.141e-3
-1.275, -1.175e-3
-1.274, -1.208e-3
-1.273, -1.249e-3
-1.272, -1.286e-3
-1.271, -1.326e-3
-1.270, -1.363e-3
-1.269, -1.396e-3
-1.268, -1.430e-3
-1.267, -1.458e-3
-1.266, -1.483e-3
-1.265, -1.504e-3
-1.264, -1.529e-3
-1.263, -1.560e-3
-1.262, -1.591e-3
-1.261, -1.628e-3
-1.260, -1.665e-3
-1.259, -1.699e-3
-1.258, -1.726e-3
-1.257, -1.760e-3
-1.256, -1.782e-3
-1.255, -1.807e-3
-1.254, -1.828e-3
-1.253, -1.847e-3
-1.252, -1.871e-3
-1.251, -1.896e-3
-1.250, -1.927e-3
-1.249, -1.955e-3
-1.248, -1.988e-3
-1.247, -2.022e-3
-1.246, -2.050e-3
-1.245, -2.078e-3
-1.244, -2.099e-3
-1.243, -2.115e-3
-1.242, -2.136e-3
-1.241, -2.155e-3
-1.240, -2.177e-3
-1.239, -2.204e-3
-1.238, -2.232e-3
-1.237, -2.263e-3
-1.236, -2.294e-3
-1.235, -2.321e-3
-1.234, -2.349e-3
-1.233, -2.368e-3
-1.232, -2.386e-3
-1.231, -2.405e-3
-1.230, -2.417e-3
-1.229, -2.442e-3
-1.228, -2.466e-3
-1.227, -2.485e-3
-1.226, -2.516e-3
-1.225, -2.543e-3
-1.224, -2.571e-3
-1.223, -2.599e-3
-1.222, -2.620e-3
-1.221, -2.639e-3
-1.220, -2.657e-3
-1.219, -2.673e-3
-1.218, -2.685e-3
-1.217, -2.710e-3
-1.216, -2.725e-3
-1.215, -2.753e-3
-1.214, -2.781e-3
-1.213, -2.805e-3
-1.212, -2.839e-3
-1.211, -2.858e-3
-1.210, -2.883e-3
-1.209, -2.901e-3
-1.208, -2.916e-3
-1.207, -2.932e-3
-1.206, -2.947e-3
-1.205, -2.966e-3
-1.204, -2.987e-3
-1.203, -3.012e-3
-1.202, -3.040e-3
-1.201, -3.068e-3
-1.200, -3.092e-3
-1.199, -3.120e-3
-1.198, -3.135e-3
-1.197, -3.151e-3
-1.196, -3.169e-3
-1.195, -3.182e-3
-1.194, -3.197e-3
-1.193, -3.216e-3
-1.192, -3.237e-3
-1.191, -3.265e-3
-1.190, -3.293e-3
-1.189, -3.320e-3
-1.188, -3.348e-3
-1.187, -3.370e-3
-1.186, -3.388e-3
-1.185, -3.404e-3
-1.184, -3.419e-3
-1.183, -3.434e-3
-1.182, -3.450e-3
-1.181, -3.471e-3
-1.180, -3.499e-3
-1.179, -3.527e-3
-1.178, -3.555e-3
-1.177, -3.586e-3
-1.176, -3.604e-3
-1.175, -3.629e-3
-1.174, -3.647e-3
-1.173, -3.663e-3
-1.172, -3.681e-3
-1.171, -3.693e-3
-1.170, -3.715e-3
-1.169, -3.737e-3
-1.168, -3.758e-3
-1.167, -3.786e-3
-1.166, -3.814e-3
-1.165, -3.838e-3
-1.164, -3.863e-3
-1.163, -3.885e-3
-1.162, -3.900e-3
-1.161, -3.918e-3
-1.160, -3.934e-3
-1.159, -3.952e-3
-1.158, -3.974e-3
-1.157, -3.999e-3
-1.156, -4.026e-3
-1.155, -4.054e-3
-1.154, -4.085e-3
-1.153, -4.110e-3
-1.152, -4.134e-3
-1.151, -4.153e-3
-1.150, -4.168e-3
-1.149, -4.187e-3
-1.148, -4.202e-3
-1.147, -4.221e-3
-1.146, -4.239e-3
-1.145, -4.267e-3
-1.144, -4.292e-3
-1.143, -4.322e-3
-1.142, -4.350e-3
-1.141, -4.372e-3
-1.140, -4.396e-3
-1.139, -4.409e-3
-1.138, -4.427e-3
-1.137, -4.443e-3
-1.136, -4.455e-3
-1.135, -4.473e-3
-1.134, -4.495e-3
-1.133, -4.520e-3
-1.132, -4.551e-3
-1.131, -4.572e-3
-1.130, -4.597e-3
-1.129, -4.621e-3
-1.128, -4.640e-3
-1.127, -4.655e-3
-1.126, -4.671e-3
-1.125, -4.683e-3
-1.124, -4.702e-3
-1.123, -4.720e-3
-1.122, -4.742e-3
-1.121, -4.766e-3
-1.120, -4.791e-3
-1.119, -4.819e-3
-1.118, -4.840e-3
-1.117, -4.862e-3
-1.116, -4.880e-3
-1.115, -4.890e-3
-1.114, -4.908e-3
-1.113, -4.917e-3
-1.112, -4.933e-3
-1.111, -4.951e-3
-1.110, -4.976e-3
-1.109, -4.998e-3
-1.108, -5.019e-3
-1.107, -5.047e-3
-1.106, -5.062e-3
-1.105, -5.084e-3
-1.104, -5.093e-3
-1.103, -5.105e-3
-1.102, -5.115e-3
-1.101, -5.121e-3
-1.100, -5.136e-3
-1.099, -5.149e-3
-1.098, -5.170e-3
-1.097, -5.186e-3
-1.096, -5.204e-3
-1.095, -5.223e-3
-1.094, -5.238e-3
-1.093, -5.250e-3
-1.092, -5.253e-3
-1.091, -5.257e-3
-1.090, -5.263e-3
-1.089, -5.269e-3
-1.088, -5.275e-3
-1.087, -5.290e-3
-1.086, -5.303e-3
-1.085, -5.315e-3
-1.084, -5.334e-3
-1.083, -5.343e-3
-1.082, -5.355e-3
-1.081, -5.358e-3
-1.080, -5.358e-3
-1.079, -5.358e-3
-1.078, -5.358e-3
-1.077, -5.358e-3
-1.076, -5.364e-3
-1.075, -5.377e-3
-1.074, -5.386e-3
-1.073, -5.395e-3
-1.072, -5.405e-3
-1.071, -5.408e-3
-1.070, -5.411e-3
-1.069, -5.408e-3
-1.068, -5.401e-3
-1.067, -5.395e-3
-1.066, -5.386e-3
-1.065, -5.383e-3
-1.064, -5.383e-3
-1.063, -5.383e-3
-1.062, -5.386e-3
-1.061, -5.389e-3
-1.060, -5.389e-3
-1.059, -5.383e-3
-1.058, -5.377e-3
-1.057, -5.364e-3
-1.056, -5.352e-3
-1.055, -5.340e-3
-1.054, -5.331e-3
-1.053, -5.321e-3
-1.052, -5.315e-3
-1.051, -5.315e-3
-1.050, -5.306e-3
-1.049, -5.306e-3
-1.048, -5.297e-3
-1.047, -5.287e-3
-1.046, -5.275e-3
-1.045, -5.257e-3
-1.044, -5.241e-3
-1.043, -5.220e-3
-1.042, -5.207e-3
-1.041, -5.192e-3
-1.040, -5.186e-3
-1.039, -5.179e-3
-1.038, -5.179e-3
-1.037, -5.176e-3
-1.036, -5.164e-3
-1.035, -5.149e-3
-1.034, -5.127e-3
-1.033, -5.112e-3
-1.032, -5.087e-3
-1.031, -5.068e-3
-1.030, -5.053e-3
-1.029, -5.038e-3
-1.028, -5.028e-3
-1.027, -5.019e-3
-1.026, -5.013e-3
-1.025, -4.998e-3
-1.024, -4.988e-3
-1.023, -4.973e-3
-1.022, -4.951e-3
-1.021, -4.930e-3
-1.020, -4.908e-3
-1.019, -4.890e-3
-1.018, -4.871e-3
-1.017, -4.859e-3
-1.016, -4.846e-3
-1.015, -4.837e-3
-1.014, -4.825e-3
-1.013, -4.813e-3
-1.012, -4.797e-3
-1.011, -4.779e-3
-1.010, -4.757e-3
-1.009, -4.739e-3
-1.008, -4.711e-3
-1.007, -4.695e-3
-1.006, -4.680e-3
-1.005, -4.674e-3
-1.004, -4.668e-3
-1.003, -4.658e-3
-1.002, -4.652e-3
-1.001, -4.640e-3
