Potential V vs RHE, Current mA cm-2
0.013299999999999867,34.5472499427042
0.012299999999999978,32.49591855789989
0.011299999999999866,30.614352529079397
0.010299999999999976,28.91669896924135
0.009299999999999864,27.303928087395207
0.008299999999999974,25.77603988354097
0.007299999999999862,24.24815167968673
0.006299999999999972,22.72026347583249
0.00529999999999986,21.107492593986347
0.0042999999999999705,19.452280373144255
0.0032999999999998586,17.924392169290012
0.0022999999999999687,16.438945304431726
0.0012999999999998568,15.05252823056399
0.00029999999999996696,13.736846721689506
-0.000700000000000145,12.472094819610163
-0.0017000000000000348,11.163486867235004
-0.0027000000000001467,9.768581525568079
-0.0037000000000000366,8.328405422305472
-0.0047000000000001485,6.933500080638546
-0.005700000000000038,5.581036077967569
-0.00670000000000015,4.360140226184043
-0.00770000000000004,3.1816857133964676
-0.008700000000000152,2.0909433012005243
-0.009700000000000042,0.9137620285828272
-0.010700000000000154,-0.3511313446265021
-0.011700000000000044,-1.6594563547416883
-0.012700000000000156,-3.0119203574126634
-0.013700000000000045,-4.23281620919619
-0.014700000000000157,-5.411270721983764
-0.015700000000000047,-6.458157083883892
-0.01670000000000016,-7.461187395488204
-0.01770000000000005,-8.508073757388331
-0.01870000000000016,-9.641257508580225
-0.01970000000000005,-10.819712021367803
-0.020700000000000163,-12.040607873151327
-0.021700000000000053,-13.261503724934855
-0.022700000000000164,-14.401761032626075
-0.023700000000000054,-15.3920589425316
-0.024700000000000166,-16.354062626439823
-0.025700000000000056,-17.316066310348052
-0.026700000000000168,-18.320511333252224
-0.027700000000000058,-19.409839034148305
-0.02870000000000017,-20.541608074040333
-0.02970000000000006,-21.729965565926964
-0.03070000000000017,-22.819293266823045
-0.03170000000000006,-23.823738289727217
-0.03270000000000017,-24.729153521640843
-0.03370000000000006,-25.60627452755716
-0.034700000000000175,-26.568278211465387
-0.035700000000000065,-27.572723234369565
-0.03670000000000018,-28.704492274261593
-0.03770000000000007,-29.793819975157668
-0.03870000000000018,-30.88314767605375
-0.03970000000000007,-31.802710020966025
-0.04070000000000018,-32.70812525287965
-0.04170000000000007,-33.54280491980002
-0.04270000000000018,-34.41992592571634
-0.04370000000000007,-35.38192960962457
-0.044700000000000184,-36.4288159715247
-0.045700000000000074,-37.47570233342482
-0.046700000000000186,-38.5650300343209
-0.047700000000000076,-39.51288660523048
-0.04870000000000019,-40.3900076111468
-0.04970000000000008,-41.22468727806717
-0.05070000000000019,-42.04521983198889
-0.05170000000000008,-42.92234083790521
-0.05270000000000019,-43.92678586080939
-0.05370000000000008,-44.93123088371356
-0.05470000000000019,-45.97811724561369
-0.05570000000000008,-46.982562268517874
-0.056700000000000195,-47.84553616143554
-0.057700000000000085,-48.68021582835591
-0.058700000000000196,-49.458307043281685
-0.059700000000000086,-50.29298671020206
-0.0607000000000002,-51.21254905511432
-0.06170000000000009,-52.25943541701445
-0.0627000000000002,-53.348763117910536
-0.06370000000000009,-54.31076680181876
-0.0647000000000002,-55.21618203373238
-0.06570000000000009,-56.093303039648696
-0.0667000000000002,-56.88554136757313
-0.0677000000000001,-57.70607392149485
-0.0687000000000002,-58.583194927411164
-0.0697000000000001,-59.587639950315335
-0.07070000000000021,-60.63452631221547
-0.0717000000000001,-61.5965299961237
-0.07270000000000021,-62.58682790602922
-0.0737000000000001,-63.421507572949594
-0.07470000000000021,-64.25618723986996
-0.0757000000000001,-65.03427845479574
-0.07670000000000021,-65.86895812171612
-0.0777000000000001,-66.77437335362974
-0.07870000000000021,-67.73637703753796
-0.0797000000000001,-68.74082206044213
-0.08070000000000022,-69.70282574435035
-0.0817000000000001,-70.57994675026669
-0.08270000000000022,-71.35803796519245
-0.08370000000000011,-72.15027629311687
-0.08470000000000022,-73.01325018603454
-0.08570000000000011,-73.93281253094682
-0.08670000000000022,-74.93725755385098
-0.08770000000000011,-75.94170257675518
-0.08870000000000022,-76.86126492166746
-0.08970000000000011,-77.7242388145851
-0.09070000000000022,-78.51647714250953
-0.09170000000000011,-79.20968567944341
-0.09270000000000023,-80.00192400736783
-0.09370000000000012,-80.90733923928146
-0.09470000000000023,-81.86934292318966
-0.09570000000000012,-82.8313466070979
-0.09670000000000023,-83.83579163000208
-0.09770000000000012,-84.75535397491434
-0.09870000000000023,-85.57588652883607
-0.09970000000000012,-86.32568351776455
-0.10070000000000023,-87.10377473269031
-0.10170000000000012,-87.93845439961068
-0.10270000000000024,-88.9004580835189
-0.10370000000000013,-89.89075599342443
-0.10470000000000024,-90.89520101632861
-0.10570000000000013,-91.89964603923279
-0.10670000000000024,-92.73432570615316
-0.10770000000000013,-93.55485826007487
-0.10870000000000024,-94.30465524900335
-0.10970000000000013,-95.12518780292505
-0.11070000000000024,-96.04475014783733
-0.11170000000000013,-97.04919517074151
-0.11270000000000002,-98.05364019364569
-0.11370000000000013,-99.05808521654988
-0.11470000000000002,-99.97764756146215
-0.11570000000000014,-100.75573877638791
-0.11670000000000003,-101.54797710431234
-0.11770000000000014,-102.36850965823406
-0.11870000000000003,-103.20318932515443
-0.11970000000000014,-104.16519300906265
-0.12070000000000003,-105.21207937096277
-0.12170000000000014,-106.15993594187235
-0.12270000000000003,-107.12193962578058
-0.12370000000000014,-107.95661929270095
-0.12470000000000003,-108.73471050762672
-0.12570000000000014,-109.56939017454708
-0.12670000000000003,-110.40406984146746
-0.12770000000000015,-111.3094850733811
-0.12870000000000004,-112.27148875728932
-0.12970000000000015,-113.31837511918944
-0.13070000000000004,-114.23793746410173
-0.13170000000000015,-115.05847001802343
-0.13270000000000004,-115.85070834594785
-0.13370000000000015,-116.58635822187767
-0.13470000000000004,-117.42103788879804
-0.13570000000000015,-118.29815889471436
-0.13670000000000004,-119.2884568046199
-0.13770000000000016,-120.33534316652002
-0.13870000000000005,-121.29734685042824
-0.13970000000000016,-122.21690919534053
-0.14070000000000005,-123.05158886226087
-0.14170000000000016,-123.82968007718667
-0.14270000000000005,-124.70680108310299
-0.14370000000000016,-125.56977497602065
-0.14470000000000005,-126.61666133792076
-0.14570000000000016,-127.72013615181551
-0.14670000000000005,-128.752875400717
-0.14770000000000016,-129.75732042362114
-0.14870000000000005,-130.63444142953747
-0.14970000000000017,-131.5115624354538
-0.15070000000000006,-132.37453632837148
-0.15170000000000017,-133.20921599529186
-0.15270000000000006,-134.08633700120816
-0.15370000000000017,-135.03419357211774
-0.15470000000000006,-136.03863859502192
-0.15570000000000017,-136.95820093993422
-0.15670000000000006,-137.79288060685457
-0.15770000000000017,-138.57097182178035
-0.15870000000000006,-139.36321014970477
-0.15970000000000018,-140.0988600256346
-0.16070000000000007,-141.01842237054686
-0.16170000000000018,-142.03701450644968
-0.16270000000000007,-143.0273124163552
-0.16370000000000018,-143.87613919627424
-0.16470000000000007,-144.72496597619326
-0.16570000000000018,-145.57379275611228
-0.16670000000000007,-146.4226195360313
-0.16770000000000018,-147.1299751859638
-0.16870000000000007,-147.97880196588284
-0.16970000000000018,-148.96909987578834
-0.17070000000000007,-149.8179266557074
-0.17170000000000019,-150.8082245656129
-0.17270000000000008,-151.65705134553193
-0.1737000000000002,-152.50587812545095
-0.17470000000000008,-153.21323377538346
-0.1757000000000002,-154.0620605553025
-0.17670000000000008,-154.9108873352215
-0.1777000000000002,-156.04265637511355
-0.17870000000000008,-157.03295428501906
-0.1797000000000002,-158.3061944548976
-0.18070000000000008,-159.29649236480313
-0.1817000000000002,-160.14531914472215
-0.18270000000000008,-160.99414592464117
-0.1837000000000002,-161.84297270456022
-0.1847000000000001,-162.8332706144657
-0.1857000000000002,-163.82356852437124
-0.1867000000000001,-164.81386643427678
-0.1877000000000002,-165.94563547416882
-0.1887000000000001,-166.93593338407433
-0.1897000000000002,-167.92623129397984
-0.1907000000000001,-168.77505807389886
-0.1917000000000001,-169.6238848538179
-0.19269999999999998,-170.61418276372342
-0.1937000000000001,-171.46300954364247
-0.19469999999999998,-172.45330745354798
-0.1957000000000001,-173.44360536345349
-0.19669999999999999,-174.43390327335902
-0.1977000000000001,-175.42420118326456
-0.1987,-176.4144990931701
-0.1997000000000001,-177.2633258730891
-0.2007,-178.1121526530081
-0.2017000000000001,-179.10245056291362
-0.2027,-180.09274847281918
-0.2037000000000001,-181.2245175127112
-0.2047,-182.21481542261674
-0.2057000000000001,-183.20511333252225
-0.2067,-184.05394011244127
-0.2077000000000001,-184.7612957623738
-0.2087,-185.6101225422928
-0.2097000000000001,-186.31747819222534
-0.2107,-187.30777610213087
-0.2117000000000001,-188.29807401203638
-0.2127,-189.42984305192843
-0.2137000000000001,-190.42014096183394
-0.2147,-191.268967741753
-0.2157000000000001,-192.11779452167198
-0.2167,-192.966621301591
-0.21770000000000012,-193.81544808151003
-0.2187,-194.80574599141553
-0.21970000000000012,-195.79604390132107
-0.2207,-196.92781294121312
-0.22170000000000012,-198.05958198110514
-0.2227,-199.04987989101065
-0.22370000000000012,-199.89870667092967
-0.2247,-200.7475334508487
-0.22570000000000012,-201.59636023076774
-0.2267,-202.44518701068677
-0.22770000000000012,-203.57695605057876
-0.22870000000000001,-204.5672539604843
-0.22970000000000013,-205.69902300037634
-0.23070000000000002,-206.83079204026836
-0.23170000000000013,-207.67961882018741
-0.23270000000000002,-208.52844560010638
-0.23370000000000013,-209.23580125003892
-0.23470000000000002,-210.08462802995794
-0.23570000000000013,-211.07492593986345
-0.23670000000000002,-212.065223849769
-0.2376999999999999,-213.19699288966103
-0.23870000000000002,-214.32876192955305
-0.2396999999999999,-215.4605309694451
-0.24070000000000003,-216.4508288793506
-0.24169999999999991,-217.29965565926966
-0.24270000000000003,-218.28995356917517
-0.24369999999999992,-219.13878034909416
-0.24470000000000003,-220.1290782589997
-0.24569999999999992,-221.26084729889175
-0.24670000000000003,-222.25114520879725
-0.24769999999999992,-223.38291424868927
-0.24870000000000003,-224.2317410286083
-0.24969999999999992,-225.08056780852735
-0.25070000000000003,-225.78792345845983
-0.2516999999999999,-226.49527910839237
-0.25270000000000004,-227.4855770182979
-0.2536999999999999,-228.61734605818995
-0.25470000000000004,-229.74911509808197
-0.2556999999999999,-230.880884137974
-0.25670000000000004,-231.8711820478795
-0.25769999999999993,-232.86147995778504
-0.25870000000000004,-233.71030673770406
-0.25969999999999993,-234.7006046476096
-0.26070000000000004,-235.69090255751513
-0.26169999999999993,-236.6812004674206
-0.26270000000000004,-237.67149837732615
-0.26369999999999993,-238.5203251572452
-0.26470000000000005,-239.5106230671507
-0.26569999999999994,-240.35944984706975
-0.26670000000000005,-241.20827662698875
-0.26769999999999994,-242.19857453689428
-0.26870000000000005,-243.18887244679982
-0.26969999999999994,-244.32064148669184
-0.27070000000000005,-245.45241052658386
-0.27169999999999994,-246.5841795664759
-0.27270000000000005,-247.57447747638145
-0.27369999999999994,-248.42330425630044
-0.27470000000000006,-249.2721310362195
-0.27569999999999995,-250.1209578161385
-0.27670000000000006,-250.9697845960575
-0.27769999999999995,-251.96008250596302
-0.27870000000000006,-253.09185154585506
-0.27969999999999995,-254.2236205857471
-0.28070000000000006,-255.35538962563913
-0.28169999999999995,-256.34568753554464
-0.28270000000000006,-257.33598544545015
-0.28369999999999995,-258.18481222536917
-0.28470000000000006,-259.0336390052882
-0.28569999999999995,-260.02393691519376
-0.28670000000000007,-261.1557059550858
-0.28769999999999996,-262.42894612496434
-0.28870000000000007,-263.56071516485633
-0.28969999999999996,-264.40954194477536
-0.29070000000000007,-265.2583687246944
-0.29169999999999996,-265.9657243746269
-0.29270000000000007,-266.8145511545459
-0.29369999999999996,-267.80484906445145
-0.2947000000000001,-268.79514697435695
-0.29569999999999996,-269.926916014249
-0.2967000000000001,-270.9172139241545
-0.29769999999999996,-271.9075118340601
-0.2987000000000001,-272.8978097439656
-0.29969999999999997,-274.0295787838576
-0.3007000000000001,-275.0198766937631
-0.30169999999999997,-276.01017460366864
-0.3027000000000001,-277.1419436435607
-0.30369999999999997,-278.1322415534662
-0.3047000000000001,-279.26401059335825
-0.30569999999999997,-280.11283737327733
-0.3067000000000001,-280.9616641531963
-0.3077,-281.8104909331153
-0.3087000000000001,-282.65931771303434
-0.3097,-283.5081444929533
-0.3107000000000001,-284.49844240285887
-0.3117,-285.6302114427509
-0.3127000000000001,-286.76198048264297
-0.3137,-287.893749522535
-0.3147000000000001,-288.8840474324405
-0.3157,-289.73287421235955
-0.3167000000000001,-290.5817009922785
-0.3177,-291.4305277721976
-0.3187000000000001,-292.56229681208964
-0.3197,-293.6940658519816
-0.3207000000000001,-294.8258348918736
-0.3217,-296.0990750617522
-0.3227000000000001,-297.23084410164427
-0.3237,-298.2211420115498
-0.3247000000000001,-299.2114399214552
-0.3257,-300.2017378313608
-0.3267000000000001,-301.1920357412663
-0.3277,-302.32380478115834
-0.3287000000000001,-303.4555738210504
-0.3297,-304.5873428609424
-0.3307000000000001,-305.57764077084795
-0.3317,-306.70940981073994
-0.3327000000000001,-307.55823659065896
-0.3337,-308.54853450056453
-0.3347000000000001,-309.3973612804835
-0.3357,-310.52913032037554
-0.3367000000000001,-311.5194282302811
-0.3377,-312.79266840015964
-0.3387000000000001,-313.9244374400517
-0.3397,-315.0562064799437
-0.3407000000000001,-315.9050332598627
-0.3417,-316.8953311697682
-0.3427000000000001,-317.8856290796738
-0.3437,-318.8759269895793
-0.3447000000000001,-320.00769602947133
-0.3457,-321.1394650693634
-0.3467000000000001,-322.2712341092554
-0.3477,-323.40300314914737
-0.3487000000000001,-324.3933010590529
-0.3497,-325.24212783897195
-0.3507000000000001,-325.94948348890443
-0.3517,-326.93978139880994
-0.3527000000000001,-328.4959638286615
-0.3537,-329.76920399854004
-0.3547000000000001,-331.0424441684186
-0.3557,-332.45715546828364
-0.35670000000000013,-333.30598224820267
-0.3577,-334.2962801581082
-0.35870000000000013,-335.1451069380272
-0.3597,-336.1354048479327
-0.36070000000000013,-337.26717388782475
-0.3617,-338.5404140577033
-0.3626999999999999,-339.8136542275818
-0.3637,-341.0868943974603
-0.3646999999999999,-342.3601345673389
-0.3657,-343.3504324772444
-0.3666999999999999,-344.34073038714996
-0.3677,-345.33102829705547
-0.3686999999999999,-346.4627973369475
-0.36970000000000003,-347.87750863681254
-0.3706999999999999,-349.15074880669107
-0.37170000000000003,-350.2825178465831
-0.3726999999999999,-351.5557580164616
-0.37370000000000003,-352.54605592636716
-0.3746999999999999,-353.5363538362726
-0.37570000000000003,-354.3851806161917
-0.3766999999999999,-355.3754785260972
-0.37770000000000004,-356.50724756598925
-0.3786999999999999,-357.4975454758948
-0.37970000000000004,-358.62931451578686
-0.3806999999999999,-359.7610835556788
-0.38170000000000004,-360.89285259557084
-0.38269999999999993,-361.74167937548987
-0.38370000000000004,-362.73197728539543
-0.38469999999999993,-363.72227519530094
-0.38570000000000004,-364.7125731052065
-0.38669999999999993,-364.4296308452335
-0.38570000000000004,-361.45873711551684
-0.38469999999999993,-358.7707856457733
-0.38370000000000004,-356.08283417602973
-0.38269999999999993,-353.25341157629964
-0.38170000000000004,-350.42398897656955
-0.3806999999999999,-347.73603750682605
-0.37970000000000004,-345.04808603708244
-0.3786999999999999,-342.3601345673389
-0.37770000000000004,-339.8136542275818
-0.3766999999999999,-337.40864501781124
-0.37570000000000003,-334.86216467805417
-0.3746999999999999,-332.3156843382971
-0.37370000000000003,-329.76920399854004
-0.3726999999999999,-327.0812525287965
-0.37170000000000003,-324.5347721890394
-0.3706999999999999,-322.2712341092554
-0.36970000000000003,-319.8662248994848
-0.3686999999999999,-317.60268681970075
-0.3677,-315.19767760993017
-0.3666999999999999,-312.65119727017316
-0.3657,-309.9632458004295
-0.3646999999999999,-307.4167654606725
-0.3637,-304.8702851209154
-0.3626999999999999,-302.6067470411313
-0.3617,-300.2017378313608
-0.36070000000000013,-298.07967088156323
-0.3597,-295.8161328017792
-0.35870000000000013,-293.55259472199515
-0.3577,-291.14758551222457
-0.35670000000000013,-288.6011051724675
-0.3557,-286.47903822266994
-0.3547000000000001,-284.63991353284536
-0.3537,-282.2349043230748
-0.3527000000000001,-279.97136624329073
-0.3517,-277.7078281635067
-0.3507000000000001,-275.44429008372265
-0.3497,-272.8978097439656
-0.3487000000000001,-270.49280053419506
-0.3477,-268.0877913244245
-0.3467000000000001,-265.6827821146539
-0.3457,-263.41924403486985
-0.3447000000000001,-261.2971770850723
-0.3437,-259.17511013527474
-0.3427000000000001,-257.0530431854772
-0.3417,-254.64803397570657
-0.3407000000000001,-252.38449589592256
-0.3397,-249.979486686152
-0.3387000000000001,-247.71594860636796
-0.3377,-245.59388165657037
-0.3367000000000001,-243.47181470677282
-0.3357,-241.49121888696175
-0.3347000000000001,-239.36915193716422
-0.3337,-237.38855611735315
-0.3327000000000001,-235.12501803756908
-0.3317,-232.86147995778504
-0.3307000000000001,-230.59794187800094
-0.3297,-228.33440379821695
-0.3287000000000001,-226.35380797840588
-0.3277,-224.37321215859478
-0.3267000000000001,-222.3926163387838
-0.3257,-220.41202051897272
-0.3247000000000001,-218.28995356917517
-0.3237,-216.1678866193776
-0.3227000000000001,-214.04581966958003
-0.3217,-211.9237527197825
-0.3207000000000001,-209.94315689997146
-0.3197,-207.8210899501739
-0.3187000000000001,-206.12343639033585
-0.3177,-204.2843117005113
-0.3167000000000001,-202.44518701068677
-0.3157,-200.3231200608892
-0.3147000000000001,-198.3425242410781
-0.3137,-196.2204572912806
-0.3127000000000001,-194.2398614714695
-0.3117,-192.40073678164498
-0.3107000000000001,-190.42014096183394
-0.3097,-188.4395451420229
-0.3087000000000001,-186.45894932221185
-0.3077,-184.33688237241427
-0.3067000000000001,-182.21481542261674
-0.30569999999999997,-180.23421960280567
-0.3047000000000001,-178.25362378299462
-0.30369999999999997,-176.4144990931701
-0.3027000000000001,-174.71684553333202
-0.30169999999999997,-172.87772084350746
-0.3007000000000001,-170.89712502369645
-0.29969999999999997,-168.91652920388537
-0.2987000000000001,-166.79446225408785
-0.29769999999999996,-164.81386643427678
-0.2967000000000001,-162.8332706144657
-0.29569999999999996,-161.1356170546277
-0.2947000000000001,-159.43796349478964
-0.29369999999999996,-157.59883880496508
-0.29270000000000007,-155.90118524512707
-0.29169999999999996,-153.920589425316
-0.29070000000000007,-151.93999360550492
-0.28969999999999996,-150.1008689156804
-0.28870000000000007,-148.26174422585584
-0.28769999999999996,-146.7055617960043
-0.28670000000000007,-145.00790823616626
-0.28569999999999995,-143.4517258063147
-0.28470000000000006,-141.89554337646317
-0.28369999999999995,-140.05641868663866
-0.28270000000000006,-138.13241131882216
-0.28169999999999995,-136.1801097250084
-0.28070000000000006,-134.21366101819604
-0.27969999999999995,-132.33209498937555
-0.27870000000000006,-130.5495587515456
-0.27769999999999995,-128.8094638527116
-0.27670000000000006,-127.09766317987489
-0.27569999999999995,-125.40000962003687
-0.27470000000000006,-123.65991472120285
-0.27369999999999994,-121.82079003137831
-0.27270000000000005,-119.95337111555646
-0.27169999999999994,-118.02936374774
-0.27070000000000005,-116.24682750991008
-0.26969999999999994,-114.4925854980774
-0.26870000000000005,-112.92225595522721
-0.26769999999999994,-111.22460239538917
-0.26670000000000005,-109.52694883555114
-0.26569999999999994,-107.68782414572658
-0.26470000000000005,-105.86284656890071
-0.26369999999999993,-104.12275167006669
-0.26270000000000004,-102.36850965823406
-0.26169999999999993,-100.75573877638791
-0.26070000000000004,-99.18540923353773
-0.25969999999999993,-97.61507969068752
-0.25870000000000004,-95.91742613084948
-0.25769999999999993,-94.17733123201549
-0.25670000000000004,-92.33820654219093
-0.2556999999999999,-90.55567030436099
-0.25470000000000004,-88.8438696315243
-0.2536999999999999,-87.33012854066871
-0.25270000000000004,-85.80224033681448
-0.2516999999999999,-84.31679347195619
-0.25070000000000003,-82.78890526810196
-0.24969999999999992,-81.1761343862558
-0.24870000000000003,-79.47848082641775
-0.24769999999999992,-77.7242388145851
-0.24670000000000003,-76.06902659374302
-0.24569999999999992,-74.54113838988879
-0.24470000000000003,-73.01325018603454
-0.24369999999999992,-71.58439177317086
-0.24270000000000003,-70.05650356931662
-0.24169999999999991,-68.44373268747047
-0.24070000000000003,-66.81681469262568
-0.2396999999999999,-65.11916113278764
-0.23870000000000002,-63.5063902509415
-0.2376999999999999,-62.02094338608321
-0.23670000000000002,-60.54964363422357
-0.23570000000000013,-59.19152078635314
-0.23470000000000002,-57.70607392149485
-0.23370000000000013,-56.1781857176406
-0.23270000000000002,-54.60785617479041
-0.23170000000000013,-52.95264395394832
-0.23070000000000002,-51.33987307210218
-0.22970000000000013,-49.81198486824794
-0.22870000000000001,-48.36897934238561
-0.22770000000000012,-47.02500360751382
-0.2267,-45.624439420647434
-0.22570000000000012,-44.181433894785094
-0.2247,-42.71013414292546
-0.22370000000000012,-41.139804600075266
-0.2227,-39.51288660523048
-0.22170000000000012,-37.99914551437489
-0.2207,-36.64102266650445
-0.21970000000000012,-35.240458479638065
-0.2187,-33.93892408376223
-0.21770000000000012,-32.53835989689585
-0.2167,-31.095354371033505
-0.2157000000000001,-29.482583489187363
-0.2147,-27.912253946337174
-0.2137000000000001,-26.440954194477534
-0.2127,-25.04039000761115
-0.2117000000000001,-23.724708498736668
-0.2107,-22.46561544185678
-0.2097000000000001,-21.107492593986347
-0.2087,-19.678634181122664
-0.2077000000000001,-18.23562865526032
-0.2067,-16.70774045140608
-0.2057000000000001,-15.222293586547794
-0.2047,-13.828802956180734
-0.2037000000000001,-12.520195003805576
-0.2027,-11.211587051430415
-0.2017000000000001,-9.946835149351072
-0.2007,-8.638227196975913
-0.1997000000000001,-7.199465805013171
-0.1987,-5.715433651454749
-0.1977000000000001,-4.276672259492005
-0.19669999999999999,-2.8379108675292635
-0.1957000000000001,-1.5293029151541047
-0.19469999999999998,-0.30755823659065895
-0.1937000000000001,0.9573351366186703
-0.19269999999999998,2.2225114520879723
-0.1917000000000001,3.5749754547589476
-0.1907000000000001,5.01373684672169
-0.1897000000000002,6.452498238684432
-0.1887000000000001,7.892674341947039
-0.1877000000000002,9.201282294322198
-0.1867000000000001,10.37832209580991
-0.1857000000000002,11.6006326588933
-0.1847000000000001,12.821528510676828
-0.1837000000000002,14.130136463051985
-0.18270000000000008,15.519382959519453
-0.1817000000000002,16.962388485381787
-0.18070000000000008,18.362952672248177
-0.1797000000000002,19.664487068124007
-0.17870000000000008,20.89528589900659
-0.1777000000000002,22.027054938898623
-0.17670000000000008,23.24370665678255
-0.1757000000000002,24.460358374666487
-0.17470000000000008,25.81848122253692
-0.1737000000000002,27.176604070407354
-0.17270000000000008,28.56302114427509
-0.17170000000000019,29.921143992145527
-0.17070000000000007,31.095354371033505
-0.16970000000000018,32.269564749921486
-0.16870000000000007,33.45792224180811
-0.16770000000000018,34.58969128170015
-0.16670000000000007,35.89122567757598
-0.16570000000000018,37.206907186450465
-0.16470000000000007,38.63576559931415
-0.16370000000000018,39.90900576919269
-0.16270000000000007,41.12565748707661
-0.16170000000000018,42.29986786596459
-0.16070000000000007,43.34675422786472
-0.15970000000000018,44.4926703807554
-0.15870000000000006,45.70932209863933
-0.15770000000000017,46.96841515551922
-0.15670000000000006,48.32653800338966
-0.15570000000000017,49.58563106026953
-0.15470000000000006,50.81642989115212
-0.15370000000000017,51.90575759204819
-0.15270000000000006,53.03752663194023
-0.15170000000000017,54.1268543328363
-0.15070000000000006,55.30106471172429
-0.14970000000000017,56.53186354260687
-0.14870000000000005,57.87583927747865
-0.14770000000000016,59.19152078635314
-0.14670000000000005,60.40817250423707
-0.14570000000000016,61.53994154412909
-0.14470000000000005,62.629269245025185
-0.14370000000000016,63.6761556069253
-0.14270000000000005,64.76548330782138
-0.14170000000000016,65.8972523477134
-0.14070000000000005,67.17049251759194
-0.13970000000000016,68.47202691346777
-0.13870000000000005,69.70282574435035
-0.13770000000000016,70.87703612323833
-0.13670000000000004,71.92392248513846
-0.13570000000000015,72.92836750804264
-0.13470000000000004,74.0176952089387
-0.13370000000000015,75.14946424883075
-0.13270000000000004,76.36611596671467
-0.13170000000000015,77.7242388145851
-0.13070000000000004,78.94089053246904
-0.12970000000000015,80.12924802435568
-0.12870000000000004,81.1761343862558
-0.12770000000000015,82.16643229616133
-0.12670000000000003,83.1708773190655
-0.12570000000000014,84.21776368096563
-0.12470000000000003,85.40612117285227
-0.12370000000000014,86.6227728907362
-0.12270000000000003,87.83942460862012
-0.12170000000000014,89.07022343950271
-0.12070000000000003,90.11710980140283
-0.11970000000000014,91.16399616330297
-0.11870000000000003,92.2108825252031
-0.11770000000000014,93.20118043510863
-0.11670000000000003,94.34709658799929
-0.11570000000000014,95.56374830588322
-0.11470000000000002,96.82284136276311
-0.11370000000000013,97.96875751565379
-0.11270000000000002,99.05808521654988
-0.11170000000000013,100.04838312645539
-0.11070000000000024,100.96794547136767
-0.10970000000000013,101.97239049427183
-0.10870000000000024,103.06171819516793
-0.10770000000000013,104.2359285740559
-0.10670000000000024,105.50916874393444
-0.10570000000000013,106.64093778382647
-0.10470000000000024,107.7727068237185
-0.10370000000000013,108.73471050762672
-0.10270000000000024,109.69671419153494
-0.10170000000000012,110.65871787544317
-0.10070000000000023,111.7056042373433
-0.09970000000000012,112.83737327723534
-0.09870000000000023,114.0115836561233
-0.09770000000000012,115.22823537400723
-0.09670000000000023,116.37415152689792
-0.09570000000000012,117.36444943680344
-0.09470000000000023,118.32645312071166
-0.09370000000000012,119.24601546562396
-0.09270000000000023,120.25046048852812
-0.09170000000000011,121.33978818942418
-0.09070000000000022,122.47155722931623
-0.08970000000000011,123.78723873819072
-0.08870000000000022,124.9614491170787
-0.08770000000000011,126.00833547897882
-0.08670000000000022,126.9278978238911
-0.08570000000000011,127.83331305580472
-0.08470000000000022,128.79531673971292
-0.08370000000000011,129.79976176261712
-0.08270000000000022,130.8890894635132
-0.0817000000000001,132.07744695539984
-0.08070000000000022,133.20921599529186
-0.0797000000000001,134.29854369618792
-0.07870000000000021,135.3029887190921
-0.0777000000000001,136.16596261200976
-0.07670000000000021,137.12796629591801
-0.0757000000000001,138.08996997982624
-0.07470000000000021,139.13685634172634
-0.0737000000000001,140.18374270362645
-0.07270000000000021,141.3155117435185
-0.0717000000000001,142.31995676642268
-0.07070000000000021,143.3102546763282
-0.0697000000000001,144.30055258623375
-0.0687000000000002,145.14937936615277
-0.0677000000000001,145.9982061460718
-0.0667000000000002,146.9885040559773
-0.06570000000000009,148.12027309586935
-0.0647000000000002,149.1105710057749
-0.06370000000000009,150.24234004566688
-0.0627000000000002,151.23263795557244
-0.06170000000000009,152.0814647354914
-0.0607000000000002,152.93029151541046
-0.059700000000000086,153.77911829532948
-0.058700000000000196,154.76941620523502
-0.057700000000000085,155.75971411514055
-0.056700000000000195,156.89148315503257
-0.05570000000000008,157.88178106493808
-0.05470000000000019,158.87207897484362
-0.05370000000000008,159.72090575476264
-0.05270000000000019,160.5697325346817
-0.05170000000000008,161.41855931460069
-0.05070000000000019,162.2673860945197
-0.04970000000000008,163.25768400442522
-0.04870000000000019,164.38945304431726
-0.047700000000000076,165.3797509542228
-0.046700000000000186,166.51151999411482
-0.045700000000000074,167.36034677403384
-0.044700000000000184,168.35064468393938
-0.04370000000000007,169.19947146385837
-0.04270000000000018,170.0482982437774
-0.04170000000000007,170.89712502369645
-0.04070000000000018,171.88742293360195
-0.03970000000000007,173.01919197349397
-0.03870000000000018,174.0094898833995
-0.03770000000000007,174.85831666331853
-0.03670000000000018,175.70714344323756
-0.035700000000000065,176.55597022315658
-0.034700000000000175,177.4047970030756
-0.03370000000000006,178.3950949129811
-0.03270000000000017,179.38539282288664
-0.03170000000000006,180.5171618627787
-0.03070000000000017,181.5074597726842
-0.02970000000000006,182.49775768258974
-0.02870000000000017,183.34658446250873
-0.027700000000000058,184.05394011244127
-0.026700000000000168,184.9027668923603
-0.025700000000000056,185.7515936722793
-0.024700000000000166,186.74189158218485
-0.023700000000000054,187.73218949209036
-0.022700000000000164,188.72248740199586
-0.021700000000000053,189.71278531190143
-0.020700000000000163,190.56161209182042
-0.01970000000000005,191.268967741753
-0.01870000000000016,191.9763233916855
-0.01770000000000005,192.82515017160452
-0.01670000000000016,193.81544808151003
-0.015700000000000047,194.94721712140205
-0.014700000000000157,195.93751503130758
-0.013700000000000045,196.92781294121312
-0.012700000000000156,197.77663972113214
-0.011700000000000044,198.62546650105114
-0.010700000000000154,199.33282215098367
-0.009700000000000042,200.04017780091618
-0.008700000000000152,200.7475334508487
-0.00770000000000004,201.73783136075423
-0.00670000000000015,202.7281292706598
-0.005700000000000038,203.57695605057876
-0.0047000000000001485,204.5672539604843
-0.0037000000000000366,205.41608074040332
-0.0027000000000001467,206.12343639033585
-0.0017000000000000348,206.97226317025488
-0.000700000000000145,207.8210899501739
0.00029999999999996696,208.6699167300929
0.0012999999999998568,209.66021463999843
0.0022999999999999687,210.65051254990397
0.0032999999999998586,211.35786819983647
0.0042999999999999705,212.065223849769
0.00529999999999986,212.77257949970152
0.006299999999999972,213.33846401964755
0.007299999999999862,214.04581966958003
0.008299999999999974,214.89464644949908
0.009299999999999864,215.7434732294181
0.010299999999999976,216.59230000933712
0.011299999999999866,217.44112678925615
0.012299999999999978,218.14848243918865
