Potential V vs RHE, Current mA cm-2
0.013299999999999867,-5.235846520800501
0.012299999999999978,-7.809206375255003
0.011299999999999866,-9.85912304875944
0.010299999999999976,-11.691174182084664
0.009299999999999864,-13.349215825526485
0.008299999999999974,-14.486643710617974
0.007299999999999862,-15.3920589425316
0.006299999999999972,-16.141855931460068
0.00529999999999986,-16.962388485381787
0.0042999999999999705,-17.75462681330621
0.0032999999999998586,-18.23562865526032
0.0022999999999999687,-18.631747819222536
0.0012999999999998568,-18.97127853119014
0.00029999999999996696,-19.452280373144255
-0.000700000000000145,-19.97572355409432
-0.0017000000000000348,-20.286960040064624
-0.0027000000000001467,-20.414284057052477
-0.0037000000000000366,-20.626490752032236
-0.0047000000000001485,-21.022609915994444
-0.005700000000000038,-21.418729079956652
-0.00670000000000015,-21.67337711393236
-0.00770000000000004,-21.729965565926964
-0.008700000000000152,-21.899730921910766
-0.009700000000000042,-22.196820294882425
-0.010700000000000154,-22.550498119848687
-0.011700000000000044,-22.72026347583249
-0.012700000000000156,-22.72026347583249
-0.013700000000000045,-22.819293266823045
-0.014700000000000157,-23.1163826397947
-0.015700000000000047,-23.427619125765005
-0.01670000000000016,-23.597384481748815
-0.01770000000000005,-23.597384481748815
-0.01870000000000016,-23.639825820744765
-0.01970000000000005,-23.951062306715073
-0.020700000000000163,-24.24815167968673
-0.021700000000000053,-24.389622809673234
-0.022700000000000164,-24.432064148669184
-0.023700000000000054,-24.474505487665134
-0.024700000000000166,-24.729153521640843
-0.025700000000000056,-25.04039000761115
-0.026700000000000168,-25.167714024599
-0.027700000000000058,-25.210155363594954
-0.02870000000000017,-25.252596702590903
-0.02970000000000006,-25.563833188561212
-0.03070000000000017,-25.86092256153287
-0.03170000000000006,-26.002393691519377
-0.03270000000000017,-26.002393691519377
-0.03370000000000006,-26.087276369511276
-0.034700000000000175,-26.34192440348698
-0.035700000000000065,-26.65316088945729
-0.03670000000000018,-26.822926245441096
-0.03770000000000007,-26.780484906445146
-0.03870000000000018,-26.86536758443705
-0.03970000000000007,-27.134162731411404
-0.04070000000000018,-27.487840556377662
-0.04170000000000007,-27.65760591236147
-0.04270000000000018,-27.65760591236147
-0.04370000000000007,-27.742488590353368
-0.044700000000000184,-28.011283737327723
-0.045700000000000074,-28.350814449295335
-0.046700000000000186,-28.478138466283188
-0.047700000000000076,-28.478138466283188
-0.04870000000000019,-28.619609596269694
-0.04970000000000008,-28.831816291249446
-0.05070000000000019,-29.14305277721976
-0.05170000000000008,-29.31281813320356
-0.05270000000000019,-29.27037679420761
-0.05370000000000008,-29.39770081119546
-0.05470000000000019,-29.708937297165768
-0.05570000000000008,-30.00602667013743
-0.056700000000000195,-30.189939139119886
-0.057700000000000085,-30.232380478115836
-0.058700000000000196,-30.317263156107735
-0.059700000000000086,-30.614352529079397
-0.0607000000000002,-30.925589015049702
-0.06170000000000009,-31.095354371033505
-0.0627000000000002,-31.137795710029454
-0.06370000000000009,-31.19438416202406
-0.0647000000000002,-31.449032195999767
-0.06570000000000009,-31.76026868197007
-0.0667000000000002,-31.930034037953877
-0.0677000000000001,-31.972475376949827
-0.0687000000000002,-32.09979939393769
-0.0697000000000001,-32.368594540912035
-0.07070000000000021,-32.70812525287965
-0.0717000000000001,-32.93447906085806
-0.07270000000000021,-32.93447906085806
-0.0737000000000001,-33.06180307784591
-0.07470000000000021,-33.330598224820264
-0.0757000000000001,-33.670128936787876
-0.07670000000000021,-33.81160006677438
-0.0777000000000001,-33.85404140577033
-0.07870000000000021,-33.89648274476628
-0.0797000000000001,-34.193572117737936
-0.08070000000000022,-34.58969128170015
-0.0817000000000001,-34.75945663768395
-0.08270000000000022,-34.75945663768395
-0.08370000000000011,-34.85848642867451
-0.08470000000000022,-35.198017140642115
-0.08570000000000011,-35.594136304604326
-0.08670000000000022,-35.763901660588125
-0.08770000000000011,-35.90537279057463
-0.08870000000000022,-36.03269680756248
-0.08970000000000011,-36.37222751953009
-0.09070000000000022,-36.6834640055004
-0.09170000000000011,-36.89567070048016
-0.09270000000000023,-36.95225915247476
-0.09370000000000012,-37.037141830466666
-0.09470000000000023,-37.291789864442364
-0.09570000000000012,-37.645467689408626
-0.09670000000000023,-37.77279170639648
-0.09770000000000012,-37.81523304539243
-0.09870000000000023,-37.90011572338433
-0.09970000000000012,-38.211352209354644
-0.10070000000000023,-38.522588695324956
-0.10170000000000012,-38.692354051308754
-0.10270000000000024,-38.692354051308754
-0.10370000000000013,-38.777236729300654
-0.10470000000000024,-39.08847321527096
-0.10570000000000013,-39.42800392723857
-0.10670000000000024,-39.61191639622103
-0.10770000000000013,-39.654357735216976
-0.10870000000000024,-39.82412309120078
-0.10970000000000013,-40.135359577171094
-0.11070000000000024,-40.4748902891387
-0.11170000000000013,-40.65880275812115
-0.11270000000000002,-40.701244097117105
-0.11370000000000013,-40.87100945310091
-0.11470000000000002,-41.182245939071215
-0.11570000000000014,-41.56421799003478
-0.11670000000000003,-41.70568912002128
-0.11770000000000014,-41.79057179801318
-0.11870000000000003,-41.91789581500104
-0.11970000000000014,-42.229132300971344
-0.12070000000000003,-42.568663012938956
-0.12170000000000014,-42.79501682091736
-0.12270000000000003,-42.79501682091736
-0.12370000000000014,-42.92234083790521
-0.12470000000000003,-43.23357732387552
-0.12570000000000014,-43.57310803584313
-0.12670000000000003,-43.70043205283099
-0.12770000000000015,-43.75702050482558
-0.12870000000000004,-43.92678586080939
-0.12970000000000015,-44.223875233781044
-0.13070000000000004,-44.577553058747306
-0.13170000000000015,-44.84634820572166
-0.13270000000000004,-44.88878954471762
-0.13370000000000015,-45.05855490070142
-0.13470000000000004,-45.412232725667685
-0.13570000000000015,-45.75176343763528
-0.13670000000000004,-45.97811724561369
-0.13770000000000016,-46.02055858460964
-0.13870000000000005,-46.147882601597495
-0.13970000000000016,-46.501560426563756
-0.14070000000000005,-46.84109113853137
-0.14170000000000016,-47.067444946509774
-0.14270000000000005,-47.10988628550572
-0.14370000000000016,-47.27965164148953
-0.14470000000000005,-47.633329466455784
-0.14570000000000016,-48.029448630417996
-0.14670000000000005,-48.1992139864018
-0.14770000000000016,-48.2840966643937
-0.14870000000000005,-48.41142068138156
-0.14970000000000017,-48.76509850634781
-0.15070000000000006,-49.16121767031002
-0.15170000000000017,-49.28854168729788
-0.15270000000000006,-49.373424365289786
-0.15370000000000017,-49.50074838227763
-0.15470000000000006,-49.85442620724389
-0.15570000000000017,-50.2505453712061
-0.15670000000000006,-50.37786938819396
-0.15770000000000017,-50.50519340518181
-0.15870000000000006,-50.68910587416426
-0.15970000000000018,-50.98619524713592
-0.16070000000000007,-51.424755750094086
-0.16170000000000018,-51.594521106077885
-0.16270000000000007,-51.73599223606439
-0.16370000000000018,-51.90575759204819
-0.16470000000000007,-52.25943541701445
-0.16570000000000018,-52.64140746797801
-0.16670000000000007,-52.86776127595642
-0.16770000000000018,-52.95264395394832
-0.16870000000000007,-53.12240930993213
-0.16970000000000018,-53.476087134898386
-0.17070000000000007,-53.91464763785655
-0.17170000000000019,-54.16929567183226
-0.17270000000000008,-54.2117370108282
-0.1737000000000002,-54.43809081880661
-0.17470000000000008,-54.834209982768826
-0.1757000000000002,-55.25862337272834
-0.17670000000000008,-55.56985985869864
-0.1777000000000002,-55.65474253669055
-0.17870000000000008,-55.881096344668954
-0.1797000000000002,-56.22062705663656
-0.18070000000000008,-56.61674622059877
-0.1817000000000002,-56.786511576582576
-0.18270000000000008,-56.88554136757313
-0.1837000000000002,-57.012865384560975
-0.1847000000000001,-57.352396096528594
-0.1857000000000002,-57.66363258249889
-0.1867000000000001,-57.87583927747865
-0.1877000000000002,-57.93242772947325
-0.1887000000000001,-58.10219308545706
-0.1897000000000002,-58.45587091042332
-0.1907000000000001,-58.880284300382826
-0.1917000000000001,-59.10663810836124
-0.19269999999999998,-59.23396212534908
-0.1937000000000001,-59.403727481332886
-0.19469999999999998,-59.842287984291055
-0.1957000000000001,-60.23840714825326
-0.19669999999999999,-60.54964363422357
-0.1977000000000001,-60.67696765121143
-0.1987,-60.93161568518713
-0.1997000000000001,-61.37017618814529
-0.2007,-61.7662953521075
-0.2017000000000001,-61.97850204708726
-0.2027,-62.11997317707376
-0.2037000000000001,-62.28973853305756
-0.2047,-62.68585769701977
-0.2057000000000001,-63.11027108697928
-0.2067,-63.3366248949577
-0.2077000000000001,-63.5063902509415
-0.2087,-63.77518539791585
-0.2097000000000001,-64.15715744887942
-0.2107,-64.63815929083353
-0.2117000000000001,-64.90695443780788
-0.2127,-65.03427845479574
-0.2137000000000001,-65.2464851497755
-0.2147,-65.68504565273366
-0.2157000000000001,-66.20848883368372
-0.2167,-66.43484264166212
-0.21770000000000012,-66.60460799764593
-0.2187,-66.77437335362974
-0.21970000000000012,-67.17049251759194
-0.2207,-67.65149435954605
-0.22170000000000012,-67.96273084551636
-0.2227,-68.0900548625042
-0.22370000000000012,-68.30226155748396
-0.2247,-68.78326339943808
-0.22570000000000012,-69.22182390239624
-0.2267,-69.4906190493706
-0.22770000000000012,-69.6603844053544
-0.22870000000000001,-69.87259110033416
-0.22970000000000013,-70.31115160329232
-0.23070000000000002,-70.74971210625048
-0.23170000000000013,-71.0043601402262
-0.23270000000000002,-71.18827260920865
-0.23370000000000013,-71.44292064318435
-0.23470000000000002,-71.92392248513846
-0.23570000000000013,-72.40492432709259
-0.23670000000000002,-72.71616081306288
-0.2376999999999999,-72.92836750804264
-0.23870000000000002,-73.197162655017
-0.2396999999999999,-73.62157604497652
-0.24070000000000003,-74.20160767792116
-0.24169999999999991,-74.49869705089283
-0.24270000000000003,-74.66846240687663
-0.24369999999999992,-74.93725755385098
-0.24470000000000003,-75.4182593958051
-0.24569999999999992,-75.8992612377592
-0.24670000000000003,-76.15390927173492
-0.24769999999999992,-76.38026307971333
-0.24870000000000003,-76.67735245268499
-0.24969999999999992,-77.1583542946391
-0.25070000000000003,-77.68179747558916
-0.2516999999999999,-78.03547530055542
-0.25270000000000004,-78.24768199553519
-0.2536999999999999,-78.64380115949739
-0.25470000000000004,-79.16724434044745
-0.2556999999999999,-79.73312886039348
-0.25670000000000004,-80.08680668535972
-0.25769999999999993,-80.25657204134353
-0.25870000000000004,-80.52536718831789
-0.25969999999999993,-81.04881036926795
-0.26070000000000004,-81.47322375922747
-0.26169999999999993,-81.78446024519776
-0.26270000000000004,-81.95422560118158
-0.26369999999999993,-82.18057940915998
-0.26470000000000005,-82.6615812511141
-0.26569999999999994,-83.18502443206415
-0.26670000000000005,-83.48211380503581
-0.26769999999999994,-83.75090895201016
-0.26870000000000005,-84.04799832498183
-0.26969999999999994,-84.48655882793999
-0.27070000000000005,-85.052443347886
-0.27169999999999994,-85.44856251184822
-0.27270000000000005,-85.66076920682796
-0.27369999999999994,-86.05688837079018
-0.27470000000000006,-86.58033155174023
-0.27569999999999995,-87.18865741068221
-0.27670000000000006,-87.58477657464444
-0.27769999999999995,-87.79698326962418
-0.27870000000000006,-88.19310243358639
-0.27969999999999995,-88.6741042755405
-0.28070000000000006,-89.23998879548651
-0.28169999999999995,-89.63610795944872
-0.28270000000000006,-89.89075599342443
-0.28369999999999995,-90.28687515738663
-0.28470000000000006,-90.85275967733266
-0.28569999999999995,-91.41864419727867
-0.28670000000000007,-91.89964603923279
-0.28769999999999996,-92.16844118620713
-0.28870000000000007,-92.56456035016936
-0.28969999999999996,-93.17288620911131
-0.29070000000000007,-93.78121206805329
-0.29169999999999996,-94.21977257101145
-0.29270000000000007,-94.5168619439831
-0.29369999999999996,-94.95542244694126
-0.2947000000000001,-95.56374830588322
-0.29569999999999996,-96.17207416482519
-0.2967000000000001,-96.65307600677932
-0.29769999999999996,-97.04919517074151
-0.2987000000000001,-97.4877556736997
-0.29969999999999997,-98.18096421063355
-0.3007000000000001,-98.88831986056607
-0.30169999999999997,-99.31273325052557
-0.3027000000000001,-99.75129375348374
-0.30369999999999997,-100.23229559543785
-0.3047000000000001,-100.92550413237171
-0.30569999999999997,-101.63285978230424
-0.3067000000000001,-102.1563029632543
-0.3077,-102.59486346621246
-0.3087000000000001,-103.07586530816658
-0.3097,-103.81151518409638
-0.3107000000000001,-104.58960639902216
-0.3117,-105.16963803196683
-0.3127000000000001,-105.63649276092228
-0.3137,-106.2589657328629
-0.3147000000000001,-106.99461560879273
-0.3157,-107.78685393671715
-0.3167000000000001,-108.43762113465506
-0.3177,-108.96106431560513
-0.3187000000000001,-109.56939017454708
-0.3197,-110.40406984146746
-0.3207000000000001,-111.26704373438514
-0.3217,-111.91781093232305
-0.3227000000000001,-112.48369545226906
-0.3237,-113.19105110220158
-0.3247000000000001,-114.0115836561233
-0.3257,-114.93114600103557
-0.3267000000000001,-115.68094298996405
-0.3277,-116.24682750991008
-0.3287000000000001,-117.02491872483584
-0.3297,-117.94448106974811
-0.3307000000000001,-118.86404341466037
-0.3317,-119.64213462958614
-0.3327000000000001,-120.29290182752408
-0.3337,-121.0851401554485
-0.3347000000000001,-122.0471438393567
-0.3357,-123.00914752326493
-0.3367000000000001,-123.82968007718667
-0.3377,-124.57947706611512
-0.3387000000000001,-125.44245095903281
-0.3397,-126.44689598193698
-0.3407000000000001,-127.4937823438371
-0.3417,-128.37090334975343
-0.3427000000000001,-129.1489945646792
-0.3437,-130.06855690959148
-0.3447000000000001,-131.1154432714916
-0.3457,-132.24721231138363
-0.3467000000000001,-133.20921599529186
-0.3477,-134.04389566221224
-0.3487000000000001,-134.9917522331218
-0.3497,-136.2225510640044
-0.3507000000000001,-137.3543201038964
-0.3517,-138.44364780479248
-0.3527000000000001,-139.36321014970477
-0.3537,-140.325213833613
-0.3547000000000001,-141.47112998650366
-0.3557,-142.7443701563822
-0.35670000000000013,-143.87613919627424
-0.3577,-144.86643710617977
-0.35870000000000013,-145.85673501608528
-0.3597,-147.1299751859638
-0.36070000000000013,-148.40321535584232
-0.3617,-149.53498439573437
-0.3626999999999999,-150.5252823056399
-0.3637,-151.65705134553193
-0.3646999999999999,-153.07176264539694
-0.3657,-154.3450028152755
-0.3666999999999999,-155.61824298515404
-0.3677,-156.60854089505958
-0.3686999999999999,-157.88178106493808
-0.36970000000000003,-159.29649236480313
-0.3706999999999999,-160.71120366466818
-0.37170000000000003,-161.84297270456022
-0.3726999999999999,-162.97474174445222
-0.37370000000000003,-164.24798191433075
-0.3746999999999999,-165.6626932141958
-0.37570000000000003,-167.07740451406085
-0.3766999999999999,-168.49211581392586
-0.37770000000000004,-169.6238848538179
-0.3786999999999999,-171.03859615368293
-0.37970000000000004,-172.45330745354798
-0.3806999999999999,-174.0094898833995
-0.38170000000000004,-175.42420118326456
-0.38269999999999993,-176.55597022315658
-0.38370000000000004,-177.9706815230216
-0.38469999999999993,-179.52686395287316
-0.38570000000000004,-181.08304638272472
-0.38669999999999993,-180.23421960280567
-0.38570000000000004,-175.70714344323756
-0.38469999999999993,-172.17036519357498
-0.38370000000000004,-169.3409425938449
-0.38269999999999993,-166.65299112410133
-0.38170000000000004,-164.10651078434424
-0.3806999999999999,-161.5600304445872
-0.37970000000000004,-159.15502123481662
-0.3786999999999999,-157.03295428501906
-0.37770000000000004,-154.9108873352215
-0.3766999999999999,-152.78882038542397
-0.37570000000000003,-150.5252823056399
-0.3746999999999999,-148.40321535584232
-0.37370000000000003,-146.4226195360313
-0.3726999999999999,-144.44202371622026
-0.37170000000000003,-142.4614278964092
-0.3706999999999999,-140.41009651160488
-0.36970000000000003,-138.3587651268006
-0.3686999999999999,-136.562081775972
-0.3677,-134.77954553814206
-0.3666999999999999,-132.8555381703256
-0.3657,-130.90323657651186
-0.3646999999999999,-129.02167054769134
-0.3637,-127.32401698785328
-0.3626999999999999,-125.6688047670112
-0.3617,-123.82968007718667
-0.36070000000000013,-121.90567270937021
-0.3597,-120.16557781053622
-0.35870000000000013,-118.55280692869007
-0.3577,-117.02491872483584
-0.35670000000000013,-115.36970650399375
-0.3557,-113.53058181416918
-0.3547000000000001,-111.8753695933271
-0.3537,-110.3050400504769
-0.3527000000000001,-108.83374029861727
-0.3517,-107.16438096477653
-0.3507000000000001,-105.38184472694657
-0.3497,-103.7266325061045
-0.3487000000000001,-102.24118564124619
-0.3477,-100.75573877638791
-0.3467000000000001,-99.14296789454177
-0.3457,-97.36043165671182
-0.3447000000000001,-95.69107232287108
-0.3437,-94.26221391000739
-0.3427000000000001,-92.81920838414506
-0.3417,-91.29132018029082
-0.3407000000000001,-89.63610795944872
-0.3397,-88.06577841659853
-0.3387000000000001,-86.66521422973216
-0.3377,-85.36367983385631
-0.3367000000000001,-83.87823296899803
-0.3357,-82.35034476514379
-0.3347000000000001,-80.86489790028548
-0.3337,-79.64824618240156
-0.3327000000000001,-78.43159446451764
-0.3317,-77.0734716166472
-0.3307000000000001,-75.5880247517889
-0.3297,-74.14501922592657
-0.3287000000000001,-72.97080884703858
-0.3277,-71.83903980714656
-0.3267000000000001,-70.43847562028017
-0.3257,-69.05205854641244
-0.3247000000000001,-67.693935698542
-0.3237,-66.51972531965401
-0.3227000000000001,-65.38795627976201
-0.3217,-64.0722747708875
-0.3207000000000001,-62.68585769701977
-0.3197,-61.412617527141244
-0.3187000000000001,-60.36573116524111
-0.3177,-59.27640346434504
-0.3167000000000001,-57.974869068469204
-0.3157,-56.65918755959472
-0.3147000000000001,-55.442535841710786
-0.3137,-54.39564947981066
-0.3127000000000001,-53.348763117910536
-0.3117,-52.2169940780185
-0.3107000000000001,-50.90131256914402
-0.3097,-49.76954352925199
-0.3087000000000001,-48.76509850634781
-0.3077,-47.84553616143554
-0.3067000000000001,-46.75620846053947
-0.30569999999999997,-45.53955674265553
-0.3047000000000001,-44.4926703807554
-0.30369999999999997,-43.57310803584313
-0.3027000000000001,-42.71013414292546
-0.30169999999999997,-41.66324778102533
-0.3007000000000001,-40.4748902891387
-0.29969999999999997,-39.47044526623452
-0.2987000000000001,-38.607471373316855
-0.29769999999999996,-37.81523304539243
-0.2967000000000001,-36.81078802248826
-0.29569999999999996,-35.721460321592176
-0.2947000000000001,-34.717015298688004
-0.29369999999999996,-33.98136542275818
-0.29270000000000007,-33.18912709483376
-0.29169999999999996,-32.184682071929586
-0.29070000000000007,-31.19438416202406
-0.28969999999999996,-30.274821817111786
-0.28870000000000007,-29.525024828183312
-0.28769999999999996,-28.789374952253496
-0.28670000000000007,-27.912253946337174
-0.28569999999999995,-26.907808923433
-0.28470000000000006,-26.044835030515326
-0.28369999999999995,-25.295038041586857
-0.28270000000000006,-24.729153521640843
-0.28169999999999995,-23.823738289727217
-0.28070000000000006,-22.904175944814945
-0.27969999999999995,-22.069496277894572
-0.27870000000000006,-21.418729079956652
-0.27769999999999995,-20.810403221014692
-0.27670000000000006,-20.01816489309027
-0.27569999999999995,-19.155191000172596
-0.27470000000000006,-18.40539401124413
-0.27369999999999994,-17.797068152302163
-0.27270000000000005,-17.231183632356142
-0.27169999999999994,-16.438945304431726
-0.27070000000000005,-15.618412750510005
-0.26969999999999994,-14.925204213576137
-0.26870000000000005,-14.444202371622024
-0.26769999999999994,-13.916515056772363
-0.26670000000000005,-13.175206335643086
-0.26569999999999994,-12.390041564217992
-0.26470000000000005,-11.778886282676295
-0.26369999999999993,-11.255443101726232
-0.26270000000000004,-10.775855971071984
-0.26169999999999993,-10.120844639234473
-0.26070000000000004,-9.335679867809377
-0.25969999999999993,-8.68208324727173
-0.25870000000000004,-8.202496116617484
-0.25769999999999993,-7.722908985963235
-0.25670000000000004,-7.024041603829907
-0.2556999999999999,-6.326588932996443
-0.25470000000000004,-5.672992312458796
-0.2536999999999999,-5.235846520800501
-0.25270000000000004,-4.800115440442069
-0.2516999999999999,-4.1889601589003735
-0.25070000000000003,-3.5353635383627267
-0.24969999999999992,-2.924208256821031
-0.24870000000000003,-2.576189277054232
-0.24769999999999992,-2.226755585987568
-0.24670000000000003,-1.6594563547416883
-0.24569999999999992,-1.0490084288499246
-0.24470000000000003,-0.5255652478998613
-0.24369999999999992,-0.1766974413531431
-0.24270000000000003,0.12863969849672777
-0.24169999999999991,0.6520404381077953
-0.24070000000000003,1.2626298351295453
-0.2396999999999999,1.7429243214337253
-0.23870000000000002,2.0909433012005243
-0.2376999999999999,2.396520941971372
-0.23670000000000002,2.8761080726256196
-0.23570000000000013,3.5311194044631313
-0.23470000000000002,4.01070653511738
-0.23370000000000013,4.272428125592412
-0.23270000000000002,4.534149716067443
-0.23170000000000013,4.9698807964258735
-0.23070000000000002,5.493323977375938
-0.22970000000000013,5.886613718738418
-0.22870000000000001,6.14833530921345
-0.22770000000000012,6.322344799096849
-0.2267,6.75807587945528
-0.22570000000000012,7.281519060405343
-0.2247,7.674808801767824
-0.22370000000000012,7.892674341947039
-0.2227,8.154395932422071
-0.22170000000000012,8.590127012780503
-0.2207,9.157426244026382
-0.21970000000000012,9.593157324384812
-0.2187,9.811022864564029
-0.21770000000000012,10.03030311604311
-0.2167,10.46603419640154
-0.2157000000000001,10.989477377351605
-0.2147,11.425208457710037
-0.2137000000000001,11.6006326588933
-0.2127,11.774642148776701
-0.2117000000000001,12.210373229135131
-0.2107,12.646104309493563
-0.2097000000000001,13.039394050856043
-0.2087,13.213403540739444
-0.2077000000000001,13.388827741922707
-0.2067,13.780702771985322
-0.2057000000000001,14.217848563643619
-0.2047,14.57152638860988
-0.2037000000000001,14.69885040559773
-0.2027,14.868615761581536
-0.2017000000000001,15.179852247551842
-0.2007,15.618412750510005
-0.1997000000000001,15.91550212348166
-0.1987,16.099414592464115
-0.1977000000000001,16.22673860945197
-0.19669999999999999,16.52382798242363
-0.1957000000000001,16.962388485381787
-0.19469999999999998,17.2736249713521
-0.1937000000000001,17.40094898833995
-0.19269999999999998,17.570714344323754
-0.1917000000000001,17.881950830294063
-0.1907000000000001,18.27806999425627
-0.1897000000000002,18.57515936722793
-0.1887000000000001,18.702483384215785
-0.1877000000000002,18.843954514202288
-0.1867000000000001,19.141043887173947
-0.1857000000000002,19.537163051136158
-0.1847000000000001,19.805958198110513
-0.1837000000000002,19.93328221509837
-0.18270000000000008,20.01816489309027
-0.1817000000000002,20.329401379060574
-0.18070000000000008,20.711373430024135
-0.1797000000000002,21.022609915994444
-0.17870000000000008,21.107492593986347
-0.1777000000000002,21.2348166109742
-0.17670000000000008,21.54605309694451
-0.1757000000000002,21.899730921910766
-0.17470000000000008,22.15437895588647
-0.1737000000000002,22.239261633878378
-0.17270000000000008,22.36658565086623
-0.17170000000000019,22.592939458844636
-0.17070000000000007,22.989058622806844
-0.16970000000000018,23.24370665678255
-0.16870000000000007,23.286147995778503
-0.16770000000000018,23.41347201276636
-0.16670000000000007,23.682267159740714
-0.16570000000000018,24.078386323702922
-0.16470000000000007,24.290593018682678
-0.16370000000000018,24.417917035670534
-0.16270000000000007,24.516946826661083
-0.16170000000000018,24.771594860636792
-0.16070000000000007,25.12527268560305
-0.15970000000000018,25.337479380582806
-0.15870000000000006,25.42236205857471
-0.15770000000000017,25.507244736566612
-0.15670000000000006,25.77603988354097
-0.15570000000000017,26.129717708507226
-0.15470000000000006,26.38436574248293
-0.15370000000000017,26.426807081478888
-0.15270000000000006,26.469248420474838
-0.15170000000000017,26.738043567449193
-0.15070000000000006,27.0775742794168
-0.14970000000000017,27.303928087395207
-0.14870000000000005,27.303928087395207
-0.14770000000000016,27.38881076538711
-0.14670000000000005,27.601017460366865
-0.14570000000000016,27.954695285333123
-0.14470000000000005,28.18104909331153
-0.14370000000000016,28.22349043230748
-0.14270000000000005,28.308373110299385
-0.14170000000000016,28.52057980527914
-0.14070000000000005,28.8742576302454
-0.13970000000000016,29.086464325225155
-0.13870000000000005,29.044022986229205
-0.13770000000000016,29.171347003217054
-0.13670000000000004,29.39770081119546
-0.13570000000000015,29.694790184167122
-0.13470000000000004,29.878702653149578
-0.13370000000000015,29.921143992145527
-0.13270000000000004,29.96358533114148
-0.13170000000000015,30.17579202612123
-0.13070000000000004,30.487028512091538
-0.12970000000000015,30.656793868075347
-0.12870000000000004,30.699235207071297
-0.12770000000000015,30.741676546067247
-0.12670000000000003,30.968030354045652
-0.12570000000000014,31.22267838802136
-0.12470000000000003,31.449032195999767
-0.12370000000000014,31.449032195999767
-0.12270000000000003,31.449032195999767
-0.12170000000000014,31.661238890979522
-0.12070000000000003,31.972475376949827
-0.11970000000000014,32.09979939393769
-0.11870000000000003,32.14224073293363
-0.11770000000000014,32.14224073293363
-0.11670000000000003,32.368594540912035
-0.11570000000000014,32.70812525287965
-0.11470000000000002,32.8354492698675
-0.11370000000000013,32.8354492698675
-0.11270000000000002,32.8354492698675
-0.11170000000000013,33.06180307784591
-0.11070000000000024,33.41548090281216
-0.10970000000000013,33.54280491980002
-0.10870000000000024,33.50036358080407
-0.10770000000000013,33.50036358080407
-0.10670000000000024,33.627687597791926
-0.10570000000000013,33.88233563176763
-0.10470000000000024,33.98136542275818
-0.10370000000000013,33.93892408376223
-0.10270000000000024,33.88233563176763
-0.10170000000000012,34.10868943974604
-0.10070000000000023,34.4057788127177
-0.09970000000000012,34.58969128170015
-0.09870000000000023,34.58969128170015
-0.09770000000000012,34.67457395969205
-0.09670000000000023,34.84433931567585
-0.09570000000000012,35.11313446265021
-0.09470000000000023,35.240458479638065
-0.09370000000000012,35.240458479638065
-0.09270000000000023,35.240458479638065
-0.09170000000000011,35.41022383562187
-0.09070000000000022,35.679018982596226
-0.08970000000000011,35.806342999584075
-0.08870000000000022,35.721460321592176
-0.08770000000000011,35.679018982596226
-0.08670000000000022,35.848784338580025
-0.08570000000000011,36.01854969456383
-0.08470000000000022,36.16002082455034
-0.08370000000000011,36.07513814655844
-0.08270000000000022,35.97610835556789
-0.0817000000000001,36.11757948555439
-0.08070000000000022,36.329786180534136
-0.0797000000000001,36.37222751953009
-0.07870000000000021,36.329786180534136
-0.0777000000000001,36.28734484153819
-0.07670000000000021,36.37222751953009
-0.0757000000000001,36.5985813275085
-0.07470000000000021,36.64102266650445
-0.0737000000000001,36.54199287551389
-0.07270000000000021,36.45711019752199
-0.0717000000000001,36.54199287551389
-0.07070000000000021,36.725905344496354
-0.0697000000000001,36.81078802248826
-0.0687000000000002,36.725905344496354
-0.0677000000000001,36.64102266650445
-0.0667000000000002,36.768346683492304
-0.06570000000000009,36.98055337847206
-0.0647000000000002,37.06543605646396
-0.06370000000000009,37.02299471746801
-0.0627000000000002,36.98055337847206
-0.06170000000000009,37.164465847454515
-0.0607000000000002,37.376672542434264
-0.059700000000000086,37.46155522042617
-0.058700000000000196,37.334231203438314
-0.057700000000000085,37.291789864442364
-0.056700000000000195,37.41911388143023
-0.05570000000000008,37.687909028404576
-0.05470000000000019,37.77279170639648
-0.05370000000000008,37.73035036740053
-0.05270000000000019,37.687909028404576
-0.05170000000000008,37.81523304539243
-0.05070000000000019,38.02743974037218
-0.04970000000000008,38.11232241836409
-0.04870000000000019,38.06988107936814
-0.047700000000000076,37.98499840137623
-0.046700000000000186,38.11232241836409
-0.045700000000000074,38.33867622634249
-0.044700000000000184,38.38111756533845
-0.04370000000000007,38.29623488734655
-0.04270000000000018,38.253793548350586
-0.04170000000000007,38.38111756533845
-0.04070000000000018,38.593324260318205
-0.03970000000000007,38.734795390304704
-0.03870000000000018,38.692354051308754
-0.03770000000000007,38.593324260318205
-0.03670000000000018,38.777236729300654
-0.035700000000000065,38.98944342428042
-0.034700000000000175,39.03188476327636
-0.03370000000000006,39.03188476327636
-0.03270000000000017,38.98944342428042
-0.03170000000000006,39.116767441268266
-0.03070000000000017,39.34312124924667
-0.02970000000000006,39.34312124924667
-0.02870000000000017,39.30067991025072
-0.027700000000000058,39.258238571254765
-0.026700000000000168,39.38556258824262
-0.025700000000000056,39.59776928322238
-0.024700000000000166,39.68265196121428
-0.023700000000000054,39.59776928322238
-0.022700000000000164,39.59776928322238
-0.021700000000000053,39.739240413208876
-0.020700000000000163,39.95144710818864
-0.01970000000000005,40.07877112517649
-0.01870000000000016,39.99388844718459
-0.01770000000000005,39.95144710818864
-0.01670000000000016,40.07877112517649
-0.015700000000000047,40.30512493315489
-0.014700000000000157,40.43244895014274
-0.013700000000000045,40.3900076111468
-0.012700000000000156,40.3900076111468
-0.011700000000000044,40.559772967130606
-0.010700000000000154,40.828568114104954
-0.009700000000000042,40.95589213109281
-0.008700000000000152,40.91345079209687
-0.00770000000000004,40.91345079209687
-0.00670000000000015,41.083216148080666
-0.005700000000000038,41.352011295055014
-0.0047000000000001485,41.47933531204288
-0.0037000000000000366,41.43689397304693
-0.0027000000000001467,41.43689397304693
-0.0017000000000000348,41.606659329030734
-0.000700000000000145,41.87545447600508
0.00029999999999996696,42.00277849299294
0.0012999999999998568,42.00277849299294
0.0022999999999999687,42.00277849299294
0.0032999999999998586,42.214985187972694
0.0042999999999999705,42.4413389959511
0.00529999999999986,42.568663012938956
0.006299999999999972,42.568663012938956
0.007299999999999862,42.568663012938956
0.008299999999999974,42.738428368922754
0.009299999999999864,43.007223515897124
0.010299999999999976,43.17698887188092
0.011299999999999866,43.134547532884966
0.012299999999999978,43.134547532884966
