Dec. 21, 2024   03:02:42
Cyclic Voltammetry
File: c:/users/guazh/data/banditlqround7_x0exp667_r5/2024-12-16-exp717\exp717-2024-12-21t02_46_01-arkoh\exp717_cv_sr_900mvs_efin_-1600mv.bin
Data Source:  Experiment
Instrument Model:  CHI760E
Header: CV ran at 900 mVs
Note: 

Init E (V) = -1
High E (V) = -1
Low E (V) = -1.6
Final E (V) = -1
Init P/N = N
Scan Rate (V/s) = 0.9
Segment = 3
Sample Interval (V) = 0.001
Quiet Time (sec) = 2
Sensitivity (A/V) = 0.01
Comp R (ohm) = 1.3

Results:

Channel 1:
Segment 1:

Segment 2:

Segment 3:

Potential/V, Current/A

-1.000, 3.239e-6
-1.001, 6.322e-6
-1.002, 6.322e-6
-1.003, 3.239e-6
-1.004, 3.239e-6
-1.005, 6.322e-6
-1.006, 3.239e-6
-1.007, 6.322e-6
-1.008, 3.239e-6
-1.009, 6.322e-6
-1.010, 3.239e-6
-1.011, 6.322e-6
-1.012, 6.322e-6
-1.013, 6.322e-6
-1.014, 6.322e-6
-1.015, 6.322e-6
-1.016, 6.322e-6
-1.017, 6.322e-6
-1.018, 6.322e-6
-1.019, 6.322e-6
-1.020, 6.322e-6
-1.021, 6.322e-6
-1.022, 6.322e-6
-1.023, 6.322e-6
-1.024, 6.322e-6
-1.025, 6.322e-6
-1.026, 6.322e-6
-1.027, 6.322e-6
-1.028, 9.405e-6
-1.029, 6.322e-6
-1.030, 6.322e-6
-1.031, 6.322e-6
-1.032, 6.322e-6
-1.033, 6.322e-6
-1.034, 6.322e-6
-1.035, 6.322e-6
-1.036, 6.322e-6
-1.037, 9.405e-6
-1.038, 6.322e-6
-1.039, 6.322e-6
-1.040, 9.405e-6
-1.041, 6.322e-6
-1.042, 9.405e-6
-1.043, 9.405e-6
-1.044, 9.405e-6
-1.045, 6.322e-6
-1.046, 9.405e-6
-1.047, 6.322e-6
-1.048, 6.322e-6
-1.049, 9.405e-6
-1.050, 9.405e-6
-1.051, 9.405e-6
-1.052, 6.322e-6
-1.053, 9.405e-6
-1.054, 9.405e-6
-1.055, 9.405e-6
-1.056, 9.405e-6
-1.057, 9.405e-6
-1.058, 9.405e-6
-1.059, 9.405e-6
-1.060, 9.405e-6
-1.061, 9.405e-6
-1.062, 9.405e-6
-1.063, 9.405e-6
-1.064, 9.405e-6
-1.065, 9.405e-6
-1.066, 9.405e-6
-1.067, 9.405e-6
-1.068, 9.405e-6
-1.069, 9.405e-6
-1.070, 9.405e-6
-1.071, 9.405e-6
-1.072, 9.405e-6
-1.073, 9.405e-6
-1.074, 9.405e-6
-1.075, 9.405e-6
-1.076, 9.405e-6
-1.077, 9.405e-6
-1.078, 9.405e-6
-1.079, 9.405e-6
-1.080, 9.405e-6
-1.081, 9.405e-6
-1.082, 9.405e-6
-1.083, 9.405e-6
-1.084, 1.249e-5
-1.085, 9.405e-6
-1.086, 9.405e-6
-1.087, 9.405e-6
-1.088, 9.405e-6
-1.089, 9.405e-6
-1.090, 9.405e-6
-1.091, 9.405e-6
-1.092, 9.405e-6
-1.093, 9.405e-6
-1.094, 9.405e-6
-1.095, 9.405e-6
-1.096, 9.405e-6
-1.097, 9.405e-6
-1.098, 1.249e-5
-1.099, 9.405e-6
-1.100, 1.249e-5
-1.101, 1.249e-5
-1.102, 1.249e-5
-1.103, 1.249e-5
-1.104, 9.405e-6
-1.105, 1.249e-5
-1.106, 9.405e-6
-1.107, 1.249e-5
-1.108, 9.405e-6
-1.109, 9.405e-6
-1.110, 9.405e-6
-1.111, 1.249e-5
-1.112, 1.249e-5
-1.113, 1.249e-5
-1.114, 1.249e-5
-1.115, 1.249e-5
-1.116, 1.249e-5
-1.117, 1.249e-5
-1.118, 1.249e-5
-1.119, 1.249e-5
-1.120, 1.249e-5
-1.121, 1.249e-5
-1.122, 1.249e-5
-1.123, 1.249e-5
-1.124, 1.249e-5
-1.125, 1.249e-5
-1.126, 1.249e-5
-1.127, 1.249e-5
-1.128, 1.249e-5
-1.129, 1.249e-5
-1.130, 1.249e-5
-1.131, 1.249e-5
-1.132, 1.249e-5
-1.133, 1.557e-5
-1.134, 1.249e-5
-1.135, 1.249e-5
-1.136, 1.249e-5
-1.137, 1.249e-5
-1.138, 1.249e-5
-1.139, 1.249e-5
-1.140, 1.249e-5
-1.141, 1.249e-5
-1.142, 1.249e-5
-1.143, 1.249e-5
-1.144, 1.249e-5
-1.145, 1.557e-5
-1.146, 1.249e-5
-1.147, 1.249e-5
-1.148, 1.249e-5
-1.149, 1.249e-5
-1.150, 1.249e-5
-1.151, 1.249e-5
-1.152, 1.249e-5
-1.153, 1.249e-5
-1.154, 1.557e-5
-1.155, 1.249e-5
-1.156, 1.249e-5
-1.157, 1.249e-5
-1.158, 1.249e-5
-1.159, 1.557e-5
-1.160, 1.249e-5
-1.161, 1.557e-5
-1.162, 1.557e-5
-1.163, 1.557e-5
-1.164, 1.557e-5
-1.165, 1.557e-5
-1.166, 1.557e-5
-1.167, 1.249e-5
-1.168, 1.557e-5
-1.169, 1.557e-5
-1.170, 1.557e-5
-1.171, 1.557e-5
-1.172, 1.557e-5
-1.173, 1.557e-5
-1.174, 1.557e-5
-1.175, 1.557e-5
-1.176, 1.557e-5
-1.177, 1.557e-5
-1.178, 1.557e-5
-1.179, 1.557e-5
-1.180, 1.557e-5
-1.181, 1.557e-5
-1.182, 1.557e-5
-1.183, 1.557e-5
-1.184, 1.557e-5
-1.185, 1.557e-5
-1.186, 1.557e-5
-1.187, 1.557e-5
-1.188, 1.557e-5
-1.189, 1.557e-5
-1.190, 1.557e-5
-1.191, 1.557e-5
-1.192, 1.557e-5
-1.193, 1.557e-5
-1.194, 1.557e-5
-1.195, 1.557e-5
-1.196, 1.557e-5
-1.197, 1.557e-5
-1.198, 1.557e-5
-1.199, 1.557e-5
-1.200, 1.557e-5
-1.201, 1.557e-5
-1.202, 1.557e-5
-1.203, 1.557e-5
-1.204, 1.557e-5
-1.205, 1.557e-5
-1.206, 1.557e-5
-1.207, 1.557e-5
-1.208, 1.865e-5
-1.209, 1.557e-5
-1.210, 1.557e-5
-1.211, 1.557e-5
-1.212, 1.557e-5
-1.213, 1.557e-5
-1.214, 1.557e-5
-1.215, 1.865e-5
-1.216, 1.557e-5
-1.217, 1.557e-5
-1.218, 1.557e-5
-1.219, 1.557e-5
-1.220, 1.865e-5
-1.221, 1.557e-5
-1.222, 1.865e-5
-1.223, 1.557e-5
-1.224, 1.865e-5
-1.225, 1.557e-5
-1.226, 1.557e-5
-1.227, 1.557e-5
-1.228, 1.557e-5
-1.229, 1.865e-5
-1.230, 1.557e-5
-1.231, 1.865e-5
-1.232, 1.865e-5
-1.233, 1.865e-5
-1.234, 1.557e-5
-1.235, 1.865e-5
-1.236, 1.865e-5
-1.237, 1.865e-5
-1.238, 1.865e-5
-1.239, 1.865e-5
-1.240, 1.865e-5
-1.241, 1.865e-5
-1.242, 1.865e-5
-1.243, 1.865e-5
-1.244, 1.865e-5
-1.245, 1.865e-5
-1.246, 1.865e-5
-1.247, 1.865e-5
-1.248, 1.865e-5
-1.249, 1.865e-5
-1.250, 1.865e-5
-1.251, 1.865e-5
-1.252, 1.865e-5
-1.253, 1.865e-5
-1.254, 1.865e-5
-1.255, 1.865e-5
-1.256, 1.865e-5
-1.257, 1.865e-5
-1.258, 1.865e-5
-1.259, 1.865e-5
-1.260, 1.865e-5
-1.261, 1.865e-5
-1.262, 1.865e-5
-1.263, 1.557e-5
-1.264, 1.865e-5
-1.265, 1.865e-5
-1.266, 1.865e-5
-1.267, 1.865e-5
-1.268, 1.865e-5
-1.269, 1.865e-5
-1.270, 1.865e-5
-1.271, 1.865e-5
-1.272, 1.865e-5
-1.273, 1.865e-5
-1.274, 1.865e-5
-1.275, 1.865e-5
-1.276, 1.865e-5
-1.277, 1.865e-5
-1.278, 1.865e-5
-1.279, 1.865e-5
-1.280, 1.865e-5
-1.281, 1.865e-5
-1.282, 2.174e-5
-1.283, 2.174e-5
-1.284, 1.865e-5
-1.285, 1.865e-5
-1.286, 1.865e-5
-1.287, 2.174e-5
-1.288, 2.174e-5
-1.289, 1.865e-5
-1.290, 2.174e-5
-1.291, 1.865e-5
-1.292, 2.174e-5
-1.293, 1.865e-5
-1.294, 1.865e-5
-1.295, 2.174e-5
-1.296, 2.174e-5
-1.297, 2.174e-5
-1.298, 2.174e-5
-1.299, 2.174e-5
-1.300, 2.174e-5
-1.301, 2.174e-5
-1.302, 2.174e-5
-1.303, 2.174e-5
-1.304, 2.174e-5
-1.305, 2.174e-5
-1.306, 2.174e-5
-1.307, 2.174e-5
-1.308, 2.174e-5
-1.309, 2.174e-5
-1.310, 2.174e-5
-1.311, 2.174e-5
-1.312, 2.174e-5
-1.313, 2.174e-5
-1.314, 2.174e-5
-1.315, 2.174e-5
-1.316, 2.174e-5
-1.317, 2.482e-5
-1.318, 2.482e-5
-1.319, 2.174e-5
-1.320, 2.482e-5
-1.321, 2.482e-5
-1.322, 2.482e-5
-1.323, 2.482e-5
-1.324, 2.482e-5
-1.325, 2.482e-5
-1.326, 2.482e-5
-1.327, 2.482e-5
-1.328, 2.482e-5
-1.329, 2.482e-5
-1.330, 2.482e-5
-1.331, 2.482e-5
-1.332, 2.482e-5
-1.333, 2.482e-5
-1.334, 2.790e-5
-1.335, 2.482e-5
-1.336, 2.790e-5
-1.337, 2.790e-5
-1.338, 2.790e-5
-1.339, 2.790e-5
-1.340, 2.790e-5
-1.341, 3.099e-5
-1.342, 2.790e-5
-1.343, 3.099e-5
-1.344, 3.099e-5
-1.345, 3.099e-5
-1.346, 3.099e-5
-1.347, 3.099e-5
-1.348, 3.407e-5
-1.349, 3.099e-5
-1.350, 3.407e-5
-1.351, 3.407e-5
-1.352, 3.407e-5
-1.353, 3.407e-5
-1.354, 3.407e-5
-1.355, 3.715e-5
-1.356, 3.715e-5
-1.357, 3.715e-5
-1.358, 3.715e-5
-1.359, 3.715e-5
-1.360, 4.024e-5
-1.361, 4.024e-5
-1.362, 4.024e-5
-1.363, 4.024e-5
-1.364, 4.332e-5
-1.365, 4.332e-5
-1.366, 4.332e-5
-1.367, 4.332e-5
-1.368, 4.640e-5
-1.369, 4.640e-5
-1.370, 4.640e-5
-1.371, 4.949e-5
-1.372, 4.949e-5
-1.373, 4.949e-5
-1.374, 5.257e-5
-1.375, 5.257e-5
-1.376, 5.565e-5
-1.377, 5.565e-5
-1.378, 5.565e-5
-1.379, 5.873e-5
-1.380, 5.873e-5
-1.381, 6.182e-5
-1.382, 6.182e-5
-1.383, 6.490e-5
-1.384, 6.490e-5
-1.385, 6.798e-5
-1.386, 6.798e-5
-1.387, 7.107e-5
-1.388, 7.107e-5
-1.389, 7.415e-5
-1.390, 7.723e-5
-1.391, 7.723e-5
-1.392, 8.032e-5
-1.393, 8.032e-5
-1.394, 8.340e-5
-1.395, 8.648e-5
-1.396, 8.648e-5
-1.397, 9.265e-5
-1.398, 9.265e-5
-1.399, 9.882e-5
-1.400, 9.882e-5
-1.401, 1.019e-4
-1.402, 1.081e-4
-1.403, 1.081e-4
-1.404, 1.142e-4
-1.405, 1.142e-4
-1.406, 1.173e-4
-1.407, 1.235e-4
-1.408, 1.266e-4
-1.409, 1.296e-4
-1.410, 1.327e-4
-1.411, 1.389e-4
-1.412, 1.420e-4
-1.413, 1.451e-4
-1.414, 1.512e-4
-1.415, 1.543e-4
-1.416, 1.605e-4
-1.417, 1.666e-4
-1.418, 1.728e-4
-1.419, 1.759e-4
-1.420, 1.821e-4
-1.421, 1.851e-4
-1.422, 1.913e-4
-1.423, 1.975e-4
-1.424, 2.036e-4
-1.425, 2.129e-4
-1.426, 2.191e-4
-1.427, 2.252e-4
-1.428, 2.314e-4
-1.429, 2.376e-4
-1.430, 2.468e-4
-1.431, 2.530e-4
-1.432, 2.622e-4
-1.433, 2.715e-4
-1.434, 2.776e-4
-1.435, 2.869e-4
-1.436, 2.961e-4
-1.437, 3.054e-4
-1.438, 3.146e-4
-1.439, 3.270e-4
-1.440, 3.362e-4
-1.441, 3.455e-4
-1.442, 3.547e-4
-1.443, 3.670e-4
-1.444, 3.763e-4
-1.445, 3.886e-4
-1.446, 4.010e-4
-1.447, 4.133e-4
-1.448, 4.256e-4
-1.449, 4.380e-4
-1.450, 4.503e-4
-1.451, 4.657e-4
-1.452, 4.780e-4
-1.453, 4.935e-4
-1.454, 5.089e-4
-1.455, 5.243e-4
-1.456, 5.366e-4
-1.457, 5.520e-4
-1.458, 5.674e-4
-1.459, 5.859e-4
-1.460, 6.014e-4
-1.461, 6.168e-4
-1.462, 6.384e-4
-1.463, 6.538e-4
-1.464, 6.723e-4
-1.465, 6.908e-4
-1.466, 7.124e-4
-1.467, 7.309e-4
-1.468, 7.494e-4
-1.469, 7.709e-4
-1.470, 7.894e-4
-1.471, 8.110e-4
-1.472, 8.326e-4
-1.473, 8.542e-4
-1.474, 8.788e-4
-1.475, 9.004e-4
-1.476, 9.251e-4
-1.477, 9.467e-4
-1.478, 9.744e-4
-1.479, 9.991e-4
-1.480, 1.024e-3
-1.481, 1.048e-3
-1.482, 1.076e-3
-1.483, 1.101e-3
-1.484, 1.125e-3
-1.485, 1.153e-3
-1.486, 1.181e-3
-1.487, 1.209e-3
-1.488, 1.233e-3
-1.489, 1.264e-3
-1.490, 1.292e-3
-1.491, 1.323e-3
-1.492, 1.354e-3
-1.493, 1.388e-3
-1.494, 1.418e-3
-1.495, 1.452e-3
-1.496, 1.483e-3
-1.497, 1.517e-3
-1.498, 1.548e-3
-1.499, 1.582e-3
-1.500, 1.616e-3
-1.501, 1.650e-3
-1.502, 1.684e-3
-1.503, 1.717e-3
-1.504, 1.754e-3
-1.505, 1.788e-3
-1.506, 1.825e-3
-1.507, 1.865e-3
-1.508, 1.902e-3
-1.509, 1.943e-3
-1.510, 1.980e-3
-1.511, 2.020e-3
-1.512, 2.060e-3
-1.513, 2.100e-3
-1.514, 2.140e-3
-1.515, 2.180e-3
-1.516, 2.220e-3
-1.517, 2.260e-3
-1.518, 2.303e-3
-1.519, 2.343e-3
-1.520, 2.386e-3
-1.521, 2.433e-3
-1.522, 2.476e-3
-1.523, 2.522e-3
-1.524, 2.568e-3
-1.525, 2.612e-3
-1.526, 2.658e-3
-1.527, 2.704e-3
-1.528, 2.747e-3
-1.529, 2.790e-3
-1.530, 2.837e-3
-1.531, 2.883e-3
-1.532, 2.932e-3
-1.533, 2.978e-3
-1.534, 3.025e-3
-1.535, 3.077e-3
-1.536, 3.126e-3
-1.537, 3.179e-3
-1.538, 3.231e-3
-1.539, 3.284e-3
-1.540, 3.333e-3
-1.541, 3.385e-3
-1.542, 3.435e-3
-1.543, 3.484e-3
-1.544, 3.536e-3
-1.545, 3.586e-3
-1.546, 3.638e-3
-1.547, 3.691e-3
-1.548, 3.743e-3
-1.549, 3.799e-3
-1.550, 3.854e-3
-1.551, 3.906e-3
-1.552, 3.965e-3
-1.553, 4.024e-3
-1.554, 4.079e-3
-1.555, 4.138e-3
-1.556, 4.193e-3
-1.557, 4.249e-3
-1.558, 4.307e-3
-1.559, 4.363e-3
-1.560, 4.418e-3
-1.561, 4.474e-3
-1.562, 4.532e-3
-1.563, 4.591e-3
-1.564, 4.649e-3
-1.565, 4.708e-3
-1.566, 4.770e-3
-1.567, 4.831e-3
-1.568, 4.893e-3
-1.569, 4.955e-3
-1.570, 5.016e-3
-1.571, 5.078e-3
-1.572, 5.140e-3
-1.573, 5.198e-3
-1.574, 5.260e-3
-1.575, 5.319e-3
-1.576, 5.380e-3
-1.577, 5.442e-3
-1.578, 5.504e-3
-1.579, 5.571e-3
-1.580, 5.633e-3
-1.581, 5.701e-3
-1.582, 5.766e-3
-1.583, 5.833e-3
-1.584, 5.898e-3
-1.585, 5.963e-3
-1.586, 6.031e-3
-1.587, 6.099e-3
-1.588, 6.166e-3
-1.589, 6.231e-3
-1.590, 6.293e-3
-1.591, 6.358e-3
-1.592, 6.422e-3
-1.593, 6.487e-3
-1.594, 6.552e-3
-1.595, 6.620e-3
-1.596, 6.687e-3
-1.597, 6.755e-3
-1.598, 6.823e-3
-1.599, 6.891e-3
-1.600, 6.916e-3
-1.599, 6.848e-3
-1.598, 6.783e-3
-1.597, 6.715e-3
-1.596, 6.647e-3
-1.595, 6.580e-3
-1.594, 6.509e-3
-1.593, 6.441e-3
-1.592, 6.373e-3
-1.591, 6.305e-3
-1.590, 6.237e-3
-1.589, 6.173e-3
-1.588, 6.108e-3
-1.587, 6.046e-3
-1.586, 5.978e-3
-1.585, 5.914e-3
-1.584, 5.849e-3
-1.583, 5.784e-3
-1.582, 5.716e-3
-1.581, 5.651e-3
-1.580, 5.587e-3
-1.579, 5.519e-3
-1.578, 5.454e-3
-1.577, 5.393e-3
-1.576, 5.331e-3
-1.575, 5.266e-3
-1.574, 5.208e-3
-1.573, 5.146e-3
-1.572, 5.087e-3
-1.571, 5.026e-3
-1.570, 4.967e-3
-1.569, 4.905e-3
-1.568, 4.844e-3
-1.567, 4.782e-3
-1.566, 4.717e-3
-1.565, 4.656e-3
-1.564, 4.594e-3
-1.563, 4.535e-3
-1.562, 4.474e-3
-1.561, 4.418e-3
-1.560, 4.363e-3
-1.559, 4.307e-3
-1.558, 4.252e-3
-1.557, 4.199e-3
-1.556, 4.147e-3
-1.555, 4.091e-3
-1.554, 4.036e-3
-1.553, 3.984e-3
-1.552, 3.928e-3
-1.551, 3.873e-3
-1.550, 3.817e-3
-1.549, 3.762e-3
-1.548, 3.709e-3
-1.547, 3.654e-3
-1.546, 3.601e-3
-1.545, 3.552e-3
-1.544, 3.499e-3
-1.543, 3.450e-3
-1.542, 3.401e-3
-1.541, 3.351e-3
-1.540, 3.302e-3
-1.539, 3.253e-3
-1.538, 3.204e-3
-1.537, 3.154e-3
-1.536, 3.105e-3
-1.535, 3.056e-3
-1.534, 3.006e-3
-1.533, 2.960e-3
-1.532, 2.914e-3
-1.531, 2.867e-3
-1.530, 2.821e-3
-1.529, 2.778e-3
-1.528, 2.735e-3
-1.527, 2.692e-3
-1.526, 2.649e-3
-1.525, 2.608e-3
-1.524, 2.565e-3
-1.523, 2.522e-3
-1.522, 2.479e-3
-1.521, 2.436e-3
-1.520, 2.396e-3
-1.519, 2.353e-3
-1.518, 2.309e-3
-1.517, 2.269e-3
-1.516, 2.229e-3
-1.515, 2.192e-3
-1.514, 2.152e-3
-1.513, 2.115e-3
-1.512, 2.078e-3
-1.511, 2.041e-3
-1.510, 2.004e-3
-1.509, 1.970e-3
-1.508, 1.933e-3
-1.507, 1.896e-3
-1.506, 1.859e-3
-1.505, 1.822e-3
-1.504, 1.788e-3
-1.503, 1.751e-3
-1.502, 1.721e-3
-1.501, 1.687e-3
-1.500, 1.656e-3
-1.499, 1.622e-3
-1.498, 1.591e-3
-1.497, 1.560e-3
-1.496, 1.529e-3
-1.495, 1.502e-3
-1.494, 1.471e-3
-1.493, 1.443e-3
-1.492, 1.412e-3
-1.491, 1.381e-3
-1.490, 1.354e-3
-1.489, 1.323e-3
-1.488, 1.295e-3
-1.487, 1.267e-3
-1.486, 1.243e-3
-1.485, 1.215e-3
-1.484, 1.190e-3
-1.483, 1.169e-3
-1.482, 1.144e-3
-1.481, 1.116e-3
-1.480, 1.095e-3
-1.479, 1.070e-3
-1.478, 1.045e-3
-1.477, 1.024e-3
-1.476, 1.002e-3
-1.475, 9.775e-4
-1.474, 9.559e-4
-1.473, 9.343e-4
-1.472, 9.128e-4
-1.471, 8.912e-4
-1.470, 8.727e-4
-1.469, 8.542e-4
-1.468, 8.326e-4
-1.467, 8.141e-4
-1.466, 7.956e-4
-1.465, 7.771e-4
-1.464, 7.586e-4
-1.463, 7.401e-4
-1.462, 7.216e-4
-1.461, 7.031e-4
-1.460, 6.877e-4
-1.459, 6.692e-4
-1.458, 6.538e-4
-1.457, 6.384e-4
-1.456, 6.229e-4
-1.455, 6.075e-4
-1.454, 5.921e-4
-1.453, 5.798e-4
-1.452, 5.644e-4
-1.451, 5.520e-4
-1.450, 5.366e-4
-1.449, 5.243e-4
-1.448, 5.120e-4
-1.447, 4.965e-4
-1.446, 4.842e-4
-1.445, 4.719e-4
-1.444, 4.595e-4
-1.443, 4.472e-4
-1.442, 4.349e-4
-1.441, 4.256e-4
-1.440, 4.133e-4
-1.439, 4.040e-4
-1.438, 3.948e-4
-1.437, 3.855e-4
-1.436, 3.732e-4
-1.435, 3.640e-4
-1.434, 3.547e-4
-1.433, 3.455e-4
-1.432, 3.362e-4
-1.431, 3.270e-4
-1.430, 3.177e-4
-1.429, 3.085e-4
-1.428, 3.023e-4
-1.427, 2.931e-4
-1.426, 2.838e-4
-1.425, 2.776e-4
-1.424, 2.715e-4
-1.423, 2.622e-4
-1.422, 2.561e-4
-1.421, 2.468e-4
-1.420, 2.406e-4
-1.419, 2.345e-4
-1.418, 2.283e-4
-1.417, 2.221e-4
-1.416, 2.160e-4
-1.415, 2.098e-4
-1.414, 2.036e-4
-1.413, 1.975e-4
-1.412, 1.913e-4
-1.411, 1.882e-4
-1.410, 1.821e-4
-1.409, 1.790e-4
-1.408, 1.728e-4
-1.407, 1.666e-4
-1.406, 1.636e-4
-1.405, 1.605e-4
-1.404, 1.543e-4
-1.403, 1.481e-4
-1.402, 1.451e-4
-1.401, 1.420e-4
-1.400, 1.358e-4
-1.399, 1.327e-4
-1.398, 1.266e-4
-1.397, 1.266e-4
-1.396, 1.204e-4
-1.395, 1.173e-4
-1.394, 1.142e-4
-1.393, 1.111e-4
-1.392, 1.081e-4
-1.391, 1.050e-4
-1.390, 1.019e-4
-1.389, 9.882e-5
-1.388, 9.573e-5
-1.387, 9.265e-5
-1.386, 9.265e-5
-1.385, 8.648e-5
-1.384, 8.340e-5
-1.383, 8.340e-5
-1.382, 8.032e-5
-1.381, 7.723e-5
-1.380, 7.415e-5
-1.379, 7.107e-5
-1.378, 7.107e-5
-1.377, 6.798e-5
-1.376, 6.798e-5
-1.375, 6.490e-5
-1.374, 6.182e-5
-1.373, 6.182e-5
-1.372, 5.873e-5
-1.371, 5.873e-5
-1.370, 5.565e-5
-1.369, 5.257e-5
-1.368, 5.257e-5
-1.367, 4.949e-5
-1.366, 4.949e-5
-1.365, 4.640e-5
-1.364, 4.640e-5
-1.363, 4.332e-5
-1.362, 4.332e-5
-1.361, 4.024e-5
-1.360, 4.024e-5
-1.359, 3.715e-5
-1.358, 3.715e-5
-1.357, 3.715e-5
-1.356, 3.407e-5
-1.355, 3.407e-5
-1.354, 3.099e-5
-1.353, 3.407e-5
-1.352, 3.099e-5
-1.351, 2.790e-5
-1.350, 2.790e-5
-1.349, 2.790e-5
-1.348, 2.790e-5
-1.347, 2.482e-5
-1.346, 2.482e-5
-1.345, 2.482e-5
-1.344, 2.174e-5
-1.343, 2.174e-5
-1.342, 2.174e-5
-1.341, 2.174e-5
-1.340, 1.865e-5
-1.339, 1.865e-5
-1.338, 1.865e-5
-1.337, 1.865e-5
-1.336, 1.557e-5
-1.335, 1.557e-5
-1.334, 1.557e-5
-1.333, 1.557e-5
-1.332, 1.557e-5
-1.331, 1.249e-5
-1.330, 1.557e-5
-1.329, 1.249e-5
-1.328, 1.249e-5
-1.327, 1.249e-5
-1.326, 1.249e-5
-1.325, 1.249e-5
-1.324, 9.405e-6
-1.323, 9.405e-6
-1.322, 9.405e-6
-1.321, 9.405e-6
-1.320, 9.405e-6
-1.319, 9.405e-6
-1.318, 9.405e-6
-1.317, 9.405e-6
-1.316, 6.322e-6
-1.315, 6.322e-6
-1.314, 6.322e-6
-1.313, 6.322e-6
-1.312, 6.322e-6
-1.311, 6.322e-6
-1.310, 3.239e-6
-1.309, 3.239e-6
-1.308, 3.239e-6
-1.307, 3.239e-6
-1.306, 3.239e-6
-1.305, 3.239e-6
-1.304, 3.239e-6
-1.303, 3.239e-6
-1.302, 3.239e-6
-1.301, 3.239e-6
-1.300, 3.239e-6
-1.299, 3.239e-6
-1.298, 1.559e-7
-1.297, 3.239e-6
-1.296, 3.239e-6
-1.295, 3.239e-6
-1.294, 1.559e-7
-1.293, 1.559e-7
-1.292, 1.559e-7
-1.291, 1.559e-7
-1.290, 1.559e-7
-1.289, 1.559e-7
-1.288, 1.559e-7
-1.287, 1.559e-7
-1.286, 1.559e-7
-1.285, 1.559e-7
-1.284, 1.559e-7
-1.283, 1.559e-7
-1.282, 1.559e-7
-1.281, 1.559e-7
-1.280, 1.559e-7
-1.279, -2.927e-6
-1.278, 1.559e-7
-1.277, -2.927e-6
-1.276, 1.559e-7
-1.275, -2.927e-6
-1.274, -2.927e-6
-1.273, -2.927e-6
-1.272, -2.927e-6
-1.271, 1.559e-7
-1.270, -2.927e-6
-1.269, -2.927e-6
-1.268, -2.927e-6
-1.267, -2.927e-6
-1.266, -2.927e-6
-1.265, -2.927e-6
-1.264, -2.927e-6
-1.263, -2.927e-6
-1.262, -2.927e-6
-1.261, -2.927e-6
-1.260, -2.927e-6
-1.259, -2.927e-6
-1.258, -2.927e-6
-1.257, -2.927e-6
-1.256, -2.927e-6
-1.255, -2.927e-6
-1.254, -2.927e-6
-1.253, -2.927e-6
-1.252, -2.927e-6
-1.251, -2.927e-6
-1.250, -2.927e-6
-1.249, -2.927e-6
-1.248, -2.927e-6
-1.247, -6.010e-6
-1.246, -2.927e-6
-1.245, -6.010e-6
-1.244, -2.927e-6
-1.243, -2.927e-6
-1.242, -6.010e-6
-1.241, -6.010e-6
-1.240, -2.927e-6
-1.239, -6.010e-6
-1.238, -6.010e-6
-1.237, -6.010e-6
-1.236, -6.010e-6
-1.235, -6.010e-6
-1.234, -6.010e-6
-1.233, -6.010e-6
-1.232, -6.010e-6
-1.231, -6.010e-6
-1.230, -6.010e-6
-1.229, -6.010e-6
-1.228, -6.010e-6
-1.227, -2.927e-6
-1.226, -6.010e-6
-1.225, -6.010e-6
-1.224, -6.010e-6
-1.223, -6.010e-6
-1.222, -6.010e-6
-1.221, -6.010e-6
-1.220, -6.010e-6
-1.219, -6.010e-6
-1.218, -6.010e-6
-1.217, -6.010e-6
-1.216, -6.010e-6
-1.215, -6.010e-6
-1.214, -6.010e-6
-1.213, -6.010e-6
-1.212, -6.010e-6
-1.211, -6.010e-6
-1.210, -6.010e-6
-1.209, -6.010e-6
-1.208, -6.010e-6
-1.207, -6.010e-6
-1.206, -6.010e-6
-1.205, -6.010e-6
-1.204, -6.010e-6
-1.203, -6.010e-6
-1.202, -6.010e-6
-1.201, -6.010e-6
-1.200, -6.010e-6
-1.199, -6.010e-6
-1.198, -6.010e-6
-1.197, -6.010e-6
-1.196, -6.010e-6
-1.195, -9.093e-6
-1.194, -6.010e-6
-1.193, -6.010e-6
-1.192, -6.010e-6
-1.191, -6.010e-6
-1.190, -6.010e-6
-1.189, -9.093e-6
-1.188, -9.093e-6
-1.187, -9.093e-6
-1.186, -6.010e-6
-1.185, -9.093e-6
-1.184, -6.010e-6
-1.183, -6.010e-6
-1.182, -6.010e-6
-1.181, -6.010e-6
-1.180, -6.010e-6
-1.179, -9.093e-6
-1.178, -6.010e-6
-1.177, -9.093e-6
-1.176, -9.093e-6
-1.175, -9.093e-6
-1.174, -6.010e-6
-1.173, -6.010e-6
-1.172, -9.093e-6
-1.171, -6.010e-6
-1.170, -9.093e-6
-1.169, -6.010e-6
-1.168, -9.093e-6
-1.167, -9.093e-6
-1.166, -9.093e-6
-1.165, -9.093e-6
-1.164, -6.010e-6
-1.163, -9.093e-6
-1.162, -9.093e-6
-1.161, -9.093e-6
-1.160, -9.093e-6
-1.159, -6.010e-6
-1.158, -9.093e-6
-1.157, -9.093e-6
-1.156, -9.093e-6
-1.155, -9.093e-6
-1.154, -9.093e-6
-1.153, -9.093e-6
-1.152, -9.093e-6
-1.151, -9.093e-6
-1.150, -9.093e-6
-1.149, -9.093e-6
-1.148, -9.093e-6
-1.147, -9.093e-6
-1.146, -9.093e-6
-1.145, -9.093e-6
-1.144, -9.093e-6
-1.143, -9.093e-6
-1.142, -9.093e-6
-1.141, -9.093e-6
-1.140, -9.093e-6
-1.139, -9.093e-6
-1.138, -9.093e-6
-1.137, -9.093e-6
-1.136, -9.093e-6
-1.135, -9.093e-6
-1.134, -9.093e-6
-1.133, -9.093e-6
-1.132, -9.093e-6
-1.131, -9.093e-6
-1.130, -9.093e-6
-1.129, -9.093e-6
-1.128, -9.093e-6
-1.127, -9.093e-6
-1.126, -9.093e-6
-1.125, -1.218e-5
-1.124, -9.093e-6
-1.123, -9.093e-6
-1.122, -9.093e-6
-1.121, -1.218e-5
-1.120, -9.093e-6
-1.119, -1.218e-5
-1.118, -1.218e-5
-1.117, -9.093e-6
-1.116, -9.093e-6
-1.115, -9.093e-6
-1.114, -1.218e-5
-1.113, -1.218e-5
-1.112, -1.218e-5
-1.111, -1.218e-5
-1.110, -9.093e-6
-1.109, -1.218e-5
-1.108, -9.093e-6
-1.107, -1.218e-5
-1.106, -1.218e-5
-1.105, -1.218e-5
-1.104, -1.218e-5
-1.103, -1.218e-5
-1.102, -1.218e-5
-1.101, -1.218e-5
-1.100, -1.218e-5
-1.099, -1.218e-5
-1.098, -1.218e-5
-1.097, -1.218e-5
-1.096, -1.218e-5
-1.095, -1.218e-5
-1.094, -1.218e-5
-1.093, -1.218e-5
-1.092, -1.218e-5
-1.091, -1.218e-5
-1.090, -1.218e-5
-1.089, -1.218e-5
-1.088, -1.218e-5
-1.087, -1.218e-5
-1.086, -1.218e-5
-1.085, -1.218e-5
-1.084, -1.218e-5
-1.083, -1.526e-5
-1.082, -1.218e-5
-1.081, -1.218e-5
-1.080, -1.218e-5
-1.079, -1.218e-5
-1.078, -1.218e-5
-1.077, -1.218e-5
-1.076, -1.218e-5
-1.075, -1.526e-5
-1.074, -1.526e-5
-1.073, -1.218e-5
-1.072, -1.526e-5
-1.071, -1.218e-5
-1.070, -1.526e-5
-1.069, -1.526e-5
-1.068, -1.218e-5
-1.067, -1.526e-5
-1.066, -1.526e-5
-1.065, -1.526e-5
-1.064, -1.526e-5
-1.063, -1.526e-5
-1.062, -1.526e-5
-1.061, -1.526e-5
-1.060, -1.526e-5
-1.059, -1.526e-5
-1.058, -1.526e-5
-1.057, -1.526e-5
-1.056, -1.526e-5
-1.055, -1.526e-5
-1.054, -1.526e-5
-1.053, -1.526e-5
-1.052, -1.526e-5
-1.051, -1.526e-5
-1.050, -1.526e-5
-1.049, -1.526e-5
-1.048, -1.526e-5
-1.047, -1.526e-5
-1.046, -1.526e-5
-1.045, -1.526e-5
-1.044, -1.526e-5
-1.043, -1.526e-5
-1.042, -1.834e-5
-1.041, -1.834e-5
-1.040, -1.526e-5
-1.039, -1.834e-5
-1.038, -1.526e-5
-1.037, -1.834e-5
-1.036, -1.834e-5
-1.035, -1.834e-5
-1.034, -1.834e-5
-1.033, -1.834e-5
-1.032, -1.834e-5
-1.031, -1.834e-5
-1.030, -1.834e-5
-1.029, -1.834e-5
-1.028, -1.834e-5
-1.027, -1.834e-5
-1.026, -1.834e-5
-1.025, -1.834e-5
-1.024, -1.834e-5
-1.023, -1.834e-5
-1.022, -1.834e-5
-1.021, -1.834e-5
-1.020, -1.834e-5
-1.019, -1.834e-5
-1.018, -1.834e-5
-1.017, -1.834e-5
-1.016, -1.834e-5
-1.015, -1.834e-5
-1.014, -2.143e-5
-1.013, -2.143e-5
-1.012, -1.834e-5
-1.011, -2.143e-5
-1.010, -2.143e-5
-1.009, -2.143e-5
-1.008, -2.143e-5
-1.007, -2.143e-5
-1.006, -2.143e-5
-1.005, -2.143e-5
-1.004, -2.143e-5
-1.003, -2.143e-5
-1.002, -2.143e-5
-1.001, -2.143e-5
