Potential V vs RHE, Current mA cm-2
0.013299999999999867,-0.1499593977856939
0.012299999999999978,-0.16736034677403386
0.011299999999999866,-0.17528273005327805
0.010299999999999976,-0.17867803717295414
0.009299999999999864,-0.18193187316264373
0.008299999999999974,-0.1856101225422928
0.007299999999999862,-0.19098602548177993
0.006299999999999972,-0.1936739769515235
0.00529999999999986,-0.19607898616129407
0.0042999999999999705,-0.19791811085111863
0.0032999999999998586,-0.20329401379060577
0.0022999999999999687,-0.20541608074040332
0.0012999999999998568,-0.21008462802995795
0.00029999999999996696,-0.212065223849769
-0.000700000000000145,-0.21319699288966104
-0.0017000000000000348,-0.21857289582914816
-0.0027000000000001467,-0.22196820294882427
-0.0037000000000000366,-0.22621233684841938
-0.0047000000000001485,-0.22918323057813594
-0.005700000000000038,-0.23272000882779853
-0.00670000000000015,-0.23639825820744764
-0.00770000000000004,-0.24120827662698877
-0.008700000000000152,-0.24403769922671883
-0.009700000000000042,-0.24630123730650288
-0.010700000000000154,-0.250545371206098
-0.011700000000000044,-0.25436509171573357
-0.012700000000000156,-0.26129717708507233
-0.013700000000000045,-0.2631363017748969
-0.014700000000000157,-0.26766337793446493
-0.015700000000000047,-0.27162456957408704
-0.01670000000000016,-0.27827371268345275
-0.01770000000000005,-0.28676198048264295
-0.01870000000000016,-0.28930846082239997
-0.01970000000000005,-0.2932696524620221
-0.020700000000000163,-0.29949438218142826
-0.021700000000000053,-0.3038799872110099
-0.022700000000000164,-0.310104716930416
-0.023700000000000054,-0.3149147353499572
-0.024700000000000166,-0.31958328263951175
-0.025700000000000056,-0.32722272365878297
-0.026700000000000168,-0.33316451111821616
-0.027700000000000058,-0.3405210098775144
-0.02870000000000017,-0.34816045089678554
-0.02970000000000006,-0.35297046931632664
-0.03070000000000017,-0.36018549694563834
-0.03170000000000006,-0.3678249379649095
-0.03270000000000017,-0.37560585011416725
-0.03370000000000006,-0.3832452911334384
-0.034700000000000175,-0.38961149198283107
-0.035700000000000065,-0.39809975978202133
-0.03670000000000018,-0.4078612677510901
-0.03770000000000007,-0.41436893973046923
-0.03870000000000018,-0.42582810125937604
-0.03970000000000007,-0.43516519583848523
-0.04070000000000018,-0.4436534636376755
-0.04170000000000007,-0.4541223272566768
-0.04270000000000018,-0.4655814887855836
-0.04370000000000007,-0.47520152562466583
-0.044700000000000184,-0.4866606871535727
-0.045700000000000074,-0.4957148394727089
-0.046700000000000186,-0.5100034236013458
-0.047700000000000076,-0.5240090654700096
-0.04870000000000019,-0.5344779290890109
-0.04970000000000008,-0.5484835709576747
-0.05070000000000019,-0.5602256747465546
-0.05170000000000008,-0.5753630856551104
-0.05270000000000019,-0.5919152078635314
-0.05370000000000008,-0.6056379074722221
-0.05470000000000019,-0.619360607080913
-0.05570000000000008,-0.6352053736394014
-0.056700000000000195,-0.6517574958478223
-0.057700000000000085,-0.6738269921257171
-0.058700000000000196,-0.6922182390239625
-0.059700000000000086,-0.7084874189724104
-0.0607000000000002,-0.7273030792606153
-0.06170000000000009,-0.7476749219786718
-0.0627000000000002,-0.768471178086688
-0.06370000000000009,-0.791248030014515
-0.0647000000000002,-0.8113369304725986
-0.06570000000000009,-0.8343967246603987
-0.0667000000000002,-0.8566076920682798
-0.0677000000000001,-0.8823554377258234
-0.0687000000000002,-0.9048493473936775
-0.0697000000000001,-0.9291823817513559
-0.07070000000000021,-0.9597401458284408
-0.0717000000000001,-0.9886002563456876
-0.07270000000000021,-1.0168944823429882
-0.0737000000000001,-1.0464619485101676
-0.07470000000000021,-1.0758879435473605
-0.0757000000000001,-1.1064457076244452
-0.07670000000000021,-1.139267009781314
-0.0777000000000001,-1.1725127253281424
-0.07870000000000021,-1.2067487387848763
-0.0797000000000001,-1.243389761451381
-0.08070000000000022,-1.276352534738236
-0.0817000000000001,-1.3158229800044707
-0.08270000000000022,-1.3660452311496794
-0.08370000000000011,-1.4046668496359949
-0.08470000000000022,-1.4415908145624723
-0.08570000000000011,-1.4826174422585585
-0.08670000000000022,-1.5293029151541047
-0.08770000000000011,-1.5759883880496508
-0.08870000000000022,-1.6212591496453321
-0.08970000000000011,-1.6665299112410132
-0.09070000000000022,-1.7132153841365596
-0.09170000000000011,-1.769803836131161
-0.09270000000000023,-1.8278069994256272
-0.09370000000000012,-1.8858101627200938
-0.09470000000000023,-1.93532505821537
-0.09570000000000012,-1.9876693763103765
-0.09670000000000023,-2.0371842718056525
-0.09770000000000012,-2.1008462802995793
-0.09870000000000023,-2.161678866193776
-0.09970000000000012,-2.225340874687703
-0.10070000000000023,-2.2932470170812245
-0.10170000000000012,-2.352664891675556
-0.10270000000000024,-2.420571034069078
-0.10370000000000013,-2.49413602166206
-0.10470000000000024,-2.5592127414558514
-0.10570000000000013,-2.627118883849373
-0.10670000000000024,-2.6950250262428948
-0.10770000000000013,-2.764345879936282
-0.10870000000000024,-2.823763754530613
-0.10970000000000013,-2.8803522065252145
-0.11070000000000024,-2.968064307116847
-0.11170000000000013,-3.0458734286094242
-0.11270000000000002,-3.120853127502271
-0.11370000000000013,-3.195832826395118
-0.11470000000000002,-3.265153680088505
-0.11570000000000014,-3.3401333789813514
-0.11670000000000003,-3.4236013456733887
-0.11770000000000014,-3.4971663332663705
-0.11870000000000003,-3.569316609559488
-0.11970000000000014,-3.644296308452334
-0.12070000000000003,-3.7065436056463965
-0.12170000000000014,-3.7560585011416725
-0.12270000000000003,-3.821135220935464
-0.12370000000000014,-3.8989443424280408
-0.12470000000000003,-3.971094618721158
-0.12570000000000014,-4.03617133851495
-0.12670000000000003,-4.1040774809084715
-0.12770000000000015,-4.1691542007022635
-0.12870000000000004,-4.2285720752965945
-0.12970000000000015,-4.283745815991331
-0.13070000000000004,-4.334675422786473
-0.13170000000000015,-4.378531473082289
-0.13270000000000004,-4.428046368577565
-0.13370000000000015,-4.471902418873381
-0.13470000000000004,-4.511514335269602
-0.13570000000000015,-4.542637983866633
-0.13670000000000004,-4.572346921163798
-0.13770000000000016,-4.600641147161099
-0.13870000000000005,-4.627520661858535
-0.13970000000000016,-4.645911908756781
-0.14070000000000005,-4.650156042656376
-0.14170000000000016,-4.677035557353811
-0.14270000000000005,-4.726550452849088
-0.14370000000000016,-4.735038720648277
-0.14470000000000005,-4.737868143248008
-0.14570000000000016,-4.736453431948143
-0.14670000000000005,-4.723721030249357
-0.14770000000000016,-4.698256226851787
-0.14870000000000005,-4.664303155655026
-0.14970000000000017,-4.66288844435516
-0.15070000000000006,-4.640253063557321
-0.15170000000000017,-4.623276527958939
-0.15270000000000006,-4.6020558584609645
-0.15370000000000017,-4.568102787264204
-0.15470000000000006,-4.531320293467712
-0.15570000000000017,-4.491708377071491
-0.15670000000000006,-4.454925883275001
-0.15770000000000017,-4.416728678178644
-0.15870000000000006,-4.368628493983234
-0.15970000000000018,-4.313454753288497
-0.16070000000000007,-4.259695723893626
-0.16170000000000018,-4.2087661170984845
-0.16270000000000007,-4.1564217990034775
-0.16370000000000018,-4.099833347008876
-0.16470000000000007,-4.03617133851495
-0.16570000000000018,-3.962606350921967
-0.16670000000000007,-3.915920878026421
-0.16770000000000018,-3.881967806829661
-0.16870000000000007,-3.825379354835059
-0.16970000000000018,-3.768790902840458
-0.17070000000000007,-3.7051288943465317
-0.17170000000000019,-3.641466885852605
-0.17270000000000008,-3.580634299958408
-0.1737000000000002,-3.508484023665291
-0.17470000000000008,-3.453310282970554
-0.1757000000000002,-3.4165277891740633
-0.17670000000000008,-3.351451069380272
-0.1777000000000002,-3.2991067512852656
-0.17870000000000008,-3.238274165391069
-0.1797000000000002,-3.1703680229975473
-0.18070000000000008,-3.1095354371033506
-0.1817000000000002,-3.055776407708479
-0.18270000000000008,-3.003432089613473
-0.1837000000000002,-2.9468436376188714
-0.1847000000000001,-2.893084608224
-0.1857000000000002,-2.843569712728724
-0.1867000000000001,-2.794054817233447
-0.1877000000000002,-2.745954633038036
-0.1887000000000001,-2.69643973754276
-0.1897000000000002,-2.6455101307476188
-0.1907000000000001,-2.600239369151937
-0.1917000000000001,-2.5592127414558514
-0.19269999999999998,-2.5167714024599
-0.1937000000000001,-2.4700859295643536
-0.19469999999999998,-2.430474013168133
-0.1957000000000001,-2.386617962872317
-0.19669999999999999,-2.3441766238763657
-0.1977000000000001,-2.2918323057813597
-0.1987,-2.2706116362833835
-0.1997000000000001,-2.2409026989862184
-0.2007,-2.208364339089322
-0.2017000000000001,-2.1758259791924264
-0.2027,-2.1432876192955304
-0.2037000000000001,-2.1121639706984996
-0.2047,-2.082455033401334
-0.2057000000000001,-2.051331384804303
-0.2067,-2.023037158807002
-0.2077000000000001,-1.9989870667092968
-0.2087,-1.9735222633117262
-0.2097000000000001,-1.9409839034148304
-0.2107,-1.9126896774175295
-0.2117000000000001,-1.892883719219419
-0.2127,-1.8815660288204987
-0.2137000000000001,-1.8631747819222533
-0.2147,-1.850442380223468
-0.2157000000000001,-1.8334658446250875
-0.2167,-1.815074597726842
-0.21770000000000012,-1.8023421960280568
-0.2187,-1.7839509491298113
-0.21970000000000012,-1.7641449909317006
-0.2207,-1.7471684553333202
-0.22170000000000012,-1.7330213423346699
-0.2227,-1.7174595180361545
-0.22370000000000012,-1.7075565389370995
-0.2247,-1.701897693737639
-0.22570000000000012,-1.6891652920388538
-0.2267,-1.6792623129397986
-0.22770000000000012,-1.6693593338407433
-0.22870000000000001,-1.660871066041553
-0.22970000000000013,-1.6509680869424979
-0.23070000000000002,-1.6410651078434426
-0.23170000000000013,-1.6325768400442524
-0.23270000000000002,-1.6226738609451972
-0.23370000000000013,-1.6156003044458718
-0.23470000000000002,-1.6099414592464116
-0.23570000000000013,-1.6000384801473564
-0.23670000000000002,-1.5957943462477613
-0.2376999999999999,-1.5972090575476263
-0.23870000000000002,-1.5957943462477613
-0.2396999999999999,-1.5887207897484361
-0.24070000000000003,-1.583061944548976
-0.24169999999999991,-1.584476655848841
-0.24270000000000003,-1.5788178106493809
-0.24369999999999992,-1.5731589654499207
-0.24470000000000003,-1.5745736767497858
-0.24569999999999992,-1.5717442541500557
-0.24670000000000003,-1.5745736767497858
-0.24769999999999992,-1.5717442541500557
-0.24870000000000003,-1.5660854089505953
-0.24969999999999992,-1.5717442541500557
-0.25070000000000003,-1.5703295428501907
-0.2516999999999999,-1.5745736767497858
-0.25270000000000004,-1.5759883880496508
-0.2536999999999999,-1.5759883880496508
-0.25470000000000004,-1.5788178106493809
-0.2556999999999999,-1.585891367148706
-0.25670000000000004,-1.5957943462477613
-0.25769999999999993,-1.6000384801473564
-0.25870000000000004,-1.6028679027470865
-0.25969999999999993,-1.6056973253468165
-0.26070000000000004,-1.612770881846142
-0.26169999999999993,-1.6198444383454669
-0.26270000000000004,-1.626917994844792
-0.26369999999999993,-1.6325768400442524
-0.26470000000000005,-1.643894530443173
-0.26569999999999994,-1.6651151999411482
-0.26670000000000005,-1.6778476016399335
-0.26769999999999994,-1.6835064468393939
-0.26870000000000005,-1.6976535598380442
-0.26969999999999994,-1.7103859615368293
-0.27070000000000005,-1.7188742293360195
-0.27169999999999994,-1.7217036519357498
-0.27270000000000005,-1.7443390327335901
-0.27369999999999994,-1.7655597022315657
-0.27470000000000006,-1.7910245056291363
-0.27569999999999995,-1.8051716186277869
-0.27670000000000006,-1.8249775768258971
-0.27769999999999995,-1.8433688237241426
-0.27870000000000006,-1.8589306480226582
-0.27969999999999995,-1.8815660288204987
-0.28070000000000006,-1.9027866983184742
-0.28169999999999995,-1.92683679041618
-0.28270000000000006,-1.9438133260145605
-0.28369999999999995,-1.9622045729128061
-0.28470000000000006,-1.993328221509837
-0.28569999999999995,-2.023037158807002
-0.28670000000000007,-2.052746096104168
-0.28769999999999996,-2.083869744701199
-0.28870000000000007,-2.116408104598095
-0.28969999999999996,-2.1447023305953956
-0.29070000000000007,-2.1729965565926963
-0.29169999999999996,-2.205534916489592
-0.29270000000000007,-2.2423174102860832
-0.29369999999999996,-2.279099904082574
-0.2947000000000001,-2.318711820478795
-0.29569999999999996,-2.358323736875016
-0.2967000000000001,-2.3993503645711023
-0.29769999999999996,-2.4432064148669186
-0.2987000000000001,-2.4870624651627344
-0.29969999999999997,-2.5295038041586855
-0.3007000000000001,-2.576189277054232
-0.30169999999999997,-2.618630616050183
-0.3027000000000001,-2.670974934145189
-0.30369999999999997,-2.7233192522401954
-0.3047000000000001,-2.7770782816350668
-0.30569999999999997,-2.8308373110299385
-0.3067000000000001,-2.8803522065252145
-0.3077,-2.970893729716577
-0.3087000000000001,-3.024652759111448
-0.3097,-3.0911441902051053
-0.3107000000000001,-3.159050332598627
-0.3117,-3.2269564749921487
-0.3127000000000001,-3.2976920399854004
-0.3137,-3.3670128936787878
-0.3147000000000001,-3.434919036072309
-0.3157,-3.492922199366775
-0.3167000000000001,-3.5877078564577327
-0.3177,-3.674005245749501
-0.3187000000000001,-3.7546437898418072
-0.3197,-3.84518531303317
-0.3207000000000001,-3.9371415475243974
-0.3217,-4.027683070715759
-0.3227000000000001,-4.116809882607257
-0.3237,-4.214424962297944
-0.3247000000000001,-4.314869464588361
-0.3257,-4.419558100778375
-0.3267000000000001,-4.527076159568118
-0.3277,-4.624691239258805
-0.3287000000000001,-4.735038720648277
-0.3297,-4.852459758537076
-0.3307000000000001,-4.955733683427223
-0.3317,-5.075984143915751
-0.3327000000000001,-5.196234604404279
-0.3337,-5.313655642293078
-0.3347000000000001,-5.438150236681202
-0.3357,-5.562644831069325
-0.3367000000000001,-5.688554136757313
-0.3377,-5.814463442445301
-0.3387000000000001,-5.940372748133289
-0.3397,-6.060623208621817
-0.3407000000000001,-6.213412029007241
-0.3417,-6.387421518890641
-0.3427000000000001,-6.499183711579978
-0.3437,-6.630751862467427
-0.3447000000000001,-6.76373472465474
-0.3457,-6.903791143341379
-0.3467000000000001,-7.052335829827209
-0.3477,-7.188148114614252
-0.3487000000000001,-7.3183015542018355
-0.3497,-7.445625571189688
-0.3507000000000001,-7.670564667868228
-0.3517,-7.824768199553517
-0.3527000000000001,-7.9888747103378615
-0.3537,-8.157225355021803
-0.3547000000000001,-8.3029406189079
-0.3557,-8.433094058495483
-0.35670000000000013,-8.578809322381582
-0.3577,-8.734427565366737
-0.35870000000000013,-8.89570465355135
-0.3597,-9.062640586935425
-0.36070000000000013,-9.23806478811869
-0.3617,-9.376706495505463
-0.3626999999999999,-9.501201089893586
-0.3637,-9.711993073573478
-0.3646999999999999,-9.924199768553231
-0.3657,-10.076988588938656
-0.3666999999999999,-10.2693893257203
-0.3677,-10.42925170260505
-0.3686999999999999,-10.567893409991825
-0.36970000000000003,-10.746147033774818
-0.3706999999999999,-10.915912389758622
-0.37170000000000003,-11.058798231044992
-0.3726999999999999,-11.20451349493109
-0.37370000000000003,-11.495944022703288
-0.3746999999999999,-11.668538801286822
-0.37570000000000003,-11.853865981569143
-0.3766999999999999,-12.060413831349438
-0.37770000000000004,-12.266961681129732
-0.3786999999999999,-12.452288861412054
-0.37970000000000004,-12.653177865992886
-0.3806999999999999,-12.781916594280606
-0.38170000000000004,-12.876702251371565
-0.38269999999999993,-12.957340795463871
-0.38370000000000004,-13.127106151447675
-0.38469999999999993,-13.427024947019063
-0.38570000000000004,-13.599619725602597
-0.38669999999999993,-13.446830905217174
-0.38570000000000004,-13.234624210237419
-0.38469999999999993,-13.052126452554827
-0.38370000000000004,-12.88943465307035
-0.38269999999999993,-12.680057380690325
-0.38170000000000004,-12.481997798709218
-0.3806999999999999,-12.310817731425548
-0.37970000000000004,-12.097196325145928
-0.3786999999999999,-11.87791607366685
-0.37770000000000004,-11.70673600638318
-0.3766999999999999,-11.508676424402074
-0.37570000000000003,-11.309202131121104
-0.3746999999999999,-11.111142549139998
-0.37370000000000003,-10.915912389758622
-0.3726999999999999,-10.716438096477654
-0.37170000000000003,-10.504231401497897
-0.3706999999999999,-10.334466045514093
-0.36970000000000003,-10.170359534729748
-0.3686999999999999,-10.006253023945405
-0.3677,-9.866196605258766
-0.3666999999999999,-9.717651918772937
-0.3657,-9.567692520987244
-0.3646999999999999,-9.38378005200479
-0.3637,-9.191379315223143
-0.3626999999999999,-9.020199247939473
-0.3617,-8.914095900449595
-0.36070000000000013,-8.824969088558099
-0.3597,-8.67359497947254
-0.35870000000000013,-8.515147313887656
-0.3577,-8.34538195790385
-0.35670000000000013,-8.127516417724635
-0.3557,-7.970483463439617
-0.3547000000000001,-7.868624249849334
-0.3537,-7.70734716166472
-0.3527000000000001,-7.557387763879025
-0.3517,-7.401769520893872
-0.3507000000000001,-7.248980700508447
-0.3497,-7.104680147922214
-0.3487000000000001,-6.968867863135171
-0.3477,-6.833055578348127
-0.3467000000000001,-6.684510891862298
-0.3457,-6.55577216357458
-0.3447000000000001,-6.469474774282813
-0.3437,-6.34498017989469
-0.3427000000000001,-6.207753183807781
-0.3417,-6.0719408990207375
-0.3407000000000001,-5.951690438532209
-0.3397,-5.837098823243141
-0.3387000000000001,-5.7309954757532635
-0.3377,-5.637624529962172
-0.3367000000000001,-5.524447625972968
-0.3357,-5.385805918586194
-0.3347000000000001,-5.264140746797801
-0.3337,-5.126913750710893
-0.3327000000000001,-5.01090742412196
-0.3317,-4.923195323530328
-0.3307000000000001,-4.8312390890391
-0.3297,-4.723721030249357
-0.3287000000000001,-4.6218618166590755
-0.3277,-4.522832025668523
-0.3267000000000001,-4.41814338947851
-0.3257,-4.3205283097878215
-0.3247000000000001,-4.22715736399673
-0.3237,-4.136615840805367
-0.3227000000000001,-4.046074317614004
-0.3217,-3.9555327944226426
-0.3207000000000001,-3.86782069383101
-0.3197,-3.781523304539243
-0.3187000000000001,-3.690981781347881
-0.3177,-3.6046843920561136
-0.3167000000000001,-3.522631136663941
-0.3157,-3.4419925925716344
-0.3147000000000001,-3.359939337179462
-0.3137,-3.27788608178729
-0.3127000000000001,-3.201491671594578
-0.3117,-3.1279266840015962
-0.3107000000000001,-3.054361696408614
-0.3097,-2.973723152316307
-0.3087000000000001,-2.9072317212226504
-0.3077,-2.840740290128994
-0.3067000000000001,-2.770004725135742
-0.30569999999999997,-2.7077574279416803
-0.3047000000000001,-2.637021862948428
-0.30369999999999997,-2.5691157205549064
-0.3027000000000001,-2.506868423360845
-0.30169999999999997,-2.4446211261667834
-0.3007000000000001,-2.386617962872317
-0.29969999999999997,-2.3272000882779853
-0.2987000000000001,-2.2677822136836534
-0.29769999999999996,-2.208364339089322
-0.2967000000000001,-2.148946464494991
-0.29569999999999996,-2.0909433012005243
-0.2947000000000001,-2.0301107153063276
-0.29369999999999996,-1.9777663972113213
-0.29270000000000007,-1.92400736781645
-0.29169999999999996,-1.8716630497214433
-0.29070000000000007,-1.823562865526032
-0.28969999999999996,-1.775462681330621
-0.28870000000000007,-1.7259477858353447
-0.28769999999999996,-1.6806770242396636
-0.28670000000000007,-1.6339915513441174
-0.28569999999999995,-1.587306078448571
-0.28470000000000006,-1.54203531685289
-0.28369999999999995,-1.4896909987578837
-0.28270000000000006,-1.4430055258623373
-0.28169999999999995,-1.4024033115562107
-0.28070000000000006,-1.3683087692294635
-0.27969999999999995,-1.3313848043029861
-0.27870000000000006,-1.2878116962671429
-0.27769999999999995,-1.2477753664809623
-0.27670000000000006,-1.2136808241542152
-0.27569999999999995,-1.176615388097751
-0.27470000000000006,-1.1409646633411519
-0.27369999999999994,-1.1036162850247149
-0.27270000000000005,-1.0655605510583457
-0.27169999999999994,-1.0307586530816657
-0.27070000000000005,-0.9985032354447428
-0.26969999999999994,-0.9648331065079551
-0.26870000000000005,-0.9382365340704923
-0.26769999999999994,-0.907254356603448
-0.26670000000000005,-0.8747159967065521
-0.26569999999999994,-0.847977953139103
-0.26470000000000005,-0.8161469488921397
-0.26369999999999993,-0.7879941940248254
-0.26270000000000004,-0.7596999680275246
-0.26169999999999993,-0.732254568810143
-0.26070000000000004,-0.7083459478424239
-0.25969999999999993,-0.6809005486250422
-0.25870000000000004,-0.6565675142673635
-0.25769999999999993,-0.6322344799096848
-0.25670000000000004,-0.6086088012019387
-0.2556999999999999,-0.5865393049240442
-0.25470000000000004,-0.5630550973462846
-0.2536999999999999,-0.5382976495986466
-0.25270000000000004,-0.5176428646206169
-0.2516999999999999,-0.4968466085126009
-0.25070000000000003,-0.4784553616143554
-0.24969999999999992,-0.4573761632463663
-0.24870000000000003,-0.43573108035843133
-0.24769999999999992,-0.4163495355502803
-0.24670000000000003,-0.3962606350921968
-0.24569999999999992,-0.3798499840137623
-0.24470000000000003,-0.3649955153651795
-0.24369999999999992,-0.3470286818568935
-0.24270000000000003,-0.32807155043870195
-0.24169999999999991,-0.3119438416202406
-0.24070000000000003,-0.2952502482818331
-0.2396999999999999,-0.2796884239833177
-0.23870000000000002,-0.2624289461249643
-0.2376999999999999,-0.24545241052658387
-0.23670000000000002,-0.23286147995778506
-0.23570000000000013,-0.21942172260906717
-0.23470000000000002,-0.20584049413036284
-0.23370000000000013,-0.192117794521672
-0.23270000000000002,-0.17924392169290015
-0.23170000000000013,-0.16905800033387192
-0.23070000000000002,-0.15759883880496509
-0.22970000000000013,-0.1428858412863687
-0.22870000000000001,-0.13158229800044707
-0.22770000000000012,-0.11774642148776701
-0.2267,-0.10665508489682511
-0.22570000000000012,-0.09812437575863896
-0.2247,-0.08931072436047977
-0.22370000000000012,-0.07899747898446366
-0.2227,-0.06810420197550286
-0.22170000000000012,-0.05627721550863116
-0.2207,-0.047265504528490876
-0.21970000000000012,-0.035509253626612426
-0.2187,-0.026978544488426247
-0.21770000000000012,-0.017471684553333203
-0.2167,-0.01003313253864284
-0.2157000000000001,-0.0022720263475832485
-0.2147,0.00232012653177866
-0.2137000000000001,0.011266760792125153
-0.2127,0.019027866983184743
-0.2117000000000001,0.02829422599730073
-0.2107,0.034717015298688
-0.2097000000000001,0.04341748979285798
-0.2087,0.050377869388193955
-0.2077000000000001,0.055598154084695935
-0.2067,0.06179458957810481
-0.2057000000000001,0.06692999159661489
-0.2047,0.07408843077393197
-0.2037000000000001,0.08031316049333813
-0.2027,0.08819310243358638
-0.2017000000000001,0.09246553055917879
-0.2007,0.09968055818849049
-0.1997000000000001,0.10441984104303836
-0.1987,0.11020601025948636
-0.1977000000000001,0.11630341596190466
-0.19669999999999999,0.11989678266356185
-0.1957000000000001,0.12466435974410703
-0.19469999999999998,0.1276352534738236
-0.1937000000000001,0.13169547490443625
-0.19269999999999998,0.13782117483285186
-0.1917000000000001,0.14189554337646318
-0.1907000000000001,0.14543232162612577
-0.1897000000000002,0.1503838111756534
-0.1887000000000001,0.1543450028152755
-0.1877000000000002,0.15915502123481662
-0.1867000000000001,0.1625503283544927
-0.1857000000000002,0.16523827982423628
-0.1847000000000001,0.17089712502369644
-0.1837000000000002,0.1728777208435075
-0.18270000000000008,0.17754626813306212
-0.1817000000000002,0.18122451751271118
-0.18070000000000008,0.18334658446250876
-0.1797000000000002,0.18660042045219835
-0.17870000000000008,0.19070308322180693
-0.1777000000000002,0.19523015938137506
-0.17670000000000008,0.19636192842126707
-0.1757000000000002,0.19820105311109162
-0.17470000000000008,0.19961576441095666
-0.1737000000000002,0.20301107153063278
-0.17270000000000008,0.20640637865030886
-0.17170000000000019,0.20937727238002546
-0.17070000000000007,0.2119237527197825
-0.16970000000000018,0.21333846401964754
-0.16870000000000007,0.2153190598394586
-0.16770000000000018,0.21786554017921567
-0.16670000000000007,0.2198461359990267
-0.16570000000000018,0.22097790503891873
-0.16470000000000007,0.2228170297287433
-0.16370000000000018,0.22536351006850036
-0.16270000000000007,0.22691969249835187
-0.16170000000000018,0.2281929326682304
-0.16070000000000007,0.22989058622806843
-0.15970000000000018,0.23059794187800098
-0.15870000000000006,0.231729710917893
-0.15770000000000017,0.23470060464760956
-0.15670000000000006,0.23371030673770407
-0.15570000000000017,0.23512501803756908
-0.15470000000000006,0.23526648916755558
-0.15370000000000017,0.23625678707746112
-0.15270000000000006,0.2397935653271237
-0.15170000000000017,0.2389447385472047
-0.15070000000000006,0.2397935653271237
-0.14970000000000017,0.24219857453689428
-0.14870000000000005,0.24106680549700227
-0.14770000000000016,0.24488652600663782
-0.14670000000000005,0.24502799713662435
-0.14570000000000016,0.24531093939659734
-0.14470000000000005,0.24870624651627343
-0.14370000000000016,0.2477159486063679
-0.14270000000000005,0.24969654442617895
-0.14170000000000016,0.24955507329619245
-0.14070000000000005,0.24913065990623293
-0.13970000000000016,0.24814036199632744
-0.13870000000000005,0.24672565069646235
-0.13770000000000016,0.24729153521640837
-0.13670000000000004,0.24757447747638137
-0.13570000000000015,0.24757447747638137
-0.13470000000000004,0.2485647753862869
-0.13370000000000015,0.25040390007611146
-0.13270000000000004,0.24913065990623293
-0.13170000000000015,0.24913065990623293
-0.13070000000000004,0.24729153521640837
-0.12970000000000015,0.24630123730650288
-0.12870000000000004,0.2474330063463949
-0.12770000000000015,0.24884771764625993
-0.12670000000000003,0.24729153521640837
-0.12570000000000014,0.2477159486063679
-0.12470000000000003,0.24630123730650288
-0.12370000000000014,0.2460182950465299
-0.12270000000000003,0.24644270843648935
-0.12170000000000014,0.24573535278655687
-0.12070000000000003,0.24587682391654336
-0.11970000000000014,0.2468671218264489
-0.11870000000000003,0.24729153521640837
-0.11770000000000014,0.24955507329619245
-0.11670000000000003,0.24757447747638137
-0.11570000000000014,0.2446035837466648
-0.11470000000000002,0.2443206414866918
-0.11370000000000013,0.2429059301868268
-0.11270000000000002,0.24474505487665132
-0.11170000000000013,0.24417917035670533
-0.11070000000000024,0.24304740131681332
-0.10970000000000013,0.24276445905684027
-0.10870000000000024,0.24078386323702924
-0.10770000000000013,0.24092533436701574
-0.10670000000000024,0.2389447385472047
-0.10570000000000013,0.23767149837732615
-0.10470000000000024,0.2386617962872317
-0.10370000000000013,0.23753002724733965
-0.10270000000000024,0.23837885402725867
-0.10170000000000012,0.23753002724733965
-0.10070000000000023,0.2345591335176231
-0.09970000000000012,0.23554943142752863
-0.09870000000000023,0.23385177786769054
-0.09770000000000012,0.23286147995778506
-0.09670000000000023,0.23356883560771755
-0.09570000000000012,0.23059794187800098
-0.09470000000000023,0.23045647074801448
-0.09370000000000012,0.22989058622806843
-0.09270000000000023,0.22918323057813594
-0.09170000000000011,0.22833440379821693
-0.09070000000000022,0.22635380797840585
-0.08970000000000011,0.22578792345845985
-0.08870000000000022,0.22493909667854084
-0.08770000000000011,0.2245146832885813
-0.08670000000000022,0.22437321215859482
-0.08570000000000011,0.2229585008587298
-0.08470000000000022,0.22083643390893223
-0.08370000000000011,0.22055349164895924
-0.08270000000000022,0.22083643390893223
-0.0817000000000001,0.22055349164895924
-0.08070000000000022,0.21885583808912115
-0.0797000000000001,0.21772406904922914
-0.07870000000000021,0.2167337711393236
-0.0777000000000001,0.21828995356917516
-0.07670000000000021,0.2167337711393236
-0.0757000000000001,0.21503611757948557
-0.07470000000000021,0.21461170418952608
-0.0737000000000001,0.21376287740960703
-0.07270000000000021,0.21503611757948557
-0.0717000000000001,0.212065223849769
-0.07070000000000021,0.21036757028993097
-0.0697000000000001,0.21079198367989047
-0.0687000000000002,0.2088113878600794
-0.0677000000000001,0.21036757028993097
-0.0667000000000002,0.2082455033401334
-0.06570000000000009,0.20725520543022788
-0.0647000000000002,0.2081040322101469
-0.06370000000000009,0.20527460961041682
-0.0627000000000002,0.2066893209102819
-0.06170000000000009,0.2066893209102819
-0.0607000000000002,0.20456725396048434
-0.059700000000000086,0.2040013694405383
-0.058700000000000196,0.20315254266061927
-0.057700000000000085,0.20244518701068673
-0.056700000000000195,0.2038598983105518
-0.05570000000000008,0.20159636023076774
-0.05470000000000019,0.2007475334508487
-0.05370000000000008,0.2010304757108217
-0.05270000000000019,0.20046459119087567
-0.05170000000000008,0.20131341797079472
-0.05070000000000019,0.19975723554094318
-0.04970000000000008,0.20032312006088918
-0.04870000000000019,0.19989870667092968
-0.047700000000000076,0.19975723554094318
-0.046700000000000186,0.19862546650105112
-0.045700000000000074,0.19904987989101067
-0.044700000000000184,0.1974936974611591
-0.04370000000000007,0.19848399537106462
-0.04270000000000018,0.19961576441095666
-0.04170000000000007,0.19919135102099716
-0.04070000000000018,0.1974936974611591
-0.03970000000000007,0.19607898616129407
-0.03870000000000018,0.19636192842126707
-0.03770000000000007,0.19820105311109162
-0.03670000000000018,0.19777663972113213
-0.035700000000000065,0.19692781294121312
-0.034700000000000175,0.19508868825138856
-0.03370000000000006,0.19523015938137506
-0.03270000000000017,0.19622045729128057
-0.03170000000000006,0.19551310164134805
-0.03070000000000017,0.19381544808151
-0.02970000000000006,0.19480574599141554
-0.02870000000000017,0.19395691921149652
-0.027700000000000058,0.19452280373144254
-0.026700000000000168,0.19381544808151
-0.025700000000000056,0.19466427486142904
-0.024700000000000166,0.1936739769515235
-0.023700000000000054,0.192966621301591
-0.022700000000000164,0.19381544808151
-0.021700000000000053,0.1931080924315775
-0.020700000000000163,0.19268367904161798
-0.01970000000000005,0.19282515017160448
-0.01870000000000016,0.19183485226169897
-0.01770000000000005,0.192117794521672
-0.01670000000000016,0.19183485226169897
-0.015700000000000047,0.19112749661176645
-0.014700000000000157,0.19070308322180693
-0.013700000000000045,0.19141043887173945
-0.012700000000000156,0.19169338113171247
-0.011700000000000044,0.19056161209182043
-0.010700000000000154,0.19056161209182043
-0.009700000000000042,0.18957131418191492
-0.008700000000000152,0.19098602548177993
-0.00770000000000004,0.18942984305192842
-0.00670000000000015,0.18872248740199588
-0.005700000000000038,0.19084455435179343
-0.0047000000000001485,0.1890054296619689
-0.0037000000000000366,0.18914690079195542
-0.0027000000000001467,0.1899957275718744
-0.0017000000000000348,0.18801513175206336
-0.000700000000000145,0.18886395853198237
0.00029999999999996696,0.18815660288204988
0.0012999999999998568,0.18702483384215784
0.0022999999999999687,0.18928837192194192
0.0032999999999998586,0.18744924723211737
0.0042999999999999705,0.18858101627200938
0.00529999999999986,0.18660042045219835
0.006299999999999972,0.18674189158218485
0.007299999999999862,0.18872248740199588
0.008299999999999974,0.18674189158218485
0.009299999999999864,0.18674189158218485
0.010299999999999976,0.18660042045219835
0.011299999999999866,0.1861760070622388
0.012299999999999978,0.18674189158218485
0.013299999999999867,0.0927767670451491
0.012299999999999978,0.07360742893197786
0.011299999999999866,0.06492110155080652
0.010299999999999976,0.0616531184481183
0.009299999999999864,0.05838513534543006
0.008299999999999974,0.05206137583503335
0.007299999999999862,0.04937342436528978
0.006299999999999972,0.04522832025668522
0.00529999999999986,0.04323357732387552
0.0042999999999999705,0.04065880275812116
0.0032999999999998586,0.03627319772853954
0.0022999999999999687,0.03485848642867451
0.0012999999999998568,0.03249591855789989
0.00029999999999996696,0.03033141026910639
-0.000700000000000145,0.02969479018416712
-0.0017000000000000348,0.026172159047503182
-0.0027000000000001467,0.02577603988354097
-0.0037000000000000366,0.020810403221014687
-0.0047000000000001485,0.019820105311109164
-0.005700000000000038,0.019042014096183394
-0.00670000000000015,0.0174150961013386
-0.00770000000000004,0.015505235846520802
-0.008700000000000152,0.013178035758242817
-0.009700000000000042,0.012564051054101391
-0.010700000000000154,0.010777270682371849
-0.011700000000000044,0.009479980420395611
-0.012700000000000156,0.007567290742978081
-0.013700000000000045,0.006339321334695229
-0.014700000000000157,0.004050318451513601
-0.015700000000000047,0.0036315639067535494
-0.01670000000000016,0.0015236440699546447
-0.01770000000000005,0.0009798290462865243
-0.01870000000000016,-0.0007090533034923563
-0.01970000000000005,-0.0007649343998370254
-0.020700000000000163,-0.0025790186996539617
-0.021700000000000053,-0.0040446596063141394
-0.022700000000000164,-0.003904603187627501
-0.023700000000000054,-0.007311227997702509
-0.024700000000000166,-0.006835885000947857
-0.025700000000000056,-0.007841744735151899
-0.026700000000000168,-0.00944602734919885
-0.027700000000000058,-0.009781313927266864
-0.02870000000000017,-0.012936120125965896
-0.02970000000000006,-0.012433897614513807
-0.03070000000000017,-0.013033735205656581
-0.03170000000000006,-0.01427443701563822
-0.03270000000000017,-0.015717442541500558
-0.03370000000000006,-0.017584861457322406
-0.034700000000000175,-0.016849211581392583
-0.035700000000000065,-0.01812245175127112
-0.03670000000000018,-0.019919135102099715
-0.03770000000000007,-0.019904987989101064
-0.03870000000000018,-0.022366585650866227
-0.03970000000000007,-0.022111937616890523
-0.04070000000000018,-0.02198461359990267
-0.04170000000000007,-0.0232295595437839
-0.04270000000000018,-0.023753002724733966
-0.04370000000000007,-0.025266743815589552
-0.044700000000000184,-0.02652583687246944
-0.045700000000000074,-0.02622874749949778
-0.046700000000000186,-0.026426807081478886
-0.047700000000000076,-0.02772834147735472
-0.04870000000000019,-0.03000602667013743
-0.04970000000000008,-0.030897294789052406
-0.05070000000000019,-0.029850408427152274
-0.05170000000000008,-0.031434885083001116
-0.05270000000000019,-0.03221297629792688
-0.05370000000000008,-0.03352865780680137
-0.05470000000000019,-0.03351451069380272
-0.05570000000000008,-0.034462367264712294
-0.056700000000000195,-0.03294862617385671
-0.057700000000000085,-0.035594136304604326
-0.058700000000000196,-0.035961961242569236
-0.059700000000000086,-0.03756058501141672
-0.0607000000000002,-0.03829623488734655
-0.06170000000000009,-0.038635765599314156
-0.0627000000000002,-0.039060178989273664
-0.06370000000000009,-0.040927597905095515
-0.0647000000000002,-0.03988071154319539
-0.06570000000000009,-0.041168098826072565
-0.0667000000000002,-0.04097003924409146
-0.0677000000000001,-0.04187545447600509
-0.0687000000000002,-0.04205936694498754
-0.0697000000000001,-0.0424979274479457
-0.07070000000000021,-0.044223875233781046
-0.0717000000000001,-0.0444077877027635
-0.07270000000000021,-0.04541223272566768
-0.0737000000000001,-0.0464025306355732
-0.07470000000000021,-0.04619032394059345
-0.0757000000000001,-0.04694012092952192
-0.07670000000000021,-0.046869385364528664
-0.0777000000000001,-0.04739282854547873
-0.07870000000000021,-0.0481143313084099
-0.0797000000000001,-0.04965636662526278
-0.08070000000000022,-0.04975539641625334
-0.0817000000000001,-0.05152378554108464
-0.08270000000000022,-0.05078813566515482
-0.08370000000000011,-0.05162281533207519
-0.08470000000000022,-0.05254237767698746
-0.08570000000000011,-0.05332046889191323
-0.08670000000000022,-0.05326388043991863
-0.08770000000000011,-0.05399953031584845
-0.08870000000000022,-0.05428247257582146
-0.08970000000000011,-0.05555571274569999
-0.09070000000000022,-0.0558952434576676
-0.09170000000000011,-0.05716848362754613
-0.09270000000000023,-0.05837098823243141
-0.09370000000000012,-0.058172928650450303
-0.09470000000000023,-0.05858319492741117
-0.09570000000000012,-0.05965837551530859
-0.09670000000000023,-0.0599130235492843
-0.09770000000000012,-0.06066282053821278
-0.09870000000000023,-0.060408172504237065
-0.09970000000000012,-0.06063452631221547
-0.10070000000000023,-0.06192191359509265
-0.10170000000000012,-0.06146920597913584
-0.10270000000000024,-0.0631102710869793
-0.10370000000000013,-0.06397324497989695
-0.10470000000000024,-0.06543039761875795
-0.10570000000000013,-0.0658123696697215
-0.10670000000000024,-0.0657274869917296
-0.10770000000000013,-0.0669865800486095
-0.10870000000000024,-0.06797687795851501
-0.10970000000000013,-0.06820323176649341
-0.11070000000000024,-0.06765149435954605
-0.11170000000000013,-0.0698018555353409
-0.11270000000000002,-0.07002820934331933
-0.11370000000000013,-0.06967453151835307
-0.11470000000000002,-0.0711175370442154
-0.11570000000000014,-0.0713438908521938
-0.11670000000000003,-0.07448454993789419
-0.11770000000000014,-0.07386207696595355
-0.11870000000000003,-0.07495140466684964
-0.11970000000000014,-0.07565876031678216
-0.12070000000000003,-0.07605487948074438
-0.12170000000000014,-0.07694614759965934
-0.12270000000000003,-0.07787985705757026
-0.12370000000000014,-0.07843159446451763
-0.12470000000000003,-0.07936530392242855
-0.12570000000000014,-0.08007265957236107
-0.12670000000000003,-0.08167128334120857
-0.12770000000000015,-0.08321331865806145
-0.12870000000000004,-0.08276061104210465
-0.12970000000000015,-0.08498170778289275
-0.13070000000000004,-0.08459973573192921
-0.13170000000000015,-0.08537782694685496
-0.13270000000000004,-0.08779698326962418
-0.13370000000000015,-0.08755648234864712
-0.13470000000000004,-0.0883911620155675
-0.13570000000000015,-0.09027272804438799
-0.13670000000000004,-0.09014540402740015
-0.13770000000000016,-0.09233820654219095
-0.13870000000000005,-0.0923523536551896
-0.13970000000000016,-0.09393683031103843
-0.14070000000000005,-0.09492712822094396
-0.14170000000000016,-0.09530910027190752
-0.14270000000000005,-0.09724725475272263
-0.14370000000000016,-0.0980536401936457
-0.14470000000000005,-0.09818096421063353
-0.14570000000000016,-0.10023229559543784
-0.14670000000000005,-0.10181677225128669
-0.14770000000000016,-0.10379736807109774
-0.14870000000000005,-0.10548087451793714
-0.14970000000000017,-0.10498572556298437
-0.15070000000000006,-0.10624481861986426
-0.15170000000000017,-0.1080556490836915
-0.15270000000000006,-0.11157828022035543
-0.15370000000000017,-0.11156413310735679
-0.15470000000000006,-0.11258272524325963
-0.15570000000000017,-0.11320519821520024
-0.15670000000000006,-0.11643073997889253
-0.15770000000000017,-0.11836889445970761
-0.15870000000000006,-0.1190621029966415
-0.15970000000000018,-0.12233008609932973
-0.16070000000000007,-0.12203299672635806
-0.16170000000000018,-0.1231930599922474
-0.16270000000000007,-0.1262205421739586
-0.16370000000000018,-0.12805966686378314
-0.16470000000000007,-0.12886605230470619
-0.16570000000000018,-0.13006855690959146
-0.16670000000000007,-0.1311437374974889
-0.16770000000000018,-0.13380339474123515
-0.16870000000000007,-0.1355010483010732
-0.16970000000000018,-0.13944809282769668
-0.17070000000000007,-0.13879732562975874
-0.17170000000000019,-0.14079206856256846
-0.17270000000000008,-0.14444202371622025
-0.1737000000000002,-0.14458349484620675
-0.17470000000000008,-0.14684703292599083
-0.1757000000000002,-0.14797880196588284
-0.17670000000000008,-0.1509496956955994
-0.1777000000000002,-0.155052358465208
-0.17870000000000008,-0.15491088733522151
-0.1797000000000002,-0.15703295428501907
-0.18070000000000008,-0.1587306078448571
-0.1817000000000002,-0.16028679027470866
-0.18270000000000008,-0.16453092417430376
-0.1837000000000002,-0.1658041643441823
-0.1847000000000001,-0.16863358694391237
-0.1857000000000002,-0.1696238848538179
-0.1867000000000001,-0.17089712502369644
-0.1877000000000002,-0.17471684553333205
-0.1887000000000001,-0.1771218547431026
-0.1897000000000002,-0.17867803717295414
-0.1907000000000001,-0.18122451751271118
-0.1917000000000001,-0.18377099785246825
-0.19269999999999998,-0.18716630497214437
-0.1937000000000001,-0.19027866983184744
-0.19469999999999998,-0.19254220791163149
-0.1957000000000001,-0.19438133260145604
-0.19669999999999999,-0.1965033995512536
-0.1977000000000001,-0.2011719468408082
-0.1987,-0.20286960040064628
-0.1997000000000001,-0.2075381476902009
-0.2007,-0.2082455033401334
-0.2017000000000001,-0.21277257949970152
-0.2027,-0.2153190598394586
-0.2037000000000001,-0.21786554017921567
-0.2047,-0.22309997198871628
-0.2057000000000001,-0.22564645232847336
-0.2067,-0.22861734605818995
-0.2077000000000001,-0.23413472012766354
-0.2087,-0.23710561385738013
-0.2097000000000001,-0.24106680549700227
-0.2107,-0.2426229879268538
-0.2117000000000001,-0.24474505487665132
-0.2127,-0.252525967025909
-0.2137000000000001,-0.25365773606580105
-0.2147,-0.2631363017748969
-0.2157000000000001,-0.26426807081478887
-0.2167,-0.26808779132442445
-0.21770000000000012,-0.2740295787838576
-0.2187,-0.2771419436435607
-0.21970000000000012,-0.2826593177130343
-0.2207,-0.28647903822266996
-0.22170000000000012,-0.29044022986229207
-0.2227,-0.2969479018416712
-0.22370000000000012,-0.2999187955713878
-0.2247,-0.30699235207071296
-0.22570000000000012,-0.310670601450362
-0.2267,-0.3161879755198357
-0.22770000000000012,-0.32297858975918786
-0.22870000000000001,-0.32821302156868853
-0.22970000000000013,-0.3340133378981352
-0.23070000000000002,-0.3395307119676088
-0.23170000000000013,-0.34448220151713643
-0.23270000000000002,-0.3511313446265021
-0.23370000000000013,-0.35693166095594875
-0.23470000000000002,-0.36329786180534146
-0.23570000000000013,-0.36909817813478807
-0.23670000000000002,-0.37588879237414025
-0.2376999999999999,-0.38480147356329
-0.23870000000000002,-0.3901773765027771
-0.2396999999999999,-0.39838270204199433
-0.24070000000000003,-0.4030512493315489
-0.24169999999999991,-0.4112565748707662
-0.24270000000000003,-0.4205936694498755
-0.24369999999999992,-0.42724281255924107
-0.24470000000000003,-0.43813608956820194
-0.24569999999999992,-0.44308757911772945
-0.24670000000000003,-0.4511514335269602
-0.24769999999999992,-0.4627520661858534
-0.24870000000000003,-0.4692597381652327
-0.24969999999999992,-0.47916271726428794
-0.25070000000000003,-0.4873680428035051
-0.2516999999999999,-0.49557336834272236
-0.25270000000000004,-0.5092960679514131
-0.2536999999999999,-0.5175013934906304
-0.25470000000000004,-0.5279702571096317
-0.2556999999999999,-0.5368829382987814
-0.25670000000000004,-0.5473518019177827
-0.25769999999999993,-0.5599427324865814
-0.25870000000000004,-0.5680065868958123
-0.25969999999999993,-0.5821536998944625
-0.26070000000000004,-0.5937543325533559
-0.26169999999999993,-0.6047890806923032
-0.26270000000000004,-0.6196435493408861
-0.26369999999999993,-0.6308197686098198
-0.26470000000000005,-0.6456742372584027
-0.26569999999999994,-0.6603872347769991
-0.26670000000000005,-0.672412280825852
-0.26769999999999994,-0.6889644030342729
-0.26870000000000005,-0.7015553336030717
-0.26969999999999994,-0.7169756867716006
-0.27070000000000005,-0.7298495596003725
-0.27169999999999994,-0.7465431529387798
-0.27270000000000005,-0.7640855730571063
-0.27369999999999994,-0.7802132818755677
-0.27470000000000006,-0.7977557019938941
-0.27569999999999995,-0.8140248819423421
-0.27670000000000006,-0.8319917154506281
-0.27769999999999995,-0.8519391447787251
-0.27870000000000006,-0.8703303916769705
-0.27969999999999995,-0.8905607632650405
-0.28070000000000006,-0.9088105390332994
-0.28169999999999995,-0.9294653240113291
-0.28270000000000006,-0.9487053976894935
-0.28369999999999995,-0.9719066630072802
-0.28470000000000006,-0.9959567551049858
-0.28569999999999995,-1.01562124217311
-0.28670000000000007,-1.0374077961910315
-0.28769999999999996,-1.0632970129785617
-0.28870000000000007,-1.0859323937764023
-0.28969999999999996,-1.1122460239538918
-0.29070000000000007,-1.1353058181416917
-0.29169999999999996,-1.160912092669249
-0.29270000000000007,-1.1904795588364285
-0.29369999999999996,-1.2199055538736212
-0.2947000000000001,-1.2514536158606115
-0.29569999999999996,-1.2767769481281956
-0.2967000000000001,-1.3049297029955098
-0.29769999999999996,-1.3352045248126216
-0.2987000000000001,-1.3585472612603946
-0.29969999999999997,-1.394622399406953
-0.3007000000000001,-1.427443701563822
-0.30169999999999997,-1.4585673501608527
-0.3027000000000001,-1.4967645552572086
-0.30369999999999997,-1.5349617603535646
-0.3047000000000001,-1.5689148315503256
-0.30569999999999997,-1.6056973253468165
-0.3067000000000001,-1.6382356852437125
-0.3077,-1.6820917355395286
-0.3087000000000001,-1.7174595180361545
-0.3097,-1.7542420118326456
-0.3107000000000001,-1.7980980621284617
-0.3117,-1.8377099785246829
-0.3127000000000001,-1.8787366062207687
-0.3137,-1.922592656516585
-0.3147000000000001,-1.9650339955125358
-0.3157,-2.007475334508487
-0.3167000000000001,-2.054160807404033
-0.3177,-2.0980168576998492
-0.3187000000000001,-2.1461170418952604
-0.3197,-2.194217226090672
-0.3207000000000001,-2.2423174102860832
-0.3217,-2.2932470170812245
-0.3227000000000001,-2.3455913351762305
-0.3237,-2.392276808071777
-0.3247000000000001,-2.460182950465299
-0.3257,-2.509697845960575
-0.3267000000000001,-2.5634568753554463
-0.3277,-2.6200453273500477
-0.3287000000000001,-2.670974934145189
-0.3297,-2.719075118340601
-0.3307000000000001,-2.785566549434257
-0.3317,-2.844984424028589
-0.3327000000000001,-2.9029875873230555
-0.3337,-2.9595760393176564
-0.3347000000000001,-3.0189939139119883
-0.3357,-3.079826499806185
-0.3367000000000001,-3.1406590857003813
-0.3377,-3.204321094194308
-0.3387000000000001,-3.2594948348890447
-0.3397,-3.3245715546828363
-0.3407000000000001,-3.3995512535756833
-0.3417,-3.46887210726907
-0.3427000000000001,-3.533948827062862
-0.3437,-3.6032696807562488
-0.3447000000000001,-3.67966409094896
-0.3457,-3.7532290785419424
-0.3467000000000001,-3.823964643535194
-0.3477,-3.896114919828311
-0.3487000000000001,-3.9682651961214277
-0.3497,-4.013535957717109
-0.3507000000000001,-4.094174501809416
-0.3517,-4.159251221603208
-0.3527000000000001,-4.234230920496055
-0.3537,-4.326187154987283
-0.3547000000000001,-4.388434452181344
-0.3557,-4.459170017174596
-0.35670000000000013,-4.5369791386671725
-0.3577,-4.61478826015975
-0.35870000000000013,-4.696841515551922
-0.3597,-4.784553616143554
-0.36070000000000013,-4.860948026336266
-0.3617,-4.943001281728439
-0.3626999999999999,-5.023639825820745
-0.3637,-5.104278369913052
-0.3646999999999999,-5.177843357506034
-0.3657,-5.235846520800501
-0.3666999999999999,-5.3306321778914585
-0.3677,-5.4225884123826855
-0.3686999999999999,-5.507471090374587
-0.36970000000000003,-5.593768479666355
-0.3706999999999999,-5.680065868958122
-0.37170000000000003,-5.766363258249889
-0.3726999999999999,-5.854075358841522
-0.37370000000000003,-5.938958036833425
-0.3746999999999999,-6.023840714825327
-0.37570000000000003,-6.112967526716823
-0.3766999999999999,-6.200679627308456
-0.37770000000000004,-6.291221150499819
-0.3786999999999999,-6.3803479623913155
-0.37970000000000004,-6.4850365985813285
-0.3806999999999999,-6.575578121772692
-0.38170000000000004,-6.674607912763243
-0.38269999999999993,-6.777881837653391
-0.38370000000000004,-6.872667494744348
-0.38469999999999993,-6.967453151835306
-0.38570000000000004,-7.065068231525992
-0.38669999999999993,-6.966038440535441
-0.38570000000000004,-6.800517218451231
-0.38469999999999993,-6.702902138760544
-0.38370000000000004,-6.615190038168912
-0.38269999999999993,-6.513330824578629
-0.38170000000000004,-6.415715744887942
-0.3806999999999999,-6.318100665197254
-0.37970000000000004,-6.2162414516069715
-0.3786999999999999,-6.121455794516013
-0.37770000000000004,-6.029499560024787
-0.3766999999999999,-5.940372748133289
-0.37570000000000003,-5.856904781441251
-0.3746999999999999,-5.769192680849619
-0.37370000000000003,-5.680065868958122
-0.3726999999999999,-5.596597902266086
-0.37170000000000003,-5.515959358173778
-0.3706999999999999,-5.443809081880661
-0.36970000000000003,-5.3631705377883545
-0.3686999999999999,-5.279702571096316
-0.3677,-5.203308160903605
-0.3666999999999999,-5.118425482911703
-0.3657,-5.0335428049198
-0.3646999999999999,-4.948660126927899
-0.3637,-4.882168695834241
-0.3626999999999999,-4.804359574341665
-0.3617,-4.726550452849088
-0.36070000000000013,-4.651570753956241
-0.3597,-4.579420477663124
-0.35870000000000013,-4.507270201370006
-0.3577,-4.428046368577565
-0.35670000000000013,-4.360140226184043
-0.3557,-4.2936487950903865
-0.3547000000000001,-4.2285720752965945
-0.3537,-4.160665932903073
-0.3527000000000001,-4.08710094531009
-0.3517,-4.0220242255163
-0.3507000000000001,-3.962606350921967
-0.3497,-3.9003590537279056
-0.3487000000000001,-3.838111756533844
-0.3477,-3.7716203254401877
-0.3467000000000001,-3.707958316946261
-0.3457,-3.6372227519530096
-0.3447000000000001,-3.556584207860702
-0.3437,-3.508484023665291
-0.3427000000000001,-3.4434073038714996
-0.3417,-3.3967218309759533
-0.3407000000000001,-3.3344745337818917
-0.3397,-3.27222723658783
-0.3387000000000001,-3.217053495893093
-0.3377,-3.156220909998897
-0.3367000000000001,-3.0911441902051053
-0.3357,-3.0359704495103688
-0.3347000000000001,-2.977967286215902
-0.3337,-2.924208256821031
-0.3327000000000001,-2.8690345161262942
-0.3317,-2.8350814449295334
-0.3307000000000001,-2.7813224155346625
-0.3297,-2.7261486748399255
-0.3287000000000001,-2.6780484906445143
-0.3277,-2.6257041725495083
-0.3267000000000001,-2.576189277054232
-0.3257,-2.5238449589592253
-0.3247000000000001,-2.4715006408642193
-0.3237,-2.4191563227692128
-0.3227000000000001,-2.3753002724733965
-0.3217,-2.3272000882779853
-0.3207000000000001,-2.280514615382439
-0.3197,-2.2366585650866226
-0.3187000000000001,-2.192802514790807
-0.3177,-2.1432876192955304
-0.3167000000000001,-2.102260991599445
-0.3157,-2.0598196526034935
-0.3147000000000001,-2.0187930249074073
-0.3137,-1.9749369746115912
-0.3127000000000001,-1.9310809243157752
-0.3117,-1.892883719219419
-0.3107000000000001,-1.8532718028231983
-0.3097,-1.8122451751271118
-0.3087000000000001,-1.776877392630486
-0.3077,-1.7386801875341302
-0.3067000000000001,-1.701897693737639
-0.30569999999999997,-1.6651151999411482
-0.3047000000000001,-1.6311621287443874
-0.30369999999999997,-1.5943796349478963
-0.3027000000000001,-1.5533530072518102
-0.30169999999999997,-1.5137410908555893
-0.3007000000000001,-1.4868615761581534
-0.29969999999999997,-1.4514937936615278
-0.2987000000000001,-1.4189554337646317
-0.29769999999999996,-1.3859926604777764
-0.2967000000000001,-1.3534543005808806
-0.29569999999999996,-1.3240283055436879
-0.2947000000000001,-1.2927631858166704
-0.29369999999999996,-1.2633371907794777
-0.29270000000000007,-1.2316476576625008
-0.29169999999999996,-1.20052400906547
-0.29070000000000007,-1.1742103788879805
-0.28969999999999996,-1.1443599704608283
-0.28870000000000007,-1.1171975135034193
-0.28769999999999996,-1.0890447586361052
-0.28670000000000007,-1.0632970129785617
-0.28569999999999995,-1.037549267321018
-0.28470000000000006,-1.0110941660135417
-0.28369999999999995,-0.9847805358360522
-0.28270000000000006,-0.9603060303483869
-0.28169999999999995,-0.9338509290409107
-0.28070000000000006,-0.9124887884129486
-0.27969999999999995,-0.8892875230951621
-0.27870000000000006,-0.8660862577773755
-0.27769999999999995,-0.8401970409898453
-0.27670000000000006,-0.8202496116617483
-0.27569999999999995,-0.7984630576438266
-0.27470000000000006,-0.7762520902359457
-0.27369999999999994,-0.7553143629979431
-0.27270000000000005,-0.732537511070116
-0.27169999999999994,-0.712590081742019
-0.27070000000000005,-0.6936329503238275
-0.26969999999999994,-0.6742514055156765
-0.26870000000000005,-0.655860158617431
-0.26769999999999994,-0.6354883158993744
-0.26670000000000005,-0.6161067710912235
-0.26569999999999994,-0.6001205334027485
-0.26470000000000005,-0.5807389885945976
-0.26369999999999993,-0.5634795107362441
-0.26270000000000004,-0.5453712060979717
-0.26169999999999993,-0.5261311324198072
-0.26070000000000004,-0.5141060863709543
-0.25969999999999993,-0.4985442620724389
-0.25870000000000004,-0.482558024383964
-0.25769999999999993,-0.46600590217554305
-0.25670000000000004,-0.4494537799671222
-0.2556999999999999,-0.4378531473082289
-0.25470000000000004,-0.42271573639967297
-0.2536999999999999,-0.4077197966211036
-0.25270000000000004,-0.39244091458256114
-0.2516999999999999,-0.3790011572338433
-0.25070000000000003,-0.36683464005500405
-0.24969999999999992,-0.3532534115762997
-0.24870000000000003,-0.3382574717977303
-0.24769999999999992,-0.32693978139880997
-0.24670000000000003,-0.3144903219599976
-0.24569999999999992,-0.30430440060096936
-0.24470000000000003,-0.2931281813320356
-0.24369999999999992,-0.2799713662432907
-0.24270000000000003,-0.26752190680447846
-0.24169999999999991,-0.25634568753554465
-0.24070000000000003,-0.2460182950465299
-0.2396999999999999,-0.2368226715974071
-0.23870000000000002,-0.22691969249835187
-0.2376999999999999,-0.21418729079956658
-0.23670000000000002,-0.20456725396048434
-0.23570000000000013,-0.19579604390132105
-0.23470000000000002,-0.18688336271217135
-0.23370000000000013,-0.17768773926304862
-0.23270000000000002,-0.16651151999411481
-0.23170000000000013,-0.1583061944548976
-0.23070000000000002,-0.14953498439573437
-0.22970000000000013,-0.14099012814454956
-0.22870000000000001,-0.1318086518084255
-0.22770000000000012,-0.12288182350627709
-0.2267,-0.11570923721596137
-0.22570000000000012,-0.10876300473362402
-0.2247,-0.1004445022904176
-0.22370000000000012,-0.09433294947500065
-0.2227,-0.08484023665290626
-0.22170000000000012,-0.07787985705757026
-0.2207,-0.07247565989208582
-0.21970000000000012,-0.06500598422879844
-0.2187,-0.05896516697837473
-0.21770000000000012,-0.05095790102113862
-0.2167,-0.044775612640728414
-0.2157000000000001,-0.0385367358083236
-0.2147,-0.033104244416841865
-0.2137000000000001,-0.02665316088945729
-0.2127,-0.020258665814067326
-0.2117000000000001,-0.01503838111756534
-0.2107,-0.011539800072999104
-0.2097000000000001,-0.006054964363422357
-0.2087,-0.0007509287579683616
-0.2077000000000001,0.005473518019177827
-0.2067,0.011140851486437163
-0.2057000000000001,0.015957943462477614
-0.2047,0.019480574599141553
-0.2037000000000001,0.024601829504652988
-0.2027,0.029510877715184666
-0.2017000000000001,0.03423601345673389
-0.2007,0.03806988107936814
-0.1997000000000001,0.04060221430612655
-0.1987,0.04542637983866633
-0.1977000000000001,0.05090131256914402
-0.19669999999999999,0.05491909266076073
-0.1957000000000001,0.05837098823243141
-0.19469999999999998,0.06267171058402111
-0.1937000000000001,0.06613775326869047
-0.19269999999999998,0.07176830424215332
-0.1917000000000001,0.07422990190391847
-0.1907000000000001,0.07509287579683614
-0.1897000000000002,0.07909650877545421
-0.1887000000000001,0.08128931129024501
-0.1877000000000002,0.08737256987966466
-0.1867000000000001,0.08997563867141634
-0.1857000000000002,0.09225332386419903
-0.1847000000000001,0.09508274646392911
-0.1837000000000002,0.09811022864564029
-0.18270000000000008,0.10161871266930558
-0.1817000000000002,0.10574966966491149
-0.18070000000000008,0.10617408305487101
-0.1797000000000002,0.10811223753568612
-0.17870000000000008,0.11118216105639324
-0.1777000000000002,0.11440770282008553
-0.17670000000000008,0.11719468408081965
-0.1757000000000002,0.11822742332972111
-0.17470000000000008,0.11951481061259829
-0.1737000000000002,0.12307988308825818
-0.17270000000000008,0.1262629835129545
-0.17170000000000019,0.12811625531577772
-0.17070000000000007,0.12852652159273859
-0.16970000000000018,0.13033735205656583
-0.16870000000000007,0.13431269080918656
-0.16770000000000018,0.13620840395100572
-0.16670000000000007,0.13683087692294635
-0.16570000000000018,0.13777873349385591
-0.16470000000000007,0.1390095323247385
-0.16370000000000018,0.14079206856256846
-0.16270000000000007,0.1434517258063147
-0.16170000000000018,0.14387613919627423
-0.16070000000000007,0.14613967727605828
-0.15970000000000018,0.1458567350160853
-0.15870000000000006,0.14698850405597733
-0.15770000000000017,0.1502423400456669
-0.15670000000000006,0.1510911668255859
-0.15570000000000017,0.15151558021554543
-0.15470000000000006,0.15264734925543746
-0.15370000000000017,0.15448647394526202
-0.15270000000000006,0.15759883880496509
-0.15170000000000017,0.15717442541500556
-0.15070000000000006,0.15759883880496509
-0.14970000000000017,0.1587306078448571
-0.14870000000000005,0.1588720789748436
-0.14770000000000016,0.16141855931460067
-0.14670000000000005,0.1617015015745737
-0.14570000000000016,0.1622673860945197
-0.14470000000000005,0.16354062626439822
-0.14370000000000016,0.16311621287443873
-0.14270000000000005,0.16495533756426325
-0.14170000000000016,0.16637004886412832
-0.14070000000000005,0.16481386643427676
-0.13970000000000016,0.16537975095422278
-0.13870000000000005,0.16721887564404736
-0.13770000000000016,0.16863358694391237
-0.13670000000000004,0.1689165292038854
-0.13570000000000015,0.16877505807389886
-0.13470000000000004,0.1696238848538179
-0.13370000000000015,0.17217036519357498
-0.13270000000000004,0.173019191973494
-0.13170000000000015,0.1737265476234265
-0.13070000000000004,0.17217036519357498
-0.12970000000000015,0.17231183632356148
-0.12870000000000004,0.17259477858353447
-0.12770000000000015,0.17259477858353447
-0.12670000000000003,0.1734436053634535
-0.12570000000000014,0.173019191973494
-0.12470000000000003,0.173019191973494
-0.12370000000000014,0.1734436053634535
-0.12270000000000003,0.17358507649344
-0.12170000000000014,0.17471684553333205
-0.12070000000000003,0.172736249713521
-0.11970000000000014,0.17245330745354798
-0.11870000000000003,0.1731606631034805
-0.11770000000000014,0.17655597022315658
-0.11670000000000003,0.17528273005327805
-0.11570000000000014,0.17471684553333205
-0.11470000000000002,0.1731606631034805
-0.11370000000000013,0.17400948988339954
-0.11270000000000002,0.17570714344323757
-0.11170000000000013,0.17485831666331855
-0.11070000000000024,0.17499978779330505
-0.10970000000000013,0.17457537440334553
-0.10870000000000024,0.1728777208435075
-0.10770000000000013,0.17471684553333205
-0.10670000000000024,0.17358507649344
-0.10570000000000013,0.17231183632356148
-0.10470000000000024,0.1734436053634535
-0.10370000000000013,0.173019191973494
-0.10270000000000024,0.17358507649344
-0.10170000000000012,0.17627302796318356
-0.10070000000000023,0.1734436053634535
-0.09970000000000012,0.1728777208435075
-0.09870000000000023,0.17174595180361546
-0.09770000000000012,0.17174595180361546
-0.09670000000000023,0.1728777208435075
-0.09570000000000012,0.17132153841365594
-0.09470000000000023,0.17231183632356148
-0.09370000000000012,0.17245330745354798
-0.09270000000000023,0.17259477858353447
-0.09170000000000011,0.173019191973494
-0.09070000000000022,0.1694824137238314
-0.08970000000000011,0.1696238848538179
-0.08870000000000022,0.17075565389370992
-0.08770000000000011,0.1697653559838044
-0.08670000000000022,0.17033124050375043
-0.08570000000000011,0.1696238848538179
-0.08470000000000022,0.16806770242396638
-0.08370000000000011,0.16905800033387192
-0.08270000000000022,0.17061418276372342
-0.0817000000000001,0.1696238848538179
-0.08070000000000022,0.16820917355395287
-0.0797000000000001,0.16764328903400685
-0.07870000000000021,0.1666529911241013
-0.0777000000000001,0.16792623129397988
-0.07670000000000021,0.16721887564404736
-0.0757000000000001,0.1667944622540878
-0.07470000000000021,0.1666529911241013
-0.0737000000000001,0.16523827982423628
-0.07270000000000021,0.1667944622540878
-0.0717000000000001,0.16637004886412832
-0.07070000000000021,0.16509680869424978
-0.0697000000000001,0.16537975095422278
-0.0687000000000002,0.16509680869424978
-0.0677000000000001,0.1666529911241013
-0.0667000000000002,0.16509680869424978
-0.06570000000000009,0.16608710660415532
-0.0647000000000002,0.16481386643427676
-0.06370000000000009,0.16438945304431726
-0.0627000000000002,0.16509680869424978
-0.06170000000000009,0.16495533756426325
-0.0607000000000002,0.16382356852437122
-0.059700000000000086,0.16453092417430376
-0.058700000000000196,0.16325768400442522
-0.057700000000000085,0.16453092417430376
-0.056700000000000195,0.16537975095422278
-0.05570000000000008,0.1628332706144657
-0.05470000000000019,0.16339915513441172
-0.05370000000000008,0.1629747417444522
-0.05270000000000019,0.16382356852437122
-0.05170000000000008,0.16410651078434427
-0.05070000000000019,0.1626917994844792
-0.04970000000000008,0.16325768400442522
-0.04870000000000019,0.16382356852437122
-0.047700000000000076,0.16410651078434427
-0.046700000000000186,0.16396503965435774
-0.045700000000000074,0.16311621287443873
-0.044700000000000184,0.16099414592464115
-0.04370000000000007,0.16368209739438472
-0.04270000000000018,0.1628332706144657
-0.04170000000000007,0.16382356852437122
-0.04070000000000018,0.16438945304431726
-0.03970000000000007,0.16339915513441172
-0.03870000000000018,0.1626917994844792
-0.03770000000000007,0.16396503965435774
-0.03670000000000018,0.1615600304445872
-0.035700000000000065,0.1625503283544927
-0.034700000000000175,0.16099414592464115
-0.03370000000000006,0.16099414592464115
-0.03270000000000017,0.16325768400442522
-0.03170000000000006,0.16311621287443873
-0.03070000000000017,0.1626917994844792
-0.02970000000000006,0.1622673860945197
-0.02870000000000017,0.1619844438345467
-0.027700000000000058,0.16354062626439822
-0.026700000000000168,0.1626917994844792
-0.025700000000000056,0.16396503965435774
-0.024700000000000166,0.16212591496453319
-0.023700000000000054,0.1626917994844792
-0.022700000000000164,0.16354062626439822
-0.021700000000000053,0.16339915513441172
-0.020700000000000163,0.1622673860945197
-0.01970000000000005,0.1617015015745737
-0.01870000000000016,0.1622673860945197
-0.01770000000000005,0.1629747417444522
-0.01670000000000016,0.16368209739438472
-0.015700000000000047,0.1618429727045602
-0.014700000000000157,0.16141855931460067
-0.013700000000000045,0.16212591496453319
-0.012700000000000156,0.1626917994844792
-0.011700000000000044,0.1619844438345467
-0.010700000000000154,0.16127708818461417
-0.009700000000000042,0.16071120366466815
-0.008700000000000152,0.16113561705462764
-0.00770000000000004,0.1619844438345467
-0.00670000000000015,0.16071120366466815
-0.005700000000000038,0.1619844438345467
-0.0047000000000001485,0.16028679027470866
-0.0037000000000000366,0.1617015015745737
-0.0027000000000001467,0.16113561705462764
-0.0017000000000000348,0.16099414592464115
-0.000700000000000145,0.16212591496453319
0.00029999999999996696,0.1619844438345467
0.0012999999999998568,0.16028679027470866
0.0022999999999999687,0.1615600304445872
0.0032999999999998586,0.16113561705462764
0.0042999999999999705,0.16085267479465465
0.00529999999999986,0.15986237688474914
0.006299999999999972,0.16014531914472213
0.007299999999999862,0.1619844438345467
0.008299999999999974,0.16127708818461417
0.009299999999999864,0.16042826140469515
0.010299999999999976,0.16000384801473563
0.011299999999999866,0.16042826140469515
0.012299999999999978,0.16085267479465465
0.013299999999999867,0.0728859261690467
0.012299999999999978,0.05476347441777557
0.011299999999999866,0.04842556779438021
0.010299999999999976,0.04498781933570817
0.009299999999999864,0.04167739489402397
0.008299999999999974,0.039088473215270966
0.007299999999999862,0.03522631136663941
0.006299999999999972,0.03177441579496872
0.00529999999999986,0.03040214583409964
0.0042999999999999705,0.028237637545306133
0.0032999999999998586,0.025365773606580107
0.0022999999999999687,0.02390862096771912
0.0012999999999998568,0.02075381476902009
0.00029999999999996696,0.019169338113171244
-0.000700000000000145,0.018080010412275173
-0.0017000000000000348,0.016000384801473564
-0.0027000000000001467,0.015109116682558592
-0.0037000000000000366,0.013555763675306783
-0.0047000000000001485,0.010555161008293039
-0.005700000000000038,0.011433696725509227
-0.00670000000000015,0.009410659566702223
-0.00770000000000004,0.008475535397491435
-0.008700000000000152,0.005948861015932479
-0.009700000000000042,0.0036457110197521997
-0.010700000000000154,0.0032411035879907992
-0.011700000000000044,0.0026822926245441093
-0.012700000000000156,0.0009658234044178605
-0.013700000000000045,-0.0007509287579683616
-0.014700000000000157,-0.002048501962204573
-0.015700000000000047,-0.002188558380891212
-0.01670000000000016,-0.0036541992875513893
-0.01770000000000005,-0.0046317647957581295
-0.01870000000000016,-0.005900760831737068
-0.01970000000000005,-0.005440979659280931
-0.020700000000000163,-0.007799303396155947
-0.021700000000000053,-0.0082746463929106
-0.022700000000000164,-0.010116600505334878
-0.023700000000000054,-0.011944407504760505
-0.024700000000000166,-0.011846792425069818
-0.025700000000000056,-0.012643274886893834
-0.026700000000000168,-0.012042022584451192
-0.027700000000000058,-0.014094768680555363
-0.02870000000000017,-0.015604265637511355
-0.02970000000000006,-0.015604265637511355
-0.03070000000000017,-0.016099414592464115
-0.03170000000000006,-0.01673603467740338
-0.03270000000000017,-0.017938539282288665
-0.03370000000000006,-0.020838697447011986
-0.034700000000000175,-0.019848399537106463
-0.035700000000000065,-0.019452280373144254
-0.03670000000000018,-0.020951874351001196
-0.03770000000000007,-0.02079625610801604
-0.03870000000000018,-0.023045647074801445
-0.03970000000000007,-0.023257853769781203
-0.04070000000000018,-0.023767149837732617
-0.04170000000000007,-0.024700859295643543
-0.04270000000000018,-0.025705304318547718
-0.04370000000000007,-0.026907808923433
-0.044700000000000184,-0.027813224155346622
-0.045700000000000074,-0.027006838714423546
-0.046700000000000186,-0.027374663652388463
-0.047700000000000076,-0.0289591403082373
-0.04870000000000019,-0.030571911190083446
-0.04970000000000008,-0.029977732444140127
-0.05070000000000019,-0.030529469851087492
-0.05170000000000008,-0.030373851608102336
-0.05270000000000019,-0.03231200608891744
-0.05370000000000008,-0.03347206935480676
-0.05470000000000019,-0.03359939337179463
-0.05570000000000008,-0.03450480860370824
-0.056700000000000195,-0.03406624810075008
-0.057700000000000085,-0.035381929609624566
-0.058700000000000196,-0.0365419928755139
-0.059700000000000086,-0.03641466885852604
-0.0607000000000002,-0.036881523587481514
-0.06170000000000009,-0.03825379354835059
-0.0627000000000002,-0.03782938015839108
-0.06370000000000009,-0.04003632978618053
-0.0647000000000002,-0.039527033718229125
-0.06570000000000009,-0.03995144710818864
-0.0667000000000002,-0.04058806719312791
-0.0677000000000001,-0.04140859974704963
-0.0687000000000002,-0.04348822535785123
-0.0697000000000001,-0.042809163933916004
-0.07070000000000021,-0.042809163933916004
-0.0717000000000001,-0.04261110435193491
-0.07270000000000021,-0.04367213782683368
-0.0737000000000001,-0.04536979138667173
-0.07470000000000021,-0.04460584728474461
-0.0757000000000001,-0.04585079322862584
-0.07670000000000021,-0.046515707539562405
-0.0777000000000001,-0.04691182670352462
-0.07870000000000021,-0.04810018419541125
-0.0797000000000001,-0.048284096664393705
-0.08070000000000022,-0.04715232762450167
-0.0817000000000001,-0.04907633499231812
-0.08270000000000022,-0.04897730520132757
-0.08370000000000011,-0.0501656626932142
-0.08470000000000022,-0.05124084328111162
-0.08570000000000011,-0.04971295507725739
-0.08670000000000022,-0.051141813490121084
-0.08770000000000011,-0.05235846520800501
-0.08870000000000022,-0.05394294186385385
-0.08970000000000011,-0.05398538320284981
-0.09070000000000022,-0.053575116925888934
-0.09170000000000011,-0.05459370906179176
-0.09270000000000023,-0.05558400697169729
-0.09370000000000012,-0.056630893333597415
-0.09470000000000023,-0.05630550973462846
-0.09570000000000012,-0.055272770485726985
-0.09670000000000023,-0.057281660531535335
-0.09770000000000012,-0.05762119124350294
-0.09870000000000023,-0.05878125450939227
-0.09970000000000012,-0.05835684111943277
-0.10070000000000023,-0.06037987827823976
-0.10170000000000012,-0.05998375911427755
-0.10270000000000024,-0.06127114639715474
-0.10370000000000013,-0.0617380011261102
-0.10470000000000024,-0.06309612397398062
-0.10570000000000013,-0.06247365100204002
-0.10670000000000024,-0.06286977016600223
-0.10770000000000013,-0.06414301033588077
-0.10870000000000024,-0.06463815929083352
-0.10970000000000013,-0.0656426043137377
-0.11070000000000024,-0.06548698607075255
-0.11170000000000013,-0.06743928766456629
-0.11270000000000002,-0.0677788183765339
-0.11370000000000013,-0.07016968047330582
-0.11470000000000002,-0.06958964884036115
-0.11570000000000014,-0.0698018555353409
-0.11670000000000003,-0.07087703612323834
-0.11770000000000014,-0.07033944582928962
-0.11870000000000003,-0.07273030792606154
-0.11970000000000014,-0.07278689637805613
-0.12070000000000003,-0.07261713102207233
-0.12170000000000014,-0.07326789822001026
-0.12270000000000003,-0.07404598943493602
-0.12370000000000014,-0.07629538040172142
-0.12470000000000003,-0.07773838592758377
-0.12570000000000014,-0.07862965404649873
-0.12670000000000003,-0.07879941940248254
-0.12770000000000015,-0.08189763714918698
-0.12870000000000004,-0.0813741939682369
-0.12970000000000015,-0.08346796669203715
-0.13070000000000004,-0.08171372468020452
-0.13170000000000015,-0.08213813807016403
-0.13270000000000004,-0.0854202682858509
-0.13370000000000015,-0.08591541724080368
-0.13470000000000004,-0.0866227728907362
-0.13570000000000015,-0.08837701490256884
-0.13670000000000004,-0.08806577841659853
-0.13770000000000016,-0.09028687515738665
-0.13870000000000005,-0.09129132018029082
-0.13970000000000016,-0.09230991231619365
-0.14070000000000005,-0.09288994394913831
-0.14170000000000016,-0.09215429407320849
-0.14270000000000005,-0.09414903700601819
-0.14370000000000016,-0.09611548571283059
-0.14470000000000005,-0.0962569568428171
-0.14570000000000016,-0.09745946144770237
-0.14670000000000005,-0.09772825659467674
-0.14770000000000016,-0.10045864940341626
-0.14870000000000005,-0.10293439417818008
-0.14970000000000017,-0.10364174982811258
-0.15070000000000006,-0.10334466045514094
-0.15170000000000017,-0.10498572556298437
-0.15270000000000006,-0.1059477292468926
-0.15370000000000017,-0.10815467887468207
-0.15470000000000006,-0.10792832506670365
-0.15570000000000017,-0.10881959318561862
-0.15670000000000006,-0.11111142549139998
-0.15770000000000017,-0.11246954833927042
-0.15870000000000006,-0.11430867302909498
-0.15970000000000018,-0.11568094298996405
-0.16070000000000007,-0.1170956542898291
-0.16170000000000018,-0.11800106952174272
-0.16270000000000007,-0.11920357412662799
-0.16370000000000018,-0.12121246417243635
-0.16470000000000007,-0.12392870986817722
-0.16570000000000018,-0.12465021263110838
-0.16670000000000007,-0.125838570122995
-0.16770000000000018,-0.12725328142286002
-0.16870000000000007,-0.12996952711860094
-0.16970000000000018,-0.1331101862043013
-0.17070000000000007,-0.13278480260533235
-0.17170000000000019,-0.133973160097219
-0.17270000000000008,-0.13592546169103273
-0.1737000000000002,-0.13806167575382894
-0.17470000000000008,-0.13968859374867373
-0.1757000000000002,-0.1402686253816184
-0.17670000000000008,-0.1424614278964092
-0.1777000000000002,-0.14458349484620675
-0.17870000000000008,-0.14826174422585583
-0.1797000000000002,-0.14882762874580185
-0.18070000000000008,-0.1512326379555724
-0.1817000000000002,-0.15151558021554543
-0.18270000000000008,-0.15448647394526202
-0.1837000000000002,-0.15689148315503257
-0.1847000000000001,-0.15901355010483012
-0.1857000000000002,-0.16127708818461417
-0.1867000000000001,-0.1618429727045602
-0.1877000000000002,-0.16453092417430376
-0.1887000000000001,-0.1689165292038854
-0.1897000000000002,-0.17188742293360199
-0.1907000000000001,-0.1731606631034805
-0.1917000000000001,-0.17584861457322407
-0.19269999999999998,-0.17754626813306212
-0.1937000000000001,-0.18136598864269768
-0.19469999999999998,-0.18320511333252223
-0.1957000000000001,-0.1847612957623738
-0.19669999999999999,-0.18730777610213087
-0.1977000000000001,-0.1899957275718744
-0.1987,-0.1936739769515235
-0.1997000000000001,-0.1970692840711996
-0.2007,-0.19904987989101067
-0.2017000000000001,-0.20187930249074074
-0.2027,-0.20598196526034934
-0.2037000000000001,-0.20994315689997145
-0.2047,-0.21447023305953958
-0.2057000000000001,-0.2206949627789457
-0.2067,-0.2204120205189727
-0.2077000000000001,-0.22380732763864883
-0.2087,-0.22635380797840585
-0.2097000000000001,-0.2307394130079875
-0.2107,-0.23328589334774452
-0.2117000000000001,-0.23625678707746112
-0.2127,-0.24177416114693479
-0.2137000000000001,-0.24587682391654336
-0.2147,-0.24955507329619245
-0.2157000000000001,-0.25436509171573357
-0.2167,-0.25634568753554465
-0.21770000000000012,-0.2608727636951128
-0.2187,-0.2651168975947079
-0.21970000000000012,-0.2692195603643165
-0.2207,-0.2726148674839926
-0.22170000000000012,-0.2775663570335202
-0.2227,-0.28251784658304785
-0.22370000000000012,-0.2871863938726024
-0.2247,-0.2918549411621571
-0.22570000000000012,-0.29751378636161724
-0.2267,-0.3002017378313608
-0.22770000000000012,-0.30685088094072643
-0.22870000000000001,-0.31265119727017304
-0.22970000000000013,-0.31576356212987616
-0.23070000000000002,-0.3217053495893093
-0.23170000000000013,-0.32708125252879644
-0.23270000000000002,-0.3323156843382971
-0.23370000000000013,-0.3396721830975953
-0.23470000000000002,-0.34476514377710943
-0.23570000000000013,-0.3507069312365426
-0.23670000000000002,-0.35636577643600276
-0.2376999999999999,-0.36244903502542236
-0.23870000000000002,-0.3700884760446936
-0.2396999999999999,-0.3753229078541942
-0.24070000000000003,-0.3818305798335734
-0.24169999999999991,-0.3872064827730605
-0.24270000000000003,-0.3939970970124127
-0.24369999999999992,-0.4030512493315489
-0.24470000000000003,-0.40955892131092814
-0.24569999999999992,-0.4162080644202938
-0.24670000000000003,-0.42299867865964597
-0.24769999999999992,-0.4313454753288497
-0.24870000000000003,-0.4396922719980534
-0.24969999999999992,-0.44747318414731113
-0.25070000000000003,-0.45539556742655535
-0.2516999999999999,-0.4627520661858534
-0.25270000000000004,-0.4727965164148953
-0.2536999999999999,-0.48029448630418
-0.25470000000000004,-0.48892422523335666
-0.2556999999999999,-0.49882720433241184
-0.25670000000000004,-0.5061837030917101
-0.25769999999999993,-0.5177843357506035
-0.25870000000000004,-0.5259896612898207
-0.25969999999999993,-0.5353267558689299
-0.26070000000000004,-0.5467859173978367
-0.26169999999999993,-0.5568303676268785
-0.26270000000000004,-0.5675821735058527
-0.26369999999999993,-0.5784754505148135
-0.26470000000000005,-0.5892272563937878
-0.26569999999999994,-0.600827889052681
-0.26670000000000005,-0.6122870505815878
-0.26769999999999994,-0.6236047409805081
-0.26870000000000005,-0.6390250941490371
-0.26969999999999994,-0.6489280732480923
-0.27070000000000005,-0.6625093017267967
-0.27169999999999994,-0.6739684632557035
-0.27270000000000005,-0.6881155762543539
-0.27369999999999994,-0.7024041603829907
-0.27470000000000006,-0.7145706775618301
-0.27569999999999995,-0.7301325018603455
-0.27670000000000006,-0.7435722592090632
-0.27769999999999995,-0.7589926123775922
-0.27870000000000006,-0.7778082726657971
-0.27969999999999995,-0.7916724434044745
-0.28070000000000006,-0.8079416233529224
-0.28169999999999995,-0.8227960920015054
-0.28270000000000006,-0.8403385121198318
-0.28369999999999995,-0.8581638744981313
-0.28470000000000006,-0.8748574678365387
-0.28569999999999995,-0.8933901858647707
-0.28670000000000007,-0.9096593658132186
-0.28769999999999996,-0.9313044487011536
-0.28870000000000007,-0.9512518780292506
-0.28969999999999996,-0.9697845960574827
-0.29070000000000007,-0.9911467366854447
-0.29169999999999996,-1.0096794547136767
-0.29270000000000007,-1.0340124890713553
-0.29369999999999996,-1.0538184472694658
-0.2947000000000001,-1.075746472417374
-0.29569999999999996,-1.0983818532152145
-0.2967000000000001,-1.1207342917530823
-0.29769999999999996,-1.145774681760693
-0.2987000000000001,-1.1692588893384528
-0.29969999999999997,-1.1944407504760506
-0.3007000000000001,-1.2172176024038774
-0.30169999999999997,-1.2439556459713268
-0.3027000000000001,-1.2677227958090596
-0.30369999999999997,-1.2961584929363463
-0.3047000000000001,-1.3255844879735392
-0.30569999999999997,-1.3554348964006917
-0.3067000000000001,-1.3803338152783162
-0.3077,-1.4101842237054685
-0.3087000000000001,-1.4415908145624723
-0.3097,-1.472714463159503
-0.3107000000000001,-1.5038381117565338
-0.3117,-1.5321323377538347
-0.3127000000000001,-1.5675001202504606
-0.3137,-1.5972090575476263
-0.3147000000000001,-1.6297474174445223
-0.3157,-1.660871066041553
-0.3167000000000001,-1.6990682711379093
-0.3177,-1.734436053634535
-0.3187000000000001,-1.771218547431026
-0.3197,-1.8080010412275167
-0.3207000000000001,-1.8461982463238729
-0.3217,-1.884395451420229
-0.3227000000000001,-1.922592656516585
-0.3237,-1.9622045729128061
-0.3247000000000001,-2.0032312006088917
-0.3257,-2.042843117005113
-0.3267000000000001,-2.081040322101469
-0.3277,-2.1192375271978254
-0.3287000000000001,-2.1602641548939108
-0.3297,-2.208364339089322
-0.3307000000000001,-2.249390966785408
-0.3317,-2.2932470170812245
-0.3327000000000001,-2.3385177786769056
-0.3337,-2.383788540272587
-0.3347000000000001,-2.433303435767863
-0.3357,-2.4814036199632743
-0.3367000000000001,-2.5238449589592253
-0.3377,-2.5719451431546365
-0.3387000000000001,-2.621460038649913
-0.3397,-2.6653160889457292
-0.3407000000000001,-2.7105868505414104
-0.3417,-2.7601017460366863
-0.3427000000000001,-2.811031352831828
-0.3437,-2.8605462483271045
-0.3447000000000001,-2.9114758551222453
-0.3457,-2.9624054619173865
-0.3467000000000001,-3.009090934812933
-0.3477,-3.0628499642078046
-0.3487000000000001,-3.1335855292010564
-0.3497,-3.1802710020966023
-0.3507000000000001,-3.2368594540912037
-0.3517,-3.2892037721862106
-0.3527000000000001,-3.3302303998822964
-0.3537,-3.382574717977303
-0.3547000000000001,-3.437748458672039
-0.3557,-3.4900927767670455
-0.35670000000000013,-3.557998919160567
-0.3577,-3.623075638954359
-0.35870000000000013,-3.6754199570493657
-0.3597,-3.7376672542434273
-0.36070000000000013,-3.795670417537894
-0.3617,-3.8565030034320897
-0.3626999999999999,-3.9116767441268263
-0.3637,-3.971094618721158
-0.3646999999999999,-4.027683070715759
-0.3657,-4.074368543611305
-0.3666999999999999,-4.145104108604558
-0.3677,-4.203107271899024
-0.3686999999999999,-4.271013414292546
-0.36970000000000003,-4.331846000186743
-0.3706999999999999,-4.395508008680669
-0.37170000000000003,-4.461999439774326
-0.3726999999999999,-4.528490870867983
-0.37370000000000003,-4.593567590661774
-0.3746999999999999,-4.66288844435516
-0.37570000000000003,-4.729379875448817
-0.3766999999999999,-4.791627172642879
-0.37770000000000004,-4.836897934238561
-0.3786999999999999,-4.903389365332218
-0.37970000000000004,-4.985442620724389
-0.3806999999999999,-5.053348763117911
-0.38170000000000004,-5.122669616811298
-0.38269999999999993,-5.194819893104414
-0.38370000000000004,-5.266970169397532
-0.38469999999999993,-5.337705734390783
-0.38570000000000004,-5.41268543328363
-0.38669999999999993,-5.322143910092268
-0.38570000000000004,-5.220284696501986
-0.38469999999999993,-5.138231441109813
-0.38370000000000004,-5.060422319617237
-0.38269999999999993,-4.986857332024254
-0.38170000000000004,-4.9175364783308675
-0.3806999999999999,-4.841142068138156
-0.37970000000000004,-4.770406503144904
-0.3786999999999999,-4.7010856494515165
-0.37770000000000004,-4.623276527958939
-0.3766999999999999,-4.535564427367307
-0.37570000000000003,-4.467658284973785
-0.3746999999999999,-4.399752142580264
-0.37370000000000003,-4.327601866287147
-0.3726999999999999,-4.26393985779322
-0.37170000000000003,-4.194619004099834
-0.3706999999999999,-4.138030552105232
-0.36970000000000003,-4.070124409711711
-0.3686999999999999,-4.013535957717109
-0.3677,-3.958362217022373
-0.3666999999999999,-3.8989443424280408
-0.3657,-3.835282333934114
-0.3646999999999999,-3.7786938819395126
-0.3637,-3.7249348525446417
-0.3626999999999999,-3.6683464005500404
-0.3617,-3.6160020824550334
-0.36070000000000013,-3.562243053060162
-0.3597,-3.5014104671659654
-0.35870000000000013,-3.4419925925716344
-0.3577,-3.3726717388782474
-0.35670000000000013,-3.3245715546828363
-0.3557,-3.270812525287965
-0.3547000000000001,-3.2198829184928233
-0.3537,-3.167538600397817
-0.3527000000000001,-3.1180237049025408
-0.3517,-3.074167654606725
-0.3507000000000001,-3.024652759111448
-0.3497,-2.975137863616172
-0.3487000000000001,-2.927037679420761
-0.3477,-2.8761080726256196
-0.3467000000000001,-2.8251784658304784
-0.3457,-2.775663570335202
-0.3447000000000001,-2.7247339635400607
-0.3437,-2.6865367584437045
-0.3427000000000001,-2.6440954194477535
-0.3417,-2.5988246578520724
-0.3407000000000001,-2.5535538962563913
-0.3397,-2.5111125572604402
-0.3387000000000001,-2.468671218264489
-0.3377,-2.4234004566688077
-0.3367000000000001,-2.380959117672857
-0.3357,-2.339932489976771
-0.3347000000000001,-2.3003205735805494
-0.3337,-2.260708657184329
-0.3327000000000001,-2.2196820294882422
-0.3317,-2.1828995356917518
-0.3307000000000001,-2.1418729079956655
-0.3297,-2.10367570289931
-0.3287000000000001,-2.0668932091028185
-0.3277,-2.0258665814067327
-0.3267000000000001,-1.9862546650105113
-0.3257,-1.9466427486142908
-0.3247000000000001,-1.9155191000172598
-0.3237,-1.8787366062207687
-0.3227000000000001,-1.8391246898245475
-0.3217,-1.8037569073279218
-0.3207000000000001,-1.768389124831296
-0.3197,-1.7358507649344
-0.3187000000000001,-1.701897693737639
-0.3177,-1.6651151999411482
-0.3167000000000001,-1.6354062626439825
-0.3157,-1.5986237688474914
-0.3147000000000001,-1.5703295428501907
-0.3137,-1.53920589425316
-0.3127000000000001,-1.505252823056399
-0.3117,-1.4769585970590984
-0.3107000000000001,-1.4500790823616625
-0.3097,-1.4175407224647667
-0.3087000000000001,-1.3888220830775064
-0.3077,-1.3591131457803407
-0.3067000000000001,-1.3323751022128916
-0.30569999999999997,-1.3029491071756987
-0.3047000000000001,-1.2739475255284654
-0.30369999999999997,-1.2358917915620962
-0.3027000000000001,-1.2036363739251732
-0.30169999999999997,-1.1793033395674946
-0.3007000000000001,-1.1545458918198563
-0.29969999999999997,-1.1309202131121103
-0.2987000000000001,-1.1063042364944589
-0.29769999999999996,-1.0816882598768072
-0.2967000000000001,-1.0603261192488451
-0.29569999999999996,-1.0347198447212878
-0.2947000000000001,-1.0113771082735146
-0.29369999999999996,-0.9870440739158362
-0.29270000000000007,-0.9629939818181305
-0.29169999999999996,-0.9409244855402358
-0.29070000000000007,-0.9168743934425302
-0.28969999999999996,-0.8969269641144332
-0.28870000000000007,-0.8776868904362687
-0.28769999999999996,-0.8564662209382933
-0.28670000000000007,-0.8372261472601288
-0.28569999999999995,-0.8161469488921397
-0.28470000000000006,-0.7980386442538671
-0.28369999999999995,-0.7783741571857431
-0.28270000000000006,-0.7574364299477406
-0.28169999999999995,-0.7396110675694412
-0.28070000000000006,-0.7205124650212632
-0.27969999999999995,-0.7036774005528693
-0.27870000000000006,-0.6857105670445833
-0.27769999999999995,-0.6668949067563783
-0.27670000000000006,-0.6521819092377819
-0.27569999999999995,-0.6337906623395364
-0.27470000000000006,-0.6190776648209401
-0.27369999999999994,-0.6023840714825326
-0.27270000000000005,-0.5837098823243142
-0.27169999999999994,-0.5711189517555153
-0.27070000000000005,-0.5540009450271484
-0.26969999999999994,-0.5394294186385385
-0.26870000000000005,-0.5248578922499286
-0.26769999999999994,-0.5102863658613187
-0.26670000000000005,-0.49613925286266836
-0.26569999999999994,-0.48213361099400454
-0.26470000000000005,-0.46897679590525965
-0.26369999999999993,-0.45539556742655535
-0.26270000000000004,-0.4401166853880129
-0.26169999999999993,-0.42752575481921407
-0.26070000000000004,-0.4163495355502803
-0.25969999999999993,-0.40390007611146794
-0.25870000000000004,-0.3920165011926017
-0.25769999999999993,-0.3790011572338433
-0.25670000000000004,-0.3678249379649095
-0.2556999999999999,-0.35693166095594875
-0.25470000000000004,-0.34518955716706895
-0.2536999999999999,-0.3344377512880947
-0.25270000000000004,-0.3249591855789989
-0.2516999999999999,-0.3136414951800786
-0.25070000000000003,-0.30204086252118534
-0.24969999999999992,-0.2929867102020491
-0.24870000000000003,-0.2816690198031288
-0.24769999999999992,-0.27162456957408704
-0.24670000000000003,-0.2625704172549508
-0.24569999999999992,-0.25337479380582806
-0.24470000000000003,-0.2468671218264489
-0.24369999999999992,-0.23710561385738013
-0.24270000000000003,-0.22776851927827088
-0.24169999999999991,-0.21871436695913468
-0.24070000000000003,-0.2089528589900659
-0.2396999999999999,-0.20230371588070023
-0.23870000000000002,-0.19395691921149652
-0.2376999999999999,-0.18391246898245475
-0.23670000000000002,-0.17584861457322407
-0.23570000000000013,-0.16778476016399335
-0.23470000000000002,-0.1625503283544927
-0.23370000000000013,-0.1551938295951945
-0.23270000000000002,-0.14698850405597733
-0.23170000000000013,-0.1390378265507358
-0.23070000000000002,-0.13274236126633637
-0.22970000000000013,-0.1260932181569707
-0.22870000000000001,-0.11986848843756456
-0.22770000000000012,-0.11337496357118404
-0.2267,-0.10678240891381298
-0.22570000000000012,-0.1003313253864284
-0.2247,-0.0948280984299534
-0.22370000000000012,-0.08932487147347841
-0.2227,-0.08352455514403176
-0.22170000000000012,-0.0751353171358321
-0.2207,-0.07025456315129773
-0.21970000000000012,-0.06486451309881193
-0.2187,-0.05912078522135989
-0.21770000000000012,-0.05500397533875262
-0.2167,-0.04859533315036401
-0.2157000000000001,-0.043389195566860675
-0.2147,-0.041366158408053674
-0.2137000000000001,-0.03542437094862052
-0.2127,-0.03212809361993498
-0.2117000000000001,-0.02577603988354097
-0.2107,-0.02165923000093371
-0.2097000000000001,-0.017372654762342652
-0.2087,-0.011651562265688442
-0.2077000000000001,-0.008427435213296022
-0.2067,-0.0032071505167940383
-0.2057000000000001,0.0011752006767978861
-0.2047,0.004273842836892276
-0.2037000000000001,0.008475535397491435
-0.2027,0.010512719669297088
-0.2017000000000001,0.016071120366466816
-0.2007,0.01891469007919554
-0.1997000000000001,0.022126084729889174
-0.1987,0.02614386482150588
-0.1977000000000001,0.02921378834221301
-0.19669999999999999,0.03378330584077707
-0.1957000000000001,0.03681078802248825
-0.19469999999999998,0.039074326102272315
-0.1937000000000001,0.04150762953804018
-0.19269999999999998,0.04461999439774326
-0.1917000000000001,0.04732209298048548
-0.1907000000000001,0.05026469248420476
-0.1897000000000002,0.05380147073386734
-0.1887000000000001,0.05619233283063926
-0.1877000000000002,0.059106638108361226
-0.1867000000000001,0.06282732882700628
-0.1857000000000002,0.06502013134179709
-0.1847000000000001,0.06574163410472825
-0.1837000000000002,0.06715634540459328
-0.18270000000000008,0.0696320901793571
-0.1817000000000002,0.07314057420302239
-0.18070000000000008,0.07438552014690362
-0.1797000000000002,0.07664905822668767
-0.17870000000000008,0.07848818291651223
-0.1777000000000002,0.08053951430131655
-0.17670000000000008,0.08396311564698994
-0.1757000000000002,0.0848260895399076
-0.17470000000000008,0.08584468167581043
-0.1737000000000002,0.0886458100495432
-0.17270000000000008,0.09107911348531106
-0.17170000000000019,0.09385194763304654
-0.17070000000000007,0.09533739449790483
-0.16970000000000018,0.09595986746984543
-0.16870000000000007,0.09707748939673881
-0.16770000000000018,0.09794046328965648
-0.16670000000000007,0.10187336070328129
-0.16570000000000018,0.1036983382801072
-0.16470000000000007,0.10456131217302486
-0.16370000000000018,0.10550916874393444
-0.16270000000000007,0.10695217426979677
-0.16170000000000018,0.10906009410659567
-0.16070000000000007,0.11109727837840132
-0.15970000000000018,0.11072945344043642
-0.15870000000000006,0.11089921879642024
-0.15770000000000017,0.1131910511022016
-0.15670000000000006,0.11545458918198566
-0.15570000000000017,0.11556776608597484
-0.15470000000000006,0.11661465244787497
-0.15370000000000017,0.11774642148776701
-0.15270000000000006,0.11951481061259829
-0.15170000000000017,0.12051925563550246
-0.15070000000000006,0.12142467086741611
-0.14970000000000017,0.12138222952842014
-0.14870000000000005,0.12166517178839317
-0.14770000000000016,0.12307988308825818
-0.14670000000000005,0.12466435974410703
-0.14570000000000016,0.1254707451850301
-0.14470000000000005,0.1264186017559397
-0.14370000000000016,0.1271542516318695
-0.14270000000000005,0.1271259574058722
-0.14170000000000016,0.12848408025374264
-0.14070000000000005,0.1287811696267143
-0.13970000000000016,0.1301251453615861
-0.13870000000000005,0.129318759920663
-0.13770000000000016,0.13002611557059554
-0.13670000000000004,0.13291212662232021
-0.13570000000000015,0.13282724394432827
-0.13470000000000004,0.13312433331729995
-0.13370000000000015,0.13438342637417983
-0.13270000000000004,0.13465222152115416
-0.13170000000000015,0.1366752586799612
-0.13070000000000004,0.1364489048719828
-0.12970000000000015,0.13685917114894364
-0.12870000000000004,0.1367318471319558
-0.12770000000000015,0.13610937416001517
-0.12670000000000003,0.13782117483285186
-0.12570000000000014,0.1385285304827844
-0.12470000000000003,0.1384012064657965
-0.12370000000000014,0.139151003454725
-0.12270000000000003,0.139151003454725
-0.12170000000000014,0.14067889165857925
-0.12070000000000003,0.14025447826861975
-0.11970000000000014,0.1411457463875347
-0.11870000000000003,0.14031106672061433
-0.11770000000000014,0.14161260111649018
-0.11670000000000003,0.14175407224647668
-0.11570000000000014,0.14147112998650369
-0.11470000000000002,0.1427443701563822
-0.11370000000000013,0.14458349484620675
-0.11270000000000002,0.1458567350160853
-0.11170000000000013,0.14613967727605828
-0.11070000000000024,0.14415908145624726
-0.10970000000000013,0.14387613919627423
-0.10870000000000024,0.1437346680662877
-0.10770000000000013,0.14316878354634172
-0.10670000000000024,0.14472496597619325
-0.10570000000000013,0.14401761032626076
-0.10470000000000024,0.14430055258623375
-0.10370000000000013,0.14316878354634172
-0.10270000000000024,0.1437346680662877
-0.10170000000000012,0.14529085049613927
-0.10070000000000023,0.14401761032626076
-0.09970000000000012,0.14642261953603128
-0.09870000000000023,0.1465640906660178
-0.09770000000000012,0.14543232162612577
-0.09670000000000023,0.14642261953603128
-0.09570000000000012,0.14486643710617977
-0.09470000000000023,0.14500790823616627
-0.09370000000000012,0.14599820614607179
-0.09270000000000023,0.14486643710617977
-0.09170000000000011,0.14642261953603128
-0.09070000000000022,0.14529085049613927
-0.08970000000000011,0.14571526388609876
-0.08870000000000022,0.14430055258623375
-0.08770000000000011,0.14415908145624726
-0.08670000000000022,0.14500790823616627
-0.08570000000000011,0.14571526388609876
-0.08470000000000022,0.14557379275611226
-0.08370000000000011,0.14500790823616627
-0.08270000000000022,0.14543232162612577
-0.0817000000000001,0.14571526388609876
-0.08070000000000022,0.14571526388609876
-0.0797000000000001,0.14486643710617977
-0.07870000000000021,0.1437346680662877
-0.0777000000000001,0.14628114840604478
-0.07670000000000021,0.14642261953603128
-0.0757000000000001,0.14712997518596382
-0.07470000000000021,0.14642261953603128
-0.0737000000000001,0.14543232162612577
-0.07270000000000021,0.14642261953603128
-0.0717000000000001,0.14514937936615277
-0.07070000000000021,0.14514937936615277
-0.0697000000000001,0.14557379275611226
-0.0687000000000002,0.14500790823616627
-0.0677000000000001,0.14613967727605828
-0.0667000000000002,0.14514937936615277
-0.06570000000000009,0.14543232162612577
-0.0647000000000002,0.14599820614607179
-0.06370000000000009,0.14486643710617977
-0.0627000000000002,0.14628114840604478
-0.06170000000000009,0.14557379275611226
-0.0607000000000002,0.14599820614607179
-0.059700000000000086,0.14571526388609876
-0.058700000000000196,0.14458349484620675
-0.057700000000000085,0.14741291744593682
-0.056700000000000195,0.14557379275611226
-0.05570000000000008,0.1458567350160853
-0.05470000000000019,0.1458567350160853
-0.05370000000000008,0.14599820614607179
-0.05270000000000019,0.14599820614607179
-0.05170000000000008,0.1467055617960043
-0.05070000000000019,0.14628114840604478
-0.04970000000000008,0.14698850405597733
-0.04870000000000019,0.14628114840604478
-0.047700000000000076,0.14514937936615277
-0.046700000000000186,0.1458567350160853
-0.045700000000000074,0.14769585970590982
-0.044700000000000184,0.14628114840604478
-0.04370000000000007,0.14741291744593682
-0.04270000000000018,0.14642261953603128
-0.04170000000000007,0.14741291744593682
-0.04070000000000018,0.14755438857592332
-0.03970000000000007,0.14543232162612577
-0.03870000000000018,0.14613967727605828
-0.03770000000000007,0.14769585970590982
-0.03670000000000018,0.14698850405597733
-0.035700000000000065,0.1465640906660178
-0.034700000000000175,0.14472496597619325
-0.03370000000000006,0.14684703292599083
-0.03270000000000017,0.14769585970590982
-0.03170000000000006,0.14684703292599083
-0.03070000000000017,0.14684703292599083
-0.02970000000000006,0.1467055617960043
-0.02870000000000017,0.14741291744593682
-0.027700000000000058,0.1467055617960043
-0.026700000000000168,0.14727144631595032
-0.025700000000000056,0.14698850405597733
-0.024700000000000166,0.1467055617960043
-0.023700000000000054,0.14698850405597733
-0.022700000000000164,0.14712997518596382
-0.021700000000000053,0.14727144631595032
-0.020700000000000163,0.14755438857592332
-0.01970000000000005,0.14628114840604478
-0.01870000000000016,0.14755438857592332
-0.01770000000000005,0.1465640906660178
-0.01670000000000016,0.14840321535584233
-0.015700000000000047,0.14854468648582883
-0.014700000000000157,0.14642261953603128
-0.013700000000000045,0.14783733083589634
-0.012700000000000156,0.14642261953603128
-0.011700000000000044,0.14854468648582883
-0.010700000000000154,0.14854468648582883
-0.009700000000000042,0.1467055617960043
-0.008700000000000152,0.14840321535584233
-0.00770000000000004,0.14755438857592332
-0.00670000000000015,0.14911057100577488
-0.005700000000000038,0.1496764555257209
-0.0047000000000001485,0.14769585970590982
-0.0037000000000000366,0.14911057100577488
-0.0027000000000001467,0.14712997518596382
-0.0017000000000000348,0.14812027309586934
-0.000700000000000145,0.14911057100577488
0.00029999999999996696,0.14712997518596382
0.0012999999999998568,0.14826174422585583
0.0022999999999999687,0.14840321535584233
0.0032999999999998586,0.14854468648582883
0.0042999999999999705,0.1501008689156804
0.00529999999999986,0.14783733083589634
0.006299999999999972,0.14812027309586934
0.007299999999999862,0.14826174422585583
0.008299999999999974,0.14826174422585583
0.009299999999999864,0.14925204213576138
0.010299999999999976,0.14812027309586934
0.011299999999999866,0.14896909987578838
0.012299999999999978,0.14882762874580185
