Potential V vs RHE, Current mA cm-2
0.013299999999999867,-0.5255652478998613
0.012299999999999978,-2.662486666345999
0.011299999999999866,-4.582249900262854
0.010299999999999976,-6.282732882700628
0.009299999999999864,-7.853062425550818
0.008299999999999974,-9.293238528813426
0.007299999999999862,-10.688143870480351
0.006299999999999972,-11.996751822855511
0.00529999999999986,-13.261503724934855
0.0042999999999999705,-14.444202371622024
0.0032999999999998586,-15.533530072518102
0.0022999999999999687,-16.53797509542228
0.0012999999999998568,-17.40094898833995
0.00029999999999996696,-18.15074597726842
-0.000700000000000145,-18.88639585319824
-0.0017000000000000348,-19.537163051136158
-0.0027000000000001467,-20.202077362072725
-0.0037000000000000366,-20.810403221014692
-0.0047000000000001485,-21.418729079956652
-0.005700000000000038,-22.027054938898623
-0.00670000000000015,-22.63538079784059
-0.00770000000000004,-23.2012653177866
-0.008700000000000152,-23.724708498736668
-0.009700000000000042,-24.20571034069078
-0.010700000000000154,-24.559388165657033
-0.011700000000000044,-24.95550732961925
-0.012700000000000156,-25.252596702590903
-0.013700000000000045,-25.521391849565262
-0.014700000000000157,-25.81848122253692
-0.015700000000000047,-26.087276369511276
-0.01670000000000016,-26.38436574248293
-0.01770000000000005,-26.738043567449193
-0.01870000000000016,-27.049280053419505
-0.01970000000000005,-27.38881076538711
-0.020700000000000163,-27.65760591236147
-0.021700000000000053,-27.869812607341224
-0.022700000000000164,-28.05372507632368
-0.023700000000000054,-28.13860775431558
-0.024700000000000166,-28.308373110299385
-0.025700000000000056,-28.393255788291288
-0.026700000000000168,-28.53472691827779
-0.027700000000000058,-28.704492274261593
-0.02870000000000017,-28.8742576302454
-0.02970000000000006,-29.100611438223805
-0.03070000000000017,-29.31281813320356
-0.03170000000000006,-29.482583489187363
-0.03270000000000017,-29.62405461917387
-0.03370000000000006,-29.708937297165768
-0.034700000000000175,-29.751378636161718
-0.035700000000000065,-29.836261314153624
-0.03670000000000018,-29.878702653149578
-0.03770000000000007,-29.878702653149578
-0.03870000000000018,-29.96358533114148
-0.03970000000000007,-30.04846800913338
-0.04070000000000018,-30.189939139119886
-0.04170000000000007,-30.317263156107735
-0.04270000000000018,-30.487028512091538
-0.04370000000000007,-30.571911190083444
-0.044700000000000184,-30.670940981073993
-0.045700000000000074,-30.71338232006995
-0.046700000000000186,-30.71338232006995
-0.047700000000000076,-30.71338232006995
-0.04870000000000019,-30.71338232006995
-0.04970000000000008,-30.71338232006995
-0.05070000000000019,-30.71338232006995
-0.05170000000000008,-30.8407063370578
-0.05270000000000019,-30.925589015049702
-0.05370000000000008,-31.010471693041605
-0.05470000000000019,-31.137795710029454
-0.05570000000000008,-31.19438416202406
-0.056700000000000195,-31.19438416202406
-0.057700000000000085,-31.19438416202406
-0.058700000000000196,-31.137795710029454
-0.059700000000000086,-31.095354371033505
-0.0607000000000002,-31.095354371033505
-0.06170000000000009,-31.137795710029454
-0.0627000000000002,-31.19438416202406
-0.06370000000000009,-31.23682550102001
-0.0647000000000002,-31.36414951800786
-0.06570000000000009,-31.449032195999767
-0.0667000000000002,-31.533914873991666
-0.0677000000000001,-31.57635621298762
-0.0687000000000002,-31.57635621298762
-0.0697000000000001,-31.57635621298762
-0.07070000000000021,-31.533914873991666
-0.0717000000000001,-31.49147353499572
-0.07270000000000021,-31.49147353499572
-0.0737000000000001,-31.49147353499572
-0.07470000000000021,-31.49147353499572
-0.0757000000000001,-31.57635621298762
-0.07670000000000021,-31.618797551983565
-0.0777000000000001,-31.717827342974125
-0.07870000000000021,-31.76026868197007
-0.0797000000000001,-31.76026868197007
-0.08070000000000022,-31.76026868197007
-0.0817000000000001,-31.717827342974125
-0.08270000000000022,-31.661238890979522
-0.08370000000000011,-31.57635621298762
-0.08470000000000022,-31.533914873991666
-0.08570000000000011,-31.533914873991666
-0.08670000000000022,-31.57635621298762
-0.08770000000000011,-31.661238890979522
-0.08870000000000022,-31.717827342974125
-0.08970000000000011,-31.802710020966025
-0.09070000000000022,-31.84515135996197
-0.09170000000000011,-31.887592698957924
-0.09270000000000023,-31.84515135996197
-0.09370000000000012,-31.84515135996197
-0.09470000000000023,-31.802710020966025
-0.09570000000000012,-31.717827342974125
-0.09670000000000023,-31.76026868197007
-0.09770000000000012,-31.76026868197007
-0.09870000000000023,-31.802710020966025
-0.09970000000000012,-31.887592698957924
-0.10070000000000023,-31.972475376949827
-0.10170000000000012,-32.05735805494172
-0.10270000000000024,-32.09979939393769
-0.10370000000000013,-32.09979939393769
-0.10470000000000024,-32.09979939393769
-0.10570000000000013,-32.01491671594578
-0.10670000000000024,-31.972475376949827
-0.10770000000000013,-31.972475376949827
-0.10870000000000024,-31.887592698957924
-0.10970000000000013,-31.972475376949827
-0.11070000000000024,-32.01491671594578
-0.11170000000000013,-32.09979939393769
-0.11270000000000002,-32.184682071929586
-0.11370000000000013,-32.24127052392419
-0.11470000000000002,-32.283711862920136
-0.11570000000000014,-32.24127052392419
-0.11670000000000003,-32.24127052392419
-0.11770000000000014,-32.14224073293363
-0.11870000000000003,-32.09979939393769
-0.11970000000000014,-32.05735805494172
-0.12070000000000003,-32.05735805494172
-0.12170000000000014,-32.09979939393769
-0.12270000000000003,-32.14224073293363
-0.12370000000000014,-32.24127052392419
-0.12470000000000003,-32.368594540912035
-0.12570000000000014,-32.41103587990799
-0.12670000000000003,-32.41103587990799
-0.12770000000000015,-32.41103587990799
-0.12870000000000004,-32.368594540912035
-0.12970000000000015,-32.32615320191609
-0.13070000000000004,-32.283711862920136
-0.13170000000000015,-32.283711862920136
-0.13270000000000004,-32.283711862920136
-0.13370000000000015,-32.368594540912035
-0.13470000000000004,-32.45347721890394
-0.13570000000000015,-32.53835989689585
-0.13670000000000004,-32.62324257488775
-0.13770000000000016,-32.66568391388369
-0.13870000000000005,-32.66568391388369
-0.13970000000000016,-32.66568391388369
-0.14070000000000005,-32.66568391388369
-0.14170000000000016,-32.62324257488775
-0.14270000000000005,-32.58080123589179
-0.14370000000000016,-32.58080123589179
-0.14470000000000005,-32.62324257488775
-0.14570000000000016,-32.70812525287965
-0.14670000000000005,-32.807155043870196
-0.14770000000000016,-32.93447906085806
-0.14870000000000005,-32.97692039985401
-0.14970000000000017,-33.06180307784591
-0.15070000000000006,-33.06180307784591
-0.15170000000000017,-33.01936173884996
-0.15270000000000006,-32.97692039985401
-0.15370000000000017,-32.93447906085806
-0.15470000000000006,-32.97692039985401
-0.15570000000000017,-32.97692039985401
-0.15670000000000006,-33.01936173884996
-0.15770000000000017,-33.10424441684186
-0.15870000000000006,-33.231568433829715
-0.15970000000000018,-33.330598224820264
-0.16070000000000007,-33.41548090281216
-0.16170000000000018,-33.45792224180811
-0.16270000000000007,-33.45792224180811
-0.16370000000000018,-33.45792224180811
-0.16470000000000007,-33.45792224180811
-0.16570000000000018,-33.41548090281216
-0.16670000000000007,-33.41548090281216
-0.16770000000000018,-33.45792224180811
-0.16870000000000007,-33.58524625879597
-0.16970000000000018,-33.670128936787876
-0.17070000000000007,-33.81160006677438
-0.17170000000000019,-33.89648274476628
-0.17270000000000008,-33.98136542275818
-0.1737000000000002,-34.02380676175414
-0.17470000000000008,-34.02380676175414
-0.1757000000000002,-34.02380676175414
-0.17670000000000008,-34.02380676175414
-0.1777000000000002,-34.02380676175414
-0.17870000000000008,-34.06624810075008
-0.1797000000000002,-34.15113077874198
-0.18070000000000008,-34.278454795729836
-0.1817000000000002,-34.377484586720385
-0.18270000000000008,-34.5472499427042
-0.1837000000000002,-34.632132620696105
-0.1847000000000001,-34.717015298688004
-0.1857000000000002,-34.75945663768395
-0.1867000000000001,-34.75945663768395
-0.1877000000000002,-34.8018979766799
-0.1887000000000001,-34.75945663768395
-0.1897000000000002,-34.85848642867451
-0.1907000000000001,-34.85848642867451
-0.1917000000000001,-34.98581044566235
-0.19269999999999998,-35.07069312365426
-0.1937000000000001,-35.198017140642115
-0.19469999999999998,-35.38192960962457
-0.1957000000000001,-35.46681228761647
-0.19669999999999999,-35.55169496560837
-0.1977000000000001,-35.594136304604326
-0.1987,-35.636577643600276
-0.1997000000000001,-35.636577643600276
-0.2007,-35.679018982596226
-0.2017000000000001,-35.679018982596226
-0.2027,-35.806342999584075
-0.2037000000000001,-35.94781412957058
-0.2047,-36.07513814655844
-0.2057000000000001,-36.244903502542236
-0.2067,-36.37222751953009
-0.2077000000000001,-36.5136986495166
-0.2087,-36.5985813275085
-0.2097000000000001,-36.64102266650445
-0.2107,-36.6834640055004
-0.2117000000000001,-36.6834640055004
-0.2127,-36.725905344496354
-0.2137000000000001,-36.81078802248826
-0.2147,-36.95225915247476
-0.2157000000000001,-37.164465847454515
-0.2167,-37.334231203438314
-0.21770000000000012,-37.56058501141672
-0.2187,-37.687909028404576
-0.21970000000000012,-37.81523304539243
-0.2207,-37.90011572338433
-0.22170000000000012,-37.94255706238028
-0.2227,-38.04158685337084
-0.22370000000000012,-38.04158685337084
-0.2247,-38.12646953136274
-0.22570000000000012,-38.211352209354644
-0.2267,-38.38111756533845
-0.22770000000000012,-38.5650300343209
-0.22870000000000001,-38.777236729300654
-0.22970000000000013,-38.94700208528445
-0.23070000000000002,-39.130914554266916
-0.23170000000000013,-39.258238571254765
-0.23270000000000002,-39.38556258824262
-0.23370000000000013,-39.47044526623452
-0.23470000000000002,-39.51288660523048
-0.23570000000000013,-39.654357735216976
-0.23670000000000002,-39.739240413208876
-0.2376999999999999,-39.90900576919269
-0.23870000000000002,-40.092918238175145
-0.2396999999999999,-40.30512493315489
-0.24070000000000003,-40.51733162813464
-0.24169999999999991,-40.743685436113054
-0.24270000000000003,-40.95589213109281
-0.24369999999999992,-41.083216148080666
-0.24470000000000003,-41.22468727806717
-0.24569999999999992,-41.352011295055014
-0.24670000000000003,-41.43689397304693
-0.24769999999999992,-41.56421799003478
-0.24870000000000003,-41.70568912002128
-0.24969999999999992,-41.91789581500104
-0.25070000000000003,-42.130102509980794
-0.2516999999999999,-42.4413389959511
-0.25270000000000004,-42.653545690930855
-0.2536999999999999,-42.87989949890926
-0.25470000000000004,-43.134547532884966
-0.2556999999999999,-43.27601866287147
-0.25670000000000004,-43.44578401885527
-0.25769999999999993,-43.57310803584313
-0.25870000000000004,-43.657990713835034
-0.25969999999999993,-43.84190318281749
-0.26070000000000004,-44.011668538801295
-0.26169999999999993,-44.28046368577565
-0.26270000000000004,-44.535111719751356
-0.26369999999999993,-44.80390686672572
-0.26470000000000005,-45.10099623969737
-0.26569999999999994,-45.36979138667173
-0.26670000000000005,-45.624439420647434
-0.26769999999999994,-45.79420477663124
-0.26870000000000005,-45.97811724561369
-0.26969999999999994,-46.19032394059345
-0.27070000000000005,-46.3176479575813
-0.27169999999999994,-46.544001765559706
-0.27270000000000005,-46.79864979953541
-0.27369999999999994,-47.067444946509774
-0.27470000000000006,-47.36453431948143
-0.27569999999999995,-47.67577080545174
-0.27670000000000006,-47.987007291422046
-0.27769999999999995,-48.2840966643937
-0.27870000000000006,-48.51045047237211
-0.27969999999999995,-48.72265716735186
-0.28070000000000006,-48.93486386233162
-0.28169999999999995,-49.118776331314066
-0.28270000000000006,-49.33098302629383
-0.28369999999999995,-49.59977817326819
-0.28470000000000006,-49.89686754623985
-0.28569999999999995,-50.20810403221015
-0.28670000000000007,-50.547634744177756
-0.28769999999999996,-50.90131256914402
-0.28870000000000007,-51.25499039411028
-0.28969999999999996,-51.594521106077885
-0.29070000000000007,-51.86331625305225
-0.29169999999999996,-52.11796428702795
-0.29270000000000007,-52.386759434002315
-0.29369999999999996,-52.59896612898206
-0.2947000000000001,-52.95264395394832
-0.29569999999999996,-53.22143910092268
-0.2967000000000001,-53.603411151886235
-0.29769999999999996,-53.999530315848446
-0.2987000000000001,-54.39564947981066
-0.29969999999999997,-54.791768643772876
-0.3007000000000001,-55.17374069473642
-0.30169999999999997,-55.527418519702685
-0.3027000000000001,-55.881096344668954
-0.30369999999999997,-56.1781857176406
-0.3047000000000001,-56.489422203610914
-0.30569999999999997,-56.786511576582576
-0.3067000000000001,-57.14018940154883
-0.3077,-57.53630856551105
-0.3087000000000001,-57.93242772947325
-0.3097,-58.39928245842871
-0.3107000000000001,-58.83784296138688
-0.3117,-59.27640346434504
-0.3127000000000001,-59.7149639673032
-0.3137,-60.15352447026136
-0.3147000000000001,-60.45061384323302
-0.3157,-60.84673300719523
-0.3167000000000001,-61.20041083216149
-0.3177,-61.5965299961237
-0.3187000000000001,-61.97850204708726
-0.3197,-62.41706255004542
-0.3207000000000001,-62.89806439199953
-0.3217,-63.421507572949594
-0.3227000000000001,-63.98739209289561
-0.3237,-64.46839393484973
-0.3247000000000001,-64.99183711579978
-0.3257,-65.43039761875795
-0.3267000000000001,-65.86895812171612
-0.3277,-66.29337151167562
-0.3287000000000001,-66.73193201463377
-0.3297,-67.21293385658788
-0.3307000000000001,-67.693935698542
-0.3317,-68.25982021848802
-0.3327000000000001,-68.82570473843404
-0.3337,-69.39158925838004
-0.3347000000000001,-70.01406223032066
-0.3357,-70.53750541127073
-0.3367000000000001,-71.10338993121674
-0.3377,-71.58439177317086
-0.3387000000000001,-72.10783495412092
-0.3397,-72.57468968307639
-0.3407000000000001,-73.09813286402644
-0.3417,-73.62157604497652
-0.3427000000000001,-74.20160767792116
-0.3437,-74.80993353686314
-0.3447000000000001,-75.46070073480107
-0.3457,-76.11146793273898
-0.3467000000000001,-76.7622351306769
-0.3477,-77.38470810261751
-0.3487000000000001,-77.99303396155948
-0.3497,-78.55891848150549
-0.3507000000000001,-79.16724434044745
-0.3517,-79.69068752139752
-0.3527000000000001,-80.29901338033947
-0.3537,-80.86489790028548
-0.3547000000000001,-81.57225355021802
-0.3557,-82.26546208715187
-0.35670000000000013,-82.95867062408576
-0.3577,-83.75090895201016
-0.35870000000000013,-84.44411748894404
-0.3597,-85.17976736487385
-0.36070000000000013,-85.84468167581042
-0.3617,-86.49544887374834
-0.3626999999999999,-87.10377473269031
-0.3637,-87.79698326962418
-0.3646999999999999,-88.46189758056073
-0.3657,-89.19754745649055
-0.3666999999999999,-89.98978578441499
-0.3677,-90.76787699934074
-0.3686999999999999,-91.60255666626112
-0.36970000000000003,-92.42308922018285
-0.3706999999999999,-93.21532754810727
-0.37170000000000003,-93.99341876303303
-0.3726999999999999,-94.7432157519615
-0.37370000000000003,-95.47886562789132
-0.3746999999999999,-96.21451550382113
-0.37570000000000003,-96.96431249274961
-0.3766999999999999,-97.74240370767538
-0.37770000000000004,-98.5346420355998
-0.3786999999999999,-99.45420438051207
-0.37970000000000004,-100.31717827342976
-0.3806999999999999,-101.27918195733798
-0.38170000000000004,-102.1563029632543
-0.38269999999999993,-103.07586530816658
-0.38370000000000004,-103.89639786208829
-0.38469999999999993,-104.73107752900866
-0.38570000000000004,-105.5516100829304
-0.38669999999999993,-104.68863619001272
-0.38570000000000004,-101.15185794035013
-0.38469999999999993,-98.05364019364569
-0.38370000000000004,-95.26665893291157
-0.38269999999999993,-92.73432570615316
-0.38170000000000004,-90.41419917437449
-0.3806999999999999,-88.19310243358639
-0.37970000000000004,-86.14177104878208
-0.3786999999999999,-84.18946945496833
-0.37770000000000004,-82.22302074815593
-0.3766999999999999,-80.34145471933543
-0.37570000000000003,-78.51647714250953
-0.3746999999999999,-76.71979379168094
-0.37370000000000003,-75.02214023184291
-0.3726999999999999,-73.40936934999675
-0.37170000000000003,-71.8814811461425
-0.3706999999999999,-70.39603428128423
-0.36970000000000003,-68.96717586842054
-0.3686999999999999,-67.6090530205501
-0.3677,-66.16604749468777
-0.3666999999999999,-64.82207175981598
-0.3657,-63.421507572949594
-0.3646999999999999,-61.97850204708726
-0.3637,-60.63452631221547
-0.3626999999999999,-59.23396212534908
-0.3617,-57.93242772947325
-0.36070000000000013,-56.65918755959472
-0.3597,-55.484977180706736
-0.35870000000000013,-54.26832546282281
-0.3577,-53.12240930993213
-0.35670000000000013,-51.990640270040096
-0.3557,-50.81642989115212
-0.3547000000000001,-49.68466085126009
-0.3537,-48.45386202037751
-0.3527000000000001,-47.27965164148953
-0.3517,-46.062999923605595
-0.3507000000000001,-44.88878954471762
-0.3497,-43.79946184382153
-0.3487000000000001,-42.71013414292546
-0.3477,-41.66324778102533
-0.3467000000000001,-40.65880275812115
-0.3457,-39.696799074212926
-0.3447000000000001,-38.692354051308754
-0.3437,-37.73035036740053
-0.3427000000000001,-36.64102266650445
-0.3417,-35.636577643600276
-0.3407000000000001,-34.5472499427042
-0.3397,-33.45792224180811
-0.3387000000000001,-32.49591855789989
-0.3377,-31.49147353499572
-0.3367000000000001,-30.529469851087494
-0.3357,-29.66649595816982
-0.3347000000000001,-28.789374952253496
-0.3337,-27.954695285333123
-0.3327000000000001,-27.049280053419505
-0.3317,-26.129717708507226
-0.3307000000000001,-25.210155363594954
-0.3297,-24.24815167968673
-0.3287000000000001,-23.342736447773106
-0.3277,-22.42317410286083
-0.3267000000000001,-21.503611757948562
-0.3257,-20.683079204026836
-0.3247000000000001,-19.848399537106463
-0.3237,-19.056161209182044
-0.3227000000000001,-18.320511333252224
-0.3217,-17.584861457322408
-0.3207000000000001,-16.792623129397985
-0.3197,-16.014531914472215
-0.3187000000000001,-15.137410908555893
-0.3177,-14.30273124163552
-0.3167000000000001,-13.436927926118118
-0.3157,-12.651763154693022
-0.3147000000000001,-11.86659838326793
-0.3137,-11.123874950838783
-0.3127000000000001,-10.42642228000532
-0.3117,-9.772825659467674
-0.3107000000000001,-9.11781432763016
-0.3097,-8.4203616567967
-0.3087000000000001,-7.722908985963235
-0.3077,-7.024041603829907
-0.3067000000000001,-6.282732882700628
-0.30569999999999997,-5.5414241615713475
-0.3047000000000001,-4.756259390146253
-0.30369999999999997,-4.102662769608606
-0.3027000000000001,-3.403795387475278
-0.30169999999999997,-2.794054817233447
-0.3007000000000001,-2.1828995356917518
-0.29969999999999997,-1.6156003044458718
-0.2987000000000001,-1.0925815368857679
-0.29769999999999996,-0.4384190318281749
-0.2967000000000001,0.12863969849672777
-0.29569999999999996,0.7829012333453113
-0.2947000000000001,1.4373466806628774
-0.29369999999999996,2.0909433012005243
-0.29270000000000007,2.70209858274222
-0.29169999999999996,3.355695203279867
-0.29070000000000007,3.8791383842299307
-0.28969999999999996,4.402581565179994
-0.28870000000000007,4.926024746130058
-0.28769999999999996,5.405611876784305
-0.28670000000000007,5.886613718738418
-0.28569999999999995,6.366200849392665
-0.28470000000000006,6.933500080638546
-0.28369999999999995,7.49938460058456
-0.28270000000000006,8.066683831830439
-0.28169999999999995,8.63398306307632
-0.28070000000000006,9.157426244026382
-0.27969999999999995,9.724725475272262
-0.27870000000000006,10.20431260592651
-0.27769999999999995,10.596187635989125
-0.27670000000000006,11.077189477943236
-0.27569999999999995,11.425208457710037
-0.27470000000000006,11.862354249368334
-0.27369999999999994,12.298085329726765
-0.27270000000000005,12.77767246038101
-0.27169999999999994,13.257259591035258
-0.27070000000000005,13.736846721689506
-0.26969999999999994,14.26028990263957
-0.26870000000000005,14.69885040559773
-0.26769999999999994,15.137410908555893
-0.26670000000000005,15.519382959519453
-0.26569999999999994,15.87306078448571
-0.26470000000000005,16.22673860945197
-0.26369999999999993,16.52382798242363
-0.26270000000000004,16.919947146385837
-0.26169999999999993,17.2736249713521
-0.26070000000000004,17.71218547431026
-0.25969999999999993,18.13659886426977
-0.25870000000000004,18.53271802823198
-0.25769999999999993,18.97127853119014
-0.25670000000000004,19.367397695152352
-0.2556999999999999,19.70692840711996
-0.25470000000000004,20.01816489309027
-0.2536999999999999,20.371842718056527
-0.25270000000000004,20.584049413036283
-0.2516999999999999,20.93772723800254
-0.25070000000000003,21.19237527197825
-0.24969999999999992,21.54605309694451
-0.24870000000000003,21.899730921910766
-0.24769999999999992,22.281702972874328
-0.24670000000000003,22.67782213683654
-0.24569999999999992,23.031499961802798
-0.24470000000000003,23.371030673770406
-0.24369999999999992,23.639825820744765
-0.24270000000000003,23.894473854720466
-0.24169999999999991,24.16326900169483
-0.24070000000000003,24.33303435767863
-0.2396999999999999,24.601829504652986
-0.23870000000000002,24.856477538628695
-0.2376999999999999,25.12527268560305
-0.23670000000000002,25.42236205857471
-0.23570000000000013,25.77603988354097
-0.23470000000000002,26.129717708507226
-0.23370000000000013,26.38436574248293
-0.23270000000000002,26.69560222845324
-0.23170000000000013,26.907808923433
-0.23070000000000002,27.134162731411404
-0.22970000000000013,27.261486748399253
-0.22870000000000001,27.43125210438306
-0.22770000000000012,27.65760591236147
-0.2267,27.869812607341224
-0.22570000000000012,28.18104909331153
-0.2247,28.478138466283188
-0.22370000000000012,28.746933613257543
-0.2227,29.044022986229205
-0.22170000000000012,29.31281813320356
-0.2207,29.525024828183312
-0.21970000000000012,29.751378636161718
-0.2187,29.878702653149578
-0.21770000000000012,30.04846800913338
-0.2167,30.17579202612123
-0.2157000000000001,30.402145834099635
-0.2147,30.656793868075347
-0.2137000000000001,30.925589015049702
-0.2127,31.137795710029454
-0.2117000000000001,31.40659085700382
-0.2107,31.661238890979522
-0.2097000000000001,31.887592698957924
-0.2087,32.05735805494172
-0.2077000000000001,32.22712341092554
-0.2067,32.368594540912035
-0.2057000000000001,32.45347721890394
-0.2047,32.62324257488775
-0.2037000000000001,32.7505665918756
-0.2027,32.97692039985401
-0.2017000000000001,33.18912709483376
-0.2007,33.45792224180811
-0.1997000000000001,33.670128936787876
-0.1987,33.88233563176763
-0.1977000000000001,34.06624810075008
-0.19669999999999999,34.15113077874198
-0.1957000000000001,34.32089613472579
-0.19469999999999998,34.4057788127177
-0.1937000000000001,34.50480860370825
-0.19269999999999998,34.632132620696105
-0.1917000000000001,34.75945663768395
-0.1907000000000001,34.9716633326637
-0.1897000000000002,35.198017140642115
-0.1887000000000001,35.41022383562187
-0.1877000000000002,35.636577643600276
-0.1867000000000001,35.806342999584075
-0.1857000000000002,35.97610835556789
-0.1847000000000001,36.07513814655844
-0.1837000000000002,36.16002082455034
-0.18270000000000008,36.244903502542236
-0.1817000000000002,36.37222751953009
-0.18070000000000008,36.45711019752199
-0.1797000000000002,36.5985813275085
-0.17870000000000008,36.768346683492304
-0.1777000000000002,36.98055337847206
-0.17670000000000008,37.206907186450465
-0.1757000000000002,37.334231203438314
-0.17470000000000008,37.50399655942213
-0.1737000000000002,37.58887923741403
-0.17270000000000008,37.687909028404576
-0.17170000000000019,37.77279170639648
-0.17070000000000007,37.77279170639648
-0.16970000000000018,37.85767438438838
-0.16870000000000007,37.94255706238028
-0.16770000000000018,38.06988107936814
-0.16670000000000007,38.29623488734655
-0.16570000000000018,38.42355890433439
-0.16470000000000007,38.692354051308754
-0.16370000000000018,38.81967806829661
-0.16270000000000007,38.98944342428042
-0.16170000000000018,39.03188476327636
-0.16070000000000007,39.159208780264215
-0.15970000000000018,39.21579723225882
-0.15870000000000006,39.258238571254765
-0.15770000000000017,39.34312124924667
-0.15670000000000006,39.47044526623452
-0.15570000000000017,39.59776928322238
-0.15470000000000006,39.78168175220483
-0.15370000000000017,39.99388844718459
-0.15270000000000006,40.12121246417244
-0.15170000000000017,40.30512493315489
-0.15070000000000006,40.43244895014274
-0.14970000000000017,40.43244895014274
-0.14870000000000005,40.51733162813464
-0.14770000000000016,40.51733162813464
-0.14670000000000005,40.559772967130606
-0.14570000000000016,40.644655645122505
-0.14470000000000005,40.729538323114404
-0.14370000000000016,40.87100945310091
-0.14270000000000005,41.04077480908471
-0.14170000000000016,41.168098826072566
-0.14070000000000005,41.30956995605907
-0.13970000000000016,41.43689397304693
-0.13870000000000005,41.47933531204288
-0.13770000000000016,41.47933531204288
-0.13670000000000004,41.52177665103883
-0.13570000000000015,41.52177665103883
-0.13470000000000004,41.56421799003478
-0.13370000000000015,41.56421799003478
-0.13270000000000004,41.69154200702263
-0.13170000000000015,41.77642468501453
-0.13070000000000004,41.91789581500104
-0.12970000000000015,42.087661170984845
-0.12870000000000004,42.214985187972694
-0.12770000000000015,42.25742652696865
-0.12670000000000003,42.3564563179592
-0.12570000000000014,42.3564563179592
-0.12470000000000003,42.39889765695515
-0.12370000000000014,42.39889765695515
-0.12270000000000003,42.4413389959511
-0.12170000000000014,42.526221673943
-0.12070000000000003,42.653545690930855
-0.11970000000000014,42.738428368922754
-0.11870000000000003,42.92234083790521
-0.11770000000000014,43.007223515897124
-0.11670000000000003,43.09210619388902
-0.11570000000000014,43.134547532884966
-0.11470000000000002,43.134547532884966
-0.11370000000000013,43.134547532884966
-0.11270000000000002,43.09210619388902
-0.11170000000000013,43.134547532884966
-0.11070000000000024,43.134547532884966
-0.10970000000000013,43.17698887188092
-0.10870000000000024,43.30431288886877
-0.10770000000000013,43.34675422786472
-0.10670000000000024,43.48822535785123
-0.10570000000000013,43.57310803584313
-0.10470000000000024,43.61554937483908
-0.10370000000000013,43.61554937483908
-0.10270000000000024,43.57310803584313
-0.10170000000000012,43.53066669684718
-0.10070000000000023,43.48822535785123
-0.09970000000000012,43.48822535785123
-0.09870000000000023,43.44578401885527
-0.09770000000000012,43.53066669684718
-0.09670000000000023,43.61554937483908
-0.09570000000000012,43.657990713835034
-0.09470000000000023,43.74287339182693
-0.09370000000000012,43.78531473082289
-0.09270000000000023,43.87019740881479
-0.09170000000000011,43.82775606981884
-0.09070000000000022,43.78531473082289
-0.08970000000000011,43.74287339182693
-0.08870000000000022,43.657990713835034
-0.08770000000000011,43.657990713835034
-0.08670000000000022,43.657990713835034
-0.08570000000000011,43.70043205283099
-0.08470000000000022,43.74287339182693
-0.08370000000000011,43.78531473082289
-0.08270000000000022,43.82775606981884
-0.0817000000000001,43.87019740881479
-0.08070000000000022,43.87019740881479
-0.0797000000000001,43.78531473082289
-0.07870000000000021,43.74287339182693
-0.0777000000000001,43.657990713835034
-0.07670000000000021,43.57310803584313
-0.0757000000000001,43.53066669684718
-0.07470000000000021,43.53066669684718
-0.0737000000000001,43.57310803584313
-0.07270000000000021,43.61554937483908
-0.0717000000000001,43.657990713835034
-0.07070000000000021,43.657990713835034
-0.0697000000000001,43.657990713835034
-0.0687000000000002,43.61554937483908
-0.0677000000000001,43.53066669684718
-0.0667000000000002,43.44578401885527
-0.06570000000000009,43.30431288886877
-0.0647000000000002,43.219430210876865
-0.06370000000000009,43.17698887188092
-0.0627000000000002,43.17698887188092
-0.06170000000000009,43.17698887188092
-0.0607000000000002,43.219430210876865
-0.059700000000000086,43.26187154987282
-0.058700000000000196,43.219430210876865
-0.057700000000000085,43.17698887188092
-0.056700000000000195,43.134547532884966
-0.05570000000000008,43.04966485489307
-0.05470000000000019,42.96478217690117
-0.05370000000000008,42.82331104691466
-0.05270000000000019,42.738428368922754
-0.05170000000000008,42.738428368922754
-0.05070000000000019,42.695987029926805
-0.04970000000000008,42.738428368922754
-0.04870000000000019,42.78086970791871
-0.047700000000000076,42.78086970791871
-0.046700000000000186,42.78086970791871
-0.045700000000000074,42.738428368922754
-0.044700000000000184,42.653545690930855
-0.04370000000000007,42.6111043519349
-0.04270000000000018,42.483780334947056
-0.04170000000000007,42.39889765695515
-0.04070000000000018,42.3564563179592
-0.03970000000000007,42.25742652696865
-0.03870000000000018,42.29986786596459
-0.03770000000000007,42.29986786596459
-0.03670000000000018,42.3564563179592
-0.035700000000000065,42.3564563179592
-0.034700000000000175,42.3564563179592
-0.03370000000000006,42.29986786596459
-0.03270000000000017,42.214985187972694
-0.03170000000000006,42.130102509980794
-0.03070000000000017,42.04521983198889
-0.02970000000000006,41.96033715399699
-0.02870000000000017,41.91789581500104
-0.027700000000000058,41.87545447600508
-0.026700000000000168,41.91789581500104
-0.025700000000000056,41.96033715399699
-0.024700000000000166,42.00277849299294
-0.023700000000000054,42.00277849299294
-0.022700000000000164,42.00277849299294
-0.021700000000000053,41.91789581500104
-0.020700000000000163,41.83301313700913
-0.01970000000000005,41.73398334601858
-0.01870000000000016,41.606659329030734
-0.01770000000000005,41.56421799003478
-0.01670000000000016,41.56421799003478
-0.015700000000000047,41.56421799003478
-0.014700000000000157,41.56421799003478
-0.013700000000000045,41.606659329030734
-0.012700000000000156,41.649100668026676
-0.011700000000000044,41.649100668026676
-0.010700000000000154,41.649100668026676
-0.009700000000000042,41.606659329030734
-0.008700000000000152,41.56421799003478
-0.00770000000000004,41.47933531204288
-0.00670000000000015,41.43689397304693
-0.005700000000000038,41.39445263405098
-0.0047000000000001485,41.43689397304693
-0.0037000000000000366,41.47933531204288
-0.0027000000000001467,41.56421799003478
-0.0017000000000000348,41.649100668026676
-0.000700000000000145,41.73398334601858
0.00029999999999996696,41.77642468501453
0.0012999999999998568,41.77642468501453
0.0022999999999999687,41.77642468501453
0.0032999999999998586,41.73398334601858
0.0042999999999999705,41.649100668026676
0.00529999999999986,41.649100668026676
0.006299999999999972,41.69154200702263
0.007299999999999862,41.77642468501453
0.008299999999999974,41.87545447600508
0.009299999999999864,42.00277849299294
0.010299999999999976,42.087661170984845
0.011299999999999866,42.130102509980794
0.012299999999999978,42.214985187972694
