Dec. 10, 2024   12:31:09
Linear Sweep Voltammetry
File: c:/users/guazh/data/banditlqround7_x0exp59_r20/2024-12-09-exp617\1acid_1ac-2024-12-10t12_27_59-lsvinphos\1acid_1ac_lsv_50mvs_efin_-2100mv.bin
Data Source:  Experiment
Instrument Model:  CHI760E
Header: LSV ran at 50 mVs with Efin at -2100mV
Note: 

Init E (V) = -0.6
Final E (V) = -2.1
Scan Rate (V/s) = 0.05
Sample Interval (V) = 0.001
Quiet Time (sec) = 2
Sensitivity (A/V) = 1e-4
Comp R (ohm) = 8.8

Results:

Channel 1:

Potential/V, Current/A

-0.600, 2.091e-6
-0.601, 2.170e-6
-0.602, 2.203e-6
-0.603, 2.229e-6
-0.604, 2.255e-6
-0.605, 2.278e-6
-0.606, 2.300e-6
-0.607, 2.324e-6
-0.608, 2.348e-6
-0.609, 2.374e-6
-0.610, 2.396e-6
-0.611, 2.419e-6
-0.612, 2.442e-6
-0.613, 2.465e-6
-0.614, 2.491e-6
-0.615, 2.516e-6
-0.616, 2.538e-6
-0.617, 2.562e-6
-0.618, 2.588e-6
-0.619, 2.614e-6
-0.620, 2.639e-6
-0.621, 2.661e-6
-0.622, 2.686e-6
-0.623, 2.711e-6
-0.624, 2.737e-6
-0.625, 2.762e-6
-0.626, 2.786e-6
-0.627, 2.813e-6
-0.628, 2.839e-6
-0.629, 2.865e-6
-0.630, 2.893e-6
-0.631, 2.917e-6
-0.632, 2.944e-6
-0.633, 2.970e-6
-0.634, 2.998e-6
-0.635, 3.026e-6
-0.636, 3.052e-6
-0.637, 3.079e-6
-0.638, 3.107e-6
-0.639, 3.136e-6
-0.640, 3.165e-6
-0.641, 3.191e-6
-0.642, 3.219e-6
-0.643, 3.247e-6
-0.644, 3.275e-6
-0.645, 3.304e-6
-0.646, 3.333e-6
-0.647, 3.362e-6
-0.648, 3.391e-6
-0.649, 3.423e-6
-0.650, 3.451e-6
-0.651, 3.480e-6
-0.652, 3.510e-6
-0.653, 3.539e-6
-0.654, 3.570e-6
-0.655, 3.600e-6
-0.656, 3.630e-6
-0.657, 3.661e-6
-0.658, 3.691e-6
-0.659, 3.724e-6
-0.660, 3.755e-6
-0.661, 3.783e-6
-0.662, 3.815e-6
-0.663, 3.848e-6
-0.664, 3.880e-6
-0.665, 3.913e-6
-0.666, 3.943e-6
-0.667, 3.975e-6
-0.668, 4.006e-6
-0.669, 4.040e-6
-0.670, 4.073e-6
-0.671, 4.103e-6
-0.672, 4.134e-6
-0.673, 4.166e-6
-0.674, 4.198e-6
-0.675, 4.230e-6
-0.676, 4.262e-6
-0.677, 4.294e-6
-0.678, 4.327e-6
-0.679, 4.361e-6
-0.680, 4.394e-6
-0.681, 4.428e-6
-0.682, 4.459e-6
-0.683, 4.494e-6
-0.684, 4.529e-6
-0.685, 4.564e-6
-0.686, 4.596e-6
-0.687, 4.628e-6
-0.688, 4.662e-6
-0.689, 4.697e-6
-0.690, 4.731e-6
-0.691, 4.765e-6
-0.692, 4.798e-6
-0.693, 4.830e-6
-0.694, 4.867e-6
-0.695, 4.901e-6
-0.696, 4.933e-6
-0.697, 4.968e-6
-0.698, 5.001e-6
-0.699, 5.036e-6
-0.700, 5.071e-6
-0.701, 5.104e-6
-0.702, 5.137e-6
-0.703, 5.170e-6
-0.704, 5.206e-6
-0.705, 5.241e-6
-0.706, 5.273e-6
-0.707, 5.307e-6
-0.708, 5.340e-6
-0.709, 5.375e-6
-0.710, 5.409e-6
-0.711, 5.440e-6
-0.712, 5.473e-6
-0.713, 5.507e-6
-0.714, 5.541e-6
-0.715, 5.577e-6
-0.716, 5.609e-6
-0.717, 5.641e-6
-0.718, 5.672e-6
-0.719, 5.705e-6
-0.720, 5.740e-6
-0.721, 5.771e-6
-0.722, 5.803e-6
-0.723, 5.835e-6
-0.724, 5.867e-6
-0.725, 5.899e-6
-0.726, 5.927e-6
-0.727, 5.955e-6
-0.728, 5.986e-6
-0.729, 6.019e-6
-0.730, 6.052e-6
-0.731, 6.081e-6
-0.732, 6.110e-6
-0.733, 6.140e-6
-0.734, 6.169e-6
-0.735, 6.199e-6
-0.736, 6.225e-6
-0.737, 6.253e-6
-0.738, 6.279e-6
-0.739, 6.310e-6
-0.740, 6.340e-6
-0.741, 6.366e-6
-0.742, 6.395e-6
-0.743, 6.422e-6
-0.744, 6.448e-6
-0.745, 6.477e-6
-0.746, 6.503e-6
-0.747, 6.528e-6
-0.748, 6.552e-6
-0.749, 6.579e-6
-0.750, 6.606e-6
-0.751, 6.630e-6
-0.752, 6.654e-6
-0.753, 6.677e-6
-0.754, 6.701e-6
-0.755, 6.726e-6
-0.756, 6.748e-6
-0.757, 6.770e-6
-0.758, 6.791e-6
-0.759, 6.814e-6
-0.760, 6.837e-6
-0.761, 6.858e-6
-0.762, 6.876e-6
-0.763, 6.895e-6
-0.764, 6.915e-6
-0.765, 6.936e-6
-0.766, 6.956e-6
-0.767, 6.972e-6
-0.768, 6.991e-6
-0.769, 7.010e-6
-0.770, 7.028e-6
-0.771, 7.045e-6
-0.772, 7.060e-6
-0.773, 7.076e-6
-0.774, 7.093e-6
-0.775, 7.110e-6
-0.776, 7.123e-6
-0.777, 7.137e-6
-0.778, 7.150e-6
-0.779, 7.164e-6
-0.780, 7.180e-6
-0.781, 7.191e-6
-0.782, 7.203e-6
-0.783, 7.214e-6
-0.784, 7.226e-6
-0.785, 7.239e-6
-0.786, 7.249e-6
-0.787, 7.258e-6
-0.788, 7.266e-6
-0.789, 7.276e-6
-0.790, 7.287e-6
-0.791, 7.294e-6
-0.792, 7.302e-6
-0.793, 7.310e-6
-0.794, 7.318e-6
-0.795, 7.327e-6
-0.796, 7.332e-6
-0.797, 7.337e-6
-0.798, 7.342e-6
-0.799, 7.349e-6
-0.800, 7.356e-6
-0.801, 7.360e-6
-0.802, 7.362e-6
-0.803, 7.366e-6
-0.804, 7.369e-6
-0.805, 7.373e-6
-0.806, 7.377e-6
-0.807, 7.378e-6
-0.808, 7.379e-6
-0.809, 7.381e-6
-0.810, 7.383e-6
-0.811, 7.384e-6
-0.812, 7.383e-6
-0.813, 7.383e-6
-0.814, 7.384e-6
-0.815, 7.385e-6
-0.816, 7.384e-6
-0.817, 7.382e-6
-0.818, 7.380e-6
-0.819, 7.381e-6
-0.820, 7.384e-6
-0.821, 7.379e-6
-0.822, 7.376e-6
-0.823, 7.372e-6
-0.824, 7.368e-6
-0.825, 7.369e-6
-0.826, 7.364e-6
-0.827, 7.359e-6
-0.828, 7.353e-6
-0.829, 7.349e-6
-0.830, 7.346e-6
-0.831, 7.340e-6
-0.832, 7.335e-6
-0.833, 7.330e-6
-0.834, 7.323e-6
-0.835, 7.318e-6
-0.836, 7.312e-6
-0.837, 7.304e-6
-0.838, 7.298e-6
-0.839, 7.291e-6
-0.840, 7.287e-6
-0.841, 7.279e-6
-0.842, 7.269e-6
-0.843, 7.262e-6
-0.844, 7.254e-6
-0.845, 7.248e-6
-0.846, 7.242e-6
-0.847, 7.231e-6
-0.848, 7.222e-6
-0.849, 7.215e-6
-0.850, 7.206e-6
-0.851, 7.198e-6
-0.852, 7.188e-6
-0.853, 7.177e-6
-0.854, 7.169e-6
-0.855, 7.161e-6
-0.856, 7.151e-6
-0.857, 7.141e-6
-0.858, 7.131e-6
-0.859, 7.121e-6
-0.860, 7.112e-6
-0.861, 7.102e-6
-0.862, 7.091e-6
-0.863, 7.079e-6
-0.864, 7.069e-6
-0.865, 7.062e-6
-0.866, 7.050e-6
-0.867, 7.039e-6
-0.868, 7.028e-6
-0.869, 7.017e-6
-0.870, 7.009e-6
-0.871, 6.999e-6
-0.872, 6.987e-6
-0.873, 6.975e-6
-0.874, 6.963e-6
-0.875, 6.955e-6
-0.876, 6.944e-6
-0.877, 6.931e-6
-0.878, 6.920e-6
-0.879, 6.908e-6
-0.880, 6.899e-6
-0.881, 6.889e-6
-0.882, 6.876e-6
-0.883, 6.866e-6
-0.884, 6.854e-6
-0.885, 6.844e-6
-0.886, 6.835e-6
-0.887, 6.821e-6
-0.888, 6.808e-6
-0.889, 6.797e-6
-0.890, 6.786e-6
-0.891, 6.776e-6
-0.892, 6.764e-6
-0.893, 6.752e-6
-0.894, 6.739e-6
-0.895, 6.729e-6
-0.896, 6.720e-6
-0.897, 6.708e-6
-0.898, 6.696e-6
-0.899, 6.685e-6
-0.900, 6.675e-6
-0.901, 6.664e-6
-0.902, 6.652e-6
-0.903, 6.641e-6
-0.904, 6.629e-6
-0.905, 6.621e-6
-0.906, 6.609e-6
-0.907, 6.597e-6
-0.908, 6.585e-6
-0.909, 6.575e-6
-0.910, 6.565e-6
-0.911, 6.555e-6
-0.912, 6.542e-6
-0.913, 6.532e-6
-0.914, 6.520e-6
-0.915, 6.512e-6
-0.916, 6.501e-6
-0.917, 6.489e-6
-0.918, 6.479e-6
-0.919, 6.468e-6
-0.920, 6.458e-6
-0.921, 6.450e-6
-0.922, 6.438e-6
-0.923, 6.428e-6
-0.924, 6.416e-6
-0.925, 6.409e-6
-0.926, 6.399e-6
-0.927, 6.387e-6
-0.928, 6.377e-6
-0.929, 6.367e-6
-0.930, 6.357e-6
-0.931, 6.349e-6
-0.932, 6.339e-6
-0.933, 6.327e-6
-0.934, 6.318e-6
-0.935, 6.309e-6
-0.936, 6.300e-6
-0.937, 6.289e-6
-0.938, 6.278e-6
-0.939, 6.269e-6
-0.940, 6.261e-6
-0.941, 6.252e-6
-0.942, 6.243e-6
-0.943, 6.233e-6
-0.944, 6.223e-6
-0.945, 6.216e-6
-0.946, 6.208e-6
-0.947, 6.199e-6
-0.948, 6.190e-6
-0.949, 6.181e-6
-0.950, 6.175e-6
-0.951, 6.167e-6
-0.952, 6.158e-6
-0.953, 6.149e-6
-0.954, 6.140e-6
-0.955, 6.133e-6
-0.956, 6.127e-6
-0.957, 6.116e-6
-0.958, 6.107e-6
-0.959, 6.097e-6
-0.960, 6.092e-6
-0.961, 6.084e-6
-0.962, 6.074e-6
-0.963, 6.067e-6
-0.964, 6.057e-6
-0.965, 6.050e-6
-0.966, 6.045e-6
-0.967, 6.034e-6
-0.968, 6.027e-6
-0.969, 6.018e-6
-0.970, 6.011e-6
-0.971, 6.004e-6
-0.972, 5.996e-6
-0.973, 5.989e-6
-0.974, 5.981e-6
-0.975, 5.974e-6
-0.976, 5.968e-6
-0.977, 5.959e-6
-0.978, 5.950e-6
-0.979, 5.943e-6
-0.980, 5.937e-6
-0.981, 5.932e-6
-0.982, 5.925e-6
-0.983, 5.918e-6
-0.984, 5.910e-6
-0.985, 5.904e-6
-0.986, 5.900e-6
-0.987, 5.891e-6
-0.988, 5.885e-6
-0.989, 5.878e-6
-0.990, 5.872e-6
-0.991, 5.867e-6
-0.992, 5.860e-6
-0.993, 5.852e-6
-0.994, 5.845e-6
-0.995, 5.839e-6
-0.996, 5.835e-6
-0.997, 5.827e-6
-0.998, 5.821e-6
-0.999, 5.813e-6
-1.000, 5.807e-6
-1.001, 5.804e-6
-1.002, 5.795e-6
-1.003, 5.789e-6
-1.004, 5.782e-6
-1.005, 5.776e-6
-1.006, 5.772e-6
-1.007, 5.765e-6
-1.008, 5.758e-6
-1.009, 5.751e-6
-1.010, 5.745e-6
-1.011, 5.741e-6
-1.012, 5.735e-6
-1.013, 5.727e-6
-1.014, 5.722e-6
-1.015, 5.716e-6
-1.016, 5.712e-6
-1.017, 5.705e-6
-1.018, 5.699e-6
-1.019, 5.693e-6
-1.020, 5.688e-6
-1.021, 5.685e-6
-1.022, 5.677e-6
-1.023, 5.672e-6
-1.024, 5.667e-6
-1.025, 5.663e-6
-1.026, 5.658e-6
-1.027, 5.653e-6
-1.028, 5.648e-6
-1.029, 5.641e-6
-1.030, 5.637e-6
-1.031, 5.635e-6
-1.032, 5.628e-6
-1.033, 5.622e-6
-1.034, 5.616e-6
-1.035, 5.611e-6
-1.036, 5.609e-6
-1.037, 5.604e-6
-1.038, 5.597e-6
-1.039, 5.592e-6
-1.040, 5.587e-6
-1.041, 5.585e-6
-1.042, 5.579e-6
-1.043, 5.574e-6
-1.044, 5.567e-6
-1.045, 5.564e-6
-1.046, 5.561e-6
-1.047, 5.556e-6
-1.048, 5.550e-6
-1.049, 5.546e-6
-1.050, 5.541e-6
-1.051, 5.539e-6
-1.052, 5.534e-6
-1.053, 5.528e-6
-1.054, 5.524e-6
-1.055, 5.519e-6
-1.056, 5.518e-6
-1.057, 5.513e-6
-1.058, 5.507e-6
-1.059, 5.503e-6
-1.060, 5.499e-6
-1.061, 5.496e-6
-1.062, 5.492e-6
-1.063, 5.487e-6
-1.064, 5.483e-6
-1.065, 5.479e-6
-1.066, 5.476e-6
-1.067, 5.472e-6
-1.068, 5.467e-6
-1.069, 5.462e-6
-1.070, 5.460e-6
-1.071, 5.457e-6
-1.072, 5.453e-6
-1.073, 5.448e-6
-1.074, 5.444e-6
-1.075, 5.442e-6
-1.076, 5.439e-6
-1.077, 5.435e-6
-1.078, 5.431e-6
-1.079, 5.428e-6
-1.080, 5.424e-6
-1.081, 5.424e-6
-1.082, 5.419e-6
-1.083, 5.415e-6
-1.084, 5.412e-6
-1.085, 5.409e-6
-1.086, 5.407e-6
-1.087, 5.403e-6
-1.088, 5.400e-6
-1.089, 5.398e-6
-1.090, 5.393e-6
-1.091, 5.392e-6
-1.092, 5.390e-6
-1.093, 5.385e-6
-1.094, 5.382e-6
-1.095, 5.379e-6
-1.096, 5.378e-6
-1.097, 5.375e-6
-1.098, 5.371e-6
-1.099, 5.368e-6
-1.100, 5.365e-6
-1.101, 5.365e-6
-1.102, 5.363e-6
-1.103, 5.358e-6
-1.104, 5.355e-6
-1.105, 5.353e-6
-1.106, 5.351e-6
-1.107, 5.349e-6
-1.108, 5.347e-6
-1.109, 5.342e-6
-1.110, 5.341e-6
-1.111, 5.339e-6
-1.112, 5.337e-6
-1.113, 5.333e-6
-1.114, 5.331e-6
-1.115, 5.329e-6
-1.116, 5.328e-6
-1.117, 5.326e-6
-1.118, 5.323e-6
-1.119, 5.321e-6
-1.120, 5.319e-6
-1.121, 5.318e-6
-1.122, 5.315e-6
-1.123, 5.313e-6
-1.124, 5.311e-6
-1.125, 5.308e-6
-1.126, 5.307e-6
-1.127, 5.306e-6
-1.128, 5.303e-6
-1.129, 5.300e-6
-1.130, 5.298e-6
-1.131, 5.298e-6
-1.132, 5.297e-6
-1.133, 5.293e-6
-1.134, 5.291e-6
-1.135, 5.289e-6
-1.136, 5.289e-6
-1.137, 5.288e-6
-1.138, 5.284e-6
-1.139, 5.284e-6
-1.140, 5.281e-6
-1.141, 5.282e-6
-1.142, 5.280e-6
-1.143, 5.277e-6
-1.144, 5.276e-6
-1.145, 5.274e-6
-1.146, 5.273e-6
-1.147, 5.272e-6
-1.148, 5.270e-6
-1.149, 5.267e-6
-1.150, 5.267e-6
-1.151, 5.266e-6
-1.152, 5.266e-6
-1.153, 5.264e-6
-1.154, 5.262e-6
-1.155, 5.260e-6
-1.156, 5.260e-6
-1.157, 5.259e-6
-1.158, 5.258e-6
-1.159, 5.256e-6
-1.160, 5.254e-6
-1.161, 5.254e-6
-1.162, 5.254e-6
-1.163, 5.252e-6
-1.164, 5.251e-6
-1.165, 5.250e-6
-1.166, 5.249e-6
-1.167, 5.249e-6
-1.168, 5.246e-6
-1.169, 5.246e-6
-1.170, 5.244e-6
-1.171, 5.244e-6
-1.172, 5.245e-6
-1.173, 5.242e-6
-1.174, 5.242e-6
-1.175, 5.239e-6
-1.176, 5.241e-6
-1.177, 5.240e-6
-1.178, 5.239e-6
-1.179, 5.238e-6
-1.180, 5.236e-6
-1.181, 5.237e-6
-1.182, 5.236e-6
-1.183, 5.234e-6
-1.184, 5.234e-6
-1.185, 5.234e-6
-1.186, 5.233e-6
-1.187, 5.234e-6
-1.188, 5.231e-6
-1.189, 5.230e-6
-1.190, 5.229e-6
-1.191, 5.230e-6
-1.192, 5.231e-6
-1.193, 5.228e-6
-1.194, 5.228e-6
-1.195, 5.227e-6
-1.196, 5.227e-6
-1.197, 5.227e-6
-1.198, 5.226e-6
-1.199, 5.225e-6
-1.200, 5.224e-6
-1.201, 5.226e-6
-1.202, 5.225e-6
-1.203, 5.224e-6
-1.204, 5.224e-6
-1.205, 5.222e-6
-1.206, 5.223e-6
-1.207, 5.224e-6
-1.208, 5.223e-6
-1.209, 5.221e-6
-1.210, 5.220e-6
-1.211, 5.221e-6
-1.212, 5.223e-6
-1.213, 5.220e-6
-1.214, 5.220e-6
-1.215, 5.218e-6
-1.216, 5.220e-6
-1.217, 5.221e-6
-1.218, 5.219e-6
-1.219, 5.219e-6
-1.220, 5.218e-6
-1.221, 5.219e-6
-1.222, 5.221e-6
-1.223, 5.220e-6
-1.224, 5.218e-6
-1.225, 5.218e-6
-1.226, 5.219e-6
-1.227, 5.221e-6
-1.228, 5.219e-6
-1.229, 5.221e-6
-1.230, 5.220e-6
-1.231, 5.220e-6
-1.232, 5.222e-6
-1.233, 5.221e-6
-1.234, 5.219e-6
-1.235, 5.220e-6
-1.236, 5.220e-6
-1.237, 5.222e-6
-1.238, 5.221e-6
-1.239, 5.220e-6
-1.240, 5.220e-6
-1.241, 5.221e-6
-1.242, 5.223e-6
-1.243, 5.222e-6
-1.244, 5.222e-6
-1.245, 5.221e-6
-1.246, 5.221e-6
-1.247, 5.223e-6
-1.248, 5.223e-6
-1.249, 5.222e-6
-1.250, 5.222e-6
-1.251, 5.223e-6
-1.252, 5.225e-6
-1.253, 5.223e-6
-1.254, 5.224e-6
-1.255, 5.224e-6
-1.256, 5.224e-6
-1.257, 5.226e-6
-1.258, 5.225e-6
-1.259, 5.225e-6
-1.260, 5.224e-6
-1.261, 5.224e-6
-1.262, 5.227e-6
-1.263, 5.227e-6
-1.264, 5.227e-6
-1.265, 5.227e-6
-1.266, 5.226e-6
-1.267, 5.229e-6
-1.268, 5.229e-6
-1.269, 5.229e-6
-1.270, 5.228e-6
-1.271, 5.230e-6
-1.272, 5.231e-6
-1.273, 5.231e-6
-1.274, 5.229e-6
-1.275, 5.229e-6
-1.276, 5.230e-6
-1.277, 5.233e-6
-1.278, 5.232e-6
-1.279, 5.232e-6
-1.280, 5.233e-6
-1.281, 5.234e-6
-1.282, 5.235e-6
-1.283, 5.235e-6
-1.284, 5.235e-6
-1.285, 5.233e-6
-1.286, 5.236e-6
-1.287, 5.237e-6
-1.288, 5.237e-6
-1.289, 5.237e-6
-1.290, 5.236e-6
-1.291, 5.237e-6
-1.292, 5.240e-6
-1.293, 5.239e-6
-1.294, 5.239e-6
-1.295, 5.239e-6
-1.296, 5.239e-6
-1.297, 5.241e-6
-1.298, 5.241e-6
-1.299, 5.240e-6
-1.300, 5.241e-6
-1.301, 5.241e-6
-1.302, 5.244e-6
-1.303, 5.244e-6
-1.304, 5.244e-6
-1.305, 5.243e-6
-1.306, 5.244e-6
-1.307, 5.248e-6
-1.308, 5.247e-6
-1.309, 5.246e-6
-1.310, 5.247e-6
-1.311, 5.247e-6
-1.312, 5.250e-6
-1.313, 5.249e-6
-1.314, 5.248e-6
-1.315, 5.249e-6
-1.316, 5.249e-6
-1.317, 5.252e-6
-1.318, 5.253e-6
-1.319, 5.252e-6
-1.320, 5.252e-6
-1.321, 5.253e-6
-1.322, 5.254e-6
-1.323, 5.255e-6
-1.324, 5.254e-6
-1.325, 5.255e-6
-1.326, 5.256e-6
-1.327, 5.257e-6
-1.328, 5.258e-6
-1.329, 5.257e-6
-1.330, 5.257e-6
-1.331, 5.259e-6
-1.332, 5.261e-6
-1.333, 5.261e-6
-1.334, 5.262e-6
-1.335, 5.262e-6
-1.336, 5.263e-6
-1.337, 5.265e-6
-1.338, 5.266e-6
-1.339, 5.266e-6
-1.340, 5.267e-6
-1.341, 5.267e-6
-1.342, 5.270e-6
-1.343, 5.270e-6
-1.344, 5.270e-6
-1.345, 5.271e-6
-1.346, 5.271e-6
-1.347, 5.274e-6
-1.348, 5.276e-6
-1.349, 5.274e-6
-1.350, 5.275e-6
-1.351, 5.276e-6
-1.352, 5.280e-6
-1.353, 5.282e-6
-1.354, 5.280e-6
-1.355, 5.282e-6
-1.356, 5.283e-6
-1.357, 5.285e-6
-1.358, 5.288e-6
-1.359, 5.288e-6
-1.360, 5.289e-6
-1.361, 5.289e-6
-1.362, 5.292e-6
-1.363, 5.293e-6
-1.364, 5.293e-6
-1.365, 5.294e-6
-1.366, 5.296e-6
-1.367, 5.299e-6
-1.368, 5.302e-6
-1.369, 5.301e-6
-1.370, 5.303e-6
-1.371, 5.304e-6
-1.372, 5.308e-6
-1.373, 5.311e-6
-1.374, 5.310e-6
-1.375, 5.312e-6
-1.376, 5.312e-6
-1.377, 5.318e-6
-1.378, 5.319e-6
-1.379, 5.320e-6
-1.380, 5.321e-6
-1.381, 5.323e-6
-1.382, 5.327e-6
-1.383, 5.331e-6
-1.384, 5.331e-6
-1.385, 5.333e-6
-1.386, 5.334e-6
-1.387, 5.338e-6
-1.388, 5.340e-6
-1.389, 5.342e-6
-1.390, 5.344e-6
-1.391, 5.344e-6
-1.392, 5.349e-6
-1.393, 5.353e-6
-1.394, 5.353e-6
-1.395, 5.355e-6
-1.396, 5.358e-6
-1.397, 5.362e-6
-1.398, 5.366e-6
-1.399, 5.367e-6
-1.400, 5.370e-6
-1.401, 5.371e-6
-1.402, 5.375e-6
-1.403, 5.379e-6
-1.404, 5.379e-6
-1.405, 5.382e-6
-1.406, 5.385e-6
-1.407, 5.389e-6
-1.408, 5.394e-6
-1.409, 5.395e-6
-1.410, 5.397e-6
-1.411, 5.400e-6
-1.412, 5.403e-6
-1.413, 5.408e-6
-1.414, 5.410e-6
-1.415, 5.414e-6
-1.416, 5.415e-6
-1.417, 5.420e-6
-1.418, 5.423e-6
-1.419, 5.427e-6
-1.420, 5.429e-6
-1.421, 5.431e-6
-1.422, 5.438e-6
-1.423, 5.442e-6
-1.424, 5.443e-6
-1.425, 5.447e-6
-1.426, 5.449e-6
-1.427, 5.454e-6
-1.428, 5.460e-6
-1.429, 5.462e-6
-1.430, 5.465e-6
-1.431, 5.468e-6
-1.432, 5.473e-6
-1.433, 5.480e-6
-1.434, 5.484e-6
-1.435, 5.487e-6
-1.436, 5.489e-6
-1.437, 5.495e-6
-1.438, 5.500e-6
-1.439, 5.503e-6
-1.440, 5.507e-6
-1.441, 5.511e-6
-1.442, 5.515e-6
-1.443, 5.521e-6
-1.444, 5.525e-6
-1.445, 5.527e-6
-1.446, 5.532e-6
-1.447, 5.537e-6
-1.448, 5.543e-6
-1.449, 5.548e-6
-1.450, 5.550e-6
-1.451, 5.553e-6
-1.452, 5.560e-6
-1.453, 5.566e-6
-1.454, 5.571e-6
-1.455, 5.574e-6
-1.456, 5.578e-6
-1.457, 5.585e-6
-1.458, 5.591e-6
-1.459, 5.595e-6
-1.460, 5.601e-6
-1.461, 5.604e-6
-1.462, 5.611e-6
-1.463, 5.617e-6
-1.464, 5.621e-6
-1.465, 5.625e-6
-1.466, 5.629e-6
-1.467, 5.636e-6
-1.468, 5.643e-6
-1.469, 5.647e-6
-1.470, 5.650e-6
-1.471, 5.655e-6
-1.472, 5.661e-6
-1.473, 5.669e-6
-1.474, 5.673e-6
-1.475, 5.679e-6
-1.476, 5.682e-6
-1.477, 5.688e-6
-1.478, 5.698e-6
-1.479, 5.701e-6
-1.480, 5.706e-6
-1.481, 5.712e-6
-1.482, 5.717e-6
-1.483, 5.726e-6
-1.484, 5.732e-6
-1.485, 5.740e-6
-1.486, 5.746e-6
-1.487, 5.752e-6
-1.488, 5.761e-6
-1.489, 5.767e-6
-1.490, 5.771e-6
-1.491, 5.777e-6
-1.492, 5.786e-6
-1.493, 5.794e-6
-1.494, 5.800e-6
-1.495, 5.805e-6
-1.496, 5.811e-6
-1.497, 5.821e-6
-1.498, 5.830e-6
-1.499, 5.837e-6
-1.500, 5.843e-6
-1.501, 5.849e-6
-1.502, 5.857e-6
-1.503, 5.867e-6
-1.504, 5.874e-6
-1.505, 5.881e-6
-1.506, 5.887e-6
-1.507, 5.894e-6
-1.508, 5.905e-6
-1.509, 5.911e-6
-1.510, 5.919e-6
-1.511, 5.925e-6
-1.512, 5.933e-6
-1.513, 5.944e-6
-1.514, 5.951e-6
-1.515, 5.959e-6
-1.516, 5.967e-6
-1.517, 5.975e-6
-1.518, 5.989e-6
-1.519, 5.995e-6
-1.520, 6.004e-6
-1.521, 6.014e-6
-1.522, 6.023e-6
-1.523, 6.036e-6
-1.524, 6.045e-6
-1.525, 6.054e-6
-1.526, 6.064e-6
-1.527, 6.074e-6
-1.528, 6.087e-6
-1.529, 6.098e-6
-1.530, 6.106e-6
-1.531, 6.116e-6
-1.532, 6.127e-6
-1.533, 6.140e-6
-1.534, 6.152e-6
-1.535, 6.160e-6
-1.536, 6.171e-6
-1.537, 6.182e-6
-1.538, 6.194e-6
-1.539, 6.206e-6
-1.540, 6.216e-6
-1.541, 6.225e-6
-1.542, 6.239e-6
-1.543, 6.252e-6
-1.544, 6.264e-6
-1.545, 6.276e-6
-1.546, 6.287e-6
-1.547, 6.301e-6
-1.548, 6.317e-6
-1.549, 6.332e-6
-1.550, 6.343e-6
-1.551, 6.355e-6
-1.552, 6.370e-6
-1.553, 6.396e-6
-1.554, 6.406e-6
-1.555, 6.416e-6
-1.556, 6.428e-6
-1.557, 6.443e-6
-1.558, 6.461e-6
-1.559, 6.476e-6
-1.560, 6.489e-6
-1.561, 6.504e-6
-1.562, 6.518e-6
-1.563, 6.537e-6
-1.564, 6.554e-6
-1.565, 6.568e-6
-1.566, 6.583e-6
-1.567, 6.598e-6
-1.568, 6.617e-6
-1.569, 6.633e-6
-1.570, 6.647e-6
-1.571, 6.663e-6
-1.572, 6.680e-6
-1.573, 6.700e-6
-1.574, 6.719e-6
-1.575, 6.735e-6
-1.576, 6.751e-6
-1.577, 6.770e-6
-1.578, 6.791e-6
-1.579, 6.810e-6
-1.580, 6.828e-6
-1.581, 6.846e-6
-1.582, 6.864e-6
-1.583, 6.885e-6
-1.584, 6.905e-6
-1.585, 6.923e-6
-1.586, 6.942e-6
-1.587, 6.962e-6
-1.588, 6.986e-6
-1.589, 7.006e-6
-1.590, 7.025e-6
-1.591, 7.045e-6
-1.592, 7.065e-6
-1.593, 7.090e-6
-1.594, 7.112e-6
-1.595, 7.133e-6
-1.596, 7.153e-6
-1.597, 7.176e-6
-1.598, 7.202e-6
-1.599, 7.226e-6
-1.600, 7.248e-6
-1.601, 7.271e-6
-1.602, 7.294e-6
-1.603, 7.323e-6
-1.604, 7.348e-6
-1.605, 7.372e-6
-1.606, 7.396e-6
-1.607, 7.417e-6
-1.608, 7.446e-6
-1.609, 7.474e-6
-1.610, 7.497e-6
-1.611, 7.522e-6
-1.612, 7.549e-6
-1.613, 7.579e-6
-1.614, 7.608e-6
-1.615, 7.631e-6
-1.616, 7.659e-6
-1.617, 7.686e-6
-1.618, 7.716e-6
-1.619, 7.748e-6
-1.620, 7.775e-6
-1.621, 7.802e-6
-1.622, 7.831e-6
-1.623, 7.862e-6
-1.624, 7.896e-6
-1.625, 7.925e-6
-1.626, 7.955e-6
-1.627, 7.986e-6
-1.628, 8.020e-6
-1.629, 8.051e-6
-1.630, 8.083e-6
-1.631, 8.114e-6
-1.632, 8.145e-6
-1.633, 8.183e-6
-1.634, 8.221e-6
-1.635, 8.255e-6
-1.636, 8.287e-6
-1.637, 8.322e-6
-1.638, 8.363e-6
-1.639, 8.407e-6
-1.640, 8.438e-6
-1.641, 8.474e-6
-1.642, 8.510e-6
-1.643, 8.551e-6
-1.644, 8.591e-6
-1.645, 8.627e-6
-1.646, 8.665e-6
-1.647, 8.702e-6
-1.648, 8.744e-6
-1.649, 8.786e-6
-1.650, 8.827e-6
-1.651, 8.866e-6
-1.652, 8.906e-6
-1.653, 8.950e-6
-1.654, 8.996e-6
-1.655, 9.037e-6
-1.656, 9.079e-6
-1.657, 9.124e-6
-1.658, 9.168e-6
-1.659, 9.220e-6
-1.660, 9.264e-6
-1.661, 9.311e-6
-1.662, 9.358e-6
-1.663, 9.406e-6
-1.664, 9.456e-6
-1.665, 9.506e-6
-1.666, 9.552e-6
-1.667, 9.604e-6
-1.668, 9.656e-6
-1.669, 9.709e-6
-1.670, 9.764e-6
-1.671, 9.817e-6
-1.672, 9.874e-6
-1.673, 9.936e-6
-1.674, 9.998e-6
-1.675, 1.005e-5
-1.676, 1.011e-5
-1.677, 1.016e-5
-1.678, 1.022e-5
-1.679, 1.028e-5
-1.680, 1.034e-5
-1.681, 1.040e-5
-1.682, 1.045e-5
-1.683, 1.052e-5
-1.684, 1.058e-5
-1.685, 1.064e-5
-1.686, 1.070e-5
-1.687, 1.076e-5
-1.688, 1.083e-5
-1.689, 1.090e-5
-1.690, 1.097e-5
-1.691, 1.103e-5
-1.692, 1.109e-5
-1.693, 1.117e-5
-1.694, 1.124e-5
-1.695, 1.131e-5
-1.696, 1.138e-5
-1.697, 1.145e-5
-1.698, 1.153e-5
-1.699, 1.160e-5
-1.700, 1.168e-5
-1.701, 1.176e-5
-1.702, 1.183e-5
-1.703, 1.192e-5
-1.704, 1.200e-5
-1.705, 1.207e-5
-1.706, 1.215e-5
-1.707, 1.223e-5
-1.708, 1.232e-5
-1.709, 1.241e-5
-1.710, 1.250e-5
-1.711, 1.259e-5
-1.712, 1.268e-5
-1.713, 1.277e-5
-1.714, 1.287e-5
-1.715, 1.297e-5
-1.716, 1.307e-5
-1.717, 1.316e-5
-1.718, 1.327e-5
-1.719, 1.338e-5
-1.720, 1.348e-5
-1.721, 1.359e-5
-1.722, 1.370e-5
-1.723, 1.381e-5
-1.724, 1.393e-5
-1.725, 1.405e-5
-1.726, 1.416e-5
-1.727, 1.428e-5
-1.728, 1.441e-5
-1.729, 1.453e-5
-1.730, 1.466e-5
-1.731, 1.479e-5
-1.732, 1.492e-5
-1.733, 1.506e-5
-1.734, 1.520e-5
-1.735, 1.533e-5
-1.736, 1.544e-5
-1.737, 1.557e-5
-1.738, 1.572e-5
-1.739, 1.588e-5
-1.740, 1.603e-5
-1.741, 1.619e-5
-1.742, 1.635e-5
-1.743, 1.650e-5
-1.744, 1.667e-5
-1.745, 1.684e-5
-1.746, 1.700e-5
-1.747, 1.717e-5
-1.748, 1.734e-5
-1.749, 1.752e-5
-1.750, 1.771e-5
-1.751, 1.788e-5
-1.752, 1.807e-5
-1.753, 1.823e-5
-1.754, 1.840e-5
-1.755, 1.859e-5
-1.756, 1.879e-5
-1.757, 1.898e-5
-1.758, 1.919e-5
-1.759, 1.939e-5
-1.760, 1.959e-5
-1.761, 1.977e-5
-1.762, 1.995e-5
-1.763, 2.017e-5
-1.764, 2.039e-5
-1.765, 2.060e-5
-1.766, 2.082e-5
-1.767, 2.104e-5
-1.768, 2.128e-5
-1.769, 2.152e-5
-1.770, 2.176e-5
-1.771, 2.200e-5
-1.772, 2.225e-5
-1.773, 2.250e-5
-1.774, 2.276e-5
-1.775, 2.302e-5
-1.776, 2.328e-5
-1.777, 2.354e-5
-1.778, 2.382e-5
-1.779, 2.411e-5
-1.780, 2.440e-5
-1.781, 2.467e-5
-1.782, 2.496e-5
-1.783, 2.526e-5
-1.784, 2.557e-5
-1.785, 2.587e-5
-1.786, 2.617e-5
-1.787, 2.648e-5
-1.788, 2.681e-5
-1.789, 2.714e-5
-1.790, 2.748e-5
-1.791, 2.780e-5
-1.792, 2.814e-5
-1.793, 2.845e-5
-1.794, 2.879e-5
-1.795, 2.914e-5
-1.796, 2.950e-5
-1.797, 2.986e-5
-1.798, 3.024e-5
-1.799, 3.062e-5
-1.800, 3.102e-5
-1.801, 3.142e-5
-1.802, 3.181e-5
-1.803, 3.222e-5
-1.804, 3.263e-5
-1.805, 3.305e-5
-1.806, 3.348e-5
-1.807, 3.391e-5
-1.808, 3.435e-5
-1.809, 3.481e-5
-1.810, 3.526e-5
-1.811, 3.571e-5
-1.812, 3.617e-5
-1.813, 3.664e-5
-1.814, 3.709e-5
-1.815, 3.755e-5
-1.816, 3.804e-5
-1.817, 3.855e-5
-1.818, 3.904e-5
-1.819, 3.952e-5
-1.820, 4.005e-5
-1.821, 4.059e-5
-1.822, 4.114e-5
-1.823, 4.166e-5
-1.824, 4.222e-5
-1.825, 4.280e-5
-1.826, 4.337e-5
-1.827, 4.391e-5
-1.828, 4.439e-5
-1.829, 4.498e-5
-1.830, 4.561e-5
-1.831, 4.620e-5
-1.832, 4.682e-5
-1.833, 4.745e-5
-1.834, 4.812e-5
-1.835, 4.877e-5
-1.836, 4.942e-5
-1.837, 5.007e-5
-1.838, 5.075e-5
-1.839, 5.145e-5
-1.840, 5.217e-5
-1.841, 5.288e-5
-1.842, 5.362e-5
-1.843, 5.438e-5
-1.844, 5.515e-5
-1.845, 5.595e-5
-1.846, 5.675e-5
-1.847, 5.756e-5
-1.848, 5.836e-5
-1.849, 5.918e-5
-1.850, 5.999e-5
-1.851, 6.081e-5
-1.852, 6.166e-5
-1.853, 6.253e-5
-1.854, 6.341e-5
-1.855, 6.425e-5
-1.856, 6.514e-5
-1.857, 6.605e-5
-1.858, 6.698e-5
-1.859, 6.791e-5
-1.860, 6.883e-5
-1.861, 6.977e-5
-1.862, 7.074e-5
-1.863, 7.174e-5
-1.864, 7.278e-5
-1.865, 7.375e-5
-1.866, 7.477e-5
-1.867, 7.582e-5
-1.868, 7.689e-5
-1.869, 7.795e-5
-1.870, 7.898e-5
-1.871, 7.995e-5
-1.872, 8.100e-5
-1.873, 8.202e-5
-1.874, 8.314e-5
-1.875, 8.432e-5
-1.876, 8.551e-5
-1.877, 8.674e-5
-1.878, 8.803e-5
-1.879, 8.918e-5
-1.880, 9.029e-5
-1.881, 9.147e-5
-1.882, 9.266e-5
-1.883, 9.393e-5
-1.884, 9.522e-5
-1.885, 9.656e-5
-1.886, 9.791e-5
-1.887, 9.920e-5
-1.888, 1.005e-4
-1.889, 1.019e-4
-1.890, 1.033e-4
-1.891, 1.046e-4
-1.892, 1.060e-4
-1.893, 1.073e-4
-1.894, 1.088e-4
-1.895, 1.103e-4
-1.896, 1.117e-4
-1.897, 1.130e-4
-1.898, 1.145e-4
-1.899, 1.161e-4
-1.900, 1.176e-4
-1.901, 1.192e-4
-1.902, 1.208e-4
-1.903, 1.223e-4
-1.904, 1.238e-4
-1.905, 1.253e-4
-1.906, 1.267e-4
-1.907, 1.282e-4
-1.908, 1.298e-4
-1.909, 1.315e-4
-1.910, 1.333e-4
-1.911, 1.352e-4
-1.912, 1.370e-4
-1.913, 1.388e-4
-1.914, 1.404e-4
-1.915, 1.419e-4
-1.916, 1.436e-4
-1.917, 1.454e-4
-1.918, 1.473e-4
-1.919, 1.491e-4
-1.920, 1.511e-4
-1.921, 1.531e-4
-1.922, 1.550e-4
-1.923, 1.570e-4
-1.924, 1.589e-4
-1.925, 1.608e-4
-1.926, 1.629e-4
-1.927, 1.650e-4
-1.928, 1.671e-4
-1.929, 1.692e-4
-1.930, 1.713e-4
-1.931, 1.736e-4
-1.932, 1.758e-4
-1.933, 1.780e-4
-1.934, 1.803e-4
-1.935, 1.826e-4
-1.936, 1.850e-4
-1.937, 1.875e-4
-1.938, 1.897e-4
-1.939, 1.917e-4
-1.940, 1.937e-4
-1.941, 1.959e-4
-1.942, 1.982e-4
-1.943, 2.005e-4
-1.944, 2.029e-4
-1.945, 2.052e-4
-1.946, 2.076e-4
-1.947, 2.101e-4
-1.948, 2.126e-4
-1.949, 2.150e-4
-1.950, 2.175e-4
-1.951, 2.198e-4
-1.952, 2.225e-4
-1.953, 2.251e-4
-1.954, 2.277e-4
-1.955, 2.306e-4
-1.956, 2.335e-4
-1.957, 2.362e-4
-1.958, 2.390e-4
-1.959, 2.419e-4
-1.960, 2.446e-4
-1.961, 2.476e-4
-1.962, 2.505e-4
-1.963, 2.535e-4
-1.964, 2.565e-4
-1.965, 2.594e-4
-1.966, 2.625e-4
-1.967, 2.657e-4
-1.968, 2.690e-4
-1.969, 2.722e-4
-1.970, 2.754e-4
-1.971, 2.786e-4
-1.972, 2.819e-4
-1.973, 2.854e-4
-1.974, 2.890e-4
-1.975, 2.926e-4
-1.976, 2.962e-4
-1.977, 3.000e-4
-1.978, 3.035e-4
-1.979, 3.070e-4
-1.980, 3.103e-4
-1.981, 3.138e-4
-1.982, 3.175e-4
-1.983, 3.213e-4
-1.984, 3.251e-4
-1.985, 3.289e-4
-1.986, 3.322e-4
-1.987, 3.358e-4
-1.988, 3.394e-4
-1.989, 3.430e-4
-1.990, 3.467e-4
-1.991, 3.501e-4
-1.992, 3.538e-4
-1.993, 3.578e-4
-1.994, 3.620e-4
-1.995, 3.660e-4
-1.996, 3.699e-4
-1.997, 3.739e-4
-1.998, 3.781e-4
-1.999, 3.823e-4
-2.000, 3.865e-4
-2.001, 3.908e-4
-2.002, 3.949e-4
-2.003, 3.989e-4
-2.004, 4.031e-4
-2.005, 4.074e-4
-2.006, 4.119e-4
-2.007, 4.162e-4
-2.008, 4.208e-4
-2.009, 4.254e-4
-2.010, 4.298e-4
-2.011, 4.340e-4
-2.012, 4.387e-4
-2.013, 4.433e-4
-2.014, 4.478e-4
-2.015, 4.528e-4
-2.016, 4.576e-4
-2.017, 4.621e-4
-2.018, 4.669e-4
-2.019, 4.717e-4
-2.020, 4.766e-4
-2.021, 4.813e-4
-2.022, 4.858e-4
-2.023, 4.910e-4
-2.024, 4.960e-4
-2.025, 5.006e-4
-2.026, 5.052e-4
-2.027, 5.102e-4
-2.028, 5.149e-4
-2.029, 5.195e-4
-2.030, 5.247e-4
-2.031, 5.298e-4
-2.032, 5.349e-4
-2.033, 5.397e-4
-2.034, 5.447e-4
-2.035, 5.502e-4
-2.036, 5.555e-4
-2.037, 5.606e-4
-2.038, 5.655e-4
-2.039, 5.707e-4
-2.040, 5.760e-4
-2.041, 5.812e-4
-2.042, 5.867e-4
-2.043, 5.919e-4
-2.044, 5.970e-4
-2.045, 6.024e-4
-2.046, 6.084e-4
-2.047, 6.140e-4
-2.048, 6.195e-4
-2.049, 6.248e-4
-2.050, 6.301e-4
-2.051, 6.356e-4
-2.052, 6.413e-4
-2.053, 6.469e-4
-2.054, 6.526e-4
-2.055, 6.584e-4
-2.056, 6.641e-4
-2.057, 6.700e-4
-2.058, 6.756e-4
-2.059, 6.812e-4
-2.060, 6.871e-4
-2.061, 6.932e-4
-2.062, 6.993e-4
-2.063, 7.057e-4
-2.064, 7.115e-4
-2.065, 7.173e-4
-2.066, 7.235e-4
-2.067, 7.295e-4
-2.068, 7.357e-4
-2.069, 7.416e-4
-2.070, 7.485e-4
-2.071, 7.552e-4
-2.072, 7.617e-4
-2.073, 7.678e-4
-2.074, 7.739e-4
-2.075, 7.801e-4
-2.076, 7.866e-4
-2.077, 7.927e-4
-2.078, 7.993e-4
-2.079, 8.055e-4
-2.080, 8.114e-4
-2.081, 8.182e-4
-2.082, 8.249e-4
-2.083, 8.313e-4
-2.084, 8.374e-4
-2.085, 8.441e-4
-2.086, 8.512e-4
-2.087, 8.587e-4
-2.088, 8.655e-4
-2.089, 8.726e-4
-2.090, 8.794e-4
-2.091, 8.861e-4
-2.092, 8.928e-4
-2.093, 9.002e-4
-2.094, 9.073e-4
-2.095, 9.139e-4
-2.096, 9.209e-4
-2.097, 9.280e-4
-2.098, 9.351e-4
-2.099, 9.425e-4
