Potential V vs RHE, Current mA cm-2
0.013299999999999867,-0.1766974413531431
0.012299999999999978,-0.2202705493889862
0.011299999999999866,-0.2202705493889862
0.010299999999999976,-0.2202705493889862
0.009299999999999864,-0.2202705493889862
0.008299999999999974,-0.2202705493889862
0.007299999999999862,-0.2202705493889862
0.006299999999999972,-0.2202705493889862
0.00529999999999986,-0.26384365742482935
0.0042999999999999705,-0.26384365742482935
0.0032999999999998586,-0.2202705493889862
0.0022999999999999687,-0.2202705493889862
0.0012999999999998568,-0.2202705493889862
0.00029999999999996696,-0.2202705493889862
-0.000700000000000145,-0.26384365742482935
-0.0017000000000000348,-0.26384365742482935
-0.0027000000000001467,-0.26384365742482935
-0.0037000000000000366,-0.2202705493889862
-0.0047000000000001485,-0.2202705493889862
-0.005700000000000038,-0.2202705493889862
-0.00670000000000015,-0.26384365742482935
-0.00770000000000004,-0.26384365742482935
-0.008700000000000152,-0.26384365742482935
-0.009700000000000042,-0.26384365742482935
-0.010700000000000154,-0.26384365742482935
-0.011700000000000044,-0.2202705493889862
-0.012700000000000156,-0.2202705493889862
-0.013700000000000045,-0.26384365742482935
-0.014700000000000157,-0.26384365742482935
-0.015700000000000047,-0.26384365742482935
-0.01670000000000016,-0.26384365742482935
-0.01770000000000005,-0.26384365742482935
-0.01870000000000016,-0.2202705493889862
-0.01970000000000005,-0.26384365742482935
-0.020700000000000163,-0.26384365742482935
-0.021700000000000053,-0.26384365742482935
-0.022700000000000164,-0.26384365742482935
-0.023700000000000054,-0.26384365742482935
-0.024700000000000166,-0.2202705493889862
-0.025700000000000056,-0.26384365742482935
-0.026700000000000168,-0.26384365742482935
-0.027700000000000058,-0.26384365742482935
-0.02870000000000017,-0.26384365742482935
-0.02970000000000006,-0.26384365742482935
-0.03070000000000017,-0.26384365742482935
-0.03170000000000006,-0.26384365742482935
-0.03270000000000017,-0.26384365742482935
-0.03370000000000006,-0.26384365742482935
-0.034700000000000175,-0.26384365742482935
-0.035700000000000065,-0.30755823659065895
-0.03670000000000018,-0.26384365742482935
-0.03770000000000007,-0.26384365742482935
-0.03870000000000018,-0.26384365742482935
-0.03970000000000007,-0.26384365742482935
-0.04070000000000018,-0.26384365742482935
-0.04170000000000007,-0.30755823659065895
-0.04270000000000018,-0.30755823659065895
-0.04370000000000007,-0.26384365742482935
-0.044700000000000184,-0.26384365742482935
-0.045700000000000074,-0.26384365742482935
-0.046700000000000186,-0.26384365742482935
-0.047700000000000076,-0.30755823659065895
-0.04870000000000019,-0.30755823659065895
-0.04970000000000008,-0.30755823659065895
-0.05070000000000019,-0.26384365742482935
-0.05170000000000008,-0.26384365742482935
-0.05270000000000019,-0.26384365742482935
-0.05370000000000008,-0.30755823659065895
-0.05470000000000019,-0.30755823659065895
-0.05570000000000008,-0.30755823659065895
-0.056700000000000195,-0.30755823659065895
-0.057700000000000085,-0.26384365742482935
-0.058700000000000196,-0.26384365742482935
-0.059700000000000086,-0.26384365742482935
-0.0607000000000002,-0.30755823659065895
-0.06170000000000009,-0.30755823659065895
-0.0627000000000002,-0.30755823659065895
-0.06370000000000009,-0.30755823659065895
-0.0647000000000002,-0.26384365742482935
-0.06570000000000009,-0.26384365742482935
-0.0667000000000002,-0.26384365742482935
-0.0677000000000001,-0.30755823659065895
-0.0687000000000002,-0.30755823659065895
-0.0697000000000001,-0.30755823659065895
-0.07070000000000021,-0.26384365742482935
-0.0717000000000001,-0.30755823659065895
-0.07270000000000021,-0.26384365742482935
-0.0737000000000001,-0.30755823659065895
-0.07470000000000021,-0.30755823659065895
-0.0757000000000001,-0.30755823659065895
-0.07670000000000021,-0.30755823659065895
-0.0777000000000001,-0.30755823659065895
-0.07870000000000021,-0.26384365742482935
-0.0797000000000001,-0.30755823659065895
-0.08070000000000022,-0.30755823659065895
-0.0817000000000001,-0.30755823659065895
-0.08270000000000022,-0.3511313446265021
-0.08370000000000011,-0.30755823659065895
-0.08470000000000022,-0.30755823659065895
-0.08570000000000011,-0.26384365742482935
-0.08670000000000022,-0.30755823659065895
-0.08770000000000011,-0.30755823659065895
-0.08870000000000022,-0.30755823659065895
-0.08970000000000011,-0.30755823659065895
-0.09070000000000022,-0.30755823659065895
-0.09170000000000011,-0.30755823659065895
-0.09270000000000023,-0.30755823659065895
-0.09370000000000012,-0.30755823659065895
-0.09470000000000023,-0.3511313446265021
-0.09570000000000012,-0.30755823659065895
-0.09670000000000023,-0.30755823659065895
-0.09770000000000012,-0.30755823659065895
-0.09870000000000023,-0.30755823659065895
-0.09970000000000012,-0.30755823659065895
-0.10070000000000023,-0.30755823659065895
-0.10170000000000012,-0.3511313446265021
-0.10270000000000024,-0.3511313446265021
-0.10370000000000013,-0.30755823659065895
-0.10470000000000024,-0.30755823659065895
-0.10570000000000013,-0.30755823659065895
-0.10670000000000024,-0.30755823659065895
-0.10770000000000013,-0.3511313446265021
-0.10870000000000024,-0.3511313446265021
-0.10970000000000013,-0.3511313446265021
-0.11070000000000024,-0.30755823659065895
-0.11170000000000013,-0.30755823659065895
-0.11270000000000002,-0.30755823659065895
-0.11370000000000013,-0.3511313446265021
-0.11470000000000002,-0.3511313446265021
-0.11570000000000014,-0.3511313446265021
-0.11670000000000003,-0.3511313446265021
-0.11770000000000014,-0.30755823659065895
-0.11870000000000003,-0.30755823659065895
-0.11970000000000014,-0.30755823659065895
-0.12070000000000003,-0.3511313446265021
-0.12170000000000014,-0.3511313446265021
-0.12270000000000003,-0.3511313446265021
-0.12370000000000014,-0.30755823659065895
-0.12470000000000003,-0.30755823659065895
-0.12570000000000014,-0.30755823659065895
-0.12670000000000003,-0.3511313446265021
-0.12770000000000015,-0.3511313446265021
-0.12870000000000004,-0.3511313446265021
-0.12970000000000015,-0.3511313446265021
-0.13070000000000004,-0.30755823659065895
-0.13170000000000015,-0.30755823659065895
-0.13270000000000004,-0.30755823659065895
-0.13370000000000015,-0.3511313446265021
-0.13470000000000004,-0.3511313446265021
-0.13570000000000015,-0.3511313446265021
-0.13670000000000004,-0.3511313446265021
-0.13770000000000016,-0.3511313446265021
-0.13870000000000005,-0.30755823659065895
-0.13970000000000016,-0.30755823659065895
-0.14070000000000005,-0.3511313446265021
-0.14170000000000016,-0.3511313446265021
-0.14270000000000005,-0.3511313446265021
-0.14370000000000016,-0.3511313446265021
-0.14470000000000005,-0.30755823659065895
-0.14570000000000016,-0.30755823659065895
-0.14670000000000005,-0.3511313446265021
-0.14770000000000016,-0.3511313446265021
-0.14870000000000005,-0.3511313446265021
-0.14970000000000017,-0.3511313446265021
-0.15070000000000006,-0.3511313446265021
-0.15170000000000017,-0.3511313446265021
-0.15270000000000006,-0.30755823659065895
-0.15370000000000017,-0.3511313446265021
-0.15470000000000006,-0.3511313446265021
-0.15570000000000017,-0.3511313446265021
-0.15670000000000006,-0.3511313446265021
-0.15770000000000017,-0.30755823659065895
-0.15870000000000006,-0.30755823659065895
-0.15970000000000018,-0.30755823659065895
-0.16070000000000007,-0.3511313446265021
-0.16170000000000018,-0.3511313446265021
-0.16270000000000007,-0.3511313446265021
-0.16370000000000018,-0.3511313446265021
-0.16470000000000007,-0.3511313446265021
-0.16570000000000018,-0.3511313446265021
-0.16670000000000007,-0.3511313446265021
-0.16770000000000018,-0.3947044526623452
-0.16870000000000007,-0.3947044526623452
-0.16970000000000018,-0.3511313446265021
-0.17070000000000007,-0.3511313446265021
-0.17170000000000019,-0.30755823659065895
-0.17270000000000008,-0.3511313446265021
-0.1737000000000002,-0.3511313446265021
-0.17470000000000008,-0.3947044526623452
-0.1757000000000002,-0.3947044526623452
-0.17670000000000008,-0.3511313446265021
-0.1777000000000002,-0.3511313446265021
-0.17870000000000008,-0.30755823659065895
-0.1797000000000002,-0.3511313446265021
-0.18070000000000008,-0.3511313446265021
-0.1817000000000002,-0.3511313446265021
-0.18270000000000008,-0.3511313446265021
-0.1837000000000002,-0.3511313446265021
-0.1847000000000001,-0.3511313446265021
-0.1857000000000002,-0.3511313446265021
-0.1867000000000001,-0.3511313446265021
-0.1877000000000002,-0.3947044526623452
-0.1887000000000001,-0.3511313446265021
-0.1897000000000002,-0.3511313446265021
-0.1907000000000001,-0.3511313446265021
-0.1917000000000001,-0.30755823659065895
-0.19269999999999998,-0.3511313446265021
-0.1937000000000001,-0.3511313446265021
-0.19469999999999998,-0.3947044526623452
-0.1957000000000001,-0.3511313446265021
-0.19669999999999999,-0.3511313446265021
-0.1977000000000001,-0.3511313446265021
-0.1987,-0.3511313446265021
-0.1997000000000001,-0.3511313446265021
-0.2007,-0.3511313446265021
-0.2017000000000001,-0.3511313446265021
-0.2027,-0.3947044526623452
-0.2037000000000001,-0.3511313446265021
-0.2047,-0.3511313446265021
-0.2057000000000001,-0.3511313446265021
-0.2067,-0.3511313446265021
-0.2077000000000001,-0.3947044526623452
-0.2087,-0.3947044526623452
-0.2097000000000001,-0.3947044526623452
-0.2107,-0.3511313446265021
-0.2117000000000001,-0.3511313446265021
-0.2127,-0.3511313446265021
-0.2137000000000001,-0.3511313446265021
-0.2147,-0.3947044526623452
-0.2157000000000001,-0.3947044526623452
-0.2167,-0.3947044526623452
-0.21770000000000012,-0.3511313446265021
-0.2187,-0.3511313446265021
-0.21970000000000012,-0.3511313446265021
-0.2207,-0.3947044526623452
-0.22170000000000012,-0.3947044526623452
-0.2227,-0.3947044526623452
-0.22370000000000012,-0.3511313446265021
-0.2247,-0.3511313446265021
-0.22570000000000012,-0.3511313446265021
-0.2267,-0.3511313446265021
-0.22770000000000012,-0.3947044526623452
-0.22870000000000001,-0.3947044526623452
-0.22970000000000013,-0.3947044526623452
-0.23070000000000002,-0.3511313446265021
-0.23170000000000013,-0.3511313446265021
-0.23270000000000002,-0.3511313446265021
-0.23370000000000013,-0.3511313446265021
-0.23470000000000002,-0.3947044526623452
-0.23570000000000013,-0.3947044526623452
-0.23670000000000002,-0.3511313446265021
-0.2376999999999999,-0.3511313446265021
-0.23870000000000002,-0.3511313446265021
-0.2396999999999999,-0.3511313446265021
-0.24070000000000003,-0.3947044526623452
-0.24169999999999991,-0.3947044526623452
-0.24270000000000003,-0.3947044526623452
-0.24369999999999992,-0.3511313446265021
-0.24470000000000003,-0.3511313446265021
-0.24569999999999992,-0.3511313446265021
-0.24670000000000003,-0.3511313446265021
-0.24769999999999992,-0.3947044526623452
-0.24870000000000003,-0.3947044526623452
-0.24969999999999992,-0.3947044526623452
-0.25070000000000003,-0.3511313446265021
-0.2516999999999999,-0.3511313446265021
-0.25270000000000004,-0.3511313446265021
-0.2536999999999999,-0.3511313446265021
-0.25470000000000004,-0.3947044526623452
-0.2556999999999999,-0.3947044526623452
-0.25670000000000004,-0.3947044526623452
-0.25769999999999993,-0.3947044526623452
-0.25870000000000004,-0.3511313446265021
-0.25969999999999993,-0.3511313446265021
-0.26070000000000004,-0.3947044526623452
-0.26169999999999993,-0.3947044526623452
-0.26270000000000004,-0.3947044526623452
-0.26369999999999993,-0.3947044526623452
-0.26470000000000005,-0.3511313446265021
-0.26569999999999994,-0.3511313446265021
-0.26670000000000005,-0.3947044526623452
-0.26769999999999994,-0.3947044526623452
-0.26870000000000005,-0.3947044526623452
-0.26969999999999994,-0.3947044526623452
-0.27070000000000005,-0.3947044526623452
-0.27169999999999994,-0.3511313446265021
-0.27270000000000005,-0.3511313446265021
-0.27369999999999994,-0.3947044526623452
-0.27470000000000006,-0.3947044526623452
-0.27569999999999995,-0.3947044526623452
-0.27670000000000006,-0.3947044526623452
-0.27769999999999995,-0.3947044526623452
-0.27870000000000006,-0.3511313446265021
-0.27969999999999995,-0.3947044526623452
-0.28070000000000006,-0.3947044526623452
-0.28169999999999995,-0.3947044526623452
-0.28270000000000006,-0.3947044526623452
-0.28369999999999995,-0.3947044526623452
-0.28470000000000006,-0.3511313446265021
-0.28569999999999995,-0.3511313446265021
-0.28670000000000007,-0.3947044526623452
-0.28769999999999996,-0.3947044526623452
-0.28870000000000007,-0.3947044526623452
-0.28969999999999996,-0.3947044526623452
-0.29070000000000007,-0.3947044526623452
-0.29169999999999996,-0.3511313446265021
-0.29270000000000007,-0.3947044526623452
-0.29369999999999996,-0.3947044526623452
-0.2947000000000001,-0.4384190318281749
-0.29569999999999996,-0.4384190318281749
-0.2967000000000001,-0.3947044526623452
-0.29769999999999996,-0.3947044526623452
-0.2987000000000001,-0.3947044526623452
-0.29969999999999997,-0.3947044526623452
-0.3007000000000001,-0.3947044526623452
-0.30169999999999997,-0.4384190318281749
-0.3027000000000001,-0.3947044526623452
-0.30369999999999997,-0.3947044526623452
-0.3047000000000001,-0.3511313446265021
-0.30569999999999997,-0.3947044526623452
-0.3067000000000001,-0.3947044526623452
-0.3077,-0.4384190318281749
-0.3087000000000001,-0.4384190318281749
-0.3097,-0.3947044526623452
-0.3107000000000001,-0.3947044526623452
-0.3117,-0.3947044526623452
-0.3127000000000001,-0.3947044526623452
-0.3137,-0.3947044526623452
-0.3147000000000001,-0.4384190318281749
-0.3157,-0.4384190318281749
-0.3167000000000001,-0.3947044526623452
-0.3177,-0.3947044526623452
-0.3187000000000001,-0.3947044526623452
-0.3197,-0.3947044526623452
-0.3207000000000001,-0.3947044526623452
-0.3217,-0.4384190318281749
-0.3227000000000001,-0.4384190318281749
-0.3237,-0.3947044526623452
-0.3247000000000001,-0.3947044526623452
-0.3257,-0.3947044526623452
-0.3267000000000001,-0.3947044526623452
-0.3277,-0.4384190318281749
-0.3287000000000001,-0.4384190318281749
-0.3297,-0.4384190318281749
-0.3307000000000001,-0.3947044526623452
-0.3317,-0.3947044526623452
-0.3327000000000001,-0.3947044526623452
-0.3337,-0.3947044526623452
-0.3347000000000001,-0.4384190318281749
-0.3357,-0.4384190318281749
-0.3367000000000001,-0.4384190318281749
-0.3377,-0.3947044526623452
-0.3387000000000001,-0.3947044526623452
-0.3397,-0.4384190318281749
-0.3407000000000001,-0.4384190318281749
-0.3417,-0.4384190318281749
-0.3427000000000001,-0.4384190318281749
-0.3437,-0.4384190318281749
-0.3447000000000001,-0.3947044526623452
-0.3457,-0.3947044526623452
-0.3467000000000001,-0.4384190318281749
-0.3477,-0.4384190318281749
-0.3487000000000001,-0.4384190318281749
-0.3497,-0.4384190318281749
-0.3507000000000001,-0.4384190318281749
-0.3517,-0.3947044526623452
-0.3527000000000001,-0.4384190318281749
-0.3537,-0.4384190318281749
-0.3547000000000001,-0.48199213986401795
-0.3557,-0.4384190318281749
-0.35670000000000013,-0.4384190318281749
-0.3577,-0.4384190318281749
-0.35870000000000013,-0.4384190318281749
-0.3597,-0.4384190318281749
-0.36070000000000013,-0.48199213986401795
-0.3617,-0.48199213986401795
-0.3626999999999999,-0.48199213986401795
-0.3637,-0.4384190318281749
-0.3646999999999999,-0.4384190318281749
-0.3657,-0.4384190318281749
-0.3666999999999999,-0.4384190318281749
-0.3677,-0.48199213986401795
-0.3686999999999999,-0.48199213986401795
-0.36970000000000003,-0.48199213986401795
-0.3706999999999999,-0.48199213986401795
-0.37170000000000003,-0.48199213986401795
-0.3726999999999999,-0.48199213986401795
-0.37370000000000003,-0.48199213986401795
-0.3746999999999999,-0.48199213986401795
-0.37570000000000003,-0.5255652478998613
-0.3766999999999999,-0.48199213986401795
-0.37770000000000004,-0.48199213986401795
-0.3786999999999999,-0.48199213986401795
-0.37970000000000004,-0.48199213986401795
-0.3806999999999999,-0.5255652478998613
-0.38170000000000004,-0.5255652478998613
-0.38269999999999993,-0.5255652478998613
-0.38370000000000004,-0.48199213986401795
-0.38469999999999993,-0.48199213986401795
-0.38570000000000004,-0.48199213986401795
-0.38669999999999993,-0.5255652478998613
-0.38770000000000004,-0.5255652478998613
-0.38869999999999993,-0.5255652478998613
-0.38970000000000005,-0.5255652478998613
-0.39069999999999994,-0.5255652478998613
-0.39170000000000005,-0.48199213986401795
-0.39269999999999994,-0.48199213986401795
-0.39370000000000005,-0.5255652478998613
-0.39469999999999994,-0.5692798270656908
-0.39570000000000005,-0.5692798270656908
-0.39669999999999994,-0.5255652478998613
-0.39770000000000005,-0.5255652478998613
-0.39869999999999994,-0.5255652478998613
-0.39970000000000006,-0.5255652478998613
-0.40069999999999995,-0.5692798270656908
-0.40170000000000006,-0.5692798270656908
-0.40269999999999995,-0.5692798270656908
-0.40370000000000006,-0.5255652478998613
-0.40469999999999995,-0.5255652478998613
-0.40570000000000006,-0.5255652478998613
-0.40669999999999995,-0.5692798270656908
-0.40770000000000006,-0.5692798270656908
-0.40869999999999995,-0.5692798270656908
-0.40970000000000006,-0.5692798270656908
-0.41069999999999995,-0.5692798270656908
-0.41170000000000007,-0.5692798270656908
-0.41269999999999996,-0.5692798270656908
-0.41370000000000007,-0.5692798270656908
-0.41469999999999996,-0.6128529351015338
-0.41570000000000007,-0.6128529351015338
-0.41669999999999996,-0.6128529351015338
-0.41770000000000007,-0.5692798270656908
-0.41869999999999996,-0.5692798270656908
-0.4197000000000001,-0.6128529351015338
-0.42069999999999996,-0.6128529351015338
-0.4217000000000001,-0.6128529351015338
-0.42269999999999996,-0.6128529351015338
-0.4237000000000001,-0.6128529351015338
-0.42469999999999997,-0.6128529351015338
-0.4257000000000001,-0.6128529351015338
-0.42669999999999997,-0.6128529351015338
-0.4277000000000001,-0.6564260431373771
-0.42869999999999997,-0.6564260431373771
-0.4297000000000001,-0.6564260431373771
-0.43069999999999997,-0.6564260431373771
-0.4317000000000001,-0.6564260431373771
-0.4327,-0.6564260431373771
-0.4337000000000001,-0.6564260431373771
-0.4347,-0.6564260431373771
-0.4357000000000001,-0.7001406223032067
-0.4367,-0.6564260431373771
-0.4377000000000001,-0.6564260431373771
-0.4387,-0.6564260431373771
-0.4397000000000001,-0.6564260431373771
-0.4407,-0.7001406223032067
-0.4417000000000001,-0.7437137303390498
-0.4427,-0.7001406223032067
-0.4437000000000001,-0.7001406223032067
-0.4447,-0.7001406223032067
-0.4457000000000001,-0.7001406223032067
-0.4467,-0.7437137303390498
-0.4477000000000001,-0.7437137303390498
-0.4487,-0.7872868383748929
-0.4497000000000001,-0.7437137303390498
-0.4507,-0.7437137303390498
-0.4517000000000001,-0.7437137303390498
-0.4527,-0.7437137303390498
-0.4537000000000001,-0.7872868383748929
-0.4547,-0.7872868383748929
-0.4557000000000001,-0.8308599464107361
-0.4567,-0.7872868383748929
-0.4577000000000001,-0.7872868383748929
-0.4587,-0.7872868383748929
-0.4597000000000001,-0.8308599464107361
-0.4607,-0.8308599464107361
-0.4617000000000001,-0.8308599464107361
-0.4627,-0.8745745255765657
-0.4637000000000001,-0.8745745255765657
-0.4647,-0.8308599464107361
-0.4657000000000001,-0.8745745255765657
-0.4667,-0.8745745255765657
-0.4677000000000001,-0.9181476336124089
-0.4687,-0.9181476336124089
-0.4697000000000001,-0.9181476336124089
-0.4707,-0.9181476336124089
-0.4717000000000001,-0.9181476336124089
-0.4727,-0.9181476336124089
-0.4737000000000001,-0.9617207416482519
-0.4747,-0.9617207416482519
-0.4757000000000001,-0.9617207416482519
-0.4767,-0.9617207416482519
-0.4777000000000001,-0.9617207416482519
-0.4787,-0.9617207416482519
-0.4797000000000001,-1.0054353208140816
-0.4807,-1.0490084288499246
-0.48170000000000013,-1.0490084288499246
-0.4827,-1.0490084288499246
-0.48370000000000013,-1.0490084288499246
-0.4847,-1.0490084288499246
-0.48570000000000013,-1.0490084288499246
-0.4867,-1.0925815368857679
-0.4876999999999999,-1.0925815368857679
-0.4887,-1.1362961160515976
-0.4896999999999999,-1.1362961160515976
-0.4907,-1.1362961160515976
-0.4916999999999999,-1.1362961160515976
-0.4927,-1.1362961160515976
-0.4936999999999999,-1.1798692240874404
-0.49470000000000003,-1.2234423321232837
-0.4956999999999999,-1.2234423321232837
-0.49670000000000003,-1.2234423321232837
-0.4976999999999999,-1.2671569112891135
-0.49870000000000003,-1.2671569112891135
-0.4996999999999999,-1.2671569112891135
-0.5007,-1.3107300193249565
-0.5016999999999999,-1.3543031273607997
-0.5027,-1.3543031273607997
-0.5036999999999999,-1.3543031273607997
-0.5047,-1.3543031273607997
-0.5056999999999999,-1.3543031273607997
-0.5067,-1.3980177065266295
-0.5076999999999999,-1.4415908145624723
-0.5087,-1.4854468648582886
-0.5096999999999999,-1.4854468648582886
-0.5107,-1.4854468648582886
-0.5116999999999999,-1.4854468648582886
-0.5127,-1.5293029151541047
-0.5136999999999999,-1.5717442541500557
-0.5147,-1.6156003044458718
-0.5156999999999999,-1.6156003044458718
-0.5167,-1.6156003044458718
-0.5176999999999999,-1.6594563547416883
-0.5187,-1.6594563547416883
-0.5196999999999999,-1.7033124050375041
-0.5207,-1.7471684553333202
-0.5216999999999999,-1.7910245056291363
-0.5227,-1.7910245056291363
-0.5236999999999999,-1.8334658446250875
-0.5247,-1.8334658446250875
-0.5257,-1.8334658446250875
-0.5267000000000001,-1.92117794521672
-0.5277,-1.9650339955125358
-0.5287000000000001,-1.9650339955125358
-0.5297,-2.008890045808352
-0.5307000000000001,-2.052746096104168
-0.5317,-2.052746096104168
-0.5327000000000001,-2.095187435100119
-0.5337,-2.1390434853959355
-0.5347000000000001,-2.1828995356917518
-0.5357,-2.226755585987568
-0.5367000000000001,-2.226755585987568
-0.5377,-2.2706116362833835
-0.5387000000000001,-2.3144676865791998
-0.5397,-2.3569090255751513
-0.5407000000000001,-2.4007650758709675
-0.5417,-2.4884771764625997
-0.5427000000000001,-2.4884771764625997
-0.5437,-2.532333226758415
-0.5447000000000001,-2.576189277054232
-0.5457,-2.618630616050183
-0.5467000000000001,-2.662486666345999
-0.5477,-2.7501987669376318
-0.5487000000000001,-2.794054817233447
-0.5497,-2.8379108675292635
-0.5507000000000001,-2.8803522065252145
-0.5517,-2.924208256821031
-0.5527000000000001,-2.968064307116847
-0.5537,-3.055776407708479
-0.5547000000000001,-3.1420737970002466
-0.5557,-3.1859298472960624
-0.5567000000000001,-3.2297858975918787
-0.5577,-3.273641947887695
-0.5587000000000001,-3.317497998183511
-0.5597,-3.403795387475278
-0.5607000000000001,-3.4915074880669104
-0.5617,-3.5353635383627267
-0.5627000000000001,-3.623075638954359
-0.5637,-3.6655169779503103
-0.5647000000000001,-3.7093730282461257
-0.5657,-3.7970851288377587
-0.5667000000000001,-3.884797229429391
-0.5677,-3.971094618721158
-0.5687000000000001,-4.0588067193127895
-0.5697,-4.146518819904423
-0.5707000000000001,-4.1889601589003735
-0.5717,-4.276672259492005
-0.5727000000000001,-4.364384360083638
-0.5737,-4.450681749375406
-0.5747000000000001,-4.582249900262854
-0.5757,-4.668547289554621
-0.5767000000000001,-4.756259390146253
-0.5777,-4.843971490737885
-0.5787000000000001,-4.887827541033701
-0.5797,-5.017980980621284
-0.5807000000000001,-5.105693081212917
-0.5817,-5.235846520800501
-0.5827000000000001,-5.367414671687949
-0.5837,-5.453712060979717
-0.5847000000000001,-5.5414241615713475
-0.5857,-5.629136262162981
-0.5867000000000001,-5.759289701750564
-0.5877,-5.890857852638012
-0.5887000000000001,-6.021011292225596
-0.5897,-6.152579443113044
-0.5907000000000001,-6.238876832404812
-0.5917,-6.37044498329226
-0.5927000000000001,-6.500598422879844
-0.5937,-6.632166573767292
-0.5947000000000001,-6.762320013354876
-0.5957,-6.93774421453814
-0.5967000000000001,-7.067897654125724
-0.5977,-7.199465805013171
-0.5987000000000001,-7.329619244600755
-0.5997,-7.461187395488204
-0.6007000000000001,-7.635196885371603
-0.6017,-7.809206375255003
-0.6027000000000001,-7.984630576438266
-0.6037,-8.158640066321666
-0.6047000000000001,-8.288793505909249
-0.6057,-8.4203616567967
-0.6067000000000001,-8.594371146680096
-0.6077,-8.812236686859313
-0.6087000000000001,-8.987660888042578
-0.6097,-9.205526428221793
-0.6107000000000001,-9.379535918105192
-0.6117,-9.55496011928846
-0.6126999999999999,-9.728969609171857
-0.6137,-9.946835149351072
-0.6146999999999999,-10.164700689530287
-0.6157,-10.382566229709504
-0.6166999999999999,-10.601846481188586
-0.6177,-10.819712021367803
-0.6186999999999999,-10.993721511251199
-0.6197,-11.211587051430415
-0.6206999999999999,-11.473308641905447
-0.6217,-11.73503023238048
-0.6226999999999999,-11.996751822855511
-0.6237,-12.258473413330542
-0.6246999999999999,-12.476338953509758
-0.6257,-12.694204493688973
-0.6266999999999999,-12.955926084164007
-0.6277,-13.30535977523067
-0.6286999999999999,-13.610937416001518
-0.6297,-13.872659006476551
-0.6306999999999999,-14.13438059695158
-0.6317,-14.401761032626075
-0.6326999999999999,-14.65640906660178
-0.6337,-14.967645552572087
-0.6346999999999999,-15.307176264539699
-0.6357,-15.660854089505953
-0.6366999999999999,-16.014531914472215
-0.6377,-16.311621287443874
-0.6386999999999999,-16.622857773414182
-0.6397,-16.919947146385837
-0.6406999999999999,-17.2736249713521
-0.6417,-17.71218547431026
-0.6426999999999999,-18.10830463827247
-0.6437,-18.44783535024008
-0.6446999999999999,-18.80151317520634
-0.6457,-19.155191000172596
-0.6466999999999999,-19.537163051136158
-0.6477,-19.97572355409432
-0.6486999999999999,-20.456725396048434
-0.6497,-20.89528589900659
-0.6507,-21.291405062968803
-0.6517000000000001,-21.729965565926964
-0.6527,-22.111937616890522
-0.6537000000000001,-22.592939458844636
-0.6547,-23.1163826397947
-0.6557000000000001,-23.639825820744765
-0.6567,-24.120827662698876
-0.6577000000000001,-24.601829504652986
-0.6587,-25.04039000761115
-0.6597000000000001,-25.521391849565262
-0.6607,-26.087276369511276
-0.6617000000000001,-26.65316088945729
-0.6627,-27.261486748399253
-0.6637000000000001,-27.78492992934932
-0.6647,-28.308373110299385
-0.6657000000000001,-28.831816291249446
-0.6667,-29.39770081119546
-0.6677000000000001,-30.00602667013743
-0.6687,-30.71338232006995
-0.6697000000000001,-31.321708179011907
-0.6707,-31.930034037953877
-0.6717000000000001,-32.45347721890394
-0.6727,-33.06180307784591
-0.6737000000000001,-33.712570275783825
-0.6747,-34.41992592571634
-0.6757000000000001,-35.11313446265021
-0.6767,-35.806342999584075
-0.6777000000000001,-36.4288159715247
-0.6787,-37.037141830466666
-0.6797000000000001,-37.687909028404576
-0.6807,-38.42355890433439
-0.6817000000000001,-39.173355893262865
-0.6827,-39.90900576919269
-0.6837000000000001,-40.616361419125205
-0.6847,-41.267128617063115
-0.6857000000000001,-41.96033715399699
-0.6867,-42.653545690930855
-0.6877000000000001,-43.44578401885527
-0.6887,-44.28046368577565
-0.6897000000000001,-45.05855490070142
-0.6907,-45.79420477663124
-0.6917000000000001,-46.45911908756781
-0.6927,-47.19476896349763
-0.6937000000000001,-47.987007291422046
-0.6947,-48.80753984534376
-0.6957000000000001,-49.68466085126009
-0.6967,-50.46275206618586
-0.6977000000000001,-51.21254905511432
-0.6987,-51.948198931044146
-0.6997000000000001,-52.69799591997262
-0.7007,-53.56096981289029
-0.7017000000000001,-54.43809081880661
-0.7027,-55.357653163718886
-0.7037000000000001,-56.1781857176406
-0.7047,-56.927982706569075
-0.7057000000000001,-57.70607392149485
-0.7067,-58.54075358841522
-0.7077000000000001,-59.44616882032884
-0.7087,-60.36573116524111
-0.7097000000000001,-61.28529351015339
-0.7107,-62.16241451606972
-0.7117000000000001,-62.94050573099548
-0.7127,-63.77518539791585
-0.7137000000000001,-64.68060062982947
-0.7147,-65.64260431373769
-0.7157000000000001,-66.64704933664189
-0.7167,-67.56661168155415
-0.7177000000000001,-68.44373268747047
-0.7187,-69.26426524139221
-0.7197000000000001,-70.14138624730852
-0.7207,-71.10338993121674
-0.7217000000000001,-72.15027629311687
-0.7227,-73.15472131602105
-0.7237000000000001,-74.10257788693062
-0.7247,-75.02214023184291
-0.7257000000000001,-75.85681989876326
-0.7267,-76.81882358267148
-0.7277000000000001,-77.90815128356756
-0.7287,-78.9550376454677
-0.7297000000000001,-80.00192400736783
-0.7307,-80.9497805782774
-0.7317000000000001,-81.86934292318966
-0.7327,-82.746463929106
-0.7337000000000001,-83.79335029100612
-0.7347,-84.8826779919022
-0.7357000000000001,-85.97200569279828
-0.7367,-87.01889205469841
-0.7376999999999999,-88.02333707760259
-0.7387,-88.94289942251486
-0.7396999999999999,-89.89075599342443
-0.7407,-90.99423080731917
-0.7416999999999999,-92.16844118620713
-0.7427,-93.30021022609918
-0.7436999999999999,-94.34709658799929
-0.7447,-95.30910027190752
-0.7456999999999999,-96.21451550382113
-0.7467,-97.26140186572127
-0.7476999999999999,-98.40731801861195
-0.7487,-99.58152839749994
-0.7496999999999999,-100.71329743739196
-0.7507,-101.76018379929208
-0.7516999999999999,-102.72218748320032
-0.7527,-103.7266325061045
-0.7536999999999999,-104.85840154599651
-0.7547,-106.0326119248845
-0.7556999999999999,-107.26341075576708
-0.7567,-108.35273845666316
-0.7576999999999999,-109.39962481856328
-0.7587,-110.40406984146746
-0.7596999999999999,-111.4509562033676
-0.7607,-112.66760792125153
-0.7616999999999999,-113.88425963913545
-0.7627,-115.15749980901398
-0.7636999999999999,-116.28926884890602
-0.7647,-117.33615521080614
-0.7656999999999999,-118.3406002337103
-0.7667,-119.47236927360234
-0.7676999999999999,-120.73146233048222
-0.7687,-122.00470250036076
-0.7696999999999999,-123.2213542182447
-0.7707,-124.31068191914078
-0.7716999999999999,-125.35756828104091
-0.7727,-126.36201330394509
-0.7736999999999999,-127.53622368283307
-0.7747,-128.8094638527116
-0.7757,-130.06855690959148
-0.7767000000000001,-131.24276728847948
-0.7777,-132.37453632837148
-0.7787000000000001,-133.4214226902716
-0.7797,-134.56733884316228
-0.7807000000000001,-135.82643190004217
-0.7817,-137.1845547479126
-0.7827000000000001,-138.44364780479248
-0.7837,-139.70274086167237
-0.7847000000000001,-140.89109835355902
-0.7857,-142.03701450644968
-0.7867000000000001,-142.7443701563822
-0.7857,-142.17848563643616
-0.7847000000000001,-141.75407224647665
-0.7837,-141.18818772653066
-0.7827000000000001,-140.41009651160488
-0.7817,-139.57541684468453
-0.7807000000000001,-138.6982958387682
-0.7797,-137.9626459628384
-0.7787000000000001,-137.3543201038964
-0.7777,-136.60452311496792
-0.7767000000000001,-135.78399056104624
-0.7757,-134.77954553814206
-0.7747,-133.8599831932298
-0.7736999999999999,-132.99700930031207
-0.7727,-132.20477097238768
-0.7716999999999999,-131.5964451134457
-0.7707,-130.90323657651186
-0.7696999999999999,-130.11099824858744
-0.7687,-129.19143590367514
-0.7676999999999999,-128.2294322197669
-0.7667,-127.4088996658452
-0.7656999999999999,-126.71569112891132
-0.7647,-125.92345280098691
-0.7636999999999999,-125.18780292505707
-0.7627,-124.31068191914078
-0.7616999999999999,-123.34867823523254
-0.7607,-122.42911589032028
-0.7596999999999999,-121.65102467539451
-0.7587,-120.95781613846064
-0.7576999999999999,-120.25046048852812
-0.7567,-119.47236927360234
-0.7556999999999999,-118.55280692869007
-0.7547,-117.63324458377778
-0.7536999999999999,-116.77027069086012
-0.7527,-115.97803236293572
-0.7516999999999999,-115.28482382600184
-0.7507,-114.57746817606933
-0.7496999999999999,-113.75693562214758
-0.7487,-112.83737327723534
-0.7476999999999999,-111.91781093232305
-0.7467,-111.05483703940537
-0.7456999999999999,-110.3050400504769
-0.7447,-109.56939017454708
-0.7436999999999999,-108.83374029861727
-0.7427,-107.95661929270095
-0.7416999999999999,-107.03705694778867
-0.7407,-106.15993594187235
-0.7396999999999999,-105.38184472694657
-0.7387,-104.64619485101677
-0.7376999999999999,-103.93883920108425
-0.7367,-103.20318932515443
-0.7357000000000001,-102.3260683192381
-0.7347,-101.40650597432582
-0.7337000000000001,-100.58597342040412
-0.7327,-99.83617643147564
-0.7317000000000001,-99.14296789454177
-0.7307,-98.49220069660386
-0.7297000000000001,-97.69996236867944
-0.7287,-96.83698847576176
-0.7277000000000001,-95.95986746984543
-0.7267,-95.22421759391563
-0.7257000000000001,-94.47442060498715
-0.7247,-93.86609474604518
-0.7237000000000001,-93.13044487011537
-0.7227,-92.33820654219093
-0.7217000000000001,-91.46108553627462
-0.7207,-90.68299432134886
-0.7197000000000001,-89.94734444541903
-0.7187,-89.28243013448247
-0.7177000000000001,-88.5892215975486
-0.7167,-87.89601306061473
-0.7157000000000001,-87.06133339369435
-0.7147,-86.28324217876859
-0.7137000000000001,-85.49100385084417
-0.7127,-84.84023665290624
-0.7117000000000001,-84.18946945496833
-0.7107,-83.56699648302772
-0.7097000000000001,-82.8313466070979
-0.7087,-82.03910827917348
-0.7077000000000001,-81.21857572525175
-0.7067,-80.52536718831789
-0.7057000000000001,-79.90289421637728
-0.7047,-79.33700969643127
-0.7037000000000001,-78.68624249849334
-0.7027,-77.99303396155948
-0.7017000000000001,-77.20079563363505
-0.7007,-76.46514575770523
-0.6997000000000001,-75.81437855976732
-0.6987,-75.2484940398213
-0.6977000000000001,-74.62602106788069
-0.6967,-73.93281253094682
-0.6957000000000001,-73.23960399401295
-0.6947,-72.44736566608852
-0.6937000000000001,-71.75415712915466
-0.6927,-71.1458312702127
-0.6917000000000001,-70.53750541127073
-0.6907,-69.95747377832606
-0.6897000000000001,-69.26426524139221
-0.6887,-68.52861536546239
-0.6877000000000001,-67.82125971552985
-0.6867,-67.17049251759194
-0.6857000000000001,-66.60460799764593
-0.6847,-66.03872347769992
-0.6837000000000001,-65.43039761875795
-0.6827,-64.77963042082003
-0.6817000000000001,-64.0722747708875
-0.6807,-63.37906623395363
-0.6797000000000001,-62.81318171400764
-0.6787,-62.28973853305756
-0.6777000000000001,-61.7662953521075
-0.6767,-61.15796949316553
-0.6757000000000001,-60.49305518222897
-0.6747,-59.842287984291055
-0.6737000000000001,-59.23396212534908
-0.6727,-58.71051894439902
-0.6717000000000001,-58.18707576344896
-0.6707,-57.66363258249889
-0.6697000000000001,-57.05530672355693
-0.6687,-56.44698086461496
-0.6677000000000001,-55.7820665536784
-0.6667,-55.21618203373238
-0.6657000000000001,-54.73518019177827
-0.6647,-54.26832546282281
-0.6637000000000001,-53.74488228187274
-0.6627,-53.16485064892808
-0.6617000000000001,-52.514083450990164
-0.6607,-51.948198931044146
-0.6597000000000001,-51.424755750094086
-0.6587,-50.98619524713592
-0.6577000000000001,-50.50519340518181
-0.6567,-49.98175022423175
-0.6557000000000001,-49.41586570428573
-0.6547,-48.80753984534376
-0.6537000000000001,-48.2840966643937
-0.6527,-47.80309482243959
-0.6517000000000001,-47.36453431948143
-0.6507,-46.94012092952192
-0.6497,-46.37423640957591
-0.6486999999999999,-45.79420477663124
-0.6477,-45.22832025668522
-0.6466999999999999,-44.74731841473111
-0.6457,-44.3229050247716
-0.6446999999999999,-43.88434452181344
-0.6437,-43.40334267985933
-0.6426999999999999,-42.92234083790521
-0.6417,-42.3564563179592
-0.6406999999999999,-41.87545447600508
-0.6397,-41.43689397304693
-0.6386999999999999,-40.99833347008877
-0.6377,-40.616361419125205
-0.6366999999999999,-40.135359577171094
-0.6357,-39.654357735216976
-0.6346999999999999,-39.130914554266916
-0.6337,-38.6499127123128
-0.6326999999999999,-38.253793548350586
-0.6317,-37.85767438438838
-0.6306999999999999,-37.47570233342482
-0.6297,-36.99470049147071
-0.6286999999999999,-36.5136986495166
-0.6277,-36.03269680756248
-0.6266999999999999,-35.636577643600276
-0.6257,-35.240458479638065
-0.6246999999999999,-34.90092776767045
-0.6237,-34.50480860370825
-0.6226999999999999,-34.06624810075008
-0.6217,-33.58524625879597
-0.6206999999999999,-33.14668575583781
-0.6197,-32.764713704874254
-0.6186999999999999,-32.45347721890394
-0.6177,-32.09979939393769
-0.6166999999999999,-31.717827342974125
-0.6157,-31.27926684001596
-0.6146999999999999,-30.79826499806185
-0.6137,-30.444587173095588
-0.6126999999999999,-30.10505646112798
-0.6117,-29.751378636161718
-0.6107000000000001,-29.440142150191413
-0.6097,-29.058170099227848
-0.6087000000000001,-28.619609596269694
-0.6077,-28.22349043230748
-0.6067000000000001,-27.869812607341224
-0.6057,-27.572723234369565
-0.6047000000000001,-27.261486748399253
-0.6037,-26.907808923433
-0.6027000000000001,-26.568278211465387
-0.6017,-26.129717708507226
-0.6007000000000001,-25.77603988354097
-0.5997,-25.478950510569312
-0.5987000000000001,-25.167714024599
-0.5977,-24.9130659906233
-0.5967000000000001,-24.601829504652986
-0.5957,-24.20571034069078
-0.5947000000000001,-23.86617962872317
-0.5937,-23.55494314275286
-0.5927000000000001,-23.24370665678255
-0.5917,-23.031499961802798
-0.5907000000000001,-22.72026347583249
-0.5897,-22.42317410286083
-0.5887000000000001,-22.069496277894572
-0.5877,-21.729965565926964
-0.5867000000000001,-21.418729079956652
-0.5857,-21.2065223849769
-0.5847000000000001,-20.93772723800254
-0.5837,-20.683079204026836
-0.5827000000000001,-20.371842718056527
-0.5817,-20.06060623208622
-0.5807000000000001,-19.763516859114564
-0.5797,-19.537163051136158
-0.5787000000000001,-19.3249563561564
-0.5777,-19.056161209182044
-0.5767000000000001,-18.80151317520634
-0.5757,-18.53271802823198
-0.5747000000000001,-18.23562865526032
-0.5737,-17.966833508285966
-0.5727000000000001,-17.75462681330621
-0.5717,-17.542420118326454
-0.5707000000000001,-17.316066310348052
-0.5697,-17.061418276372343
-0.5687000000000001,-16.792623129397985
-0.5677,-16.53797509542228
-0.5667000000000001,-16.354062626439823
-0.5657,-16.141855931460068
-0.5647000000000001,-15.972090575476265
-0.5637,-15.74573676749786
-0.5627000000000001,-15.491088733522153
-0.5617,-15.222293586547794
-0.5607000000000001,-15.01008689156804
-0.5597,-14.826174422585586
-0.5587000000000001,-14.65640906660178
-0.5577,-14.486643710617974
-0.5567000000000001,-14.26028990263957
-0.5557,-14.046668496359947
-0.5547000000000001,-13.784946905884919
-0.5537,-13.610937416001518
-0.5527000000000001,-13.436927926118118
-0.5517,-13.261503724934855
-0.5507000000000001,-13.087494235051453
-0.5497,-12.913484745168056
-0.5487000000000001,-12.651763154693022
-0.5477,-12.476338953509758
-0.5467000000000001,-12.302329463626359
-0.5457,-12.170761312738911
-0.5447000000000001,-12.040607873151327
-0.5437,-11.82274233297211
-0.5427000000000001,-11.647318131788847
-0.5417,-11.42945259160963
-0.5407000000000001,-11.255443101726232
-0.5397,-11.123874950838783
-0.5387000000000001,-10.993721511251199
-0.5377,-10.819712021367803
-0.5367000000000001,-10.688143870480351
-0.5357,-10.514134380596953
-0.5347000000000001,-10.296268840417738
-0.5337,-10.164700689530287
-0.5327000000000001,-10.034547249942705
-0.5317,-9.902979099055257
-0.5307000000000001,-9.772825659467674
-0.5297,-9.641257508580225
-0.5287000000000001,-9.467248018696827
-0.5277,-9.293238528813426
-0.5267000000000001,-9.161670377925978
-0.5257,-9.073958277334345
-0.5247,-8.943804837746763
-0.5236999999999999,-8.812236686859313
-0.5227,-8.638227196975913
-0.5216999999999999,-8.508073757388331
-0.5207,-8.376505606500881
-0.5196999999999999,-8.246352166913299
-0.5187,-8.158640066321666
-0.5176999999999999,-8.027071915434218
-0.5167,-7.896918475846635
-0.5156999999999999,-7.7653503249591855
-0.5147,-7.635196885371603
-0.5136999999999999,-7.5474847847799715
-0.5127,-7.4173313451923875
-0.5116999999999999,-7.329619244600755
-0.5107,-7.243321855308987
-0.5096999999999999,-7.111753704421539
-0.5087,-6.93774421453814
-0.5076999999999999,-6.850032113946507
-0.5067,-6.762320013354876
-0.5056999999999999,-6.6760226240631075
-0.5047,-6.588310523471475
-0.5036999999999999,-6.458157083883892
-0.5027,-6.326588932996443
-0.5016999999999999,-6.196435493408861
-0.5007,-6.108723392817228
-0.4996999999999999,-6.064867342521412
-0.49870000000000003,-5.977155241929781
-0.4976999999999999,-5.890857852638012
-0.49670000000000003,-5.80314575204638
-0.4956999999999999,-5.672992312458796
-0.49470000000000003,-5.5414241615713475
-0.4936999999999999,-5.497568111275533
-0.4927,-5.411270721983764
-0.4916999999999999,-5.323558621392133
-0.4907,-5.235846520800501
-0.4896999999999999,-5.149549131508733
-0.4887,-5.017980980621284
-0.4876999999999999,-4.974124930325469
-0.4867,-4.887827541033701
-0.48570000000000013,-4.843971490737885
-0.4847,-4.756259390146253
-0.48370000000000013,-4.668547289554621
-0.4827,-4.582249900262854
-0.48170000000000013,-4.494537799671222
-0.4807,-4.406825699079589
-0.4797000000000001,-4.364384360083638
-0.4787,-4.276672259492005
-0.4777000000000001,-4.23281620919619
-0.4767,-4.146518819904423
-0.4757000000000001,-4.0588067193127895
-0.4747,-3.971094618721158
-0.4737000000000001,-3.927238568425342
-0.4727,-3.840941179133574
-0.4717000000000001,-3.7970851288377587
-0.4707,-3.7532290785419424
-0.4697000000000001,-3.6655169779503103
-0.4687,-3.579219588658543
-0.4677000000000001,-3.4915074880669104
-0.4667,-3.447651437771094
-0.4657000000000001,-3.403795387475278
-0.4647,-3.361354048479327
-0.4637000000000001,-3.317497998183511
-0.4627,-3.2297858975918787
-0.4617000000000001,-3.1420737970002466
-0.4607,-3.0996324580042955
-0.4597000000000001,-3.055776407708479
-0.4587,-3.0119203574126634
-0.4577000000000001,-2.968064307116847
-0.4567,-2.924208256821031
-0.4557000000000001,-2.8379108675292635
-0.4547,-2.7501987669376318
-0.4537000000000001,-2.706342716641815
-0.4527,-2.706342716641815
-0.4517000000000001,-2.662486666345999
-0.4507,-2.576189277054232
-0.4497000000000001,-2.532333226758415
-0.4487,-2.4884771764625997
-0.4477000000000001,-2.4446211261667834
-0.4467,-2.4007650758709675
-0.4457000000000001,-2.3569090255751513
-0.4447,-2.3144676865791998
-0.4437000000000001,-2.2706116362833835
-0.4427,-2.1828995356917518
-0.4417000000000001,-2.1390434853959355
-0.4407,-2.095187435100119
-0.4397000000000001,-2.095187435100119
-0.4387,-2.052746096104168
-0.4377000000000001,-2.008890045808352
-0.4367,-1.9650339955125358
-0.4357000000000001,-1.92117794521672
-0.4347,-1.8334658446250875
-0.4337000000000001,-1.8334658446250875
-0.4327,-1.8334658446250875
-0.4317000000000001,-1.7910245056291363
-0.43069999999999997,-1.7471684553333202
-0.4297000000000001,-1.7033124050375041
-0.42869999999999997,-1.6594563547416883
-0.4277000000000001,-1.6156003044458718
-0.42669999999999997,-1.5717442541500557
-0.4257000000000001,-1.5717442541500557
-0.42469999999999997,-1.5293029151541047
-0.4237000000000001,-1.4854468648582886
-0.42269999999999996,-1.4415908145624723
-0.4217000000000001,-1.3980177065266295
-0.42069999999999996,-1.3980177065266295
-0.4197000000000001,-1.3543031273607997
-0.41869999999999996,-1.3543031273607997
-0.41770000000000007,-1.3107300193249565
-0.41669999999999996,-1.2671569112891135
-0.41570000000000007,-1.2234423321232837
-0.41469999999999996,-1.1798692240874404
-0.41370000000000007,-1.1798692240874404
-0.41269999999999996,-1.1798692240874404
-0.41170000000000007,-1.1362961160515976
-0.41069999999999995,-1.0925815368857679
-0.40970000000000006,-1.0925815368857679
-0.40869999999999995,-1.0054353208140816
-0.40770000000000006,-1.0054353208140816
-0.40669999999999995,-1.0054353208140816
-0.40570000000000006,-1.0054353208140816
-0.40469999999999995,-0.9617207416482519
-0.40370000000000006,-0.9181476336124089
-0.40269999999999995,-0.8745745255765657
-0.40170000000000006,-0.8308599464107361
-0.40069999999999995,-0.8308599464107361
-0.39970000000000006,-0.8745745255765657
-0.39869999999999994,-0.8308599464107361
-0.39770000000000005,-0.7872868383748929
-0.39669999999999994,-0.7872868383748929
-0.39570000000000005,-0.7437137303390498
-0.39469999999999994,-0.7001406223032067
-0.39370000000000005,-0.7001406223032067
-0.39269999999999994,-0.7001406223032067
-0.39170000000000005,-0.7001406223032067
-0.39069999999999994,-0.6564260431373771
-0.38970000000000005,-0.6128529351015338
-0.38869999999999993,-0.6128529351015338
-0.38770000000000004,-0.5692798270656908
-0.38669999999999993,-0.5692798270656908
-0.38570000000000004,-0.5692798270656908
-0.38469999999999993,-0.5692798270656908
-0.38370000000000004,-0.5255652478998613
-0.38269999999999993,-0.48199213986401795
-0.38170000000000004,-0.48199213986401795
-0.3806999999999999,-0.4384190318281749
-0.37970000000000004,-0.48199213986401795
-0.3786999999999999,-0.48199213986401795
-0.37770000000000004,-0.4384190318281749
-0.3766999999999999,-0.3947044526623452
-0.37570000000000003,-0.3947044526623452
-0.3746999999999999,-0.3511313446265021
-0.37370000000000003,-0.3511313446265021
-0.3726999999999999,-0.3947044526623452
-0.37170000000000003,-0.3511313446265021
-0.3706999999999999,-0.3511313446265021
-0.36970000000000003,-0.30755823659065895
-0.3686999999999999,-0.26384365742482935
-0.3677,-0.26384365742482935
-0.3666999999999999,-0.26384365742482935
-0.3657,-0.26384365742482935
-0.3646999999999999,-0.26384365742482935
-0.3637,-0.2202705493889862
-0.3626999999999999,-0.2202705493889862
-0.3617,-0.1766974413531431
-0.36070000000000013,-0.2202705493889862
-0.3597,-0.2202705493889862
-0.35870000000000013,-0.2202705493889862
-0.3577,-0.1766974413531431
-0.35670000000000013,-0.1766974413531431
-0.3557,-0.1330535977523067
-0.3547000000000001,-0.1330535977523067
-0.3537,-0.1330535977523067
-0.3527000000000001,-0.1330535977523067
-0.3517,-0.1330535977523067
-0.3507000000000001,-0.1330535977523067
-0.3497,-0.08943804837746762
-0.3487000000000001,-0.08943804837746762
-0.3477,-0.04582249900262853
-0.3467000000000001,-0.08943804837746762
-0.3457,-0.08943804837746762
-0.3447000000000001,-0.04582249900262853
-0.3437,-0.04582249900262853
-0.3427000000000001,-0.04582249900262853
-0.3417,-0.04582249900262853
-0.3407000000000001,-0.04582249900262853
-0.3397,-0.04582249900262853
-0.3387000000000001,-0.04582249900262853
-0.3377,-0.002205534916489592
-0.3367000000000001,-0.002205534916489592
-0.3357,-0.002205534916489592
-0.3347000000000001,-0.002205534916489592
-0.3337,0.04140859974704963
-0.3327000000000001,-0.002205534916489592
-0.3317,-0.002205534916489592
-0.3307000000000001,0.04140859974704963
-0.3297,0.04140859974704963
-0.3287000000000001,0.04140859974704963
-0.3277,0.04140859974704963
-0.3267000000000001,0.04140859974704963
-0.3257,0.04140859974704963
-0.3247000000000001,0.04140859974704963
-0.3237,0.04140859974704963
-0.3227000000000001,0.08502414912188871
-0.3217,0.08502414912188871
-0.3207000000000001,0.08502414912188871
-0.3197,0.08502414912188871
-0.3187000000000001,0.08502414912188871
-0.3177,0.08502414912188871
-0.3167000000000001,0.08502414912188871
-0.3157,0.12863969849672777
-0.3147000000000001,0.12863969849672777
-0.3137,0.08502414912188871
-0.3127000000000001,0.08502414912188871
-0.3117,0.08502414912188871
-0.3107000000000001,0.08502414912188871
-0.3097,0.12863969849672777
-0.3087000000000001,0.12863969849672777
-0.3077,0.12863969849672777
-0.3067000000000001,0.12863969849672777
-0.30569999999999997,0.12863969849672777
-0.3047000000000001,0.12863969849672777
-0.30369999999999997,0.12863969849672777
-0.3027000000000001,0.17231183632356148
-0.30169999999999997,0.17231183632356148
-0.3007000000000001,0.17231183632356148
-0.29969999999999997,0.17231183632356148
-0.2987000000000001,0.12863969849672777
-0.29769999999999996,0.17231183632356148
-0.2967000000000001,0.17231183632356148
-0.29569999999999996,0.17231183632356148
-0.2947000000000001,0.17231183632356148
-0.29369999999999996,0.17231183632356148
-0.29270000000000007,0.12863969849672777
-0.29169999999999996,0.12863969849672777
-0.29070000000000007,0.17231183632356148
-0.28969999999999996,0.17231183632356148
-0.28870000000000007,0.21588494435940458
-0.28769999999999996,0.21588494435940458
-0.28670000000000007,0.17231183632356148
-0.28569999999999995,0.17231183632356148
-0.28470000000000006,0.17231183632356148
-0.28369999999999995,0.17231183632356148
-0.28270000000000006,0.21588494435940458
-0.28169999999999995,0.21588494435940458
-0.28070000000000006,0.21588494435940458
-0.27969999999999995,0.17231183632356148
-0.27870000000000006,0.17231183632356148
-0.27769999999999995,0.17231183632356148
-0.27670000000000006,0.21588494435940458
-0.27569999999999995,0.21588494435940458
-0.27470000000000006,0.21588494435940458
-0.27369999999999994,0.17231183632356148
-0.27270000000000005,0.17231183632356148
-0.27169999999999994,0.17231183632356148
-0.27070000000000005,0.21588494435940458
-0.26969999999999994,0.21588494435940458
-0.26870000000000005,0.21588494435940458
-0.26769999999999994,0.21588494435940458
-0.26670000000000005,0.21588494435940458
-0.26569999999999994,0.17231183632356148
-0.26470000000000005,0.21588494435940458
-0.26369999999999993,0.21588494435940458
-0.26270000000000004,0.21588494435940458
-0.26169999999999993,0.21588494435940458
-0.26070000000000004,0.21588494435940458
-0.25969999999999993,0.17231183632356148
-0.25870000000000004,0.17231183632356148
-0.25769999999999993,0.21588494435940458
-0.25670000000000004,0.21588494435940458
-0.2556999999999999,0.21588494435940458
-0.25470000000000004,0.21588494435940458
-0.2536999999999999,0.21588494435940458
-0.25270000000000004,0.17231183632356148
-0.2516999999999999,0.21588494435940458
-0.25070000000000003,0.21588494435940458
-0.24969999999999992,0.21588494435940458
-0.24870000000000003,0.2594580523952477
-0.24769999999999992,0.2594580523952477
-0.24670000000000003,0.21588494435940458
-0.24569999999999992,0.21588494435940458
-0.24470000000000003,0.21588494435940458
-0.24369999999999992,0.21588494435940458
-0.24270000000000003,0.2594580523952477
-0.24169999999999991,0.2594580523952477
-0.24070000000000003,0.21588494435940458
-0.2396999999999999,0.21588494435940458
-0.23870000000000002,0.21588494435940458
-0.2376999999999999,0.21588494435940458
-0.23670000000000002,0.2594580523952477
-0.23570000000000013,0.21588494435940458
-0.23470000000000002,0.2594580523952477
-0.23370000000000013,0.21588494435940458
-0.23270000000000002,0.21588494435940458
-0.23170000000000013,0.21588494435940458
-0.23070000000000002,0.21588494435940458
-0.22970000000000013,0.21588494435940458
-0.22870000000000001,0.2594580523952477
-0.22770000000000012,0.2594580523952477
-0.2267,0.21588494435940458
-0.22570000000000012,0.21588494435940458
-0.2247,0.21588494435940458
-0.22370000000000012,0.21588494435940458
-0.2227,0.2594580523952477
-0.22170000000000012,0.2594580523952477
-0.2207,0.2594580523952477
-0.21970000000000012,0.21588494435940458
-0.2187,0.21588494435940458
-0.21770000000000012,0.21588494435940458
-0.2167,0.2594580523952477
-0.2157000000000001,0.2594580523952477
-0.2147,0.2594580523952477
-0.2137000000000001,0.2594580523952477
-0.2127,0.21588494435940458
-0.2117000000000001,0.21588494435940458
-0.2107,0.21588494435940458
-0.2097000000000001,0.21588494435940458
-0.2087,0.2594580523952477
-0.2077000000000001,0.2594580523952477
-0.2067,0.21588494435940458
-0.2057000000000001,0.21588494435940458
-0.2047,0.21588494435940458
-0.2037000000000001,0.2594580523952477
-0.2027,0.2594580523952477
-0.2017000000000001,0.2594580523952477
-0.2007,0.2594580523952477
-0.1997000000000001,0.21588494435940458
-0.1987,0.21588494435940458
-0.1977000000000001,0.21588494435940458
-0.19669999999999999,0.2594580523952477
-0.1957000000000001,0.2594580523952477
-0.19469999999999998,0.2594580523952477
-0.1937000000000001,0.2594580523952477
-0.19269999999999998,0.21588494435940458
-0.1917000000000001,0.2594580523952477
-0.1907000000000001,0.2594580523952477
-0.1897000000000002,0.2594580523952477
-0.1887000000000001,0.2594580523952477
-0.1877000000000002,0.2594580523952477
-0.1867000000000001,0.2594580523952477
-0.1857000000000002,0.21588494435940458
-0.1847000000000001,0.21588494435940458
-0.1837000000000002,0.2594580523952477
-0.18270000000000008,0.2594580523952477
-0.1817000000000002,0.2594580523952477
-0.18070000000000008,0.2594580523952477
-0.1797000000000002,0.2594580523952477
-0.17870000000000008,0.21588494435940458
-0.1777000000000002,0.21588494435940458
-0.17670000000000008,0.2594580523952477
-0.1757000000000002,0.2594580523952477
-0.17470000000000008,0.3031726315610774
-0.1737000000000002,0.2594580523952477
-0.17270000000000008,0.21588494435940458
-0.17170000000000019,0.21588494435940458
-0.17070000000000007,0.2594580523952477
-0.16970000000000018,0.2594580523952477
-0.16870000000000007,0.3031726315610774
-0.16770000000000018,0.2594580523952477
-0.16670000000000007,0.2594580523952477
-0.16570000000000018,0.21588494435940458
-0.16470000000000007,0.2594580523952477
-0.16370000000000018,0.2594580523952477
-0.16270000000000007,0.2594580523952477
-0.16170000000000018,0.2594580523952477
-0.16070000000000007,0.2594580523952477
-0.15970000000000018,0.2594580523952477
-0.15870000000000006,0.2594580523952477
-0.15770000000000017,0.2594580523952477
-0.15670000000000006,0.2594580523952477
-0.15570000000000017,0.3031726315610774
-0.15470000000000006,0.2594580523952477
-0.15370000000000017,0.2594580523952477
-0.15270000000000006,0.2594580523952477
-0.15170000000000017,0.21588494435940458
-0.15070000000000006,0.2594580523952477
-0.14970000000000017,0.2594580523952477
-0.14870000000000005,0.3031726315610774
-0.14770000000000016,0.2594580523952477
-0.14670000000000005,0.2594580523952477
-0.14570000000000016,0.2594580523952477
-0.14470000000000005,0.2594580523952477
-0.14370000000000016,0.2594580523952477
-0.14270000000000005,0.3031726315610774
-0.14170000000000016,0.3031726315610774
-0.14070000000000005,0.2594580523952477
-0.13970000000000016,0.2594580523952477
-0.13870000000000005,0.2594580523952477
-0.13770000000000016,0.2594580523952477
-0.13670000000000004,0.2594580523952477
-0.13570000000000015,0.3031726315610774
-0.13470000000000004,0.3031726315610774
-0.13370000000000015,0.2594580523952477
-0.13270000000000004,0.2594580523952477
-0.13170000000000015,0.2594580523952477
-0.13070000000000004,0.2594580523952477
-0.12970000000000015,0.2594580523952477
-0.12870000000000004,0.3031726315610774
-0.12770000000000015,0.2594580523952477
-0.12670000000000003,0.2594580523952477
-0.12570000000000014,0.2594580523952477
-0.12470000000000003,0.2594580523952477
-0.12370000000000014,0.2594580523952477
-0.12270000000000003,0.3031726315610774
-0.12170000000000014,0.2594580523952477
-0.12070000000000003,0.2594580523952477
-0.11970000000000014,0.2594580523952477
-0.11870000000000003,0.2594580523952477
-0.11770000000000014,0.2594580523952477
-0.11670000000000003,0.3031726315610774
-0.11570000000000014,0.3031726315610774
-0.11470000000000002,0.3031726315610774
-0.11370000000000013,0.2594580523952477
-0.11270000000000002,0.2594580523952477
-0.11170000000000013,0.2594580523952477
-0.11070000000000024,0.2594580523952477
-0.10970000000000013,0.3031726315610774
-0.10870000000000024,0.3031726315610774
-0.10770000000000013,0.3031726315610774
-0.10670000000000024,0.2594580523952477
-0.10570000000000013,0.2594580523952477
-0.10470000000000024,0.2594580523952477
-0.10370000000000013,0.2594580523952477
-0.10270000000000024,0.3031726315610774
-0.10170000000000012,0.3031726315610774
-0.10070000000000023,0.2594580523952477
-0.09970000000000012,0.2594580523952477
-0.09870000000000023,0.2594580523952477
-0.09770000000000012,0.2594580523952477
-0.09670000000000023,0.2594580523952477
-0.09570000000000012,0.3031726315610774
-0.09470000000000023,0.3031726315610774
-0.09370000000000012,0.3031726315610774
-0.09270000000000023,0.2594580523952477
-0.09170000000000011,0.2594580523952477
-0.09070000000000022,0.2594580523952477
-0.08970000000000011,0.3031726315610774
-0.08870000000000022,0.3031726315610774
-0.08770000000000011,0.3031726315610774
-0.08670000000000022,0.2594580523952477
-0.08570000000000011,0.2594580523952477
-0.08470000000000022,0.2594580523952477
-0.08370000000000011,0.2594580523952477
-0.08270000000000022,0.3031726315610774
-0.0817000000000001,0.3031726315610774
-0.08070000000000022,0.2594580523952477
-0.0797000000000001,0.2594580523952477
-0.07870000000000021,0.2594580523952477
-0.0777000000000001,0.2594580523952477
-0.07670000000000021,0.2594580523952477
-0.0757000000000001,0.3031726315610774
-0.07470000000000021,0.3031726315610774
-0.0737000000000001,0.2594580523952477
-0.07270000000000021,0.2594580523952477
-0.0717000000000001,0.2594580523952477
-0.07070000000000021,0.3031726315610774
-0.0697000000000001,0.3031726315610774
-0.0687000000000002,0.3031726315610774
-0.0677000000000001,0.3031726315610774
-0.0667000000000002,0.2594580523952477
-0.06570000000000009,0.2594580523952477
-0.0647000000000002,0.2594580523952477
-0.06370000000000009,0.2594580523952477
-0.0627000000000002,0.3031726315610774
-0.06170000000000009,0.3031726315610774
-0.0607000000000002,0.3031726315610774
-0.059700000000000086,0.2594580523952477
-0.058700000000000196,0.2594580523952477
-0.057700000000000085,0.2594580523952477
-0.056700000000000195,0.3031726315610774
-0.05570000000000008,0.3031726315610774
-0.05470000000000019,0.3031726315610774
-0.05370000000000008,0.3031726315610774
-0.05270000000000019,0.2594580523952477
-0.05170000000000008,0.2594580523952477
-0.05070000000000019,0.2594580523952477
-0.04970000000000008,0.3031726315610774
-0.04870000000000019,0.3031726315610774
-0.047700000000000076,0.3031726315610774
-0.046700000000000186,0.2594580523952477
-0.045700000000000074,0.2594580523952477
-0.044700000000000184,0.2594580523952477
-0.04370000000000007,0.3031726315610774
-0.04270000000000018,0.3031726315610774
-0.04170000000000007,0.3031726315610774
-0.04070000000000018,0.3031726315610774
-0.03970000000000007,0.2594580523952477
-0.03870000000000018,0.2594580523952477
-0.03770000000000007,0.2594580523952477
-0.03670000000000018,0.3031726315610774
-0.035700000000000065,0.3031726315610774
-0.034700000000000175,0.3031726315610774
-0.03370000000000006,0.3031726315610774
-0.03270000000000017,0.2594580523952477
-0.03170000000000006,0.2594580523952477
-0.03070000000000017,0.2594580523952477
-0.02970000000000006,0.3031726315610774
-0.02870000000000017,0.3031726315610774
-0.027700000000000058,0.3031726315610774
-0.026700000000000168,0.2594580523952477
-0.025700000000000056,0.2594580523952477
-0.024700000000000166,0.2594580523952477
-0.023700000000000054,0.3031726315610774
-0.022700000000000164,0.3031726315610774
-0.021700000000000053,0.3467457395969205
-0.020700000000000163,0.3031726315610774
-0.01970000000000005,0.3031726315610774
-0.01870000000000016,0.3031726315610774
-0.01770000000000005,0.3031726315610774
-0.01670000000000016,0.3031726315610774
-0.015700000000000047,0.3031726315610774
-0.014700000000000157,0.3031726315610774
-0.013700000000000045,0.3031726315610774
-0.012700000000000156,0.2594580523952477
-0.011700000000000044,0.3031726315610774
-0.010700000000000154,0.3031726315610774
-0.009700000000000042,0.3031726315610774
-0.008700000000000152,0.3467457395969205
-0.00770000000000004,0.3031726315610774
-0.00670000000000015,0.3031726315610774
-0.005700000000000038,0.2594580523952477
-0.0047000000000001485,0.3031726315610774
-0.0037000000000000366,0.3031726315610774
-0.0027000000000001467,0.3031726315610774
-0.0017000000000000348,0.3467457395969205
-0.000700000000000145,0.3031726315610774
0.00029999999999996696,0.2594580523952477
0.0012999999999998568,0.2594580523952477
0.0022999999999999687,0.3031726315610774
0.0032999999999998586,0.3031726315610774
0.0042999999999999705,0.3467457395969205
0.00529999999999986,0.3467457395969205
0.006299999999999972,0.3031726315610774
0.007299999999999862,0.3031726315610774
0.008299999999999974,0.3031726315610774
0.009299999999999864,0.3031726315610774
0.010299999999999976,0.3031726315610774
0.011299999999999866,0.3467457395969205
0.012299999999999978,0.3467457395969205
