Apr. 24, 2025   08:59:42
Cyclic Voltammetry
File: c:/users/guazh/data/banditlqround7_x0exp590_r20/2025-04-16-exp1174\exp1174-2025-04-24t08_42_11-h2koh\exp1174_cv_sr_50mvs_efin_-1800mv.bin
Data Source:  Experiment
Instrument Model:  CHI760E
Header: CV ran at 50 mVs
Note: 

Init E (V) = -1
High E (V) = -1
Low E (V) = -1.8
Final E (V) = -1
Init P/N = N
Scan Rate (V/s) = 0.05
Segment = 3
Sample Interval (V) = 0.001
Quiet Time (sec) = 2
Sensitivity (A/V) = 0.01
Comp R (ohm) = 1.5

Results:

Channel 1:
Segment 1:

Segment 2:

Segment 3:

Potential/V, Current/A

-1.000, 1.400e-5
-1.001, 1.605e-5
-1.002, 1.624e-5
-1.003, 1.634e-5
-1.004, 1.706e-5
-1.005, 1.736e-5
-1.006, 1.720e-5
-1.007, 1.703e-5
-1.008, 1.714e-5
-1.009, 1.772e-5
-1.010, 1.804e-5
-1.011, 1.776e-5
-1.012, 1.766e-5
-1.013, 1.763e-5
-1.014, 1.797e-5
-1.015, 1.832e-5
-1.016, 1.811e-5
-1.017, 1.790e-5
-1.018, 1.814e-5
-1.019, 1.842e-5
-1.020, 1.876e-5
-1.021, 1.856e-5
-1.022, 1.812e-5
-1.023, 1.819e-5
-1.024, 1.863e-5
-1.025, 1.874e-5
-1.026, 1.897e-5
-1.027, 1.866e-5
-1.028, 1.869e-5
-1.029, 1.906e-5
-1.030, 1.919e-5
-1.031, 1.895e-5
-1.032, 1.851e-5
-1.033, 1.863e-5
-1.034, 1.907e-5
-1.035, 1.927e-5
-1.036, 1.925e-5
-1.037, 1.899e-5
-1.038, 1.888e-5
-1.039, 1.939e-5
-1.040, 1.952e-5
-1.041, 1.940e-5
-1.042, 1.929e-5
-1.043, 1.921e-5
-1.044, 1.976e-5
-1.045, 2.005e-5
-1.046, 1.958e-5
-1.047, 1.928e-5
-1.048, 1.934e-5
-1.049, 1.976e-5
-1.050, 2.004e-5
-1.051, 1.968e-5
-1.052, 1.946e-5
-1.053, 1.951e-5
-1.054, 1.978e-5
-1.055, 2.020e-5
-1.056, 1.995e-5
-1.057, 1.960e-5
-1.058, 1.964e-5
-1.059, 1.994e-5
-1.060, 2.012e-5
-1.061, 1.986e-5
-1.062, 1.954e-5
-1.063, 1.961e-5
-1.064, 2.004e-5
-1.065, 2.019e-5
-1.066, 2.001e-5
-1.067, 1.964e-5
-1.068, 1.988e-5
-1.069, 2.047e-5
-1.070, 2.058e-5
-1.071, 2.024e-5
-1.072, 1.990e-5
-1.073, 2.002e-5
-1.074, 2.035e-5
-1.075, 2.058e-5
-1.076, 2.016e-5
-1.077, 2.011e-5
-1.078, 2.040e-5
-1.079, 2.090e-5
-1.080, 2.102e-5
-1.081, 2.079e-5
-1.082, 2.089e-5
-1.083, 2.090e-5
-1.084, 2.123e-5
-1.085, 2.138e-5
-1.086, 2.121e-5
-1.087, 2.123e-5
-1.088, 2.136e-5
-1.089, 2.180e-5
-1.090, 2.205e-5
-1.091, 2.159e-5
-1.092, 2.126e-5
-1.093, 2.137e-5
-1.094, 2.162e-5
-1.095, 2.182e-5
-1.096, 2.167e-5
-1.097, 2.155e-5
-1.098, 2.175e-5
-1.099, 2.193e-5
-1.100, 2.221e-5
-1.101, 2.185e-5
-1.102, 2.147e-5
-1.103, 2.156e-5
-1.104, 2.190e-5
-1.105, 2.218e-5
-1.106, 2.198e-5
-1.107, 2.164e-5
-1.108, 2.167e-5
-1.109, 2.219e-5
-1.110, 2.218e-5
-1.111, 2.193e-5
-1.112, 2.163e-5
-1.113, 2.179e-5
-1.114, 2.225e-5
-1.115, 2.236e-5
-1.116, 2.208e-5
-1.117, 2.187e-5
-1.118, 2.195e-5
-1.119, 2.242e-5
-1.120, 2.244e-5
-1.121, 2.211e-5
-1.122, 2.183e-5
-1.123, 2.187e-5
-1.124, 2.253e-5
-1.125, 2.251e-5
-1.126, 2.226e-5
-1.127, 2.204e-5
-1.128, 2.207e-5
-1.129, 2.234e-5
-1.130, 2.260e-5
-1.131, 2.217e-5
-1.132, 2.196e-5
-1.133, 2.212e-5
-1.134, 2.253e-5
-1.135, 2.272e-5
-1.136, 2.220e-5
-1.137, 2.191e-5
-1.138, 2.211e-5
-1.139, 2.239e-5
-1.140, 2.266e-5
-1.141, 2.248e-5
-1.142, 2.214e-5
-1.143, 2.245e-5
-1.144, 2.267e-5
-1.145, 2.283e-5
-1.146, 2.261e-5
-1.147, 2.222e-5
-1.148, 2.237e-5
-1.149, 2.272e-5
-1.150, 2.278e-5
-1.151, 2.257e-5
-1.152, 2.245e-5
-1.153, 2.264e-5
-1.154, 2.305e-5
-1.155, 2.304e-5
-1.156, 2.289e-5
-1.157, 2.270e-5
-1.158, 2.262e-5
-1.159, 2.311e-5
-1.160, 2.301e-5
-1.161, 2.260e-5
-1.162, 2.273e-5
-1.163, 2.262e-5
-1.164, 2.324e-5
-1.165, 2.355e-5
-1.166, 2.321e-5
-1.167, 2.310e-5
-1.168, 2.308e-5
-1.169, 2.356e-5
-1.170, 2.347e-5
-1.171, 2.310e-5
-1.172, 2.294e-5
-1.173, 2.304e-5
-1.174, 2.347e-5
-1.175, 2.377e-5
-1.176, 2.367e-5
-1.177, 2.364e-5
-1.178, 2.408e-5
-1.179, 2.435e-5
-1.180, 2.457e-5
-1.181, 2.411e-5
-1.182, 2.392e-5
-1.183, 2.397e-5
-1.184, 2.434e-5
-1.185, 2.434e-5
-1.186, 2.418e-5
-1.187, 2.391e-5
-1.188, 2.429e-5
-1.189, 2.481e-5
-1.190, 2.485e-5
-1.191, 2.473e-5
-1.192, 2.444e-5
-1.193, 2.478e-5
-1.194, 2.524e-5
-1.195, 2.527e-5
-1.196, 2.476e-5
-1.197, 2.486e-5
-1.198, 2.501e-5
-1.199, 2.545e-5
-1.200, 2.537e-5
-1.201, 2.498e-5
-1.202, 2.487e-5
-1.203, 2.498e-5
-1.204, 2.562e-5
-1.205, 2.571e-5
-1.206, 2.541e-5
-1.207, 2.533e-5
-1.208, 2.524e-5
-1.209, 2.555e-5
-1.210, 2.579e-5
-1.211, 2.526e-5
-1.212, 2.519e-5
-1.213, 2.563e-5
-1.214, 2.607e-5
-1.215, 2.635e-5
-1.216, 2.612e-5
-1.217, 2.591e-5
-1.218, 2.609e-5
-1.219, 2.645e-5
-1.220, 2.644e-5
-1.221, 2.611e-5
-1.222, 2.600e-5
-1.223, 2.646e-5
-1.224, 2.677e-5
-1.225, 2.683e-5
-1.226, 2.677e-5
-1.227, 2.655e-5
-1.228, 2.685e-5
-1.229, 2.729e-5
-1.230, 2.719e-5
-1.231, 2.685e-5
-1.232, 2.663e-5
-1.233, 2.695e-5
-1.234, 2.741e-5
-1.235, 2.719e-5
-1.236, 2.713e-5
-1.237, 2.689e-5
-1.238, 2.716e-5
-1.239, 2.773e-5
-1.240, 2.754e-5
-1.241, 2.742e-5
-1.242, 2.736e-5
-1.243, 2.745e-5
-1.244, 2.806e-5
-1.245, 2.807e-5
-1.246, 2.791e-5
-1.247, 2.783e-5
-1.248, 2.805e-5
-1.249, 2.856e-5
-1.250, 2.864e-5
-1.251, 2.828e-5
-1.252, 2.827e-5
-1.253, 2.848e-5
-1.254, 2.909e-5
-1.255, 2.915e-5
-1.256, 2.901e-5
-1.257, 2.887e-5
-1.258, 2.929e-5
-1.259, 2.973e-5
-1.260, 2.976e-5
-1.261, 2.952e-5
-1.262, 2.947e-5
-1.263, 2.981e-5
-1.264, 3.045e-5
-1.265, 3.056e-5
-1.266, 3.057e-5
-1.267, 3.055e-5
-1.268, 3.091e-5
-1.269, 3.152e-5
-1.270, 3.162e-5
-1.271, 3.151e-5
-1.272, 3.146e-5
-1.273, 3.177e-5
-1.274, 3.248e-5
-1.275, 3.260e-5
-1.276, 3.274e-5
-1.277, 3.274e-5
-1.278, 3.300e-5
-1.279, 3.356e-5
-1.280, 3.366e-5
-1.281, 3.339e-5
-1.282, 3.339e-5
-1.283, 3.362e-5
-1.284, 3.448e-5
-1.285, 3.479e-5
-1.286, 3.471e-5
-1.287, 3.471e-5
-1.288, 3.492e-5
-1.289, 3.557e-5
-1.290, 3.574e-5
-1.291, 3.576e-5
-1.292, 3.638e-5
-1.293, 3.603e-5
-1.294, 3.662e-5
-1.295, 3.685e-5
-1.296, 3.669e-5
-1.297, 3.685e-5
-1.298, 3.727e-5
-1.299, 3.791e-5
-1.300, 3.801e-5
-1.301, 3.793e-5
-1.302, 3.776e-5
-1.303, 3.839e-5
-1.304, 3.895e-5
-1.305, 3.922e-5
-1.306, 3.905e-5
-1.307, 3.901e-5
-1.308, 3.945e-5
-1.309, 4.004e-5
-1.310, 4.000e-5
-1.311, 4.001e-5
-1.312, 3.997e-5
-1.313, 4.043e-5
-1.314, 4.119e-5
-1.315, 4.115e-5
-1.316, 4.116e-5
-1.317, 4.105e-5
-1.318, 4.146e-5
-1.319, 4.211e-5
-1.320, 4.199e-5
-1.321, 4.193e-5
-1.322, 4.185e-5
-1.323, 4.217e-5
-1.324, 4.289e-5
-1.325, 4.306e-5
-1.326, 4.306e-5
-1.327, 4.322e-5
-1.328, 4.363e-5
-1.329, 4.411e-5
-1.330, 4.426e-5
-1.331, 4.390e-5
-1.332, 4.408e-5
-1.333, 4.451e-5
-1.334, 4.502e-5
-1.335, 4.501e-5
-1.336, 4.471e-5
-1.337, 4.485e-5
-1.338, 4.535e-5
-1.339, 4.578e-5
-1.340, 4.575e-5
-1.341, 4.576e-5
-1.342, 4.578e-5
-1.343, 4.637e-5
-1.344, 4.691e-5
-1.345, 4.692e-5
-1.346, 4.671e-5
-1.347, 4.660e-5
-1.348, 4.717e-5
-1.349, 4.767e-5
-1.350, 4.753e-5
-1.351, 4.745e-5
-1.352, 4.718e-5
-1.353, 4.771e-5
-1.354, 4.827e-5
-1.355, 4.827e-5
-1.356, 4.805e-5
-1.357, 4.806e-5
-1.358, 4.845e-5
-1.359, 4.894e-5
-1.360, 4.890e-5
-1.361, 4.867e-5
-1.362, 4.880e-5
-1.363, 4.916e-5
-1.364, 4.968e-5
-1.365, 4.969e-5
-1.366, 4.953e-5
-1.367, 4.948e-5
-1.368, 4.972e-5
-1.369, 5.015e-5
-1.370, 5.013e-5
-1.371, 4.967e-5
-1.372, 4.967e-5
-1.373, 5.034e-5
-1.374, 5.072e-5
-1.375, 5.088e-5
-1.376, 5.069e-5
-1.377, 5.077e-5
-1.378, 5.114e-5
-1.379, 5.145e-5
-1.380, 5.150e-5
-1.381, 5.117e-5
-1.382, 5.149e-5
-1.383, 5.210e-5
-1.384, 5.248e-5
-1.385, 5.258e-5
-1.386, 5.252e-5
-1.387, 5.242e-5
-1.388, 5.302e-5
-1.389, 5.342e-5
-1.390, 5.345e-5
-1.391, 5.329e-5
-1.392, 5.322e-5
-1.393, 5.376e-5
-1.394, 5.430e-5
-1.395, 5.421e-5
-1.396, 5.399e-5
-1.397, 5.416e-5
-1.398, 5.478e-5
-1.399, 5.526e-5
-1.400, 5.498e-5
-1.401, 5.479e-5
-1.402, 5.492e-5
-1.403, 5.532e-5
-1.404, 5.590e-5
-1.405, 5.595e-5
-1.406, 5.567e-5
-1.407, 5.603e-5
-1.408, 5.678e-5
-1.409, 5.741e-5
-1.410, 5.736e-5
-1.411, 5.692e-5
-1.412, 5.721e-5
-1.413, 5.775e-5
-1.414, 5.841e-5
-1.415, 5.846e-5
-1.416, 5.813e-5
-1.417, 5.814e-5
-1.418, 5.893e-5
-1.419, 5.933e-5
-1.420, 5.941e-5
-1.421, 5.959e-5
-1.422, 5.985e-5
-1.423, 6.070e-5
-1.424, 6.123e-5
-1.425, 6.123e-5
-1.426, 6.121e-5
-1.427, 6.160e-5
-1.428, 6.244e-5
-1.429, 6.313e-5
-1.430, 6.327e-5
-1.431, 6.350e-5
-1.432, 6.367e-5
-1.433, 6.454e-5
-1.434, 6.536e-5
-1.435, 6.537e-5
-1.436, 6.536e-5
-1.437, 6.578e-5
-1.438, 6.666e-5
-1.439, 6.772e-5
-1.440, 6.789e-5
-1.441, 6.788e-5
-1.442, 6.833e-5
-1.443, 6.891e-5
-1.444, 6.960e-5
-1.445, 6.981e-5
-1.446, 6.994e-5
-1.447, 7.072e-5
-1.448, 7.149e-5
-1.449, 7.247e-5
-1.450, 7.314e-5
-1.451, 7.334e-5
-1.452, 7.395e-5
-1.453, 7.515e-5
-1.454, 7.617e-5
-1.455, 7.672e-5
-1.456, 7.698e-5
-1.457, 7.793e-5
-1.458, 7.899e-5
-1.459, 8.008e-5
-1.460, 8.061e-5
-1.461, 8.112e-5
-1.462, 8.164e-5
-1.463, 8.278e-5
-1.464, 8.383e-5
-1.465, 8.433e-5
-1.466, 8.489e-5
-1.467, 8.553e-5
-1.468, 8.698e-5
-1.469, 8.833e-5
-1.470, 8.900e-5
-1.471, 8.961e-5
-1.472, 9.033e-5
-1.473, 9.162e-5
-1.474, 9.296e-5
-1.475, 9.360e-5
-1.476, 9.431e-5
-1.477, 9.537e-5
-1.478, 9.673e-5
-1.479, 9.811e-5
-1.480, 9.896e-5
-1.481, 9.956e-5
-1.482, 1.007e-4
-1.483, 1.021e-4
-1.484, 1.037e-4
-1.485, 1.049e-4
-1.486, 1.059e-4
-1.487, 1.074e-4
-1.488, 1.089e-4
-1.489, 1.104e-4
-1.490, 1.117e-4
-1.491, 1.127e-4
-1.492, 1.141e-4
-1.493, 1.161e-4
-1.494, 1.180e-4
-1.495, 1.195e-4
-1.496, 1.204e-4
-1.497, 1.222e-4
-1.498, 1.242e-4
-1.499, 1.257e-4
-1.500, 1.271e-4
-1.501, 1.286e-4
-1.502, 1.303e-4
-1.503, 1.325e-4
-1.504, 1.345e-4
-1.505, 1.361e-4
-1.506, 1.374e-4
-1.507, 1.392e-4
-1.508, 1.414e-4
-1.509, 1.434e-4
-1.510, 1.448e-4
-1.511, 1.466e-4
-1.512, 1.485e-4
-1.513, 1.507e-4
-1.514, 1.530e-4
-1.515, 1.546e-4
-1.516, 1.560e-4
-1.517, 1.579e-4
-1.518, 1.604e-4
-1.519, 1.625e-4
-1.520, 1.641e-4
-1.521, 1.660e-4
-1.522, 1.682e-4
-1.523, 1.708e-4
-1.524, 1.731e-4
-1.525, 1.752e-4
-1.526, 1.771e-4
-1.527, 1.792e-4
-1.528, 1.814e-4
-1.529, 1.837e-4
-1.530, 1.859e-4
-1.531, 1.877e-4
-1.532, 1.901e-4
-1.533, 1.925e-4
-1.534, 1.947e-4
-1.535, 1.968e-4
-1.536, 1.988e-4
-1.537, 2.012e-4
-1.538, 2.035e-4
-1.539, 2.056e-4
-1.540, 2.074e-4
-1.541, 2.093e-4
-1.542, 2.115e-4
-1.543, 2.140e-4
-1.544, 2.163e-4
-1.545, 2.183e-4
-1.546, 2.205e-4
-1.547, 2.286e-4
-1.548, 2.263e-4
-1.549, 2.276e-4
-1.550, 2.294e-4
-1.551, 2.315e-4
-1.552, 2.336e-4
-1.553, 2.363e-4
-1.554, 2.391e-4
-1.555, 2.406e-4
-1.556, 2.427e-4
-1.557, 2.464e-4
-1.558, 2.478e-4
-1.559, 2.502e-4
-1.560, 2.524e-4
-1.561, 2.551e-4
-1.562, 2.576e-4
-1.563, 2.602e-4
-1.564, 2.626e-4
-1.565, 2.650e-4
-1.566, 2.673e-4
-1.567, 2.700e-4
-1.568, 2.730e-4
-1.569, 2.768e-4
-1.570, 2.788e-4
-1.571, 2.814e-4
-1.572, 2.845e-4
-1.573, 2.877e-4
-1.574, 2.907e-4
-1.575, 2.938e-4
-1.576, 2.969e-4
-1.577, 3.003e-4
-1.578, 3.038e-4
-1.579, 3.073e-4
-1.580, 3.108e-4
-1.581, 3.144e-4
-1.582, 3.182e-4
-1.583, 3.225e-4
-1.584, 3.264e-4
-1.585, 3.303e-4
-1.586, 3.345e-4
-1.587, 3.388e-4
-1.588, 3.437e-4
-1.589, 3.484e-4
-1.590, 3.530e-4
-1.591, 3.578e-4
-1.592, 3.626e-4
-1.593, 3.679e-4
-1.594, 3.731e-4
-1.595, 3.784e-4
-1.596, 3.842e-4
-1.597, 3.895e-4
-1.598, 3.953e-4
-1.599, 4.013e-4
-1.600, 4.072e-4
-1.601, 4.130e-4
-1.602, 4.191e-4
-1.603, 4.255e-4
-1.604, 4.322e-4
-1.605, 4.388e-4
-1.606, 4.455e-4
-1.607, 4.527e-4
-1.608, 4.602e-4
-1.609, 4.678e-4
-1.610, 4.751e-4
-1.611, 4.827e-4
-1.612, 4.908e-4
-1.613, 4.996e-4
-1.614, 5.084e-4
-1.615, 5.169e-4
-1.616, 5.256e-4
-1.617, 5.349e-4
-1.618, 5.447e-4
-1.619, 5.543e-4
-1.620, 5.639e-4
-1.621, 5.737e-4
-1.622, 5.844e-4
-1.623, 5.950e-4
-1.624, 6.059e-4
-1.625, 6.165e-4
-1.626, 6.273e-4
-1.627, 6.387e-4
-1.628, 6.509e-4
-1.629, 6.627e-4
-1.630, 6.745e-4
-1.631, 6.868e-4
-1.632, 6.995e-4
-1.633, 7.125e-4
-1.634, 7.260e-4
-1.635, 7.394e-4
-1.636, 7.529e-4
-1.637, 7.668e-4
-1.638, 7.820e-4
-1.639, 7.970e-4
-1.640, 8.113e-4
-1.641, 8.263e-4
-1.642, 8.418e-4
-1.643, 8.577e-4
-1.644, 8.733e-4
-1.645, 8.894e-4
-1.646, 9.057e-4
-1.647, 9.224e-4
-1.648, 9.396e-4
-1.649, 9.564e-4
-1.650, 9.732e-4
-1.651, 9.902e-4
-1.652, 1.007e-3
-1.653, 1.025e-3
-1.654, 1.042e-3
-1.655, 1.060e-3
-1.656, 1.079e-3
-1.657, 1.097e-3
-1.658, 1.116e-3
-1.659, 1.133e-3
-1.660, 1.151e-3
-1.661, 1.169e-3
-1.662, 1.187e-3
-1.663, 1.205e-3
-1.664, 1.223e-3
-1.665, 1.242e-3
-1.666, 1.260e-3
-1.667, 1.278e-3
-1.668, 1.297e-3
-1.669, 1.316e-3
-1.670, 1.335e-3
-1.671, 1.354e-3
-1.672, 1.372e-3
-1.673, 1.391e-3
-1.674, 1.410e-3
-1.675, 1.428e-3
-1.676, 1.447e-3
-1.677, 1.467e-3
-1.678, 1.487e-3
-1.679, 1.507e-3
-1.680, 1.526e-3
-1.681, 1.546e-3
-1.682, 1.566e-3
-1.683, 1.585e-3
-1.684, 1.606e-3
-1.685, 1.627e-3
-1.686, 1.647e-3
-1.687, 1.667e-3
-1.688, 1.687e-3
-1.689, 1.709e-3
-1.690, 1.731e-3
-1.691, 1.752e-3
-1.692, 1.774e-3
-1.693, 1.795e-3
-1.694, 1.819e-3
-1.695, 1.839e-3
-1.696, 1.860e-3
-1.697, 1.884e-3
-1.698, 1.907e-3
-1.699, 1.930e-3
-1.700, 1.953e-3
-1.701, 1.974e-3
-1.702, 1.999e-3
-1.703, 2.024e-3
-1.704, 2.048e-3
-1.705, 2.069e-3
-1.706, 2.092e-3
-1.707, 2.116e-3
-1.708, 2.142e-3
-1.709, 2.168e-3
-1.710, 2.193e-3
-1.711, 2.216e-3
-1.712, 2.242e-3
-1.713, 2.269e-3
-1.714, 2.295e-3
-1.715, 2.321e-3
-1.716, 2.347e-3
-1.717, 2.374e-3
-1.718, 2.401e-3
-1.719, 2.431e-3
-1.720, 2.461e-3
-1.721, 2.487e-3
-1.722, 2.514e-3
-1.723, 2.544e-3
-1.724, 2.571e-3
-1.725, 2.600e-3
-1.726, 2.629e-3
-1.727, 2.658e-3
-1.728, 2.688e-3
-1.729, 2.718e-3
-1.730, 2.750e-3
-1.731, 2.779e-3
-1.732, 2.812e-3
-1.733, 2.843e-3
-1.734, 2.871e-3
-1.735, 2.906e-3
-1.736, 2.938e-3
-1.737, 2.970e-3
-1.738, 3.004e-3
-1.739, 3.035e-3
-1.740, 3.069e-3
-1.741, 3.103e-3
-1.742, 3.137e-3
-1.743, 3.172e-3
-1.744, 3.206e-3
-1.745, 3.241e-3
-1.746, 3.274e-3
-1.747, 3.311e-3
-1.748, 3.347e-3
-1.749, 3.382e-3
-1.750, 3.418e-3
-1.751, 3.457e-3
-1.752, 3.491e-3
-1.753, 3.530e-3
-1.754, 3.569e-3
-1.755, 3.609e-3
-1.756, 3.646e-3
-1.757, 3.683e-3
-1.758, 3.718e-3
-1.759, 3.757e-3
-1.760, 3.797e-3
-1.761, 3.837e-3
-1.762, 3.877e-3
-1.763, 3.917e-3
-1.764, 3.961e-3
-1.765, 4.000e-3
-1.766, 4.039e-3
-1.767, 4.080e-3
-1.768, 4.118e-3
-1.769, 4.158e-3
-1.770, 4.201e-3
-1.771, 4.244e-3
-1.772, 4.283e-3
-1.773, 4.325e-3
-1.774, 4.372e-3
-1.775, 4.414e-3
-1.776, 4.456e-3
-1.777, 4.501e-3
-1.778, 4.540e-3
-1.779, 4.586e-3
-1.780, 4.630e-3
-1.781, 4.670e-3
-1.782, 4.713e-3
-1.783, 4.757e-3
-1.784, 4.804e-3
-1.785, 4.854e-3
-1.786, 4.894e-3
-1.787, 4.942e-3
-1.788, 4.994e-3
-1.789, 5.037e-3
-1.790, 5.076e-3
-1.791, 5.122e-3
-1.792, 5.167e-3
-1.793, 5.212e-3
-1.794, 5.257e-3
-1.795, 5.309e-3
-1.796, 5.355e-3
-1.797, 5.398e-3
-1.798, 5.440e-3
-1.799, 5.487e-3
-1.800, 5.483e-3
-1.799, 5.436e-3
-1.798, 5.383e-3
-1.797, 5.332e-3
-1.796, 5.287e-3
-1.795, 5.234e-3
-1.794, 5.180e-3
-1.793, 5.123e-3
-1.792, 5.069e-3
-1.791, 5.019e-3
-1.790, 4.970e-3
-1.789, 4.920e-3
-1.788, 4.868e-3
-1.787, 4.818e-3
-1.786, 4.775e-3
-1.785, 4.725e-3
-1.784, 4.671e-3
-1.783, 4.622e-3
-1.782, 4.574e-3
-1.781, 4.525e-3
-1.780, 4.477e-3
-1.779, 4.431e-3
-1.778, 4.386e-3
-1.777, 4.340e-3
-1.776, 4.299e-3
-1.775, 4.254e-3
-1.774, 4.209e-3
-1.773, 4.162e-3
-1.772, 4.117e-3
-1.771, 4.074e-3
-1.770, 4.033e-3
-1.769, 3.987e-3
-1.768, 3.942e-3
-1.767, 3.894e-3
-1.766, 3.860e-3
-1.765, 3.815e-3
-1.764, 3.772e-3
-1.763, 3.730e-3
-1.762, 3.693e-3
-1.761, 3.649e-3
-1.760, 3.606e-3
-1.759, 3.566e-3
-1.758, 3.530e-3
-1.757, 3.489e-3
-1.756, 3.450e-3
-1.755, 3.412e-3
-1.754, 3.376e-3
-1.753, 3.343e-3
-1.752, 3.304e-3
-1.751, 3.264e-3
-1.750, 3.226e-3
-1.749, 3.194e-3
-1.748, 3.155e-3
-1.747, 3.118e-3
-1.746, 3.082e-3
-1.745, 3.048e-3
-1.744, 3.018e-3
-1.743, 2.989e-3
-1.742, 2.953e-3
-1.741, 2.917e-3
-1.740, 2.883e-3
-1.739, 2.851e-3
-1.738, 2.816e-3
-1.737, 2.786e-3
-1.736, 2.755e-3
-1.735, 2.721e-3
-1.734, 2.688e-3
-1.733, 2.655e-3
-1.732, 2.626e-3
-1.731, 2.599e-3
-1.730, 2.567e-3
-1.729, 2.532e-3
-1.728, 2.502e-3
-1.727, 2.471e-3
-1.726, 2.441e-3
-1.725, 2.412e-3
-1.724, 2.382e-3
-1.723, 2.353e-3
-1.722, 2.324e-3
-1.721, 2.296e-3
-1.720, 2.268e-3
-1.719, 2.238e-3
-1.718, 2.210e-3
-1.717, 2.182e-3
-1.716, 2.155e-3
-1.715, 2.128e-3
-1.714, 2.102e-3
-1.713, 2.075e-3
-1.712, 2.047e-3
-1.711, 2.022e-3
-1.710, 1.997e-3
-1.709, 1.970e-3
-1.708, 1.945e-3
-1.707, 1.920e-3
-1.706, 1.896e-3
-1.705, 1.872e-3
-1.704, 1.846e-3
-1.703, 1.821e-3
-1.702, 1.797e-3
-1.701, 1.773e-3
-1.700, 1.749e-3
-1.699, 1.725e-3
-1.698, 1.701e-3
-1.697, 1.679e-3
-1.696, 1.655e-3
-1.695, 1.632e-3
-1.694, 1.608e-3
-1.693, 1.581e-3
-1.692, 1.559e-3
-1.691, 1.537e-3
-1.690, 1.516e-3
-1.689, 1.494e-3
-1.688, 1.472e-3
-1.687, 1.452e-3
-1.686, 1.430e-3
-1.685, 1.409e-3
-1.684, 1.389e-3
-1.683, 1.369e-3
-1.682, 1.350e-3
-1.681, 1.332e-3
-1.680, 1.311e-3
-1.679, 1.292e-3
-1.678, 1.273e-3
-1.677, 1.253e-3
-1.676, 1.235e-3
-1.675, 1.217e-3
-1.674, 1.200e-3
-1.673, 1.182e-3
-1.672, 1.164e-3
-1.671, 1.146e-3
-1.670, 1.128e-3
-1.669, 1.110e-3
-1.668, 1.094e-3
-1.667, 1.076e-3
-1.666, 1.059e-3
-1.665, 1.042e-3
-1.664, 1.027e-3
-1.663, 1.011e-3
-1.662, 9.956e-4
-1.661, 9.804e-4
-1.660, 9.646e-4
-1.659, 9.490e-4
-1.658, 9.342e-4
-1.657, 9.191e-4
-1.656, 9.042e-4
-1.655, 8.901e-4
-1.654, 8.763e-4
-1.653, 8.617e-4
-1.652, 8.476e-4
-1.651, 8.335e-4
-1.650, 8.194e-4
-1.649, 8.052e-4
-1.648, 7.922e-4
-1.647, 7.788e-4
-1.646, 7.661e-4
-1.645, 7.534e-4
-1.644, 7.410e-4
-1.643, 7.286e-4
-1.642, 7.169e-4
-1.641, 7.054e-4
-1.640, 6.936e-4
-1.639, 6.818e-4
-1.638, 6.702e-4
-1.637, 6.590e-4
-1.636, 6.480e-4
-1.635, 6.369e-4
-1.634, 6.264e-4
-1.633, 6.165e-4
-1.632, 6.063e-4
-1.631, 5.962e-4
-1.630, 5.861e-4
-1.629, 5.762e-4
-1.628, 5.665e-4
-1.627, 5.569e-4
-1.626, 5.476e-4
-1.625, 5.385e-4
-1.624, 5.294e-4
-1.623, 5.208e-4
-1.622, 5.119e-4
-1.621, 5.033e-4
-1.620, 4.948e-4
-1.619, 4.864e-4
-1.618, 4.783e-4
-1.617, 4.705e-4
-1.616, 4.629e-4
-1.615, 4.547e-4
-1.614, 4.468e-4
-1.613, 4.394e-4
-1.612, 4.321e-4
-1.611, 4.249e-4
-1.610, 4.178e-4
-1.609, 4.107e-4
-1.608, 4.042e-4
-1.607, 3.976e-4
-1.606, 3.909e-4
-1.605, 3.844e-4
-1.604, 3.779e-4
-1.603, 3.717e-4
-1.602, 3.661e-4
-1.601, 3.600e-4
-1.600, 3.541e-4
-1.599, 3.479e-4
-1.598, 3.422e-4
-1.597, 3.367e-4
-1.596, 3.310e-4
-1.595, 3.253e-4
-1.594, 3.199e-4
-1.593, 3.148e-4
-1.592, 3.097e-4
-1.591, 3.046e-4
-1.590, 2.994e-4
-1.589, 2.946e-4
-1.588, 2.897e-4
-1.587, 2.847e-4
-1.586, 2.801e-4
-1.585, 2.752e-4
-1.584, 2.706e-4
-1.583, 2.663e-4
-1.582, 2.619e-4
-1.581, 2.574e-4
-1.580, 2.529e-4
-1.579, 2.486e-4
-1.578, 2.447e-4
-1.577, 2.407e-4
-1.576, 2.367e-4
-1.575, 2.327e-4
-1.574, 2.288e-4
-1.573, 2.254e-4
-1.572, 2.220e-4
-1.571, 2.181e-4
-1.570, 2.146e-4
-1.569, 2.109e-4
-1.568, 2.076e-4
-1.567, 2.043e-4
-1.566, 2.006e-4
-1.565, 1.973e-4
-1.564, 1.940e-4
-1.563, 1.910e-4
-1.562, 1.878e-4
-1.561, 1.847e-4
-1.560, 1.816e-4
-1.559, 1.785e-4
-1.558, 1.757e-4
-1.557, 1.729e-4
-1.556, 1.701e-4
-1.555, 1.670e-4
-1.554, 1.643e-4
-1.553, 1.616e-4
-1.552, 1.592e-4
-1.551, 1.565e-4
-1.550, 1.536e-4
-1.549, 1.510e-4
-1.548, 1.485e-4
-1.547, 1.463e-4
-1.546, 1.438e-4
-1.545, 1.411e-4
-1.544, 1.385e-4
-1.543, 1.365e-4
-1.542, 1.344e-4
-1.541, 1.322e-4
-1.540, 1.298e-4
-1.539, 1.276e-4
-1.538, 1.256e-4
-1.537, 1.236e-4
-1.536, 1.215e-4
-1.535, 1.194e-4
-1.534, 1.174e-4
-1.533, 1.156e-4
-1.532, 1.139e-4
-1.531, 1.120e-4
-1.530, 1.101e-4
-1.529, 1.082e-4
-1.528, 1.066e-4
-1.527, 1.051e-4
-1.526, 1.031e-4
-1.525, 1.014e-4
-1.524, 9.982e-5
-1.523, 9.824e-5
-1.522, 9.734e-5
-1.521, 9.569e-5
-1.520, 9.410e-5
-1.519, 9.251e-5
-1.518, 9.113e-5
-1.517, 8.991e-5
-1.516, 8.842e-5
-1.515, 8.686e-5
-1.514, 8.556e-5
-1.513, 8.430e-5
-1.512, 8.325e-5
-1.511, 8.182e-5
-1.510, 8.028e-5
-1.509, 7.902e-5
-1.508, 7.789e-5
-1.507, 7.668e-5
-1.506, 7.556e-5
-1.505, 7.434e-5
-1.504, 7.317e-5
-1.503, 7.235e-5
-1.502, 7.145e-5
-1.501, 7.034e-5
-1.500, 6.917e-5
-1.499, 6.815e-5
-1.498, 6.725e-5
-1.497, 6.619e-5
-1.496, 6.515e-5
-1.495, 6.415e-5
-1.494, 6.310e-5
-1.493, 6.251e-5
-1.492, 6.166e-5
-1.491, 6.087e-5
-1.490, 5.989e-5
-1.489, 5.897e-5
-1.488, 5.818e-5
-1.487, 5.745e-5
-1.486, 5.648e-5
-1.485, 5.542e-5
-1.484, 5.456e-5
-1.483, 5.409e-5
-1.482, 5.349e-5
-1.481, 5.275e-5
-1.480, 5.191e-5
-1.479, 5.110e-5
-1.478, 5.043e-5
-1.477, 4.990e-5
-1.476, 4.919e-5
-1.475, 4.820e-5
-1.474, 4.763e-5
-1.473, 4.717e-5
-1.472, 4.666e-5
-1.471, 4.577e-5
-1.470, 4.495e-5
-1.469, 4.435e-5
-1.468, 4.385e-5
-1.467, 4.337e-5
-1.466, 4.269e-5
-1.465, 4.200e-5
-1.464, 4.161e-5
-1.463, 4.132e-5
-1.462, 4.096e-5
-1.461, 4.035e-5
-1.460, 3.963e-5
-1.459, 3.895e-5
-1.458, 3.865e-5
-1.457, 3.822e-5
-1.456, 3.743e-5
-1.455, 3.693e-5
-1.454, 3.647e-5
-1.453, 3.618e-5
-1.452, 3.593e-5
-1.451, 3.523e-5
-1.450, 3.458e-5
-1.449, 3.399e-5
-1.448, 3.372e-5
-1.447, 3.334e-5
-1.446, 3.269e-5
-1.445, 3.231e-5
-1.444, 3.195e-5
-1.443, 3.162e-5
-1.442, 3.148e-5
-1.441, 3.093e-5
-1.440, 3.033e-5
-1.439, 2.980e-5
-1.438, 2.940e-5
-1.437, 2.914e-5
-1.436, 2.864e-5
-1.435, 2.810e-5
-1.434, 2.770e-5
-1.433, 2.759e-5
-1.432, 2.738e-5
-1.431, 2.680e-5
-1.430, 2.612e-5
-1.429, 2.587e-5
-1.428, 2.567e-5
-1.427, 2.524e-5
-1.426, 2.488e-5
-1.425, 2.436e-5
-1.424, 2.406e-5
-1.423, 2.392e-5
-1.422, 2.371e-5
-1.421, 2.316e-5
-1.420, 2.252e-5
-1.419, 2.222e-5
-1.418, 2.198e-5
-1.417, 2.174e-5
-1.416, 2.141e-5
-1.415, 2.080e-5
-1.414, 2.051e-5
-1.413, 2.040e-5
-1.412, 2.019e-5
-1.411, 1.972e-5
-1.410, 1.932e-5
-1.409, 1.897e-5
-1.408, 1.880e-5
-1.407, 1.869e-5
-1.406, 1.815e-5
-1.405, 1.768e-5
-1.404, 1.750e-5
-1.403, 1.745e-5
-1.402, 1.734e-5
-1.401, 1.689e-5
-1.400, 1.658e-5
-1.399, 1.624e-5
-1.398, 1.612e-5
-1.397, 1.598e-5
-1.396, 1.556e-5
-1.395, 1.506e-5
-1.394, 1.481e-5
-1.393, 1.476e-5
-1.392, 1.480e-5
-1.391, 1.453e-5
-1.390, 1.410e-5
-1.389, 1.393e-5
-1.388, 1.378e-5
-1.387, 1.367e-5
-1.386, 1.332e-5
-1.385, 1.275e-5
-1.384, 1.260e-5
-1.383, 1.255e-5
-1.382, 1.258e-5
-1.381, 1.229e-5
-1.380, 1.194e-5
-1.379, 1.178e-5
-1.378, 1.193e-5
-1.377, 1.174e-5
-1.376, 1.127e-5
-1.375, 1.098e-5
-1.374, 1.099e-5
-1.373, 1.097e-5
-1.372, 1.094e-5
-1.371, 1.055e-5
-1.370, 1.019e-5
-1.369, 9.992e-6
-1.368, 9.973e-6
-1.367, 9.716e-6
-1.366, 9.331e-6
-1.365, 8.937e-6
-1.364, 8.700e-6
-1.363, 8.700e-6
-1.362, 8.858e-6
-1.361, 8.433e-6
-1.360, 8.059e-6
-1.359, 7.763e-6
-1.358, 7.624e-6
-1.357, 7.555e-6
-1.356, 7.180e-6
-1.355, 6.815e-6
-1.354, 6.579e-6
-1.353, 6.579e-6
-1.352, 6.667e-6
-1.351, 6.223e-6
-1.350, 5.671e-6
-1.349, 5.651e-6
-1.348, 5.750e-6
-1.347, 5.671e-6
-1.346, 5.602e-6
-1.345, 5.040e-6
-1.344, 4.793e-6
-1.343, 4.803e-6
-1.342, 4.665e-6
-1.341, 4.418e-6
-1.340, 3.935e-6
-1.339, 3.668e-6
-1.338, 3.846e-6
-1.337, 3.757e-6
-1.336, 3.530e-6
-1.335, 3.155e-6
-1.334, 2.859e-6
-1.333, 2.879e-6
-1.332, 3.126e-6
-1.331, 2.514e-6
-1.330, 2.090e-6
-1.329, 1.833e-6
-1.328, 1.922e-6
-1.327, 2.001e-6
-1.326, 1.695e-6
-1.325, 1.202e-6
-1.324, 1.103e-6
-1.323, 1.192e-6
-1.322, 1.172e-6
-1.321, 8.366e-7
-1.320, 4.617e-7
-1.319, 1.855e-7
-1.318, 1.066e-7
-1.317, 3.927e-7
-1.316, 2.545e-7
-1.315, -3.867e-7
-1.314, -4.558e-7
-1.313, -4.657e-7
-1.312, -5.051e-7
-1.311, -8.110e-7
-1.310, -1.373e-6
-1.309, -1.423e-6
-1.308, -1.265e-6
-1.307, -1.196e-6
-1.306, -1.581e-6
-1.305, -1.896e-6
-1.304, -2.044e-6
-1.303, -2.034e-6
-1.302, -2.074e-6
-1.301, -2.320e-6
-1.300, -2.626e-6
-1.299, -2.814e-6
-1.298, -2.439e-6
-1.297, -2.409e-6
-1.296, -2.656e-6
-1.295, -2.942e-6
-1.294, -3.159e-6
-1.293, -3.031e-6
-1.292, -3.021e-6
-1.291, -3.504e-6
-1.290, -3.879e-6
-1.289, -3.998e-6
-1.288, -3.781e-6
-1.287, -3.830e-6
-1.286, -4.205e-6
-1.285, -4.550e-6
-1.284, -4.511e-6
-1.283, -4.412e-6
-1.282, -4.037e-6
-1.281, -4.392e-6
-1.280, -4.984e-6
-1.279, -5.063e-6
-1.278, -5.034e-6
-1.277, -4.925e-6
-1.276, -5.014e-6
-1.275, -5.487e-6
-1.274, -5.527e-6
-1.273, -5.320e-6
-1.272, -5.241e-6
-1.271, -5.537e-6
-1.270, -6.030e-6
-1.269, -5.981e-6
-1.268, -5.902e-6
-1.267, -5.912e-6
-1.266, -6.168e-6
-1.265, -6.543e-6
-1.264, -6.563e-6
-1.263, -6.237e-6
-1.262, -6.178e-6
-1.261, -6.464e-6
-1.260, -6.888e-6
-1.259, -6.908e-6
-1.258, -6.829e-6
-1.257, -6.573e-6
-1.256, -6.829e-6
-1.255, -7.323e-6
-1.254, -7.411e-6
-1.253, -7.234e-6
-1.252, -6.967e-6
-1.251, -7.155e-6
-1.250, -7.589e-6
-1.249, -7.776e-6
-1.248, -7.618e-6
-1.247, -7.589e-6
-1.246, -7.816e-6
-1.245, -8.053e-6
-1.244, -8.023e-6
-1.243, -7.905e-6
-1.242, -7.658e-6
-1.241, -8.191e-6
-1.240, -8.408e-6
-1.239, -7.658e-6
-1.238, -8.003e-6
-1.237, -7.885e-6
-1.236, -7.392e-6
-1.235, -8.487e-6
-1.234, -8.674e-6
-1.233, -8.615e-6
-1.232, -8.457e-6
-1.231, -8.694e-6
-1.230, -9.246e-6
-1.229, -9.690e-6
-1.228, -9.227e-6
-1.227, -8.950e-6
-1.226, -8.941e-6
-1.225, -9.414e-6
-1.224, -9.463e-6
-1.223, -9.246e-6
-1.222, -9.207e-6
-1.221, -9.513e-6
-1.220, -9.888e-6
-1.219, -1.003e-5
-1.218, -9.759e-6
-1.217, -9.671e-6
-1.216, -9.868e-6
-1.215, -1.020e-5
-1.214, -1.017e-5
-1.213, -9.898e-6
-1.212, -9.769e-6
-1.211, -1.023e-5
-1.210, -1.064e-5
-1.209, -1.085e-5
-1.208, -1.049e-5
-1.207, -1.029e-5
-1.206, -1.063e-5
-1.205, -1.074e-5
-1.204, -1.096e-5
-1.203, -1.078e-5
-1.202, -1.063e-5
-1.201, -1.091e-5
-1.200, -1.112e-5
-1.199, -1.106e-5
-1.198, -1.090e-5
-1.197, -1.049e-5
-1.196, -1.074e-5
-1.195, -1.115e-5
-1.194, -1.126e-5
-1.193, -1.114e-5
-1.192, -1.067e-5
-1.191, -1.085e-5
-1.190, -1.126e-5
-1.189, -1.111e-5
-1.188, -1.097e-5
-1.187, -1.079e-5
-1.186, -1.091e-5
-1.185, -1.137e-5
-1.184, -1.135e-5
-1.183, -1.116e-5
-1.182, -1.099e-5
-1.181, -1.119e-5
-1.180, -1.150e-5
-1.179, -1.181e-5
-1.178, -1.150e-5
-1.177, -1.136e-5
-1.176, -1.154e-5
-1.175, -1.179e-5
-1.174, -1.201e-5
-1.173, -1.159e-5
-1.172, -1.141e-5
-1.171, -1.169e-5
-1.170, -1.177e-5
-1.169, -1.186e-5
-1.168, -1.164e-5
-1.167, -1.142e-5
-1.166, -1.173e-5
-1.165, -1.200e-5
-1.164, -1.212e-5
-1.163, -1.192e-5
-1.162, -1.156e-5
-1.161, -1.186e-5
-1.160, -1.217e-5
-1.159, -1.212e-5
-1.158, -1.202e-5
-1.157, -1.178e-5
-1.156, -1.195e-5
-1.155, -1.238e-5
-1.154, -1.238e-5
-1.153, -1.206e-5
-1.152, -1.192e-5
-1.151, -1.214e-5
-1.150, -1.250e-5
-1.149, -1.243e-5
-1.148, -1.221e-5
-1.147, -1.200e-5
-1.146, -1.215e-5
-1.145, -1.255e-5
-1.144, -1.251e-5
-1.143, -1.214e-5
-1.142, -1.198e-5
-1.141, -1.207e-5
-1.140, -1.242e-5
-1.139, -1.250e-5
-1.138, -1.217e-5
-1.137, -1.189e-5
-1.136, -1.217e-5
-1.135, -1.229e-5
-1.134, -1.251e-5
-1.133, -1.209e-5
-1.132, -1.192e-5
-1.131, -1.215e-5
-1.130, -1.237e-5
-1.129, -1.236e-5
-1.128, -1.201e-5
-1.127, -1.189e-5
-1.126, -1.214e-5
-1.125, -1.232e-5
-1.124, -1.217e-5
-1.123, -1.211e-5
-1.122, -1.175e-5
-1.121, -1.200e-5
-1.120, -1.236e-5
-1.119, -1.213e-5
-1.118, -1.191e-5
-1.117, -1.142e-5
-1.116, -1.174e-5
-1.115, -1.201e-5
-1.114, -1.183e-5
-1.113, -1.161e-5
-1.112, -1.139e-5
-1.111, -1.159e-5
-1.110, -1.193e-5
-1.109, -1.176e-5
-1.108, -1.155e-5
-1.107, -1.126e-5
-1.106, -1.128e-5
-1.105, -1.153e-5
-1.104, -1.140e-5
-1.103, -1.122e-5
-1.102, -1.118e-5
-1.101, -1.151e-5
-1.100, -1.179e-5
-1.099, -1.178e-5
-1.098, -1.139e-5
-1.097, -1.130e-5
-1.096, -1.121e-5
-1.095, -1.137e-5
-1.094, -1.144e-5
-1.093, -1.095e-5
-1.092, -1.096e-5
-1.091, -1.115e-5
-1.090, -1.141e-5
-1.089, -1.147e-5
-1.088, -1.128e-5
-1.087, -1.090e-5
-1.086, -1.099e-5
-1.085, -1.114e-5
-1.084, -1.123e-5
-1.083, -1.108e-5
-1.082, -1.090e-5
-1.081, -1.115e-5
-1.080, -1.138e-5
-1.079, -1.134e-5
-1.078, -1.122e-5
-1.077, -1.088e-5
-1.076, -1.133e-5
-1.075, -1.168e-5
-1.074, -1.142e-5
-1.073, -1.109e-5
-1.072, -1.068e-5
-1.071, -1.083e-5
-1.070, -1.109e-5
-1.069, -1.088e-5
-1.068, -1.047e-5
-1.067, -1.079e-5
-1.066, -1.057e-5
-1.065, -1.113e-5
-1.064, -1.103e-5
-1.063, -1.079e-5
-1.062, -1.053e-5
-1.061, -1.075e-5
-1.060, -1.125e-5
-1.059, -1.142e-5
-1.058, -1.108e-5
-1.057, -1.082e-5
-1.056, -1.106e-5
-1.055, -1.127e-5
-1.054, -1.130e-5
-1.053, -1.065e-5
-1.052, -1.027e-5
-1.051, -1.051e-5
-1.050, -1.089e-5
-1.049, -1.113e-5
-1.048, -1.071e-5
-1.047, -1.054e-5
-1.046, -1.082e-5
-1.045, -1.112e-5
-1.044, -1.110e-5
-1.043, -1.068e-5
-1.042, -1.038e-5
-1.041, -1.063e-5
-1.040, -1.102e-5
-1.039, -1.099e-5
-1.038, -1.087e-5
-1.037, -1.059e-5
-1.036, -1.065e-5
-1.035, -1.113e-5
-1.034, -1.090e-5
-1.033, -1.074e-5
-1.032, -1.026e-5
-1.031, -1.059e-5
-1.030, -1.105e-5
-1.029, -1.103e-5
-1.028, -1.073e-5
-1.027, -1.051e-5
-1.026, -1.059e-5
-1.025, -1.103e-5
-1.024, -1.129e-5
-1.023, -1.088e-5
-1.022, -1.073e-5
-1.021, -1.085e-5
-1.020, -1.112e-5
-1.019, -1.107e-5
-1.018, -1.072e-5
-1.017, -1.037e-5
-1.016, -1.052e-5
-1.015, -1.068e-5
-1.014, -1.085e-5
-1.013, -1.061e-5
-1.012, -1.024e-5
-1.011, -1.057e-5
-1.010, -1.067e-5
-1.009, -1.074e-5
-1.008, -1.051e-5
-1.007, -1.019e-5
-1.006, -1.043e-5
-1.005, -1.078e-5
-1.004, -1.076e-5
-1.003, -1.060e-5
-1.002, -1.017e-5
-1.001, -1.028e-5
