Apr. 10, 2025   03:47:37
Linear Sweep Voltammetry
File: c:/users/guazh/data/banditlqround7_x0exp994_r5/2025-03-28-exp1034\regeneratedgce-2025-04-10t03_43_02-lsvinkoh\regeneratedgce_lsv_50mvs_efin_-1900mv.bin
Data Source:  Experiment
Instrument Model:  CHI760E
Header: LSV ran at 50 mVs with Efin at -1900mV
Note: 

Init E (V) = -0.6
Final E (V) = -1.9
Scan Rate (V/s) = 0.05
Sample Interval (V) = 0.001
Quiet Time (sec) = 2
Sensitivity (A/V) = 1e-4
Comp R (ohm) = 2.1

Results:

Channel 1:

Potential/V, Current/A

-0.600, -2.753e-7
-0.601, -1.381e-7
-0.602, -9.996e-8
-0.603, -7.905e-8
-0.604, -6.287e-8
-0.605, -4.757e-8
-0.606, -3.228e-8
-0.607, -1.837e-8
-0.608, -7.518e-9
-0.609, 4.420e-9
-0.610, 1.478e-8
-0.611, 2.632e-8
-0.612, 3.787e-8
-0.613, 4.487e-8
-0.614, 5.562e-8
-0.615, 6.362e-8
-0.616, 7.309e-8
-0.617, 8.256e-8
-0.618, 9.035e-8
-0.619, 9.884e-8
-0.620, 1.072e-7
-0.621, 1.147e-7
-0.622, 1.256e-7
-0.623, 1.307e-7
-0.624, 1.375e-7
-0.625, 1.446e-7
-0.626, 1.523e-7
-0.627, 1.614e-7
-0.628, 1.685e-7
-0.629, 1.727e-7
-0.630, 1.801e-7
-0.631, 1.870e-7
-0.632, 1.948e-7
-0.633, 2.016e-7
-0.634, 2.072e-7
-0.635, 2.140e-7
-0.636, 2.206e-7
-0.637, 2.260e-7
-0.638, 2.330e-7
-0.639, 2.378e-7
-0.640, 2.428e-7
-0.641, 2.510e-7
-0.642, 2.578e-7
-0.643, 2.644e-7
-0.644, 2.691e-7
-0.645, 2.735e-7
-0.646, 2.817e-7
-0.647, 2.879e-7
-0.648, 2.928e-7
-0.649, 2.972e-7
-0.650, 3.009e-7
-0.651, 3.068e-7
-0.652, 3.143e-7
-0.653, 3.184e-7
-0.654, 3.247e-7
-0.655, 3.280e-7
-0.656, 3.334e-7
-0.657, 3.407e-7
-0.658, 3.445e-7
-0.659, 3.494e-7
-0.660, 3.536e-7
-0.661, 3.583e-7
-0.662, 3.660e-7
-0.663, 3.682e-7
-0.664, 3.731e-7
-0.665, 3.787e-7
-0.666, 3.844e-7
-0.667, 3.899e-7
-0.668, 3.947e-7
-0.669, 3.986e-7
-0.670, 4.022e-7
-0.671, 4.074e-7
-0.672, 4.134e-7
-0.673, 4.179e-7
-0.674, 4.212e-7
-0.675, 4.246e-7
-0.676, 4.307e-7
-0.677, 4.367e-7
-0.678, 4.406e-7
-0.679, 4.418e-7
-0.680, 4.454e-7
-0.681, 4.517e-7
-0.682, 4.577e-7
-0.683, 4.614e-7
-0.684, 4.647e-7
-0.685, 4.673e-7
-0.686, 4.736e-7
-0.687, 4.791e-7
-0.688, 4.820e-7
-0.689, 4.861e-7
-0.690, 4.876e-7
-0.691, 4.927e-7
-0.692, 4.993e-7
-0.693, 5.016e-7
-0.694, 5.046e-7
-0.695, 5.080e-7
-0.696, 5.128e-7
-0.697, 5.194e-7
-0.698, 5.201e-7
-0.699, 5.240e-7
-0.700, 5.285e-7
-0.701, 5.328e-7
-0.702, 5.386e-7
-0.703, 5.405e-7
-0.704, 5.439e-7
-0.705, 5.485e-7
-0.706, 5.528e-7
-0.707, 5.578e-7
-0.708, 5.608e-7
-0.709, 5.632e-7
-0.710, 5.671e-7
-0.711, 5.721e-7
-0.712, 5.769e-7
-0.713, 5.799e-7
-0.714, 5.820e-7
-0.715, 5.851e-7
-0.716, 5.913e-7
-0.717, 5.946e-7
-0.718, 5.980e-7
-0.719, 5.998e-7
-0.720, 6.032e-7
-0.721, 6.095e-7
-0.722, 6.129e-7
-0.723, 6.149e-7
-0.724, 6.183e-7
-0.725, 6.210e-7
-0.726, 6.268e-7
-0.727, 6.308e-7
-0.728, 6.339e-7
-0.729, 6.374e-7
-0.730, 6.396e-7
-0.731, 6.447e-7
-0.732, 6.498e-7
-0.733, 6.512e-7
-0.734, 6.540e-7
-0.735, 6.570e-7
-0.736, 6.624e-7
-0.737, 6.679e-7
-0.738, 6.697e-7
-0.739, 6.732e-7
-0.740, 6.766e-7
-0.741, 6.783e-7
-0.742, 6.839e-7
-0.743, 6.875e-7
-0.744, 6.906e-7
-0.745, 6.950e-7
-0.746, 6.969e-7
-0.747, 7.032e-7
-0.748, 7.064e-7
-0.749, 7.070e-7
-0.750, 7.107e-7
-0.751, 7.135e-7
-0.752, 7.190e-7
-0.753, 7.225e-7
-0.754, 7.235e-7
-0.755, 7.276e-7
-0.756, 7.320e-7
-0.757, 7.353e-7
-0.758, 7.382e-7
-0.759, 7.397e-7
-0.760, 7.426e-7
-0.761, 7.478e-7
-0.762, 7.526e-7
-0.763, 7.543e-7
-0.764, 7.574e-7
-0.765, 7.596e-7
-0.766, 7.646e-7
-0.767, 7.676e-7
-0.768, 7.732e-7
-0.769, 7.762e-7
-0.770, 7.769e-7
-0.771, 7.815e-7
-0.772, 7.875e-7
-0.773, 7.877e-7
-0.774, 7.912e-7
-0.775, 7.940e-7
-0.776, 7.985e-7
-0.777, 8.041e-7
-0.778, 8.061e-7
-0.779, 8.091e-7
-0.780, 8.138e-7
-0.781, 8.166e-7
-0.782, 8.227e-7
-0.783, 8.244e-7
-0.784, 8.264e-7
-0.785, 8.295e-7
-0.786, 8.328e-7
-0.787, 8.373e-7
-0.788, 8.404e-7
-0.789, 8.433e-7
-0.790, 8.470e-7
-0.791, 8.526e-7
-0.792, 8.569e-7
-0.793, 8.596e-7
-0.794, 8.628e-7
-0.795, 8.645e-7
-0.796, 8.683e-7
-0.797, 8.717e-7
-0.798, 8.767e-7
-0.799, 8.778e-7
-0.800, 8.803e-7
-0.801, 8.873e-7
-0.802, 8.904e-7
-0.803, 8.937e-7
-0.804, 8.968e-7
-0.805, 8.980e-7
-0.806, 9.027e-7
-0.807, 9.082e-7
-0.808, 9.095e-7
-0.809, 9.141e-7
-0.810, 9.157e-7
-0.811, 9.199e-7
-0.812, 9.257e-7
-0.813, 9.287e-7
-0.814, 9.314e-7
-0.815, 9.332e-7
-0.816, 9.378e-7
-0.817, 9.431e-7
-0.818, 9.443e-7
-0.819, 9.512e-7
-0.820, 9.560e-7
-0.821, 9.568e-7
-0.822, 9.629e-7
-0.823, 9.650e-7
-0.824, 9.674e-7
-0.825, 9.698e-7
-0.826, 9.742e-7
-0.827, 9.793e-7
-0.828, 9.830e-7
-0.829, 9.844e-7
-0.830, 9.880e-7
-0.831, 9.919e-7
-0.832, 9.964e-7
-0.833, 9.991e-7
-0.834, 1.001e-6
-0.835, 1.006e-6
-0.836, 1.010e-6
-0.837, 1.015e-6
-0.838, 1.017e-6
-0.839, 1.020e-6
-0.840, 1.022e-6
-0.841, 1.028e-6
-0.842, 1.032e-6
-0.843, 1.036e-6
-0.844, 1.038e-6
-0.845, 1.040e-6
-0.846, 1.047e-6
-0.847, 1.051e-6
-0.848, 1.054e-6
-0.849, 1.056e-6
-0.850, 1.058e-6
-0.851, 1.064e-6
-0.852, 1.070e-6
-0.853, 1.072e-6
-0.854, 1.075e-6
-0.855, 1.078e-6
-0.856, 1.083e-6
-0.857, 1.087e-6
-0.858, 1.090e-6
-0.859, 1.094e-6
-0.860, 1.097e-6
-0.861, 1.102e-6
-0.862, 1.107e-6
-0.863, 1.109e-6
-0.864, 1.112e-6
-0.865, 1.116e-6
-0.866, 1.119e-6
-0.867, 1.125e-6
-0.868, 1.127e-6
-0.869, 1.129e-6
-0.870, 1.134e-6
-0.871, 1.140e-6
-0.872, 1.144e-6
-0.873, 1.147e-6
-0.874, 1.149e-6
-0.875, 1.152e-6
-0.876, 1.157e-6
-0.877, 1.162e-6
-0.878, 1.166e-6
-0.879, 1.168e-6
-0.880, 1.171e-6
-0.881, 1.178e-6
-0.882, 1.181e-6
-0.883, 1.185e-6
-0.884, 1.189e-6
-0.885, 1.191e-6
-0.886, 1.199e-6
-0.887, 1.203e-6
-0.888, 1.206e-6
-0.889, 1.210e-6
-0.890, 1.212e-6
-0.891, 1.218e-6
-0.892, 1.223e-6
-0.893, 1.224e-6
-0.894, 1.229e-6
-0.895, 1.232e-6
-0.896, 1.238e-6
-0.897, 1.244e-6
-0.898, 1.244e-6
-0.899, 1.250e-6
-0.900, 1.253e-6
-0.901, 1.258e-6
-0.902, 1.264e-6
-0.903, 1.266e-6
-0.904, 1.271e-6
-0.905, 1.274e-6
-0.906, 1.278e-6
-0.907, 1.284e-6
-0.908, 1.286e-6
-0.909, 1.290e-6
-0.910, 1.294e-6
-0.911, 1.299e-6
-0.912, 1.305e-6
-0.913, 1.308e-6
-0.914, 1.312e-6
-0.915, 1.316e-6
-0.916, 1.322e-6
-0.917, 1.327e-6
-0.918, 1.331e-6
-0.919, 1.335e-6
-0.920, 1.339e-6
-0.921, 1.344e-6
-0.922, 1.349e-6
-0.923, 1.352e-6
-0.924, 1.357e-6
-0.925, 1.360e-6
-0.926, 1.366e-6
-0.927, 1.372e-6
-0.928, 1.375e-6
-0.929, 1.380e-6
-0.930, 1.382e-6
-0.931, 1.388e-6
-0.932, 1.393e-6
-0.933, 1.397e-6
-0.934, 1.402e-6
-0.935, 1.406e-6
-0.936, 1.412e-6
-0.937, 1.418e-6
-0.938, 1.420e-6
-0.939, 1.424e-6
-0.940, 1.429e-6
-0.941, 1.435e-6
-0.942, 1.441e-6
-0.943, 1.444e-6
-0.944, 1.449e-6
-0.945, 1.453e-6
-0.946, 1.457e-6
-0.947, 1.466e-6
-0.948, 1.468e-6
-0.949, 1.472e-6
-0.950, 1.478e-6
-0.951, 1.483e-6
-0.952, 1.489e-6
-0.953, 1.493e-6
-0.954, 1.497e-6
-0.955, 1.500e-6
-0.956, 1.507e-6
-0.957, 1.512e-6
-0.958, 1.517e-6
-0.959, 1.522e-6
-0.960, 1.527e-6
-0.961, 1.535e-6
-0.962, 1.539e-6
-0.963, 1.543e-6
-0.964, 1.548e-6
-0.965, 1.550e-6
-0.966, 1.560e-6
-0.967, 1.565e-6
-0.968, 1.570e-6
-0.969, 1.575e-6
-0.970, 1.579e-6
-0.971, 1.585e-6
-0.972, 1.592e-6
-0.973, 1.598e-6
-0.974, 1.603e-6
-0.975, 1.606e-6
-0.976, 1.613e-6
-0.977, 1.620e-6
-0.978, 1.622e-6
-0.979, 1.629e-6
-0.980, 1.633e-6
-0.981, 1.639e-6
-0.982, 1.646e-6
-0.983, 1.649e-6
-0.984, 1.655e-6
-0.985, 1.660e-6
-0.986, 1.667e-6
-0.987, 1.675e-6
-0.988, 1.678e-6
-0.989, 1.681e-6
-0.990, 1.687e-6
-0.991, 1.694e-6
-0.992, 1.701e-6
-0.993, 1.706e-6
-0.994, 1.710e-6
-0.995, 1.716e-6
-0.996, 1.723e-6
-0.997, 1.729e-6
-0.998, 1.735e-6
-0.999, 1.741e-6
-1.000, 1.746e-6
-1.001, 1.754e-6
-1.002, 1.758e-6
-1.003, 1.763e-6
-1.004, 1.770e-6
-1.005, 1.774e-6
-1.006, 1.782e-6
-1.007, 1.788e-6
-1.008, 1.792e-6
-1.009, 1.799e-6
-1.010, 1.804e-6
-1.011, 1.813e-6
-1.012, 1.821e-6
-1.013, 1.824e-6
-1.014, 1.831e-6
-1.015, 1.835e-6
-1.016, 1.844e-6
-1.017, 1.851e-6
-1.018, 1.857e-6
-1.019, 1.862e-6
-1.020, 1.869e-6
-1.021, 1.876e-6
-1.022, 1.883e-6
-1.023, 1.889e-6
-1.024, 1.896e-6
-1.025, 1.902e-6
-1.026, 1.908e-6
-1.027, 1.914e-6
-1.028, 1.920e-6
-1.029, 1.926e-6
-1.030, 1.933e-6
-1.031, 1.942e-6
-1.032, 1.948e-6
-1.033, 1.955e-6
-1.034, 1.959e-6
-1.035, 1.964e-6
-1.036, 1.974e-6
-1.037, 1.981e-6
-1.038, 1.986e-6
-1.039, 1.991e-6
-1.040, 1.998e-6
-1.041, 2.006e-6
-1.042, 2.012e-6
-1.043, 2.019e-6
-1.044, 2.026e-6
-1.045, 2.031e-6
-1.046, 2.040e-6
-1.047, 2.046e-6
-1.048, 2.052e-6
-1.049, 2.059e-6
-1.050, 2.066e-6
-1.051, 2.073e-6
-1.052, 2.083e-6
-1.053, 2.089e-6
-1.054, 2.095e-6
-1.055, 2.101e-6
-1.056, 2.110e-6
-1.057, 2.118e-6
-1.058, 2.121e-6
-1.059, 2.129e-6
-1.060, 2.137e-6
-1.061, 2.144e-6
-1.062, 2.152e-6
-1.063, 2.158e-6
-1.064, 2.163e-6
-1.065, 2.170e-6
-1.066, 2.178e-6
-1.067, 2.185e-6
-1.068, 2.191e-6
-1.069, 2.197e-6
-1.070, 2.204e-6
-1.071, 2.211e-6
-1.072, 2.219e-6
-1.073, 2.225e-6
-1.074, 2.232e-6
-1.075, 2.241e-6
-1.076, 2.250e-6
-1.077, 2.255e-6
-1.078, 2.261e-6
-1.079, 2.266e-6
-1.080, 2.273e-6
-1.081, 2.283e-6
-1.082, 2.290e-6
-1.083, 2.293e-6
-1.084, 2.301e-6
-1.085, 2.307e-6
-1.086, 2.316e-6
-1.087, 2.325e-6
-1.088, 2.331e-6
-1.089, 2.338e-6
-1.090, 2.345e-6
-1.091, 2.353e-6
-1.092, 2.361e-6
-1.093, 2.366e-6
-1.094, 2.374e-6
-1.095, 2.381e-6
-1.096, 2.390e-6
-1.097, 2.398e-6
-1.098, 2.403e-6
-1.099, 2.412e-6
-1.100, 2.419e-6
-1.101, 2.428e-6
-1.102, 2.436e-6
-1.103, 2.440e-6
-1.104, 2.447e-6
-1.105, 2.455e-6
-1.106, 2.462e-6
-1.107, 2.470e-6
-1.108, 2.476e-6
-1.109, 2.483e-6
-1.110, 2.490e-6
-1.111, 2.497e-6
-1.112, 2.504e-6
-1.113, 2.510e-6
-1.114, 2.517e-6
-1.115, 2.526e-6
-1.116, 2.536e-6
-1.117, 2.544e-6
-1.118, 2.552e-6
-1.119, 2.557e-6
-1.120, 2.565e-6
-1.121, 2.574e-6
-1.122, 2.581e-6
-1.123, 2.588e-6
-1.124, 2.595e-6
-1.125, 2.603e-6
-1.126, 2.612e-6
-1.127, 2.620e-6
-1.128, 2.626e-6
-1.129, 2.635e-6
-1.130, 2.641e-6
-1.131, 2.650e-6
-1.132, 2.658e-6
-1.133, 2.663e-6
-1.134, 2.671e-6
-1.135, 2.677e-6
-1.136, 2.687e-6
-1.137, 2.696e-6
-1.138, 2.702e-6
-1.139, 2.709e-6
-1.140, 2.716e-6
-1.141, 2.723e-6
-1.142, 2.733e-6
-1.143, 2.738e-6
-1.144, 2.746e-6
-1.145, 2.754e-6
-1.146, 2.762e-6
-1.147, 2.771e-6
-1.148, 2.777e-6
-1.149, 2.784e-6
-1.150, 2.793e-6
-1.151, 2.801e-6
-1.152, 2.809e-6
-1.153, 2.817e-6
-1.154, 2.822e-6
-1.155, 2.830e-6
-1.156, 2.839e-6
-1.157, 2.846e-6
-1.158, 2.855e-6
-1.159, 2.860e-6
-1.160, 2.867e-6
-1.161, 2.876e-6
-1.162, 2.884e-6
-1.163, 2.891e-6
-1.164, 2.898e-6
-1.165, 2.907e-6
-1.166, 2.916e-6
-1.167, 2.922e-6
-1.168, 2.930e-6
-1.169, 2.936e-6
-1.170, 2.942e-6
-1.171, 2.953e-6
-1.172, 2.961e-6
-1.173, 2.966e-6
-1.174, 2.973e-6
-1.175, 2.978e-6
-1.176, 2.988e-6
-1.177, 2.996e-6
-1.178, 3.004e-6
-1.179, 3.010e-6
-1.180, 3.016e-6
-1.181, 3.024e-6
-1.182, 3.032e-6
-1.183, 3.038e-6
-1.184, 3.044e-6
-1.185, 3.054e-6
-1.186, 3.062e-6
-1.187, 3.070e-6
-1.188, 3.076e-6
-1.189, 3.082e-6
-1.190, 3.090e-6
-1.191, 3.099e-6
-1.192, 3.105e-6
-1.193, 3.111e-6
-1.194, 3.118e-6
-1.195, 3.124e-6
-1.196, 3.133e-6
-1.197, 3.141e-6
-1.198, 3.147e-6
-1.199, 3.152e-6
-1.200, 3.159e-6
-1.201, 3.168e-6
-1.202, 3.173e-6
-1.203, 3.180e-6
-1.204, 3.187e-6
-1.205, 3.192e-6
-1.206, 3.200e-6
-1.207, 3.208e-6
-1.208, 3.212e-6
-1.209, 3.219e-6
-1.210, 3.224e-6
-1.211, 3.231e-6
-1.212, 3.239e-6
-1.213, 3.242e-6
-1.214, 3.250e-6
-1.215, 3.254e-6
-1.216, 3.263e-6
-1.217, 3.272e-6
-1.218, 3.275e-6
-1.219, 3.280e-6
-1.220, 3.286e-6
-1.221, 3.293e-6
-1.222, 3.301e-6
-1.223, 3.305e-6
-1.224, 3.313e-6
-1.225, 3.319e-6
-1.226, 3.325e-6
-1.227, 3.331e-6
-1.228, 3.336e-6
-1.229, 3.347e-6
-1.230, 3.350e-6
-1.231, 3.356e-6
-1.232, 3.362e-6
-1.233, 3.368e-6
-1.234, 3.371e-6
-1.235, 3.377e-6
-1.236, 3.384e-6
-1.237, 3.391e-6
-1.238, 3.397e-6
-1.239, 3.402e-6
-1.240, 3.408e-6
-1.241, 3.415e-6
-1.242, 3.418e-6
-1.243, 3.423e-6
-1.244, 3.428e-6
-1.245, 3.432e-6
-1.246, 3.440e-6
-1.247, 3.446e-6
-1.248, 3.451e-6
-1.249, 3.457e-6
-1.250, 3.460e-6
-1.251, 3.467e-6
-1.252, 3.474e-6
-1.253, 3.477e-6
-1.254, 3.483e-6
-1.255, 3.487e-6
-1.256, 3.493e-6
-1.257, 3.501e-6
-1.258, 3.503e-6
-1.259, 3.508e-6
-1.260, 3.514e-6
-1.261, 3.520e-6
-1.262, 3.526e-6
-1.263, 3.530e-6
-1.264, 3.535e-6
-1.265, 3.540e-6
-1.266, 3.546e-6
-1.267, 3.554e-6
-1.268, 3.559e-6
-1.269, 3.563e-6
-1.270, 3.570e-6
-1.271, 3.576e-6
-1.272, 3.583e-6
-1.273, 3.588e-6
-1.274, 3.592e-6
-1.275, 3.600e-6
-1.276, 3.606e-6
-1.277, 3.612e-6
-1.278, 3.618e-6
-1.279, 3.623e-6
-1.280, 3.633e-6
-1.281, 3.642e-6
-1.282, 3.644e-6
-1.283, 3.649e-6
-1.284, 3.658e-6
-1.285, 3.663e-6
-1.286, 3.673e-6
-1.287, 3.679e-6
-1.288, 3.683e-6
-1.289, 3.693e-6
-1.290, 3.698e-6
-1.291, 3.707e-6
-1.292, 3.715e-6
-1.293, 3.721e-6
-1.294, 3.729e-6
-1.295, 3.734e-6
-1.296, 3.745e-6
-1.297, 3.753e-6
-1.298, 3.759e-6
-1.299, 3.768e-6
-1.300, 3.775e-6
-1.301, 3.784e-6
-1.302, 3.794e-6
-1.303, 3.800e-6
-1.304, 3.809e-6
-1.305, 3.817e-6
-1.306, 3.826e-6
-1.307, 3.837e-6
-1.308, 3.844e-6
-1.309, 3.853e-6
-1.310, 3.862e-6
-1.311, 3.871e-6
-1.312, 3.882e-6
-1.313, 3.890e-6
-1.314, 3.897e-6
-1.315, 3.908e-6
-1.316, 3.919e-6
-1.317, 3.926e-6
-1.318, 3.936e-6
-1.319, 3.942e-6
-1.320, 3.952e-6
-1.321, 3.965e-6
-1.322, 3.972e-6
-1.323, 3.982e-6
-1.324, 3.991e-6
-1.325, 3.999e-6
-1.326, 4.012e-6
-1.327, 4.019e-6
-1.328, 4.027e-6
-1.329, 4.037e-6
-1.330, 4.043e-6
-1.331, 4.054e-6
-1.332, 4.064e-6
-1.333, 4.071e-6
-1.334, 4.081e-6
-1.335, 4.089e-6
-1.336, 4.100e-6
-1.337, 4.110e-6
-1.338, 4.115e-6
-1.339, 4.122e-6
-1.340, 4.132e-6
-1.341, 4.140e-6
-1.342, 4.150e-6
-1.343, 4.155e-6
-1.344, 4.165e-6
-1.345, 4.172e-6
-1.346, 4.181e-6
-1.347, 4.188e-6
-1.348, 4.193e-6
-1.349, 4.200e-6
-1.350, 4.207e-6
-1.351, 4.216e-6
-1.352, 4.223e-6
-1.353, 4.230e-6
-1.354, 4.234e-6
-1.355, 4.241e-6
-1.356, 4.250e-6
-1.357, 4.257e-6
-1.358, 4.264e-6
-1.359, 4.267e-6
-1.360, 4.275e-6
-1.361, 4.284e-6
-1.362, 4.289e-6
-1.363, 4.295e-6
-1.364, 4.300e-6
-1.365, 4.304e-6
-1.366, 4.314e-6
-1.367, 4.317e-6
-1.368, 4.320e-6
-1.369, 4.326e-6
-1.370, 4.330e-6
-1.371, 4.338e-6
-1.372, 4.343e-6
-1.373, 4.345e-6
-1.374, 4.349e-6
-1.375, 4.353e-6
-1.376, 4.360e-6
-1.377, 4.364e-6
-1.378, 4.365e-6
-1.379, 4.369e-6
-1.380, 4.372e-6
-1.381, 4.378e-6
-1.382, 4.383e-6
-1.383, 4.386e-6
-1.384, 4.386e-6
-1.385, 4.390e-6
-1.386, 4.394e-6
-1.387, 4.398e-6
-1.388, 4.398e-6
-1.389, 4.398e-6
-1.390, 4.402e-6
-1.391, 4.404e-6
-1.392, 4.409e-6
-1.393, 4.410e-6
-1.394, 4.410e-6
-1.395, 4.414e-6
-1.396, 4.418e-6
-1.397, 4.418e-6
-1.398, 4.420e-6
-1.399, 4.419e-6
-1.400, 4.421e-6
-1.401, 4.427e-6
-1.402, 4.428e-6
-1.403, 4.428e-6
-1.404, 4.429e-6
-1.405, 4.429e-6
-1.406, 4.432e-6
-1.407, 4.433e-6
-1.408, 4.433e-6
-1.409, 4.435e-6
-1.410, 4.435e-6
-1.411, 4.438e-6
-1.412, 4.441e-6
-1.413, 4.440e-6
-1.414, 4.442e-6
-1.415, 4.441e-6
-1.416, 4.445e-6
-1.417, 4.447e-6
-1.418, 4.444e-6
-1.419, 4.447e-6
-1.420, 4.449e-6
-1.421, 4.454e-6
-1.422, 4.458e-6
-1.423, 4.456e-6
-1.424, 4.456e-6
-1.425, 4.459e-6
-1.426, 4.461e-6
-1.427, 4.463e-6
-1.428, 4.464e-6
-1.429, 4.464e-6
-1.430, 4.470e-6
-1.431, 4.472e-6
-1.432, 4.476e-6
-1.433, 4.478e-6
-1.434, 4.480e-6
-1.435, 4.480e-6
-1.436, 4.486e-6
-1.437, 4.488e-6
-1.438, 4.489e-6
-1.439, 4.492e-6
-1.440, 4.497e-6
-1.441, 4.503e-6
-1.442, 4.504e-6
-1.443, 4.507e-6
-1.444, 4.509e-6
-1.445, 4.514e-6
-1.446, 4.523e-6
-1.447, 4.526e-6
-1.448, 4.530e-6
-1.449, 4.536e-6
-1.450, 4.540e-6
-1.451, 4.549e-6
-1.452, 4.553e-6
-1.453, 4.556e-6
-1.454, 4.563e-6
-1.455, 4.567e-6
-1.456, 4.576e-6
-1.457, 4.584e-6
-1.458, 4.589e-6
-1.459, 4.595e-6
-1.460, 4.603e-6
-1.461, 4.610e-6
-1.462, 4.620e-6
-1.463, 4.624e-6
-1.464, 4.633e-6
-1.465, 4.643e-6
-1.466, 4.653e-6
-1.467, 4.665e-6
-1.468, 4.672e-6
-1.469, 4.680e-6
-1.470, 4.692e-6
-1.471, 4.703e-6
-1.472, 4.716e-6
-1.473, 4.725e-6
-1.474, 4.733e-6
-1.475, 4.745e-6
-1.476, 4.759e-6
-1.477, 4.772e-6
-1.478, 4.782e-6
-1.479, 4.793e-6
-1.480, 4.806e-6
-1.481, 4.823e-6
-1.482, 4.835e-6
-1.483, 4.848e-6
-1.484, 4.861e-6
-1.485, 4.879e-6
-1.486, 4.896e-6
-1.487, 4.907e-6
-1.488, 4.922e-6
-1.489, 4.938e-6
-1.490, 4.952e-6
-1.491, 4.973e-6
-1.492, 4.992e-6
-1.493, 5.006e-6
-1.494, 5.027e-6
-1.495, 5.042e-6
-1.496, 5.063e-6
-1.497, 5.084e-6
-1.498, 5.100e-6
-1.499, 5.121e-6
-1.500, 5.142e-6
-1.501, 5.162e-6
-1.502, 5.186e-6
-1.503, 5.205e-6
-1.504, 5.224e-6
-1.505, 5.248e-6
-1.506, 5.272e-6
-1.507, 5.297e-6
-1.508, 5.319e-6
-1.509, 5.343e-6
-1.510, 5.368e-6
-1.511, 5.395e-6
-1.512, 5.420e-6
-1.513, 5.446e-6
-1.514, 5.470e-6
-1.515, 5.497e-6
-1.516, 5.528e-6
-1.517, 5.556e-6
-1.518, 5.585e-6
-1.519, 5.613e-6
-1.520, 5.643e-6
-1.521, 5.675e-6
-1.522, 5.703e-6
-1.523, 5.737e-6
-1.524, 5.769e-6
-1.525, 5.800e-6
-1.526, 5.839e-6
-1.527, 5.870e-6
-1.528, 5.903e-6
-1.529, 5.934e-6
-1.530, 5.968e-6
-1.531, 6.007e-6
-1.532, 6.044e-6
-1.533, 6.080e-6
-1.534, 6.118e-6
-1.535, 6.155e-6
-1.536, 6.196e-6
-1.537, 6.236e-6
-1.538, 6.271e-6
-1.539, 6.313e-6
-1.540, 6.355e-6
-1.541, 6.397e-6
-1.542, 6.443e-6
-1.543, 6.482e-6
-1.544, 6.524e-6
-1.545, 6.572e-6
-1.546, 6.618e-6
-1.547, 6.665e-6
-1.548, 6.711e-6
-1.549, 6.756e-6
-1.550, 6.807e-6
-1.551, 6.856e-6
-1.552, 6.904e-6
-1.553, 6.953e-6
-1.554, 7.002e-6
-1.555, 7.053e-6
-1.556, 7.108e-6
-1.557, 7.160e-6
-1.558, 7.213e-6
-1.559, 7.263e-6
-1.560, 7.316e-6
-1.561, 7.374e-6
-1.562, 7.429e-6
-1.563, 7.486e-6
-1.564, 7.541e-6
-1.565, 7.598e-6
-1.566, 7.661e-6
-1.567, 7.722e-6
-1.568, 7.767e-6
-1.569, 7.800e-6
-1.570, 7.850e-6
-1.571, 7.915e-6
-1.572, 7.978e-6
-1.573, 8.033e-6
-1.574, 8.097e-6
-1.575, 8.163e-6
-1.576, 8.235e-6
-1.577, 8.305e-6
-1.578, 8.370e-6
-1.579, 8.439e-6
-1.580, 8.512e-6
-1.581, 8.582e-6
-1.582, 8.648e-6
-1.583, 8.719e-6
-1.584, 8.792e-6
-1.585, 8.860e-6
-1.586, 8.932e-6
-1.587, 9.012e-6
-1.588, 9.086e-6
-1.589, 9.158e-6
-1.590, 9.245e-6
-1.591, 9.324e-6
-1.592, 9.399e-6
-1.593, 9.478e-6
-1.594, 9.560e-6
-1.595, 9.644e-6
-1.596, 9.733e-6
-1.597, 9.818e-6
-1.598, 9.905e-6
-1.599, 9.989e-6
-1.600, 1.008e-5
-1.601, 1.017e-5
-1.602, 1.025e-5
-1.603, 1.035e-5
-1.604, 1.044e-5
-1.605, 1.053e-5
-1.606, 1.063e-5
-1.607, 1.072e-5
-1.608, 1.082e-5
-1.609, 1.092e-5
-1.610, 1.102e-5
-1.611, 1.107e-5
-1.612, 1.110e-5
-1.613, 1.118e-5
-1.614, 1.129e-5
-1.615, 1.139e-5
-1.616, 1.150e-5
-1.617, 1.160e-5
-1.618, 1.171e-5
-1.619, 1.182e-5
-1.620, 1.192e-5
-1.621, 1.203e-5
-1.622, 1.213e-5
-1.623, 1.224e-5
-1.624, 1.235e-5
-1.625, 1.247e-5
-1.626, 1.259e-5
-1.627, 1.271e-5
-1.628, 1.283e-5
-1.629, 1.294e-5
-1.630, 1.305e-5
-1.631, 1.317e-5
-1.632, 1.329e-5
-1.633, 1.340e-5
-1.634, 1.352e-5
-1.635, 1.365e-5
-1.636, 1.378e-5
-1.637, 1.390e-5
-1.638, 1.404e-5
-1.639, 1.416e-5
-1.640, 1.429e-5
-1.641, 1.444e-5
-1.642, 1.459e-5
-1.643, 1.473e-5
-1.644, 1.486e-5
-1.645, 1.501e-5
-1.646, 1.515e-5
-1.647, 1.530e-5
-1.648, 1.545e-5
-1.649, 1.560e-5
-1.650, 1.574e-5
-1.651, 1.590e-5
-1.652, 1.606e-5
-1.653, 1.622e-5
-1.654, 1.638e-5
-1.655, 1.654e-5
-1.656, 1.672e-5
-1.657, 1.689e-5
-1.658, 1.704e-5
-1.659, 1.718e-5
-1.660, 1.733e-5
-1.661, 1.749e-5
-1.662, 1.766e-5
-1.663, 1.782e-5
-1.664, 1.799e-5
-1.665, 1.817e-5
-1.666, 1.835e-5
-1.667, 1.853e-5
-1.668, 1.872e-5
-1.669, 1.891e-5
-1.670, 1.909e-5
-1.671, 1.928e-5
-1.672, 1.947e-5
-1.673, 1.965e-5
-1.674, 1.982e-5
-1.675, 1.999e-5
-1.676, 2.012e-5
-1.677, 2.029e-5
-1.678, 2.049e-5
-1.679, 2.068e-5
-1.680, 2.088e-5
-1.681, 2.109e-5
-1.682, 2.128e-5
-1.683, 2.147e-5
-1.684, 2.167e-5
-1.685, 2.188e-5
-1.686, 2.207e-5
-1.687, 2.225e-5
-1.688, 2.233e-5
-1.689, 2.252e-5
-1.690, 2.279e-5
-1.691, 2.299e-5
-1.692, 2.316e-5
-1.693, 2.335e-5
-1.694, 2.358e-5
-1.695, 2.380e-5
-1.696, 2.403e-5
-1.697, 2.428e-5
-1.698, 2.453e-5
-1.699, 2.480e-5
-1.700, 2.504e-5
-1.701, 2.527e-5
-1.702, 2.552e-5
-1.703, 2.579e-5
-1.704, 2.603e-5
-1.705, 2.625e-5
-1.706, 2.648e-5
-1.707, 2.670e-5
-1.708, 2.701e-5
-1.709, 2.730e-5
-1.710, 2.762e-5
-1.711, 2.793e-5
-1.712, 2.821e-5
-1.713, 2.851e-5
-1.714, 2.877e-5
-1.715, 2.906e-5
-1.716, 2.931e-5
-1.717, 2.955e-5
-1.718, 2.986e-5
-1.719, 3.013e-5
-1.720, 3.038e-5
-1.721, 3.069e-5
-1.722, 3.102e-5
-1.723, 3.137e-5
-1.724, 3.169e-5
-1.725, 3.206e-5
-1.726, 3.246e-5
-1.727, 3.282e-5
-1.728, 3.322e-5
-1.729, 3.361e-5
-1.730, 3.400e-5
-1.731, 3.442e-5
-1.732, 3.476e-5
-1.733, 3.511e-5
-1.734, 3.556e-5
-1.735, 3.599e-5
-1.736, 3.637e-5
-1.737, 3.670e-5
-1.738, 3.705e-5
-1.739, 3.735e-5
-1.740, 3.771e-5
-1.741, 3.811e-5
-1.742, 3.861e-5
-1.743, 3.907e-5
-1.744, 3.948e-5
-1.745, 4.002e-5
-1.746, 4.051e-5
-1.747, 4.090e-5
-1.748, 4.140e-5
-1.749, 4.190e-5
-1.750, 4.242e-5
-1.751, 4.308e-5
-1.752, 4.357e-5
-1.753, 4.417e-5
-1.754, 4.472e-5
-1.755, 4.529e-5
-1.756, 4.590e-5
-1.757, 4.640e-5
-1.758, 4.704e-5
-1.759, 4.763e-5
-1.760, 4.809e-5
-1.761, 4.871e-5
-1.762, 4.941e-5
-1.763, 5.016e-5
-1.764, 5.092e-5
-1.765, 5.157e-5
-1.766, 5.226e-5
-1.767, 5.297e-5
-1.768, 5.374e-5
-1.769, 5.443e-5
-1.770, 5.515e-5
-1.771, 5.604e-5
-1.772, 5.701e-5
-1.773, 5.777e-5
-1.774, 5.863e-5
-1.775, 5.950e-5
-1.776, 6.044e-5
-1.777, 6.147e-5
-1.778, 6.240e-5
-1.779, 6.339e-5
-1.780, 6.443e-5
-1.781, 6.539e-5
-1.782, 6.658e-5
-1.783, 6.772e-5
-1.784, 6.877e-5
-1.785, 6.992e-5
-1.786, 7.115e-5
-1.787, 7.237e-5
-1.788, 7.339e-5
-1.789, 7.445e-5
-1.790, 7.574e-5
-1.791, 7.708e-5
-1.792, 7.849e-5
-1.793, 7.993e-5
-1.794, 8.148e-5
-1.795, 8.304e-5
-1.796, 8.438e-5
-1.797, 8.597e-5
-1.798, 8.761e-5
-1.799, 8.937e-5
-1.800, 9.106e-5
-1.801, 9.269e-5
-1.802, 9.438e-5
-1.803, 9.621e-5
-1.804, 9.811e-5
-1.805, 9.994e-5
-1.806, 1.018e-4
-1.807, 1.039e-4
-1.808, 1.060e-4
-1.809, 1.082e-4
-1.810, 1.103e-4
-1.811, 1.123e-4
-1.812, 1.146e-4
-1.813, 1.170e-4
-1.814, 1.194e-4
-1.815, 1.218e-4
-1.816, 1.242e-4
-1.817, 1.266e-4
-1.818, 1.292e-4
-1.819, 1.321e-4
-1.820, 1.349e-4
-1.821, 1.378e-4
-1.822, 1.406e-4
-1.823, 1.435e-4
-1.824, 1.465e-4
-1.825, 1.494e-4
-1.826, 1.525e-4
-1.827, 1.555e-4
-1.828, 1.588e-4
-1.829, 1.621e-4
-1.830, 1.655e-4
-1.831, 1.689e-4
-1.832, 1.724e-4
-1.833, 1.761e-4
-1.834, 1.799e-4
-1.835, 1.838e-4
-1.836, 1.877e-4
-1.837, 1.917e-4
-1.838, 1.959e-4
-1.839, 2.003e-4
-1.840, 2.047e-4
-1.841, 2.091e-4
-1.842, 2.134e-4
-1.843, 2.179e-4
-1.844, 2.226e-4
-1.845, 2.274e-4
-1.846, 2.324e-4
-1.847, 2.374e-4
-1.848, 2.425e-4
-1.849, 2.478e-4
-1.850, 2.531e-4
-1.851, 2.584e-4
-1.852, 2.637e-4
-1.853, 2.693e-4
-1.854, 2.750e-4
-1.855, 2.808e-4
-1.856, 2.865e-4
-1.857, 2.928e-4
-1.858, 2.990e-4
-1.859, 3.053e-4
-1.860, 3.119e-4
-1.861, 3.185e-4
-1.862, 3.252e-4
-1.863, 3.322e-4
-1.864, 3.391e-4
-1.865, 3.463e-4
-1.866, 3.533e-4
-1.867, 3.607e-4
-1.868, 3.683e-4
-1.869, 3.758e-4
-1.870, 3.838e-4
-1.871, 3.919e-4
-1.872, 3.998e-4
-1.873, 4.074e-4
-1.874, 4.156e-4
-1.875, 4.241e-4
-1.876, 4.324e-4
-1.877, 4.413e-4
-1.878, 4.502e-4
-1.879, 4.596e-4
-1.880, 4.690e-4
-1.881, 4.783e-4
-1.882, 4.876e-4
-1.883, 4.974e-4
-1.884, 5.075e-4
-1.885, 5.173e-4
-1.886, 5.275e-4
-1.887, 5.380e-4
-1.888, 5.489e-4
-1.889, 5.599e-4
-1.890, 5.708e-4
-1.891, 5.819e-4
-1.892, 5.935e-4
-1.893, 6.052e-4
-1.894, 6.173e-4
-1.895, 6.295e-4
-1.896, 6.416e-4
-1.897, 6.540e-4
-1.898, 6.666e-4
-1.899, 6.795e-4
