Sept. 29, 2024   17:18:58
Cyclic Voltammetry
File: c:/users/guazh/data/20240922_batch_417_500/2024-09-22-exp483\exp483-2024-09-29t17_04_36-arkoh\exp483_cv_sr_100mvs_efin_-1800mv.bin
Data Source:  Experiment
Instrument Model:  CHI760E
Header: CV ran at 100 mVs
Note: 

Init E (V) = -1
High E (V) = -1
Low E (V) = -1.8
Final E (V) = -1
Init P/N = N
Scan Rate (V/s) = 0.1
Segment = 3
Sample Interval (V) = 0.001
Quiet Time (sec) = 2
Sensitivity (A/V) = 0.01
Comp R (ohm) = 2.0

Results:

Channel 1:
Segment 1:

Segment 2:

Segment 3:

Potential/V, Current/A

-1.000, -8.307e-7
-1.001, -6.038e-7
-1.002, -6.531e-7
-1.003, -7.222e-7
-1.004, -5.939e-7
-1.005, -6.038e-7
-1.006, -5.939e-7
-1.007, -5.841e-7
-1.008, -6.827e-7
-1.009, -5.051e-7
-1.010, -4.459e-7
-1.011, -2.684e-7
-1.012, -3.867e-7
-1.013, -4.065e-7
-1.014, -4.755e-7
-1.015, -2.980e-7
-1.016, -2.486e-7
-1.017, -3.275e-7
-1.018, -3.966e-7
-1.019, -4.065e-7
-1.020, -2.980e-7
-1.021, -1.796e-7
-1.022, -1.697e-7
-1.023, -3.571e-7
-1.024, -1.993e-7
-1.025, -1.006e-7
-1.026, -2.289e-7
-1.027, 7.893e-9
-1.028, -1.401e-7
-1.029, -1.697e-7
-1.030, -9.077e-8
-1.031, -5.130e-8
-1.032, -1.184e-8
-1.033, -2.289e-7
-1.034, -1.796e-7
-1.035, -1.184e-8
-1.036, -1.973e-9
-1.037, 1.776e-8
-1.038, -8.090e-8
-1.039, 4.736e-8
-1.040, 4.736e-8
-1.041, 7.893e-9
-1.042, 1.263e-7
-1.043, 2.762e-8
-1.044, 1.066e-7
-1.045, 7.695e-8
-1.046, 1.362e-7
-1.047, 1.066e-7
-1.048, -1.973e-9
-1.049, 7.695e-8
-1.050, 2.052e-7
-1.051, 2.249e-7
-1.052, 1.855e-7
-1.053, 9.669e-8
-1.054, 2.151e-7
-1.055, 9.669e-8
-1.056, 3.236e-7
-1.057, 3.433e-7
-1.058, 2.249e-7
-1.059, 2.644e-7
-1.060, 2.052e-7
-1.061, 2.151e-7
-1.062, 3.137e-7
-1.063, 2.743e-7
-1.064, 4.025e-7
-1.065, 3.828e-7
-1.066, 4.420e-7
-1.067, 3.927e-7
-1.068, 3.039e-7
-1.069, 3.927e-7
-1.070, 3.631e-7
-1.071, 3.828e-7
-1.072, 4.519e-7
-1.073, 1.953e-7
-1.074, 4.420e-7
-1.075, 5.209e-7
-1.076, 6.196e-7
-1.077, 4.913e-7
-1.078, 5.012e-7
-1.079, 6.196e-7
-1.080, 3.927e-7
-1.081, 5.209e-7
-1.082, 5.703e-7
-1.083, 4.716e-7
-1.084, 6.097e-7
-1.085, 4.716e-7
-1.086, 5.505e-7
-1.087, 5.505e-7
-1.088, 5.308e-7
-1.089, 5.998e-7
-1.090, 6.393e-7
-1.091, 7.577e-7
-1.092, 6.097e-7
-1.093, 6.097e-7
-1.094, 5.801e-7
-1.095, 6.590e-7
-1.096, 6.492e-7
-1.097, 7.577e-7
-1.098, 6.393e-7
-1.099, 5.505e-7
-1.100, 6.985e-7
-1.101, 8.761e-7
-1.102, 7.972e-7
-1.103, 7.084e-7
-1.104, 7.182e-7
-1.105, 7.873e-7
-1.106, 8.366e-7
-1.107, 7.774e-7
-1.108, 8.070e-7
-1.109, 7.774e-7
-1.110, 6.393e-7
-1.111, 8.465e-7
-1.112, 8.662e-7
-1.113, 6.886e-7
-1.114, 8.761e-7
-1.115, 9.353e-7
-1.116, 9.156e-7
-1.117, 8.958e-7
-1.118, 8.268e-7
-1.119, 9.550e-7
-1.120, 8.958e-7
-1.121, 8.564e-7
-1.122, 9.353e-7
-1.123, 8.662e-7
-1.124, 9.057e-7
-1.125, 9.156e-7
-1.126, 8.366e-7
-1.127, 1.073e-6
-1.128, 9.057e-7
-1.129, 9.156e-7
-1.130, 1.024e-6
-1.131, 1.113e-6
-1.132, 8.958e-7
-1.133, 8.860e-7
-1.134, 1.014e-6
-1.135, 1.093e-6
-1.136, 1.014e-6
-1.137, 9.846e-7
-1.138, 9.353e-7
-1.139, 9.748e-7
-1.140, 1.142e-6
-1.141, 1.221e-6
-1.142, 1.152e-6
-1.143, 1.113e-6
-1.144, 9.945e-7
-1.145, 1.113e-6
-1.146, 1.212e-6
-1.147, 1.212e-6
-1.148, 1.014e-6
-1.149, 1.083e-6
-1.150, 1.123e-6
-1.151, 1.103e-6
-1.152, 1.261e-6
-1.153, 1.133e-6
-1.154, 1.212e-6
-1.155, 1.202e-6
-1.156, 1.290e-6
-1.157, 1.192e-6
-1.158, 1.221e-6
-1.159, 1.360e-6
-1.160, 1.340e-6
-1.161, 1.310e-6
-1.162, 1.310e-6
-1.163, 1.113e-6
-1.164, 1.221e-6
-1.165, 1.389e-6
-1.166, 1.448e-6
-1.167, 1.202e-6
-1.168, 1.113e-6
-1.169, 1.419e-6
-1.170, 1.310e-6
-1.171, 1.537e-6
-1.172, 1.438e-6
-1.173, 1.231e-6
-1.174, 1.350e-6
-1.175, 1.379e-6
-1.176, 1.389e-6
-1.177, 1.350e-6
-1.178, 1.369e-6
-1.179, 1.330e-6
-1.180, 1.448e-6
-1.181, 1.527e-6
-1.182, 1.448e-6
-1.183, 1.290e-6
-1.184, 1.419e-6
-1.185, 1.606e-6
-1.186, 1.429e-6
-1.187, 1.409e-6
-1.188, 1.508e-6
-1.189, 1.409e-6
-1.190, 1.567e-6
-1.191, 1.596e-6
-1.192, 1.577e-6
-1.193, 1.468e-6
-1.194, 1.468e-6
-1.195, 1.547e-6
-1.196, 1.389e-6
-1.197, 1.685e-6
-1.198, 1.537e-6
-1.199, 1.537e-6
-1.200, 1.547e-6
-1.201, 1.626e-6
-1.202, 1.567e-6
-1.203, 1.616e-6
-1.204, 1.656e-6
-1.205, 1.586e-6
-1.206, 1.725e-6
-1.207, 1.784e-6
-1.208, 1.665e-6
-1.209, 1.646e-6
-1.210, 1.695e-6
-1.211, 1.803e-6
-1.212, 1.764e-6
-1.213, 1.725e-6
-1.214, 1.665e-6
-1.215, 1.774e-6
-1.216, 1.754e-6
-1.217, 1.902e-6
-1.218, 1.646e-6
-1.219, 1.803e-6
-1.220, 1.873e-6
-1.221, 1.833e-6
-1.222, 2.001e-6
-1.223, 1.882e-6
-1.224, 1.803e-6
-1.225, 1.863e-6
-1.226, 1.774e-6
-1.227, 1.951e-6
-1.228, 1.863e-6
-1.229, 1.932e-6
-1.230, 2.001e-6
-1.231, 1.932e-6
-1.232, 2.109e-6
-1.233, 2.040e-6
-1.234, 1.912e-6
-1.235, 1.942e-6
-1.236, 2.040e-6
-1.237, 2.060e-6
-1.238, 2.040e-6
-1.239, 2.109e-6
-1.240, 2.060e-6
-1.241, 2.090e-6
-1.242, 2.228e-6
-1.243, 2.090e-6
-1.244, 2.021e-6
-1.245, 2.238e-6
-1.246, 2.119e-6
-1.247, 2.188e-6
-1.248, 2.159e-6
-1.249, 2.169e-6
-1.250, 2.218e-6
-1.251, 2.169e-6
-1.252, 2.139e-6
-1.253, 2.366e-6
-1.254, 2.129e-6
-1.255, 2.317e-6
-1.256, 2.178e-6
-1.257, 2.336e-6
-1.258, 2.307e-6
-1.259, 2.326e-6
-1.260, 2.356e-6
-1.261, 2.356e-6
-1.262, 2.425e-6
-1.263, 2.435e-6
-1.264, 2.198e-6
-1.265, 2.395e-6
-1.266, 2.425e-6
-1.267, 2.465e-6
-1.268, 2.514e-6
-1.269, 2.504e-6
-1.270, 2.445e-6
-1.271, 2.376e-6
-1.272, 2.593e-6
-1.273, 2.514e-6
-1.274, 2.583e-6
-1.275, 2.534e-6
-1.276, 2.573e-6
-1.277, 2.563e-6
-1.278, 2.534e-6
-1.279, 2.514e-6
-1.280, 2.642e-6
-1.281, 2.672e-6
-1.282, 2.691e-6
-1.283, 2.613e-6
-1.284, 2.701e-6
-1.285, 2.711e-6
-1.286, 2.869e-6
-1.287, 2.770e-6
-1.288, 2.830e-6
-1.289, 2.672e-6
-1.290, 2.800e-6
-1.291, 2.839e-6
-1.292, 2.830e-6
-1.293, 2.839e-6
-1.294, 2.849e-6
-1.295, 3.017e-6
-1.296, 3.007e-6
-1.297, 2.948e-6
-1.298, 2.899e-6
-1.299, 3.007e-6
-1.300, 3.096e-6
-1.301, 3.116e-6
-1.302, 2.948e-6
-1.303, 3.066e-6
-1.304, 3.175e-6
-1.305, 3.283e-6
-1.306, 3.274e-6
-1.307, 3.155e-6
-1.308, 3.352e-6
-1.309, 3.056e-6
-1.310, 3.372e-6
-1.311, 3.244e-6
-1.312, 3.412e-6
-1.313, 3.382e-6
-1.314, 3.303e-6
-1.315, 3.451e-6
-1.316, 3.510e-6
-1.317, 3.510e-6
-1.318, 3.382e-6
-1.319, 3.392e-6
-1.320, 3.510e-6
-1.321, 3.698e-6
-1.322, 3.619e-6
-1.323, 3.540e-6
-1.324, 3.668e-6
-1.325, 3.688e-6
-1.326, 3.579e-6
-1.327, 3.717e-6
-1.328, 3.767e-6
-1.329, 3.698e-6
-1.330, 3.895e-6
-1.331, 3.875e-6
-1.332, 3.994e-6
-1.333, 3.925e-6
-1.334, 3.895e-6
-1.335, 4.033e-6
-1.336, 4.063e-6
-1.337, 4.043e-6
-1.338, 4.132e-6
-1.339, 4.102e-6
-1.340, 4.240e-6
-1.341, 4.142e-6
-1.342, 4.398e-6
-1.343, 4.309e-6
-1.344, 4.457e-6
-1.345, 4.369e-6
-1.346, 4.438e-6
-1.347, 4.605e-6
-1.348, 4.674e-6
-1.349, 4.467e-6
-1.350, 4.665e-6
-1.351, 4.665e-6
-1.352, 4.674e-6
-1.353, 4.744e-6
-1.354, 4.734e-6
-1.355, 4.773e-6
-1.356, 4.763e-6
-1.357, 4.961e-6
-1.358, 5.059e-6
-1.359, 4.961e-6
-1.360, 5.020e-6
-1.361, 4.970e-6
-1.362, 5.128e-6
-1.363, 5.207e-6
-1.364, 5.237e-6
-1.365, 5.345e-6
-1.366, 5.336e-6
-1.367, 5.434e-6
-1.368, 5.316e-6
-1.369, 5.365e-6
-1.370, 5.651e-6
-1.371, 5.543e-6
-1.372, 5.474e-6
-1.373, 5.691e-6
-1.374, 5.651e-6
-1.375, 5.898e-6
-1.376, 5.720e-6
-1.377, 5.927e-6
-1.378, 5.937e-6
-1.379, 5.987e-6
-1.380, 6.016e-6
-1.381, 6.046e-6
-1.382, 6.204e-6
-1.383, 6.302e-6
-1.384, 6.312e-6
-1.385, 6.381e-6
-1.386, 6.371e-6
-1.387, 6.450e-6
-1.388, 6.470e-6
-1.389, 6.470e-6
-1.390, 6.756e-6
-1.391, 6.697e-6
-1.392, 6.746e-6
-1.393, 6.746e-6
-1.394, 6.815e-6
-1.395, 6.973e-6
-1.396, 6.993e-6
-1.397, 7.131e-6
-1.398, 7.102e-6
-1.399, 7.299e-6
-1.400, 7.368e-6
-1.401, 7.240e-6
-1.402, 7.388e-6
-1.403, 7.289e-6
-1.404, 7.496e-6
-1.405, 7.516e-6
-1.406, 7.664e-6
-1.407, 7.792e-6
-1.408, 7.782e-6
-1.409, 7.841e-6
-1.410, 8.059e-6
-1.411, 8.098e-6
-1.412, 8.137e-6
-1.413, 8.039e-6
-1.414, 8.177e-6
-1.415, 8.424e-6
-1.416, 8.315e-6
-1.417, 8.542e-6
-1.418, 8.443e-6
-1.419, 8.433e-6
-1.420, 8.621e-6
-1.421, 8.759e-6
-1.422, 8.897e-6
-1.423, 8.858e-6
-1.424, 8.927e-6
-1.425, 9.144e-6
-1.426, 9.173e-6
-1.427, 9.361e-6
-1.428, 9.292e-6
-1.429, 9.351e-6
-1.430, 9.519e-6
-1.431, 9.548e-6
-1.432, 9.706e-6
-1.433, 9.696e-6
-1.434, 9.923e-6
-1.435, 9.992e-6
-1.436, 9.963e-6
-1.437, 1.034e-5
-1.438, 1.024e-5
-1.439, 1.021e-5
-1.440, 1.042e-5
-1.441, 1.046e-5
-1.442, 1.063e-5
-1.443, 1.084e-5
-1.444, 1.072e-5
-1.445, 1.088e-5
-1.446, 1.094e-5
-1.447, 1.121e-5
-1.448, 1.119e-5
-1.449, 1.124e-5
-1.450, 1.126e-5
-1.451, 1.141e-5
-1.452, 1.162e-5
-1.453, 1.162e-5
-1.454, 1.178e-5
-1.455, 1.178e-5
-1.456, 1.194e-5
-1.457, 1.212e-5
-1.458, 1.210e-5
-1.459, 1.224e-5
-1.460, 1.232e-5
-1.461, 1.234e-5
-1.462, 1.267e-5
-1.463, 1.270e-5
-1.464, 1.269e-5
-1.465, 1.297e-5
-1.466, 1.311e-5
-1.467, 1.316e-5
-1.468, 1.326e-5
-1.469, 1.340e-5
-1.470, 1.348e-5
-1.471, 1.354e-5
-1.472, 1.382e-5
-1.473, 1.387e-5
-1.474, 1.408e-5
-1.475, 1.415e-5
-1.476, 1.423e-5
-1.477, 1.446e-5
-1.478, 1.445e-5
-1.479, 1.465e-5
-1.480, 1.473e-5
-1.481, 1.476e-5
-1.482, 1.504e-5
-1.483, 1.511e-5
-1.484, 1.531e-5
-1.485, 1.543e-5
-1.486, 1.553e-5
-1.487, 1.589e-5
-1.488, 1.598e-5
-1.489, 1.606e-5
-1.490, 1.634e-5
-1.491, 1.634e-5
-1.492, 1.651e-5
-1.493, 1.655e-5
-1.494, 1.671e-5
-1.495, 1.704e-5
-1.496, 1.698e-5
-1.497, 1.730e-5
-1.498, 1.750e-5
-1.499, 1.760e-5
-1.500, 1.784e-5
-1.501, 1.761e-5
-1.502, 1.787e-5
-1.503, 1.798e-5
-1.504, 1.829e-5
-1.505, 1.849e-5
-1.506, 1.872e-5
-1.507, 1.881e-5
-1.508, 1.885e-5
-1.509, 1.898e-5
-1.510, 1.935e-5
-1.511, 1.948e-5
-1.512, 1.974e-5
-1.513, 1.984e-5
-1.514, 2.011e-5
-1.515, 2.033e-5
-1.516, 2.052e-5
-1.517, 2.079e-5
-1.518, 2.092e-5
-1.519, 2.100e-5
-1.520, 2.143e-5
-1.521, 2.148e-5
-1.522, 2.182e-5
-1.523, 2.205e-5
-1.524, 2.215e-5
-1.525, 2.252e-5
-1.526, 2.274e-5
-1.527, 2.292e-5
-1.528, 2.306e-5
-1.529, 2.330e-5
-1.530, 2.377e-5
-1.531, 2.383e-5
-1.532, 2.434e-5
-1.533, 2.448e-5
-1.534, 2.459e-5
-1.535, 2.492e-5
-1.536, 2.515e-5
-1.537, 2.561e-5
-1.538, 2.576e-5
-1.539, 2.598e-5
-1.540, 2.626e-5
-1.541, 2.656e-5
-1.542, 2.697e-5
-1.543, 2.711e-5
-1.544, 2.733e-5
-1.545, 2.765e-5
-1.546, 2.767e-5
-1.547, 2.819e-5
-1.548, 2.855e-5
-1.549, 2.884e-5
-1.550, 2.916e-5
-1.551, 2.946e-5
-1.552, 2.999e-5
-1.553, 3.025e-5
-1.554, 3.063e-5
-1.555, 3.107e-5
-1.556, 3.154e-5
-1.557, 3.197e-5
-1.558, 3.216e-5
-1.559, 3.255e-5
-1.560, 3.292e-5
-1.561, 3.319e-5
-1.562, 3.394e-5
-1.563, 3.426e-5
-1.564, 3.472e-5
-1.565, 3.522e-5
-1.566, 3.559e-5
-1.567, 3.626e-5
-1.568, 3.669e-5
-1.569, 3.713e-5
-1.570, 3.766e-5
-1.571, 3.799e-5
-1.572, 3.879e-5
-1.573, 3.931e-5
-1.574, 3.994e-5
-1.575, 3.980e-5
-1.576, 4.047e-5
-1.577, 4.141e-5
-1.578, 4.179e-5
-1.579, 4.243e-5
-1.580, 4.317e-5
-1.581, 4.381e-5
-1.582, 4.446e-5
-1.583, 4.506e-5
-1.584, 4.571e-5
-1.585, 4.639e-5
-1.586, 4.713e-5
-1.587, 4.788e-5
-1.588, 4.857e-5
-1.589, 4.925e-5
-1.590, 5.019e-5
-1.591, 5.090e-5
-1.592, 5.184e-5
-1.593, 5.254e-5
-1.594, 5.354e-5
-1.595, 5.451e-5
-1.596, 5.484e-5
-1.597, 5.572e-5
-1.598, 5.675e-5
-1.599, 5.763e-5
-1.600, 5.877e-5
-1.601, 5.991e-5
-1.602, 6.091e-5
-1.603, 6.190e-5
-1.604, 6.301e-5
-1.605, 6.415e-5
-1.606, 6.524e-5
-1.607, 6.641e-5
-1.608, 6.772e-5
-1.609, 6.899e-5
-1.610, 7.030e-5
-1.611, 7.143e-5
-1.612, 7.240e-5
-1.613, 7.341e-5
-1.614, 7.462e-5
-1.615, 7.612e-5
-1.616, 7.771e-5
-1.617, 7.932e-5
-1.618, 8.079e-5
-1.619, 8.256e-5
-1.620, 8.430e-5
-1.621, 8.590e-5
-1.622, 8.758e-5
-1.623, 8.928e-5
-1.624, 9.132e-5
-1.625, 9.308e-5
-1.626, 9.518e-5
-1.627, 9.729e-5
-1.628, 9.833e-5
-1.629, 1.005e-4
-1.630, 1.028e-4
-1.631, 1.050e-4
-1.632, 1.075e-4
-1.633, 1.097e-4
-1.634, 1.120e-4
-1.635, 1.146e-4
-1.636, 1.174e-4
-1.637, 1.202e-4
-1.638, 1.229e-4
-1.639, 1.258e-4
-1.640, 1.282e-4
-1.641, 1.306e-4
-1.642, 1.341e-4
-1.643, 1.370e-4
-1.644, 1.405e-4
-1.645, 1.438e-4
-1.646, 1.469e-4
-1.647, 1.506e-4
-1.648, 1.541e-4
-1.649, 1.578e-4
-1.650, 1.617e-4
-1.651, 1.649e-4
-1.652, 1.693e-4
-1.653, 1.734e-4
-1.654, 1.779e-4
-1.655, 1.824e-4
-1.656, 1.870e-4
-1.657, 1.919e-4
-1.658, 1.966e-4
-1.659, 2.017e-4
-1.660, 2.066e-4
-1.661, 2.111e-4
-1.662, 2.171e-4
-1.663, 2.227e-4
-1.664, 2.286e-4
-1.665, 2.346e-4
-1.666, 2.406e-4
-1.667, 2.473e-4
-1.668, 2.535e-4
-1.669, 2.592e-4
-1.670, 2.665e-4
-1.671, 2.737e-4
-1.672, 2.813e-4
-1.673, 2.889e-4
-1.674, 2.967e-4
-1.675, 3.045e-4
-1.676, 3.119e-4
-1.677, 3.208e-4
-1.678, 3.296e-4
-1.679, 3.388e-4
-1.680, 3.481e-4
-1.681, 3.577e-4
-1.682, 3.673e-4
-1.683, 3.768e-4
-1.684, 3.873e-4
-1.685, 3.981e-4
-1.686, 4.092e-4
-1.687, 4.204e-4
-1.688, 4.312e-4
-1.689, 4.429e-4
-1.690, 4.551e-4
-1.691, 4.678e-4
-1.692, 4.810e-4
-1.693, 4.942e-4
-1.694, 5.071e-4
-1.695, 5.216e-4
-1.696, 5.361e-4
-1.697, 5.511e-4
-1.698, 5.665e-4
-1.699, 5.810e-4
-1.700, 5.973e-4
-1.701, 6.138e-4
-1.702, 6.306e-4
-1.703, 6.476e-4
-1.704, 6.652e-4
-1.705, 6.835e-4
-1.706, 7.021e-4
-1.707, 7.199e-4
-1.708, 7.393e-4
-1.709, 7.590e-4
-1.710, 7.792e-4
-1.711, 8.006e-4
-1.712, 8.215e-4
-1.713, 8.436e-4
-1.714, 8.671e-4
-1.715, 8.890e-4
-1.716, 9.125e-4
-1.717, 9.372e-4
-1.718, 9.623e-4
-1.719, 9.871e-4
-1.720, 1.013e-3
-1.721, 1.039e-3
-1.722, 1.066e-3
-1.723, 1.093e-3
-1.724, 1.121e-3
-1.725, 1.148e-3
-1.726, 1.176e-3
-1.727, 1.205e-3
-1.728, 1.233e-3
-1.729, 1.263e-3
-1.730, 1.294e-3
-1.731, 1.326e-3
-1.732, 1.358e-3
-1.733, 1.391e-3
-1.734, 1.425e-3
-1.735, 1.458e-3
-1.736, 1.492e-3
-1.737, 1.527e-3
-1.738, 1.563e-3
-1.739, 1.601e-3
-1.740, 1.639e-3
-1.741, 1.677e-3
-1.742, 1.715e-3
-1.743, 1.753e-3
-1.744, 1.790e-3
-1.745, 1.828e-3
-1.746, 1.867e-3
-1.747, 1.905e-3
-1.748, 1.944e-3
-1.749, 1.983e-3
-1.750, 2.021e-3
-1.751, 2.063e-3
-1.752, 2.105e-3
-1.753, 2.149e-3
-1.754, 2.192e-3
-1.755, 2.235e-3
-1.756, 2.281e-3
-1.757, 2.324e-3
-1.758, 2.361e-3
-1.759, 2.408e-3
-1.760, 2.448e-3
-1.761, 2.495e-3
-1.762, 2.544e-3
-1.763, 2.592e-3
-1.764, 2.640e-3
-1.765, 2.687e-3
-1.766, 2.736e-3
-1.767, 2.784e-3
-1.768, 2.829e-3
-1.769, 2.882e-3
-1.770, 2.933e-3
-1.771, 2.986e-3
-1.772, 3.040e-3
-1.773, 3.093e-3
-1.774, 3.146e-3
-1.775, 3.199e-3
-1.776, 3.253e-3
-1.777, 3.306e-3
-1.778, 3.358e-3
-1.779, 3.408e-3
-1.780, 3.457e-3
-1.781, 3.506e-3
-1.782, 3.556e-3
-1.783, 3.606e-3
-1.784, 3.658e-3
-1.785, 3.712e-3
-1.786, 3.768e-3
-1.787, 3.825e-3
-1.788, 3.882e-3
-1.789, 3.941e-3
-1.790, 3.999e-3
-1.791, 4.060e-3
-1.792, 4.125e-3
-1.793, 4.188e-3
-1.794, 4.248e-3
-1.795, 4.305e-3
-1.796, 4.363e-3
-1.797, 4.422e-3
-1.798, 4.475e-3
-1.799, 4.529e-3
-1.800, 4.549e-3
-1.799, 4.525e-3
-1.798, 4.498e-3
-1.797, 4.472e-3
-1.796, 4.448e-3
-1.795, 4.421e-3
-1.794, 4.395e-3
-1.793, 4.368e-3
-1.792, 4.340e-3
-1.791, 4.314e-3
-1.790, 4.282e-3
-1.789, 4.250e-3
-1.788, 4.212e-3
-1.787, 4.174e-3
-1.786, 4.147e-3
-1.785, 4.117e-3
-1.784, 4.079e-3
-1.783, 4.043e-3
-1.782, 4.011e-3
-1.781, 3.988e-3
-1.780, 3.942e-3
-1.779, 3.903e-3
-1.778, 3.860e-3
-1.777, 3.818e-3
-1.776, 3.785e-3
-1.775, 3.753e-3
-1.774, 3.723e-3
-1.773, 3.690e-3
-1.772, 3.657e-3
-1.771, 3.624e-3
-1.770, 3.589e-3
-1.769, 3.556e-3
-1.768, 3.523e-3
-1.767, 3.490e-3
-1.766, 3.458e-3
-1.765, 3.424e-3
-1.764, 3.391e-3
-1.763, 3.347e-3
-1.762, 3.314e-3
-1.761, 3.284e-3
-1.760, 3.250e-3
-1.759, 3.219e-3
-1.758, 3.187e-3
-1.757, 3.152e-3
-1.756, 3.120e-3
-1.755, 3.088e-3
-1.754, 3.056e-3
-1.753, 3.022e-3
-1.752, 2.988e-3
-1.751, 2.952e-3
-1.750, 2.917e-3
-1.749, 2.883e-3
-1.748, 2.850e-3
-1.747, 2.816e-3
-1.746, 2.787e-3
-1.745, 2.751e-3
-1.744, 2.720e-3
-1.743, 2.686e-3
-1.742, 2.650e-3
-1.741, 2.619e-3
-1.740, 2.587e-3
-1.739, 2.556e-3
-1.738, 2.526e-3
-1.737, 2.495e-3
-1.736, 2.465e-3
-1.735, 2.434e-3
-1.734, 2.405e-3
-1.733, 2.376e-3
-1.732, 2.347e-3
-1.731, 2.319e-3
-1.730, 2.291e-3
-1.729, 2.259e-3
-1.728, 2.231e-3
-1.727, 2.202e-3
-1.726, 2.173e-3
-1.725, 2.144e-3
-1.724, 2.117e-3
-1.723, 2.087e-3
-1.722, 2.059e-3
-1.721, 2.031e-3
-1.720, 2.003e-3
-1.719, 1.976e-3
-1.718, 1.950e-3
-1.717, 1.924e-3
-1.716, 1.898e-3
-1.715, 1.873e-3
-1.714, 1.847e-3
-1.713, 1.822e-3
-1.712, 1.797e-3
-1.711, 1.772e-3
-1.710, 1.746e-3
-1.709, 1.720e-3
-1.708, 1.694e-3
-1.707, 1.667e-3
-1.706, 1.642e-3
-1.705, 1.616e-3
-1.704, 1.592e-3
-1.703, 1.566e-3
-1.702, 1.541e-3
-1.701, 1.519e-3
-1.700, 1.492e-3
-1.699, 1.469e-3
-1.698, 1.447e-3
-1.697, 1.424e-3
-1.696, 1.403e-3
-1.695, 1.381e-3
-1.694, 1.360e-3
-1.693, 1.338e-3
-1.692, 1.316e-3
-1.691, 1.296e-3
-1.690, 1.275e-3
-1.689, 1.255e-3
-1.688, 1.235e-3
-1.687, 1.215e-3
-1.686, 1.196e-3
-1.685, 1.176e-3
-1.684, 1.157e-3
-1.683, 1.137e-3
-1.682, 1.117e-3
-1.681, 1.099e-3
-1.680, 1.079e-3
-1.679, 1.060e-3
-1.678, 1.042e-3
-1.677, 1.025e-3
-1.676, 1.007e-3
-1.675, 9.901e-4
-1.674, 9.735e-4
-1.673, 9.554e-4
-1.672, 9.386e-4
-1.671, 9.231e-4
-1.670, 9.059e-4
-1.669, 8.906e-4
-1.668, 8.749e-4
-1.667, 8.583e-4
-1.666, 8.421e-4
-1.665, 8.262e-4
-1.664, 8.104e-4
-1.663, 7.943e-4
-1.662, 7.792e-4
-1.661, 7.647e-4
-1.660, 7.495e-4
-1.659, 7.358e-4
-1.658, 7.221e-4
-1.657, 7.082e-4
-1.656, 6.946e-4
-1.655, 6.811e-4
-1.654, 6.683e-4
-1.653, 6.550e-4
-1.652, 6.414e-4
-1.651, 6.298e-4
-1.650, 6.177e-4
-1.649, 6.056e-4
-1.648, 5.937e-4
-1.647, 5.822e-4
-1.646, 5.710e-4
-1.645, 5.595e-4
-1.644, 5.480e-4
-1.643, 5.375e-4
-1.642, 5.265e-4
-1.641, 5.160e-4
-1.640, 5.045e-4
-1.639, 4.940e-4
-1.638, 4.837e-4
-1.637, 4.737e-4
-1.636, 4.642e-4
-1.635, 4.536e-4
-1.634, 4.449e-4
-1.633, 4.355e-4
-1.632, 4.264e-4
-1.631, 4.173e-4
-1.630, 4.081e-4
-1.629, 3.999e-4
-1.628, 3.915e-4
-1.627, 3.831e-4
-1.626, 3.752e-4
-1.625, 3.672e-4
-1.624, 3.586e-4
-1.623, 3.515e-4
-1.622, 3.438e-4
-1.621, 3.366e-4
-1.620, 3.292e-4
-1.619, 3.222e-4
-1.618, 3.147e-4
-1.617, 3.080e-4
-1.616, 3.018e-4
-1.615, 2.951e-4
-1.614, 2.889e-4
-1.613, 2.826e-4
-1.612, 2.756e-4
-1.611, 2.699e-4
-1.610, 2.639e-4
-1.609, 2.584e-4
-1.608, 2.527e-4
-1.607, 2.468e-4
-1.606, 2.413e-4
-1.605, 2.357e-4
-1.604, 2.303e-4
-1.603, 2.255e-4
-1.602, 2.205e-4
-1.601, 2.156e-4
-1.600, 2.109e-4
-1.599, 2.065e-4
-1.598, 2.018e-4
-1.597, 1.965e-4
-1.596, 1.925e-4
-1.595, 1.882e-4
-1.594, 1.842e-4
-1.593, 1.801e-4
-1.592, 1.758e-4
-1.591, 1.720e-4
-1.590, 1.680e-4
-1.589, 1.639e-4
-1.588, 1.603e-4
-1.587, 1.566e-4
-1.586, 1.531e-4
-1.585, 1.499e-4
-1.584, 1.465e-4
-1.583, 1.431e-4
-1.582, 1.398e-4
-1.581, 1.368e-4
-1.580, 1.332e-4
-1.579, 1.304e-4
-1.578, 1.278e-4
-1.577, 1.247e-4
-1.576, 1.219e-4
-1.575, 1.190e-4
-1.574, 1.165e-4
-1.573, 1.138e-4
-1.572, 1.112e-4
-1.571, 1.090e-4
-1.570, 1.060e-4
-1.569, 1.035e-4
-1.568, 1.015e-4
-1.567, 9.926e-5
-1.566, 9.711e-5
-1.565, 9.485e-5
-1.564, 9.285e-5
-1.563, 9.079e-5
-1.562, 8.848e-5
-1.561, 8.672e-5
-1.560, 8.470e-5
-1.559, 8.293e-5
-1.558, 8.091e-5
-1.557, 7.881e-5
-1.556, 7.743e-5
-1.555, 7.563e-5
-1.554, 7.415e-5
-1.553, 7.240e-5
-1.552, 7.067e-5
-1.551, 6.921e-5
-1.550, 6.771e-5
-1.549, 6.621e-5
-1.548, 6.481e-5
-1.547, 6.323e-5
-1.546, 6.194e-5
-1.545, 6.061e-5
-1.544, 5.905e-5
-1.543, 5.779e-5
-1.542, 5.638e-5
-1.541, 5.531e-5
-1.540, 5.400e-5
-1.539, 5.291e-5
-1.538, 5.182e-5
-1.537, 5.050e-5
-1.536, 4.946e-5
-1.535, 4.847e-5
-1.534, 4.733e-5
-1.533, 4.637e-5
-1.532, 4.526e-5
-1.531, 4.436e-5
-1.530, 4.332e-5
-1.529, 4.252e-5
-1.528, 4.134e-5
-1.527, 4.045e-5
-1.526, 3.980e-5
-1.525, 3.876e-5
-1.524, 3.796e-5
-1.523, 3.714e-5
-1.522, 3.629e-5
-1.521, 3.560e-5
-1.520, 3.484e-5
-1.519, 3.409e-5
-1.518, 3.339e-5
-1.517, 3.261e-5
-1.516, 3.193e-5
-1.515, 3.109e-5
-1.514, 3.062e-5
-1.513, 3.000e-5
-1.512, 2.911e-5
-1.511, 2.868e-5
-1.510, 2.798e-5
-1.509, 2.709e-5
-1.508, 2.668e-5
-1.507, 2.623e-5
-1.506, 2.579e-5
-1.505, 2.518e-5
-1.504, 2.450e-5
-1.503, 2.411e-5
-1.502, 2.353e-5
-1.501, 2.312e-5
-1.500, 2.242e-5
-1.499, 2.218e-5
-1.498, 2.174e-5
-1.497, 2.120e-5
-1.496, 2.085e-5
-1.495, 2.037e-5
-1.494, 2.008e-5
-1.493, 1.957e-5
-1.492, 1.902e-5
-1.491, 1.863e-5
-1.490, 1.825e-5
-1.489, 1.793e-5
-1.488, 1.773e-5
-1.487, 1.696e-5
-1.486, 1.664e-5
-1.485, 1.634e-5
-1.484, 1.608e-5
-1.483, 1.586e-5
-1.482, 1.538e-5
-1.481, 1.506e-5
-1.480, 1.484e-5
-1.479, 1.455e-5
-1.478, 1.428e-5
-1.477, 1.380e-5
-1.476, 1.350e-5
-1.475, 1.327e-5
-1.474, 1.313e-5
-1.473, 1.279e-5
-1.472, 1.237e-5
-1.471, 1.215e-5
-1.470, 1.181e-5
-1.469, 1.177e-5
-1.468, 1.141e-5
-1.467, 1.123e-5
-1.466, 1.100e-5
-1.465, 1.080e-5
-1.464, 1.069e-5
-1.463, 1.033e-5
-1.462, 1.004e-5
-1.461, 1.007e-5
-1.460, 9.677e-6
-1.459, 9.331e-6
-1.458, 9.242e-6
-1.457, 8.897e-6
-1.456, 8.858e-6
-1.455, 8.581e-6
-1.454, 8.433e-6
-1.453, 8.295e-6
-1.452, 7.989e-6
-1.451, 7.960e-6
-1.450, 7.684e-6
-1.449, 7.506e-6
-1.448, 7.457e-6
-1.447, 7.171e-6
-1.446, 7.003e-6
-1.445, 6.983e-6
-1.444, 6.825e-6
-1.443, 6.717e-6
-1.442, 6.500e-6
-1.441, 6.421e-6
-1.440, 6.243e-6
-1.439, 6.075e-6
-1.438, 5.937e-6
-1.437, 5.878e-6
-1.436, 5.710e-6
-1.435, 5.474e-6
-1.434, 5.464e-6
-1.433, 5.286e-6
-1.432, 4.892e-6
-1.431, 4.921e-6
-1.430, 4.862e-6
-1.429, 4.753e-6
-1.428, 4.566e-6
-1.427, 4.359e-6
-1.426, 4.319e-6
-1.425, 4.329e-6
-1.424, 4.260e-6
-1.423, 4.102e-6
-1.422, 4.023e-6
-1.421, 3.787e-6
-1.420, 3.767e-6
-1.419, 3.757e-6
-1.418, 3.579e-6
-1.417, 3.323e-6
-1.416, 3.412e-6
-1.415, 3.145e-6
-1.414, 3.155e-6
-1.413, 3.204e-6
-1.412, 3.106e-6
-1.411, 2.987e-6
-1.410, 2.839e-6
-1.409, 2.830e-6
-1.408, 2.701e-6
-1.407, 2.593e-6
-1.406, 2.682e-6
-1.405, 2.395e-6
-1.404, 2.307e-6
-1.403, 2.297e-6
-1.402, 2.198e-6
-1.401, 2.198e-6
-1.400, 2.050e-6
-1.399, 2.119e-6
-1.398, 2.090e-6
-1.397, 1.971e-6
-1.396, 2.060e-6
-1.395, 1.705e-6
-1.394, 1.813e-6
-1.393, 1.715e-6
-1.392, 1.537e-6
-1.391, 1.586e-6
-1.390, 1.419e-6
-1.389, 1.527e-6
-1.388, 1.448e-6
-1.387, 1.290e-6
-1.386, 1.389e-6
-1.385, 1.330e-6
-1.384, 1.251e-6
-1.383, 1.172e-6
-1.382, 9.748e-7
-1.381, 1.054e-6
-1.380, 9.748e-7
-1.379, 8.761e-7
-1.378, 8.465e-7
-1.377, 7.281e-7
-1.376, 7.774e-7
-1.375, 6.886e-7
-1.374, 7.281e-7
-1.373, 7.676e-7
-1.372, 5.801e-7
-1.371, 6.492e-7
-1.370, 5.012e-7
-1.369, 3.927e-7
-1.368, 5.308e-7
-1.367, 3.631e-7
-1.366, 4.519e-7
-1.365, 2.644e-7
-1.364, 4.321e-7
-1.363, 2.249e-7
-1.362, 3.039e-7
-1.361, 2.151e-7
-1.360, 1.776e-8
-1.359, 7.893e-9
-1.358, 8.682e-8
-1.357, 7.893e-9
-1.356, 3.749e-8
-1.355, -1.105e-7
-1.354, -5.130e-8
-1.353, -2.171e-8
-1.352, -9.077e-8
-1.351, -7.103e-8
-1.350, -2.980e-7
-1.349, -2.585e-7
-1.348, -1.401e-7
-1.347, -2.980e-7
-1.346, -3.078e-7
-1.345, -5.347e-7
-1.344, -3.966e-7
-1.343, -4.459e-7
-1.342, -5.643e-7
-1.341, -3.769e-7
-1.340, -4.065e-7
-1.339, -3.966e-7
-1.338, -5.742e-7
-1.337, -5.742e-7
-1.336, -6.630e-7
-1.335, -5.939e-7
-1.334, -5.446e-7
-1.333, -5.249e-7
-1.332, -5.841e-7
-1.331, -7.715e-7
-1.330, -7.518e-7
-1.329, -8.110e-7
-1.328, -7.025e-7
-1.327, -8.504e-7
-1.326, -8.406e-7
-1.325, -8.208e-7
-1.324, -8.899e-7
-1.323, -8.800e-7
-1.322, -8.110e-7
-1.321, -8.208e-7
-1.320, -9.096e-7
-1.319, -9.590e-7
-1.318, -9.096e-7
-1.317, -1.077e-6
-1.316, -9.688e-7
-1.315, -1.087e-6
-1.314, -9.392e-7
-1.313, -1.067e-6
-1.312, -1.038e-6
-1.311, -1.137e-6
-1.310, -1.048e-6
-1.309, -1.067e-6
-1.308, -1.166e-6
-1.307, -1.067e-6
-1.306, -1.235e-6
-1.305, -1.215e-6
-1.304, -1.245e-6
-1.303, -1.156e-6
-1.302, -1.255e-6
-1.301, -1.255e-6
-1.300, -1.255e-6
-1.299, -1.245e-6
-1.298, -1.176e-6
-1.297, -1.304e-6
-1.296, -1.324e-6
-1.295, -1.304e-6
-1.294, -1.294e-6
-1.293, -1.314e-6
-1.292, -1.482e-6
-1.291, -1.334e-6
-1.290, -1.423e-6
-1.289, -1.403e-6
-1.288, -1.452e-6
-1.287, -1.393e-6
-1.286, -1.541e-6
-1.285, -1.442e-6
-1.284, -1.393e-6
-1.283, -1.442e-6
-1.282, -1.521e-6
-1.281, -1.531e-6
-1.280, -1.521e-6
-1.279, -1.531e-6
-1.278, -1.413e-6
-1.277, -1.610e-6
-1.276, -1.659e-6
-1.275, -1.462e-6
-1.274, -1.541e-6
-1.273, -1.531e-6
-1.272, -1.650e-6
-1.271, -1.827e-6
-1.270, -1.630e-6
-1.269, -1.511e-6
-1.268, -1.521e-6
-1.267, -1.640e-6
-1.266, -1.748e-6
-1.265, -1.610e-6
-1.264, -1.689e-6
-1.263, -1.620e-6
-1.262, -1.650e-6
-1.261, -1.729e-6
-1.260, -1.669e-6
-1.259, -1.709e-6
-1.258, -1.600e-6
-1.257, -1.650e-6
-1.256, -1.758e-6
-1.255, -1.817e-6
-1.254, -1.906e-6
-1.253, -1.738e-6
-1.252, -1.867e-6
-1.251, -1.788e-6
-1.250, -1.729e-6
-1.249, -1.798e-6
-1.248, -1.719e-6
-1.247, -1.817e-6
-1.246, -1.778e-6
-1.245, -1.867e-6
-1.244, -1.896e-6
-1.243, -1.729e-6
-1.242, -1.788e-6
-1.241, -1.827e-6
-1.240, -1.807e-6
-1.239, -1.847e-6
-1.238, -1.886e-6
-1.237, -1.886e-6
-1.236, -1.788e-6
-1.235, -1.689e-6
-1.234, -1.946e-6
-1.233, -1.788e-6
-1.232, -1.768e-6
-1.231, -1.877e-6
-1.230, -1.867e-6
-1.229, -2.005e-6
-1.228, -1.955e-6
-1.227, -1.985e-6
-1.226, -1.995e-6
-1.225, -2.024e-6
-1.224, -1.877e-6
-1.223, -1.995e-6
-1.222, -2.084e-6
-1.221, -1.995e-6
-1.220, -2.044e-6
-1.219, -1.965e-6
-1.218, -1.955e-6
-1.217, -2.054e-6
-1.216, -2.202e-6
-1.215, -2.074e-6
-1.214, -2.133e-6
-1.213, -1.995e-6
-1.212, -2.251e-6
-1.211, -1.985e-6
-1.210, -2.103e-6
-1.209, -1.985e-6
-1.208, -2.024e-6
-1.207, -2.202e-6
-1.206, -2.015e-6
-1.205, -2.064e-6
-1.204, -2.182e-6
-1.203, -2.064e-6
-1.202, -2.222e-6
-1.201, -2.133e-6
-1.200, -2.143e-6
-1.199, -2.172e-6
-1.198, -2.094e-6
-1.197, -2.133e-6
-1.196, -2.094e-6
-1.195, -2.222e-6
-1.194, -2.094e-6
-1.193, -2.084e-6
-1.192, -2.242e-6
-1.191, -2.222e-6
-1.190, -2.261e-6
-1.189, -2.123e-6
-1.188, -2.084e-6
-1.187, -2.261e-6
-1.186, -2.182e-6
-1.185, -2.261e-6
-1.184, -2.163e-6
-1.183, -2.094e-6
-1.182, -2.182e-6
-1.181, -2.212e-6
-1.180, -2.311e-6
-1.179, -2.113e-6
-1.178, -2.123e-6
-1.177, -2.271e-6
-1.176, -2.291e-6
-1.175, -2.311e-6
-1.174, -2.320e-6
-1.173, -2.133e-6
-1.172, -2.360e-6
-1.171, -2.409e-6
-1.170, -2.320e-6
-1.169, -2.261e-6
-1.168, -2.301e-6
-1.167, -2.360e-6
-1.166, -2.340e-6
-1.165, -2.320e-6
-1.164, -2.399e-6
-1.163, -2.330e-6
-1.162, -2.320e-6
-1.161, -2.311e-6
-1.160, -2.360e-6
-1.159, -2.360e-6
-1.158, -2.360e-6
-1.157, -2.380e-6
-1.156, -2.390e-6
-1.155, -2.330e-6
-1.154, -2.409e-6
-1.153, -2.271e-6
-1.152, -2.557e-6
-1.151, -2.439e-6
-1.150, -2.468e-6
-1.149, -2.508e-6
-1.148, -2.340e-6
-1.147, -2.547e-6
-1.146, -2.449e-6
-1.145, -2.498e-6
-1.144, -2.567e-6
-1.143, -2.330e-6
-1.142, -2.547e-6
-1.141, -2.488e-6
-1.140, -2.370e-6
-1.139, -2.538e-6
-1.138, -2.419e-6
-1.137, -2.616e-6
-1.136, -2.508e-6
-1.135, -2.399e-6
-1.134, -2.419e-6
-1.133, -2.340e-6
-1.132, -2.597e-6
-1.131, -2.439e-6
-1.130, -2.498e-6
-1.129, -2.597e-6
-1.128, -2.429e-6
-1.127, -2.735e-6
-1.126, -2.656e-6
-1.125, -2.686e-6
-1.124, -2.587e-6
-1.123, -2.350e-6
-1.122, -2.646e-6
-1.121, -2.715e-6
-1.120, -2.597e-6
-1.119, -2.587e-6
-1.118, -2.528e-6
-1.117, -2.597e-6
-1.116, -2.587e-6
-1.115, -2.547e-6
-1.114, -2.577e-6
-1.113, -2.587e-6
-1.112, -2.656e-6
-1.111, -2.725e-6
-1.110, -2.715e-6
-1.109, -2.597e-6
-1.108, -2.567e-6
-1.107, -2.824e-6
-1.106, -2.784e-6
-1.105, -2.755e-6
-1.104, -2.636e-6
-1.103, -2.557e-6
-1.102, -2.774e-6
-1.101, -2.764e-6
-1.100, -2.735e-6
-1.099, -2.843e-6
-1.098, -2.676e-6
-1.097, -2.873e-6
-1.096, -2.764e-6
-1.095, -2.784e-6
-1.094, -2.774e-6
-1.093, -2.567e-6
-1.092, -2.725e-6
-1.091, -2.745e-6
-1.090, -2.676e-6
-1.089, -2.676e-6
-1.088, -2.715e-6
-1.087, -2.843e-6
-1.086, -2.666e-6
-1.085, -2.834e-6
-1.084, -2.903e-6
-1.083, -2.656e-6
-1.082, -2.883e-6
-1.081, -2.636e-6
-1.080, -2.834e-6
-1.079, -2.893e-6
-1.078, -2.676e-6
-1.077, -2.824e-6
-1.076, -2.804e-6
-1.075, -2.873e-6
-1.074, -2.962e-6
-1.073, -2.824e-6
-1.072, -3.080e-6
-1.071, -2.755e-6
-1.070, -2.893e-6
-1.069, -2.873e-6
-1.068, -2.824e-6
-1.067, -3.021e-6
-1.066, -2.991e-6
-1.065, -2.912e-6
-1.064, -2.962e-6
-1.063, -2.893e-6
-1.062, -3.011e-6
-1.061, -2.952e-6
-1.060, -3.001e-6
-1.059, -3.021e-6
-1.058, -2.873e-6
-1.057, -2.942e-6
-1.056, -2.972e-6
-1.055, -2.932e-6
-1.054, -3.159e-6
-1.053, -2.942e-6
-1.052, -3.051e-6
-1.051, -2.991e-6
-1.050, -3.110e-6
-1.049, -3.041e-6
-1.048, -2.962e-6
-1.047, -3.129e-6
-1.046, -3.110e-6
-1.045, -3.129e-6
-1.044, -3.100e-6
-1.043, -2.972e-6
-1.042, -3.090e-6
-1.041, -3.001e-6
-1.040, -3.129e-6
-1.039, -3.179e-6
-1.038, -2.942e-6
-1.037, -3.100e-6
-1.036, -3.248e-6
-1.035, -3.189e-6
-1.034, -3.060e-6
-1.033, -3.100e-6
-1.032, -3.139e-6
-1.031, -3.208e-6
-1.030, -3.199e-6
-1.029, -3.169e-6
-1.028, -3.041e-6
-1.027, -3.189e-6
-1.026, -3.070e-6
-1.025, -3.218e-6
-1.024, -3.327e-6
-1.023, -3.268e-6
-1.022, -3.347e-6
-1.021, -3.277e-6
-1.020, -3.327e-6
-1.019, -3.455e-6
-1.018, -3.356e-6
-1.017, -3.416e-6
-1.016, -3.307e-6
-1.015, -3.445e-6
-1.014, -3.406e-6
-1.013, -3.347e-6
-1.012, -3.495e-6
-1.011, -3.268e-6
-1.010, -3.485e-6
-1.009, -3.485e-6
-1.008, -3.425e-6
-1.007, -3.564e-6
-1.006, -3.317e-6
-1.005, -3.564e-6
-1.004, -3.435e-6
-1.003, -3.416e-6
-1.002, -3.583e-6
-1.001, -3.435e-6
