Dec. 28, 2024   04:17:12
Cyclic Voltammetry
File: c:/users/guazh/data/banditlqround7_x0exp136_r20/2024-12-24-exp764\exp764-2024-12-28t04_08_38-arkoh\exp764_cv_50mvs_efin_-1500mv.bin
Data Source:  Experiment
Instrument Model:  CHI760E
Header: CV ran at 50 mVs
Note: 

Init E (V) = -1
High E (V) = -1
Low E (V) = -1.5
Final E (V) = -1
Init P/N = N
Scan Rate (V/s) = 0.05
Segment = 7
Sample Interval (V) = 0.001
Quiet Time (sec) = 60
Sensitivity (A/V) = 0.001
Comp R (ohm) = 1.4

Results:

Channel 1:
Segment 1:

Segment 2:

Segment 3:

Segment 4:

Segment 5:

Segment 6:

Segment 7:

Potential/V, Current/A

-1.000, 1.702e-5
-1.001, 3.357e-5
-1.002, 3.746e-5
-1.003, 4.012e-5
-1.004, 4.330e-5
-1.005, 4.375e-5
-1.006, 4.255e-5
-1.007, 4.197e-5
-1.008, 4.329e-5
-1.009, 4.571e-5
-1.010, 4.596e-5
-1.011, 4.434e-5
-1.012, 4.355e-5
-1.013, 4.467e-5
-1.014, 4.693e-5
-1.015, 4.728e-5
-1.016, 4.557e-5
-1.017, 4.456e-5
-1.018, 4.598e-5
-1.019, 4.774e-5
-1.020, 4.834e-5
-1.021, 4.653e-5
-1.022, 4.547e-5
-1.023, 4.674e-5
-1.024, 4.901e-5
-1.025, 4.917e-5
-1.026, 4.741e-5
-1.027, 4.628e-5
-1.028, 4.754e-5
-1.029, 4.944e-5
-1.030, 4.990e-5
-1.031, 4.835e-5
-1.032, 4.698e-5
-1.033, 4.815e-5
-1.034, 5.042e-5
-1.035, 5.050e-5
-1.036, 4.901e-5
-1.037, 4.770e-5
-1.038, 4.879e-5
-1.039, 5.100e-5
-1.040, 5.103e-5
-1.041, 4.952e-5
-1.042, 4.845e-5
-1.043, 4.956e-5
-1.044, 5.165e-5
-1.045, 5.194e-5
-1.046, 5.018e-5
-1.047, 4.912e-5
-1.048, 5.005e-5
-1.049, 5.219e-5
-1.050, 5.244e-5
-1.051, 5.074e-5
-1.052, 4.990e-5
-1.053, 5.060e-5
-1.054, 5.252e-5
-1.055, 5.318e-5
-1.056, 5.132e-5
-1.057, 5.010e-5
-1.058, 5.129e-5
-1.059, 5.309e-5
-1.060, 5.374e-5
-1.061, 5.191e-5
-1.062, 5.076e-5
-1.063, 5.166e-5
-1.064, 5.355e-5
-1.065, 5.417e-5
-1.066, 5.259e-5
-1.067, 5.124e-5
-1.068, 5.230e-5
-1.069, 5.425e-5
-1.070, 5.462e-5
-1.071, 5.315e-5
-1.072, 5.170e-5
-1.073, 5.281e-5
-1.074, 5.464e-5
-1.075, 5.537e-5
-1.076, 5.372e-5
-1.077, 5.220e-5
-1.078, 5.328e-5
-1.079, 5.522e-5
-1.080, 5.546e-5
-1.081, 5.401e-5
-1.082, 5.279e-5
-1.083, 5.367e-5
-1.084, 5.568e-5
-1.085, 5.596e-5
-1.086, 5.444e-5
-1.087, 5.348e-5
-1.088, 5.397e-5
-1.089, 5.598e-5
-1.090, 5.666e-5
-1.091, 5.505e-5
-1.092, 5.400e-5
-1.093, 5.451e-5
-1.094, 5.654e-5
-1.095, 5.719e-5
-1.096, 5.526e-5
-1.097, 5.410e-5
-1.098, 5.514e-5
-1.099, 5.702e-5
-1.100, 5.771e-5
-1.101, 5.600e-5
-1.102, 5.473e-5
-1.103, 5.561e-5
-1.104, 5.729e-5
-1.105, 5.810e-5
-1.106, 5.663e-5
-1.107, 5.505e-5
-1.108, 5.614e-5
-1.109, 5.799e-5
-1.110, 5.866e-5
-1.111, 5.785e-5
-1.112, 5.616e-5
-1.113, 5.676e-5
-1.114, 5.857e-5
-1.115, 5.907e-5
-1.116, 5.772e-5
-1.117, 5.625e-5
-1.118, 5.707e-5
-1.119, 5.911e-5
-1.120, 5.968e-5
-1.121, 5.826e-5
-1.122, 5.690e-5
-1.123, 5.749e-5
-1.124, 5.977e-5
-1.125, 6.025e-5
-1.126, 5.875e-5
-1.127, 5.760e-5
-1.128, 5.811e-5
-1.129, 6.020e-5
-1.130, 6.091e-5
-1.131, 5.926e-5
-1.132, 5.816e-5
-1.133, 5.859e-5
-1.134, 6.074e-5
-1.135, 6.155e-5
-1.136, 5.981e-5
-1.137, 5.872e-5
-1.138, 5.932e-5
-1.139, 6.135e-5
-1.140, 6.210e-5
-1.141, 6.064e-5
-1.142, 5.933e-5
-1.143, 6.013e-5
-1.144, 6.204e-5
-1.145, 6.278e-5
-1.146, 6.126e-5
-1.147, 5.984e-5
-1.148, 6.080e-5
-1.149, 6.270e-5
-1.150, 6.357e-5
-1.151, 6.235e-5
-1.152, 6.059e-5
-1.153, 6.122e-5
-1.154, 6.321e-5
-1.155, 6.409e-5
-1.156, 6.296e-5
-1.157, 6.134e-5
-1.158, 6.194e-5
-1.159, 6.413e-5
-1.160, 6.473e-5
-1.161, 6.365e-5
-1.162, 6.218e-5
-1.163, 6.263e-5
-1.164, 6.491e-5
-1.165, 6.570e-5
-1.166, 6.427e-5
-1.167, 6.317e-5
-1.168, 6.354e-5
-1.169, 6.580e-5
-1.170, 6.656e-5
-1.171, 6.531e-5
-1.172, 6.386e-5
-1.173, 6.436e-5
-1.174, 6.637e-5
-1.175, 6.754e-5
-1.176, 6.615e-5
-1.177, 6.495e-5
-1.178, 6.558e-5
-1.179, 6.735e-5
-1.180, 6.842e-5
-1.181, 6.700e-5
-1.182, 6.579e-5
-1.183, 6.636e-5
-1.184, 6.818e-5
-1.185, 6.932e-5
-1.186, 6.837e-5
-1.187, 6.690e-5
-1.188, 6.749e-5
-1.189, 6.922e-5
-1.190, 7.026e-5
-1.191, 6.928e-5
-1.192, 6.775e-5
-1.193, 6.837e-5
-1.194, 7.051e-5
-1.195, 7.152e-5
-1.196, 7.048e-5
-1.197, 6.870e-5
-1.198, 6.945e-5
-1.199, 7.159e-5
-1.200, 7.252e-5
-1.201, 7.145e-5
-1.202, 7.013e-5
-1.203, 7.077e-5
-1.204, 7.292e-5
-1.205, 7.389e-5
-1.206, 7.277e-5
-1.207, 7.151e-5
-1.208, 7.183e-5
-1.209, 7.382e-5
-1.210, 7.512e-5
-1.211, 7.410e-5
-1.212, 7.286e-5
-1.213, 7.321e-5
-1.214, 7.540e-5
-1.215, 7.672e-5
-1.216, 7.566e-5
-1.217, 7.457e-5
-1.218, 7.496e-5
-1.219, 7.674e-5
-1.220, 7.815e-5
-1.221, 7.720e-5
-1.222, 7.570e-5
-1.223, 7.635e-5
-1.224, 7.840e-5
-1.225, 7.975e-5
-1.226, 7.871e-5
-1.227, 7.725e-5
-1.228, 7.834e-5
-1.229, 8.099e-5
-1.230, 8.166e-5
-1.231, 8.076e-5
-1.232, 7.909e-5
-1.233, 7.973e-5
-1.234, 8.186e-5
-1.235, 8.313e-5
-1.236, 8.284e-5
-1.237, 8.281e-5
-1.238, 8.206e-5
-1.239, 8.398e-5
-1.240, 8.519e-5
-1.241, 8.453e-5
-1.242, 8.318e-5
-1.243, 8.356e-5
-1.244, 8.609e-5
-1.245, 8.726e-5
-1.246, 8.666e-5
-1.247, 8.536e-5
-1.248, 8.584e-5
-1.249, 8.821e-5
-1.250, 8.974e-5
-1.251, 8.912e-5
-1.252, 8.785e-5
-1.253, 8.842e-5
-1.254, 9.075e-5
-1.255, 9.231e-5
-1.256, 9.158e-5
-1.257, 9.035e-5
-1.258, 9.114e-5
-1.259, 9.340e-5
-1.260, 9.485e-5
-1.261, 9.443e-5
-1.262, 9.326e-5
-1.263, 9.419e-5
-1.264, 9.625e-5
-1.265, 9.784e-5
-1.266, 9.733e-5
-1.267, 9.624e-5
-1.268, 9.726e-5
-1.269, 9.940e-5
-1.270, 1.013e-4
-1.271, 1.011e-4
-1.272, 9.970e-5
-1.273, 1.006e-4
-1.274, 1.031e-4
-1.275, 1.048e-4
-1.276, 1.049e-4
-1.277, 1.036e-4
-1.278, 1.043e-4
-1.279, 1.071e-4
-1.280, 1.095e-4
-1.281, 1.090e-4
-1.282, 1.082e-4
-1.283, 1.089e-4
-1.284, 1.115e-4
-1.285, 1.134e-4
-1.286, 1.134e-4
-1.287, 1.128e-4
-1.288, 1.138e-4
-1.289, 1.166e-4
-1.290, 1.189e-4
-1.291, 1.188e-4
-1.292, 1.184e-4
-1.293, 1.194e-4
-1.294, 1.223e-4
-1.295, 1.247e-4
-1.296, 1.247e-4
-1.297, 1.241e-4
-1.298, 1.254e-4
-1.299, 1.284e-4
-1.300, 1.312e-4
-1.301, 1.315e-4
-1.302, 1.312e-4
-1.303, 1.325e-4
-1.304, 1.355e-4
-1.305, 1.385e-4
-1.306, 1.393e-4
-1.307, 1.389e-4
-1.308, 1.406e-4
-1.309, 1.439e-4
-1.310, 1.469e-4
-1.311, 1.479e-4
-1.312, 1.479e-4
-1.313, 1.498e-4
-1.314, 1.533e-4
-1.315, 1.565e-4
-1.316, 1.578e-4
-1.317, 1.580e-4
-1.318, 1.600e-4
-1.319, 1.641e-4
-1.320, 1.677e-4
-1.321, 1.693e-4
-1.322, 1.697e-4
-1.323, 1.720e-4
-1.324, 1.765e-4
-1.325, 1.803e-4
-1.326, 1.819e-4
-1.327, 1.828e-4
-1.328, 1.854e-4
-1.329, 1.901e-4
-1.330, 1.945e-4
-1.331, 1.970e-4
-1.332, 1.984e-4
-1.333, 2.010e-4
-1.334, 2.062e-4
-1.335, 2.110e-4
-1.336, 2.135e-4
-1.337, 2.155e-4
-1.338, 2.189e-4
-1.339, 2.243e-4
-1.340, 2.298e-4
-1.341, 2.329e-4
-1.342, 2.352e-4
-1.343, 2.389e-4
-1.344, 2.447e-4
-1.345, 2.510e-4
-1.346, 2.551e-4
-1.347, 2.575e-4
-1.348, 2.625e-4
-1.349, 2.691e-4
-1.350, 2.753e-4
-1.351, 2.795e-4
-1.352, 2.831e-4
-1.353, 2.884e-4
-1.354, 2.960e-4
-1.355, 3.032e-4
-1.356, 3.085e-4
-1.357, 3.122e-4
-1.358, 3.176e-4
-1.359, 3.256e-4
-1.360, 3.336e-4
-1.361, 3.400e-4
-1.362, 3.447e-4
-1.363, 3.513e-4
-1.364, 3.601e-4
-1.365, 3.687e-4
-1.366, 3.756e-4
-1.367, 3.813e-4
-1.368, 3.886e-4
-1.369, 3.983e-4
-1.370, 4.080e-4
-1.371, 4.155e-4
-1.372, 4.228e-4
-1.373, 4.314e-4
-1.374, 4.407e-4
-1.375, 4.509e-4
-1.376, 4.602e-4
-1.377, 4.681e-4
-1.378, 4.769e-4
-1.379, 4.886e-4
-1.380, 5.003e-4
-1.381, 5.096e-4
-1.382, 5.189e-4
-1.383, 5.288e-4
-1.384, 5.407e-4
-1.385, 5.538e-4
-1.386, 5.646e-4
-1.387, 5.742e-4
-1.388, 5.852e-4
-1.389, 5.985e-4
-1.390, 6.129e-4
-1.391, 6.251e-4
-1.392, 6.354e-4
-1.393, 6.473e-4
-1.394, 6.619e-4
-1.395, 6.768e-4
-1.396, 6.925e-4
-1.397, 7.036e-4
-1.398, 7.160e-4
-1.399, 7.306e-4
-1.400, 7.462e-4
-1.401, 7.608e-4
-1.402, 7.744e-4
-1.403, 7.899e-4
-1.404, 8.069e-4
-1.405, 8.246e-4
-1.406, 8.384e-4
-1.407, 8.532e-4
-1.408, 8.698e-4
-1.409, 8.878e-4
-1.410, 9.063e-4
-1.411, 9.225e-4
-1.412, 9.380e-4
-1.413, 9.550e-4
-1.414, 9.747e-4
-1.415, 9.948e-4
-1.416, 1.013e-3
-1.417, 1.030e-3
-1.418, 1.048e-3
-1.419, 1.069e-3
-1.420, 1.090e-3
-1.421, 1.109e-3
-1.422, 1.127e-3
-1.423, 1.147e-3
-1.424, 1.169e-3
-1.425, 1.192e-3
-1.426, 1.213e-3
-1.427, 1.233e-3
-1.428, 1.254e-3
-1.429, 1.275e-3
-1.430, 1.300e-3
-1.431, 1.323e-3
-1.432, 1.344e-3
-1.433, 1.366e-3
-1.434, 1.391e-3
-1.435, 1.416e-3
-1.436, 1.439e-3
-1.437, 1.462e-3
-1.438, 1.485e-3
-1.439, 1.512e-3
-1.440, 1.538e-3
-1.441, 1.562e-3
-1.442, 1.586e-3
-1.443, 1.613e-3
-1.444, 1.640e-3
-1.445, 1.667e-3
-1.446, 1.694e-3
-1.447, 1.715e-3
-1.448, 1.738e-3
-1.449, 1.767e-3
-1.450, 1.794e-3
-1.451, 1.820e-3
-1.452, 1.843e-3
-1.453, 1.870e-3
-1.454, 1.896e-3
-1.455, 1.923e-3
-1.456, 1.948e-3
-1.457, 1.973e-3
-1.458, 1.998e-3
-1.459, 2.022e-3
-1.460, 2.049e-3
-1.461, 2.079e-3
-1.462, 2.106e-3
-1.463, 2.133e-3
-1.464, 2.161e-3
-1.465, 2.193e-3
-1.466, 2.220e-3
-1.467, 2.247e-3
-1.468, 2.272e-3
-1.469, 2.299e-3
-1.470, 2.328e-3
-1.471, 2.359e-3
-1.472, 2.385e-3
-1.473, 2.412e-3
-1.474, 2.446e-3
-1.475, 2.477e-3
-1.476, 2.504e-3
-1.477, 2.529e-3
-1.478, 2.556e-3
-1.479, 2.594e-3
-1.480, 2.624e-3
-1.481, 2.664e-3
-1.482, 2.684e-3
-1.483, 2.712e-3
-1.484, 2.740e-3
-1.485, 2.770e-3
-1.486, 2.798e-3
-1.487, 2.848e-3
-1.488, 2.863e-3
-1.489, 2.647e-3
-1.490, 2.655e-3
-1.491, 2.685e-3
-1.492, 2.701e-3
-1.493, 2.737e-3
-1.494, 2.766e-3
-1.495, 2.799e-3
-1.496, 2.823e-3
-1.497, 2.840e-3
-1.498, 2.870e-3
-1.499, 2.901e-3
-1.500, 2.880e-3
-1.499, 2.835e-3
-1.498, 2.812e-3
-1.497, 2.764e-3
-1.496, 2.748e-3
-1.495, 2.720e-3
-1.494, 2.704e-3
-1.493, 2.670e-3
-1.492, 2.628e-3
-1.491, 2.593e-3
-1.490, 2.562e-3
-1.489, 2.538e-3
-1.488, 2.506e-3
-1.487, 2.469e-3
-1.486, 2.452e-3
-1.485, 2.420e-3
-1.484, 2.395e-3
-1.483, 2.379e-3
-1.482, 2.343e-3
-1.481, 2.317e-3
-1.480, 2.274e-3
-1.479, 2.255e-3
-1.478, 2.227e-3
-1.477, 2.192e-3
-1.476, 2.168e-3
-1.475, 2.149e-3
-1.474, 2.109e-3
-1.473, 2.080e-3
-1.472, 2.049e-3
-1.471, 2.032e-3
-1.470, 2.012e-3
-1.469, 1.995e-3
-1.468, 1.969e-3
-1.467, 1.909e-3
-1.466, 1.890e-3
-1.465, 1.867e-3
-1.464, 1.843e-3
-1.463, 1.823e-3
-1.462, 1.796e-3
-1.461, 1.770e-3
-1.460, 1.748e-3
-1.459, 1.717e-3
-1.458, 1.707e-3
-1.457, 1.682e-3
-1.456, 1.653e-3
-1.455, 1.631e-3
-1.454, 1.607e-3
-1.453, 1.500e-3
-1.452, 1.463e-3
-1.451, 1.437e-3
-1.450, 1.418e-3
-1.449, 1.397e-3
-1.448, 1.374e-3
-1.447, 1.358e-3
-1.446, 1.340e-3
-1.445, 1.327e-3
-1.444, 1.302e-3
-1.443, 1.280e-3
-1.442, 1.259e-3
-1.441, 1.242e-3
-1.440, 1.224e-3
-1.439, 1.204e-3
-1.438, 1.183e-3
-1.437, 1.162e-3
-1.436, 1.144e-3
-1.435, 1.132e-3
-1.434, 1.123e-3
-1.433, 1.101e-3
-1.432, 1.080e-3
-1.431, 1.063e-3
-1.430, 1.048e-3
-1.429, 1.029e-3
-1.428, 1.011e-3
-1.427, 9.928e-4
-1.426, 9.786e-4
-1.425, 9.648e-4
-1.424, 9.526e-4
-1.423, 9.318e-4
-1.422, 9.143e-4
-1.421, 8.995e-4
-1.420, 8.860e-4
-1.419, 8.724e-4
-1.418, 8.575e-4
-1.417, 8.375e-4
-1.416, 8.239e-4
-1.415, 8.107e-4
-1.414, 7.985e-4
-1.413, 7.849e-4
-1.412, 7.667e-4
-1.411, 7.556e-4
-1.410, 7.434e-4
-1.409, 7.293e-4
-1.408, 7.146e-4
-1.407, 6.997e-4
-1.406, 6.868e-4
-1.405, 6.797e-4
-1.404, 6.650e-4
-1.403, 6.503e-4
-1.402, 6.364e-4
-1.401, 6.245e-4
-1.400, 6.143e-4
-1.399, 6.029e-4
-1.398, 5.897e-4
-1.397, 5.769e-4
-1.396, 5.665e-4
-1.395, 5.551e-4
-1.394, 5.437e-4
-1.393, 5.314e-4
-1.392, 5.214e-4
-1.391, 5.097e-4
-1.390, 5.012e-4
-1.389, 4.907e-4
-1.388, 4.788e-4
-1.387, 4.676e-4
-1.386, 4.608e-4
-1.385, 4.502e-4
-1.384, 4.392e-4
-1.383, 4.293e-4
-1.382, 4.185e-4
-1.381, 4.096e-4
-1.380, 4.025e-4
-1.379, 3.932e-4
-1.378, 3.830e-4
-1.377, 3.727e-4
-1.376, 3.647e-4
-1.375, 3.619e-4
-1.374, 3.575e-4
-1.373, 3.424e-4
-1.372, 3.310e-4
-1.371, 3.220e-4
-1.370, 3.159e-4
-1.369, 3.086e-4
-1.368, 3.007e-4
-1.367, 2.909e-4
-1.366, 2.837e-4
-1.365, 2.787e-4
-1.364, 2.717e-4
-1.363, 2.633e-4
-1.362, 2.552e-4
-1.361, 2.481e-4
-1.360, 2.432e-4
-1.359, 2.375e-4
-1.358, 2.296e-4
-1.357, 2.218e-4
-1.356, 2.155e-4
-1.355, 2.112e-4
-1.354, 2.074e-4
-1.353, 1.995e-4
-1.352, 1.912e-4
-1.351, 1.846e-4
-1.350, 1.810e-4
-1.349, 1.779e-4
-1.348, 1.719e-4
-1.347, 1.641e-4
-1.346, 1.589e-4
-1.345, 1.552e-4
-1.344, 1.514e-4
-1.343, 1.460e-4
-1.342, 1.396e-4
-1.341, 1.350e-4
-1.340, 1.311e-4
-1.339, 1.274e-4
-1.338, 1.221e-4
-1.337, 1.168e-4
-1.336, 1.133e-4
-1.335, 1.099e-4
-1.334, 1.062e-4
-1.333, 1.019e-4
-1.332, 9.696e-5
-1.331, 9.305e-5
-1.330, 9.014e-5
-1.329, 8.714e-5
-1.328, 8.320e-5
-1.327, 7.816e-5
-1.326, 7.504e-5
-1.325, 7.332e-5
-1.324, 7.085e-5
-1.323, 6.741e-5
-1.322, 6.252e-5
-1.321, 5.948e-5
-1.320, 5.788e-5
-1.319, 5.571e-5
-1.318, 5.172e-5
-1.317, 4.779e-5
-1.316, 4.536e-5
-1.315, 4.420e-5
-1.314, 4.250e-5
-1.313, 3.887e-5
-1.312, 3.496e-5
-1.311, 3.253e-5
-1.310, 3.159e-5
-1.309, 3.021e-5
-1.308, 2.741e-5
-1.307, 2.372e-5
-1.306, 2.169e-5
-1.305, 2.097e-5
-1.304, 1.976e-5
-1.303, 1.692e-5
-1.302, 1.357e-5
-1.301, 1.193e-5
-1.300, 1.138e-5
-1.299, 1.054e-5
-1.298, 7.784e-6
-1.297, 4.827e-6
-1.296, 3.481e-6
-1.295, 3.328e-6
-1.294, 2.433e-6
-1.293, 3.039e-8
-1.292, -2.805e-6
-1.291, -4.013e-6
-1.290, -3.893e-6
-1.289, -4.646e-6
-1.288, -6.616e-6
-1.287, -9.577e-6
-1.286, -1.090e-5
-1.285, -1.037e-5
-1.284, -1.078e-5
-1.283, -1.269e-5
-1.282, -1.524e-5
-1.281, -1.625e-5
-1.280, -1.606e-5
-1.279, -1.608e-5
-1.278, -1.789e-5
-1.277, -2.014e-5
-1.276, -2.113e-5
-1.275, -2.055e-5
-1.274, -2.041e-5
-1.273, -2.227e-5
-1.272, -2.449e-5
-1.271, -2.536e-5
-1.270, -2.467e-5
-1.269, -2.434e-5
-1.268, -2.592e-5
-1.267, -2.833e-5
-1.266, -2.873e-5
-1.265, -2.815e-5
-1.264, -2.768e-5
-1.263, -2.928e-5
-1.262, -3.139e-5
-1.261, -3.181e-5
-1.260, -3.093e-5
-1.259, -3.068e-5
-1.258, -3.199e-5
-1.257, -3.409e-5
-1.256, -3.444e-5
-1.255, -3.368e-5
-1.254, -3.339e-5
-1.253, -3.435e-5
-1.252, -3.621e-5
-1.251, -3.663e-5
-1.250, -3.585e-5
-1.249, -3.553e-5
-1.248, -3.647e-5
-1.247, -3.836e-5
-1.246, -3.894e-5
-1.245, -3.764e-5
-1.244, -3.705e-5
-1.243, -3.801e-5
-1.242, -3.985e-5
-1.241, -4.032e-5
-1.240, -3.905e-5
-1.239, -3.849e-5
-1.238, -3.961e-5
-1.237, -4.102e-5
-1.236, -4.165e-5
-1.235, -4.057e-5
-1.234, -3.981e-5
-1.233, -4.088e-5
-1.232, -4.231e-5
-1.231, -4.268e-5
-1.230, -4.174e-5
-1.229, -4.133e-5
-1.228, -4.207e-5
-1.227, -4.362e-5
-1.226, -4.376e-5
-1.225, -4.275e-5
-1.224, -4.170e-5
-1.223, -4.248e-5
-1.222, -4.425e-5
-1.221, -4.437e-5
-1.220, -4.343e-5
-1.219, -4.271e-5
-1.218, -4.336e-5
-1.217, -4.514e-5
-1.216, -4.521e-5
-1.215, -4.410e-5
-1.214, -4.343e-5
-1.213, -4.399e-5
-1.212, -4.558e-5
-1.211, -4.586e-5
-1.210, -4.454e-5
-1.209, -4.376e-5
-1.208, -4.445e-5
-1.207, -4.613e-5
-1.206, -4.653e-5
-1.205, -4.509e-5
-1.204, -4.415e-5
-1.203, -4.523e-5
-1.202, -4.707e-5
-1.201, -4.745e-5
-1.200, -4.564e-5
-1.199, -4.469e-5
-1.198, -4.555e-5
-1.197, -4.725e-5
-1.196, -4.748e-5
-1.195, -4.665e-5
-1.194, -4.749e-5
-1.193, -4.711e-5
-1.192, -4.817e-5
-1.191, -4.840e-5
-1.190, -4.720e-5
-1.189, -4.593e-5
-1.188, -4.667e-5
-1.187, -4.822e-5
-1.186, -4.843e-5
-1.185, -4.726e-5
-1.184, -4.594e-5
-1.183, -4.672e-5
-1.182, -4.819e-5
-1.181, -4.839e-5
-1.180, -4.743e-5
-1.179, -4.620e-5
-1.178, -4.711e-5
-1.177, -4.868e-5
-1.176, -4.870e-5
-1.175, -4.748e-5
-1.174, -4.640e-5
-1.173, -4.692e-5
-1.172, -4.871e-5
-1.171, -4.894e-5
-1.170, -4.763e-5
-1.169, -4.682e-5
-1.168, -4.719e-5
-1.167, -4.889e-5
-1.166, -4.927e-5
-1.165, -4.785e-5
-1.164, -4.699e-5
-1.163, -4.770e-5
-1.162, -4.927e-5
-1.161, -4.970e-5
-1.160, -4.832e-5
-1.159, -4.728e-5
-1.158, -4.796e-5
-1.157, -4.949e-5
-1.156, -5.005e-5
-1.155, -4.880e-5
-1.154, -4.769e-5
-1.153, -4.848e-5
-1.152, -4.992e-5
-1.151, -5.046e-5
-1.150, -4.934e-5
-1.149, -4.809e-5
-1.148, -4.881e-5
-1.147, -5.038e-5
-1.146, -5.096e-5
-1.145, -4.987e-5
-1.144, -4.853e-5
-1.143, -4.917e-5
-1.142, -5.096e-5
-1.141, -5.140e-5
-1.140, -5.028e-5
-1.139, -4.918e-5
-1.138, -4.964e-5
-1.137, -5.148e-5
-1.136, -5.186e-5
-1.135, -5.092e-5
-1.134, -4.980e-5
-1.133, -5.025e-5
-1.132, -5.201e-5
-1.131, -5.259e-5
-1.130, -5.133e-5
-1.129, -5.051e-5
-1.128, -5.094e-5
-1.127, -5.272e-5
-1.126, -5.331e-5
-1.125, -5.235e-5
-1.124, -5.120e-5
-1.123, -5.180e-5
-1.122, -5.348e-5
-1.121, -5.425e-5
-1.120, -5.307e-5
-1.119, -5.225e-5
-1.118, -5.301e-5
-1.117, -5.442e-5
-1.116, -5.534e-5
-1.115, -5.442e-5
-1.114, -5.330e-5
-1.113, -5.415e-5
-1.112, -5.581e-5
-1.111, -5.658e-5
-1.110, -5.576e-5
-1.109, -5.434e-5
-1.108, -5.520e-5
-1.107, -5.722e-5
-1.106, -5.832e-5
-1.105, -5.756e-5
-1.104, -5.622e-5
-1.103, -5.686e-5
-1.102, -5.946e-5
-1.101, -5.981e-5
-1.100, -5.920e-5
-1.099, -5.823e-5
-1.098, -5.897e-5
-1.097, -6.107e-5
-1.096, -6.208e-5
-1.095, -6.140e-5
-1.094, -6.051e-5
-1.093, -6.119e-5
-1.092, -6.328e-5
-1.091, -6.432e-5
-1.090, -6.368e-5
-1.089, -6.297e-5
-1.088, -6.408e-5
-1.087, -6.608e-5
-1.086, -6.721e-5
-1.085, -6.645e-5
-1.084, -6.579e-5
-1.083, -6.680e-5
-1.082, -6.881e-5
-1.081, -7.034e-5
-1.080, -6.960e-5
-1.079, -6.893e-5
-1.078, -7.007e-5
-1.077, -7.222e-5
-1.076, -7.379e-5
-1.075, -7.331e-5
-1.074, -7.275e-5
-1.073, -7.367e-5
-1.072, -7.586e-5
-1.071, -7.740e-5
-1.070, -7.713e-5
-1.069, -7.639e-5
-1.068, -7.771e-5
-1.067, -8.006e-5
-1.066, -8.164e-5
-1.065, -8.137e-5
-1.064, -8.072e-5
-1.063, -8.207e-5
-1.062, -8.446e-5
-1.061, -8.603e-5
-1.060, -8.603e-5
-1.059, -8.559e-5
-1.058, -8.687e-5
-1.057, -8.956e-5
-1.056, -9.116e-5
-1.055, -9.115e-5
-1.054, -9.095e-5
-1.053, -9.221e-5
-1.052, -9.495e-5
-1.051, -9.664e-5
-1.050, -9.676e-5
-1.049, -9.667e-5
-1.048, -9.789e-5
-1.047, -1.007e-4
-1.046, -1.029e-4
-1.045, -1.029e-4
-1.044, -1.028e-4
-1.043, -1.043e-4
-1.042, -1.071e-4
-1.041, -1.092e-4
-1.040, -1.094e-4
-1.039, -1.096e-4
-1.038, -1.113e-4
-1.037, -1.153e-4
-1.036, -1.170e-4
-1.035, -1.171e-4
-1.034, -1.171e-4
-1.033, -1.190e-4
-1.032, -1.221e-4
-1.031, -1.245e-4
-1.030, -1.254e-4
-1.029, -1.255e-4
-1.028, -1.274e-4
-1.027, -1.305e-4
-1.026, -1.332e-4
-1.025, -1.340e-4
-1.024, -1.344e-4
-1.023, -1.364e-4
-1.022, -1.399e-4
-1.021, -1.423e-4
-1.020, -1.434e-4
-1.019, -1.442e-4
-1.018, -1.461e-4
-1.017, -1.499e-4
-1.016, -1.526e-4
-1.015, -1.536e-4
-1.014, -1.542e-4
-1.013, -1.562e-4
-1.012, -1.602e-4
-1.011, -1.631e-4
-1.010, -1.648e-4
-1.009, -1.651e-4
-1.008, -1.676e-4
-1.007, -1.719e-4
-1.006, -1.748e-4
-1.005, -1.756e-4
-1.004, -1.769e-4
-1.003, -1.792e-4
-1.002, -1.833e-4
-1.001, -1.867e-4
-1.000, -1.546e-4
-1.001, -1.180e-4
-1.002, -1.020e-4
-1.003, -9.259e-5
-1.004, -8.426e-5
-1.005, -7.543e-5
-1.006, -6.683e-5
-1.007, -6.047e-5
-1.008, -5.620e-5
-1.009, -5.128e-5
-1.010, -4.544e-5
-1.011, -3.905e-5
-1.012, -3.474e-5
-1.013, -3.219e-5
-1.014, -2.901e-5
-1.015, -2.444e-5
-1.016, -1.957e-5
-1.017, -1.628e-5
-1.018, -1.471e-5
-1.019, -1.280e-5
-1.020, -9.025e-6
-1.021, -5.060e-6
-1.022, -2.528e-6
-1.023, -1.604e-6
-1.024, -2.360e-7
-1.025, 2.707e-6
-1.026, 6.123e-6
-1.027, 7.829e-6
-1.028, 8.230e-6
-1.029, 8.867e-6
-1.030, 1.150e-5
-1.031, 1.464e-5
-1.032, 1.590e-5
-1.033, 1.576e-5
-1.034, 1.621e-5
-1.035, 1.819e-5
-1.036, 2.112e-5
-1.037, 2.215e-5
-1.038, 2.176e-5
-1.039, 2.189e-5
-1.040, 2.360e-5
-1.041, 2.605e-5
-1.042, 2.697e-5
-1.043, 2.632e-5
-1.044, 2.625e-5
-1.045, 2.771e-5
-1.046, 2.989e-5
-1.047, 3.084e-5
-1.048, 2.981e-5
-1.049, 2.955e-5
-1.050, 3.088e-5
-1.051, 3.288e-5
-1.052, 3.367e-5
-1.053, 3.256e-5
-1.054, 3.203e-5
-1.055, 3.339e-5
-1.056, 3.529e-5
-1.057, 3.571e-5
-1.058, 3.462e-5
-1.059, 3.412e-5
-1.060, 3.531e-5
-1.061, 3.690e-5
-1.062, 3.743e-5
-1.063, 3.638e-5
-1.064, 3.537e-5
-1.065, 3.659e-5
-1.066, 3.839e-5
-1.067, 3.879e-5
-1.068, 3.760e-5
-1.069, 3.676e-5
-1.070, 3.770e-5
-1.071, 3.955e-5
-1.072, 3.988e-5
-1.073, 3.866e-5
-1.074, 3.791e-5
-1.075, 3.901e-5
-1.076, 4.074e-5
-1.077, 4.077e-5
-1.078, 3.959e-5
-1.079, 3.880e-5
-1.080, 3.949e-5
-1.081, 4.135e-5
-1.082, 4.168e-5
-1.083, 4.023e-5
-1.084, 3.952e-5
-1.085, 4.034e-5
-1.086, 4.191e-5
-1.087, 4.228e-5
-1.088, 4.067e-5
-1.089, 3.965e-5
-1.090, 4.077e-5
-1.091, 4.235e-5
-1.092, 4.278e-5
-1.093, 4.127e-5
-1.094, 4.040e-5
-1.095, 4.131e-5
-1.096, 4.278e-5
-1.097, 4.318e-5
-1.098, 4.199e-5
-1.099, 4.088e-5
-1.100, 4.189e-5
-1.101, 4.335e-5
-1.102, 4.365e-5
-1.103, 4.258e-5
-1.104, 4.136e-5
-1.105, 4.211e-5
-1.106, 4.369e-5
-1.107, 4.408e-5
-1.108, 4.287e-5
-1.109, 4.177e-5
-1.110, 4.255e-5
-1.111, 4.431e-5
-1.112, 4.450e-5
-1.113, 4.338e-5
-1.114, 4.237e-5
-1.115, 4.302e-5
-1.116, 4.470e-5
-1.117, 4.492e-5
-1.118, 4.373e-5
-1.119, 4.277e-5
-1.120, 4.344e-5
-1.121, 4.505e-5
-1.122, 4.555e-5
-1.123, 4.413e-5
-1.124, 4.322e-5
-1.125, 4.387e-5
-1.126, 4.550e-5
-1.127, 4.610e-5
-1.128, 4.448e-5
-1.129, 4.365e-5
-1.130, 4.442e-5
-1.131, 4.600e-5
-1.132, 4.660e-5
-1.133, 4.518e-5
-1.134, 4.418e-5
-1.135, 4.497e-5
-1.136, 4.649e-5
-1.137, 4.700e-5
-1.138, 4.579e-5
-1.139, 4.476e-5
-1.140, 4.551e-5
-1.141, 4.702e-5
-1.142, 4.756e-5
-1.143, 4.646e-5
-1.144, 4.521e-5
-1.145, 4.610e-5
-1.146, 4.777e-5
-1.147, 4.815e-5
-1.148, 4.716e-5
-1.149, 4.588e-5
-1.150, 4.653e-5
-1.151, 4.836e-5
-1.152, 4.876e-5
-1.153, 4.748e-5
-1.154, 4.663e-5
-1.155, 4.714e-5
-1.156, 4.904e-5
-1.157, 4.933e-5
-1.158, 4.821e-5
-1.159, 4.733e-5
-1.160, 4.775e-5
-1.161, 4.937e-5
-1.162, 5.007e-5
-1.163, 4.879e-5
-1.164, 4.802e-5
-1.165, 4.837e-5
-1.166, 4.999e-5
-1.167, 5.074e-5
-1.168, 4.949e-5
-1.169, 4.846e-5
-1.170, 4.906e-5
-1.171, 5.068e-5
-1.172, 5.149e-5
-1.173, 5.011e-5
-1.174, 4.923e-5
-1.175, 4.992e-5
-1.176, 5.148e-5
-1.177, 5.221e-5
-1.178, 5.122e-5
-1.179, 4.978e-5
-1.180, 5.064e-5
-1.181, 5.221e-5
-1.182, 5.275e-5
-1.183, 5.172e-5
-1.184, 5.059e-5
-1.185, 5.136e-5
-1.186, 5.290e-5
-1.187, 5.347e-5
-1.188, 5.260e-5
-1.189, 5.144e-5
-1.190, 5.204e-5
-1.191, 5.382e-5
-1.192, 5.433e-5
-1.193, 5.334e-5
-1.194, 5.241e-5
-1.195, 5.283e-5
-1.196, 5.472e-5
-1.197, 5.523e-5
-1.198, 5.419e-5
-1.199, 5.328e-5
-1.200, 5.359e-5
-1.201, 5.549e-5
-1.202, 5.622e-5
-1.203, 5.520e-5
-1.204, 5.424e-5
-1.205, 5.458e-5
-1.206, 5.640e-5
-1.207, 5.741e-5
-1.208, 5.613e-5
-1.209, 5.503e-5
-1.210, 5.567e-5
-1.211, 5.727e-5
-1.212, 5.828e-5
-1.213, 5.711e-5
-1.214, 5.614e-5
-1.215, 5.677e-5
-1.216, 5.817e-5
-1.217, 5.915e-5
-1.218, 5.833e-5
-1.219, 5.718e-5
-1.220, 5.804e-5
-1.221, 5.957e-5
-1.222, 6.034e-5
-1.223, 5.947e-5
-1.224, 5.833e-5
-1.225, 5.909e-5
-1.226, 6.064e-5
-1.227, 6.149e-5
-1.228, 6.095e-5
-1.229, 6.038e-5
-1.230, 6.073e-5
-1.231, 6.225e-5
-1.232, 6.273e-5
-1.233, 6.196e-5
-1.234, 6.093e-5
-1.235, 6.149e-5
-1.236, 6.342e-5
-1.237, 6.418e-5
-1.238, 6.345e-5
-1.239, 6.249e-5
-1.240, 6.328e-5
-1.241, 6.512e-5
-1.242, 6.584e-5
-1.243, 6.488e-5
-1.244, 6.403e-5
-1.245, 6.471e-5
-1.246, 6.642e-5
-1.247, 6.756e-5
-1.248, 6.665e-5
-1.249, 6.575e-5
-1.250, 6.644e-5
-1.251, 6.813e-5
-1.252, 6.928e-5
-1.253, 6.858e-5
-1.254, 6.776e-5
-1.255, 6.827e-5
-1.256, 7.003e-5
-1.257, 7.123e-5
-1.258, 7.060e-5
-1.259, 6.960e-5
-1.260, 7.049e-5
-1.261, 7.224e-5
-1.262, 7.337e-5
-1.263, 7.284e-5
-1.264, 7.184e-5
-1.265, 7.268e-5
-1.266, 7.471e-5
-1.267, 7.580e-5
-1.268, 7.520e-5
-1.269, 7.445e-5
-1.270, 7.526e-5
-1.271, 7.724e-5
-1.272, 7.856e-5
-1.273, 7.809e-5
-1.274, 7.727e-5
-1.275, 7.808e-5
-1.276, 8.023e-5
-1.277, 8.142e-5
-1.278, 8.106e-5
-1.279, 8.043e-5
-1.280, 8.167e-5
-1.281, 8.365e-5
-1.282, 8.506e-5
-1.283, 8.467e-5
-1.284, 8.407e-5
-1.285, 8.492e-5
-1.286, 8.725e-5
-1.287, 8.894e-5
-1.288, 8.847e-5
-1.289, 8.804e-5
-1.290, 8.911e-5
-1.291, 9.135e-5
-1.292, 9.317e-5
-1.293, 9.295e-5
-1.294, 9.237e-5
-1.295, 9.388e-5
-1.296, 9.605e-5
-1.297, 9.796e-5
-1.298, 9.803e-5
-1.299, 9.756e-5
-1.300, 9.911e-5
-1.301, 1.014e-4
-1.302, 1.036e-4
-1.303, 1.037e-4
-1.304, 1.033e-4
-1.305, 1.049e-4
-1.306, 1.077e-4
-1.307, 1.095e-4
-1.308, 1.099e-4
-1.309, 1.098e-4
-1.310, 1.116e-4
-1.311, 1.146e-4
-1.312, 1.169e-4
-1.313, 1.174e-4
-1.314, 1.176e-4
-1.315, 1.194e-4
-1.316, 1.226e-4
-1.317, 1.249e-4
-1.318, 1.257e-4
-1.319, 1.262e-4
-1.320, 1.283e-4
-1.321, 1.316e-4
-1.322, 1.343e-4
-1.323, 1.353e-4
-1.324, 1.358e-4
-1.325, 1.376e-4
-1.326, 1.428e-4
-1.327, 1.457e-4
-1.328, 1.467e-4
-1.329, 1.471e-4
-1.330, 1.492e-4
-1.331, 1.532e-4
-1.332, 1.566e-4
-1.333, 1.584e-4
-1.334, 1.597e-4
-1.335, 1.626e-4
-1.336, 1.663e-4
-1.337, 1.704e-4
-1.338, 1.730e-4
-1.339, 1.743e-4
-1.340, 1.772e-4
-1.341, 1.817e-4
-1.342, 1.858e-4
-1.343, 1.881e-4
-1.344, 1.897e-4
-1.345, 1.940e-4
-1.346, 1.989e-4
-1.347, 2.031e-4
-1.348, 2.065e-4
-1.349, 2.085e-4
-1.350, 2.127e-4
-1.351, 2.184e-4
-1.352, 2.228e-4
-1.353, 2.267e-4
-1.354, 2.294e-4
-1.355, 2.338e-4
-1.356, 2.401e-4
-1.357, 2.454e-4
-1.358, 2.495e-4
-1.359, 2.530e-4
-1.360, 2.577e-4
-1.361, 2.644e-4
-1.362, 2.703e-4
-1.363, 2.750e-4
-1.364, 2.788e-4
-1.365, 2.845e-4
-1.366, 2.920e-4
-1.367, 2.985e-4
-1.368, 3.036e-4
-1.369, 3.085e-4
-1.370, 3.143e-4
-1.371, 3.214e-4
-1.372, 3.293e-4
-1.373, 3.354e-4
-1.374, 3.410e-4
-1.375, 3.475e-4
-1.376, 3.559e-4
-1.377, 3.645e-4
-1.378, 3.709e-4
-1.379, 3.763e-4
-1.380, 3.839e-4
-1.381, 3.930e-4
-1.382, 4.021e-4
-1.383, 4.096e-4
-1.384, 4.162e-4
-1.385, 4.246e-4
-1.386, 4.344e-4
-1.387, 4.440e-4
-1.388, 4.524e-4
-1.389, 4.599e-4
-1.390, 4.689e-4
-1.391, 4.793e-4
-1.392, 4.896e-4
-1.393, 4.997e-4
-1.394, 5.081e-4
-1.395, 5.159e-4
-1.396, 5.277e-4
-1.397, 5.390e-4
-1.398, 5.491e-4
-1.399, 5.587e-4
-1.400, 5.691e-4
-1.401, 5.813e-4
-1.402, 5.941e-4
-1.403, 6.052e-4
-1.404, 6.156e-4
-1.405, 6.268e-4
-1.406, 6.401e-4
-1.407, 6.532e-4
-1.408, 6.638e-4
-1.409, 6.753e-4
-1.410, 6.876e-4
-1.411, 7.029e-4
-1.412, 7.175e-4
-1.413, 7.295e-4
-1.414, 7.412e-4
-1.415, 7.541e-4
-1.416, 7.689e-4
-1.417, 7.842e-4
-1.418, 7.980e-4
-1.419, 8.099e-4
-1.420, 8.260e-4
-1.421, 8.415e-4
-1.422, 8.578e-4
-1.423, 8.725e-4
-1.424, 8.868e-4
-1.425, 9.024e-4
-1.426, 9.193e-4
-1.427, 9.361e-4
-1.428, 9.512e-4
-1.429, 9.669e-4
-1.430, 9.827e-4
-1.431, 1.001e-3
-1.432, 1.019e-3
-1.433, 1.036e-3
-1.434, 1.055e-3
-1.435, 1.072e-3
-1.436, 1.092e-3
-1.437, 1.111e-3
-1.438, 1.126e-3
-1.439, 1.143e-3
-1.440, 1.163e-3
-1.441, 1.184e-3
-1.442, 1.204e-3
-1.443, 1.219e-3
-1.444, 1.238e-3
-1.445, 1.258e-3
-1.446, 1.279e-3
-1.447, 1.301e-3
-1.448, 1.320e-3
-1.449, 1.338e-3
-1.450, 1.357e-3
-1.451, 1.379e-3
-1.452, 1.403e-3
-1.453, 1.423e-3
-1.454, 1.444e-3
-1.455, 1.471e-3
-1.456, 1.492e-3
-1.457, 1.511e-3
-1.458, 1.530e-3
-1.459, 1.549e-3
-1.460, 1.566e-3
-1.461, 1.594e-3
-1.462, 1.623e-3
-1.463, 1.646e-3
-1.464, 1.665e-3
-1.465, 1.683e-3
-1.466, 1.704e-3
-1.467, 1.728e-3
-1.468, 1.749e-3
-1.469, 1.769e-3
-1.470, 1.791e-3
-1.471, 1.818e-3
-1.472, 1.842e-3
-1.473, 1.862e-3
-1.474, 1.886e-3
-1.475, 1.908e-3
-1.476, 1.930e-3
-1.477, 1.953e-3
-1.478, 1.975e-3
-1.479, 1.999e-3
-1.480, 2.030e-3
-1.481, 2.050e-3
-1.482, 2.080e-3
-1.483, 2.103e-3
-1.484, 2.120e-3
-1.485, 2.140e-3
-1.486, 2.163e-3
-1.487, 2.187e-3
-1.488, 2.209e-3
-1.489, 2.231e-3
-1.490, 2.256e-3
-1.491, 2.283e-3
-1.492, 2.305e-3
-1.493, 2.328e-3
-1.494, 2.352e-3
-1.495, 2.370e-3
-1.496, 2.394e-3
-1.497, 2.426e-3
-1.498, 2.453e-3
-1.499, 2.475e-3
-1.500, 2.466e-3
-1.499, 2.457e-3
-1.498, 2.431e-3
-1.497, 2.405e-3
-1.496, 2.371e-3
-1.495, 2.345e-3
-1.494, 2.319e-3
-1.493, 2.291e-3
-1.492, 2.261e-3
-1.491, 2.229e-3
-1.490, 2.224e-3
-1.489, 2.194e-3
-1.488, 2.165e-3
-1.487, 2.134e-3
-1.486, 2.112e-3
-1.485, 2.086e-3
-1.484, 2.060e-3
-1.483, 2.040e-3
-1.482, 2.018e-3
-1.481, 1.989e-3
-1.480, 1.962e-3
-1.479, 1.941e-3
-1.478, 1.927e-3
-1.477, 1.896e-3
-1.476, 1.874e-3
-1.475, 1.849e-3
-1.474, 1.826e-3
-1.473, 1.800e-3
-1.472, 1.787e-3
-1.471, 1.757e-3
-1.470, 1.743e-3
-1.469, 1.713e-3
-1.468, 1.693e-3
-1.467, 1.675e-3
-1.466, 1.650e-3
-1.465, 1.624e-3
-1.464, 1.610e-3
-1.463, 1.588e-3
-1.462, 1.565e-3
-1.461, 1.543e-3
-1.460, 1.519e-3
-1.459, 1.500e-3
-1.458, 1.500e-3
-1.457, 1.475e-3
-1.456, 1.462e-3
-1.455, 1.438e-3
-1.454, 1.418e-3
-1.453, 1.397e-3
-1.452, 1.379e-3
-1.451, 1.357e-3
-1.450, 1.337e-3
-1.449, 1.317e-3
-1.448, 1.299e-3
-1.447, 1.282e-3
-1.446, 1.264e-3
-1.445, 1.243e-3
-1.444, 1.227e-3
-1.443, 1.211e-3
-1.442, 1.190e-3
-1.441, 1.169e-3
-1.440, 1.150e-3
-1.439, 1.132e-3
-1.438, 1.116e-3
-1.437, 1.098e-3
-1.436, 1.079e-3
-1.435, 1.067e-3
-1.434, 1.046e-3
-1.433, 1.031e-3
-1.432, 1.014e-3
-1.431, 9.938e-4
-1.430, 9.760e-4
-1.429, 9.681e-4
-1.428, 9.509e-4
-1.427, 9.364e-4
-1.426, 9.238e-4
-1.425, 9.034e-4
-1.424, 8.913e-4
-1.423, 8.780e-4
-1.422, 8.616e-4
-1.421, 8.462e-4
-1.420, 8.299e-4
-1.419, 8.168e-4
-1.418, 8.032e-4
-1.417, 7.904e-4
-1.416, 7.746e-4
-1.415, 7.603e-4
-1.414, 7.484e-4
-1.413, 7.401e-4
-1.412, 7.271e-4
-1.411, 7.101e-4
-1.410, 6.962e-4
-1.409, 6.839e-4
-1.408, 6.722e-4
-1.407, 6.598e-4
-1.406, 6.462e-4
-1.405, 6.340e-4
-1.404, 6.224e-4
-1.403, 6.115e-4
-1.402, 5.989e-4
-1.401, 5.866e-4
-1.400, 5.755e-4
-1.399, 5.658e-4
-1.398, 5.568e-4
-1.397, 5.461e-4
-1.396, 5.364e-4
-1.395, 5.272e-4
-1.394, 5.132e-4
-1.393, 5.029e-4
-1.392, 4.923e-4
-1.391, 4.815e-4
-1.390, 4.707e-4
-1.389, 4.624e-4
-1.388, 4.535e-4
-1.387, 4.438e-4
-1.386, 4.318e-4
-1.385, 4.225e-4
-1.384, 4.143e-4
-1.383, 4.066e-4
-1.382, 3.974e-4
-1.381, 3.881e-4
-1.380, 3.798e-4
-1.379, 3.719e-4
-1.378, 3.653e-4
-1.377, 3.549e-4
-1.376, 3.459e-4
-1.375, 3.381e-4
-1.374, 3.305e-4
-1.373, 3.240e-4
-1.372, 3.153e-4
-1.371, 3.065e-4
-1.370, 2.985e-4
-1.369, 2.921e-4
-1.368, 2.861e-4
-1.367, 2.788e-4
-1.366, 2.703e-4
-1.365, 2.626e-4
-1.364, 2.575e-4
-1.363, 2.520e-4
-1.362, 2.459e-4
-1.361, 2.375e-4
-1.360, 2.300e-4
-1.359, 2.253e-4
-1.358, 2.209e-4
-1.357, 2.145e-4
-1.356, 2.076e-4
-1.355, 2.019e-4
-1.354, 1.967e-4
-1.353, 1.918e-4
-1.352, 1.855e-4
-1.351, 1.794e-4
-1.350, 1.735e-4
-1.349, 1.693e-4
-1.348, 1.656e-4
-1.347, 1.602e-4
-1.346, 1.539e-4
-1.345, 1.485e-4
-1.344, 1.451e-4
-1.343, 1.416e-4
-1.342, 1.364e-4
-1.341, 1.308e-4
-1.340, 1.258e-4
-1.339, 1.227e-4
-1.338, 1.197e-4
-1.337, 1.154e-4
-1.336, 1.107e-4
-1.335, 1.053e-4
-1.334, 1.023e-4
-1.333, 1.007e-4
-1.332, 9.619e-5
-1.331, 9.085e-5
-1.330, 8.675e-5
-1.329, 8.433e-5
-1.328, 8.226e-5
-1.327, 7.855e-5
-1.326, 7.396e-5
-1.325, 7.029e-5
-1.324, 6.784e-5
-1.323, 6.632e-5
-1.322, 6.304e-5
-1.321, 5.945e-5
-1.320, 5.526e-5
-1.319, 5.315e-5
-1.318, 5.159e-5
-1.317, 4.910e-5
-1.316, 4.505e-5
-1.315, 4.195e-5
-1.314, 4.034e-5
-1.313, 3.927e-5
-1.312, 3.682e-5
-1.311, 3.312e-5
-1.310, 3.008e-5
-1.309, 2.891e-5
-1.308, 2.807e-5
-1.307, 2.574e-5
-1.306, 2.234e-5
-1.305, 1.952e-5
-1.304, 1.873e-5
-1.303, 1.818e-5
-1.302, 1.603e-5
-1.301, 1.288e-5
-1.300, 1.056e-5
-1.299, 9.628e-6
-1.298, 9.473e-6
-1.297, 7.460e-6
-1.296, 4.618e-6
-1.295, 2.312e-6
-1.294, 1.676e-6
-1.293, 1.658e-6
-1.292, 8.564e-8
-1.291, -2.636e-6
-1.290, -4.604e-6
-1.289, -5.214e-6
-1.288, -4.888e-6
-1.287, -6.398e-6
-1.286, -9.028e-6
-1.285, -1.071e-5
-1.284, -1.100e-5
-1.283, -1.080e-5
-1.282, -1.208e-5
-1.281, -1.458e-5
-1.280, -1.639e-5
-1.279, -1.630e-5
-1.278, -1.596e-5
-1.277, -1.691e-5
-1.276, -1.917e-5
-1.275, -2.085e-5
-1.274, -2.065e-5
-1.273, -2.020e-5
-1.272, -2.110e-5
-1.271, -2.320e-5
-1.270, -2.468e-5
-1.269, -2.449e-5
-1.268, -2.394e-5
-1.267, -2.477e-5
-1.266, -2.674e-5
-1.265, -2.831e-5
-1.264, -2.765e-5
-1.263, -2.687e-5
-1.262, -2.778e-5
-1.261, -2.973e-5
-1.260, -3.098e-5
-1.259, -3.079e-5
-1.258, -2.970e-5
-1.257, -3.045e-5
-1.256, -3.203e-5
-1.255, -3.335e-5
-1.254, -3.310e-5
-1.253, -3.194e-5
-1.252, -3.261e-5
-1.251, -3.431e-5
-1.250, -3.530e-5
-1.249, -3.499e-5
-1.248, -3.389e-5
-1.247, -3.433e-5
-1.246, -3.605e-5
-1.245, -3.709e-5
-1.244, -3.693e-5
-1.243, -3.580e-5
-1.242, -3.625e-5
-1.241, -3.785e-5
-1.240, -3.862e-5
-1.239, -3.803e-5
-1.238, -3.701e-5
-1.237, -3.728e-5
-1.236, -3.888e-5
-1.235, -3.981e-5
-1.234, -3.935e-5
-1.233, -3.836e-5
-1.232, -3.840e-5
-1.231, -4.005e-5
-1.230, -4.095e-5
-1.229, -4.098e-5
-1.228, -3.943e-5
-1.227, -3.956e-5
-1.226, -4.086e-5
-1.225, -4.187e-5
-1.224, -4.110e-5
-1.223, -3.999e-5
-1.222, -4.035e-5
-1.221, -4.178e-5
-1.220, -4.270e-5
-1.219, -4.205e-5
-1.218, -4.074e-5
-1.217, -4.112e-5
-1.216, -4.230e-5
-1.215, -4.344e-5
-1.214, -4.285e-5
-1.213, -4.128e-5
-1.212, -4.154e-5
-1.211, -4.303e-5
-1.210, -4.393e-5
-1.209, -4.333e-5
-1.208, -4.191e-5
-1.207, -4.218e-5
-1.206, -4.362e-5
-1.205, -4.410e-5
-1.204, -4.369e-5
-1.203, -4.246e-5
-1.202, -4.259e-5
-1.201, -4.418e-5
-1.200, -4.506e-5
-1.199, -4.418e-5
-1.198, -4.281e-5
-1.197, -4.281e-5
-1.196, -4.427e-5
-1.195, -4.525e-5
-1.194, -4.447e-5
-1.193, -4.339e-5
-1.192, -4.321e-5
-1.191, -4.485e-5
-1.190, -4.593e-5
-1.189, -4.494e-5
-1.188, -4.343e-5
-1.187, -4.345e-5
-1.186, -4.495e-5
-1.185, -4.608e-5
-1.184, -4.526e-5
-1.183, -4.373e-5
-1.182, -4.394e-5
-1.181, -4.532e-5
-1.180, -4.627e-5
-1.179, -4.562e-5
-1.178, -4.440e-5
-1.177, -4.465e-5
-1.176, -4.582e-5
-1.175, -4.655e-5
-1.174, -4.598e-5
-1.173, -4.451e-5
-1.172, -4.450e-5
-1.171, -4.614e-5
-1.170, -4.704e-5
-1.169, -4.638e-5
-1.168, -4.486e-5
-1.167, -4.485e-5
-1.166, -4.636e-5
-1.165, -4.707e-5
-1.164, -4.671e-5
-1.163, -4.517e-5
-1.162, -4.524e-5
-1.161, -4.695e-5
-1.160, -4.762e-5
-1.159, -4.685e-5
-1.158, -4.553e-5
-1.157, -4.551e-5
-1.156, -4.695e-5
-1.155, -4.803e-5
-1.154, -4.719e-5
-1.153, -4.601e-5
-1.152, -4.654e-5
-1.151, -4.760e-5
-1.150, -4.861e-5
-1.149, -4.774e-5
-1.148, -4.651e-5
-1.147, -4.654e-5
-1.146, -4.800e-5
-1.145, -4.902e-5
-1.144, -4.816e-5
-1.143, -4.695e-5
-1.142, -4.711e-5
-1.141, -4.838e-5
-1.140, -4.983e-5
-1.139, -4.919e-5
-1.138, -4.759e-5
-1.137, -4.783e-5
-1.136, -4.891e-5
-1.135, -5.005e-5
-1.134, -4.971e-5
-1.133, -4.828e-5
-1.132, -4.840e-5
-1.131, -4.986e-5
-1.130, -5.080e-5
-1.129, -5.029e-5
-1.128, -4.896e-5
-1.127, -4.890e-5
-1.126, -5.079e-5
-1.125, -5.186e-5
-1.124, -5.155e-5
-1.123, -5.022e-5
-1.122, -5.019e-5
-1.121, -5.180e-5
-1.120, -5.268e-5
-1.119, -5.226e-5
-1.118, -5.104e-5
-1.117, -5.106e-5
-1.116, -5.270e-5
-1.115, -5.398e-5
-1.114, -5.365e-5
-1.113, -5.254e-5
-1.112, -5.243e-5
-1.111, -5.424e-5
-1.110, -5.565e-5
-1.109, -5.510e-5
-1.108, -5.388e-5
-1.107, -5.427e-5
-1.106, -5.593e-5
-1.105, -5.740e-5
-1.104, -5.678e-5
-1.103, -5.574e-5
-1.102, -5.619e-5
-1.101, -5.799e-5
-1.100, -5.936e-5
-1.099, -5.917e-5
-1.098, -5.826e-5
-1.097, -5.845e-5
-1.096, -6.027e-5
-1.095, -6.211e-5
-1.094, -6.211e-5
-1.093, -6.088e-5
-1.092, -6.121e-5
-1.091, -6.292e-5
-1.090, -6.442e-5
-1.089, -6.459e-5
-1.088, -6.366e-5
-1.087, -6.422e-5
-1.086, -6.633e-5
-1.085, -6.787e-5
-1.084, -6.768e-5
-1.083, -6.754e-5
-1.082, -6.799e-5
-1.081, -6.984e-5
-1.080, -7.121e-5
-1.079, -7.136e-5
-1.078, -7.084e-5
-1.077, -7.128e-5
-1.076, -7.363e-5
-1.075, -7.570e-5
-1.074, -7.555e-5
-1.073, -7.503e-5
-1.072, -7.555e-5
-1.071, -7.777e-5
-1.070, -7.984e-5
-1.069, -7.994e-5
-1.068, -7.966e-5
-1.067, -8.027e-5
-1.066, -8.250e-5
-1.065, -8.472e-5
-1.064, -8.471e-5
-1.063, -8.422e-5
-1.062, -8.536e-5
-1.061, -8.757e-5
-1.060, -8.974e-5
-1.059, -9.034e-5
-1.058, -8.986e-5
-1.057, -9.083e-5
-1.056, -9.322e-5
-1.055, -9.564e-5
-1.054, -9.641e-5
-1.053, -9.601e-5
-1.052, -9.702e-5
-1.051, -9.920e-5
-1.050, -1.017e-4
-1.049, -1.024e-4
-1.048, -1.021e-4
-1.047, -1.034e-4
-1.046, -1.060e-4
-1.045, -1.085e-4
-1.044, -1.096e-4
-1.043, -1.095e-4
-1.042, -1.102e-4
-1.041, -1.131e-4
-1.040, -1.157e-4
-1.039, -1.165e-4
-1.038, -1.170e-4
-1.037, -1.186e-4
-1.036, -1.216e-4
-1.035, -1.240e-4
-1.034, -1.248e-4
-1.033, -1.248e-4
-1.032, -1.262e-4
-1.031, -1.300e-4
-1.030, -1.331e-4
-1.029, -1.338e-4
-1.028, -1.341e-4
-1.027, -1.356e-4
-1.026, -1.386e-4
-1.025, -1.420e-4
-1.024, -1.434e-4
-1.023, -1.440e-4
-1.022, -1.455e-4
-1.021, -1.486e-4
-1.020, -1.522e-4
-1.019, -1.536e-4
-1.018, -1.542e-4
-1.017, -1.561e-4
-1.016, -1.599e-4
-1.015, -1.631e-4
-1.014, -1.646e-4
-1.013, -1.653e-4
-1.012, -1.675e-4
-1.011, -1.713e-4
-1.010, -1.747e-4
-1.009, -1.767e-4
-1.008, -1.810e-4
-1.007, -1.822e-4
-1.006, -1.856e-4
-1.005, -1.889e-4
-1.004, -1.907e-4
-1.003, -1.919e-4
-1.002, -1.945e-4
-1.001, -1.989e-4
-1.000, -1.706e-4
-1.001, -1.362e-4
-1.002, -1.185e-4
-1.003, -1.068e-4
-1.004, -9.872e-5
-1.005, -9.136e-5
-1.006, -8.310e-5
-1.007, -7.435e-5
-1.008, -6.777e-5
-1.009, -6.299e-5
-1.010, -5.852e-5
-1.011, -5.278e-5
-1.012, -4.631e-5
-1.013, -4.175e-5
-1.014, -3.875e-5
-1.015, -3.554e-5
-1.016, -3.129e-5
-1.017, -2.612e-5
-1.018, -2.233e-5
-1.019, -2.059e-5
-1.020, -1.847e-5
-1.021, -1.516e-5
-1.022, -1.087e-5
-1.023, -7.792e-6
-1.024, -6.614e-6
-1.025, -5.508e-6
-1.026, -2.784e-6
-1.027, 7.693e-7
-1.028, 3.407e-6
-1.029, 3.821e-6
-1.030, 4.630e-6
-1.031, 7.000e-6
-1.032, 1.001e-5
-1.033, 1.197e-5
-1.034, 1.223e-5
-1.035, 1.251e-5
-1.036, 1.456e-5
-1.037, 1.728e-5
-1.038, 1.887e-5
-1.039, 1.892e-5
-1.040, 1.874e-5
-1.041, 2.048e-5
-1.042, 2.301e-5
-1.043, 2.429e-5
-1.044, 2.406e-5
-1.045, 2.374e-5
-1.046, 2.514e-5
-1.047, 2.756e-5
-1.048, 2.866e-5
-1.049, 2.809e-5
-1.050, 2.782e-5
-1.051, 2.887e-5
-1.052, 3.109e-5
-1.053, 3.198e-5
-1.054, 3.135e-5
-1.055, 3.082e-5
-1.056, 3.171e-5
-1.057, 3.367e-5
-1.058, 3.467e-5
-1.059, 3.373e-5
-1.060, 3.308e-5
-1.061, 3.392e-5
-1.062, 3.588e-5
-1.063, 3.676e-5
-1.064, 3.561e-5
-1.065, 3.496e-5
-1.066, 3.570e-5
-1.067, 3.749e-5
-1.068, 3.819e-5
-1.069, 3.719e-5
-1.070, 3.646e-5
-1.071, 3.718e-5
-1.072, 3.886e-5
-1.073, 3.970e-5
-1.074, 3.846e-5
-1.075, 3.762e-5
-1.076, 3.828e-5
-1.077, 4.012e-5
-1.078, 4.069e-5
-1.079, 3.963e-5
-1.080, 3.832e-5
-1.081, 3.919e-5
-1.082, 4.079e-5
-1.083, 4.143e-5
-1.084, 4.174e-5
-1.085, 3.948e-5
-1.086, 3.991e-5
-1.087, 4.133e-5
-1.088, 4.191e-5
-1.089, 4.077e-5
-1.090, 3.981e-5
-1.091, 4.028e-5
-1.092, 4.214e-5
-1.093, 4.255e-5
-1.094, 4.137e-5
-1.095, 4.044e-5
-1.096, 4.077e-5
-1.097, 4.250e-5
-1.098, 4.319e-5
-1.099, 4.176e-5
-1.100, 4.078e-5
-1.101, 4.131e-5
-1.102, 4.294e-5
-1.103, 4.368e-5
-1.104, 4.212e-5
-1.105, 4.112e-5
-1.106, 4.169e-5
-1.107, 4.312e-5
-1.108, 4.376e-5
-1.109, 4.246e-5
-1.110, 4.148e-5
-1.111, 4.198e-5
-1.112, 4.353e-5
-1.113, 4.423e-5
-1.114, 4.307e-5
-1.115, 4.180e-5
-1.116, 4.244e-5
-1.117, 4.382e-5
-1.118, 4.448e-5
-1.119, 4.349e-5
-1.120, 4.214e-5
-1.121, 4.270e-5
-1.122, 4.434e-5
-1.123, 4.471e-5
-1.124, 4.383e-5
-1.125, 4.265e-5
-1.126, 4.301e-5
-1.127, 4.469e-5
-1.128, 4.513e-5
-1.129, 4.393e-5
-1.130, 4.297e-5
-1.131, 4.326e-5
-1.132, 4.493e-5
-1.133, 4.544e-5
-1.134, 4.437e-5
-1.135, 4.340e-5
-1.136, 4.368e-5
-1.137, 4.525e-5
-1.138, 4.585e-5
-1.139, 4.487e-5
-1.140, 4.396e-5
-1.141, 4.408e-5
-1.142, 4.571e-5
-1.143, 4.655e-5
-1.144, 4.518e-5
-1.145, 4.419e-5
-1.146, 4.478e-5
-1.147, 4.632e-5
-1.148, 4.714e-5
-1.149, 4.581e-5
-1.150, 4.485e-5
-1.151, 4.539e-5
-1.152, 4.692e-5
-1.153, 4.755e-5
-1.154, 4.647e-5
-1.155, 4.527e-5
-1.156, 4.597e-5
-1.157, 4.738e-5
-1.158, 4.812e-5
-1.159, 4.720e-5
-1.160, 4.601e-5
-1.161, 4.654e-5
-1.162, 4.818e-5
-1.163, 4.878e-5
-1.164, 4.776e-5
-1.165, 4.664e-5
-1.166, 4.707e-5
-1.167, 4.888e-5
-1.168, 4.940e-5
-1.169, 4.850e-5
-1.170, 4.740e-5
-1.171, 4.761e-5
-1.172, 4.927e-5
-1.173, 5.005e-5
-1.174, 4.910e-5
-1.175, 4.818e-5
-1.176, 4.855e-5
-1.177, 5.026e-5
-1.178, 5.102e-5
-1.179, 4.984e-5
-1.180, 4.861e-5
-1.181, 4.901e-5
-1.182, 5.071e-5
-1.183, 5.164e-5
-1.184, 5.054e-5
-1.185, 4.945e-5
-1.186, 4.991e-5
-1.187, 5.146e-5
-1.188, 5.238e-5
-1.189, 5.121e-5
-1.190, 5.028e-5
-1.191, 5.080e-5
-1.192, 5.233e-5
-1.193, 5.310e-5
-1.194, 5.211e-5
-1.195, 5.099e-5
-1.196, 5.162e-5
-1.197, 5.312e-5
-1.198, 5.406e-5
-1.199, 5.321e-5
-1.200, 5.193e-5
-1.201, 5.245e-5
-1.202, 5.430e-5
-1.203, 5.496e-5
-1.204, 5.403e-5
-1.205, 5.274e-5
-1.206, 5.342e-5
-1.207, 5.515e-5
-1.208, 5.583e-5
-1.209, 5.506e-5
-1.210, 5.401e-5
-1.211, 5.429e-5
-1.212, 5.606e-5
-1.213, 5.688e-5
-1.214, 5.601e-5
-1.215, 5.512e-5
-1.216, 5.528e-5
-1.217, 5.711e-5
-1.218, 5.797e-5
-1.219, 5.714e-5
-1.220, 5.616e-5
-1.221, 5.650e-5
-1.222, 5.824e-5
-1.223, 5.932e-5
-1.224, 5.823e-5
-1.225, 5.727e-5
-1.226, 5.805e-5
-1.227, 5.955e-5
-1.228, 6.085e-5
-1.229, 6.024e-5
-1.230, 5.871e-5
-1.231, 5.939e-5
-1.232, 6.070e-5
-1.233, 6.196e-5
-1.234, 6.129e-5
-1.235, 6.022e-5
-1.236, 6.081e-5
-1.237, 6.198e-5
-1.238, 6.309e-5
-1.239, 6.262e-5
-1.240, 6.172e-5
-1.241, 6.245e-5
-1.242, 6.413e-5
-1.243, 6.472e-5
-1.244, 6.414e-5
-1.245, 6.313e-5
-1.246, 6.376e-5
-1.247, 6.568e-5
-1.248, 6.663e-5
-1.249, 6.601e-5
-1.250, 6.502e-5
-1.251, 6.571e-5
-1.252, 6.754e-5
-1.253, 6.847e-5
-1.254, 6.790e-5
-1.255, 6.718e-5
-1.256, 6.766e-5
-1.257, 6.958e-5
-1.258, 7.063e-5
-1.259, 7.009e-5
-1.260, 6.923e-5
-1.261, 6.988e-5
-1.262, 7.180e-5
-1.263, 7.317e-5
-1.264, 7.245e-5
-1.265, 7.163e-5
-1.266, 7.248e-5
-1.267, 7.452e-5
-1.268, 7.582e-5
-1.269, 7.512e-5
-1.270, 7.429e-5
-1.271, 7.533e-5
-1.272, 7.710e-5
-1.273, 7.867e-5
-1.274, 7.819e-5
-1.275, 7.751e-5
-1.276, 7.849e-5
-1.277, 8.066e-5
-1.278, 8.177e-5
-1.279, 8.142e-5
-1.280, 8.128e-5
-1.281, 8.216e-5
-1.282, 8.425e-5
-1.283, 8.543e-5
-1.284, 8.553e-5
-1.285, 8.475e-5
-1.286, 8.592e-5
-1.287, 8.830e-5
-1.288, 8.967e-5
-1.289, 8.966e-5
-1.290, 8.922e-5
-1.291, 9.040e-5
-1.292, 9.286e-5
-1.293, 9.457e-5
-1.294, 9.460e-5
-1.295, 9.443e-5
-1.296, 9.555e-5
-1.297, 9.799e-5
-1.298, 1.001e-4
-1.299, 9.984e-5
-1.300, 9.999e-5
-1.301, 1.012e-4
-1.302, 1.040e-4
-1.303, 1.060e-4
-1.304, 1.068e-4
-1.305, 1.066e-4
-1.306, 1.082e-4
-1.307, 1.108e-4
-1.308, 1.130e-4
-1.309, 1.133e-4
-1.310, 1.136e-4
-1.311, 1.155e-4
-1.312, 1.182e-4
-1.313, 1.211e-4
-1.314, 1.218e-4
-1.315, 1.225e-4
-1.316, 1.243e-4
-1.317, 1.272e-4
-1.318, 1.298e-4
-1.319, 1.307e-4
-1.320, 1.313e-4
-1.321, 1.341e-4
-1.322, 1.374e-4
-1.323, 1.402e-4
-1.324, 1.415e-4
-1.325, 1.424e-4
-1.326, 1.446e-4
-1.327, 1.486e-4
-1.328, 1.515e-4
-1.329, 1.534e-4
-1.330, 1.546e-4
-1.331, 1.572e-4
-1.332, 1.611e-4
-1.333, 1.650e-4
-1.334, 1.670e-4
-1.335, 1.683e-4
-1.336, 1.709e-4
-1.337, 1.760e-4
-1.338, 1.798e-4
-1.339, 1.820e-4
-1.340, 1.837e-4
-1.341, 1.870e-4
-1.342, 1.928e-4
-1.343, 1.966e-4
-1.344, 1.998e-4
-1.345, 2.020e-4
-1.346, 2.051e-4
-1.347, 2.105e-4
-1.348, 2.150e-4
-1.349, 2.183e-4
-1.350, 2.207e-4
-1.351, 2.265e-4
-1.352, 2.313e-4
-1.353, 2.377e-4
-1.354, 2.398e-4
-1.355, 2.435e-4
-1.356, 2.469e-4
-1.357, 2.546e-4
-1.358, 2.600e-4
-1.359, 2.650e-4
-1.360, 2.674e-4
-1.361, 2.735e-4
-1.362, 2.798e-4
-1.363, 2.859e-4
-1.364, 2.914e-4
-1.365, 2.947e-4
-1.366, 3.010e-4
-1.367, 3.087e-4
-1.368, 3.149e-4
-1.369, 3.205e-4
-1.370, 3.256e-4
-1.371, 3.323e-4
-1.372, 3.405e-4
-1.373, 3.472e-4
-1.374, 3.533e-4
-1.375, 3.591e-4
-1.376, 3.661e-4
-1.377, 3.747e-4
-1.378, 3.827e-4
-1.379, 3.893e-4
-1.380, 3.959e-4
-1.381, 4.039e-4
-1.382, 4.132e-4
-1.383, 4.222e-4
-1.384, 4.291e-4
-1.385, 4.360e-4
-1.386, 4.448e-4
-1.387, 4.547e-4
-1.388, 4.634e-4
-1.389, 4.728e-4
-1.390, 4.807e-4
-1.391, 4.909e-4
-1.392, 5.005e-4
-1.393, 5.105e-4
-1.394, 5.193e-4
-1.395, 5.268e-4
-1.396, 5.376e-4
-1.397, 5.492e-4
-1.398, 5.607e-4
-1.399, 5.696e-4
-1.400, 5.791e-4
-1.401, 5.899e-4
-1.402, 6.020e-4
-1.403, 6.140e-4
-1.404, 6.248e-4
-1.405, 6.349e-4
-1.406, 6.467e-4
-1.407, 6.598e-4
-1.408, 6.722e-4
-1.409, 6.841e-4
-1.410, 6.947e-4
-1.411, 7.073e-4
-1.412, 7.211e-4
-1.413, 7.359e-4
-1.414, 7.479e-4
-1.415, 7.593e-4
-1.416, 7.716e-4
-1.417, 7.870e-4
-1.418, 8.034e-4
-1.419, 8.169e-4
-1.420, 8.277e-4
-1.421, 8.431e-4
-1.422, 8.566e-4
-1.423, 8.728e-4
-1.424, 8.878e-4
-1.425, 9.012e-4
-1.426, 9.169e-4
-1.427, 9.339e-4
-1.428, 9.493e-4
-1.429, 9.630e-4
-1.430, 9.780e-4
-1.431, 9.934e-4
-1.432, 1.011e-3
-1.433, 1.031e-3
-1.434, 1.046e-3
-1.435, 1.070e-3
-1.436, 1.082e-3
-1.437, 1.100e-3
-1.438, 1.118e-3
-1.439, 1.135e-3
-1.440, 1.150e-3
-1.441, 1.169e-3
-1.442, 1.189e-3
-1.443, 1.208e-3
-1.444, 1.225e-3
-1.445, 1.242e-3
-1.446, 1.261e-3
-1.447, 1.282e-3
-1.448, 1.304e-3
-1.449, 1.320e-3
-1.450, 1.338e-3
-1.451, 1.357e-3
-1.452, 1.377e-3
-1.453, 1.397e-3
-1.454, 1.417e-3
-1.455, 1.434e-3
-1.456, 1.453e-3
-1.457, 1.477e-3
-1.458, 1.500e-3
-1.459, 1.520e-3
-1.460, 1.540e-3
-1.461, 1.560e-3
-1.462, 1.576e-3
-1.463, 1.599e-3
-1.464, 1.620e-3
-1.465, 1.641e-3
-1.466, 1.663e-3
-1.467, 1.686e-3
-1.468, 1.708e-3
-1.469, 1.736e-3
-1.470, 1.754e-3
-1.471, 1.775e-3
-1.472, 1.799e-3
-1.473, 1.822e-3
-1.474, 1.845e-3
-1.475, 1.866e-3
-1.476, 1.885e-3
-1.477, 1.908e-3
-1.478, 1.931e-3
-1.479, 1.950e-3
-1.480, 1.970e-3
-1.481, 1.991e-3
-1.482, 2.018e-3
-1.483, 2.043e-3
-1.484, 2.061e-3
-1.485, 2.083e-3
-1.486, 2.105e-3
-1.487, 2.129e-3
-1.488, 2.153e-3
-1.489, 2.181e-3
-1.490, 2.206e-3
-1.491, 2.239e-3
-1.492, 2.253e-3
-1.493, 2.275e-3
-1.494, 2.294e-3
-1.495, 2.315e-3
-1.496, 2.334e-3
-1.497, 2.359e-3
-1.498, 2.387e-3
-1.499, 2.413e-3
-1.500, 2.410e-3
-1.499, 2.385e-3
-1.498, 2.371e-3
-1.497, 2.335e-3
-1.496, 2.311e-3
-1.495, 2.281e-3
-1.494, 2.250e-3
-1.493, 2.228e-3
-1.492, 2.212e-3
-1.491, 2.190e-3
-1.490, 2.156e-3
-1.489, 2.125e-3
-1.488, 2.100e-3
-1.487, 2.075e-3
-1.486, 2.046e-3
-1.485, 2.022e-3
-1.484, 2.002e-3
-1.483, 1.994e-3
-1.482, 1.962e-3
-1.481, 1.936e-3
-1.480, 1.909e-3
-1.479, 1.886e-3
-1.478, 1.869e-3
-1.477, 1.840e-3
-1.476, 1.816e-3
-1.475, 1.793e-3
-1.474, 1.768e-3
-1.473, 1.747e-3
-1.472, 1.726e-3
-1.471, 1.704e-3
-1.470, 1.681e-3
-1.469, 1.664e-3
-1.468, 1.646e-3
-1.467, 1.623e-3
-1.466, 1.601e-3
-1.465, 1.577e-3
-1.464, 1.555e-3
-1.463, 1.537e-3
-1.462, 1.515e-3
-1.461, 1.492e-3
-1.460, 1.469e-3
-1.459, 1.451e-3
-1.458, 1.433e-3
-1.457, 1.416e-3
-1.456, 1.393e-3
-1.455, 1.375e-3
-1.454, 1.355e-3
-1.453, 1.347e-3
-1.452, 1.326e-3
-1.451, 1.302e-3
-1.450, 1.291e-3
-1.449, 1.276e-3
-1.448, 1.255e-3
-1.447, 1.239e-3
-1.446, 1.217e-3
-1.445, 1.196e-3
-1.444, 1.179e-3
-1.443, 1.161e-3
-1.442, 1.144e-3
-1.441, 1.124e-3
-1.440, 1.113e-3
-1.439, 1.090e-3
-1.438, 1.073e-3
-1.437, 1.058e-3
-1.436, 1.043e-3
-1.435, 1.023e-3
-1.434, 1.006e-3
-1.433, 9.902e-4
-1.432, 9.741e-4
-1.431, 9.588e-4
-1.430, 9.427e-4
-1.429, 9.273e-4
-1.428, 9.132e-4
-1.427, 8.999e-4
-1.426, 8.850e-4
-1.425, 8.825e-4
-1.424, 8.628e-4
-1.423, 8.441e-4
-1.422, 8.294e-4
-1.421, 8.125e-4
-1.420, 7.979e-4
-1.419, 7.853e-4
-1.418, 7.713e-4
-1.417, 7.591e-4
-1.416, 7.535e-4
-1.415, 7.317e-4
-1.414, 7.193e-4
-1.413, 7.087e-4
-1.412, 6.942e-4
-1.411, 6.800e-4
-1.410, 6.684e-4
-1.409, 6.581e-4
-1.408, 6.467e-4
-1.407, 6.364e-4
-1.406, 6.231e-4
-1.405, 6.098e-4
-1.404, 5.991e-4
-1.403, 5.889e-4
-1.402, 5.789e-4
-1.401, 5.668e-4
-1.400, 5.541e-4
-1.399, 5.437e-4
-1.398, 5.435e-4
-1.397, 5.281e-4
-1.396, 5.153e-4
-1.395, 5.031e-4
-1.394, 4.936e-4
-1.393, 4.853e-4
-1.392, 4.760e-4
-1.391, 4.652e-4
-1.390, 4.562e-4
-1.389, 4.473e-4
-1.388, 4.375e-4
-1.387, 4.272e-4
-1.386, 4.181e-4
-1.385, 4.086e-4
-1.384, 4.015e-4
-1.383, 3.926e-4
-1.382, 3.851e-4
-1.381, 3.760e-4
-1.380, 3.669e-4
-1.379, 3.586e-4
-1.378, 3.518e-4
-1.377, 3.547e-4
-1.376, 3.389e-4
-1.375, 3.277e-4
-1.374, 3.192e-4
-1.373, 3.137e-4
-1.372, 3.076e-4
-1.371, 2.999e-4
-1.370, 2.920e-4
-1.369, 2.845e-4
-1.368, 2.782e-4
-1.367, 2.724e-4
-1.366, 2.649e-4
-1.365, 2.568e-4
-1.364, 2.507e-4
-1.363, 2.454e-4
-1.362, 2.400e-4
-1.361, 2.326e-4
-1.360, 2.258e-4
-1.359, 2.197e-4
-1.358, 2.152e-4
-1.357, 2.109e-4
-1.356, 2.039e-4
-1.355, 1.967e-4
-1.354, 1.915e-4
-1.353, 1.868e-4
-1.352, 1.830e-4
-1.351, 1.770e-4
-1.350, 1.706e-4
-1.349, 1.654e-4
-1.348, 1.619e-4
-1.347, 1.584e-4
-1.346, 1.526e-4
-1.345, 1.460e-4
-1.344, 1.413e-4
-1.343, 1.381e-4
-1.342, 1.344e-4
-1.341, 1.299e-4
-1.340, 1.244e-4
-1.339, 1.203e-4
-1.338, 1.175e-4
-1.337, 1.143e-4
-1.336, 1.097e-4
-1.335, 1.044e-4
-1.334, 1.005e-4
-1.333, 9.813e-5
-1.332, 9.547e-5
-1.331, 9.144e-5
-1.330, 8.698e-5
-1.329, 8.296e-5
-1.328, 8.109e-5
-1.327, 7.865e-5
-1.326, 7.478e-5
-1.325, 7.032e-5
-1.324, 6.703e-5
-1.323, 6.537e-5
-1.322, 6.362e-5
-1.321, 6.042e-5
-1.320, 5.578e-5
-1.319, 5.279e-5
-1.318, 5.153e-5
-1.317, 4.979e-5
-1.316, 4.660e-5
-1.315, 4.273e-5
-1.314, 4.020e-5
-1.313, 3.900e-5
-1.312, 3.771e-5
-1.311, 3.502e-5
-1.310, 3.128e-5
-1.309, 2.906e-5
-1.308, 2.812e-5
-1.307, 2.706e-5
-1.306, 2.440e-5
-1.305, 2.111e-5
-1.304, 1.901e-5
-1.303, 1.852e-5
-1.302, 1.748e-5
-1.301, 1.536e-5
-1.300, 1.214e-5
-1.299, 1.024e-5
-1.298, 9.923e-6
-1.297, 9.092e-6
-1.296, 7.157e-6
-1.295, 4.272e-6
-1.294, 2.494e-6
-1.293, 2.500e-6
-1.292, 1.875e-6
-1.291, -4.065e-8
-1.290, -2.510e-6
-1.289, -4.188e-6
-1.288, -4.083e-6
-1.287, -4.389e-6
-1.286, -6.217e-6
-1.285, -8.611e-6
-1.284, -9.961e-6
-1.283, -9.829e-6
-1.282, -9.924e-6
-1.281, -1.159e-5
-1.280, -1.398e-5
-1.279, -1.522e-5
-1.278, -1.499e-5
-1.277, -1.472e-5
-1.276, -1.621e-5
-1.275, -1.830e-5
-1.274, -1.936e-5
-1.273, -1.903e-5
-1.272, -1.879e-5
-1.271, -2.003e-5
-1.270, -2.230e-5
-1.269, -2.311e-5
-1.268, -2.273e-5
-1.267, -2.237e-5
-1.266, -2.355e-5
-1.265, -2.581e-5
-1.264, -2.647e-5
-1.263, -2.585e-5
-1.262, -2.540e-5
-1.261, -2.641e-5
-1.260, -2.847e-5
-1.259, -2.951e-5
-1.258, -2.858e-5
-1.257, -2.806e-5
-1.256, -2.894e-5
-1.255, -3.087e-5
-1.254, -3.162e-5
-1.253, -3.072e-5
-1.252, -3.018e-5
-1.251, -3.111e-5
-1.250, -3.274e-5
-1.249, -3.355e-5
-1.248, -3.249e-5
-1.247, -3.197e-5
-1.246, -3.298e-5
-1.245, -3.445e-5
-1.244, -3.533e-5
-1.243, -3.419e-5
-1.242, -3.347e-5
-1.241, -3.448e-5
-1.240, -3.599e-5
-1.239, -3.652e-5
-1.238, -3.578e-5
-1.237, -3.468e-5
-1.236, -3.560e-5
-1.235, -3.742e-5
-1.234, -3.769e-5
-1.233, -3.698e-5
-1.232, -3.594e-5
-1.231, -3.671e-5
-1.230, -3.837e-5
-1.229, -3.944e-5
-1.228, -3.809e-5
-1.227, -3.708e-5
-1.226, -3.762e-5
-1.225, -3.931e-5
-1.224, -3.965e-5
-1.223, -3.863e-5
-1.222, -3.783e-5
-1.221, -3.839e-5
-1.220, -4.000e-5
-1.219, -4.032e-5
-1.218, -3.937e-5
-1.217, -3.861e-5
-1.216, -3.917e-5
-1.215, -4.065e-5
-1.214, -4.106e-5
-1.213, -3.978e-5
-1.212, -3.900e-5
-1.211, -3.977e-5
-1.210, -4.116e-5
-1.209, -4.171e-5
-1.208, -4.047e-5
-1.207, -3.946e-5
-1.206, -4.027e-5
-1.205, -4.153e-5
-1.204, -4.223e-5
-1.203, -4.115e-5
-1.202, -4.013e-5
-1.201, -4.083e-5
-1.200, -4.205e-5
-1.199, -4.255e-5
-1.198, -4.153e-5
-1.197, -4.053e-5
-1.196, -4.105e-5
-1.195, -4.259e-5
-1.194, -4.283e-5
-1.193, -4.214e-5
-1.192, -4.087e-5
-1.191, -4.153e-5
-1.190, -4.311e-5
-1.189, -4.329e-5
-1.188, -4.219e-5
-1.187, -4.121e-5
-1.186, -4.171e-5
-1.185, -4.354e-5
-1.184, -4.385e-5
-1.183, -4.273e-5
-1.182, -4.164e-5
-1.181, -4.218e-5
-1.180, -4.370e-5
-1.179, -4.413e-5
-1.178, -4.330e-5
-1.177, -4.225e-5
-1.176, -4.269e-5
-1.175, -4.406e-5
-1.174, -4.463e-5
-1.173, -4.325e-5
-1.172, -4.239e-5
-1.171, -4.288e-5
-1.170, -4.438e-5
-1.169, -4.488e-5
-1.168, -4.360e-5
-1.167, -4.270e-5
-1.166, -4.330e-5
-1.165, -4.472e-5
-1.164, -4.504e-5
-1.163, -4.407e-5
-1.162, -4.314e-5
-1.161, -4.396e-5
-1.160, -4.513e-5
-1.159, -4.558e-5
-1.158, -4.451e-5
-1.157, -4.337e-5
-1.156, -4.396e-5
-1.155, -4.559e-5
-1.154, -4.579e-5
-1.153, -4.498e-5
-1.152, -4.380e-5
-1.151, -4.441e-5
-1.150, -4.583e-5
-1.149, -4.614e-5
-1.148, -4.526e-5
-1.147, -4.431e-5
-1.146, -4.464e-5
-1.145, -4.637e-5
-1.144, -4.664e-5
-1.143, -4.564e-5
-1.142, -4.484e-5
-1.141, -4.513e-5
-1.140, -4.685e-5
-1.139, -4.742e-5
-1.138, -4.636e-5
-1.137, -4.531e-5
-1.136, -4.578e-5
-1.135, -4.757e-5
-1.134, -4.814e-5
-1.133, -4.687e-5
-1.132, -4.588e-5
-1.131, -4.666e-5
-1.130, -4.812e-5
-1.129, -4.884e-5
-1.128, -4.762e-5
-1.127, -4.679e-5
-1.126, -4.746e-5
-1.125, -4.888e-5
-1.124, -4.957e-5
-1.123, -4.867e-5
-1.122, -4.759e-5
-1.121, -4.837e-5
-1.120, -4.975e-5
-1.119, -5.066e-5
-1.118, -4.986e-5
-1.117, -4.872e-5
-1.116, -4.941e-5
-1.115, -5.127e-5
-1.114, -5.183e-5
-1.113, -5.110e-5
-1.112, -5.012e-5
-1.111, -5.083e-5
-1.110, -5.329e-5
-1.109, -5.356e-5
-1.108, -5.282e-5
-1.107, -5.213e-5
-1.106, -5.281e-5
-1.105, -5.476e-5
-1.104, -5.536e-5
-1.103, -5.470e-5
-1.102, -5.393e-5
-1.101, -5.478e-5
-1.100, -5.684e-5
-1.099, -5.770e-5
-1.098, -5.700e-5
-1.097, -5.640e-5
-1.096, -5.718e-5
-1.095, -5.907e-5
-1.094, -6.041e-5
-1.093, -5.961e-5
-1.092, -5.895e-5
-1.091, -5.995e-5
-1.090, -6.202e-5
-1.089, -6.312e-5
-1.088, -6.248e-5
-1.087, -6.195e-5
-1.086, -6.315e-5
-1.085, -6.494e-5
-1.084, -6.646e-5
-1.083, -6.599e-5
-1.082, -6.537e-5
-1.081, -6.647e-5
-1.080, -6.860e-5
-1.079, -7.029e-5
-1.078, -6.992e-5
-1.077, -6.904e-5
-1.076, -7.021e-5
-1.075, -7.281e-5
-1.074, -7.416e-5
-1.073, -7.400e-5
-1.072, -7.332e-5
-1.071, -7.468e-5
-1.070, -7.708e-5
-1.069, -7.832e-5
-1.068, -7.838e-5
-1.067, -7.810e-5
-1.066, -7.941e-5
-1.065, -8.189e-5
-1.064, -8.364e-5
-1.063, -8.393e-5
-1.062, -8.357e-5
-1.061, -8.452e-5
-1.060, -8.695e-5
-1.059, -8.862e-5
-1.058, -8.889e-5
-1.057, -8.896e-5
-1.056, -9.028e-5
-1.055, -9.275e-5
-1.054, -9.468e-5
-1.053, -9.471e-5
-1.052, -9.452e-5
-1.051, -9.627e-5
-1.050, -9.882e-5
-1.049, -1.009e-4
-1.048, -1.012e-4
-1.047, -1.012e-4
-1.046, -1.031e-4
-1.045, -1.056e-4
-1.044, -1.075e-4
-1.043, -1.079e-4
-1.042, -1.080e-4
-1.041, -1.099e-4
-1.040, -1.127e-4
-1.039, -1.153e-4
-1.038, -1.158e-4
-1.037, -1.157e-4
-1.036, -1.177e-4
-1.035, -1.208e-4
-1.034, -1.231e-4
-1.033, -1.240e-4
-1.032, -1.242e-4
-1.031, -1.263e-4
-1.030, -1.295e-4
-1.029, -1.320e-4
-1.028, -1.331e-4
-1.027, -1.335e-4
-1.026, -1.356e-4
-1.025, -1.391e-4
-1.024, -1.417e-4
-1.023, -1.429e-4
-1.022, -1.438e-4
-1.021, -1.457e-4
-1.020, -1.494e-4
-1.019, -1.525e-4
-1.018, -1.529e-4
-1.017, -1.546e-4
-1.016, -1.569e-4
-1.015, -1.605e-4
-1.014, -1.639e-4
-1.013, -1.649e-4
-1.012, -1.656e-4
-1.011, -1.683e-4
-1.010, -1.721e-4
-1.009, -1.757e-4
-1.008, -1.773e-4
-1.007, -1.789e-4
-1.006, -1.818e-4
-1.005, -1.856e-4
-1.004, -1.894e-4
-1.003, -1.912e-4
-1.002, -1.933e-4
-1.001, -1.968e-4
