Potential V vs RHE, Current mA cm-2
0.013299999999999867,-0.2395106230671507
0.012299999999999978,-0.5066081164816696
0.011299999999999866,-0.5975740530629915
0.010299999999999976,-0.4892071674933296
0.009299999999999864,-0.5319314487492538
0.008299999999999974,-0.6483621887281462
0.007299999999999862,-0.5630550973462846
0.006299999999999972,-0.5141060863709543
0.00529999999999986,-0.6483621887281462
0.0042999999999999705,-0.6149750020513315
0.0032999999999998586,-0.5152378554108463
0.0022999999999999687,-0.6122870505815878
0.0012999999999998568,-0.6709975695259869
0.00029999999999996696,-0.5431076680181876
-0.000700000000000145,-0.5832854689343547
-0.0017000000000000348,-0.6893888164242324
-0.0027000000000001467,-0.5926225635134639
-0.0037000000000000366,-0.5414100144583496
-0.0047000000000001485,-0.6759490590755146
-0.005700000000000038,-0.6377518539791586
-0.00670000000000015,-0.5457956194879312
-0.00770000000000004,-0.6395909786689831
-0.008700000000000152,-0.6876911628643944
-0.009700000000000042,-0.5661674622059877
-0.010700000000000154,-0.5998375911427756
-0.011700000000000044,-0.7007065068231527
-0.012700000000000156,-0.6070526187720873
-0.013700000000000045,-0.5599427324865814
-0.014700000000000157,-0.691227941114057
-0.015700000000000047,-0.6499183711579978
-0.01670000000000016,-0.5603671458765411
-0.01770000000000005,-0.6576992833072556
-0.01870000000000016,-0.6994332666532742
-0.01970000000000005,-0.5736654320952724
-0.020700000000000163,-0.618228838041021
-0.021700000000000053,-0.7099021302722753
-0.022700000000000164,-0.6098820413718172
-0.023700000000000054,-0.5692798270656908
-0.024700000000000166,-0.7015553336030717
-0.025700000000000056,-0.6640654841566482
-0.026700000000000168,-0.559801261356595
-0.027700000000000058,-0.6674607912763243
-0.02870000000000017,-0.7070727076725454
-0.02970000000000006,-0.5779095659948674
-0.03070000000000017,-0.61624824222121
-0.03170000000000006,-0.7219271763211282
-0.03270000000000017,-0.6228973853305756
-0.03370000000000006,-0.5837098823243142
-0.034700000000000175,-0.7045262273327882
-0.035700000000000065,-0.6697243293561084
-0.03670000000000018,-0.5721092496654209
-0.03770000000000007,-0.6627922439867696
-0.03870000000000018,-0.713721850781911
-0.03970000000000007,-0.5859734204040982
-0.04070000000000018,-0.6268585769701978
-0.04170000000000007,-0.7292836750804264
-0.04270000000000018,-0.6274244614901437
-0.04370000000000007,-0.5902175543036933
-0.044700000000000184,-0.7200880516313036
-0.045700000000000074,-0.6769393569854201
-0.046700000000000186,-0.5798901618146786
-0.047700000000000076,-0.6753831745555685
-0.04870000000000019,-0.7110338993121675
-0.04970000000000008,-0.6009693601826676
-0.05070000000000019,-0.6340736045995095
-0.05170000000000008,-0.7383378273995627
-0.05270000000000019,-0.6366200849392665
-0.05370000000000008,-0.5960178706331399
-0.05470000000000019,-0.7243321855308987
-0.05570000000000008,-0.6817493754049612
-0.056700000000000195,-0.5801731040746516
-0.057700000000000085,-0.6874082206044214
-0.058700000000000196,-0.7195221671113576
-0.059700000000000086,-0.6021011292225595
-0.0607000000000002,-0.6452498238684432
-0.06170000000000009,-0.7458357972888473
-0.0627000000000002,-0.6486451309881194
-0.06370000000000009,-0.6023840714825326
-0.0647000000000002,-0.7260298390907369
-0.06570000000000009,-0.6947647193637195
-0.0667000000000002,-0.5926225635134639
-0.0677000000000001,-0.694623248233733
-0.0687000000000002,-0.731688684290197
-0.0697000000000001,-0.6043646673023436
-0.07070000000000021,-0.6544454473175659
-0.0717000000000001,-0.7455528550288744
-0.07270000000000021,-0.6439765836985646
-0.0737000000000001,-0.6117211660616418
-0.07470000000000021,-0.7415916633892523
-0.0757000000000001,-0.693774421453814
-0.07670000000000021,-0.601393773572627
-0.0777000000000001,-0.7008479779531391
-0.07870000000000021,-0.7418746056492252
-0.0797000000000001,-0.6175214823910884
-0.08070000000000022,-0.6545869184475525
-0.0817000000000001,-0.7592755546375651
-0.08270000000000022,-0.6531722071476874
-0.08370000000000011,-0.6161067710912235
-0.08470000000000022,-0.7475334508486854
-0.08570000000000011,-0.7008479779531391
-0.08670000000000022,-0.6094576279818578
-0.08770000000000011,-0.7093362457523293
-0.08870000000000022,-0.7390451830494952
-0.08970000000000011,-0.6236047409805081
-0.09070000000000022,-0.6688755025761894
-0.09170000000000011,-0.7646514575770523
-0.09270000000000023,-0.6668949067563783
-0.09370000000000012,-0.6302538840898738
-0.09470000000000023,-0.753899651698078
-0.09570000000000012,-0.713155966261965
-0.09670000000000023,-0.6141261752714124
-0.09770000000000012,-0.7236248298809663
-0.09870000000000023,-0.7479578642386449
-0.09970000000000012,-0.6309612397398063
-0.10070000000000023,-0.6772222992453931
-0.10170000000000012,-0.7771009170158646
-0.10270000000000024,-0.6692999159661489
-0.10370000000000013,-0.6435521703086051
-0.10470000000000024,-0.7619635061073088
-0.10570000000000013,-0.7148536198218031
-0.10670000000000024,-0.6260097501902787
-0.10770000000000013,-0.7239077721409393
-0.10870000000000024,-0.7671979379168093
-0.10970000000000013,-0.6380347962391315
-0.11070000000000024,-0.6852861536546238
-0.11170000000000013,-0.7804962241355408
-0.11270000000000002,-0.6793443661951906
-0.11370000000000013,-0.6601042925170262
-0.11470000000000002,-0.7686126492166745
-0.11570000000000014,-0.7240492432709258
-0.11670000000000003,-0.634780960249442
-0.11770000000000014,-0.7370645872296842
-0.11870000000000003,-0.774695907806094
-0.11970000000000014,-0.6466645351683082
-0.12070000000000003,-0.6933500080638545
-0.12170000000000014,-0.8049707296232058
-0.12270000000000003,-0.6910864699840705
-0.12370000000000014,-0.658406638957188
-0.12470000000000003,-0.7840330023852033
-0.12570000000000014,-0.7376304717496301
-0.12670000000000003,-0.6476548330782137
-0.12770000000000015,-0.7476749219786718
-0.12870000000000004,-0.7775253304058242
-0.12970000000000015,-0.6626507728567832
-0.13070000000000004,-0.7087703612323834
-0.13170000000000015,-0.8021413070234757
-0.13270000000000004,-0.7001406223032067
-0.13370000000000015,-0.6714219829159465
-0.13470000000000004,-0.7887015496747579
-0.13570000000000015,-0.7479578642386449
-0.13670000000000004,-0.6591139946071205
-0.13770000000000016,-0.7635196885371602
-0.13870000000000005,-0.7945018660042045
-0.13970000000000016,-0.6691584448361624
-0.14070000000000005,-0.7241907144009123
-0.14170000000000016,-0.8171372468020451
-0.14270000000000005,-0.7091947746223429
-0.14370000000000016,-0.6821737887949207
-0.14470000000000005,-0.8048292584932193
-0.14570000000000016,-0.7628123328872277
-0.14670000000000005,-0.6656216665864998
-0.14770000000000016,-0.7772423881458511
-0.14870000000000005,-0.7956336350440966
-0.14970000000000017,-0.6787784816752446
-0.15070000000000006,-0.7282933771705209
-0.15170000000000017,-0.8236449187814244
-0.15270000000000006,-0.7216442340611552
-0.15370000000000017,-0.6971697285734901
-0.15470000000000006,-0.8160054777621532
-0.15570000000000017,-0.7698858893865529
-0.15670000000000006,-0.6821737887949207
-0.15770000000000017,-0.7823353488253653
-0.15870000000000006,-0.806951325443017
-0.15970000000000018,-0.6916523545040165
-0.16070000000000007,-0.7417331345192387
-0.16170000000000018,-0.8418946945496834
-0.16270000000000007,-0.7271616081306289
-0.16370000000000018,-0.7110338993121675
-0.16470000000000007,-0.8362358493502232
-0.16570000000000018,-0.7792229839656621
-0.16670000000000007,-0.693208536933868
-0.16770000000000018,-0.7980386442538671
-0.16870000000000007,-0.8256255146012355
-0.16970000000000018,-0.7083459478424239
-0.17070000000000007,-0.7571534876877677
-0.17170000000000019,-0.847129126359184
-0.17270000000000008,-0.7391866541794817
-0.1737000000000002,-0.7212198206711957
-0.17470000000000008,-0.845148530539373
-0.1757000000000002,-0.7858721270750278
-0.17670000000000008,-0.7001406223032067
-0.1777000000000002,-0.81289311290245
-0.17870000000000008,-0.8256255146012355
-0.1797000000000002,-0.7175415712915466
-0.18070000000000008,-0.7604073236774572
-0.1817000000000002,-0.8571735765882258
-0.18270000000000008,-0.7546070073480106
-0.1837000000000002,-0.7349425202798866
-0.1847000000000001,-0.8505244334788601
-0.1857000000000002,-0.8025657204134353
-0.1867000000000001,-0.7104680147922214
-0.1877000000000002,-0.824352274431357
-0.1887000000000001,-0.8438752903694944
-0.1897000000000002,-0.7261713102207233
-0.1907000000000001,-0.7806376952655272
-0.1917000000000001,-0.8751404100965116
-0.19269999999999998,-0.7660661688769174
-0.1937000000000001,-0.7466846240687663
-0.19469999999999998,-0.8624080083977264
-0.1957000000000001,-0.8154395932422072
-0.19669999999999999,-0.731405742030224
-0.1977000000000001,-0.8334064267504931
-0.1987,-0.8556173941583741
-0.1997000000000001,-0.7413087211292793
-0.2007,-0.791813914534461
-0.2017000000000001,-0.885609273715513
-0.2027,-0.7725738408562965
-0.2037000000000001,-0.7564461320378352
-0.2047,-0.8815066109459044
-0.2057000000000001,-0.8232205053914649
-0.2067,-0.7451284416389149
-0.2077000000000001,-0.847977953139103
-0.2087,-0.8675009690772405
-0.2097000000000001,-0.7529093537881726
-0.2107,-0.8079416233529224
-0.2117000000000001,-0.8912681189149732
-0.2127,-0.7857306559450413
-0.2137000000000001,-0.76960294712658
-0.2147,-0.8938145992547302
-0.2157000000000001,-0.849109722178995
-0.2167,-0.7563046609078485
-0.21770000000000012,-0.8655203732574294
-0.2187,-0.8793845439961068
-0.21970000000000012,-0.7677638224367553
-0.2207,-0.8195422560118159
-0.22170000000000012,-0.9082446545133536
-0.2227,-0.8032730760633678
-0.22370000000000012,-0.7881356651548119
-0.2247,-0.9013125691440148
-0.22570000000000012,-0.8643886042175374
-0.2267,-0.76960294712658
-0.22770000000000012,-0.8792430728661204
-0.22870000000000001,-0.8921169456948921
-0.22970000000000013,-0.7793644550956487
-0.23070000000000002,-0.8404799832498183
-0.23170000000000013,-0.9243723633318148
-0.23270000000000002,-0.8154395932422072
-0.23370000000000013,-0.8116198727325715
-0.23470000000000002,-0.9253626612417204
-0.23570000000000013,-0.8690571515070921
-0.23670000000000002,-0.7899747898446364
-0.2376999999999999,-0.8940975415147032
-0.23870000000000002,-0.9105081925931376
-0.2396999999999999,-0.8046877873632328
-0.24070000000000003,-0.8575979899781853
-0.24169999999999991,-0.9454515616998039
-0.24270000000000003,-0.8352455514403176
-0.24369999999999992,-0.8252011012112759
-0.24470000000000003,-0.9402171298903033
-0.24569999999999992,-0.882213966595837
-0.24670000000000003,-0.8053951430131653
-0.24769999999999992,-0.9232405942919228
-0.24870000000000003,-0.9274847281915181
-0.24969999999999992,-0.8261913991211816
-0.25070000000000003,-0.8764136502663903
-0.2516999999999999,-0.9644086931179956
-0.25270000000000004,-0.8600029991879558
-0.2536999999999999,-0.848543837659049
-0.25470000000000004,-0.962569568428171
-0.2556999999999999,-0.907537298863421
-0.25670000000000004,-0.8338308401404527
-0.25769999999999993,-0.9455930328297906
-0.25870000000000004,-0.9542227717589672
-0.25969999999999993,-0.8503829623488736
-0.26070000000000004,-0.9037175783537855
-0.26169999999999993,-0.9898734965155661
-0.26270000000000004,-0.8824969088558098
-0.26369999999999993,-0.8772624770463092
-0.26470000000000005,-0.9886002563456876
-0.26569999999999994,-0.9458759750897635
-0.26670000000000005,-0.8679253824672
-0.26769999999999994,-0.976292268036862
-0.26870000000000005,-0.9832243534062003
-0.26969999999999994,-0.8810821975559447
-0.27070000000000005,-0.9402171298903033
-0.27169999999999994,-1.0167530112130019
-0.27270000000000005,-0.9157426244026382
-0.27369999999999994,-0.9182891047423953
-0.27470000000000006,-1.0236850965823405
-0.27569999999999995,-0.9714822496173208
-0.27670000000000006,-0.9023028670539204
-0.27769999999999995,-1.008972099063744
-0.27870000000000006,-1.0236850965823405
-0.27969999999999995,-0.9209770562121388
-0.28070000000000006,-0.9754434412569427
-0.28169999999999995,-1.0649946665383996
-0.28270000000000006,-0.9628525106881439
-0.28369999999999995,-0.9593157324384813
-0.28470000000000006,-1.0720682230377248
-0.28569999999999995,-1.0146309442632042
-0.28670000000000007,-0.9431880236200199
-0.28769999999999996,-1.0596187635989127
-0.28870000000000007,-1.0662679067082783
-0.28969999999999996,-0.9713407784873341
-0.29070000000000007,-1.0320318932515442
-0.29169999999999996,-1.1154998599435815
-0.29270000000000007,-1.0174603668629343
-0.29369999999999996,-1.0081232722838251
-0.2947000000000001,-1.127241963732461
-0.29569999999999996,-1.0723511652976978
-0.2967000000000001,-1.004727965164149
-0.29769999999999996,-1.1218660607929742
-0.2987000000000001,-1.127241963732461
-0.29969999999999997,-1.0345783735913012
-0.3007000000000001,-1.099655093385093
-0.30169999999999997,-1.1808595219973461
-0.3027000000000001,-1.0842347402165642
-0.30369999999999997,-1.0833859134366453
-0.3047000000000001,-1.1955725195159426
-0.30569999999999997,-1.1528482382600183
-0.3067000000000001,-1.0884788741161593
-0.3077,-1.2068902099148628
-0.3087000000000001,-1.2224520342133782
-0.3097,-1.1180463402833383
-0.3107000000000001,-1.1862354249368332
-0.3117,-1.2661666133792076
-0.3127000000000001,-1.1661465244787497
-0.3137,-1.180576579737373
-0.3147000000000001,-1.292055830166738
-0.3157,-1.2503218468207193
-0.3167000000000001,-1.1879330784966713
-0.3177,-1.3049297029955098
-0.3187000000000001,-1.325443016843553
-0.3197,-1.2240082166432298
-0.3207000000000001,-1.2982805598861442
-0.3217,-1.386982958387682
-0.3227000000000001,-1.2859725715773183
-0.3237,-1.3064858854253614
-0.3247000000000001,-1.4189554337646317
-0.3257,-1.3799094018883569
-0.3267000000000001,-1.3269991992734043
-0.3277,-1.4415908145624723
-0.3287000000000001,-1.4529085049613928
-0.3297,-1.373260258778991
-0.3307000000000001,-1.4472496597619326
-0.3317,-1.54203531685289
-0.3327000000000001,-1.4514937936615278
-0.3337,-1.4741291744593683
-0.3347000000000001,-1.6042826140469515
-0.3357,-1.5519382959519452
-0.3367000000000001,-1.5038381117565338
-0.3377,-1.6325768400442524
-0.3387000000000001,-1.6495533756426328
-0.3397,-1.5759883880496508
-0.3407000000000001,-1.656626932141958
-0.3417,-1.7542420118326456
-0.3427000000000001,-1.6863358694391237
-0.3437,-1.7132153841365596
-0.3447000000000001,-1.8362952672248178
-0.3457,-1.8122451751271118
-0.3467000000000001,-1.7627302796318356
-0.3477,-1.9141043887173947
-0.3487000000000001,-1.9438133260145605
-0.3497,-1.882980740120364
-0.3507000000000001,-1.9848399537106465
-0.3517,-2.1008462802995793
-0.3527000000000001,-2.0272812927065975
-0.3537,-2.0654784978029537
-0.3547000000000001,-2.2239261633878376
-0.3557,-2.215437895588648
-0.35670000000000013,-2.208364339089322
-0.3577,-2.3724708498736664
-0.35870000000000013,-2.4432064148669186
-0.3597,-2.412082766269888
-0.36070000000000013,-2.533747938058281
-0.3617,-2.6837073358439745
-0.3626999999999999,-2.655413109846674
-0.3637,-2.7501987669376318
-0.3646999999999999,-2.9525024828183315
-0.3657,-3.010505646112798
-0.3666999999999999,-3.0670940981073995
-0.3677,-3.3019361738849957
-0.3686999999999999,-3.4518955716706894
-0.36970000000000003,-3.5169722914644814
-0.3706999999999999,-3.7320084090439667
-0.37170000000000003,-3.9909005769192687
-0.3726999999999999,-4.1040774809084715
-0.37370000000000003,-4.314869464588361
-0.3746999999999999,-4.672791423454216
-0.37570000000000003,-4.8849981184339715
-0.3766999999999999,-5.104278369913052
-0.37770000000000004,-5.5272770485726985
-0.3786999999999999,-5.852660647541658
-0.37970000000000004,-6.067696765121143
-0.3806999999999999,-6.480792464681733
-0.38170000000000004,-6.936329503238276
-0.38269999999999993,-7.243321855308987
-0.38370000000000004,-7.653588132269849
-0.38469999999999993,-8.195422560118157
-0.38570000000000004,-8.590127012780503
-0.38669999999999993,-8.93531656994757
-0.38770000000000004,-9.492712822094397
-0.38869999999999993,-9.97654408664824
-0.38970000000000005,-10.345783735913013
-0.39069999999999994,-10.877715184662266
-0.39170000000000005,-11.466235085406122
-0.39269999999999994,-11.880745496266577
-0.39370000000000005,-12.300914752326493
-0.39469999999999994,-12.855481581873589
-0.39570000000000005,-13.286968528332425
-0.39669999999999994,-13.656208177597199
-0.39770000000000005,-14.203701450644967
-0.39869999999999994,-14.67055617960043
-0.39970000000000006,-15.05252823056399
-0.40069999999999995,-15.547677185516752
-0.40170000000000006,-16.085267479465468
-0.40269999999999995,-16.396503965435777
-0.40370000000000006,-16.764328903400685
-0.40469999999999995,-17.2453307453548
-0.40570000000000006,-17.641449909317007
-0.40669999999999995,-17.995127734283265
-0.40770000000000006,-18.518570915233333
-0.40869999999999995,-19.01371987018609
-0.40970000000000006,-19.395691921149652
-0.41069999999999995,-19.862546650105116
-0.41170000000000007,-20.301107153063278
-0.41269999999999996,-20.640637865030882
-0.41370000000000007,-20.994315689997144
-0.41469999999999996,-21.51775887094721
-0.41570000000000007,-21.98461359990267
-0.41669999999999996,-22.36658565086623
-0.41770000000000007,-22.946617283810895
-0.41869999999999996,-23.54079602975421
-0.4197000000000001,-23.908620967719123
-0.42069999999999996,-24.290593018682678
-0.4217000000000001,-24.828183312631392
-0.42269999999999996,-25.196008250596304
-0.4237000000000001,-25.592127414558515
-0.42469999999999997,-26.21460038649913
-0.4257000000000001,-26.723896454450543
-0.42669999999999997,-27.190751183406004
-0.4277000000000001,-27.841518381343924
-0.42869999999999997,-28.32252022329803
-0.4297000000000001,-28.619609596269694
-0.43069999999999997,-29.100611438223805
-0.4317000000000001,-29.68064307116847
-0.4327,-30.11920357412663
-0.4337000000000001,-30.656793868075347
-0.4347,-31.392443744005163
-0.4357000000000001,-31.94418115095253
-0.4367,-32.297858975918786
-0.4377000000000001,-32.8637434958648
-0.4387,-33.42962801581082
-0.4397000000000001,-33.86818851876898
-0.4407,-34.47651437771095
-0.4417000000000001,-35.268752705635364
-0.4427,-35.90537279057463
-0.4437000000000001,-36.47125731052064
-0.4447,-37.00884760446935
-0.4457000000000001,-37.56058501141672
-0.4467,-37.97085128837759
-0.4477000000000001,-38.607471373316855
-0.4487,-39.30067991025072
-0.4497000000000001,-39.80997597820213
-0.4507,-40.545625854131956
-0.4517000000000001,-41.47933531204288
-0.4527,-42.087661170984845
-0.4537000000000001,-42.540368786941656
-0.4547,-43.17698887188092
-0.4557000000000001,-43.68628493983233
-0.4567,-44.096551216793195
-0.4577000000000001,-44.84634820572166
-0.4587,-45.681027872642034
-0.4597000000000001,-46.38838352257455
-0.4607,-47.23721030249357
-0.4617000000000001,-47.93041883942744
-0.4627,-48.3406851163883
-0.4637000000000001,-48.77924561934647
-0.4647,-49.50074838227763
-0.4657000000000001,-50.2788395972034
-0.4667,-50.957901021138625
-0.4677000000000001,-51.8774633660509
-0.4687,-52.91020261495237
-0.4697000000000001,-53.77317650787004
-0.4707,-54.480532157802564
-0.4717000000000001,-55.23032914673103
-0.4727,-55.7820665536784
-0.4737000000000001,-56.36209818662306
-0.4747,-57.25336630553804
-0.4757000000000001,-58.14463442445301
-0.4767,-58.880284300382826
-0.4777000000000001,-59.983759114277554
-0.4787,-61.05893970217499
-0.4797000000000001,-61.398470414142594
-0.4807,-61.865325143098055
-0.48170000000000013,-62.58682790602922
-0.4827,-63.23759510396713
-0.48370000000000013,-64.01568631889292
-0.4847,-65.16160247178358
-0.48570000000000013,-66.25093017267966
-0.4867,-67.0997569525987
-0.4876999999999999,-67.65149435954605
-0.4887,-68.35885000947859
-0.4896999999999999,-68.82570473843404
-0.4907,-69.54720750136521
-0.4916999999999999,-70.67897654125723
-0.4927,-71.61268599916815
-0.4936999999999999,-72.61713102207234
-0.49470000000000003,-74.03184232193736
-0.4956999999999999,-74.83822776286046
-0.49670000000000003,-75.220199813824
-0.4976999999999999,-75.99829102874978
-0.49870000000000003,-76.83297069567014
-0.4996999999999999,-77.62520902359456
-0.5007,-78.7569780634866
-0.5016999999999999,-80.15754225035298
-0.5027,-81.54395932422072
-0.5036999999999999,-82.29375631314919
-0.5047,-83.029406189079
-0.5056999999999999,-83.65187916101961
-0.5067,-84.09043966397778
-0.5076999999999999,-85.052443347886
-0.5087,-86.28324217876859
-0.5096999999999999,-87.45745255765657
-0.5107,-88.85801674452296
-0.5116999999999999,-90.4990818523664
-0.5127,-91.22058461529755
-0.5136999999999999,-91.53182110126787
-0.5147,-92.25332386419905
-0.5156999999999999,-93.01726796612617
-0.5167,-93.86609474604518
-0.5176999999999999,-95.01201089893587
-0.5187,-96.3984279728036
-0.5196999999999999,-97.69996236867944
-0.5207,-99.08637944254717
-0.5216999999999999,-99.90691199646888
-0.5227,-100.40206095142165
-0.5236999999999999,-100.82647434138116
-0.5247,-101.80262513828804
-0.5257,-102.96268840417737
-0.5267000000000001,-104.08031033107075
-0.5277,-105.67893409991824
-0.5287000000000001,-107.22096941677113
-0.5297,-107.64538280673065
-0.5307000000000001,-108.19712021367802
-0.5317,-109.06009410659567
-0.5327000000000001,-109.9655093385093
-0.5337,-111.18216105639323
-0.5347000000000001,-112.87981461623129
-0.5357,-114.57746817606933
-0.5367000000000001,-115.80826700695191
-0.5377,-116.40244575289522
-0.5387000000000001,-117.16638985482233
-0.5397,-117.63324458377778
-0.5407000000000001,-118.48207136369683
-0.5417,-119.88263555056322
-0.5427000000000001,-121.11343438144578
-0.5437,-122.57058702030677
-0.5447000000000001,-124.56532995311649
-0.5457,-125.82442300999638
-0.5467000000000001,-126.37616041694372
-0.5477,-127.16839874486816
-0.5487000000000001,-127.86160728180201
-0.5497,-128.4416389147467
-0.5507000000000001,-129.38949548565625
-0.5517,-130.7476183335267
-0.5527000000000001,-132.19062385938904
-0.5537,-133.88827741922708
-0.5547000000000001,-135.74154922205025
-0.5557,-136.51964043697603
-0.5567000000000001,-136.77428847095175
-0.5577,-137.25529031290586
-0.5587000000000001,-138.16070554481948
-0.5597,-139.19344479372097
-0.5607000000000001,-140.41009651160488
-0.5617,-142.31995676642268
-0.5627000000000001,-144.15908145624724
-0.5637,-145.7152638860988
-0.5647000000000001,-146.8470329259908
-0.5657,-147.6958597059098
-0.5667000000000001,-148.26174422585584
-0.5677,-148.82762874580186
-0.5687000000000001,-149.6764555257209
-0.5697,-150.24234004566688
-0.5707000000000001,-151.5155802155454
-0.5717,-153.49617603535648
-0.5727000000000001,-155.19382959519453
-0.5737,-155.75971411514055
-0.5747000000000001,-156.60854089505958
-0.5757,-157.17442541500557
-0.5767000000000001,-157.7403099349516
-0.5777,-159.15502123481662
-0.5787000000000001,-160.71120366466818
-0.5797,-162.2673860945197
-0.5807000000000001,-164.10651078434424
-0.5817,-166.0871066041553
-0.5827000000000001,-166.51151999411482
-0.5837,-166.79446225408785
-0.5847000000000001,-167.50181790402033
-0.5857,-168.06770242396635
-0.5867000000000001,-167.6432890340068
-0.5857,-166.51151999411482
-0.5847000000000001,-165.6626932141958
-0.5837,-165.09680869424977
-0.5827000000000001,-164.38945304431726
-0.5817,-162.5503283544927
-0.5807000000000001,-160.42826140469515
-0.5797,-158.1647233249111
-0.5787000000000001,-156.60854089505958
-0.5777,-155.19382959519453
-0.5767000000000001,-153.920589425316
-0.5757,-153.07176264539694
-0.5747000000000001,-152.64734925543743
-0.5737,-152.0814647354914
-0.5727000000000001,-150.38381117565342
-0.5717,-148.82762874580186
-0.5707000000000001,-147.1299751859638
-0.5697,-145.29085049613926
-0.5687000000000001,-144.01761032626072
-0.5677,-142.7443701563822
-0.5667000000000001,-141.3721001955131
-0.5657,-140.59400898058735
-0.5647000000000001,-140.0988600256346
-0.5637,-138.59926604777763
-0.5627000000000001,-137.14211340891666
-0.5617,-135.60007809206377
-0.5607000000000001,-133.61948227225272
-0.5597,-132.04915272940255
-0.5587000000000001,-131.18617883648483
-0.5577,-130.11099824858744
-0.5567000000000001,-129.07825899968594
-0.5557,-128.51237447973992
-0.5547000000000001,-127.2108400838641
-0.5537,-125.555627863022
-0.5527000000000001,-123.97115120717316
-0.5517,-122.78279371528653
-0.5507000000000001,-121.59443622339991
-0.5497,-120.34949027951868
-0.5487000000000001,-119.50066349959965
-0.5477,-118.70842517167522
-0.5467000000000001,-117.87374550475487
-0.5457,-116.68538801286822
-0.5447000000000001,-115.4121478429897
-0.5437,-113.71449428315165
-0.5427000000000001,-112.17245896629876
-0.5417,-111.26704373438514
-0.5407000000000001,-110.3333342764742
-0.5397,-109.03179988059838
-0.5387000000000001,-108.2820028916699
-0.5377,-107.58879435473604
-0.5367000000000001,-106.2589657328629
-0.5357,-105.01401978898167
-0.5347000000000001,-103.74077961910314
-0.5337,-102.19874430225026
-0.5327000000000001,-100.99623969736497
-0.5317,-100.09082446545133
-0.5307000000000001,-99.02979099055257
-0.5297,-98.05364019364569
-0.5287000000000001,-97.50190278669832
-0.5277,-96.46916353779686
-0.5267000000000001,-95.12518780292505
-0.5257,-93.97927165003438
-0.5247,-92.90409106213696
-0.5236999999999999,-91.58840955326248
-0.5227,-90.5273760783637
-0.5216999999999999,-89.65025507244737
-0.5207,-88.7306927275351
-0.5196999999999999,-87.81113038262282
-0.5187,-86.8774209247119
-0.5176999999999999,-85.70321054582392
-0.5167,-84.35923481095215
-0.5156999999999999,-83.25575999705741
-0.5147,-82.19472652215863
-0.5136999999999999,-81.1478401602585
-0.5127,-80.46877873632329
-0.5116999999999999,-79.71898174739482
-0.5107,-78.91259630647174
-0.5096999999999999,-77.86570994457162
-0.5087,-76.9037062606634
-0.5076999999999999,-75.78608433377002
-0.5067,-74.49869705089283
-0.5056999999999999,-73.52254625398596
-0.5047,-72.71616081306288
-0.5036999999999999,-71.81074558114926
-0.5027,-71.15997838321134
-0.5016999999999999,-70.84874189724104
-0.5007,-70.09894490831257
-0.4996999999999999,-69.03791143341378
-0.49870000000000003,-68.45787980046913
-0.4976999999999999,-67.7505241505366
-0.49670000000000003,-66.91584448361623
-0.4956999999999999,-66.42069552866347
-0.49470000000000003,-65.82651678272015
-0.4936999999999999,-65.33136782776738
-0.4927,-65.00598422879844
-0.4916999999999999,-64.36936414385917
-0.4907,-62.91221150499819
-0.4896999999999999,-61.29944062315204
-0.4887,-60.04034756627216
-0.4876999999999999,-59.00760831737068
-0.4867,-58.17292865045031
-0.48570000000000013,-57.8051037124854
-0.4847,-57.52216145251239
-0.48370000000000013,-56.75821735058527
-0.4827,-55.8103607796757
-0.48170000000000013,-54.904945547762075
-0.4807,-53.64585249088219
-0.4797000000000001,-52.58481901598341
-0.4787,-51.83502202705494
-0.4777000000000001,-51.014489473133224
-0.4767,-50.23639825820745
-0.4757000000000001,-49.67051373826144
-0.4747,-48.96315808832892
-0.4737000000000001,-47.87383038743284
-0.4727,-46.982562268517874
-0.4717000000000001,-46.204471053592094
-0.4707,-45.29905582167847
-0.4697000000000001,-44.4926703807554
-0.4687,-43.94093297380804
-0.4677000000000001,-43.30431288886877
-0.4667,-42.6111043519349
-0.4657000000000001,-41.93204292799969
-0.4647,-41.05492192208336
-0.4637000000000001,-40.135359577171094
-0.4627,-39.44215104023723
-0.4617000000000001,-38.98944342428042
-0.4607,-38.23964643535194
-0.4597000000000001,-37.673761915405926
-0.4587,-37.27764275144372
-0.4577000000000001,-36.669316892501755
-0.4567,-35.778048773586775
-0.4557000000000001,-35.14142868864751
-0.4547,-34.47651437771095
-0.4537000000000001,-33.698423162785176
-0.4527,-33.13253864283916
-0.4517000000000001,-32.65153680088505
-0.4507,-32.05735805494172
-0.4497000000000001,-31.533914873991666
-0.4487,-30.939736128048356
-0.4477000000000001,-30.21823336511718
-0.4467,-29.539171941181966
-0.4457000000000001,-29.058170099227848
-0.4447,-28.49228557928184
-0.4437000000000001,-27.883959720339874
-0.4427,-27.417104991384413
-0.4417000000000001,-26.89366181043435
-0.4407,-26.20045327350048
-0.4397000000000001,-25.592127414558515
-0.4387,-25.1394197986017
-0.4377000000000001,-24.545241052658387
-0.4367,-23.96520941971372
-0.4357000000000001,-23.61153159474746
-0.4347,-23.187118204787954
-0.4337000000000001,-22.578792345845983
-0.4327,-22.083643390893226
-0.4317000000000001,-21.659230000933714
-0.43069999999999997,-21.050904141991744
-0.4297000000000001,-20.584049413036283
-0.42869999999999997,-20.244518701068674
-0.4277000000000001,-19.791811085111863
-0.42669999999999997,-19.3249563561564
-0.4257000000000001,-19.027866983184744
-0.42469999999999997,-18.603453593225233
-0.4237000000000001,-18.009274847281915
-0.42269999999999996,-17.641449909317007
-0.4217000000000001,-17.28777208435075
-0.42069999999999996,-16.806770242396635
-0.4197000000000001,-16.424798191433077
-0.41869999999999996,-16.15600304445872
-0.41770000000000007,-15.74573676749786
-0.41669999999999996,-15.349617603535648
-0.41570000000000007,-15.080822456561293
-0.41469999999999996,-14.684703292599082
-0.41370000000000007,-14.231995676642269
-0.41269999999999996,-13.939150437570206
-0.41170000000000007,-13.653378754997467
-0.41069999999999995,-13.238868344137012
-0.40970000000000006,-12.927631858166704
-0.40869999999999995,-12.728157564885736
-0.40770000000000006,-12.351844359121635
-0.40669999999999995,-11.944407504760505
-0.40570000000000006,-11.719468408081962
-0.40469999999999995,-11.408231922111655
-0.40370000000000006,-11.014942180749173
-0.40269999999999995,-10.814053176168342
-0.40170000000000006,-10.59477292468926
-0.40069999999999995,-10.236850965823406
-0.39970000000000006,-9.992105910946753
-0.39869999999999994,-9.795461040265515
-0.39770000000000005,-9.453100905698175
-0.39669999999999994,-9.148937976227192
-0.39570000000000005,-9.001808001041228
-0.39469999999999994,-8.757062946164577
-0.39370000000000005,-8.447241171494134
-0.39269999999999994,-8.305770041507632
-0.39170000000000005,-8.134589974223962
-0.39069999999999994,-7.821938776953789
-0.38970000000000005,-7.605487948074437
-0.38869999999999993,-7.480993353686313
-0.38770000000000004,-7.188148114614252
-0.38669999999999993,-6.953306038836654
-0.38570000000000004,-6.876911628643944
-0.38469999999999993,-6.6689490675637835
-0.38370000000000004,-6.40156863188929
-0.38269999999999993,-6.309612397398063
-0.38170000000000004,-6.15965299961237
-0.3806999999999999,-5.878125450939227
-0.37970000000000004,-5.732410187053128
-0.3786999999999999,-5.661674622059877
-0.37770000000000004,-5.4225884123826855
-0.3766999999999999,-5.231602386900906
-0.37570000000000003,-5.197649315704145
-0.3746999999999999,-5.01656626932142
-0.37370000000000003,-4.787383038743283
-0.3726999999999999,-4.725135741549222
-0.37170000000000003,-4.61195883756002
-0.3706999999999999,-4.378531473082289
-0.36970000000000003,-4.278086970791871
-0.3686999999999999,-4.234230920496055
-0.3677,-4.034756627215084
-0.3666999999999999,-3.8805530955297955
-0.3657,-3.86782069383101
-0.3646999999999999,-3.7221054299449117
-0.3637,-3.5183870027643462
-0.3626999999999999,-3.492922199366775
-0.3617,-3.4179425004739286
-0.36070000000000013,-3.2128093619934983
-0.3597,-3.153391487399167
-0.35870000000000013,-3.1420737970002466
-0.3577,-2.9539171941181968
-0.35670000000000013,-2.846399135328454
-0.3557,-2.8577168257273744
-0.3547000000000001,-2.7275633861397908
-0.3537,-2.5620421640555815
-0.3527000000000001,-2.5648715866553116
-0.3517,-2.50828313466071
-0.3507000000000001,-2.3272000882779853
-0.3497,-2.2904175944814944
-0.3487000000000001,-2.298905862280684
-0.3477,-2.1347993514963406
-0.3467000000000001,-2.048501962204573
-0.3457,-2.073966765602144
-0.3447000000000001,-1.9650339955125358
-0.3437,-1.8193187316264372
-0.3427000000000001,-1.850442380223468
-0.3417,-1.8037569073279218
-0.3407000000000001,-1.6467239530429028
-0.3397,-1.6283327061446573
-0.3387000000000001,-1.656626932141958
-0.3377,-1.5038381117565338
-0.3367000000000001,-1.4302731241635522
-0.3357,-1.4812027309586933
-0.3347000000000001,-1.381889997708168
-0.3337,-1.2551318652402605
-0.3327000000000001,-1.3076176544652534
-0.3317,-1.2742304677884386
-0.3307000000000001,-1.1299299152022049
-0.3297,-1.1269590214724883
-0.3287000000000001,-1.154121478429897
-0.3277,-1.0253827501421786
-0.3267000000000001,-0.9587498479185353
-0.3257,-1.0255242212721651
-0.3247000000000001,-0.9427636102300604
-0.3237,-0.8256255146012355
-0.3227000000000001,-0.886741042755405
-0.3217,-0.8639641908275778
-0.3207000000000001,-0.7248980700508447
-0.3197,-0.7393281253094681
-0.3187000000000001,-0.7799303396155948
-0.3177,-0.6469474774282812
-0.3167000000000001,-0.6040817250423707
-0.3157,-0.672978165345798
-0.3147000000000001,-0.597432581933005
-0.3137,-0.4964221951226413
-0.3127000000000001,-0.559235376836649
-0.3117,-0.5476347441777557
-0.3107000000000001,-0.4116809882607257
-0.3097,-0.43672137826833685
-0.3087000000000001,-0.4893486386233161
-0.3077,-0.36075138146558433
-0.3067000000000001,-0.3245347721890394
-0.30569999999999997,-0.4007877112517649
-0.3047000000000001,-0.32552507009894494
-0.30369999999999997,-0.23187118204787951
-0.3027000000000001,-0.3093973612804835
-0.30169999999999997,-0.2918549411621571
-0.3007000000000001,-0.17514125892329155
-0.29969999999999997,-0.192400736781645
-0.2987000000000001,-0.25493097623567956
-0.29769999999999996,-0.13647719909798006
-0.2967000000000001,-0.10744732322474954
-0.29569999999999996,-0.1922592656516585
-0.2947000000000001,-0.11889233764065768
-0.29369999999999996,-0.028166901980312884
-0.29270000000000007,-0.11428037880309765
-0.29169999999999996,-0.09669551734577525
-0.29070000000000007,0.009658234044178605
-0.28969999999999996,-0.021602641548939108
-0.28870000000000007,-0.0733952222369981
-0.28769999999999996,0.03562243053060162
-0.28670000000000007,0.06115796949316554
-0.28569999999999995,-0.0230032057358055
-0.28470000000000006,0.036457110197522
-0.28369999999999995,0.12523024426405305
-0.28270000000000006,0.03785767438438838
-0.28169999999999995,0.04483220109272301
-0.28070000000000006,0.1583061944548976
-0.27969999999999995,0.11909039722263878
-0.27870000000000006,0.05906419676936528
-0.27769999999999995,0.17415096101338604
-0.27670000000000006,0.18759071836210386
-0.27569999999999995,0.09982202931847699
-0.27470000000000006,0.16481386643427676
-0.27369999999999994,0.24248151679686727
-0.27270000000000005,0.1512326379555724
-0.27169999999999994,0.1585891367148706
-0.27070000000000005,0.26384365742482935
-0.26969999999999994,0.2245146832885813
-0.26870000000000005,0.16523827982423628
-0.26769999999999994,0.27784929929349317
-0.26670000000000005,0.2869034516126294
-0.26569999999999994,0.19805958198110513
-0.26470000000000005,0.25761892770542316
-0.26369999999999993,0.3333059822482026
-0.26270000000000004,0.2429059301868268
-0.26169999999999993,0.25450656284572004
-0.26070000000000004,0.35933667016571935
-0.25969999999999993,0.3144903219599976
-0.25870000000000004,0.24658417956647588
-0.25769999999999993,0.35735607434590827
-0.25670000000000004,0.3720690718645046
-0.2556999999999999,0.27035132940420853
-0.25470000000000004,0.3395307119676088
-0.2536999999999999,0.4164910066802668
-0.25270000000000004,0.3139244374400516
-0.2516999999999999,0.3239688876690934
-0.25070000000000003,0.42469633221948405
-0.24969999999999992,0.3775864459339783
-0.24870000000000003,0.3173197445597277
-0.24769999999999992,0.42780869707918706
-0.24670000000000003,0.42724281255924107
-0.24569999999999992,0.33571099145797323
-0.24470000000000003,0.39710946187211577
-0.24369999999999992,0.4761918235345713
-0.24270000000000003,0.3692396492647746
-0.24169999999999991,0.3829623488734654
-0.24070000000000003,0.4892071674933296
-0.2396999999999999,0.4323357732387552
-0.23870000000000002,0.3686737647448286
-0.2376999999999999,0.47916271726428794
-0.23670000000000002,0.48015301517419345
-0.23570000000000013,0.3920165011926017
-0.23470000000000002,0.4484634820572166
-0.23370000000000013,0.5245749499899556
-0.23270000000000002,0.4280916393391601
-0.23170000000000013,0.42724281255924107
-0.23070000000000002,0.5322143910092269
-0.22970000000000013,0.48142625534407196
-0.22870000000000001,0.40984186357090113
-0.22770000000000012,0.5251408345099016
-0.2267,0.5247164211199421
-0.22570000000000012,0.4303551774189442
-0.2247,0.49826131981246585
-0.22370000000000012,0.5588109634466895
-0.2227,0.4572346921163799
-0.22170000000000012,0.4706744494650977
-0.2207,0.5682895291557853
-0.21970000000000012,0.519057575920482
-0.2187,0.44733171301732455
-0.21770000000000012,0.5548497718070674
-0.2167,0.5605086170065275
-0.2157000000000001,0.4784553616143554
-0.2147,0.5262726035497938
-0.2137000000000001,0.599130235492843
-0.2127,0.49260247461300577
-0.2117000000000001,0.5034957516219666
-0.2107,0.5992717066228296
-0.2097000000000001,0.5459370906179177
-0.2087,0.4858118603736536
-0.2077000000000001,0.5890857852638013
-0.2067,0.5910663810836124
-0.2057000000000001,0.4971295507725738
-0.2047,0.5503226956474992
-0.2037000000000001,0.6279903460100897
-0.2027,0.5245749499899556
-0.2017000000000001,0.5303752663194023
-0.2007,0.6333662489495769
-0.1997000000000001,0.5764948546950025
-0.1987,0.5061837030917101
-0.1977000000000001,0.6170970690011289
-0.19669999999999999,0.617380011261102
-0.1957000000000001,0.5160866821907654
-0.19469999999999998,0.5781925082548405
-0.1937000000000001,0.6516160247178359
-0.19269999999999998,0.5537180027671754
-0.1917000000000001,0.5480591575677152
-0.1907000000000001,0.658689581217161
-0.1897000000000002,0.601959658092573
-0.1887000000000001,0.5293849684094968
-0.1877000000000002,0.6427033435286861
-0.1867000000000001,0.6421374590087401
-0.1857000000000002,0.539005005248579
-0.1847000000000001,0.6069111476421007
-0.1837000000000002,0.673261107605771
-0.18270000000000008,0.5739483743552454
-0.1817000000000002,0.5698457115856368
-0.18070000000000008,0.6688755025761894
-0.1797000000000002,0.6216241451606972
-0.17870000000000008,0.5448053215780257
-0.1777000000000002,0.6643484264166213
-0.17670000000000008,0.6647728398065808
-0.1757000000000002,0.5616403860464196
-0.17470000000000008,0.6243120966304406
-0.1737000000000002,0.6964623729235576
-0.17270000000000008,0.5863978337940576
-0.17170000000000019,0.5933299191633964
-0.17070000000000007,0.6978770842234225
-0.16970000000000018,0.6383177384991046
-0.16870000000000007,0.5732410187053129
-0.16770000000000018,0.6801931929751097
-0.16670000000000007,0.6905205854641244
-0.16570000000000018,0.5805975174646111
-0.16470000000000007,0.6475133619482272
-0.16370000000000018,0.7213612918011821
-0.16270000000000007,0.6040817250423707
-0.16170000000000018,0.6137017618814529
-0.16070000000000007,0.7174001001615601
-0.15970000000000018,0.6603872347769991
-0.15870000000000006,0.5886613718738418
-0.15770000000000017,0.7025456315129773
-0.15670000000000006,0.6987259110033417
-0.15570000000000017,0.6011108313126541
-0.15470000000000006,0.6629337151167561
-0.15370000000000017,0.731688684290197
-0.15270000000000006,0.6255853368003192
-0.15170000000000017,0.6255853368003192
-0.15070000000000006,0.7372060583596707
-0.14970000000000017,0.6773637703753796
-0.14870000000000005,0.6026670137425056
-0.14770000000000016,0.7281519060405344
-0.14670000000000005,0.7237663010109527
-0.14570000000000016,0.6110138104117093
-0.14470000000000005,0.6825982021848802
-0.14370000000000016,0.7551728918679566
-0.14270000000000005,0.6401568631889291
-0.14170000000000016,0.6521819092377819
-0.14070000000000005,0.7546070073480106
-0.13970000000000016,0.7012723913430987
-0.13870000000000005,0.6285562305300357
-0.13770000000000016,0.7413087211292793
-0.13670000000000004,0.7414501922592658
-0.13570000000000015,0.6288391727900088
-0.13470000000000004,0.6947647193637195
-0.13370000000000015,0.7714420718164045
-0.13270000000000004,0.6562845720073905
-0.13170000000000015,0.6709975695259869
-0.13070000000000004,0.7700273605165394
-0.12970000000000015,0.713438908521938
-0.12870000000000004,0.6468060062982948
-0.12770000000000015,0.7575779010777272
-0.12670000000000003,0.753899651698078
-0.12570000000000014,0.6456742372584027
-0.12470000000000003,0.7162683311216681
-0.12370000000000014,0.7950677505241506
-0.12270000000000003,0.671846396305906
-0.12170000000000014,0.6786370105452582
-0.12070000000000003,0.7984630576438266
-0.11970000000000014,0.7260298390907369
-0.11870000000000003,0.6541625050575929
-0.11770000000000014,0.7763935613659322
-0.11670000000000003,0.7671979379168093
-0.11570000000000014,0.6657631377164863
-0.11470000000000002,0.7297080884703859
-0.11370000000000013,0.8021413070234757
-0.11270000000000002,0.6879741051243674
-0.11170000000000013,0.6973111997034765
-0.11070000000000024,0.808931921262828
-0.10970000000000013,0.7492311044085235
-0.10870000000000024,0.6687340314462029
-0.10770000000000013,0.792945683574353
-0.10670000000000024,0.7817694643054193
-0.10570000000000013,0.6825982021848802
-0.10470000000000024,0.7475334508486854
-0.10370000000000013,0.8194007848818293
-0.10270000000000024,0.7041018139428288
-0.10170000000000012,0.713155966261965
-0.10070000000000023,0.8250596300812894
-0.09970000000000012,0.7565876031678217
-0.09870000000000023,0.6879741051243674
-0.09770000000000012,0.8034145471933544
-0.09670000000000023,0.8036974894533273
-0.09570000000000012,0.6891058741642594
-0.09470000000000023,0.7578608433377001
-0.09370000000000012,0.8348211380503582
-0.09270000000000023,0.7154195043417491
-0.09170000000000011,0.7304154441203184
-0.09070000000000022,0.8368017338701692
-0.08970000000000011,0.7659246977469308
-0.08870000000000022,0.6984429687433686
-0.08770000000000011,0.8154395932422072
-0.08670000000000022,0.8119028149925446
-0.08570000000000011,0.7096191880123024
-0.08470000000000022,0.7772423881458511
-0.08370000000000011,0.8525050292986711
-0.08270000000000022,0.7247565989208583
-0.0817000000000001,0.7397525386994277
-0.08070000000000022,0.8532123849486036
-0.0797000000000001,0.7795059262256352
-0.07870000000000021,0.7118827260920865
-0.0777000000000001,0.8356699648302772
-0.07670000000000021,0.8249181589513029
-0.0757000000000001,0.7181074558114927
-0.07470000000000021,0.7884186074147849
-0.0737000000000001,0.8662277289073619
-0.07270000000000021,0.7434307880790767
-0.0717000000000001,0.7553143629979431
-0.07070000000000021,0.8646715464775104
-0.0697000000000001,0.7887015496747579
-0.0687000000000002,0.7273030792606153
-0.0677000000000001,0.8445826460194269
-0.0667000000000002,0.8336893690104662
-0.06570000000000009,0.7287177905604804
-0.0647000000000002,0.8017168936335162
-0.06370000000000009,0.869905978287011
-0.0627000000000002,0.7486652198885775
-0.06170000000000009,0.7623879194972683
-0.0607000000000002,0.8728768720167276
-0.059700000000000086,0.8086489790028549
-0.058700000000000196,0.7335278089800216
-0.057700000000000085,0.8547685673784552
-0.056700000000000195,0.8542026828585092
-0.05570000000000008,0.7318301554201835
-0.05470000000000019,0.8113369304725986
-0.05370000000000008,0.888721638575216
-0.05270000000000019,0.7554558341279295
-0.05170000000000008,0.7778082726657971
-0.05070000000000019,0.884194562415648
-0.04970000000000008,0.8192593137518428
-0.04870000000000019,0.7495140466684964
-0.047700000000000076,0.8676424402072269
-0.046700000000000186,0.8536367983385632
-0.045700000000000074,0.753899651698078
-0.044700000000000184,0.8209569673116808
-0.04370000000000007,0.8956537239445548
-0.04270000000000018,0.771866485206364
-0.04170000000000007,0.7867209538549468
-0.04070000000000018,0.8993319733242039
-0.03970000000000007,0.8261913991211816
-0.03870000000000018,0.7502214023184289
-0.03770000000000007,0.8779698326962417
-0.03670000000000018,0.8638227196975914
-0.035700000000000065,0.7625293906272548
-0.034700000000000175,0.8380749740400478
-0.03370000000000006,0.9062640586935425
-0.03270000000000017,0.790116260974623
-0.03170000000000006,0.8039804317133004
-0.03070000000000017,0.9161670377925977
-0.02970000000000006,0.8302940618907901
-0.02870000000000017,0.7592755546375651
-0.027700000000000058,0.8969269641144332
-0.026700000000000168,0.8761307080064172
-0.025700000000000056,0.7711591295564314
-0.024700000000000166,0.8516562025187521
-0.023700000000000054,0.9156011532726518
-0.022700000000000164,0.7953506927841236
-0.021700000000000053,0.8130345840324366
-0.020700000000000163,0.9204111716921929
-0.01970000000000005,0.84769501087913
-0.01870000000000016,0.7769594458858782
-0.01770000000000005,0.9045664051337045
-0.01670000000000016,0.8973513775043926
-0.015700000000000047,0.7820524065653922
-0.014700000000000157,0.8714621607168627
-0.013700000000000045,0.9334265156509512
-0.012700000000000156,0.8061024986630978
-0.011700000000000044,0.826332870251168
-0.010700000000000154,0.9450271483098445
-0.009700000000000042,0.8581638744981313
-0.008700000000000152,0.7939359814842585
-0.00770000000000004,0.9230991231619364
-0.00670000000000015,0.9131961440628811
-0.005700000000000038,0.7971898174739481
-0.0047000000000001485,0.8774039481762959
-0.0037000000000000366,0.9529495315890888
-0.0027000000000001467,0.82746463929106
-0.0017000000000000348,0.8394896853399128
-0.000700000000000145,0.9563448387087647
0.00029999999999996696,0.868491266987146
0.0012999999999998568,0.8162884200221262
0.0022999999999999687,0.9467248018696826
0.0032999999999998586,0.9264944302816125
0.0042999999999999705,0.8141663530723287
0.00529999999999986,0.8966440218544603
0.006299999999999972,0.9646916353779685
0.007299999999999862,0.8423191079396429
0.008299999999999974,0.8612762393578344
0.009299999999999864,0.9795461040265513
0.010299999999999976,0.8928243013448246
0.011299999999999866,0.8319917154506281
0.012299999999999978,0.9638428085980495
