Dec. 13, 2024   16:43:25
Linear Sweep Voltammetry
File: c:/users/guazh/data/banditlqround7_x0exp59_r20/2024-12-09-exp649\regeneratedgce-2024-12-13t16_40_23-lsvinkoh\regeneratedgce_lsv_50mvs_efin_-1700mv.bin
Data Source:  Experiment
Instrument Model:  CHI760E
Header: LSV ran at 50 mVs with Efin at -1700mV
Note: 

Init E (V) = -0.6
Final E (V) = -1.7
Scan Rate (V/s) = 0.05
Sample Interval (V) = 0.001
Quiet Time (sec) = 2
Sensitivity (A/V) = 1e-4
Comp R (ohm) = 1.4

Results:

Channel 1:

Potential/V, Current/A

-0.600, 6.185e-7
-0.601, 7.430e-7
-0.602, 7.722e-7
-0.603, 7.815e-7
-0.604, 7.906e-7
-0.605, 8.008e-7
-0.606, 8.120e-7
-0.607, 8.161e-7
-0.608, 8.201e-7
-0.609, 8.256e-7
-0.610, 8.318e-7
-0.611, 8.405e-7
-0.612, 8.444e-7
-0.613, 8.460e-7
-0.614, 8.510e-7
-0.615, 8.573e-7
-0.616, 8.650e-7
-0.617, 8.682e-7
-0.618, 8.675e-7
-0.619, 8.718e-7
-0.620, 8.769e-7
-0.621, 8.830e-7
-0.622, 8.866e-7
-0.623, 8.862e-7
-0.624, 8.892e-7
-0.625, 8.955e-7
-0.626, 9.001e-7
-0.627, 9.039e-7
-0.628, 9.053e-7
-0.629, 9.076e-7
-0.630, 9.127e-7
-0.631, 9.184e-7
-0.632, 9.213e-7
-0.633, 9.225e-7
-0.634, 9.228e-7
-0.635, 9.294e-7
-0.636, 9.353e-7
-0.637, 9.367e-7
-0.638, 9.373e-7
-0.639, 9.378e-7
-0.640, 9.443e-7
-0.641, 9.512e-7
-0.642, 9.528e-7
-0.643, 9.555e-7
-0.644, 9.581e-7
-0.645, 9.601e-7
-0.646, 9.673e-7
-0.647, 9.692e-7
-0.648, 9.696e-7
-0.649, 9.723e-7
-0.650, 9.760e-7
-0.651, 9.839e-7
-0.652, 9.857e-7
-0.653, 9.854e-7
-0.654, 9.876e-7
-0.655, 9.904e-7
-0.656, 9.968e-7
-0.657, 9.992e-7
-0.658, 9.987e-7
-0.659, 1.002e-6
-0.660, 1.007e-6
-0.661, 1.013e-6
-0.662, 1.016e-6
-0.663, 1.015e-6
-0.664, 1.016e-6
-0.665, 1.021e-6
-0.666, 1.028e-6
-0.667, 1.028e-6
-0.668, 1.029e-6
-0.669, 1.029e-6
-0.670, 1.034e-6
-0.671, 1.038e-6
-0.672, 1.041e-6
-0.673, 1.041e-6
-0.674, 1.041e-6
-0.675, 1.045e-6
-0.676, 1.051e-6
-0.677, 1.052e-6
-0.678, 1.052e-6
-0.679, 1.054e-6
-0.680, 1.058e-6
-0.681, 1.064e-6
-0.682, 1.065e-6
-0.683, 1.065e-6
-0.684, 1.065e-6
-0.685, 1.070e-6
-0.686, 1.076e-6
-0.687, 1.077e-6
-0.688, 1.077e-6
-0.689, 1.079e-6
-0.690, 1.082e-6
-0.691, 1.087e-6
-0.692, 1.089e-6
-0.693, 1.088e-6
-0.694, 1.090e-6
-0.695, 1.094e-6
-0.696, 1.099e-6
-0.697, 1.102e-6
-0.698, 1.102e-6
-0.699, 1.101e-6
-0.700, 1.105e-6
-0.701, 1.109e-6
-0.702, 1.112e-6
-0.703, 1.111e-6
-0.704, 1.112e-6
-0.705, 1.117e-6
-0.706, 1.121e-6
-0.707, 1.123e-6
-0.708, 1.122e-6
-0.709, 1.123e-6
-0.710, 1.128e-6
-0.711, 1.132e-6
-0.712, 1.134e-6
-0.713, 1.133e-6
-0.714, 1.133e-6
-0.715, 1.138e-6
-0.716, 1.144e-6
-0.717, 1.146e-6
-0.718, 1.144e-6
-0.719, 1.146e-6
-0.720, 1.149e-6
-0.721, 1.154e-6
-0.722, 1.155e-6
-0.723, 1.154e-6
-0.724, 1.155e-6
-0.725, 1.159e-6
-0.726, 1.165e-6
-0.727, 1.167e-6
-0.728, 1.166e-6
-0.729, 1.167e-6
-0.730, 1.171e-6
-0.731, 1.176e-6
-0.732, 1.179e-6
-0.733, 1.179e-6
-0.734, 1.179e-6
-0.735, 1.181e-6
-0.736, 1.188e-6
-0.737, 1.190e-6
-0.738, 1.188e-6
-0.739, 1.190e-6
-0.740, 1.193e-6
-0.741, 1.198e-6
-0.742, 1.202e-6
-0.743, 1.201e-6
-0.744, 1.201e-6
-0.745, 1.206e-6
-0.746, 1.210e-6
-0.747, 1.212e-6
-0.748, 1.212e-6
-0.749, 1.212e-6
-0.750, 1.215e-6
-0.751, 1.221e-6
-0.752, 1.224e-6
-0.753, 1.224e-6
-0.754, 1.223e-6
-0.755, 1.227e-6
-0.756, 1.233e-6
-0.757, 1.235e-6
-0.758, 1.235e-6
-0.759, 1.235e-6
-0.760, 1.238e-6
-0.761, 1.244e-6
-0.762, 1.246e-6
-0.763, 1.245e-6
-0.764, 1.246e-6
-0.765, 1.248e-6
-0.766, 1.254e-6
-0.767, 1.256e-6
-0.768, 1.258e-6
-0.769, 1.257e-6
-0.770, 1.260e-6
-0.771, 1.265e-6
-0.772, 1.267e-6
-0.773, 1.265e-6
-0.774, 1.267e-6
-0.775, 1.270e-6
-0.776, 1.276e-6
-0.777, 1.278e-6
-0.778, 1.278e-6
-0.779, 1.278e-6
-0.780, 1.281e-6
-0.781, 1.288e-6
-0.782, 1.293e-6
-0.783, 1.290e-6
-0.784, 1.289e-6
-0.785, 1.292e-6
-0.786, 1.297e-6
-0.787, 1.301e-6
-0.788, 1.300e-6
-0.789, 1.300e-6
-0.790, 1.303e-6
-0.791, 1.308e-6
-0.792, 1.311e-6
-0.793, 1.312e-6
-0.794, 1.311e-6
-0.795, 1.314e-6
-0.796, 1.319e-6
-0.797, 1.321e-6
-0.798, 1.321e-6
-0.799, 1.320e-6
-0.800, 1.324e-6
-0.801, 1.330e-6
-0.802, 1.333e-6
-0.803, 1.333e-6
-0.804, 1.334e-6
-0.805, 1.336e-6
-0.806, 1.342e-6
-0.807, 1.345e-6
-0.808, 1.345e-6
-0.809, 1.347e-6
-0.810, 1.348e-6
-0.811, 1.354e-6
-0.812, 1.358e-6
-0.813, 1.357e-6
-0.814, 1.358e-6
-0.815, 1.361e-6
-0.816, 1.367e-6
-0.817, 1.372e-6
-0.818, 1.369e-6
-0.819, 1.374e-6
-0.820, 1.378e-6
-0.821, 1.379e-6
-0.822, 1.383e-6
-0.823, 1.383e-6
-0.824, 1.382e-6
-0.825, 1.385e-6
-0.826, 1.390e-6
-0.827, 1.394e-6
-0.828, 1.393e-6
-0.829, 1.393e-6
-0.830, 1.396e-6
-0.831, 1.401e-6
-0.832, 1.405e-6
-0.833, 1.405e-6
-0.834, 1.403e-6
-0.835, 1.406e-6
-0.836, 1.412e-6
-0.837, 1.414e-6
-0.838, 1.416e-6
-0.839, 1.415e-6
-0.840, 1.417e-6
-0.841, 1.424e-6
-0.842, 1.425e-6
-0.843, 1.426e-6
-0.844, 1.427e-6
-0.845, 1.429e-6
-0.846, 1.435e-6
-0.847, 1.438e-6
-0.848, 1.437e-6
-0.849, 1.439e-6
-0.850, 1.442e-6
-0.851, 1.450e-6
-0.852, 1.452e-6
-0.853, 1.451e-6
-0.854, 1.452e-6
-0.855, 1.452e-6
-0.856, 1.458e-6
-0.857, 1.463e-6
-0.858, 1.463e-6
-0.859, 1.463e-6
-0.860, 1.466e-6
-0.861, 1.470e-6
-0.862, 1.475e-6
-0.863, 1.473e-6
-0.864, 1.474e-6
-0.865, 1.478e-6
-0.866, 1.484e-6
-0.867, 1.488e-6
-0.868, 1.488e-6
-0.869, 1.486e-6
-0.870, 1.490e-6
-0.871, 1.498e-6
-0.872, 1.499e-6
-0.873, 1.499e-6
-0.874, 1.499e-6
-0.875, 1.501e-6
-0.876, 1.507e-6
-0.877, 1.510e-6
-0.878, 1.511e-6
-0.879, 1.510e-6
-0.880, 1.512e-6
-0.881, 1.519e-6
-0.882, 1.522e-6
-0.883, 1.523e-6
-0.884, 1.524e-6
-0.885, 1.524e-6
-0.886, 1.530e-6
-0.887, 1.534e-6
-0.888, 1.534e-6
-0.889, 1.535e-6
-0.890, 1.536e-6
-0.891, 1.543e-6
-0.892, 1.547e-6
-0.893, 1.546e-6
-0.894, 1.549e-6
-0.895, 1.551e-6
-0.896, 1.557e-6
-0.897, 1.562e-6
-0.898, 1.560e-6
-0.899, 1.561e-6
-0.900, 1.563e-6
-0.901, 1.570e-6
-0.902, 1.574e-6
-0.903, 1.574e-6
-0.904, 1.574e-6
-0.905, 1.577e-6
-0.906, 1.583e-6
-0.907, 1.588e-6
-0.908, 1.589e-6
-0.909, 1.589e-6
-0.910, 1.592e-6
-0.911, 1.596e-6
-0.912, 1.601e-6
-0.913, 1.602e-6
-0.914, 1.602e-6
-0.915, 1.605e-6
-0.916, 1.612e-6
-0.917, 1.615e-6
-0.918, 1.615e-6
-0.919, 1.614e-6
-0.920, 1.616e-6
-0.921, 1.623e-6
-0.922, 1.625e-6
-0.923, 1.626e-6
-0.924, 1.626e-6
-0.925, 1.628e-6
-0.926, 1.635e-6
-0.927, 1.640e-6
-0.928, 1.640e-6
-0.929, 1.641e-6
-0.930, 1.641e-6
-0.931, 1.647e-6
-0.932, 1.650e-6
-0.933, 1.650e-6
-0.934, 1.653e-6
-0.935, 1.654e-6
-0.936, 1.659e-6
-0.937, 1.666e-6
-0.938, 1.665e-6
-0.939, 1.664e-6
-0.940, 1.667e-6
-0.941, 1.673e-6
-0.942, 1.678e-6
-0.943, 1.678e-6
-0.944, 1.679e-6
-0.945, 1.681e-6
-0.946, 1.686e-6
-0.947, 1.692e-6
-0.948, 1.692e-6
-0.949, 1.693e-6
-0.950, 1.696e-6
-0.951, 1.702e-6
-0.952, 1.705e-6
-0.953, 1.706e-6
-0.954, 1.706e-6
-0.955, 1.709e-6
-0.956, 1.715e-6
-0.957, 1.720e-6
-0.958, 1.722e-6
-0.959, 1.723e-6
-0.960, 1.724e-6
-0.961, 1.732e-6
-0.962, 1.736e-6
-0.963, 1.737e-6
-0.964, 1.737e-6
-0.965, 1.740e-6
-0.966, 1.748e-6
-0.967, 1.753e-6
-0.968, 1.751e-6
-0.969, 1.753e-6
-0.970, 1.754e-6
-0.971, 1.761e-6
-0.972, 1.767e-6
-0.973, 1.770e-6
-0.974, 1.770e-6
-0.975, 1.770e-6
-0.976, 1.776e-6
-0.977, 1.783e-6
-0.978, 1.781e-6
-0.979, 1.782e-6
-0.980, 1.784e-6
-0.981, 1.789e-6
-0.982, 1.796e-6
-0.983, 1.797e-6
-0.984, 1.796e-6
-0.985, 1.801e-6
-0.986, 1.807e-6
-0.987, 1.812e-6
-0.988, 1.814e-6
-0.989, 1.814e-6
-0.990, 1.816e-6
-0.991, 1.822e-6
-0.992, 1.829e-6
-0.993, 1.830e-6
-0.994, 1.830e-6
-0.995, 1.833e-6
-0.996, 1.840e-6
-0.997, 1.845e-6
-0.998, 1.847e-6
-0.999, 1.848e-6
-1.000, 1.850e-6
-1.001, 1.858e-6
-1.002, 1.863e-6
-1.003, 1.866e-6
-1.004, 1.865e-6
-1.005, 1.868e-6
-1.006, 1.875e-6
-1.007, 1.880e-6
-1.008, 1.882e-6
-1.009, 1.883e-6
-1.010, 1.885e-6
-1.011, 1.893e-6
-1.012, 1.899e-6
-1.013, 1.899e-6
-1.014, 1.902e-6
-1.015, 1.904e-6
-1.016, 1.910e-6
-1.017, 1.918e-6
-1.018, 1.919e-6
-1.019, 1.920e-6
-1.020, 1.923e-6
-1.021, 1.928e-6
-1.022, 1.936e-6
-1.023, 1.937e-6
-1.024, 1.941e-6
-1.025, 1.944e-6
-1.026, 1.948e-6
-1.027, 1.956e-6
-1.028, 1.958e-6
-1.029, 1.958e-6
-1.030, 1.963e-6
-1.031, 1.969e-6
-1.032, 1.975e-6
-1.033, 1.978e-6
-1.034, 1.977e-6
-1.035, 1.981e-6
-1.036, 1.986e-6
-1.037, 1.993e-6
-1.038, 1.994e-6
-1.039, 1.994e-6
-1.040, 1.999e-6
-1.041, 2.006e-6
-1.042, 2.012e-6
-1.043, 2.013e-6
-1.044, 2.014e-6
-1.045, 2.017e-6
-1.046, 2.023e-6
-1.047, 2.030e-6
-1.048, 2.032e-6
-1.049, 2.033e-6
-1.050, 2.035e-6
-1.051, 2.041e-6
-1.052, 2.050e-6
-1.053, 2.050e-6
-1.054, 2.051e-6
-1.055, 2.052e-6
-1.056, 2.058e-6
-1.057, 2.066e-6
-1.058, 2.066e-6
-1.059, 2.067e-6
-1.060, 2.071e-6
-1.061, 2.074e-6
-1.062, 2.083e-6
-1.063, 2.084e-6
-1.064, 2.084e-6
-1.065, 2.089e-6
-1.066, 2.094e-6
-1.067, 2.101e-6
-1.068, 2.102e-6
-1.069, 2.101e-6
-1.070, 2.104e-6
-1.071, 2.109e-6
-1.072, 2.118e-6
-1.073, 2.119e-6
-1.074, 2.118e-6
-1.075, 2.123e-6
-1.076, 2.129e-6
-1.077, 2.134e-6
-1.078, 2.137e-6
-1.079, 2.136e-6
-1.080, 2.139e-6
-1.081, 2.144e-6
-1.082, 2.149e-6
-1.083, 2.152e-6
-1.084, 2.152e-6
-1.085, 2.155e-6
-1.086, 2.159e-6
-1.087, 2.166e-6
-1.088, 2.169e-6
-1.089, 2.170e-6
-1.090, 2.170e-6
-1.091, 2.175e-6
-1.092, 2.183e-6
-1.093, 2.185e-6
-1.094, 2.185e-6
-1.095, 2.186e-6
-1.096, 2.192e-6
-1.097, 2.199e-6
-1.098, 2.200e-6
-1.099, 2.201e-6
-1.100, 2.204e-6
-1.101, 2.209e-6
-1.102, 2.216e-6
-1.103, 2.216e-6
-1.104, 2.216e-6
-1.105, 2.226e-6
-1.106, 2.255e-6
-1.107, 2.255e-6
-1.108, 2.256e-6
-1.109, 2.256e-6
-1.110, 2.263e-6
-1.111, 2.270e-6
-1.112, 2.271e-6
-1.113, 2.273e-6
-1.114, 2.273e-6
-1.115, 2.274e-6
-1.116, 2.281e-6
-1.117, 2.288e-6
-1.118, 2.289e-6
-1.119, 2.282e-6
-1.120, 2.282e-6
-1.121, 2.289e-6
-1.122, 2.297e-6
-1.123, 2.302e-6
-1.124, 2.306e-6
-1.125, 2.308e-6
-1.126, 2.310e-6
-1.127, 2.314e-6
-1.128, 2.316e-6
-1.129, 2.316e-6
-1.130, 2.316e-6
-1.131, 2.324e-6
-1.132, 2.330e-6
-1.133, 2.333e-6
-1.134, 2.332e-6
-1.135, 2.334e-6
-1.136, 2.342e-6
-1.137, 2.347e-6
-1.138, 2.348e-6
-1.139, 2.352e-6
-1.140, 2.361e-6
-1.141, 2.365e-6
-1.142, 2.368e-6
-1.143, 2.371e-6
-1.144, 2.370e-6
-1.145, 2.373e-6
-1.146, 2.383e-6
-1.147, 2.388e-6
-1.148, 2.392e-6
-1.149, 2.390e-6
-1.150, 2.390e-6
-1.151, 2.395e-6
-1.152, 2.406e-6
-1.153, 2.407e-6
-1.154, 2.409e-6
-1.155, 2.409e-6
-1.156, 2.408e-6
-1.157, 2.412e-6
-1.158, 2.418e-6
-1.159, 2.418e-6
-1.160, 2.420e-6
-1.161, 2.427e-6
-1.162, 2.432e-6
-1.163, 2.431e-6
-1.164, 2.431e-6
-1.165, 2.435e-6
-1.166, 2.444e-6
-1.167, 2.450e-6
-1.168, 2.455e-6
-1.169, 2.453e-6
-1.170, 2.448e-6
-1.171, 2.455e-6
-1.172, 2.460e-6
-1.173, 2.463e-6
-1.174, 2.458e-6
-1.175, 2.460e-6
-1.176, 2.472e-6
-1.177, 2.478e-6
-1.178, 2.480e-6
-1.179, 2.479e-6
-1.180, 2.481e-6
-1.181, 2.488e-6
-1.182, 2.495e-6
-1.183, 2.494e-6
-1.184, 2.492e-6
-1.185, 2.497e-6
-1.186, 2.502e-6
-1.187, 2.508e-6
-1.188, 2.513e-6
-1.189, 2.508e-6
-1.190, 2.509e-6
-1.191, 2.515e-6
-1.192, 2.521e-6
-1.193, 2.526e-6
-1.194, 2.525e-6
-1.195, 2.528e-6
-1.196, 2.533e-6
-1.197, 2.540e-6
-1.198, 2.543e-6
-1.199, 2.546e-6
-1.200, 2.544e-6
-1.201, 2.554e-6
-1.202, 2.558e-6
-1.203, 2.562e-6
-1.204, 2.565e-6
-1.205, 2.560e-6
-1.206, 2.560e-6
-1.207, 2.568e-6
-1.208, 2.572e-6
-1.209, 2.574e-6
-1.210, 2.574e-6
-1.211, 2.580e-6
-1.212, 2.590e-6
-1.213, 2.593e-6
-1.214, 2.598e-6
-1.215, 2.592e-6
-1.216, 2.605e-6
-1.217, 2.618e-6
-1.218, 2.614e-6
-1.219, 2.609e-6
-1.220, 2.611e-6
-1.221, 2.612e-6
-1.222, 2.621e-6
-1.223, 2.627e-6
-1.224, 2.625e-6
-1.225, 2.627e-6
-1.226, 2.643e-6
-1.227, 2.649e-6
-1.228, 2.647e-6
-1.229, 2.654e-6
-1.230, 2.653e-6
-1.231, 2.655e-6
-1.232, 2.659e-6
-1.233, 2.663e-6
-1.234, 2.660e-6
-1.235, 2.661e-6
-1.236, 2.668e-6
-1.237, 2.681e-6
-1.238, 2.678e-6
-1.239, 2.672e-6
-1.240, 2.671e-6
-1.241, 2.677e-6
-1.242, 2.685e-6
-1.243, 2.686e-6
-1.244, 2.685e-6
-1.245, 2.685e-6
-1.246, 2.690e-6
-1.247, 2.695e-6
-1.248, 2.699e-6
-1.249, 2.700e-6
-1.250, 2.699e-6
-1.251, 2.701e-6
-1.252, 2.709e-6
-1.253, 2.711e-6
-1.254, 2.713e-6
-1.255, 2.713e-6
-1.256, 2.720e-6
-1.257, 2.727e-6
-1.258, 2.731e-6
-1.259, 2.733e-6
-1.260, 2.733e-6
-1.261, 2.737e-6
-1.262, 2.741e-6
-1.263, 2.746e-6
-1.264, 2.745e-6
-1.265, 2.751e-6
-1.266, 2.755e-6
-1.267, 2.763e-6
-1.268, 2.770e-6
-1.269, 2.769e-6
-1.270, 2.771e-6
-1.271, 2.773e-6
-1.272, 2.778e-6
-1.273, 2.785e-6
-1.274, 2.788e-6
-1.275, 2.797e-6
-1.276, 2.798e-6
-1.277, 2.801e-6
-1.278, 2.804e-6
-1.279, 2.803e-6
-1.280, 2.809e-6
-1.281, 2.808e-6
-1.282, 2.816e-6
-1.283, 2.823e-6
-1.284, 2.822e-6
-1.285, 2.821e-6
-1.286, 2.825e-6
-1.287, 2.836e-6
-1.288, 2.837e-6
-1.289, 2.837e-6
-1.290, 2.838e-6
-1.291, 2.842e-6
-1.292, 2.850e-6
-1.293, 2.853e-6
-1.294, 2.853e-6
-1.295, 2.856e-6
-1.296, 2.861e-6
-1.297, 2.866e-6
-1.298, 2.870e-6
-1.299, 2.870e-6
-1.300, 2.872e-6
-1.301, 2.877e-6
-1.302, 2.887e-6
-1.303, 2.891e-6
-1.304, 2.892e-6
-1.305, 2.895e-6
-1.306, 2.896e-6
-1.307, 2.908e-6
-1.308, 2.920e-6
-1.309, 2.923e-6
-1.310, 2.924e-6
-1.311, 2.919e-6
-1.312, 2.945e-6
-1.313, 2.943e-6
-1.314, 2.932e-6
-1.315, 2.941e-6
-1.316, 2.930e-6
-1.317, 2.930e-6
-1.318, 2.938e-6
-1.319, 2.937e-6
-1.320, 2.940e-6
-1.321, 2.949e-6
-1.322, 2.954e-6
-1.323, 2.976e-6
-1.324, 2.978e-6
-1.325, 2.977e-6
-1.326, 2.979e-6
-1.327, 2.984e-6
-1.328, 2.992e-6
-1.329, 2.995e-6
-1.330, 2.991e-6
-1.331, 2.998e-6
-1.332, 3.006e-6
-1.333, 3.008e-6
-1.334, 3.008e-6
-1.335, 3.002e-6
-1.336, 3.013e-6
-1.337, 3.026e-6
-1.338, 3.027e-6
-1.339, 3.027e-6
-1.340, 3.027e-6
-1.341, 3.028e-6
-1.342, 3.044e-6
-1.343, 3.045e-6
-1.344, 3.045e-6
-1.345, 3.046e-6
-1.346, 3.044e-6
-1.347, 3.052e-6
-1.348, 3.059e-6
-1.349, 3.057e-6
-1.350, 3.061e-6
-1.351, 3.068e-6
-1.352, 3.078e-6
-1.353, 3.082e-6
-1.354, 3.082e-6
-1.355, 3.089e-6
-1.356, 3.097e-6
-1.357, 3.107e-6
-1.358, 3.105e-6
-1.359, 3.111e-6
-1.360, 3.118e-6
-1.361, 3.119e-6
-1.362, 3.136e-6
-1.363, 3.150e-6
-1.364, 3.193e-6
-1.365, 3.166e-6
-1.366, 3.262e-6
-1.367, 3.230e-6
-1.368, 3.178e-6
-1.369, 3.123e-6
-1.370, 3.121e-6
-1.371, 3.126e-6
-1.372, 3.137e-6
-1.373, 3.138e-6
-1.374, 3.143e-6
-1.375, 3.142e-6
-1.376, 3.147e-6
-1.377, 3.158e-6
-1.378, 3.165e-6
-1.379, 3.172e-6
-1.380, 3.178e-6
-1.381, 3.180e-6
-1.382, 3.199e-6
-1.383, 3.213e-6
-1.384, 3.228e-6
-1.385, 3.256e-6
-1.386, 3.276e-6
-1.387, 3.291e-6
-1.388, 3.290e-6
-1.389, 3.249e-6
-1.390, 3.249e-6
-1.391, 3.269e-6
-1.392, 3.270e-6
-1.393, 3.278e-6
-1.394, 3.271e-6
-1.395, 3.262e-6
-1.396, 3.257e-6
-1.397, 3.258e-6
-1.398, 3.270e-6
-1.399, 3.270e-6
-1.400, 3.267e-6
-1.401, 3.275e-6
-1.402, 3.291e-6
-1.403, 3.309e-6
-1.404, 3.297e-6
-1.405, 3.290e-6
-1.406, 3.297e-6
-1.407, 3.311e-6
-1.408, 3.332e-6
-1.409, 3.329e-6
-1.410, 3.320e-6
-1.411, 3.346e-6
-1.412, 3.357e-6
-1.413, 3.363e-6
-1.414, 3.336e-6
-1.415, 3.326e-6
-1.416, 3.330e-6
-1.417, 3.342e-6
-1.418, 3.349e-6
-1.419, 3.352e-6
-1.420, 3.357e-6
-1.421, 3.364e-6
-1.422, 3.375e-6
-1.423, 3.378e-6
-1.424, 3.380e-6
-1.425, 3.384e-6
-1.426, 3.385e-6
-1.427, 3.395e-6
-1.428, 3.406e-6
-1.429, 3.406e-6
-1.430, 3.407e-6
-1.431, 3.412e-6
-1.432, 3.421e-6
-1.433, 3.431e-6
-1.434, 3.433e-6
-1.435, 3.433e-6
-1.436, 3.438e-6
-1.437, 3.446e-6
-1.438, 3.456e-6
-1.439, 3.457e-6
-1.440, 3.459e-6
-1.441, 3.465e-6
-1.442, 3.473e-6
-1.443, 3.483e-6
-1.444, 3.482e-6
-1.445, 3.484e-6
-1.446, 3.493e-6
-1.447, 3.502e-6
-1.448, 3.508e-6
-1.449, 3.513e-6
-1.450, 3.513e-6
-1.451, 3.519e-6
-1.452, 3.530e-6
-1.453, 3.537e-6
-1.454, 3.542e-6
-1.455, 3.542e-6
-1.456, 3.548e-6
-1.457, 3.559e-6
-1.458, 3.562e-6
-1.459, 3.571e-6
-1.460, 3.573e-6
-1.461, 3.572e-6
-1.462, 3.579e-6
-1.463, 3.586e-6
-1.464, 3.589e-6
-1.465, 3.590e-6
-1.466, 3.592e-6
-1.467, 3.603e-6
-1.468, 3.612e-6
-1.469, 3.619e-6
-1.470, 3.622e-6
-1.471, 3.625e-6
-1.472, 3.635e-6
-1.473, 3.644e-6
-1.474, 3.644e-6
-1.475, 3.647e-6
-1.476, 3.651e-6
-1.477, 3.659e-6
-1.478, 3.670e-6
-1.479, 3.670e-6
-1.480, 3.674e-6
-1.481, 3.679e-6
-1.482, 3.687e-6
-1.483, 3.696e-6
-1.484, 3.696e-6
-1.485, 3.700e-6
-1.486, 3.706e-6
-1.487, 3.711e-6
-1.488, 3.723e-6
-1.489, 3.728e-6
-1.490, 3.728e-6
-1.491, 3.735e-6
-1.492, 3.748e-6
-1.493, 3.757e-6
-1.494, 3.762e-6
-1.495, 3.764e-6
-1.496, 3.765e-6
-1.497, 3.778e-6
-1.498, 3.787e-6
-1.499, 3.795e-6
-1.500, 3.798e-6
-1.501, 3.803e-6
-1.502, 3.814e-6
-1.503, 3.823e-6
-1.504, 3.829e-6
-1.505, 3.833e-6
-1.506, 3.833e-6
-1.507, 3.841e-6
-1.508, 3.853e-6
-1.509, 3.858e-6
-1.510, 3.860e-6
-1.511, 3.868e-6
-1.512, 3.879e-6
-1.513, 3.893e-6
-1.514, 3.898e-6
-1.515, 3.904e-6
-1.516, 3.910e-6
-1.517, 3.922e-6
-1.518, 3.936e-6
-1.519, 3.940e-6
-1.520, 3.943e-6
-1.521, 3.952e-6
-1.522, 3.962e-6
-1.523, 3.976e-6
-1.524, 3.983e-6
-1.525, 3.988e-6
-1.526, 3.997e-6
-1.527, 4.009e-6
-1.528, 4.026e-6
-1.529, 4.034e-6
-1.530, 4.039e-6
-1.531, 4.047e-6
-1.532, 4.062e-6
-1.533, 4.078e-6
-1.534, 4.089e-6
-1.535, 4.094e-6
-1.536, 4.103e-6
-1.537, 4.121e-6
-1.538, 4.135e-6
-1.539, 4.144e-6
-1.540, 4.152e-6
-1.541, 4.162e-6
-1.542, 4.180e-6
-1.543, 4.198e-6
-1.544, 4.210e-6
-1.545, 4.219e-6
-1.546, 4.229e-6
-1.547, 4.249e-6
-1.548, 4.269e-6
-1.549, 4.282e-6
-1.550, 4.292e-6
-1.551, 4.306e-6
-1.552, 4.326e-6
-1.553, 4.348e-6
-1.554, 4.363e-6
-1.555, 4.379e-6
-1.556, 4.395e-6
-1.557, 4.417e-6
-1.558, 4.440e-6
-1.559, 4.455e-6
-1.560, 4.468e-6
-1.561, 4.488e-6
-1.562, 4.512e-6
-1.563, 4.537e-6
-1.564, 4.555e-6
-1.565, 4.572e-6
-1.566, 4.593e-6
-1.567, 4.617e-6
-1.568, 4.645e-6
-1.569, 4.666e-6
-1.570, 4.683e-6
-1.571, 4.706e-6
-1.572, 4.735e-6
-1.573, 4.766e-6
-1.574, 4.789e-6
-1.575, 4.810e-6
-1.576, 4.834e-6
-1.577, 4.869e-6
-1.578, 4.898e-6
-1.579, 4.925e-6
-1.580, 4.952e-6
-1.581, 4.981e-6
-1.582, 5.021e-6
-1.583, 5.063e-6
-1.584, 5.092e-6
-1.585, 5.119e-6
-1.586, 5.161e-6
-1.587, 5.212e-6
-1.588, 5.234e-6
-1.589, 5.264e-6
-1.590, 5.298e-6
-1.591, 5.337e-6
-1.592, 5.381e-6
-1.593, 5.427e-6
-1.594, 5.467e-6
-1.595, 5.510e-6
-1.596, 5.555e-6
-1.597, 5.602e-6
-1.598, 5.657e-6
-1.599, 5.701e-6
-1.600, 5.751e-6
-1.601, 5.801e-6
-1.602, 5.855e-6
-1.603, 5.911e-6
-1.604, 5.958e-6
-1.605, 6.009e-6
-1.606, 6.069e-6
-1.607, 6.130e-6
-1.608, 6.197e-6
-1.609, 6.258e-6
-1.610, 6.319e-6
-1.611, 6.389e-6
-1.612, 6.467e-6
-1.613, 6.546e-6
-1.614, 6.618e-6
-1.615, 6.689e-6
-1.616, 6.764e-6
-1.617, 6.849e-6
-1.618, 6.931e-6
-1.619, 7.016e-6
-1.620, 7.097e-6
-1.621, 7.183e-6
-1.622, 7.278e-6
-1.623, 7.375e-6
-1.624, 7.471e-6
-1.625, 7.569e-6
-1.626, 7.669e-6
-1.627, 7.781e-6
-1.628, 7.898e-6
-1.629, 8.011e-6
-1.630, 8.126e-6
-1.631, 8.245e-6
-1.632, 8.374e-6
-1.633, 8.509e-6
-1.634, 8.636e-6
-1.635, 8.768e-6
-1.636, 8.905e-6
-1.637, 9.054e-6
-1.638, 9.218e-6
-1.639, 9.381e-6
-1.640, 9.527e-6
-1.641, 9.690e-6
-1.642, 9.863e-6
-1.643, 1.004e-5
-1.644, 1.022e-5
-1.645, 1.040e-5
-1.646, 1.059e-5
-1.647, 1.080e-5
-1.648, 1.101e-5
-1.649, 1.123e-5
-1.650, 1.144e-5
-1.651, 1.167e-5
-1.652, 1.190e-5
-1.653, 1.213e-5
-1.654, 1.238e-5
-1.655, 1.264e-5
-1.656, 1.290e-5
-1.657, 1.318e-5
-1.658, 1.347e-5
-1.659, 1.376e-5
-1.660, 1.406e-5
-1.661, 1.436e-5
-1.662, 1.469e-5
-1.663, 1.502e-5
-1.664, 1.537e-5
-1.665, 1.572e-5
-1.666, 1.609e-5
-1.667, 1.647e-5
-1.668, 1.686e-5
-1.669, 1.725e-5
-1.670, 1.766e-5
-1.671, 1.807e-5
-1.672, 1.850e-5
-1.673, 1.896e-5
-1.674, 1.942e-5
-1.675, 1.988e-5
-1.676, 2.036e-5
-1.677, 2.086e-5
-1.678, 2.139e-5
-1.679, 2.192e-5
-1.680, 2.246e-5
-1.681, 2.302e-5
-1.682, 2.359e-5
-1.683, 2.421e-5
-1.684, 2.482e-5
-1.685, 2.545e-5
-1.686, 2.610e-5
-1.687, 2.676e-5
-1.688, 2.745e-5
-1.689, 2.815e-5
-1.690, 2.887e-5
-1.691, 2.962e-5
-1.692, 3.038e-5
-1.693, 3.115e-5
-1.694, 3.196e-5
-1.695, 3.280e-5
-1.696, 3.368e-5
-1.697, 3.457e-5
-1.698, 3.546e-5
-1.699, 3.637e-5
