Mar. 14, 2025   03:42:37
Cyclic Voltammetry
File: c:/users/guazh/data/banditlqround7_x0exp891_r5/2025-03-03-exp889\exp889-2025-03-14t03_22_02-h2koh\exp889_cv_50mvs_efin_-1800mv.bin
Data Source:  Experiment
Instrument Model:  CHI760E
Header: CV ran at 50 mVs
Note: 

Init E (V) = -1
High E (V) = -1
Low E (V) = -1.8
Final E (V) = -1
Init P/N = N
Scan Rate (V/s) = 0.05
Segment = 7
Sample Interval (V) = 0.001
Quiet Time (sec) = 60
Sensitivity (A/V) = 0.001
Comp R (ohm) = 1.9

Results:

Channel 1:
Segment 1:

Segment 2:

Segment 3:

Segment 4:

Segment 5:

Segment 6:

Segment 7:

Potential/V, Current/A

-1.000, 5.977e-7
-1.001, 7.743e-7
-1.002, 8.424e-7
-1.003, 8.345e-7
-1.004, 8.394e-7
-1.005, 8.552e-7
-1.006, 8.897e-7
-1.007, 9.203e-7
-1.008, 9.114e-7
-1.009, 9.173e-7
-1.010, 9.361e-7
-1.011, 9.588e-7
-1.012, 9.755e-7
-1.013, 9.805e-7
-1.014, 9.736e-7
-1.015, 1.003e-6
-1.016, 1.002e-6
-1.017, 1.022e-6
-1.018, 1.045e-6
-1.019, 1.027e-6
-1.020, 1.035e-6
-1.021, 1.047e-6
-1.022, 1.065e-6
-1.023, 1.063e-6
-1.024, 1.084e-6
-1.025, 1.079e-6
-1.026, 1.109e-6
-1.027, 1.116e-6
-1.028, 1.128e-6
-1.029, 1.112e-6
-1.030, 1.118e-6
-1.031, 1.132e-6
-1.032, 1.166e-6
-1.033, 1.148e-6
-1.034, 1.161e-6
-1.035, 1.149e-6
-1.036, 1.179e-6
-1.037, 1.190e-6
-1.038, 1.178e-6
-1.039, 1.190e-6
-1.040, 1.195e-6
-1.041, 1.203e-6
-1.042, 1.230e-6
-1.043, 1.214e-6
-1.044, 1.218e-6
-1.045, 1.208e-6
-1.046, 1.229e-6
-1.047, 1.259e-6
-1.048, 1.265e-6
-1.049, 1.250e-6
-1.050, 1.272e-6
-1.051, 1.282e-6
-1.052, 1.308e-6
-1.053, 1.288e-6
-1.054, 1.289e-6
-1.055, 1.289e-6
-1.056, 1.304e-6
-1.057, 1.332e-6
-1.058, 1.331e-6
-1.059, 1.321e-6
-1.060, 1.313e-6
-1.061, 1.333e-6
-1.062, 1.364e-6
-1.063, 1.351e-6
-1.064, 1.362e-6
-1.065, 1.343e-6
-1.066, 1.395e-6
-1.067, 1.383e-6
-1.068, 1.396e-6
-1.069, 1.392e-6
-1.070, 1.386e-6
-1.071, 1.427e-6
-1.072, 1.435e-6
-1.073, 1.421e-6
-1.074, 1.423e-6
-1.075, 1.425e-6
-1.076, 1.447e-6
-1.077, 1.443e-6
-1.078, 1.465e-6
-1.079, 1.451e-6
-1.080, 1.466e-6
-1.081, 1.456e-6
-1.082, 1.492e-6
-1.083, 1.484e-6
-1.084, 1.485e-6
-1.085, 1.478e-6
-1.086, 1.491e-6
-1.087, 1.524e-6
-1.088, 1.519e-6
-1.089, 1.511e-6
-1.090, 1.525e-6
-1.091, 1.532e-6
-1.092, 1.553e-6
-1.093, 1.571e-6
-1.094, 1.569e-6
-1.095, 1.561e-6
-1.096, 1.568e-6
-1.097, 1.600e-6
-1.098, 1.557e-6
-1.099, 1.586e-6
-1.100, 1.594e-6
-1.101, 1.608e-6
-1.102, 1.634e-6
-1.103, 1.635e-6
-1.104, 1.625e-6
-1.105, 1.626e-6
-1.106, 1.633e-6
-1.107, 1.662e-6
-1.108, 1.663e-6
-1.109, 1.659e-6
-1.110, 1.653e-6
-1.111, 1.676e-6
-1.112, 1.681e-6
-1.113, 1.697e-6
-1.114, 1.691e-6
-1.115, 1.701e-6
-1.116, 1.707e-6
-1.117, 1.746e-6
-1.118, 1.742e-6
-1.119, 1.731e-6
-1.120, 1.749e-6
-1.121, 1.741e-6
-1.122, 1.779e-6
-1.123, 1.754e-6
-1.124, 1.772e-6
-1.125, 1.779e-6
-1.126, 1.786e-6
-1.127, 1.825e-6
-1.128, 1.821e-6
-1.129, 1.827e-6
-1.130, 1.837e-6
-1.131, 1.836e-6
-1.132, 1.882e-6
-1.133, 1.868e-6
-1.134, 1.872e-6
-1.135, 1.873e-6
-1.136, 1.861e-6
-1.137, 1.896e-6
-1.138, 1.915e-6
-1.139, 1.897e-6
-1.140, 1.927e-6
-1.141, 1.945e-6
-1.142, 1.951e-6
-1.143, 1.984e-6
-1.144, 1.947e-6
-1.145, 1.978e-6
-1.146, 1.992e-6
-1.147, 2.014e-6
-1.148, 2.018e-6
-1.149, 2.027e-6
-1.150, 2.009e-6
-1.151, 2.043e-6
-1.152, 2.093e-6
-1.153, 2.094e-6
-1.154, 2.078e-6
-1.155, 2.086e-6
-1.156, 2.113e-6
-1.157, 2.146e-6
-1.158, 2.136e-6
-1.159, 2.152e-6
-1.160, 2.129e-6
-1.161, 2.164e-6
-1.162, 2.202e-6
-1.163, 2.208e-6
-1.164, 2.210e-6
-1.165, 2.225e-6
-1.166, 2.247e-6
-1.167, 2.266e-6
-1.168, 2.266e-6
-1.169, 2.275e-6
-1.170, 2.303e-6
-1.171, 2.317e-6
-1.172, 2.336e-6
-1.173, 2.353e-6
-1.174, 2.350e-6
-1.175, 2.364e-6
-1.176, 2.385e-6
-1.177, 2.424e-6
-1.178, 2.432e-6
-1.179, 2.433e-6
-1.180, 2.442e-6
-1.181, 2.486e-6
-1.182, 2.510e-6
-1.183, 2.521e-6
-1.184, 2.535e-6
-1.185, 2.556e-6
-1.186, 2.571e-6
-1.187, 2.606e-6
-1.188, 2.601e-6
-1.189, 2.634e-6
-1.190, 2.660e-6
-1.191, 2.680e-6
-1.192, 2.735e-6
-1.193, 2.723e-6
-1.194, 2.754e-6
-1.195, 2.765e-6
-1.196, 2.782e-6
-1.197, 2.849e-6
-1.198, 2.868e-6
-1.199, 2.874e-6
-1.200, 2.877e-6
-1.201, 2.936e-6
-1.202, 2.964e-6
-1.203, 2.992e-6
-1.204, 3.010e-6
-1.205, 3.032e-6
-1.206, 3.068e-6
-1.207, 3.095e-6
-1.208, 3.128e-6
-1.209, 3.147e-6
-1.210, 3.198e-6
-1.211, 3.226e-6
-1.212, 3.249e-6
-1.213, 3.295e-6
-1.214, 3.301e-6
-1.215, 3.337e-6
-1.216, 3.374e-6
-1.217, 3.441e-6
-1.218, 3.484e-6
-1.219, 3.501e-6
-1.220, 3.521e-6
-1.221, 3.568e-6
-1.222, 3.630e-6
-1.223, 3.673e-6
-1.224, 3.711e-6
-1.225, 3.741e-6
-1.226, 3.790e-6
-1.227, 3.827e-6
-1.228, 3.891e-6
-1.229, 3.938e-6
-1.230, 3.989e-6
-1.231, 4.034e-6
-1.232, 4.097e-6
-1.233, 4.144e-6
-1.234, 4.178e-6
-1.235, 4.225e-6
-1.236, 4.288e-6
-1.237, 4.354e-6
-1.238, 4.397e-6
-1.239, 4.459e-6
-1.240, 4.499e-6
-1.241, 4.562e-6
-1.242, 4.641e-6
-1.243, 4.706e-6
-1.244, 4.732e-6
-1.245, 4.814e-6
-1.246, 4.888e-6
-1.247, 4.976e-6
-1.248, 5.041e-6
-1.249, 5.105e-6
-1.250, 5.169e-6
-1.251, 5.240e-6
-1.252, 5.327e-6
-1.253, 5.402e-6
-1.254, 5.478e-6
-1.255, 5.571e-6
-1.256, 5.650e-6
-1.257, 5.735e-6
-1.258, 5.846e-6
-1.259, 5.899e-6
-1.260, 5.966e-6
-1.261, 6.093e-6
-1.262, 6.197e-6
-1.263, 6.299e-6
-1.264, 6.378e-6
-1.265, 6.475e-6
-1.266, 6.587e-6
-1.267, 6.706e-6
-1.268, 6.820e-6
-1.269, 6.903e-6
-1.270, 7.021e-6
-1.271, 7.161e-6
-1.272, 7.286e-6
-1.273, 7.387e-6
-1.274, 7.551e-6
-1.275, 7.607e-6
-1.276, 7.772e-6
-1.277, 7.908e-6
-1.278, 8.067e-6
-1.279, 8.166e-6
-1.280, 8.334e-6
-1.281, 8.474e-6
-1.282, 8.654e-6
-1.283, 8.782e-6
-1.284, 8.939e-6
-1.285, 9.101e-6
-1.286, 9.265e-6
-1.287, 9.447e-6
-1.288, 9.632e-6
-1.289, 9.769e-6
-1.290, 9.961e-6
-1.291, 1.015e-5
-1.292, 1.036e-5
-1.293, 1.057e-5
-1.294, 1.074e-5
-1.295, 1.094e-5
-1.296, 1.117e-5
-1.297, 1.139e-5
-1.298, 1.162e-5
-1.299, 1.184e-5
-1.300, 1.204e-5
-1.301, 1.229e-5
-1.302, 1.252e-5
-1.303, 1.282e-5
-1.304, 1.305e-5
-1.305, 1.329e-5
-1.306, 1.360e-5
-1.307, 1.385e-5
-1.308, 1.413e-5
-1.309, 1.440e-5
-1.310, 1.468e-5
-1.311, 1.503e-5
-1.312, 1.535e-5
-1.313, 1.566e-5
-1.314, 1.599e-5
-1.315, 1.625e-5
-1.316, 1.667e-5
-1.317, 1.697e-5
-1.318, 1.739e-5
-1.319, 1.775e-5
-1.320, 1.811e-5
-1.321, 1.852e-5
-1.322, 1.878e-5
-1.323, 1.937e-5
-1.324, 1.958e-5
-1.325, 2.002e-5
-1.326, 2.050e-5
-1.327, 2.102e-5
-1.328, 2.143e-5
-1.329, 2.191e-5
-1.330, 2.236e-5
-1.331, 2.285e-5
-1.332, 2.335e-5
-1.333, 2.378e-5
-1.334, 2.440e-5
-1.335, 2.491e-5
-1.336, 2.544e-5
-1.337, 2.603e-5
-1.338, 2.665e-5
-1.339, 2.722e-5
-1.340, 2.778e-5
-1.341, 2.842e-5
-1.342, 2.903e-5
-1.343, 2.969e-5
-1.344, 3.024e-5
-1.345, 3.090e-5
-1.346, 3.177e-5
-1.347, 3.251e-5
-1.348, 3.302e-5
-1.349, 3.383e-5
-1.350, 3.447e-5
-1.351, 3.521e-5
-1.352, 3.603e-5
-1.353, 3.689e-5
-1.354, 3.771e-5
-1.355, 3.851e-5
-1.356, 3.929e-5
-1.357, 3.999e-5
-1.358, 4.095e-5
-1.359, 4.172e-5
-1.360, 4.251e-5
-1.361, 4.338e-5
-1.362, 4.428e-5
-1.363, 4.511e-5
-1.364, 4.624e-5
-1.365, 4.696e-5
-1.366, 4.795e-5
-1.367, 4.887e-5
-1.368, 5.002e-5
-1.369, 5.094e-5
-1.370, 5.178e-5
-1.371, 5.298e-5
-1.372, 5.378e-5
-1.373, 5.502e-5
-1.374, 5.615e-5
-1.375, 5.707e-5
-1.376, 5.822e-5
-1.377, 5.924e-5
-1.378, 6.039e-5
-1.379, 6.145e-5
-1.380, 6.257e-5
-1.381, 6.367e-5
-1.382, 6.465e-5
-1.383, 6.624e-5
-1.384, 6.752e-5
-1.385, 6.858e-5
-1.386, 6.971e-5
-1.387, 7.116e-5
-1.388, 7.223e-5
-1.389, 7.365e-5
-1.390, 7.493e-5
-1.391, 7.605e-5
-1.392, 7.748e-5
-1.393, 7.872e-5
-1.394, 7.995e-5
-1.395, 8.126e-5
-1.396, 8.282e-5
-1.397, 8.411e-5
-1.398, 8.551e-5
-1.399, 8.667e-5
-1.400, 8.791e-5
-1.401, 8.946e-5
-1.402, 9.077e-5
-1.403, 9.212e-5
-1.404, 9.396e-5
-1.405, 9.500e-5
-1.406, 9.624e-5
-1.407, 9.831e-5
-1.408, 9.902e-5
-1.409, 1.009e-4
-1.410, 1.027e-4
-1.411, 1.042e-4
-1.412, 1.054e-4
-1.413, 1.068e-4
-1.414, 1.086e-4
-1.415, 1.102e-4
-1.416, 1.119e-4
-1.417, 1.137e-4
-1.418, 1.151e-4
-1.419, 1.164e-4
-1.420, 1.180e-4
-1.421, 1.204e-4
-1.422, 1.215e-4
-1.423, 1.225e-4
-1.424, 1.250e-4
-1.425, 1.271e-4
-1.426, 1.274e-4
-1.427, 1.304e-4
-1.428, 1.322e-4
-1.429, 1.344e-4
-1.430, 1.360e-4
-1.431, 1.376e-4
-1.432, 1.396e-4
-1.433, 1.409e-4
-1.434, 1.431e-4
-1.435, 1.454e-4
-1.436, 1.477e-4
-1.437, 1.498e-4
-1.438, 1.511e-4
-1.439, 1.528e-4
-1.440, 1.555e-4
-1.441, 1.574e-4
-1.442, 1.592e-4
-1.443, 1.612e-4
-1.444, 1.638e-4
-1.445, 1.653e-4
-1.446, 1.681e-4
-1.447, 1.704e-4
-1.448, 1.719e-4
-1.449, 1.747e-4
-1.450, 1.757e-4
-1.451, 1.794e-4
-1.452, 1.803e-4
-1.453, 1.824e-4
-1.454, 1.851e-4
-1.455, 1.874e-4
-1.456, 1.903e-4
-1.457, 1.921e-4
-1.458, 1.955e-4
-1.459, 1.973e-4
-1.460, 1.980e-4
-1.461, 2.011e-4
-1.462, 2.024e-4
-1.463, 2.061e-4
-1.464, 2.089e-4
-1.465, 2.111e-4
-1.466, 2.129e-4
-1.467, 2.169e-4
-1.468, 2.185e-4
-1.469, 2.201e-4
-1.470, 2.232e-4
-1.471, 2.254e-4
-1.472, 2.277e-4
-1.473, 2.309e-4
-1.474, 2.342e-4
-1.475, 2.366e-4
-1.476, 2.398e-4
-1.477, 2.427e-4
-1.478, 2.445e-4
-1.479, 2.477e-4
-1.480, 2.499e-4
-1.481, 2.527e-4
-1.482, 2.560e-4
-1.483, 2.586e-4
-1.484, 2.605e-4
-1.485, 2.642e-4
-1.486, 2.668e-4
-1.487, 2.703e-4
-1.488, 2.729e-4
-1.489, 2.747e-4
-1.490, 2.780e-4
-1.491, 2.813e-4
-1.492, 2.835e-4
-1.493, 2.847e-4
-1.494, 2.928e-4
-1.495, 2.969e-4
-1.496, 2.966e-4
-1.497, 2.976e-4
-1.498, 3.026e-4
-1.499, 3.049e-4
-1.500, 3.057e-4
-1.501, 3.071e-4
-1.502, 3.123e-4
-1.503, 3.143e-4
-1.504, 3.183e-4
-1.505, 3.229e-4
-1.506, 3.279e-4
-1.507, 3.272e-4
-1.508, 3.313e-4
-1.509, 3.342e-4
-1.510, 3.374e-4
-1.511, 3.397e-4
-1.512, 3.449e-4
-1.513, 3.523e-4
-1.514, 3.541e-4
-1.515, 3.517e-4
-1.516, 3.543e-4
-1.517, 3.582e-4
-1.518, 3.616e-4
-1.519, 3.652e-4
-1.520, 3.728e-4
-1.521, 3.777e-4
-1.522, 3.802e-4
-1.523, 3.805e-4
-1.524, 3.849e-4
-1.525, 3.926e-4
-1.526, 3.932e-4
-1.527, 3.976e-4
-1.528, 3.987e-4
-1.529, 4.058e-4
-1.530, 3.880e-4
-1.531, 3.857e-4
-1.532, 3.943e-4
-1.533, 3.917e-4
-1.534, 3.980e-4
-1.535, 4.017e-4
-1.536, 4.024e-4
-1.537, 4.048e-4
-1.538, 4.116e-4
-1.539, 4.085e-4
-1.540, 4.191e-4
-1.541, 4.227e-4
-1.542, 4.244e-4
-1.543, 4.298e-4
-1.544, 4.349e-4
-1.545, 4.358e-4
-1.546, 4.374e-4
-1.547, 4.456e-4
-1.548, 4.402e-4
-1.549, 4.458e-4
-1.550, 4.380e-4
-1.551, 4.475e-4
-1.552, 4.546e-4
-1.553, 4.575e-4
-1.554, 4.660e-4
-1.555, 4.739e-4
-1.556, 4.733e-4
-1.557, 4.734e-4
-1.558, 4.760e-4
-1.559, 4.762e-4
-1.560, 4.705e-4
-1.561, 4.782e-4
-1.562, 4.868e-4
-1.563, 4.846e-4
-1.564, 4.834e-4
-1.565, 4.914e-4
-1.566, 4.975e-4
-1.567, 4.906e-4
-1.568, 3.970e-4
-1.569, 4.049e-4
-1.570, 3.999e-4
-1.571, 4.102e-4
-1.572, 4.139e-4
-1.573, 4.133e-4
-1.574, 4.161e-4
-1.575, 4.223e-4
-1.576, 4.252e-4
-1.577, 4.262e-4
-1.578, 4.384e-4
-1.579, 4.348e-4
-1.580, 4.459e-4
-1.581, 4.455e-4
-1.582, 4.434e-4
-1.583, 4.502e-4
-1.584, 4.521e-4
-1.585, 4.579e-4
-1.586, 4.587e-4
-1.587, 4.686e-4
-1.588, 4.727e-4
-1.589, 4.763e-4
-1.590, 4.879e-4
-1.591, 4.830e-4
-1.592, 4.759e-4
-1.593, 4.852e-4
-1.594, 4.900e-4
-1.595, 5.111e-4
-1.596, 5.085e-4
-1.597, 4.996e-4
-1.598, 5.035e-4
-1.599, 5.027e-4
-1.600, 5.095e-4
-1.601, 5.322e-4
-1.602, 5.264e-4
-1.603, 5.173e-4
-1.604, 5.353e-4
-1.605, 5.280e-4
-1.606, 5.480e-4
-1.607, 5.364e-4
-1.608, 5.488e-4
-1.609, 5.435e-4
-1.610, 5.655e-4
-1.611, 5.621e-4
-1.612, 5.686e-4
-1.613, 5.731e-4
-1.614, 5.766e-4
-1.615, 6.036e-4
-1.616, 5.976e-4
-1.617, 6.150e-4
-1.618, 6.086e-4
-1.619, 6.031e-4
-1.620, 6.123e-4
-1.621, 6.151e-4
-1.622, 6.311e-4
-1.623, 6.367e-4
-1.624, 6.380e-4
-1.625, 6.466e-4
-1.626, 6.506e-4
-1.627, 6.547e-4
-1.628, 6.609e-4
-1.629, 6.689e-4
-1.630, 6.655e-4
-1.631, 6.795e-4
-1.632, 6.947e-4
-1.633, 6.883e-4
-1.634, 6.968e-4
-1.635, 7.068e-4
-1.636, 7.244e-4
-1.637, 7.314e-4
-1.638, 7.307e-4
-1.639, 7.328e-4
-1.640, 7.416e-4
-1.641, 7.236e-4
-1.642, 7.273e-4
-1.643, 7.223e-4
-1.644, 7.345e-4
-1.645, 7.292e-4
-1.646, 7.541e-4
-1.647, 7.411e-4
-1.648, 7.540e-4
-1.649, 7.611e-4
-1.650, 7.658e-4
-1.651, 7.761e-4
-1.652, 7.916e-4
-1.653, 7.945e-4
-1.654, 8.032e-4
-1.655, 8.060e-4
-1.656, 8.276e-4
-1.657, 8.397e-4
-1.658, 8.494e-4
-1.659, 8.441e-4
-1.660, 8.529e-4
-1.661, 8.436e-4
-1.662, 8.740e-4
-1.663, 8.915e-4
-1.664, 9.080e-4
-1.665, 9.188e-4
-1.666, 9.001e-4
-1.667, 8.987e-4
-1.668, 9.237e-4
-1.669, 9.332e-4
-1.670, 9.605e-4
-1.671, 9.602e-4
-1.672, 9.656e-4
-1.673, 9.867e-4
-1.674, 9.887e-4
-1.675, 1.000e-3
-1.676, 9.998e-4
-1.677, 1.021e-3
-1.678, 1.044e-3
-1.679, 1.057e-3
-1.680, 1.055e-3
-1.681, 1.065e-3
-1.682, 1.076e-3
-1.683, 1.098e-3
-1.684, 1.114e-3
-1.685, 1.105e-3
-1.686, 1.134e-3
-1.687, 1.137e-3
-1.688, 1.142e-3
-1.689, 1.171e-3
-1.690, 1.187e-3
-1.691, 1.183e-3
-1.692, 1.216e-3
-1.693, 1.230e-3
-1.694, 1.244e-3
-1.695, 1.257e-3
-1.696, 1.234e-3
-1.697, 1.294e-3
-1.698, 1.312e-3
-1.699, 1.331e-3
-1.700, 1.343e-3
-1.701, 1.379e-3
-1.702, 1.397e-3
-1.703, 1.424e-3
-1.704, 1.439e-3
-1.705, 1.478e-3
-1.706, 1.513e-3
-1.707, 1.521e-3
-1.708, 1.521e-3
-1.709, 1.538e-3
-1.710, 1.538e-3
-1.711, 1.558e-3
-1.712, 1.582e-3
-1.713, 1.587e-3
-1.714, 1.575e-3
-1.715, 1.597e-3
-1.716, 1.625e-3
-1.717, 1.620e-3
-1.718, 1.645e-3
-1.719, 1.662e-3
-1.720, 1.668e-3
-1.721, 1.668e-3
-1.722, 1.711e-3
-1.723, 1.741e-3
-1.724, 1.747e-3
-1.725, 1.759e-3
-1.726, 1.785e-3
-1.727, 1.821e-3
-1.728, 1.891e-3
-1.729, 1.913e-3
-1.730, 1.917e-3
-1.731, 1.922e-3
-1.732, 1.924e-3
-1.733, 1.923e-3
-1.734, 1.964e-3
-1.735, 1.999e-3
-1.736, 2.059e-3
-1.737, 2.035e-3
-1.738, 2.058e-3
-1.739, 2.082e-3
-1.740, 2.119e-3
-1.741, 2.129e-3
-1.742, 2.141e-3
-1.743, 2.208e-3
-1.744, 2.215e-3
-1.745, 2.227e-3
-1.746, 2.270e-3
-1.747, 2.280e-3
-1.748, 2.306e-3
-1.749, 2.377e-3
-1.750, 2.368e-3
-1.751, 2.417e-3
-1.752, 2.428e-3
-1.753, 2.450e-3
-1.754, 2.463e-3
-1.755, 2.495e-3
-1.756, 2.508e-3
-1.757, 2.546e-3
-1.758, 2.590e-3
-1.759, 2.616e-3
-1.760, 2.647e-3
-1.761, 2.647e-3
-1.762, 2.702e-3
-1.763, 2.753e-3
-1.764, 2.851e-3
-1.765, 2.891e-3
-1.766, 2.902e-3
-1.767, 2.885e-3
-1.768, 2.923e-3
-1.769, 2.928e-3
-1.770, 2.979e-3
-1.771, 3.061e-3
-1.772, 3.073e-3
-1.773, 3.101e-3
-1.774, 3.102e-3
-1.775, 3.106e-3
-1.776, 3.150e-3
-1.777, 3.178e-3
-1.778, 3.191e-3
-1.779, 3.230e-3
-1.780, 3.281e-3
-1.781, 3.310e-3
-1.782, 3.351e-3
-1.783, 3.368e-3
-1.784, 3.439e-3
-1.785, 3.472e-3
-1.786, 3.540e-3
-1.787, 3.545e-3
-1.788, 3.576e-3
-1.789, 3.617e-3
-1.790, 3.644e-3
-1.791, 3.602e-3
-1.792, 3.625e-3
-1.793, 3.655e-3
-1.794, 3.655e-3
-1.795, 3.663e-3
-1.796, 3.732e-3
-1.797, 3.762e-3
-1.798, 3.783e-3
-1.799, 3.827e-3
-1.800, 3.812e-3
-1.799, 3.829e-3
-1.798, 3.750e-3
-1.797, 3.806e-3
-1.796, 3.794e-3
-1.795, 3.767e-3
-1.794, 3.733e-3
-1.793, 3.705e-3
-1.792, 3.709e-3
-1.791, 3.676e-3
-1.790, 3.625e-3
-1.789, 3.588e-3
-1.788, 3.612e-3
-1.787, 3.586e-3
-1.786, 3.543e-3
-1.785, 3.529e-3
-1.784, 3.544e-3
-1.783, 3.501e-3
-1.782, 3.446e-3
-1.781, 3.455e-3
-1.780, 3.400e-3
-1.779, 3.366e-3
-1.778, 3.405e-3
-1.777, 3.376e-3
-1.776, 3.385e-3
-1.775, 3.330e-3
-1.774, 3.283e-3
-1.773, 3.225e-3
-1.772, 3.231e-3
-1.771, 3.232e-3
-1.770, 3.183e-3
-1.769, 3.143e-3
-1.768, 3.103e-3
-1.767, 3.097e-3
-1.766, 3.087e-3
-1.765, 3.068e-3
-1.764, 3.031e-3
-1.763, 2.965e-3
-1.762, 2.972e-3
-1.761, 2.954e-3
-1.760, 2.938e-3
-1.759, 2.898e-3
-1.758, 2.911e-3
-1.757, 2.882e-3
-1.756, 2.830e-3
-1.755, 2.844e-3
-1.754, 2.786e-3
-1.753, 2.784e-3
-1.752, 2.712e-3
-1.751, 2.677e-3
-1.750, 2.649e-3
-1.749, 2.633e-3
-1.748, 2.613e-3
-1.747, 2.595e-3
-1.746, 2.591e-3
-1.745, 2.566e-3
-1.744, 2.520e-3
-1.743, 2.531e-3
-1.742, 2.544e-3
-1.741, 2.468e-3
-1.740, 2.442e-3
-1.739, 2.401e-3
-1.738, 2.386e-3
-1.737, 2.362e-3
-1.736, 2.335e-3
-1.735, 2.295e-3
-1.734, 2.279e-3
-1.733, 2.267e-3
-1.732, 2.247e-3
-1.731, 2.241e-3
-1.730, 2.195e-3
-1.729, 2.155e-3
-1.728, 2.177e-3
-1.727, 2.172e-3
-1.726, 2.171e-3
-1.725, 2.147e-3
-1.724, 2.143e-3
-1.723, 2.107e-3
-1.722, 2.071e-3
-1.721, 2.029e-3
-1.720, 2.031e-3
-1.719, 1.990e-3
-1.718, 2.020e-3
-1.717, 2.008e-3
-1.716, 1.964e-3
-1.715, 1.950e-3
-1.714, 1.927e-3
-1.713, 1.919e-3
-1.712, 1.876e-3
-1.711, 1.857e-3
-1.710, 1.844e-3
-1.709, 1.830e-3
-1.708, 1.815e-3
-1.707, 1.791e-3
-1.706, 1.755e-3
-1.705, 1.735e-3
-1.704, 1.711e-3
-1.703, 1.693e-3
-1.702, 1.677e-3
-1.701, 1.658e-3
-1.700, 1.639e-3
-1.699, 1.624e-3
-1.698, 1.608e-3
-1.697, 1.593e-3
-1.696, 1.573e-3
-1.695, 1.563e-3
-1.694, 1.534e-3
-1.693, 1.527e-3
-1.692, 1.488e-3
-1.691, 1.471e-3
-1.690, 1.470e-3
-1.689, 1.487e-3
-1.688, 1.461e-3
-1.687, 1.436e-3
-1.686, 1.437e-3
-1.685, 1.412e-3
-1.684, 1.381e-3
-1.683, 1.378e-3
-1.682, 1.361e-3
-1.681, 1.350e-3
-1.680, 1.330e-3
-1.679, 1.320e-3
-1.678, 1.309e-3
-1.677, 1.290e-3
-1.676, 1.264e-3
-1.675, 1.258e-3
-1.674, 1.245e-3
-1.673, 1.248e-3
-1.672, 1.222e-3
-1.671, 1.222e-3
-1.670, 1.211e-3
-1.669, 1.198e-3
-1.668, 1.188e-3
-1.667, 1.157e-3
-1.666, 1.131e-3
-1.665, 1.146e-3
-1.664, 1.121e-3
-1.663, 1.106e-3
-1.662, 1.089e-3
-1.661, 1.075e-3
-1.660, 1.062e-3
-1.659, 1.050e-3
-1.658, 1.033e-3
-1.657, 1.042e-3
-1.656, 1.018e-3
-1.655, 9.997e-4
-1.654, 9.958e-4
-1.653, 9.753e-4
-1.652, 9.752e-4
-1.651, 9.686e-4
-1.650, 9.514e-4
-1.649, 9.252e-4
-1.648, 9.207e-4
-1.647, 9.114e-4
-1.646, 9.043e-4
-1.645, 8.925e-4
-1.644, 8.671e-4
-1.643, 8.652e-4
-1.642, 8.791e-4
-1.641, 8.553e-4
-1.640, 8.330e-4
-1.639, 8.222e-4
-1.638, 8.173e-4
-1.637, 8.060e-4
-1.636, 7.943e-4
-1.635, 7.933e-4
-1.634, 7.642e-4
-1.633, 7.740e-4
-1.632, 7.660e-4
-1.631, 7.569e-4
-1.630, 7.457e-4
-1.629, 7.275e-4
-1.628, 7.159e-4
-1.627, 7.010e-4
-1.626, 6.975e-4
-1.625, 6.916e-4
-1.624, 6.926e-4
-1.623, 6.753e-4
-1.622, 6.632e-4
-1.621, 6.536e-4
-1.620, 6.453e-4
-1.619, 6.227e-4
-1.618, 6.442e-4
-1.617, 6.420e-4
-1.616, 6.299e-4
-1.615, 6.161e-4
-1.614, 5.941e-4
-1.613, 5.814e-4
-1.612, 5.868e-4
-1.611, 5.804e-4
-1.610, 5.835e-4
-1.609, 5.625e-4
-1.608, 5.577e-4
-1.607, 5.405e-4
-1.606, 5.437e-4
-1.605, 5.422e-4
-1.604, 5.318e-4
-1.603, 5.130e-4
-1.602, 5.147e-4
-1.601, 5.062e-4
-1.600, 5.090e-4
-1.599, 4.946e-4
-1.598, 4.879e-4
-1.597, 4.740e-4
-1.596, 4.797e-4
-1.595, 4.682e-4
-1.594, 4.591e-4
-1.593, 4.579e-4
-1.592, 4.446e-4
-1.591, 4.462e-4
-1.590, 4.388e-4
-1.589, 4.255e-4
-1.588, 4.248e-4
-1.587, 4.082e-4
-1.586, 4.065e-4
-1.585, 4.126e-4
-1.584, 4.120e-4
-1.583, 3.965e-4
-1.582, 3.960e-4
-1.581, 3.888e-4
-1.580, 3.823e-4
-1.579, 3.709e-4
-1.578, 3.595e-4
-1.577, 3.692e-4
-1.576, 3.591e-4
-1.575, 3.611e-4
-1.574, 3.583e-4
-1.573, 3.514e-4
-1.572, 3.410e-4
-1.571, 3.361e-4
-1.570, 3.357e-4
-1.569, 3.225e-4
-1.568, 3.241e-4
-1.567, 3.229e-4
-1.566, 3.131e-4
-1.565, 3.140e-4
-1.564, 3.069e-4
-1.563, 3.007e-4
-1.562, 2.940e-4
-1.561, 2.911e-4
-1.560, 2.898e-4
-1.559, 2.841e-4
-1.558, 2.784e-4
-1.557, 2.774e-4
-1.556, 2.693e-4
-1.555, 2.696e-4
-1.554, 2.629e-4
-1.553, 2.642e-4
-1.552, 2.614e-4
-1.551, 2.598e-4
-1.550, 2.460e-4
-1.549, 2.445e-4
-1.548, 2.301e-4
-1.547, 2.346e-4
-1.546, 2.368e-4
-1.545, 2.337e-4
-1.544, 2.338e-4
-1.543, 2.237e-4
-1.542, 2.218e-4
-1.541, 2.147e-4
-1.540, 2.134e-4
-1.539, 2.124e-4
-1.538, 2.109e-4
-1.537, 2.055e-4
-1.536, 2.022e-4
-1.535, 2.004e-4
-1.534, 1.977e-4
-1.533, 1.963e-4
-1.532, 1.841e-4
-1.531, 1.881e-4
-1.530, 1.876e-4
-1.529, 1.839e-4
-1.528, 1.802e-4
-1.527, 1.749e-4
-1.526, 1.730e-4
-1.525, 1.710e-4
-1.524, 1.663e-4
-1.523, 1.628e-4
-1.522, 1.635e-4
-1.521, 1.607e-4
-1.520, 1.601e-4
-1.519, 1.574e-4
-1.518, 1.515e-4
-1.517, 1.516e-4
-1.516, 1.459e-4
-1.515, 1.447e-4
-1.514, 1.417e-4
-1.513, 1.420e-4
-1.512, 1.409e-4
-1.511, 1.378e-4
-1.510, 1.347e-4
-1.509, 1.337e-4
-1.508, 1.329e-4
-1.507, 1.276e-4
-1.506, 1.272e-4
-1.505, 1.241e-4
-1.504, 1.221e-4
-1.503, 1.197e-4
-1.502, 1.177e-4
-1.501, 1.152e-4
-1.500, 1.124e-4
-1.499, 1.120e-4
-1.498, 1.123e-4
-1.497, 1.100e-4
-1.496, 1.071e-4
-1.495, 1.026e-4
-1.494, 1.045e-4
-1.493, 1.036e-4
-1.492, 1.008e-4
-1.491, 9.740e-5
-1.490, 9.594e-5
-1.489, 9.578e-5
-1.488, 9.262e-5
-1.487, 9.251e-5
-1.486, 9.229e-5
-1.485, 8.999e-5
-1.484, 8.693e-5
-1.483, 8.622e-5
-1.482, 8.514e-5
-1.481, 8.367e-5
-1.480, 8.160e-5
-1.479, 7.936e-5
-1.478, 7.997e-5
-1.477, 7.805e-5
-1.476, 7.766e-5
-1.475, 7.505e-5
-1.474, 7.260e-5
-1.473, 7.173e-5
-1.472, 7.156e-5
-1.471, 6.943e-5
-1.470, 6.673e-5
-1.469, 6.727e-5
-1.468, 6.585e-5
-1.467, 6.436e-5
-1.466, 6.390e-5
-1.465, 6.179e-5
-1.464, 6.131e-5
-1.463, 6.072e-5
-1.462, 5.939e-5
-1.461, 5.799e-5
-1.460, 5.726e-5
-1.459, 5.540e-5
-1.458, 5.443e-5
-1.457, 5.433e-5
-1.456, 5.325e-5
-1.455, 5.173e-5
-1.454, 5.029e-5
-1.453, 4.914e-5
-1.452, 4.877e-5
-1.451, 4.779e-5
-1.450, 4.678e-5
-1.449, 4.580e-5
-1.448, 4.543e-5
-1.447, 4.466e-5
-1.446, 4.359e-5
-1.445, 4.313e-5
-1.444, 4.160e-5
-1.443, 4.109e-5
-1.442, 4.019e-5
-1.441, 3.941e-5
-1.440, 3.842e-5
-1.439, 3.817e-5
-1.438, 3.741e-5
-1.437, 3.676e-5
-1.436, 3.614e-5
-1.435, 3.542e-5
-1.434, 3.482e-5
-1.433, 3.390e-5
-1.432, 3.340e-5
-1.431, 3.205e-5
-1.430, 3.215e-5
-1.429, 3.123e-5
-1.428, 3.068e-5
-1.427, 2.994e-5
-1.426, 2.933e-5
-1.425, 2.875e-5
-1.424, 2.808e-5
-1.423, 2.751e-5
-1.422, 2.706e-5
-1.421, 2.648e-5
-1.420, 2.613e-5
-1.419, 2.537e-5
-1.418, 2.494e-5
-1.417, 2.447e-5
-1.416, 2.407e-5
-1.415, 2.358e-5
-1.414, 2.310e-5
-1.413, 2.234e-5
-1.412, 2.204e-5
-1.411, 2.158e-5
-1.410, 2.119e-5
-1.409, 2.083e-5
-1.408, 2.033e-5
-1.407, 1.999e-5
-1.406, 1.944e-5
-1.405, 1.919e-5
-1.404, 1.865e-5
-1.403, 1.794e-5
-1.402, 1.824e-5
-1.401, 1.738e-5
-1.400, 1.733e-5
-1.399, 1.699e-5
-1.398, 1.635e-5
-1.397, 1.619e-5
-1.396, 1.579e-5
-1.395, 1.551e-5
-1.394, 1.523e-5
-1.393, 1.491e-5
-1.392, 1.461e-5
-1.391, 1.438e-5
-1.390, 1.393e-5
-1.389, 1.367e-5
-1.388, 1.337e-5
-1.387, 1.308e-5
-1.386, 1.282e-5
-1.385, 1.256e-5
-1.384, 1.231e-5
-1.383, 1.203e-5
-1.382, 1.174e-5
-1.381, 1.150e-5
-1.380, 1.125e-5
-1.379, 1.100e-5
-1.378, 1.075e-5
-1.377, 1.056e-5
-1.376, 1.026e-5
-1.375, 1.005e-5
-1.374, 9.786e-6
-1.373, 9.712e-6
-1.372, 9.388e-6
-1.371, 9.204e-6
-1.370, 8.996e-6
-1.369, 8.794e-6
-1.368, 8.590e-6
-1.367, 8.384e-6
-1.366, 8.211e-6
-1.365, 8.051e-6
-1.364, 7.826e-6
-1.363, 7.693e-6
-1.362, 7.438e-6
-1.361, 7.302e-6
-1.360, 7.121e-6
-1.359, 6.972e-6
-1.358, 6.785e-6
-1.357, 6.671e-6
-1.356, 6.501e-6
-1.355, 6.379e-6
-1.354, 6.198e-6
-1.353, 6.083e-6
-1.352, 5.961e-6
-1.351, 5.727e-6
-1.350, 5.760e-6
-1.349, 5.530e-6
-1.348, 5.407e-6
-1.347, 5.320e-6
-1.346, 5.190e-6
-1.345, 5.048e-6
-1.344, 4.930e-6
-1.343, 4.785e-6
-1.342, 4.701e-6
-1.341, 4.644e-6
-1.340, 4.478e-6
-1.339, 4.400e-6
-1.338, 4.283e-6
-1.337, 4.182e-6
-1.336, 4.095e-6
-1.335, 3.994e-6
-1.334, 3.878e-6
-1.333, 3.796e-6
-1.332, 3.702e-6
-1.331, 3.622e-6
-1.330, 3.538e-6
-1.329, 3.434e-6
-1.328, 3.325e-6
-1.327, 3.261e-6
-1.326, 3.245e-6
-1.325, 3.133e-6
-1.324, 3.014e-6
-1.323, 2.946e-6
-1.322, 2.883e-6
-1.321, 2.813e-6
-1.320, 2.745e-6
-1.319, 2.659e-6
-1.318, 2.572e-6
-1.317, 2.524e-6
-1.316, 2.455e-6
-1.315, 2.399e-6
-1.314, 2.331e-6
-1.313, 2.265e-6
-1.312, 2.202e-6
-1.311, 2.127e-6
-1.310, 2.087e-6
-1.309, 2.016e-6
-1.308, 1.954e-6
-1.307, 1.900e-6
-1.306, 1.856e-6
-1.305, 1.824e-6
-1.304, 1.751e-6
-1.303, 1.691e-6
-1.302, 1.630e-6
-1.301, 1.604e-6
-1.300, 1.560e-6
-1.299, 1.503e-6
-1.298, 1.439e-6
-1.297, 1.391e-6
-1.296, 1.372e-6
-1.295, 1.338e-6
-1.294, 1.286e-6
-1.293, 1.231e-6
-1.292, 1.189e-6
-1.291, 1.158e-6
-1.290, 1.106e-6
-1.289, 1.054e-6
-1.288, 1.028e-6
-1.287, 1.017e-6
-1.286, 9.667e-7
-1.285, 9.420e-7
-1.284, 9.183e-7
-1.283, 8.739e-7
-1.282, 8.335e-7
-1.281, 8.137e-7
-1.280, 7.920e-7
-1.279, 7.427e-7
-1.278, 6.924e-7
-1.277, 6.786e-7
-1.276, 6.460e-7
-1.275, 6.529e-7
-1.274, 5.957e-7
-1.273, 5.572e-7
-1.272, 5.207e-7
-1.271, 5.079e-7
-1.270, 4.941e-7
-1.269, 4.526e-7
-1.268, 4.171e-7
-1.267, 3.777e-7
-1.266, 3.777e-7
-1.265, 3.599e-7
-1.264, 3.303e-7
-1.263, 3.135e-7
-1.262, 2.770e-7
-1.261, 2.652e-7
-1.260, 2.326e-7
-1.259, 2.021e-7
-1.258, 1.863e-7
-1.257, 1.794e-7
-1.256, 1.596e-7
-1.255, 1.537e-7
-1.254, 9.550e-8
-1.253, 7.577e-8
-1.252, 6.689e-8
-1.251, 4.223e-8
-1.250, 1.855e-8
-1.249, 3.749e-9
-1.248, -1.204e-8
-1.247, -3.966e-8
-1.246, -3.078e-8
-1.245, -7.321e-8
-1.244, -9.984e-8
-1.243, -9.294e-8
-1.242, -1.265e-7
-1.241, -1.423e-7
-1.240, -1.433e-7
-1.239, -1.699e-7
-1.238, -1.936e-7
-1.237, -1.955e-7
-1.236, -2.182e-7
-1.235, -2.311e-7
-1.234, -2.311e-7
-1.233, -2.587e-7
-1.232, -2.616e-7
-1.231, -2.784e-7
-1.230, -2.962e-7
-1.229, -3.297e-7
-1.228, -3.386e-7
-1.227, -3.603e-7
-1.226, -3.583e-7
-1.225, -3.879e-7
-1.224, -3.899e-7
-1.223, -3.968e-7
-1.222, -4.195e-7
-1.221, -4.294e-7
-1.220, -4.205e-7
-1.219, -4.511e-7
-1.218, -4.629e-7
-1.217, -4.777e-7
-1.216, -4.659e-7
-1.215, -4.639e-7
-1.214, -5.014e-7
-1.213, -5.093e-7
-1.212, -5.369e-7
-1.211, -5.379e-7
-1.210, -5.231e-7
-1.209, -5.655e-7
-1.208, -5.704e-7
-1.207, -5.744e-7
-1.206, -5.833e-7
-1.205, -5.862e-7
-1.204, -5.931e-7
-1.203, -6.257e-7
-1.202, -6.425e-7
-1.201, -6.316e-7
-1.200, -6.178e-7
-1.199, -6.494e-7
-1.198, -6.612e-7
-1.197, -6.731e-7
-1.196, -6.780e-7
-1.195, -6.790e-7
-1.194, -6.928e-7
-1.193, -7.086e-7
-1.192, -7.204e-7
-1.191, -7.086e-7
-1.190, -7.352e-7
-1.189, -7.470e-7
-1.188, -7.451e-7
-1.187, -7.628e-7
-1.186, -7.737e-7
-1.185, -7.766e-7
-1.184, -7.845e-7
-1.183, -7.855e-7
-1.182, -8.053e-7
-1.181, -8.043e-7
-1.180, -8.112e-7
-1.179, -8.299e-7
-1.178, -8.437e-7
-1.177, -8.536e-7
-1.176, -8.358e-7
-1.175, -8.546e-7
-1.174, -8.585e-7
-1.173, -8.802e-7
-1.172, -8.635e-7
-1.171, -8.822e-7
-1.170, -8.664e-7
-1.169, -9.039e-7
-1.168, -9.118e-7
-1.167, -9.148e-7
-1.166, -9.089e-7
-1.165, -9.276e-7
-1.164, -9.335e-7
-1.163, -9.355e-7
-1.162, -9.493e-7
-1.161, -9.444e-7
-1.160, -9.562e-7
-1.159, -9.779e-7
-1.158, -9.789e-7
-1.157, -9.671e-7
-1.156, -9.848e-7
-1.155, -9.868e-7
-1.154, -9.789e-7
-1.153, -1.008e-6
-1.152, -1.009e-6
-1.151, -1.018e-6
-1.150, -9.986e-7
-1.149, -1.022e-6
-1.148, -1.042e-6
-1.147, -1.042e-6
-1.146, -1.045e-6
-1.145, -1.052e-6
-1.144, -1.065e-6
-1.143, -1.076e-6
-1.142, -1.062e-6
-1.141, -1.068e-6
-1.140, -1.071e-6
-1.139, -1.083e-6
-1.138, -1.098e-6
-1.137, -1.103e-6
-1.136, -1.122e-6
-1.135, -1.112e-6
-1.134, -1.112e-6
-1.133, -1.138e-6
-1.132, -1.140e-6
-1.131, -1.149e-6
-1.130, -1.143e-6
-1.129, -1.155e-6
-1.128, -1.161e-6
-1.127, -1.172e-6
-1.126, -1.167e-6
-1.125, -1.164e-6
-1.124, -1.182e-6
-1.123, -1.212e-6
-1.122, -1.199e-6
-1.121, -1.209e-6
-1.120, -1.202e-6
-1.119, -1.230e-6
-1.118, -1.241e-6
-1.117, -1.252e-6
-1.116, -1.232e-6
-1.115, -1.240e-6
-1.114, -1.257e-6
-1.113, -1.272e-6
-1.112, -1.269e-6
-1.111, -1.277e-6
-1.110, -1.287e-6
-1.109, -1.277e-6
-1.108, -1.304e-6
-1.107, -1.315e-6
-1.106, -1.315e-6
-1.105, -1.305e-6
-1.104, -1.305e-6
-1.103, -1.326e-6
-1.102, -1.339e-6
-1.101, -1.342e-6
-1.100, -1.341e-6
-1.099, -1.354e-6
-1.098, -1.373e-6
-1.097, -1.385e-6
-1.096, -1.363e-6
-1.095, -1.374e-6
-1.094, -1.394e-6
-1.093, -1.403e-6
-1.092, -1.404e-6
-1.091, -1.418e-6
-1.090, -1.409e-6
-1.089, -1.410e-6
-1.088, -1.444e-6
-1.087, -1.437e-6
-1.086, -1.464e-6
-1.085, -1.429e-6
-1.084, -1.471e-6
-1.083, -1.472e-6
-1.082, -1.484e-6
-1.081, -1.465e-6
-1.080, -1.460e-6
-1.079, -1.508e-6
-1.078, -1.513e-6
-1.077, -1.506e-6
-1.076, -1.519e-6
-1.075, -1.526e-6
-1.074, -1.542e-6
-1.073, -1.572e-6
-1.072, -1.548e-6
-1.071, -1.538e-6
-1.070, -1.538e-6
-1.069, -1.573e-6
-1.068, -1.580e-6
-1.067, -1.601e-6
-1.066, -1.594e-6
-1.065, -1.573e-6
-1.064, -1.586e-6
-1.063, -1.612e-6
-1.062, -1.616e-6
-1.061, -1.624e-6
-1.060, -1.614e-6
-1.059, -1.632e-6
-1.058, -1.641e-6
-1.057, -1.652e-6
-1.056, -1.645e-6
-1.055, -1.651e-6
-1.054, -1.647e-6
-1.053, -1.680e-6
-1.052, -1.685e-6
-1.051, -1.692e-6
-1.050, -1.669e-6
-1.049, -1.692e-6
-1.048, -1.701e-6
-1.047, -1.713e-6
-1.046, -1.709e-6
-1.045, -1.708e-6
-1.044, -1.722e-6
-1.043, -1.749e-6
-1.042, -1.741e-6
-1.041, -1.756e-6
-1.040, -1.737e-6
-1.039, -1.744e-6
-1.038, -1.763e-6
-1.037, -1.795e-6
-1.036, -1.757e-6
-1.035, -1.765e-6
-1.034, -1.767e-6
-1.033, -1.788e-6
-1.032, -1.791e-6
-1.031, -1.810e-6
-1.030, -1.808e-6
-1.029, -1.803e-6
-1.028, -1.829e-6
-1.027, -1.834e-6
-1.026, -1.812e-6
-1.025, -1.838e-6
-1.024, -1.840e-6
-1.023, -1.847e-6
-1.022, -1.868e-6
-1.021, -1.852e-6
-1.020, -1.851e-6
-1.019, -1.870e-6
-1.018, -1.878e-6
-1.017, -1.886e-6
-1.016, -1.878e-6
-1.015, -1.851e-6
-1.014, -1.905e-6
-1.013, -1.897e-6
-1.012, -1.909e-6
-1.011, -1.920e-6
-1.010, -1.931e-6
-1.009, -1.939e-6
-1.008, -1.927e-6
-1.007, -1.947e-6
-1.006, -1.939e-6
-1.005, -1.939e-6
-1.004, -1.948e-6
-1.003, -1.956e-6
-1.002, -1.980e-6
-1.001, -1.981e-6
-1.000, -1.253e-6
-1.001, -9.828e-7
-1.002, -8.921e-7
-1.003, -8.378e-7
-1.004, -7.559e-7
-1.005, -6.829e-7
-1.006, -6.306e-7
-1.007, -5.892e-7
-1.008, -5.517e-7
-1.009, -4.965e-7
-1.010, -4.590e-7
-1.011, -4.175e-7
-1.012, -3.741e-7
-1.013, -3.554e-7
-1.014, -3.287e-7
-1.015, -2.705e-7
-1.016, -2.587e-7
-1.017, -2.390e-7
-1.018, -1.995e-7
-1.019, -1.837e-7
-1.020, -1.462e-7
-1.021, -1.186e-7
-1.022, -1.117e-7
-1.023, -9.491e-8
-1.024, -6.729e-8
-1.025, -2.684e-8
-1.026, -1.302e-8
-1.027, -1.973e-10
-1.028, 3.137e-8
-1.029, 4.815e-8
-1.030, 7.182e-8
-1.031, 8.564e-8
-1.032, 9.353e-8
-1.033, 1.083e-7
-1.034, 1.271e-7
-1.035, 1.547e-7
-1.036, 1.547e-7
-1.037, 1.813e-7
-1.038, 1.971e-7
-1.039, 2.090e-7
-1.040, 2.346e-7
-1.041, 2.356e-7
-1.042, 2.445e-7
-1.043, 2.514e-7
-1.044, 2.672e-7
-1.045, 2.958e-7
-1.046, 3.027e-7
-1.047, 3.047e-7
-1.048, 3.234e-7
-1.049, 3.234e-7
-1.050, 3.875e-7
-1.051, 3.717e-7
-1.052, 3.570e-7
-1.053, 3.796e-7
-1.054, 3.836e-7
-1.055, 4.132e-7
-1.056, 4.112e-7
-1.057, 4.260e-7
-1.058, 4.418e-7
-1.059, 4.438e-7
-1.060, 4.684e-7
-1.061, 4.724e-7
-1.062, 4.862e-7
-1.063, 4.911e-7
-1.064, 5.099e-7
-1.065, 5.217e-7
-1.066, 5.148e-7
-1.067, 5.414e-7
-1.068, 5.089e-7
-1.069, 5.503e-7
-1.070, 5.602e-7
-1.071, 5.750e-7
-1.072, 5.720e-7
-1.073, 5.789e-7
-1.074, 5.819e-7
-1.075, 6.204e-7
-1.076, 6.135e-7
-1.077, 6.332e-7
-1.078, 6.293e-7
-1.079, 6.480e-7
-1.080, 6.421e-7
-1.081, 6.559e-7
-1.082, 6.539e-7
-1.083, 6.835e-7
-1.084, 6.835e-7
-1.085, 6.934e-7
-1.086, 6.884e-7
-1.087, 7.013e-7
-1.088, 7.141e-7
-1.089, 7.259e-7
-1.090, 7.358e-7
-1.091, 7.378e-7
-1.092, 7.348e-7
-1.093, 7.457e-7
-1.094, 7.634e-7
-1.095, 7.763e-7
-1.096, 7.802e-7
-1.097, 7.644e-7
-1.098, 7.861e-7
-1.099, 8.029e-7
-1.100, 8.157e-7
-1.101, 8.177e-7
-1.102, 8.137e-7
-1.103, 8.266e-7
-1.104, 8.384e-7
-1.105, 8.532e-7
-1.106, 8.591e-7
-1.107, 8.384e-7
-1.108, 8.502e-7
-1.109, 8.710e-7
-1.110, 8.838e-7
-1.111, 8.907e-7
-1.112, 8.828e-7
-1.113, 8.887e-7
-1.114, 9.144e-7
-1.115, 9.213e-7
-1.116, 9.331e-7
-1.117, 9.321e-7
-1.118, 9.292e-7
-1.119, 9.479e-7
-1.120, 9.538e-7
-1.121, 9.686e-7
-1.122, 9.627e-7
-1.123, 9.598e-7
-1.124, 9.894e-7
-1.125, 1.012e-6
-1.126, 1.007e-6
-1.127, 1.008e-6
-1.128, 1.012e-6
-1.129, 1.014e-6
-1.130, 1.047e-6
-1.131, 1.033e-6
-1.132, 1.029e-6
-1.133, 1.043e-6
-1.134, 1.058e-6
-1.135, 1.082e-6
-1.136, 1.080e-6
-1.137, 1.076e-6
-1.138, 1.086e-6
-1.139, 1.079e-6
-1.140, 1.113e-6
-1.141, 1.128e-6
-1.142, 1.108e-6
-1.143, 1.126e-6
-1.144, 1.143e-6
-1.145, 1.135e-6
-1.146, 1.177e-6
-1.147, 1.153e-6
-1.148, 1.148e-6
-1.149, 1.167e-6
-1.150, 1.188e-6
-1.151, 1.195e-6
-1.152, 1.182e-6
-1.153, 1.202e-6
-1.154, 1.196e-6
-1.155, 1.230e-6
-1.156, 1.244e-6
-1.157, 1.240e-6
-1.158, 1.232e-6
-1.159, 1.256e-6
-1.160, 1.264e-6
-1.161, 1.288e-6
-1.162, 1.268e-6
-1.163, 1.269e-6
-1.164, 1.281e-6
-1.165, 1.335e-6
-1.166, 1.314e-6
-1.167, 1.318e-6
-1.168, 1.337e-6
-1.169, 1.332e-6
-1.170, 1.358e-6
-1.171, 1.362e-6
-1.172, 1.366e-6
-1.173, 1.374e-6
-1.174, 1.363e-6
-1.175, 1.399e-6
-1.176, 1.400e-6
-1.177, 1.388e-6
-1.178, 1.431e-6
-1.179, 1.408e-6
-1.180, 1.454e-6
-1.181, 1.447e-6
-1.182, 1.444e-6
-1.183, 1.459e-6
-1.184, 1.452e-6
-1.185, 1.491e-6
-1.186, 1.494e-6
-1.187, 1.486e-6
-1.188, 1.483e-6
-1.189, 1.494e-6
-1.190, 1.533e-6
-1.191, 1.524e-6
-1.192, 1.538e-6
-1.193, 1.537e-6
-1.194, 1.561e-6
-1.195, 1.581e-6
-1.196, 1.594e-6
-1.197, 1.588e-6
-1.198, 1.600e-6
-1.199, 1.609e-6
-1.200, 1.626e-6
-1.201, 1.640e-6
-1.202, 1.627e-6
-1.203, 1.639e-6
-1.204, 1.666e-6
-1.205, 1.704e-6
-1.206, 1.702e-6
-1.207, 1.707e-6
-1.208, 1.714e-6
-1.209, 1.712e-6
-1.210, 1.756e-6
-1.211, 1.746e-6
-1.212, 1.756e-6
-1.213, 1.769e-6
-1.214, 1.771e-6
-1.215, 1.803e-6
-1.216, 1.835e-6
-1.217, 1.806e-6
-1.218, 1.836e-6
-1.219, 1.852e-6
-1.220, 1.864e-6
-1.221, 1.901e-6
-1.222, 1.874e-6
-1.223, 1.913e-6
-1.224, 1.916e-6
-1.225, 1.953e-6
-1.226, 1.972e-6
-1.227, 1.969e-6
-1.228, 1.976e-6
-1.229, 1.998e-6
-1.230, 2.024e-6
-1.231, 2.066e-6
-1.232, 2.067e-6
-1.233, 2.072e-6
-1.234, 2.098e-6
-1.235, 2.098e-6
-1.236, 2.149e-6
-1.237, 2.154e-6
-1.238, 2.158e-6
-1.239, 2.179e-6
-1.240, 2.196e-6
-1.241, 2.221e-6
-1.242, 2.239e-6
-1.243, 2.246e-6
-1.244, 2.279e-6
-1.245, 2.304e-6
-1.246, 2.338e-6
-1.247, 2.339e-6
-1.248, 2.362e-6
-1.249, 2.384e-6
-1.250, 2.437e-6
-1.251, 2.427e-6
-1.252, 2.483e-6
-1.253, 2.464e-6
-1.254, 2.497e-6
-1.255, 2.550e-6
-1.256, 2.576e-6
-1.257, 2.572e-6
-1.258, 2.618e-6
-1.259, 2.655e-6
-1.260, 2.658e-6
-1.261, 2.699e-6
-1.262, 2.721e-6
-1.263, 2.746e-6
-1.264, 2.774e-6
-1.265, 2.826e-6
-1.266, 2.833e-6
-1.267, 2.882e-6
-1.268, 2.900e-6
-1.269, 2.930e-6
-1.270, 2.979e-6
-1.271, 3.028e-6
-1.272, 3.054e-6
-1.273, 3.050e-6
-1.274, 3.109e-6
-1.275, 3.139e-6
-1.276, 3.201e-6
-1.277, 3.205e-6
-1.278, 3.259e-6
-1.279, 3.274e-6
-1.280, 3.344e-6
-1.281, 3.376e-6
-1.282, 3.464e-6
-1.283, 3.455e-6
-1.284, 3.509e-6
-1.285, 3.546e-6
-1.286, 3.617e-6
-1.287, 3.622e-6
-1.288, 3.686e-6
-1.289, 3.771e-6
-1.290, 3.805e-6
-1.291, 3.827e-6
-1.292, 3.899e-6
-1.293, 3.950e-6
-1.294, 4.006e-6
-1.295, 4.060e-6
-1.296, 4.123e-6
-1.297, 4.176e-6
-1.298, 4.220e-6
-1.299, 4.294e-6
-1.300, 4.339e-6
-1.301, 4.432e-6
-1.302, 4.473e-6
-1.303, 4.577e-6
-1.304, 4.602e-6
-1.305, 4.689e-6
-1.306, 4.790e-6
-1.307, 4.816e-6
-1.308, 4.904e-6
-1.309, 4.970e-6
-1.310, 5.065e-6
-1.311, 5.138e-6
-1.312, 5.214e-6
-1.313, 5.284e-6
-1.314, 5.352e-6
-1.315, 5.465e-6
-1.316, 5.555e-6
-1.317, 5.624e-6
-1.318, 5.752e-6
-1.319, 5.806e-6
-1.320, 5.927e-6
-1.321, 6.036e-6
-1.322, 6.128e-6
-1.323, 6.205e-6
-1.324, 6.351e-6
-1.325, 6.391e-6
-1.326, 6.560e-6
-1.327, 6.668e-6
-1.328, 6.720e-6
-1.329, 6.878e-6
-1.330, 7.045e-6
-1.331, 7.069e-6
-1.332, 7.309e-6
-1.333, 7.360e-6
-1.334, 7.477e-6
-1.335, 7.670e-6
-1.336, 7.766e-6
-1.337, 7.965e-6
-1.338, 8.081e-6
-1.339, 8.219e-6
-1.340, 8.361e-6
-1.341, 8.521e-6
-1.342, 8.657e-6
-1.343, 8.885e-6
-1.344, 8.956e-6
-1.345, 9.185e-6
-1.346, 9.329e-6
-1.347, 9.517e-6
-1.348, 9.751e-6
-1.349, 9.906e-6
-1.350, 9.985e-6
-1.351, 1.034e-5
-1.352, 1.043e-5
-1.353, 1.073e-5
-1.354, 1.088e-5
-1.355, 1.108e-5
-1.356, 1.148e-5
-1.357, 1.154e-5
-1.358, 1.181e-5
-1.359, 1.198e-5
-1.360, 1.223e-5
-1.361, 1.259e-5
-1.362, 1.275e-5
-1.363, 1.308e-5
-1.364, 1.328e-5
-1.365, 1.357e-5
-1.366, 1.389e-5
-1.367, 1.414e-5
-1.368, 1.425e-5
-1.369, 1.454e-5
-1.370, 1.513e-5
-1.371, 1.537e-5
-1.372, 1.574e-5
-1.373, 1.610e-5
-1.374, 1.639e-5
-1.375, 1.649e-5
-1.376, 1.718e-5
-1.377, 1.730e-5
-1.378, 1.766e-5
-1.379, 1.812e-5
-1.380, 1.853e-5
-1.381, 1.918e-5
-1.382, 1.940e-5
-1.383, 1.991e-5
-1.384, 2.000e-5
-1.385, 2.063e-5
-1.386, 2.086e-5
-1.387, 2.145e-5
-1.388, 2.192e-5
-1.389, 2.235e-5
-1.390, 2.287e-5
-1.391, 2.331e-5
-1.392, 2.401e-5
-1.393, 2.407e-5
-1.394, 2.486e-5
-1.395, 2.563e-5
-1.396, 2.588e-5
-1.397, 2.670e-5
-1.398, 2.689e-5
-1.399, 2.776e-5
-1.400, 2.823e-5
-1.401, 2.893e-5
-1.402, 2.940e-5
-1.403, 3.020e-5
-1.404, 3.059e-5
-1.405, 3.160e-5
-1.406, 3.207e-5
-1.407, 3.287e-5
-1.408, 3.362e-5
-1.409, 3.443e-5
-1.410, 3.490e-5
-1.411, 3.570e-5
-1.412, 3.658e-5
-1.413, 3.744e-5
-1.414, 3.805e-5
-1.415, 3.881e-5
-1.416, 3.963e-5
-1.417, 4.009e-5
-1.418, 4.122e-5
-1.419, 4.238e-5
-1.420, 4.310e-5
-1.421, 4.402e-5
-1.422, 4.488e-5
-1.423, 4.615e-5
-1.424, 4.659e-5
-1.425, 4.730e-5
-1.426, 4.841e-5
-1.427, 4.949e-5
-1.428, 5.075e-5
-1.429, 5.128e-5
-1.430, 5.272e-5
-1.431, 5.343e-5
-1.432, 5.469e-5
-1.433, 5.591e-5
-1.434, 5.740e-5
-1.435, 5.804e-5
-1.436, 5.894e-5
-1.437, 5.898e-5
-1.438, 6.191e-5
-1.439, 6.289e-5
-1.440, 6.445e-5
-1.441, 6.484e-5
-1.442, 6.629e-5
-1.443, 6.758e-5
-1.444, 6.840e-5
-1.445, 7.136e-5
-1.446, 7.251e-5
-1.447, 7.354e-5
-1.448, 7.423e-5
-1.449, 7.416e-5
-1.450, 7.577e-5
-1.451, 7.746e-5
-1.452, 7.919e-5
-1.453, 7.734e-5
-1.454, 8.277e-5
-1.455, 8.391e-5
-1.456, 8.650e-5
-1.457, 8.767e-5
-1.458, 8.785e-5
-1.459, 8.986e-5
-1.460, 9.093e-5
-1.461, 9.255e-5
-1.462, 9.352e-5
-1.463, 9.534e-5
-1.464, 9.720e-5
-1.465, 9.928e-5
-1.466, 1.006e-4
-1.467, 1.018e-4
-1.468, 1.039e-4
-1.469, 1.056e-4
-1.470, 1.072e-4
-1.471, 1.091e-4
-1.472, 1.114e-4
-1.473, 1.110e-4
-1.474, 1.133e-4
-1.475, 1.135e-4
-1.476, 1.168e-4
-1.477, 1.196e-4
-1.478, 1.224e-4
-1.479, 1.239e-4
-1.480, 1.253e-4
-1.481, 1.271e-4
-1.482, 1.285e-4
-1.483, 1.315e-4
-1.484, 1.336e-4
-1.485, 1.347e-4
-1.486, 1.367e-4
-1.487, 1.376e-4
-1.488, 1.406e-4
-1.489, 1.430e-4
-1.490, 1.450e-4
-1.491, 1.461e-4
-1.492, 1.525e-4
-1.493, 1.490e-4
-1.494, 1.571e-4
-1.495, 1.558e-4
-1.496, 1.562e-4
-1.497, 1.608e-4
-1.498, 1.665e-4
-1.499, 1.625e-4
-1.500, 1.693e-4
-1.501, 1.721e-4
-1.502, 1.773e-4
-1.503, 1.673e-4
-1.504, 1.744e-4
-1.505, 1.749e-4
-1.506, 1.846e-4
-1.507, 1.890e-4
-1.508, 1.860e-4
-1.509, 1.868e-4
-1.510, 1.960e-4
-1.511, 1.899e-4
-1.512, 1.978e-4
-1.513, 1.980e-4
-1.514, 2.020e-4
-1.515, 1.924e-4
-1.516, 2.128e-4
-1.517, 2.047e-4
-1.518, 2.045e-4
-1.519, 2.146e-4
-1.520, 2.088e-4
-1.521, 2.147e-4
-1.522, 2.330e-4
-1.523, 2.290e-4
-1.524, 2.196e-4
-1.525, 2.295e-4
-1.526, 2.285e-4
-1.527, 2.307e-4
-1.528, 2.333e-4
-1.529, 2.365e-4
-1.530, 2.298e-4
-1.531, 2.503e-4
-1.532, 2.560e-4
-1.533, 2.518e-4
-1.534, 2.612e-4
-1.535, 2.645e-4
-1.536, 2.588e-4
-1.537, 2.599e-4
-1.538, 2.670e-4
-1.539, 2.724e-4
-1.540, 2.715e-4
-1.541, 2.804e-4
-1.542, 2.748e-4
-1.543, 2.846e-4
-1.544, 2.845e-4
-1.545, 2.832e-4
-1.546, 2.806e-4
-1.547, 3.158e-4
-1.548, 2.946e-4
-1.549, 3.026e-4
-1.550, 3.052e-4
-1.551, 3.041e-4
-1.552, 3.157e-4
-1.553, 3.106e-4
-1.554, 3.252e-4
-1.555, 3.283e-4
-1.556, 3.269e-4
-1.557, 3.353e-4
-1.558, 3.356e-4
-1.559, 3.310e-4
-1.560, 3.471e-4
-1.561, 3.487e-4
-1.562, 3.564e-4
-1.563, 3.528e-4
-1.564, 3.581e-4
-1.565, 3.540e-4
-1.566, 3.676e-4
-1.567, 3.738e-4
-1.568, 3.750e-4
-1.569, 3.589e-4
-1.570, 3.874e-4
-1.571, 3.814e-4
-1.572, 3.839e-4
-1.573, 3.970e-4
-1.574, 3.927e-4
-1.575, 3.984e-4
-1.576, 4.284e-4
-1.577, 4.068e-4
-1.578, 4.171e-4
-1.579, 4.081e-4
-1.580, 3.967e-4
-1.581, 4.169e-4
-1.582, 4.244e-4
-1.583, 4.201e-4
-1.584, 4.314e-4
-1.585, 4.281e-4
-1.586, 4.534e-4
-1.587, 4.615e-4
-1.588, 4.544e-4
-1.589, 4.672e-4
-1.590, 4.552e-4
-1.591, 4.642e-4
-1.592, 4.579e-4
-1.593, 4.817e-4
-1.594, 4.835e-4
-1.595, 4.692e-4
-1.596, 4.879e-4
-1.597, 4.933e-4
-1.598, 5.078e-4
-1.599, 5.154e-4
-1.600, 5.075e-4
-1.601, 5.054e-4
-1.602, 5.081e-4
-1.603, 4.909e-4
-1.604, 5.102e-4
-1.605, 5.153e-4
-1.606, 5.636e-4
-1.607, 5.678e-4
-1.608, 5.533e-4
-1.609, 5.391e-4
-1.610, 5.704e-4
-1.611, 5.594e-4
-1.612, 5.704e-4
-1.613, 5.422e-4
-1.614, 5.739e-4
-1.615, 5.733e-4
-1.616, 5.886e-4
-1.617, 6.052e-4
-1.618, 5.891e-4
-1.619, 5.802e-4
-1.620, 6.219e-4
-1.621, 6.434e-4
-1.622, 6.327e-4
-1.623, 6.399e-4
-1.624, 6.109e-4
-1.625, 6.105e-4
-1.626, 6.372e-4
-1.627, 6.408e-4
-1.628, 6.535e-4
-1.629, 6.740e-4
-1.630, 6.831e-4
-1.631, 6.898e-4
-1.632, 7.055e-4
-1.633, 7.032e-4
-1.634, 7.184e-4
-1.635, 6.897e-4
-1.636, 6.833e-4
-1.637, 6.981e-4
-1.638, 7.188e-4
-1.639, 7.609e-4
-1.640, 7.296e-4
-1.641, 7.795e-4
-1.642, 7.795e-4
-1.643, 7.980e-4
-1.644, 7.567e-4
-1.645, 7.474e-4
-1.646, 7.919e-4
-1.647, 7.894e-4
-1.648, 8.202e-4
-1.649, 8.323e-4
-1.650, 8.061e-4
-1.651, 8.525e-4
-1.652, 8.543e-4
-1.653, 8.235e-4
-1.654, 8.277e-4
-1.655, 8.587e-4
-1.656, 8.831e-4
-1.657, 8.857e-4
-1.658, 8.977e-4
-1.659, 9.029e-4
-1.660, 8.957e-4
-1.661, 9.133e-4
-1.662, 9.471e-4
-1.663, 9.670e-4
-1.664, 9.826e-4
-1.665, 9.532e-4
-1.666, 9.825e-4
-1.667, 9.720e-4
-1.668, 9.613e-4
-1.669, 1.004e-3
-1.670, 9.743e-4
-1.671, 1.005e-3
-1.672, 1.050e-3
-1.673, 1.013e-3
-1.674, 1.016e-3
-1.675, 1.056e-3
-1.676, 1.063e-3
-1.677, 1.087e-3
-1.678, 1.089e-3
-1.679, 1.129e-3
-1.680, 1.124e-3
-1.681, 1.159e-3
-1.682, 1.109e-3
-1.683, 1.170e-3
-1.684, 1.140e-3
-1.685, 1.177e-3
-1.686, 1.230e-3
-1.687, 1.197e-3
-1.688, 1.247e-3
-1.689, 1.257e-3
-1.690, 1.249e-3
-1.691, 1.277e-3
-1.692, 1.273e-3
-1.693, 1.307e-3
-1.694, 1.281e-3
-1.695, 1.301e-3
-1.696, 1.287e-3
-1.697, 1.350e-3
-1.698, 1.406e-3
-1.699, 1.409e-3
-1.700, 1.377e-3
-1.701, 1.399e-3
-1.702, 1.435e-3
-1.703, 1.418e-3
-1.704, 1.427e-3
-1.705, 1.457e-3
-1.706, 1.442e-3
-1.707, 1.477e-3
-1.708, 1.472e-3
-1.709, 1.509e-3
-1.710, 1.525e-3
-1.711, 1.495e-3
-1.712, 1.502e-3
-1.713, 1.558e-3
-1.714, 1.563e-3
-1.715, 1.633e-3
-1.716, 1.644e-3
-1.717, 1.677e-3
-1.718, 1.654e-3
-1.719, 1.690e-3
-1.720, 1.731e-3
-1.721, 1.671e-3
-1.722, 1.733e-3
-1.723, 1.741e-3
-1.724, 1.760e-3
-1.725, 1.766e-3
-1.726, 1.753e-3
-1.727, 1.788e-3
-1.728, 1.854e-3
-1.729, 1.867e-3
-1.730, 1.875e-3
-1.731, 1.876e-3
-1.732, 1.922e-3
-1.733, 1.895e-3
-1.734, 1.962e-3
-1.735, 1.922e-3
-1.736, 1.937e-3
-1.737, 1.968e-3
-1.738, 2.044e-3
-1.739, 2.050e-3
-1.740, 2.042e-3
-1.741, 2.073e-3
-1.742, 2.060e-3
-1.743, 2.118e-3
-1.744, 2.131e-3
-1.745, 2.101e-3
-1.746, 2.204e-3
-1.747, 2.179e-3
-1.748, 2.221e-3
-1.749, 2.389e-3
-1.750, 2.473e-3
-1.751, 2.434e-3
-1.752, 2.395e-3
-1.753, 2.316e-3
-1.754, 2.350e-3
-1.755, 2.357e-3
-1.756, 2.434e-3
-1.757, 2.408e-3
-1.758, 2.424e-3
-1.759, 2.480e-3
-1.760, 2.489e-3
-1.761, 2.485e-3
-1.762, 2.536e-3
-1.763, 2.534e-3
-1.764, 2.601e-3
-1.765, 2.589e-3
-1.766, 2.617e-3
-1.767, 2.623e-3
-1.768, 2.652e-3
-1.769, 2.660e-3
-1.770, 2.728e-3
-1.771, 2.755e-3
-1.772, 2.751e-3
-1.773, 2.797e-3
-1.774, 2.808e-3
-1.775, 2.830e-3
-1.776, 2.819e-3
-1.777, 2.835e-3
-1.778, 2.866e-3
-1.779, 2.905e-3
-1.780, 2.907e-3
-1.781, 2.967e-3
-1.782, 2.952e-3
-1.783, 3.017e-3
-1.784, 3.083e-3
-1.785, 3.100e-3
-1.786, 3.126e-3
-1.787, 3.167e-3
-1.788, 3.247e-3
-1.789, 3.249e-3
-1.790, 3.310e-3
-1.791, 3.312e-3
-1.792, 3.328e-3
-1.793, 3.368e-3
-1.794, 3.437e-3
-1.795, 3.478e-3
-1.796, 3.472e-3
-1.797, 3.446e-3
-1.798, 3.543e-3
-1.799, 3.745e-3
-1.800, 3.781e-3
-1.799, 3.702e-3
-1.798, 3.632e-3
-1.797, 3.614e-3
-1.796, 3.590e-3
-1.795, 3.570e-3
-1.794, 3.479e-3
-1.793, 3.502e-3
-1.792, 3.428e-3
-1.791, 3.451e-3
-1.790, 3.371e-3
-1.789, 3.448e-3
-1.788, 3.427e-3
-1.787, 3.456e-3
-1.786, 3.437e-3
-1.785, 3.373e-3
-1.784, 3.321e-3
-1.783, 3.283e-3
-1.782, 3.289e-3
-1.781, 3.191e-3
-1.780, 3.190e-3
-1.779, 3.156e-3
-1.778, 3.151e-3
-1.777, 3.187e-3
-1.776, 3.082e-3
-1.775, 3.118e-3
-1.774, 3.046e-3
-1.773, 3.039e-3
-1.772, 3.006e-3
-1.771, 2.970e-3
-1.770, 2.903e-3
-1.769, 2.917e-3
-1.768, 3.041e-3
-1.767, 3.029e-3
-1.766, 2.999e-3
-1.765, 2.880e-3
-1.764, 2.801e-3
-1.763, 2.774e-3
-1.762, 2.800e-3
-1.761, 2.795e-3
-1.760, 2.788e-3
-1.759, 2.754e-3
-1.758, 2.685e-3
-1.757, 2.681e-3
-1.756, 2.635e-3
-1.755, 2.617e-3
-1.754, 2.604e-3
-1.753, 2.589e-3
-1.752, 2.563e-3
-1.751, 2.565e-3
-1.750, 2.545e-3
-1.749, 2.446e-3
-1.748, 2.453e-3
-1.747, 2.492e-3
-1.746, 2.451e-3
-1.745, 2.393e-3
-1.744, 2.394e-3
-1.743, 2.339e-3
-1.742, 2.353e-3
-1.741, 2.319e-3
-1.740, 2.293e-3
-1.739, 2.231e-3
-1.738, 2.282e-3
-1.737, 2.203e-3
-1.736, 2.223e-3
-1.735, 2.182e-3
-1.734, 2.163e-3
-1.733, 2.128e-3
-1.732, 2.127e-3
-1.731, 2.058e-3
-1.730, 2.069e-3
-1.729, 2.069e-3
-1.728, 2.037e-3
-1.727, 2.036e-3
-1.726, 1.946e-3
-1.725, 1.971e-3
-1.724, 2.028e-3
-1.723, 2.072e-3
-1.722, 2.048e-3
-1.721, 2.003e-3
-1.720, 1.947e-3
-1.719, 1.925e-3
-1.718, 1.879e-3
-1.717, 1.901e-3
-1.716, 1.848e-3
-1.715, 1.813e-3
-1.714, 1.894e-3
-1.713, 1.873e-3
-1.712, 1.879e-3
-1.711, 1.793e-3
-1.710, 1.789e-3
-1.709, 1.821e-3
-1.708, 1.802e-3
-1.707, 1.784e-3
-1.706, 1.729e-3
-1.705, 1.721e-3
-1.704, 1.719e-3
-1.703, 1.716e-3
-1.702, 1.674e-3
-1.701, 1.629e-3
-1.700, 1.625e-3
-1.699, 1.634e-3
-1.698, 1.579e-3
-1.697, 1.571e-3
-1.696, 1.587e-3
-1.695, 1.612e-3
-1.694, 1.532e-3
-1.693, 1.545e-3
-1.692, 1.493e-3
-1.691, 1.498e-3
-1.690, 1.472e-3
-1.689, 1.484e-3
-1.688, 1.485e-3
-1.687, 1.501e-3
-1.686, 1.489e-3
-1.685, 1.428e-3
-1.684, 1.389e-3
-1.683, 1.370e-3
-1.682, 1.337e-3
-1.681, 1.343e-3
-1.680, 1.361e-3
-1.679, 1.341e-3
-1.678, 1.347e-3
-1.677, 1.309e-3
-1.676, 1.312e-3
-1.675, 1.279e-3
-1.674, 1.267e-3
-1.673, 1.226e-3
-1.672, 1.248e-3
-1.671, 1.199e-3
-1.670, 1.190e-3
-1.669, 1.202e-3
-1.668, 1.159e-3
-1.667, 1.161e-3
-1.666, 1.149e-3
-1.665, 1.134e-3
-1.664, 1.111e-3
-1.663, 1.132e-3
-1.662, 1.104e-3
-1.661, 1.133e-3
-1.660, 1.061e-3
-1.659, 1.052e-3
-1.658, 1.024e-3
-1.657, 1.038e-3
-1.656, 1.047e-3
-1.655, 1.025e-3
-1.654, 9.984e-4
-1.653, 9.832e-4
-1.652, 9.748e-4
-1.651, 9.897e-4
-1.650, 9.475e-4
-1.649, 9.460e-4
-1.648, 9.406e-4
-1.647, 9.154e-4
-1.646, 9.411e-4
-1.645, 8.908e-4
-1.644, 8.793e-4
-1.643, 8.722e-4
-1.642, 8.473e-4
-1.641, 8.520e-4
-1.640, 8.493e-4
-1.639, 8.312e-4
-1.638, 8.333e-4
-1.637, 8.305e-4
-1.636, 8.045e-4
-1.635, 8.165e-4
-1.634, 7.798e-4
-1.633, 7.895e-4
-1.632, 7.585e-4
-1.631, 7.591e-4
-1.630, 7.519e-4
-1.629, 7.579e-4
-1.628, 7.412e-4
-1.627, 7.224e-4
-1.626, 7.073e-4
-1.625, 7.158e-4
-1.624, 7.035e-4
-1.623, 6.832e-4
-1.622, 6.743e-4
-1.621, 6.676e-4
-1.620, 6.618e-4
-1.619, 6.793e-4
-1.618, 6.457e-4
-1.617, 6.503e-4
-1.616, 6.257e-4
-1.615, 6.217e-4
-1.614, 6.109e-4
-1.613, 6.028e-4
-1.612, 5.947e-4
-1.611, 5.938e-4
-1.610, 5.856e-4
-1.609, 5.807e-4
-1.608, 5.805e-4
-1.607, 5.522e-4
-1.606, 5.515e-4
-1.605, 5.368e-4
-1.604, 5.483e-4
-1.603, 5.223e-4
-1.602, 5.495e-4
-1.601, 5.091e-4
-1.600, 5.178e-4
-1.599, 4.958e-4
-1.598, 4.852e-4
-1.597, 5.007e-4
-1.596, 5.102e-4
-1.595, 5.011e-4
-1.594, 4.692e-4
-1.593, 4.814e-4
-1.592, 4.515e-4
-1.591, 4.509e-4
-1.590, 4.419e-4
-1.589, 4.441e-4
-1.588, 4.312e-4
-1.587, 4.342e-4
-1.586, 4.284e-4
-1.585, 4.156e-4
-1.584, 4.173e-4
-1.583, 4.191e-4
-1.582, 3.930e-4
-1.581, 4.168e-4
-1.580, 3.899e-4
-1.579, 3.807e-4
-1.578, 3.892e-4
-1.577, 3.672e-4
-1.576, 3.803e-4
-1.575, 3.555e-4
-1.574, 3.545e-4
-1.573, 3.437e-4
-1.572, 3.441e-4
-1.571, 3.335e-4
-1.570, 3.315e-4
-1.569, 3.259e-4
-1.568, 3.228e-4
-1.567, 3.302e-4
-1.566, 3.151e-4
-1.565, 3.070e-4
-1.564, 2.990e-4
-1.563, 3.086e-4
-1.562, 2.975e-4
-1.561, 2.892e-4
-1.560, 2.797e-4
-1.559, 2.914e-4
-1.558, 2.831e-4
-1.557, 2.772e-4
-1.556, 2.765e-4
-1.555, 2.643e-4
-1.554, 2.664e-4
-1.553, 2.569e-4
-1.552, 2.520e-4
-1.551, 2.585e-4
-1.550, 2.447e-4
-1.549, 2.462e-4
-1.548, 2.457e-4
-1.547, 2.346e-4
-1.546, 2.327e-4
-1.545, 2.317e-4
-1.544, 2.300e-4
-1.543, 2.247e-4
-1.542, 2.147e-4
-1.541, 2.229e-4
-1.540, 2.142e-4
-1.539, 2.102e-4
-1.538, 2.031e-4
-1.537, 2.015e-4
-1.536, 1.974e-4
-1.535, 1.921e-4
-1.534, 1.946e-4
-1.533, 1.876e-4
-1.532, 1.825e-4
-1.531, 1.828e-4
-1.530, 1.858e-4
-1.529, 1.813e-4
-1.528, 1.794e-4
-1.527, 1.720e-4
-1.526, 1.687e-4
-1.525, 1.652e-4
-1.524, 1.639e-4
-1.523, 1.646e-4
-1.522, 1.565e-4
-1.521, 1.572e-4
-1.520, 1.549e-4
-1.519, 1.500e-4
-1.518, 1.481e-4
-1.517, 1.453e-4
-1.516, 1.440e-4
-1.515, 1.426e-4
-1.514, 1.374e-4
-1.513, 1.347e-4
-1.512, 1.357e-4
-1.511, 1.297e-4
-1.510, 1.256e-4
-1.509, 1.265e-4
-1.508, 1.262e-4
-1.507, 1.253e-4
-1.506, 1.196e-4
-1.505, 1.208e-4
-1.504, 1.152e-4
-1.503, 1.135e-4
-1.502, 1.125e-4
-1.501, 1.108e-4
-1.500, 1.088e-4
-1.499, 1.054e-4
-1.498, 1.040e-4
-1.497, 1.015e-4
-1.496, 1.017e-4
-1.495, 9.830e-5
-1.494, 9.663e-5
-1.493, 9.792e-5
-1.492, 9.535e-5
-1.491, 9.547e-5
-1.490, 8.996e-5
-1.489, 8.836e-5
-1.488, 8.790e-5
-1.487, 8.522e-5
-1.486, 8.589e-5
-1.485, 8.406e-5
-1.484, 8.073e-5
-1.483, 7.975e-5
-1.482, 7.776e-5
-1.481, 7.580e-5
-1.480, 7.440e-5
-1.479, 7.341e-5
-1.478, 7.227e-5
-1.477, 7.075e-5
-1.476, 6.981e-5
-1.475, 6.859e-5
-1.474, 6.716e-5
-1.473, 6.576e-5
-1.472, 6.489e-5
-1.471, 6.364e-5
-1.470, 6.253e-5
-1.469, 6.124e-5
-1.468, 6.027e-5
-1.467, 6.068e-5
-1.466, 5.724e-5
-1.465, 5.799e-5
-1.464, 5.478e-5
-1.463, 5.457e-5
-1.462, 5.386e-5
-1.461, 5.204e-5
-1.460, 5.281e-5
-1.459, 5.047e-5
-1.458, 5.009e-5
-1.457, 4.833e-5
-1.456, 4.731e-5
-1.455, 4.650e-5
-1.454, 4.554e-5
-1.453, 4.486e-5
-1.452, 4.435e-5
-1.451, 4.321e-5
-1.450, 4.248e-5
-1.449, 4.129e-5
-1.448, 4.029e-5
-1.447, 3.949e-5
-1.446, 3.902e-5
-1.445, 3.812e-5
-1.444, 3.748e-5
-1.443, 3.673e-5
-1.442, 3.594e-5
-1.441, 3.506e-5
-1.440, 3.425e-5
-1.439, 3.409e-5
-1.438, 3.291e-5
-1.437, 3.257e-5
-1.436, 3.172e-5
-1.435, 3.103e-5
-1.434, 3.032e-5
-1.433, 3.023e-5
-1.432, 2.940e-5
-1.431, 2.881e-5
-1.430, 2.753e-5
-1.429, 2.723e-5
-1.428, 2.670e-5
-1.427, 2.670e-5
-1.426, 2.571e-5
-1.425, 2.517e-5
-1.424, 2.452e-5
-1.423, 2.402e-5
-1.422, 2.348e-5
-1.421, 2.298e-5
-1.420, 2.254e-5
-1.419, 2.216e-5
-1.418, 2.184e-5
-1.417, 2.135e-5
-1.416, 2.092e-5
-1.415, 2.037e-5
-1.414, 2.020e-5
-1.413, 1.938e-5
-1.412, 1.932e-5
-1.411, 1.881e-5
-1.410, 1.855e-5
-1.409, 1.777e-5
-1.408, 1.751e-5
-1.407, 1.737e-5
-1.406, 1.655e-5
-1.405, 1.659e-5
-1.404, 1.596e-5
-1.403, 1.569e-5
-1.402, 1.531e-5
-1.401, 1.500e-5
-1.400, 1.468e-5
-1.399, 1.441e-5
-1.398, 1.407e-5
-1.397, 1.382e-5
-1.396, 1.342e-5
-1.395, 1.310e-5
-1.394, 1.274e-5
-1.393, 1.254e-5
-1.392, 1.226e-5
-1.391, 1.201e-5
-1.390, 1.175e-5
-1.389, 1.148e-5
-1.388, 1.124e-5
-1.387, 1.093e-5
-1.386, 1.073e-5
-1.385, 1.051e-5
-1.384, 1.032e-5
-1.383, 1.002e-5
-1.382, 9.773e-6
-1.381, 9.593e-6
-1.380, 9.452e-6
-1.379, 9.130e-6
-1.378, 8.945e-6
-1.377, 8.723e-6
-1.376, 8.590e-6
-1.375, 8.339e-6
-1.374, 8.096e-6
-1.373, 8.014e-6
-1.372, 7.784e-6
-1.371, 7.640e-6
-1.370, 7.502e-6
-1.369, 7.217e-6
-1.368, 7.164e-6
-1.367, 6.915e-6
-1.366, 6.794e-6
-1.365, 6.629e-6
-1.364, 6.488e-6
-1.363, 6.317e-6
-1.362, 6.218e-6
-1.361, 6.059e-6
-1.360, 5.883e-6
-1.359, 5.747e-6
-1.358, 5.656e-6
-1.357, 5.501e-6
-1.356, 5.386e-6
-1.355, 5.273e-6
-1.354, 5.089e-6
-1.353, 5.001e-6
-1.352, 4.885e-6
-1.351, 4.792e-6
-1.350, 4.641e-6
-1.349, 4.557e-6
-1.348, 4.408e-6
-1.347, 4.301e-6
-1.346, 4.222e-6
-1.345, 4.125e-6
-1.344, 4.004e-6
-1.343, 3.894e-6
-1.342, 3.825e-6
-1.341, 3.766e-6
-1.340, 3.668e-6
-1.339, 3.561e-6
-1.338, 3.476e-6
-1.337, 3.406e-6
-1.336, 3.306e-6
-1.335, 3.235e-6
-1.334, 3.163e-6
-1.333, 3.046e-6
-1.332, 2.984e-6
-1.331, 2.910e-6
-1.330, 2.852e-6
-1.329, 2.759e-6
-1.328, 2.663e-6
-1.327, 2.601e-6
-1.326, 2.570e-6
-1.325, 2.502e-6
-1.324, 2.430e-6
-1.323, 2.345e-6
-1.322, 2.283e-6
-1.321, 2.238e-6
-1.320, 2.165e-6
-1.319, 2.130e-6
-1.318, 2.043e-6
-1.317, 1.980e-6
-1.316, 1.960e-6
-1.315, 1.879e-6
-1.314, 1.840e-6
-1.313, 1.778e-6
-1.312, 1.712e-6
-1.311, 1.694e-6
-1.310, 1.621e-6
-1.309, 1.568e-6
-1.308, 1.530e-6
-1.307, 1.478e-6
-1.306, 1.438e-6
-1.305, 1.391e-6
-1.304, 1.335e-6
-1.303, 1.294e-6
-1.302, 1.245e-6
-1.301, 1.226e-6
-1.300, 1.178e-6
-1.299, 1.154e-6
-1.298, 1.046e-6
-1.297, 1.054e-6
-1.296, 1.031e-6
-1.295, 1.008e-6
-1.294, 9.400e-7
-1.293, 8.937e-7
-1.292, 8.769e-7
-1.291, 8.660e-7
-1.290, 8.216e-7
-1.289, 7.841e-7
-1.288, 7.585e-7
-1.287, 7.309e-7
-1.286, 6.914e-7
-1.285, 6.707e-7
-1.284, 6.460e-7
-1.283, 5.987e-7
-1.282, 5.770e-7
-1.281, 5.671e-7
-1.280, 5.257e-7
-1.279, 5.049e-7
-1.278, 4.457e-7
-1.277, 4.388e-7
-1.276, 4.339e-7
-1.275, 3.836e-7
-1.274, 3.698e-7
-1.273, 3.264e-7
-1.272, 3.185e-7
-1.271, 3.116e-7
-1.270, 2.642e-7
-1.269, 2.534e-7
-1.268, 2.425e-7
-1.267, 1.942e-7
-1.266, 1.961e-7
-1.265, 1.557e-7
-1.264, 1.261e-7
-1.263, 1.360e-7
-1.262, 1.212e-7
-1.261, 9.452e-8
-1.260, 7.281e-8
-1.259, 3.927e-8
-1.258, 1.263e-8
-1.257, 1.559e-8
-1.256, 6.709e-9
-1.255, -1.796e-8
-1.254, -5.841e-8
-1.253, -5.742e-8
-1.252, -8.702e-8
-1.251, -7.814e-8
-1.250, -1.156e-7
-1.249, -1.344e-7
-1.248, -1.423e-7
-1.247, -1.679e-7
-1.246, -1.590e-7
-1.245, -1.709e-7
-1.244, -1.896e-7
-1.243, -2.064e-7
-1.242, -2.429e-7
-1.241, -2.163e-7
-1.240, -2.705e-7
-1.239, -2.597e-7
-1.238, -2.922e-7
-1.237, -2.972e-7
-1.236, -2.863e-7
-1.235, -3.228e-7
-1.234, -3.218e-7
-1.233, -3.504e-7
-1.232, -3.514e-7
-1.231, -3.554e-7
-1.230, -3.731e-7
-1.229, -4.027e-7
-1.228, -4.195e-7
-1.227, -4.146e-7
-1.226, -4.234e-7
-1.225, -4.481e-7
-1.224, -4.550e-7
-1.223, -4.728e-7
-1.222, -4.905e-7
-1.221, -4.738e-7
-1.220, -4.945e-7
-1.219, -5.053e-7
-1.218, -5.162e-7
-1.217, -5.142e-7
-1.216, -5.211e-7
-1.215, -5.290e-7
-1.214, -5.576e-7
-1.213, -5.843e-7
-1.212, -5.606e-7
-1.211, -5.754e-7
-1.210, -5.852e-7
-1.209, -5.912e-7
-1.208, -6.119e-7
-1.207, -6.316e-7
-1.206, -6.257e-7
-1.205, -6.385e-7
-1.204, -6.356e-7
-1.203, -6.760e-7
-1.202, -6.622e-7
-1.201, -6.573e-7
-1.200, -6.731e-7
-1.199, -6.819e-7
-1.198, -6.888e-7
-1.197, -7.135e-7
-1.196, -6.918e-7
-1.195, -7.421e-7
-1.194, -7.234e-7
-1.193, -7.362e-7
-1.192, -7.461e-7
-1.191, -7.401e-7
-1.190, -7.520e-7
-1.189, -7.747e-7
-1.188, -7.668e-7
-1.187, -7.914e-7
-1.186, -7.668e-7
-1.185, -7.934e-7
-1.184, -7.974e-7
-1.183, -8.250e-7
-1.182, -8.161e-7
-1.181, -8.181e-7
-1.180, -8.092e-7
-1.179, -8.398e-7
-1.178, -8.585e-7
-1.177, -8.605e-7
-1.176, -8.704e-7
-1.175, -8.595e-7
-1.174, -8.763e-7
-1.173, -8.743e-7
-1.172, -9.000e-7
-1.171, -9.039e-7
-1.170, -9.098e-7
-1.169, -9.128e-7
-1.168, -9.306e-7
-1.167, -9.187e-7
-1.166, -9.207e-7
-1.165, -9.483e-7
-1.164, -9.473e-7
-1.163, -9.690e-7
-1.162, -9.809e-7
-1.161, -9.759e-7
-1.160, -9.809e-7
-1.159, -9.868e-7
-1.158, -1.002e-6
-1.157, -1.006e-6
-1.156, -9.976e-7
-1.155, -1.003e-6
-1.154, -1.036e-6
-1.153, -1.021e-6
-1.152, -1.035e-6
-1.151, -1.035e-6
-1.150, -1.030e-6
-1.149, -1.046e-6
-1.148, -1.062e-6
-1.147, -1.065e-6
-1.146, -1.064e-6
-1.145, -1.079e-6
-1.144, -1.093e-6
-1.143, -1.091e-6
-1.142, -1.106e-6
-1.141, -1.091e-6
-1.140, -1.093e-6
-1.139, -1.136e-6
-1.138, -1.138e-6
-1.137, -1.138e-6
-1.136, -1.131e-6
-1.135, -1.143e-6
-1.134, -1.165e-6
-1.133, -1.157e-6
-1.132, -1.173e-6
-1.131, -1.175e-6
-1.130, -1.158e-6
-1.129, -1.179e-6
-1.128, -1.200e-6
-1.127, -1.207e-6
-1.126, -1.195e-6
-1.125, -1.223e-6
-1.124, -1.218e-6
-1.123, -1.248e-6
-1.122, -1.243e-6
-1.121, -1.240e-6
-1.120, -1.233e-6
-1.119, -1.277e-6
-1.118, -1.283e-6
-1.117, -1.276e-6
-1.116, -1.279e-6
-1.115, -1.273e-6
-1.114, -1.285e-6
-1.113, -1.327e-6
-1.112, -1.317e-6
-1.111, -1.304e-6
-1.110, -1.329e-6
-1.109, -1.330e-6
-1.108, -1.353e-6
-1.107, -1.362e-6
-1.106, -1.338e-6
-1.105, -1.375e-6
-1.104, -1.352e-6
-1.103, -1.401e-6
-1.102, -1.398e-6
-1.101, -1.401e-6
-1.100, -1.402e-6
-1.099, -1.419e-6
-1.098, -1.444e-6
-1.097, -1.437e-6
-1.096, -1.443e-6
-1.095, -1.441e-6
-1.094, -1.458e-6
-1.093, -1.472e-6
-1.092, -1.497e-6
-1.091, -1.464e-6
-1.090, -1.487e-6
-1.089, -1.499e-6
-1.088, -1.528e-6
-1.087, -1.523e-6
-1.086, -1.537e-6
-1.085, -1.525e-6
-1.084, -1.551e-6
-1.083, -1.565e-6
-1.082, -1.568e-6
-1.081, -1.577e-6
-1.080, -1.570e-6
-1.079, -1.582e-6
-1.078, -1.597e-6
-1.077, -1.628e-6
-1.076, -1.617e-6
-1.075, -1.643e-6
-1.074, -1.645e-6
-1.073, -1.659e-6
-1.072, -1.675e-6
-1.071, -1.663e-6
-1.070, -1.681e-6
-1.069, -1.674e-6
-1.068, -1.706e-6
-1.067, -1.725e-6
-1.066, -1.722e-6
-1.065, -1.711e-6
-1.064, -1.741e-6
-1.063, -1.743e-6
-1.062, -1.759e-6
-1.061, -1.753e-6
-1.060, -1.765e-6
-1.059, -1.774e-6
-1.058, -1.788e-6
-1.057, -1.822e-6
-1.056, -1.814e-6
-1.055, -1.805e-6
-1.054, -1.832e-6
-1.053, -1.846e-6
-1.052, -1.864e-6
-1.051, -1.851e-6
-1.050, -1.851e-6
-1.049, -1.877e-6
-1.048, -1.871e-6
-1.047, -1.899e-6
-1.046, -1.887e-6
-1.045, -1.910e-6
-1.044, -1.910e-6
-1.043, -1.909e-6
-1.042, -1.947e-6
-1.041, -1.910e-6
-1.040, -1.926e-6
-1.039, -1.920e-6
-1.038, -1.975e-6
-1.037, -1.963e-6
-1.036, -1.964e-6
-1.035, -1.958e-6
-1.034, -1.966e-6
-1.033, -1.989e-6
-1.032, -1.993e-6
-1.031, -1.990e-6
-1.030, -1.973e-6
-1.029, -1.995e-6
-1.028, -2.003e-6
-1.027, -2.019e-6
-1.026, -1.996e-6
-1.025, -2.019e-6
-1.024, -2.050e-6
-1.023, -2.053e-6
-1.022, -2.047e-6
-1.021, -2.057e-6
-1.020, -2.037e-6
-1.019, -2.046e-6
-1.018, -2.052e-6
-1.017, -2.084e-6
-1.016, -2.048e-6
-1.015, -2.073e-6
-1.014, -2.070e-6
-1.013, -2.090e-6
-1.012, -2.112e-6
-1.011, -2.092e-6
-1.010, -2.093e-6
-1.009, -2.106e-6
-1.008, -2.113e-6
-1.007, -2.115e-6
-1.006, -2.125e-6
-1.005, -2.111e-6
-1.004, -2.134e-6
-1.003, -2.149e-6
-1.002, -2.138e-6
-1.001, -2.135e-6
-1.000, -1.396e-6
-1.001, -1.128e-6
-1.002, -1.039e-6
-1.003, -9.384e-7
-1.004, -8.585e-7
-1.005, -7.727e-7
-1.006, -7.382e-7
-1.007, -6.928e-7
-1.008, -6.444e-7
-1.009, -5.862e-7
-1.010, -5.221e-7
-1.011, -4.974e-7
-1.012, -4.629e-7
-1.013, -4.254e-7
-1.014, -3.790e-7
-1.015, -3.268e-7
-1.016, -3.051e-7
-1.017, -2.873e-7
-1.018, -2.616e-7
-1.019, -2.133e-7
-1.020, -1.837e-7
-1.021, -1.758e-7
-1.022, -1.492e-7
-1.023, -1.255e-7
-1.024, -7.617e-8
-1.025, -4.558e-8
-1.026, -4.854e-8
-1.027, -2.881e-8
-1.028, 7.695e-9
-1.029, 3.532e-8
-1.030, 5.703e-8
-1.031, 6.985e-8
-1.032, 5.604e-8
-1.033, 8.268e-8
-1.034, 1.251e-7
-1.035, 1.567e-7
-1.036, 1.458e-7
-1.037, 1.695e-7
-1.038, 1.823e-7
-1.039, 2.030e-7
-1.040, 2.514e-7
-1.041, 2.346e-7
-1.042, 2.445e-7
-1.043, 2.691e-7
-1.044, 2.889e-7
-1.045, 3.126e-7
-1.046, 3.214e-7
-1.047, 3.165e-7
-1.048, 3.224e-7
-1.049, 3.510e-7
-1.050, 3.777e-7
-1.051, 3.826e-7
-1.052, 3.836e-7
-1.053, 3.915e-7
-1.054, 4.191e-7
-1.055, 4.231e-7
-1.056, 4.408e-7
-1.057, 4.615e-7
-1.058, 4.448e-7
-1.059, 4.605e-7
-1.060, 4.862e-7
-1.061, 4.862e-7
-1.062, 4.882e-7
-1.063, 5.040e-7
-1.064, 5.247e-7
-1.065, 5.434e-7
-1.066, 5.513e-7
-1.067, 5.286e-7
-1.068, 5.385e-7
-1.069, 5.809e-7
-1.070, 5.839e-7
-1.071, 5.868e-7
-1.072, 5.839e-7
-1.073, 5.898e-7
-1.074, 6.194e-7
-1.075, 6.312e-7
-1.076, 6.431e-7
-1.077, 6.371e-7
-1.078, 6.519e-7
-1.079, 6.677e-7
-1.080, 6.884e-7
-1.081, 6.855e-7
-1.082, 6.806e-7
-1.083, 6.776e-7
-1.084, 7.121e-7
-1.085, 7.141e-7
-1.086, 7.102e-7
-1.087, 7.042e-7
-1.088, 7.358e-7
-1.089, 7.595e-7
-1.090, 7.713e-7
-1.091, 7.743e-7
-1.092, 7.664e-7
-1.093, 7.772e-7
-1.094, 7.782e-7
-1.095, 8.049e-7
-1.096, 8.078e-7
-1.097, 7.950e-7
-1.098, 8.049e-7
-1.099, 8.354e-7
-1.100, 8.315e-7
-1.101, 8.473e-7
-1.102, 8.453e-7
-1.103, 8.601e-7
-1.104, 8.552e-7
-1.105, 8.759e-7
-1.106, 8.789e-7
-1.107, 8.670e-7
-1.108, 8.818e-7
-1.109, 8.946e-7
-1.110, 9.173e-7
-1.111, 9.242e-7
-1.112, 9.272e-7
-1.113, 9.183e-7
-1.114, 9.459e-7
-1.115, 9.420e-7
-1.116, 9.548e-7
-1.117, 9.410e-7
-1.118, 9.430e-7
-1.119, 9.677e-7
-1.120, 9.903e-7
-1.121, 9.874e-7
-1.122, 9.933e-7
-1.123, 1.001e-6
-1.124, 9.874e-7
-1.125, 1.015e-6
-1.126, 1.034e-6
-1.127, 1.020e-6
-1.128, 1.041e-6
-1.129, 1.019e-6
-1.130, 1.064e-6
-1.131, 1.068e-6
-1.132, 1.058e-6
-1.133, 1.066e-6
-1.134, 1.084e-6
-1.135, 1.093e-6
-1.136, 1.070e-6
-1.137, 1.095e-6
-1.138, 1.113e-6
-1.139, 1.109e-6
-1.140, 1.138e-6
-1.141, 1.129e-6
-1.142, 1.133e-6
-1.143, 1.150e-6
-1.144, 1.157e-6
-1.145, 1.175e-6
-1.146, 1.174e-6
-1.147, 1.174e-6
-1.148, 1.169e-6
-1.149, 1.176e-6
-1.150, 1.207e-6
-1.151, 1.204e-6
-1.152, 1.214e-6
-1.153, 1.204e-6
-1.154, 1.222e-6
-1.155, 1.244e-6
-1.156, 1.241e-6
-1.157, 1.242e-6
-1.158, 1.253e-6
-1.159, 1.257e-6
-1.160, 1.289e-6
-1.161, 1.288e-6
-1.162, 1.287e-6
-1.163, 1.275e-6
-1.164, 1.277e-6
-1.165, 1.315e-6
-1.166, 1.335e-6
-1.167, 1.329e-6
-1.168, 1.321e-6
-1.169, 1.322e-6
-1.170, 1.379e-6
-1.171, 1.356e-6
-1.172, 1.367e-6
-1.173, 1.358e-6
-1.174, 1.375e-6
-1.175, 1.402e-6
-1.176, 1.404e-6
-1.177, 1.426e-6
-1.178, 1.402e-6
-1.179, 1.426e-6
-1.180, 1.445e-6
-1.181, 1.445e-6
-1.182, 1.451e-6
-1.183, 1.449e-6
-1.184, 1.466e-6
-1.185, 1.484e-6
-1.186, 1.483e-6
-1.187, 1.500e-6
-1.188, 1.511e-6
-1.189, 1.514e-6
-1.190, 1.518e-6
-1.191, 1.547e-6
-1.192, 1.533e-6
-1.193, 1.543e-6
-1.194, 1.562e-6
-1.195, 1.587e-6
-1.196, 1.586e-6
-1.197, 1.588e-6
-1.198, 1.593e-6
-1.199, 1.621e-6
-1.200, 1.623e-6
-1.201, 1.625e-6
-1.202, 1.627e-6
-1.203, 1.642e-6
-1.204, 1.672e-6
-1.205, 1.680e-6
-1.206, 1.685e-6
-1.207, 1.691e-6
-1.208, 1.682e-6
-1.209, 1.711e-6
-1.210, 1.732e-6
-1.211, 1.722e-6
-1.212, 1.721e-6
-1.213, 1.751e-6
-1.214, 1.754e-6
-1.215, 1.798e-6
-1.216, 1.791e-6
-1.217, 1.799e-6
-1.218, 1.808e-6
-1.219, 1.822e-6
-1.220, 1.860e-6
-1.221, 1.856e-6
-1.222, 1.861e-6
-1.223, 1.883e-6
-1.224, 1.891e-6
-1.225, 1.914e-6
-1.226, 1.922e-6
-1.227, 1.944e-6
-1.228, 1.935e-6
-1.229, 1.978e-6
-1.230, 1.986e-6
-1.231, 2.005e-6
-1.232, 2.012e-6
-1.233, 2.012e-6
-1.234, 2.060e-6
-1.235, 2.071e-6
-1.236, 2.079e-6
-1.237, 2.081e-6
-1.238, 2.106e-6
-1.239, 2.106e-6
-1.240, 2.148e-6
-1.241, 2.150e-6
-1.242, 2.170e-6
-1.243, 2.189e-6
-1.244, 2.211e-6
-1.245, 2.237e-6
-1.246, 2.259e-6
-1.247, 2.258e-6
-1.248, 2.282e-6
-1.249, 2.323e-6
-1.250, 2.329e-6
-1.251, 2.348e-6
-1.252, 2.357e-6
-1.253, 2.368e-6
-1.254, 2.399e-6
-1.255, 2.432e-6
-1.256, 2.466e-6
-1.257, 2.480e-6
-1.258, 2.479e-6
-1.259, 2.520e-6
-1.260, 2.535e-6
-1.261, 2.585e-6
-1.262, 2.599e-6
-1.263, 2.617e-6
-1.264, 2.635e-6
-1.265, 2.667e-6
-1.266, 2.710e-6
-1.267, 2.716e-6
-1.268, 2.733e-6
-1.269, 2.794e-6
-1.270, 2.798e-6
-1.271, 2.859e-6
-1.272, 2.861e-6
-1.273, 2.898e-6
-1.274, 2.938e-6
-1.275, 2.964e-6
-1.276, 3.014e-6
-1.277, 3.023e-6
-1.278, 3.054e-6
-1.279, 3.101e-6
-1.280, 3.143e-6
-1.281, 3.181e-6
-1.282, 3.205e-6
-1.283, 3.247e-6
-1.284, 3.269e-6
-1.285, 3.342e-6
-1.286, 3.368e-6
-1.287, 3.410e-6
-1.288, 3.432e-6
-1.289, 3.496e-6
-1.290, 3.535e-6
-1.291, 3.588e-6
-1.292, 3.627e-6
-1.293, 3.674e-6
-1.294, 3.694e-6
-1.295, 3.788e-6
-1.296, 3.803e-6
-1.297, 3.861e-6
-1.298, 3.860e-6
-1.299, 4.024e-6
-1.300, 4.000e-6
-1.301, 4.095e-6
-1.302, 4.117e-6
-1.303, 4.162e-6
-1.304, 4.245e-6
-1.305, 4.296e-6
-1.306, 4.411e-6
-1.307, 4.424e-6
-1.308, 4.484e-6
-1.309, 4.575e-6
-1.310, 4.589e-6
-1.311, 4.740e-6
-1.312, 4.705e-6
-1.313, 4.882e-6
-1.314, 4.849e-6
-1.315, 5.014e-6
-1.316, 5.050e-6
-1.317, 5.126e-6
-1.318, 5.188e-6
-1.319, 5.340e-6
-1.320, 5.337e-6
-1.321, 5.505e-6
-1.322, 5.527e-6
-1.323, 5.623e-6
-1.324, 5.711e-6
-1.325, 5.848e-6
-1.326, 5.872e-6
-1.327, 6.004e-6
-1.328, 6.003e-6
-1.329, 6.316e-6
-1.330, 6.344e-6
-1.331, 6.388e-6
-1.332, 6.586e-6
-1.333, 6.546e-6
-1.334, 6.810e-6
-1.335, 6.859e-6
-1.336, 7.010e-6
-1.337, 7.105e-6
-1.338, 7.222e-6
-1.339, 7.429e-6
-1.340, 7.502e-6
-1.341, 7.663e-6
-1.342, 7.786e-6
-1.343, 7.928e-6
-1.344, 8.030e-6
-1.345, 8.204e-6
-1.346, 8.414e-6
-1.347, 8.454e-6
-1.348, 8.742e-6
-1.349, 8.771e-6
-1.350, 9.062e-6
-1.351, 9.130e-6
-1.352, 9.367e-6
-1.353, 9.534e-6
-1.354, 9.698e-6
-1.355, 9.910e-6
-1.356, 1.007e-5
-1.357, 1.029e-5
-1.358, 1.050e-5
-1.359, 1.067e-5
-1.360, 1.094e-5
-1.361, 1.109e-5
-1.362, 1.132e-5
-1.363, 1.156e-5
-1.364, 1.177e-5
-1.365, 1.206e-5
-1.366, 1.230e-5
-1.367, 1.250e-5
-1.368, 1.283e-5
-1.369, 1.295e-5
-1.370, 1.327e-5
-1.371, 1.349e-5
-1.372, 1.386e-5
-1.373, 1.401e-5
-1.374, 1.452e-5
-1.375, 1.469e-5
-1.376, 1.505e-5
-1.377, 1.546e-5
-1.378, 1.563e-5
-1.379, 1.601e-5
-1.380, 1.627e-5
-1.381, 1.667e-5
-1.382, 1.704e-5
-1.383, 1.735e-5
-1.384, 1.776e-5
-1.385, 1.805e-5
-1.386, 1.851e-5
-1.387, 1.892e-5
-1.388, 1.929e-5
-1.389, 1.982e-5
-1.390, 2.013e-5
-1.391, 2.045e-5
-1.392, 2.102e-5
-1.393, 2.179e-5
-1.394, 2.177e-5
-1.395, 2.298e-5
-1.396, 2.285e-5
-1.397, 2.332e-5
-1.398, 2.386e-5
-1.399, 2.436e-5
-1.400, 2.485e-5
-1.401, 2.562e-5
-1.402, 2.608e-5
-1.403, 2.660e-5
-1.404, 2.711e-5
-1.405, 2.772e-5
-1.406, 2.838e-5
-1.407, 2.895e-5
-1.408, 2.931e-5
-1.409, 3.026e-5
-1.410, 3.090e-5
-1.411, 3.176e-5
-1.412, 3.205e-5
-1.413, 3.306e-5
-1.414, 3.372e-5
-1.415, 3.441e-5
-1.416, 3.511e-5
-1.417, 3.581e-5
-1.418, 3.665e-5
-1.419, 3.748e-5
-1.420, 3.842e-5
-1.421, 3.921e-5
-1.422, 3.991e-5
-1.423, 4.119e-5
-1.424, 4.065e-5
-1.425, 4.203e-5
-1.426, 4.402e-5
-1.427, 4.435e-5
-1.428, 4.538e-5
-1.429, 4.618e-5
-1.430, 4.746e-5
-1.431, 4.815e-5
-1.432, 4.924e-5
-1.433, 5.005e-5
-1.434, 5.133e-5
-1.435, 5.301e-5
-1.436, 5.315e-5
-1.437, 5.454e-5
-1.438, 5.568e-5
-1.439, 5.718e-5
-1.440, 5.791e-5
-1.441, 5.926e-5
-1.442, 6.039e-5
-1.443, 6.169e-5
-1.444, 6.284e-5
-1.445, 6.367e-5
-1.446, 6.537e-5
-1.447, 6.675e-5
-1.448, 6.807e-5
-1.449, 6.938e-5
-1.450, 7.079e-5
-1.451, 7.219e-5
-1.452, 7.572e-5
-1.453, 7.543e-5
-1.454, 7.751e-5
-1.455, 7.789e-5
-1.456, 7.800e-5
-1.457, 7.959e-5
-1.458, 8.099e-5
-1.459, 8.348e-5
-1.460, 8.554e-5
-1.461, 8.698e-5
-1.462, 8.814e-5
-1.463, 8.944e-5
-1.464, 9.297e-5
-1.465, 9.376e-5
-1.466, 9.550e-5
-1.467, 9.778e-5
-1.468, 9.850e-5
-1.469, 1.021e-4
-1.470, 1.014e-4
-1.471, 1.040e-4
-1.472, 1.059e-4
-1.473, 1.083e-4
-1.474, 1.102e-4
-1.475, 1.115e-4
-1.476, 1.135e-4
-1.477, 1.153e-4
-1.478, 1.175e-4
-1.479, 1.192e-4
-1.480, 1.216e-4
-1.481, 1.232e-4
-1.482, 1.256e-4
-1.483, 1.283e-4
-1.484, 1.307e-4
-1.485, 1.318e-4
-1.486, 1.340e-4
-1.487, 1.384e-4
-1.488, 1.382e-4
-1.489, 1.405e-4
-1.490, 1.428e-4
-1.491, 1.446e-4
-1.492, 1.465e-4
-1.493, 1.494e-4
-1.494, 1.520e-4
-1.495, 1.540e-4
-1.496, 1.566e-4
-1.497, 1.592e-4
-1.498, 1.612e-4
-1.499, 1.632e-4
-1.500, 1.692e-4
-1.501, 1.692e-4
-1.502, 1.730e-4
-1.503, 1.739e-4
-1.504, 1.766e-4
-1.505, 1.796e-4
-1.506, 1.816e-4
-1.507, 1.857e-4
-1.508, 1.874e-4
-1.509, 1.900e-4
-1.510, 1.924e-4
-1.511, 1.952e-4
-1.512, 1.975e-4
-1.513, 2.008e-4
-1.514, 2.042e-4
-1.515, 2.069e-4
-1.516, 2.101e-4
-1.517, 2.131e-4
-1.518, 2.153e-4
-1.519, 2.175e-4
-1.520, 2.232e-4
-1.521, 2.237e-4
-1.522, 2.268e-4
-1.523, 2.302e-4
-1.524, 2.328e-4
-1.525, 2.364e-4
-1.526, 2.401e-4
-1.527, 2.441e-4
-1.528, 2.493e-4
-1.529, 2.487e-4
-1.530, 2.524e-4
-1.531, 2.558e-4
-1.532, 2.598e-4
-1.533, 2.631e-4
-1.534, 2.661e-4
-1.535, 2.696e-4
-1.536, 2.740e-4
-1.537, 2.761e-4
-1.538, 2.824e-4
-1.539, 2.882e-4
-1.540, 2.873e-4
-1.541, 2.902e-4
-1.542, 2.936e-4
-1.543, 2.997e-4
-1.544, 3.029e-4
-1.545, 3.039e-4
-1.546, 3.096e-4
-1.547, 3.247e-4
-1.548, 3.172e-4
-1.549, 3.182e-4
-1.550, 3.214e-4
-1.551, 3.286e-4
-1.552, 3.314e-4
-1.553, 3.364e-4
-1.554, 3.404e-4
-1.555, 3.480e-4
-1.556, 3.455e-4
-1.557, 3.638e-4
-1.558, 3.665e-4
-1.559, 3.604e-4
-1.560, 3.646e-4
-1.561, 3.673e-4
-1.562, 3.732e-4
-1.563, 3.741e-4
-1.564, 3.810e-4
-1.565, 3.875e-4
-1.566, 3.884e-4
-1.567, 3.939e-4
-1.568, 3.935e-4
-1.569, 4.065e-4
-1.570, 4.162e-4
-1.571, 4.211e-4
-1.572, 4.243e-4
-1.573, 4.195e-4
-1.574, 4.232e-4
-1.575, 4.274e-4
-1.576, 4.314e-4
-1.577, 4.391e-4
-1.578, 4.437e-4
-1.579, 4.468e-4
-1.580, 4.551e-4
-1.581, 4.539e-4
-1.582, 4.622e-4
-1.583, 4.669e-4
-1.584, 4.720e-4
-1.585, 4.811e-4
-1.586, 4.815e-4
-1.587, 5.026e-4
-1.588, 5.071e-4
-1.589, 4.966e-4
-1.590, 5.050e-4
-1.591, 4.945e-4
-1.592, 5.139e-4
-1.593, 5.218e-4
-1.594, 5.220e-4
-1.595, 5.224e-4
-1.596, 5.284e-4
-1.597, 5.474e-4
-1.598, 5.490e-4
-1.599, 5.526e-4
-1.600, 5.611e-4
-1.601, 5.708e-4
-1.602, 5.694e-4
-1.603, 5.886e-4
-1.604, 5.798e-4
-1.605, 5.865e-4
-1.606, 5.916e-4
-1.607, 6.003e-4
-1.608, 6.037e-4
-1.609, 6.148e-4
-1.610, 6.211e-4
-1.611, 6.237e-4
-1.612, 6.301e-4
-1.613, 6.510e-4
-1.614, 6.415e-4
-1.615, 6.563e-4
-1.616, 6.641e-4
-1.617, 6.733e-4
-1.618, 6.791e-4
-1.619, 6.838e-4
-1.620, 6.812e-4
-1.621, 6.884e-4
-1.622, 7.037e-4
-1.623, 7.098e-4
-1.624, 7.337e-4
-1.625, 7.218e-4
-1.626, 7.268e-4
-1.627, 7.433e-4
-1.628, 7.368e-4
-1.629, 7.534e-4
-1.630, 7.672e-4
-1.631, 7.701e-4
-1.632, 7.689e-4
-1.633, 7.977e-4
-1.634, 7.904e-4
-1.635, 7.920e-4
-1.636, 7.965e-4
-1.637, 8.198e-4
-1.638, 8.637e-4
-1.639, 8.323e-4
-1.640, 8.525e-4
-1.641, 8.430e-4
-1.642, 8.449e-4
-1.643, 8.545e-4
-1.644, 8.646e-4
-1.645, 9.027e-4
-1.646, 9.111e-4
-1.647, 9.033e-4
-1.648, 9.101e-4
-1.649, 9.239e-4
-1.650, 9.238e-4
-1.651, 9.449e-4
-1.652, 9.447e-4
-1.653, 1.007e-3
-1.654, 9.527e-4
-1.655, 9.635e-4
-1.656, 9.812e-4
-1.657, 9.954e-4
-1.658, 1.013e-3
-1.659, 1.017e-3
-1.660, 1.026e-3
-1.661, 1.046e-3
-1.662, 1.043e-3
-1.663, 1.068e-3
-1.664, 1.090e-3
-1.665, 1.123e-3
-1.666, 1.082e-3
-1.667, 1.131e-3
-1.668, 1.097e-3
-1.669, 1.135e-3
-1.670, 1.132e-3
-1.671, 1.151e-3
-1.672, 1.154e-3
-1.673, 1.146e-3
-1.674, 1.188e-3
-1.675, 1.197e-3
-1.676, 1.180e-3
-1.677, 1.234e-3
-1.678, 1.204e-3
-1.679, 1.215e-3
-1.680, 1.257e-3
-1.681, 1.334e-3
-1.682, 1.313e-3
-1.683, 1.277e-3
-1.684, 1.280e-3
-1.685, 1.289e-3
-1.686, 1.361e-3
-1.687, 1.338e-3
-1.688, 1.415e-3
-1.689, 1.375e-3
-1.690, 1.434e-3
-1.691, 1.404e-3
-1.692, 1.474e-3
-1.693, 1.424e-3
-1.694, 1.510e-3
-1.695, 1.490e-3
-1.696, 1.546e-3
-1.697, 1.526e-3
-1.698, 1.501e-3
-1.699, 1.531e-3
-1.700, 1.567e-3
-1.701, 1.584e-3
-1.702, 1.567e-3
-1.703, 1.620e-3
-1.704, 1.651e-3
-1.705, 1.666e-3
-1.706, 1.661e-3
-1.707, 1.673e-3
-1.708, 1.621e-3
-1.709, 1.669e-3
-1.710, 1.765e-3
-1.711, 1.718e-3
-1.712, 1.733e-3
-1.713, 1.758e-3
-1.714, 1.728e-3
-1.715, 1.773e-3
-1.716, 1.797e-3
-1.717, 1.800e-3
-1.718, 1.887e-3
-1.719, 1.868e-3
-1.720, 1.859e-3
-1.721, 1.832e-3
-1.722, 1.919e-3
-1.723, 1.871e-3
-1.724, 1.948e-3
-1.725, 1.922e-3
-1.726, 1.956e-3
-1.727, 2.002e-3
-1.728, 1.993e-3
-1.729, 2.005e-3
-1.730, 2.052e-3
-1.731, 2.073e-3
-1.732, 2.106e-3
-1.733, 2.060e-3
-1.734, 2.103e-3
-1.735, 2.087e-3
-1.736, 2.189e-3
-1.737, 2.199e-3
-1.738, 2.235e-3
-1.739, 2.174e-3
-1.740, 2.270e-3
-1.741, 2.279e-3
-1.742, 2.311e-3
-1.743, 2.282e-3
-1.744, 2.320e-3
-1.745, 2.311e-3
-1.746, 2.374e-3
-1.747, 2.387e-3
-1.748, 2.384e-3
-1.749, 2.428e-3
-1.750, 2.434e-3
-1.751, 2.460e-3
-1.752, 2.485e-3
-1.753, 2.526e-3
-1.754, 2.536e-3
-1.755, 2.559e-3
-1.756, 2.548e-3
-1.757, 2.609e-3
-1.758, 2.598e-3
-1.759, 2.664e-3
-1.760, 2.624e-3
-1.761, 2.663e-3
-1.762, 2.693e-3
-1.763, 2.682e-3
-1.764, 2.762e-3
-1.765, 2.794e-3
-1.766, 2.763e-3
-1.767, 2.766e-3
-1.768, 2.787e-3
-1.769, 2.883e-3
-1.770, 2.916e-3
-1.771, 2.984e-3
-1.772, 3.011e-3
-1.773, 3.014e-3
-1.774, 2.989e-3
-1.775, 3.015e-3
-1.776, 3.082e-3
-1.777, 3.009e-3
-1.778, 3.133e-3
-1.779, 3.103e-3
-1.780, 3.170e-3
-1.781, 3.225e-3
-1.782, 3.253e-3
-1.783, 3.326e-3
-1.784, 3.327e-3
-1.785, 3.218e-3
-1.786, 3.338e-3
-1.787, 3.345e-3
-1.788, 3.369e-3
-1.789, 3.371e-3
-1.790, 3.465e-3
-1.791, 3.478e-3
-1.792, 3.483e-3
-1.793, 3.498e-3
-1.794, 3.539e-3
-1.795, 3.623e-3
-1.796, 3.612e-3
-1.797, 3.656e-3
-1.798, 3.785e-3
-1.799, 3.743e-3
-1.800, 3.745e-3
-1.799, 3.668e-3
-1.798, 3.768e-3
-1.797, 3.719e-3
-1.796, 3.719e-3
-1.795, 3.586e-3
-1.794, 3.618e-3
-1.793, 3.703e-3
-1.792, 3.747e-3
-1.791, 3.663e-3
-1.790, 3.610e-3
-1.789, 3.528e-3
-1.788, 3.526e-3
-1.787, 3.556e-3
-1.786, 3.547e-3
-1.785, 3.439e-3
-1.784, 3.396e-3
-1.783, 3.371e-3
-1.782, 3.357e-3
-1.781, 3.335e-3
-1.780, 3.304e-3
-1.779, 3.286e-3
-1.778, 3.283e-3
-1.777, 3.269e-3
-1.776, 3.222e-3
-1.775, 3.211e-3
-1.774, 3.135e-3
-1.773, 3.120e-3
-1.772, 3.093e-3
-1.771, 3.104e-3
-1.770, 3.084e-3
-1.769, 3.047e-3
-1.768, 3.016e-3
-1.767, 2.946e-3
-1.766, 2.945e-3
-1.765, 2.960e-3
-1.764, 2.896e-3
-1.763, 2.882e-3
-1.762, 2.896e-3
-1.761, 2.853e-3
-1.760, 2.830e-3
-1.759, 2.837e-3
-1.758, 2.972e-3
-1.757, 2.917e-3
-1.756, 2.850e-3
-1.755, 2.718e-3
-1.754, 2.523e-3
-1.753, 2.487e-3
-1.752, 2.476e-3
-1.751, 2.455e-3
-1.750, 2.429e-3
-1.749, 2.388e-3
-1.748, 2.391e-3
-1.747, 2.366e-3
-1.746, 2.352e-3
-1.745, 2.314e-3
-1.744, 2.311e-3
-1.743, 2.299e-3
-1.742, 2.268e-3
-1.741, 2.233e-3
-1.740, 2.237e-3
-1.739, 2.198e-3
-1.738, 2.193e-3
-1.737, 2.185e-3
-1.736, 2.176e-3
-1.735, 2.158e-3
-1.734, 2.143e-3
-1.733, 2.126e-3
-1.732, 2.087e-3
-1.731, 2.072e-3
-1.730, 2.035e-3
-1.729, 2.048e-3
-1.728, 2.062e-3
-1.727, 2.033e-3
-1.726, 2.013e-3
-1.725, 1.983e-3
-1.724, 1.955e-3
-1.723, 1.942e-3
-1.722, 1.919e-3
-1.721, 1.894e-3
-1.720, 1.886e-3
-1.719, 1.875e-3
-1.718, 1.852e-3
-1.717, 1.825e-3
-1.716, 1.807e-3
-1.715, 1.790e-3
-1.714, 1.776e-3
-1.713, 1.770e-3
-1.712, 1.766e-3
-1.711, 1.755e-3
-1.710, 1.733e-3
-1.709, 1.713e-3
-1.708, 1.687e-3
-1.707, 1.661e-3
-1.706, 1.635e-3
-1.705, 1.614e-3
-1.704, 1.615e-3
-1.703, 1.606e-3
-1.702, 1.589e-3
-1.701, 1.560e-3
-1.700, 1.540e-3
-1.699, 1.510e-3
-1.698, 1.498e-3
-1.697, 1.476e-3
-1.696, 1.465e-3
-1.695, 1.463e-3
-1.694, 1.455e-3
-1.693, 1.455e-3
-1.692, 1.442e-3
-1.691, 1.420e-3
-1.690, 1.387e-3
-1.689, 1.359e-3
-1.688, 1.350e-3
-1.687, 1.356e-3
-1.686, 1.346e-3
-1.685, 1.314e-3
-1.684, 1.296e-3
-1.683, 1.284e-3
-1.682, 1.270e-3
-1.681, 1.259e-3
-1.680, 1.238e-3
-1.679, 1.229e-3
-1.678, 1.219e-3
-1.677, 1.217e-3
-1.676, 1.203e-3
-1.675, 1.181e-3
-1.674, 1.163e-3
-1.673, 1.149e-3
-1.672, 1.134e-3
-1.671, 1.122e-3
-1.670, 1.110e-3
-1.669, 1.108e-3
-1.668, 1.107e-3
-1.667, 1.098e-3
-1.666, 1.091e-3
-1.665, 1.079e-3
-1.664, 1.067e-3
-1.663, 1.048e-3
-1.662, 1.022e-3
-1.661, 1.009e-3
-1.660, 9.900e-4
-1.659, 9.820e-4
-1.658, 9.695e-4
-1.657, 9.622e-4
-1.656, 9.507e-4
-1.655, 9.375e-4
-1.654, 9.252e-4
-1.653, 9.096e-4
-1.652, 8.946e-4
-1.651, 8.828e-4
-1.650, 8.770e-4
-1.649, 8.697e-4
-1.648, 8.537e-4
-1.647, 8.475e-4
-1.646, 8.315e-4
-1.645, 8.200e-4
-1.644, 8.077e-4
-1.643, 8.033e-4
-1.642, 7.912e-4
-1.641, 7.799e-4
-1.640, 7.705e-4
-1.639, 7.601e-4
-1.638, 7.485e-4
-1.637, 7.375e-4
-1.636, 7.264e-4
-1.635, 7.158e-4
-1.634, 7.069e-4
-1.633, 6.981e-4
-1.632, 6.898e-4
-1.631, 6.789e-4
-1.630, 6.688e-4
-1.629, 6.643e-4
-1.628, 6.577e-4
-1.627, 6.502e-4
-1.626, 6.429e-4
-1.625, 6.380e-4
-1.624, 6.301e-4
-1.623, 6.201e-4
-1.622, 6.098e-4
-1.621, 6.018e-4
-1.620, 5.929e-4
-1.619, 5.844e-4
-1.618, 5.766e-4
-1.617, 5.743e-4
-1.616, 5.658e-4
-1.615, 5.542e-4
-1.614, 5.444e-4
-1.613, 5.372e-4
-1.612, 5.314e-4
-1.611, 5.224e-4
-1.610, 5.146e-4
-1.609, 5.096e-4
-1.608, 4.999e-4
-1.607, 4.941e-4
-1.606, 4.871e-4
-1.605, 4.793e-4
-1.604, 4.729e-4
-1.603, 4.646e-4
-1.602, 4.577e-4
-1.601, 4.512e-4
-1.600, 4.441e-4
-1.599, 4.371e-4
-1.598, 4.315e-4
-1.597, 4.283e-4
-1.596, 4.193e-4
-1.595, 4.134e-4
-1.594, 4.058e-4
-1.593, 3.990e-4
-1.592, 3.934e-4
-1.591, 3.886e-4
-1.590, 3.811e-4
-1.589, 3.740e-4
-1.588, 3.674e-4
-1.587, 3.615e-4
-1.586, 3.558e-4
-1.585, 3.492e-4
-1.584, 3.453e-4
-1.583, 3.394e-4
-1.582, 3.322e-4
-1.581, 3.267e-4
-1.580, 3.217e-4
-1.579, 3.163e-4
-1.578, 3.097e-4
-1.577, 3.057e-4
-1.576, 3.005e-4
-1.575, 2.945e-4
-1.574, 2.903e-4
-1.573, 2.849e-4
-1.572, 2.808e-4
-1.571, 2.757e-4
-1.570, 2.706e-4
-1.569, 2.652e-4
-1.568, 2.602e-4
-1.567, 2.559e-4
-1.566, 2.520e-4
-1.565, 2.477e-4
-1.564, 2.427e-4
-1.563, 2.382e-4
-1.562, 2.346e-4
-1.561, 2.304e-4
-1.560, 2.259e-4
-1.559, 2.215e-4
-1.558, 2.176e-4
-1.557, 2.131e-4
-1.556, 2.102e-4
-1.555, 2.056e-4
-1.554, 2.028e-4
-1.553, 1.996e-4
-1.552, 1.960e-4
-1.551, 1.921e-4
-1.550, 1.881e-4
-1.549, 1.838e-4
-1.548, 1.799e-4
-1.547, 1.772e-4
-1.546, 1.740e-4
-1.545, 1.708e-4
-1.544, 1.679e-4
-1.543, 1.649e-4
-1.542, 1.618e-4
-1.541, 1.584e-4
-1.540, 1.561e-4
-1.539, 1.533e-4
-1.538, 1.507e-4
-1.537, 1.478e-4
-1.536, 1.443e-4
-1.535, 1.416e-4
-1.534, 1.390e-4
-1.533, 1.362e-4
-1.532, 1.338e-4
-1.531, 1.315e-4
-1.530, 1.288e-4
-1.529, 1.265e-4
-1.528, 1.236e-4
-1.527, 1.214e-4
-1.526, 1.192e-4
-1.525, 1.167e-4
-1.524, 1.147e-4
-1.523, 1.121e-4
-1.522, 1.103e-4
-1.521, 1.080e-4
-1.520, 1.062e-4
-1.519, 1.039e-4
-1.518, 1.017e-4
-1.517, 9.952e-5
-1.516, 9.759e-5
-1.515, 9.524e-5
-1.514, 9.311e-5
-1.513, 9.111e-5
-1.512, 8.975e-5
-1.511, 8.798e-5
-1.510, 8.624e-5
-1.509, 8.431e-5
-1.508, 8.234e-5
-1.507, 8.070e-5
-1.506, 7.903e-5
-1.505, 7.740e-5
-1.504, 7.591e-5
-1.503, 7.436e-5
-1.502, 7.284e-5
-1.501, 7.134e-5
-1.500, 6.995e-5
-1.499, 6.836e-5
-1.498, 6.692e-5
-1.497, 6.551e-5
-1.496, 6.418e-5
-1.495, 6.263e-5
-1.494, 6.142e-5
-1.493, 6.027e-5
-1.492, 5.902e-5
-1.491, 5.757e-5
-1.490, 5.642e-5
-1.489, 5.501e-5
-1.488, 5.381e-5
-1.487, 5.257e-5
-1.486, 5.149e-5
-1.485, 5.038e-5
-1.484, 4.914e-5
-1.483, 4.810e-5
-1.482, 4.716e-5
-1.481, 4.596e-5
-1.480, 4.493e-5
-1.479, 4.399e-5
-1.478, 4.302e-5
-1.477, 4.211e-5
-1.476, 4.112e-5
-1.475, 4.030e-5
-1.474, 3.949e-5
-1.473, 3.851e-5
-1.472, 3.771e-5
-1.471, 3.675e-5
-1.470, 3.590e-5
-1.469, 3.513e-5
-1.468, 3.437e-5
-1.467, 3.354e-5
-1.466, 3.276e-5
-1.465, 3.204e-5
-1.464, 3.128e-5
-1.463, 3.057e-5
-1.462, 2.992e-5
-1.461, 2.923e-5
-1.460, 2.859e-5
-1.459, 2.778e-5
-1.458, 2.712e-5
-1.457, 2.655e-5
-1.456, 2.593e-5
-1.455, 2.526e-5
-1.454, 2.475e-5
-1.453, 2.412e-5
-1.452, 2.350e-5
-1.451, 2.303e-5
-1.450, 2.237e-5
-1.449, 2.189e-5
-1.448, 2.130e-5
-1.447, 2.092e-5
-1.446, 2.029e-5
-1.445, 1.992e-5
-1.444, 1.934e-5
-1.443, 1.894e-5
-1.442, 1.845e-5
-1.441, 1.809e-5
-1.440, 1.758e-5
-1.439, 1.715e-5
-1.438, 1.677e-5
-1.437, 1.627e-5
-1.436, 1.603e-5
-1.435, 1.556e-5
-1.434, 1.513e-5
-1.433, 1.485e-5
-1.432, 1.449e-5
-1.431, 1.401e-5
-1.430, 1.377e-5
-1.429, 1.345e-5
-1.428, 1.308e-5
-1.427, 1.270e-5
-1.426, 1.248e-5
-1.425, 1.213e-5
-1.424, 1.187e-5
-1.423, 1.150e-5
-1.422, 1.124e-5
-1.421, 1.099e-5
-1.420, 1.068e-5
-1.419, 1.041e-5
-1.418, 1.018e-5
-1.417, 9.908e-6
-1.416, 9.643e-6
-1.415, 9.327e-6
-1.414, 9.110e-6
-1.413, 8.893e-6
-1.412, 8.654e-6
-1.411, 8.393e-6
-1.410, 8.196e-6
-1.409, 7.978e-6
-1.408, 7.762e-6
-1.407, 7.575e-6
-1.406, 7.362e-6
-1.405, 7.181e-6
-1.404, 6.969e-6
-1.403, 6.803e-6
-1.402, 6.652e-6
-1.401, 6.448e-6
-1.400, 6.301e-6
-1.399, 6.119e-6
-1.398, 5.947e-6
-1.397, 5.805e-6
-1.396, 5.649e-6
-1.395, 5.496e-6
-1.394, 5.345e-6
-1.393, 5.201e-6
-1.392, 5.067e-6
-1.391, 4.940e-6
-1.390, 4.800e-6
-1.389, 4.663e-6
-1.388, 4.530e-6
-1.387, 4.478e-6
-1.386, 4.309e-6
-1.385, 4.187e-6
-1.384, 4.061e-6
-1.383, 3.964e-6
-1.382, 3.869e-6
-1.381, 3.754e-6
-1.380, 3.637e-6
-1.379, 3.530e-6
-1.378, 3.418e-6
-1.377, 3.336e-6
-1.376, 3.253e-6
-1.375, 3.161e-6
-1.374, 3.074e-6
-1.373, 2.991e-6
-1.372, 2.934e-6
-1.371, 2.832e-6
-1.370, 2.778e-6
-1.369, 2.677e-6
-1.368, 2.603e-6
-1.367, 2.529e-6
-1.366, 2.466e-6
-1.365, 2.389e-6
-1.364, 2.325e-6
-1.363, 2.242e-6
-1.362, 2.213e-6
-1.361, 2.152e-6
-1.360, 2.079e-6
-1.359, 2.016e-6
-1.358, 1.933e-6
-1.357, 1.895e-6
-1.356, 1.827e-6
-1.355, 1.783e-6
-1.354, 1.732e-6
-1.353, 1.687e-6
-1.352, 1.645e-6
-1.351, 1.602e-6
-1.350, 1.540e-6
-1.349, 1.483e-6
-1.348, 1.467e-6
-1.347, 1.420e-6
-1.346, 1.396e-6
-1.345, 1.347e-6
-1.344, 1.289e-6
-1.343, 1.259e-6
-1.342, 1.220e-6
-1.341, 1.174e-6
-1.340, 1.143e-6
-1.339, 1.119e-6
-1.338, 1.068e-6
-1.337, 1.033e-6
-1.336, 1.027e-6
-1.335, 9.854e-7
-1.334, 9.588e-7
-1.333, 9.134e-7
-1.332, 8.927e-7
-1.331, 8.729e-7
-1.330, 8.246e-7
-1.329, 7.980e-7
-1.328, 7.871e-7
-1.327, 7.506e-7
-1.326, 7.417e-7
-1.325, 7.052e-7
-1.324, 6.766e-7
-1.323, 6.342e-7
-1.322, 6.332e-7
-1.321, 6.194e-7
-1.320, 5.868e-7
-1.319, 5.543e-7
-1.318, 5.148e-7
-1.317, 5.237e-7
-1.316, 5.069e-7
-1.315, 4.724e-7
-1.314, 4.605e-7
-1.313, 4.240e-7
-1.312, 4.142e-7
-1.311, 4.171e-7
-1.310, 4.102e-7
-1.309, 3.648e-7
-1.308, 3.313e-7
-1.307, 3.254e-7
-1.306, 3.293e-7
-1.305, 2.830e-7
-1.304, 2.573e-7
-1.303, 2.445e-7
-1.302, 2.405e-7
-1.301, 2.267e-7
-1.300, 2.080e-7
-1.299, 1.843e-7
-1.298, 1.744e-7
-1.297, 1.902e-7
-1.296, 1.577e-7
-1.295, 1.360e-7
-1.294, 1.379e-7
-1.293, 1.251e-7
-1.292, 1.004e-7
-1.291, 1.034e-7
-1.290, 9.057e-8
-1.289, 5.900e-8
-1.288, 5.012e-8
-1.287, 5.209e-8
-1.286, 2.249e-8
-1.285, 8.682e-9
-1.284, -9.077e-9
-1.283, 2.762e-9
-1.282, -2.388e-8
-1.281, -1.993e-8
-1.280, -4.459e-8
-1.279, -5.347e-8
-1.278, -5.643e-8
-1.277, -6.827e-8
-1.276, -7.814e-8
-1.275, -8.998e-8
-1.274, -9.491e-8
-1.273, -1.235e-7
-1.272, -1.314e-7
-1.271, -1.117e-7
-1.270, -1.334e-7
-1.269, -1.452e-7
-1.268, -1.511e-7
-1.267, -1.798e-7
-1.266, -1.798e-7
-1.265, -1.768e-7
-1.264, -1.985e-7
-1.263, -2.094e-7
-1.262, -2.153e-7
-1.261, -1.975e-7
-1.260, -2.212e-7
-1.259, -2.538e-7
-1.258, -2.597e-7
-1.257, -2.459e-7
-1.256, -2.498e-7
-1.255, -2.616e-7
-1.254, -2.863e-7
-1.253, -2.735e-7
-1.252, -2.952e-7
-1.251, -2.686e-7
-1.250, -3.100e-7
-1.249, -3.011e-7
-1.248, -3.199e-7
-1.247, -3.120e-7
-1.246, -3.189e-7
-1.245, -3.268e-7
-1.244, -3.544e-7
-1.243, -3.623e-7
-1.242, -3.613e-7
-1.241, -3.633e-7
-1.240, -3.721e-7
-1.239, -3.889e-7
-1.238, -3.771e-7
-1.237, -3.889e-7
-1.236, -4.096e-7
-1.235, -4.116e-7
-1.234, -4.234e-7
-1.233, -4.225e-7
-1.232, -4.215e-7
-1.231, -4.244e-7
-1.230, -4.294e-7
-1.229, -4.639e-7
-1.228, -4.570e-7
-1.227, -4.718e-7
-1.226, -4.560e-7
-1.225, -4.728e-7
-1.224, -4.836e-7
-1.223, -4.925e-7
-1.222, -5.004e-7
-1.221, -4.915e-7
-1.220, -5.063e-7
-1.219, -5.083e-7
-1.218, -5.201e-7
-1.217, -5.201e-7
-1.216, -5.103e-7
-1.215, -5.330e-7
-1.214, -5.389e-7
-1.213, -5.438e-7
-1.212, -5.616e-7
-1.211, -5.339e-7
-1.210, -5.566e-7
-1.209, -5.734e-7
-1.208, -5.557e-7
-1.207, -5.754e-7
-1.206, -5.665e-7
-1.205, -5.951e-7
-1.204, -5.922e-7
-1.203, -6.070e-7
-1.202, -6.089e-7
-1.201, -6.119e-7
-1.200, -6.267e-7
-1.199, -6.178e-7
-1.198, -6.336e-7
-1.197, -6.247e-7
-1.196, -6.375e-7
-1.195, -6.444e-7
-1.194, -6.504e-7
-1.193, -6.731e-7
-1.192, -6.484e-7
-1.191, -6.652e-7
-1.190, -6.750e-7
-1.189, -6.790e-7
-1.188, -6.967e-7
-1.187, -7.017e-7
-1.186, -6.908e-7
-1.185, -6.987e-7
-1.184, -6.948e-7
-1.183, -7.007e-7
-1.182, -7.184e-7
-1.181, -6.967e-7
-1.180, -7.263e-7
-1.179, -7.352e-7
-1.178, -7.470e-7
-1.177, -7.500e-7
-1.176, -7.431e-7
-1.175, -7.441e-7
-1.174, -7.599e-7
-1.173, -7.638e-7
-1.172, -7.766e-7
-1.171, -7.559e-7
-1.170, -7.806e-7
-1.169, -7.875e-7
-1.168, -7.865e-7
-1.167, -7.934e-7
-1.166, -8.053e-7
-1.165, -8.102e-7
-1.164, -8.220e-7
-1.163, -8.092e-7
-1.162, -8.260e-7
-1.161, -8.339e-7
-1.160, -8.289e-7
-1.159, -8.457e-7
-1.158, -8.546e-7
-1.157, -8.664e-7
-1.156, -8.645e-7
-1.155, -8.694e-7
-1.154, -8.654e-7
-1.153, -8.704e-7
-1.152, -8.950e-7
-1.151, -8.773e-7
-1.150, -8.950e-7
-1.149, -8.980e-7
-1.148, -8.931e-7
-1.147, -9.059e-7
-1.146, -8.891e-7
-1.145, -9.098e-7
-1.144, -9.237e-7
-1.143, -9.246e-7
-1.142, -9.444e-7
-1.141, -9.177e-7
-1.140, -9.444e-7
-1.139, -9.532e-7
-1.138, -9.562e-7
-1.137, -9.602e-7
-1.136, -9.582e-7
-1.135, -9.700e-7
-1.134, -9.700e-7
-1.133, -9.740e-7
-1.132, -9.750e-7
-1.131, -9.898e-7
-1.130, -9.986e-7
-1.129, -1.014e-6
-1.128, -1.015e-6
-1.127, -1.018e-6
-1.126, -1.026e-6
-1.125, -1.039e-6
-1.124, -1.041e-6
-1.123, -1.046e-6
-1.122, -1.050e-6
-1.121, -1.058e-6
-1.120, -1.072e-6
-1.119, -1.075e-6
-1.118, -1.082e-6
-1.117, -1.086e-6
-1.116, -1.069e-6
-1.115, -1.103e-6
-1.114, -1.101e-6
-1.113, -1.121e-6
-1.112, -1.110e-6
-1.111, -1.116e-6
-1.110, -1.130e-6
-1.109, -1.139e-6
-1.108, -1.141e-6
-1.107, -1.155e-6
-1.106, -1.151e-6
-1.105, -1.167e-6
-1.104, -1.164e-6
-1.103, -1.185e-6
-1.102, -1.181e-6
-1.101, -1.195e-6
-1.100, -1.198e-6
-1.099, -1.215e-6
-1.098, -1.215e-6
-1.097, -1.228e-6
-1.096, -1.226e-6
-1.095, -1.227e-6
-1.094, -1.241e-6
-1.093, -1.254e-6
-1.092, -1.258e-6
-1.091, -1.264e-6
-1.090, -1.263e-6
-1.089, -1.290e-6
-1.088, -1.297e-6
-1.087, -1.308e-6
-1.086, -1.290e-6
-1.085, -1.290e-6
-1.084, -1.317e-6
-1.083, -1.340e-6
-1.082, -1.338e-6
-1.081, -1.338e-6
-1.080, -1.338e-6
-1.079, -1.354e-6
-1.078, -1.382e-6
-1.077, -1.376e-6
-1.076, -1.377e-6
-1.075, -1.376e-6
-1.074, -1.413e-6
-1.073, -1.429e-6
-1.072, -1.432e-6
-1.071, -1.426e-6
-1.070, -1.431e-6
-1.069, -1.459e-6
-1.068, -1.448e-6
-1.067, -1.478e-6
-1.066, -1.469e-6
-1.065, -1.487e-6
-1.064, -1.499e-6
-1.063, -1.522e-6
-1.062, -1.517e-6
-1.061, -1.522e-6
-1.060, -1.530e-6
-1.059, -1.543e-6
-1.058, -1.558e-6
-1.057, -1.565e-6
-1.056, -1.568e-6
-1.055, -1.561e-6
-1.054, -1.572e-6
-1.053, -1.578e-6
-1.052, -1.608e-6
-1.051, -1.586e-6
-1.050, -1.610e-6
-1.049, -1.623e-6
-1.048, -1.627e-6
-1.047, -1.651e-6
-1.046, -1.632e-6
-1.045, -1.648e-6
-1.044, -1.668e-6
-1.043, -1.665e-6
-1.042, -1.672e-6
-1.041, -1.670e-6
-1.040, -1.670e-6
-1.039, -1.671e-6
-1.038, -1.698e-6
-1.037, -1.688e-6
-1.036, -1.689e-6
-1.035, -1.703e-6
-1.034, -1.723e-6
-1.033, -1.730e-6
-1.032, -1.725e-6
-1.031, -1.718e-6
-1.030, -1.724e-6
-1.029, -1.742e-6
-1.028, -1.734e-6
-1.027, -1.736e-6
-1.026, -1.738e-6
-1.025, -1.746e-6
-1.024, -1.757e-6
-1.023, -1.764e-6
-1.022, -1.770e-6
-1.021, -1.754e-6
-1.020, -1.758e-6
-1.019, -1.761e-6
-1.018, -1.771e-6
-1.017, -1.776e-6
-1.016, -1.763e-6
-1.015, -1.773e-6
-1.014, -1.779e-6
-1.013, -1.765e-6
-1.012, -1.777e-6
-1.011, -1.778e-6
-1.010, -1.794e-6
-1.009, -1.797e-6
-1.008, -1.792e-6
-1.007, -1.798e-6
-1.006, -1.787e-6
-1.005, -1.791e-6
-1.004, -1.787e-6
-1.003, -1.810e-6
-1.002, -1.811e-6
-1.001, -1.791e-6
