Potential V vs RHE, Current mA cm-2
0.05339999999999995,-0.06377518539791585
0.05239999999999995,-0.06659046088464728
0.051399999999999946,-0.0677505241505366
0.050399999999999945,-0.06851446825246373
0.049399999999999944,-0.06913694122440435
0.04839999999999994,-0.06973111997034764
0.04739999999999994,-0.07039603428128423
0.04639999999999994,-0.07103265436622348
0.04539999999999994,-0.07161268599916816
0.04439999999999994,-0.07215027629311688
0.04339999999999994,-0.07267371947406694
0.04239999999999994,-0.0733103395590062
0.04139999999999994,-0.07390451830494953
0.040399999999999936,-0.07442796148589957
0.039399999999999935,-0.07496555177984829
0.038399999999999934,-0.07551728918679566
0.03739999999999993,-0.07609732081974033
0.03639999999999993,-0.07667735245268498
0.03539999999999993,-0.0771866485206364
0.03439999999999993,-0.07769594458858782
0.03339999999999993,-0.07823353488253654
0.03239999999999993,-0.07884186074147849
0.03139999999999993,-0.0794360394874218
0.030399999999999927,-0.07993118844237457
0.029399999999999926,-0.08042633739732732
0.028399999999999925,-0.08099222191727334
0.027399999999999924,-0.08155810643721936
0.026399999999999924,-0.08218057940915997
0.025399999999999923,-0.08271816970310869
0.024399999999999922,-0.08318502443206416
0.02339999999999992,-0.08369432050001557
0.02239999999999992,-0.08426020501996159
0.02139999999999992,-0.08486853087890354
0.020399999999999918,-0.0854202682858509
0.019399999999999917,-0.08591541724080368
0.018399999999999916,-0.08646715464775104
0.017399999999999916,-0.08704718628069572
0.016399999999999915,-0.08759892368764308
0.015399999999999914,-0.08809407264259583
0.014399999999999913,-0.0885892215975486
0.013399999999999912,-0.08915510611749461
0.012399999999999911,-0.08974928486343793
0.01139999999999991,-0.0903293164963826
0.01039999999999991,-0.09089520101632861
0.009399999999999908,-0.09139034997128137
0.008399999999999908,-0.09191379315223143
0.007399999999999907,-0.09255041323717071
0.006399999999999906,-0.09310215064411806
0.005399999999999905,-0.09363974093806678
0.004399999999999904,-0.09414903700601819
0.003399999999999903,-0.09467248018696825
0.002399999999999902,-0.09528080604591022
0.0013999999999999013,-0.09587498479185352
0.00039999999999990044,-0.0964267221988009
-0.0006000000000001005,-0.09695016537975096
-0.0016000000000001013,-0.09744531433470371
-0.0026000000000001022,-0.09803949308064704
-0.003600000000000103,-0.09860537760059306
-0.004600000000000104,-0.09910052655554581
-0.005600000000000105,-0.09963811684949454
-0.006600000000000106,-0.10017570714344325
-0.007600000000000107,-0.10075573877638791
-0.008600000000000108,-0.10134991752233123
-0.009600000000000108,-0.10184506647728399
-0.01060000000000011,-0.10235436254523542
-0.01160000000000011,-0.10289195283918412
-0.012600000000000111,-0.10351442581112473
-0.013600000000000112,-0.1040661632180721
-0.014600000000000113,-0.10458960639902216
-0.015600000000000114,-0.10507060824097628
-0.016600000000000115,-0.10562234564792364
-0.017600000000000116,-0.10618823016786964
-0.018600000000000116,-0.10676826180081432
-0.019600000000000117,-0.10729170498176437
-0.020600000000000118,-0.10778685393671714
-0.02160000000000012,-0.1083102971176672
-0.02260000000000012,-0.10890447586361052
-0.02360000000000012,-0.1094562132705579
-0.024600000000000122,-0.11000795067750524
-0.025600000000000123,-0.11048895251945937
-0.026600000000000124,-0.11099824858741078
-0.027600000000000124,-0.11160657444635275
-0.028600000000000125,-0.1121300176273028
-0.029600000000000126,-0.11265346080825286
-0.030600000000000127,-0.1131627568762043
-0.03160000000000013,-0.113700347170153
-0.03260000000000013,-0.11428037880309765
-0.03360000000000013,-0.11478967487104909
-0.03460000000000002,-0.11531311805199915
-0.03560000000000002,-0.11579411989395326
-0.03660000000000002,-0.11631756307490332
-0.03760000000000002,-0.11692588893384527
-0.03860000000000002,-0.11750592056678995
-0.039600000000000024,-0.1179727752957454
-0.040600000000000025,-0.11845377713769951
-0.041600000000000026,-0.11890648475365632
-0.04260000000000003,-0.11947236927360234
-0.04360000000000003,-0.12002410668054972
-0.04460000000000003,-0.12049096140950517
-0.04560000000000003,-0.12098611036445794
-0.04660000000000003,-0.12149540643240934
-0.04760000000000003,-0.12199055538736212
-0.04860000000000003,-0.12254229279430948
-0.04960000000000003,-0.12302329463626359
-0.050600000000000034,-0.12351844359121636
-0.051600000000000035,-0.12401359254616913
-0.052600000000000036,-0.12455118284011783
-0.053600000000000037,-0.12504633179507058
-0.05460000000000004,-0.1254707451850301
-0.05560000000000004,-0.1258668643489923
-0.05660000000000004,-0.12634786619094643
-0.05760000000000004,-0.12688545648489513
-0.05860000000000004,-0.12742304677884386
-0.05960000000000004,-0.12786160728180201
-0.06060000000000004,-0.12828602067176154
-0.061600000000000044,-0.12879531673971292
-0.06260000000000004,-0.12927631858166705
-0.06360000000000005,-0.12978561464961846
-0.06460000000000005,-0.13025246937857393
-0.06560000000000005,-0.13067688276853343
-0.06660000000000005,-0.1311437374974889
-0.06760000000000005,-0.13166718067843897
-0.06860000000000005,-0.13214818252039306
-0.06960000000000005,-0.13257259591035261
-0.07060000000000005,-0.13301115641331077
-0.07160000000000005,-0.13340727557727297
-0.07260000000000005,-0.13390242453222573
-0.07360000000000005,-0.1343975734871785
-0.07460000000000006,-0.1348502811031353
-0.07560000000000006,-0.13523225315409887
-0.07660000000000006,-0.13568496077005568
-0.07760000000000006,-0.13625084529000167
-0.07860000000000006,-0.13664696445396388
-0.07960000000000006,-0.13702893650492745
-0.08060000000000006,-0.13743920278188831
-0.08160000000000006,-0.13786361617184784
-0.08260000000000006,-0.13834461801380196
-0.08360000000000006,-0.1388114727427574
-0.08460000000000006,-0.13920759190671964
-0.08560000000000006,-0.13961785818368047
-0.08660000000000007,-0.14002812446064133
-0.08760000000000007,-0.1404666849635995
-0.08860000000000007,-0.14094768680555358
-0.08960000000000007,-0.14135795308251448
-0.09060000000000007,-0.14175407224647668
-0.09160000000000007,-0.1421784856364362
-0.09260000000000007,-0.1426028990263957
-0.09360000000000007,-0.14302731241635522
-0.09460000000000007,-0.1433102546763282
-0.09560000000000007,-0.1437346680662877
-0.09660000000000007,-0.14401761032626076
-0.09760000000000008,-0.14444202371622025
-0.09860000000000008,-0.14486643710617977
-0.09960000000000008,-0.14529085049613927
-0.10060000000000008,-0.14571526388609876
-0.10160000000000008,-0.14599820614607179
-0.10260000000000008,-0.14642261953603128
-0.10360000000000008,-0.14684703292599083
-0.10460000000000008,-0.14727144631595032
-0.10560000000000008,-0.14755438857592332
-0.10660000000000008,-0.14797880196588284
-0.10760000000000008,-0.14840321535584233
-0.10860000000000009,-0.14882762874580185
-0.10960000000000009,-0.14925204213576138
-0.11060000000000009,-0.14953498439573437
-0.11160000000000009,-0.1498179266557074
-0.11260000000000009,-0.1503838111756534
-0.11360000000000009,-0.1506667534356264
-0.11460000000000009,-0.1510911668255859
-0.11560000000000009,-0.15151558021554543
-0.11660000000000009,-0.15179852247551845
-0.1176000000000001,-0.15222293586547794
-0.1186000000000001,-0.15264734925543746
-0.1196000000000001,-0.15293029151541046
-0.1206000000000001,-0.15335470490536995
-0.1216000000000001,-0.15363764716534298
-0.1226000000000001,-0.1540620605553025
-0.1236000000000001,-0.15448647394526202
-0.1246000000000001,-0.15462794507524852
-0.1256000000000001,-0.155052358465208
-0.1266000000000001,-0.155335300725181
-0.1276000000000001,-0.15575971411514053
-0.1286000000000001,-0.15618412750510002
-0.1296000000000001,-0.15646706976507307
-0.1306000000000001,-0.15675001202504607
-0.1316000000000001,-0.15717442541500556
-0.1326000000000001,-0.1574573676749786
-0.1336000000000001,-0.15788178106493808
-0.1346000000000001,-0.15816472332491108
-0.1356000000000001,-0.1584476655848841
-0.1366000000000001,-0.1588720789748436
-0.1376000000000001,-0.15929649236480314
-0.1386000000000001,-0.15957943462477614
-0.1396000000000001,-0.15986237688474914
-0.1406000000000001,-0.16014531914472213
-0.14160000000000011,-0.16056973253468165
-0.14260000000000012,-0.16099414592464115
-0.14360000000000012,-0.16127708818461417
-0.14460000000000012,-0.1615600304445872
-0.14560000000000012,-0.1618429727045602
-0.14660000000000012,-0.1622673860945197
-0.14760000000000012,-0.1625503283544927
-0.14860000000000012,-0.1629747417444522
-0.14960000000000012,-0.16325768400442522
-0.15060000000000012,-0.16354062626439822
-0.15160000000000012,-0.16382356852437122
-0.15260000000000012,-0.16424798191433077
-0.15360000000000013,-0.16453092417430376
-0.15460000000000013,-0.16481386643427676
-0.15560000000000013,-0.16509680869424978
-0.15660000000000013,-0.16537975095422278
-0.15760000000000013,-0.1658041643441823
-0.15860000000000013,-0.16608710660415532
-0.15960000000000002,-0.16637004886412832
-0.16060000000000002,-0.1666529911241013
-0.16160000000000002,-0.1669359333840743
-0.16260000000000002,-0.16736034677403386
-0.16360000000000002,-0.16764328903400685
-0.16460000000000002,-0.16792623129397988
-0.16560000000000002,-0.16835064468393937
-0.16660000000000003,-0.16877505807389886
-0.16760000000000003,-0.1689165292038854
-0.16860000000000003,-0.1693409425938449
-0.16960000000000003,-0.1694824137238314
-0.17060000000000003,-0.1697653559838044
-0.17160000000000003,-0.17004829824377743
-0.17260000000000003,-0.17033124050375043
-0.17360000000000003,-0.17061418276372342
-0.17460000000000003,-0.17089712502369644
-0.17560000000000003,-0.17103859615368294
-0.17660000000000003,-0.17132153841365594
-0.17760000000000004,-0.17160448067362896
-0.17860000000000004,-0.17188742293360199
-0.17960000000000004,-0.17217036519357498
-0.18060000000000004,-0.17231183632356148
-0.18160000000000004,-0.17259477858353447
-0.18260000000000004,-0.173019191973494
-0.18360000000000004,-0.173302134233467
-0.18460000000000004,-0.17358507649344
-0.18560000000000004,-0.1737265476234265
-0.18660000000000004,-0.17400948988339954
-0.18760000000000004,-0.17443390327335903
-0.18860000000000005,-0.17471684553333205
-0.18960000000000005,-0.17485831666331855
-0.19060000000000005,-0.17514125892329155
-0.19160000000000005,-0.17542420118326454
-0.19260000000000005,-0.17570714344323757
-0.19360000000000005,-0.17599008570321056
-0.19460000000000005,-0.17627302796318356
-0.19560000000000005,-0.17641449909317006
-0.19660000000000005,-0.1766974413531431
-0.19760000000000005,-0.1769803836131161
-0.19860000000000005,-0.1772633258730891
-0.19960000000000006,-0.17754626813306212
-0.20060000000000006,-0.17768773926304862
-0.20160000000000006,-0.17797068152302162
-0.20260000000000006,-0.1782536237829946
-0.20360000000000006,-0.1783950949129811
-0.20460000000000006,-0.17867803717295414
-0.20560000000000006,-0.17881950830294063
-0.20660000000000006,-0.17910245056291366
-0.20760000000000006,-0.17938539282288665
-0.20860000000000006,-0.17952686395287318
-0.20960000000000006,-0.17980980621284617
-0.21060000000000006,-0.17995127734283267
-0.21160000000000007,-0.18023421960280567
-0.21260000000000007,-0.1805171618627787
-0.21360000000000007,-0.1808001041227517
-0.21460000000000007,-0.18094157525273818
-0.21560000000000007,-0.18108304638272468
-0.21660000000000007,-0.18136598864269768
-0.21760000000000007,-0.18164893090267073
-0.21860000000000007,-0.18193187316264373
-0.21960000000000007,-0.18207334429263022
-0.22060000000000007,-0.18221481542261672
-0.22160000000000007,-0.18249775768258975
-0.22260000000000008,-0.18278069994256274
-0.22360000000000008,-0.18292217107254924
-0.22460000000000008,-0.18320511333252223
-0.22560000000000008,-0.18334658446250876
-0.22660000000000008,-0.18362952672248176
-0.22760000000000008,-0.18391246898245475
-0.22860000000000008,-0.18405394011244128
-0.22960000000000008,-0.18419541124242778
-0.23060000000000008,-0.1844783535024008
-0.23160000000000008,-0.1846198246323873
-0.23260000000000008,-0.1849027668923603
-0.23360000000000009,-0.1850442380223468
-0.2346000000000001,-0.18532718028231981
-0.2356000000000001,-0.1854686514123063
-0.2366000000000001,-0.1856101225422928
-0.2376000000000001,-0.1858930648022658
-0.2386000000000001,-0.1861760070622388
-0.2396000000000001,-0.18631747819222533
-0.2406000000000001,-0.18645894932221183
-0.2416000000000001,-0.18674189158218485
-0.2426000000000001,-0.18702483384215784
-0.2436000000000001,-0.18730777610213087
-0.2446000000000001,-0.18744924723211737
-0.2456000000000001,-0.18759071836210386
-0.2466000000000001,-0.18787366062207686
-0.2476000000000001,-0.18815660288204988
-0.2486000000000001,-0.18843954514202288
-0.2496000000000001,-0.18858101627200938
-0.2506000000000001,-0.18872248740199588
-0.2516000000000001,-0.18914690079195542
-0.2526000000000001,-0.18942984305192842
-0.2536000000000001,-0.18971278531190142
-0.2546000000000001,-0.18985425644188791
-0.2556000000000001,-0.1899957275718744
-0.2566000000000001,-0.19027866983184744
-0.2576000000000001,-0.19070308322180693
-0.2586000000000001,-0.19098602548177993
-0.2596000000000001,-0.19112749661176645
-0.2606000000000001,-0.19141043887173945
-0.2616000000000001,-0.19169338113171247
-0.2626000000000001,-0.192117794521672
-0.2636000000000001,-0.192400736781645
-0.2646000000000001,-0.19268367904161798
-0.2656000000000001,-0.192966621301591
-0.2666000000000001,-0.193249563561564
-0.2676000000000001,-0.1936739769515235
-0.2686000000000001,-0.19409839034148305
-0.2696000000000001,-0.19438133260145604
-0.2706000000000001,-0.19466427486142904
-0.2716000000000001,-0.19508868825138856
-0.2726000000000001,-0.19551310164134805
-0.2736000000000001,-0.19593751503130757
-0.2746000000000001,-0.19622045729128057
-0.2756000000000001,-0.1966448706812401
-0.2766000000000001,-0.1970692840711996
-0.2776000000000001,-0.1976351685911456
-0.2786000000000001,-0.19805958198110513
-0.2796000000000001,-0.19848399537106462
-0.2806000000000001,-0.19890840876102414
-0.28160000000000013,-0.19947429328097016
-0.28260000000000013,-0.20004017780091618
-0.28360000000000013,-0.20060606232086217
-0.2846,-0.2010304757108217
-0.2856,-0.20159636023076774
-0.2866,-0.20216224475071373
-0.2876,-0.20272812927065975
-0.2886,-0.20343548492059227
-0.2896,-0.2040013694405383
-0.2906,-0.20456725396048434
-0.2916,-0.20541608074040332
-0.2926,-0.20598196526034934
-0.2936,-0.20683079204026839
-0.29460000000000003,-0.2075381476902009
-0.29560000000000003,-0.20838697447011992
-0.29660000000000003,-0.20909433012005244
-0.29760000000000003,-0.20994315689997145
-0.29860000000000003,-0.21079198367989047
-0.29960000000000003,-0.2116408104598095
-0.30060000000000003,-0.21234816610974203
-0.30160000000000003,-0.21333846401964754
-0.30260000000000004,-0.21418729079956658
-0.30360000000000004,-0.2151775887094721
-0.30460000000000004,-0.2160264154893911
-0.30560000000000004,-0.21701671339929662
-0.30660000000000004,-0.21800701130920216
-0.30760000000000004,-0.21913878034909418
-0.30860000000000004,-0.22012907825899972
-0.30960000000000004,-0.22111937616890526
-0.31060000000000004,-0.22225114520879727
-0.31160000000000004,-0.22338291424868928
-0.31260000000000004,-0.22465615441856782
-0.31360000000000005,-0.22578792345845985
-0.31460000000000005,-0.2270611636283384
-0.31560000000000005,-0.2281929326682304
-0.31660000000000005,-0.22946617283810894
-0.31760000000000005,-0.23088088413797397
-0.31860000000000005,-0.2321541243078525
-0.31960000000000005,-0.23356883560771755
-0.32060000000000005,-0.23498354690758255
-0.32160000000000005,-0.23639825820744764
-0.32260000000000005,-0.23795444063729917
-0.32360000000000005,-0.2393691519371642
-0.32460000000000006,-0.24078386323702924
-0.32560000000000006,-0.2423400456668808
-0.32660000000000006,-0.24403769922671883
-0.32760000000000006,-0.24559388165657034
-0.32860000000000006,-0.24729153521640837
-0.32960000000000006,-0.24898918877624646
-0.33060000000000006,-0.25068684233608446
-0.33160000000000006,-0.2523844958959225
-0.33260000000000006,-0.25422362058574705
-0.33360000000000006,-0.2560627452755716
-0.33460000000000006,-0.25790186996539616
-0.33560000000000006,-0.25974099465522077
-0.33660000000000007,-0.2617215904750318
-0.33760000000000007,-0.2637021862948429
-0.33860000000000007,-0.26582425324464043
-0.33960000000000007,-0.26780484906445146
-0.34060000000000007,-0.269926916014249
-0.34160000000000007,-0.27204898296404656
-0.34260000000000007,-0.27431252104383064
-0.34360000000000007,-0.2764345879936282
-0.3446000000000001,-0.27869812607341227
-0.3456000000000001,-0.2809616641531963
-0.3466000000000001,-0.28336667336296684
-0.34759999999999996,-0.2857716825727374
-0.3486000000000001,-0.288176691782508
-0.34959999999999997,-0.29058170099227854
-0.3506000000000001,-0.2931281813320356
-0.35159999999999997,-0.2956746616717927
-0.3526000000000001,-0.29822114201154976
-0.35359999999999997,-0.3009090934812933
-0.3546000000000001,-0.3034555738210504
-0.35559999999999997,-0.3061435252907939
-0.3566000000000001,-0.30883147676053746
-0.3576,-0.3116608993602676
-0.3586000000000001,-0.3144903219599976
-0.3596,-0.3173197445597277
-0.3606000000000001,-0.32014916715945774
-0.3616,-0.3231200608891744
-0.3626000000000001,-0.3260909546188909
-0.3636,-0.329203319478594
-0.3646000000000001,-0.33217421320831064
-0.3656,-0.3352865780680137
-0.3666000000000001,-0.3385404140577033
-0.3676,-0.3417942500473929
-0.3686000000000001,-0.3450480860370824
-0.3696,-0.34830192202677207
-0.3706000000000001,-0.35155575801646166
-0.3716,-0.35495106513613767
-0.3726000000000001,-0.3584878433858003
-0.3736,-0.36188315050547637
-0.3746000000000001,-0.3652784576251525
-0.3756,-0.3686737647448286
-0.3766000000000001,-0.3723520141244776
-0.3776,-0.3760302635041267
-0.3786000000000001,-0.3795670417537893
-0.3796,-0.3832452911334384
-0.3806000000000001,-0.3869235405130875
-0.3816,-0.3907432610227231
-0.3826000000000001,-0.3944215104023722
-0.3836,-0.3982412309120078
-0.3846000000000001,-0.4020609514216434
-0.3856,-0.405880671931279
-0.3866000000000001,-0.40998333470088766
-0.3876,-0.41394452634050977
-0.3886000000000001,-0.4179057179801318
-0.3896,-0.4218669096197539
-0.3906000000000001,-0.42596957238936256
-0.3916,-0.43007223515897114
-0.3926000000000001,-0.4343163690585663
-0.3936,-0.4384190318281749
-0.3946000000000001,-0.44252169459778345
-0.3956,-0.44676582849737856
-0.3966000000000001,-0.4511514335269602
-0.3976,-0.45553703855654176
-0.3986000000000001,-0.4599226435861234
-0.3996,-0.4641667774857185
-0.4006000000000001,-0.4685523825153001
-0.4016,-0.47293798754488175
-0.4026000000000001,-0.47746506370444985
-0.4036,-0.4818506687340315
-0.4046000000000001,-0.4862362737636131
-0.4056,-0.4907633499231812
-0.40660000000000013,-0.49514895495276273
-0.4076,-0.49981750224231747
-0.40860000000000013,-0.5043445784018855
-0.4096,-0.5088716545614537
-0.41060000000000013,-0.5133987307210217
-0.4116,-0.5180672780105765
-0.41260000000000013,-0.5227358253001311
-0.4136,-0.5272629014596992
-0.41460000000000014,-0.5319314487492538
-0.4156,-0.536458524908822
-0.41660000000000014,-0.5411270721983766
-0.4176,-0.5457956194879312
-0.41860000000000014,-0.5504641667774858
-0.41960000000000003,-0.5551327140670403
-0.42060000000000014,-0.5596597902266085
-0.42160000000000003,-0.5644698086461497
-0.42260000000000014,-0.5692798270656908
-0.42360000000000003,-0.5738069032252588
-0.42460000000000014,-0.5784754505148135
-0.42560000000000003,-0.5830025266743816
-0.42660000000000015,-0.5876710739639363
-0.42760000000000004,-0.5921981501235044
-0.42860000000000015,-0.596866697413059
-0.42960000000000004,-0.601393773572627
-0.43060000000000015,-0.6059208497321952
-0.43160000000000004,-0.6104479258917633
-0.43260000000000015,-0.6149750020513315
-0.43360000000000004,-0.6192191359509266
-0.43460000000000015,-0.6237462121104946
-0.43560000000000004,-0.6281318171400763
-0.43660000000000015,-0.6325174221696578
-0.43760000000000004,-0.6369030271992394
-0.43860000000000016,-0.6412886322288212
-0.43960000000000005,-0.6455327661284163
-0.44060000000000016,-0.6497769000280114
-0.44160000000000005,-0.6540210339276065
-0.44260000000000016,-0.658406638957188
-0.44360000000000005,-0.6625093017267967
-0.44460000000000016,-0.6664704933664187
-0.44560000000000005,-0.6705731561360274
-0.44660000000000016,-0.674675818905636
-0.44760000000000005,-0.6787784816752446
-0.44860000000000017,-0.6827396733148667
-0.44960000000000006,-0.6865593938245023
-0.45060000000000017,-0.6902376432041514
-0.45160000000000006,-0.694057363713787
-0.45260000000000017,-0.6978770842234225
-0.45360000000000006,-0.7014138624730852
-0.45460000000000017,-0.7049506407227478
-0.45560000000000006,-0.7084874189724104
-0.4566000000000002,-0.7118827260920865
-0.45760000000000006,-0.7154195043417491
-0.4586000000000002,-0.7186733403314387
-0.45960000000000006,-0.7219271763211282
-0.4606000000000002,-0.7251810123108178
-0.46160000000000007,-0.7284348483005074
-0.4626000000000002,-0.731405742030224
-0.46360000000000007,-0.734518106889927
-0.4646000000000002,-0.7373475294896572
-0.46560000000000007,-0.7401769520893872
-0.4666000000000002,-0.7430063746891172
-0.46760000000000007,-0.7458357972888473
-0.4686000000000002,-0.7485237487585908
-0.4696000000000001,-0.7512117002283345
-0.4706000000000002,-0.7537581805680915
-0.4716000000000001,-0.756163189777862
-0.47259999999999996,-0.7587096701176191
-0.4736000000000001,-0.7611146793273897
-0.47459999999999997,-0.7633782174071737
-0.4756000000000001,-0.7655002843569714
-0.47659999999999997,-0.7677638224367553
-0.4776000000000001,-0.7698858893865529
-0.47859999999999997,-0.7720079563363506
-0.4796000000000001,-0.7739885521561616
-0.48059999999999997,-0.7759691479759726
-0.4816000000000001,-0.7779497437957836
-0.4826,-0.7797888684856082
-0.4836000000000001,-0.7816279931754327
-0.4846,-0.7833256467352708
-0.4856000000000001,-0.7850233002951088
-0.4866,-0.7868624249849333
-0.4876000000000001,-0.7884186074147849
-0.4886,-0.7899747898446364
-0.4896000000000001,-0.7913895011445016
-0.4906,-0.792945683574353
-0.4916000000000001,-0.7943603948742181
-0.4926,-0.7959165773040696
-0.4936000000000001,-0.7973312886039347
-0.4946,-0.7986045287738132
-0.4956000000000001,-0.7998777689436917
-0.4966,-0.8012924802435567
-0.4976000000000001,-0.8025657204134353
-0.4986,-0.8038389605833138
-0.4996000000000001,-0.8051122007531923
-0.5005999999999999,-0.8062439697930843
-0.5016,-0.8076586810929495
-0.5025999999999999,-0.808931921262828
-0.5036,-0.81006369030272
-0.5045999999999999,-0.8111954593426121
-0.5056,-0.812327228382504
-0.5065999999999999,-0.8136004685523825
-0.5076,-0.8148737087222612
-0.5085999999999999,-0.8160054777621532
-0.5096,-0.8172787179320317
-0.5105999999999999,-0.8184104869719238
-0.5116,-0.8198251982717888
-0.5126,-0.8210984384416673
-0.5136000000000001,-0.8223716786115459
-0.5146,-0.8235034476514379
-0.5156000000000001,-0.8247766878213164
-0.5166,-0.8261913991211816
-0.5176000000000001,-0.8276061104210465
-0.5186,-0.8290208217209115
-0.5196000000000001,-0.8304355330207766
-0.5206,-0.8317087731906551
-0.5216000000000001,-0.8331234844905201
-0.5226,-0.8346796669203717
-0.5236000000000001,-0.8362358493502232
-0.5246,-0.8377920317800748
-0.5256000000000001,-0.8393482142099263
-0.5266,-0.8409043966397778
-0.5276000000000001,-0.8424605790696293
-0.5286,-0.8442997037594538
-0.5296000000000001,-0.8459973573192919
-0.5306,-0.8478364820091164
-0.5316000000000001,-0.849675606698941
-0.5326,-0.8516562025187521
-0.5336000000000001,-0.8536367983385632
-0.5346,-0.8556173941583741
-0.5356000000000001,-0.8575979899781853
-0.5366,-0.8597200569279828
-0.5376000000000001,-0.8619835950077669
-0.5386,-0.8641056619575644
-0.5396000000000001,-0.8663692000373485
-0.5406,-0.8686327381171326
-0.5416000000000001,-0.871037747326903
-0.5426,-0.8734427565366737
-0.5436000000000001,-0.8758477657464442
-0.5446,-0.8782527749562148
-0.5456000000000001,-0.8807992552959719
-0.5466,-0.8834872067657155
-0.5476000000000001,-0.8861751582354589
-0.5486,-0.8888631097052027
-0.5496000000000001,-0.8916925323049326
-0.5506,-0.8945219549046627
-0.5516000000000001,-0.8974928486343793
-0.5526,-0.9006052134940823
-0.5536000000000001,-0.9035761072237989
-0.5546,-0.9066884720835021
-0.5556000000000001,-0.909800836943205
-0.5566,-0.912913201802908
-0.5576000000000001,-0.9163085089225843
-0.5586,-0.9195623449122737
-0.5596000000000001,-0.92295765203195
-0.5606,-0.9263529591516261
-0.5616000000000001,-0.9298897374012886
-0.5626,-0.9335679867809377
-0.5636000000000001,-0.9373877072905734
-0.5646,-0.9410659566702223
-0.5656000000000001,-0.9448856771798579
-0.5666,-0.9487053976894935
-0.5676000000000001,-0.9526665893291157
-0.5686,-0.9566277809687379
-0.5696000000000001,-0.9607304437383465
-0.5706,-0.9648331065079551
-0.5716000000000001,-0.9690772404075502
-0.5726,-0.9734628454371318
-0.5736000000000001,-0.9778484504667133
-0.5746,-0.9820925843663083
-0.5756000000000001,-0.9867611316558631
-0.5766,-0.9915711500754043
-0.5776000000000001,-0.9963811684949454
-0.5786,-1.0010497157844997
-0.5796000000000001,-1.0057182630740547
-0.5806,-1.0105282814935956
-0.5816000000000001,-1.01562124217311
-0.5826,-1.0207142028526242
-0.5836000000000001,-1.0259486346621245
-0.5846,-1.0310415953416388
-0.5856000000000001,-1.0362760271511395
-0.5866,-1.0416519300906264
-0.5876000000000001,-1.0471693041601002
-0.5886,-1.0525452070995875
-0.5896000000000001,-1.0582040522990475
-0.5906,-1.063721426368521
-0.5916000000000001,-1.0693802715679812
-0.5926,-1.0753220590274144
-0.5936000000000001,-1.081122375356861
-0.5946,-1.0870641628162943
-0.5956000000000001,-1.0931474214057137
-0.5966,-1.09937215112512
-0.5975999999999999,-1.1057383519745128
-0.5986,-1.1119630816939188
-0.5995999999999999,-1.118470753673298
-0.6006,-1.1249784256526771
-0.6015999999999999,-1.1316275687620427
-0.6026,-1.1384181830013949
-0.6035999999999999,-1.1452087972407472
-0.6046,-1.1519994114800993
-0.6055999999999999,-1.1590729679794245
-0.6066,-1.1661465244787497
-0.6075999999999999,-1.1733615521080614
-0.6086,-1.180576579737373
-0.6095999999999999,-1.1877916073666848
-0.6106,-1.1952895772559695
-0.6115999999999999,-1.2029290182752408
-0.6126,-1.2105684592945118
-0.6135999999999999,-1.2182079003137831
-0.6146,-1.2261302835930272
-0.6155999999999999,-1.2340526668722716
-0.6166,-1.2422579924114887
-0.6175999999999999,-1.2503218468207193
-0.6186,-1.2585271723599365
-0.6195999999999999,-1.2667324978991539
-0.6206,-1.275220765698344
-0.6215999999999999,-1.2838505046275208
-0.6226,-1.2921973012967245
-0.6235999999999999,-1.3011099824858743
-0.6246,-1.3098811925450375
-0.6255999999999999,-1.318793873734187
-0.6266,-1.32798949718331
-0.6275999999999999,-1.3373265917624193
-0.6286,-1.346522215211542
-0.6295999999999999,-1.3560007809206376
-0.6306,-1.3654793466297335
-0.6315999999999999,-1.3749579123388291
-0.6326,-1.384719420307898
-0.6335999999999999,-1.3944809282769666
-0.6346,-1.4043839073760218
-0.6355999999999999,-1.4144283576050638
-0.6366,-1.4246142789640919
-0.6376,-1.4345172580631471
-0.6386000000000001,-1.4458349484620676
-0.6396,-1.4557379275611226
-0.6406000000000001,-1.4670556179600431
-0.6416,-1.4769585970590984
-0.6426000000000001,-1.4882762874580184
-0.6436,-1.499593977856939
-0.6446000000000001,-1.510911668255859
-0.6456,-1.5208146473549145
-0.6466000000000001,-1.5321323377538347
-0.6476,-1.54486473945262
-0.6486000000000001,-1.5561824298515403
-0.6496,-1.5675001202504606
-0.6506000000000001,-1.580232521949246
-0.6516,-1.5915502123481662
-0.6526000000000001,-1.6042826140469515
-0.6536,-1.6156003044458718
-0.6546000000000001,-1.6283327061446573
-0.6556,-1.6410651078434426
-0.6566000000000001,-1.653797509542228
-0.6576,-1.6665299112410132
-0.6586000000000001,-1.6792623129397986
-0.6596,-1.6919947146385839
-0.6606000000000001,-1.7061418276372344
-0.6616,-1.7188742293360195
-0.6626000000000001,-1.7330213423346699
-0.6636,-1.7457537440334552
-0.6646000000000001,-1.7599008570321055
-0.6656,-1.774047970030756
-0.6666000000000001,-1.7881950830294064
-0.6676,-1.8023421960280568
-0.6686000000000001,-1.8164893090267071
-0.6696,-1.8306364220253575
-0.6706000000000001,-1.8447835350240078
-0.6716,-1.8603453593225232
-0.6726000000000001,-1.8744924723211736
-0.6736,-1.890054296619689
-0.6746000000000001,-1.9042014096183393
-0.6756,-1.9197632339168547
-0.6766000000000001,-1.93532505821537
-0.6776,-1.9508868825138854
-0.6786000000000001,-1.9664487068124006
-0.6796,-1.9820105311109162
-0.6806000000000001,-1.9989870667092968
-0.6816,-2.014548891007812
-0.6826000000000001,-2.0315254266061924
-0.6836,-2.048501962204573
-0.6846000000000001,-2.0654784978029537
-0.6856,-2.081040322101469
-0.6866000000000001,-2.0980168576998492
-0.6876,-2.116408104598095
-0.6886000000000001,-2.133384640196476
-0.6896,-2.150361175794856
-0.6906000000000001,-2.1687524226931014
-0.6916,-2.1857289582914814
-0.6926000000000001,-2.204120205189727
-0.6936,-2.2210967407881075
-0.6946000000000001,-2.2394879876863527
-0.6956,-2.257879234584599
-0.6966000000000001,-2.276270481482844
-0.6976,-2.296076439680954
-0.6986000000000001,-2.3144676865791998
-0.6996,-2.3328589334774454
-0.7006000000000001,-2.352664891675556
-0.7016,-2.3724708498736664
-0.7026000000000001,-2.392276808071777
-0.7036,-2.4106680549700226
-0.7046000000000001,-2.430474013168133
-0.7056,-2.4502799713662435
-0.7066000000000001,-2.4715006408642193
-0.7076,-2.4913065990623298
-0.7086000000000001,-2.512527268560305
-0.7096,-2.532333226758415
-0.7106000000000001,-2.5535538962563913
-0.7116,-2.5747745657543666
-0.7126000000000001,-2.5959952352523423
-0.7136,-2.6172159047503176
-0.7146000000000001,-2.6384365742482934
-0.7156,-2.659657243746269
-0.7166000000000001,-2.6822926245441097
-0.7176,-2.7049280053419507
-0.7186000000000001,-2.7261486748399255
-0.7196,-2.7487840556377665
-0.7206000000000001,-2.7714194364356066
-0.7216,-2.794054817233447
-0.7225999999999999,-2.818104909331153
-0.7236,-2.840740290128994
-0.7245999999999999,-2.863375670926834
-0.7256,-2.88742576302454
-0.7265999999999999,-2.9100611438223805
-0.7276,-2.9341112359200863
-0.7285999999999999,-2.9581613280177916
-0.7296,-2.9836261314153627
-0.7305999999999999,-3.0076762235130676
-0.7316,-3.0331410269106387
-0.7325999999999999,-3.0571911190083445
-0.7336,-3.082655922405915
-0.7345999999999999,-3.1081207258034858
-0.7356,-3.1335855292010564
-0.7365999999999999,-3.159050332598627
-0.7376,-3.1845151359961976
-0.7385999999999999,-3.2099799393937682
-0.7396,-3.2368594540912037
-0.7405999999999999,-3.2623242574887747
-0.7416,-3.2892037721862106
-0.7425999999999999,-3.317497998183511
-0.7436,-3.3443775128809468
-0.7445999999999999,-3.371257027578382
-0.7456,-3.3981365422758185
-0.7465999999999999,-3.426430768273119
-0.7476,-3.45472499427042
-0.7485999999999999,-3.4816045089678553
-0.7496,-3.509898734965156
-0.7505999999999999,-3.539607672262322
-0.7516,-3.5679018982596227
-0.7525999999999999,-3.5976108355567886
-0.7536,-3.6259050615540893
-0.7545999999999999,-3.6556139988512544
-0.7556,-3.6853229361484203
-0.7565999999999999,-3.715031873445586
-0.7576,-3.744740810742752
-0.7585999999999999,-3.7744497480399173
-0.7596,-3.8055733966369485
-0.7605999999999999,-3.835282333934114
-0.7616,-3.8664059825311448
-0.7626,-3.8975296311281755
-0.7636000000000001,-3.9286532797252063
-0.7646,-3.9597769283222375
-0.7656000000000001,-3.9909005769192687
-0.7666,-4.023438936816164
-0.7676000000000001,-4.054562585413195
-0.7686,-4.08710094531009
-0.7696000000000001,-4.119639305206987
-0.7706,-4.152177665103882
-0.7716000000000001,-4.186130736300643
-0.7726,-4.218669096197539
-0.7736000000000001,-4.2526221673943
-0.7746,-4.286575238591061
-0.7756000000000001,-4.3205283097878215
-0.7766,-4.354481380984582
-0.7776000000000001,-4.388434452181344
-0.7786,-4.42380223467797
-0.7796000000000001,-4.457755305874731
-0.7806,-4.493123088371357
-0.7816000000000001,-4.528490870867983
-0.7826,-4.5638586533646075
-0.7836000000000001,-4.600641147161099
-0.7846,-4.636008929657725
-0.7856000000000001,-4.672791423454216
-0.7866,-4.709573917250707
-0.7876000000000001,-4.7463564110471985
-0.7886,-4.781724193543823
-0.7896000000000001,-4.818506687340315
-0.7906,-4.856703892436671
-0.7916000000000001,-4.894901097533027
-0.7926,-4.931683591329518
-0.7936000000000001,-4.9698807964258735
-0.7946,-5.00807800152223
-0.7956000000000001,-5.046275206618586
-0.7966,-5.084472411714942
-0.7976000000000001,-5.124084328111163
-0.7986,-5.163696244507384
-0.7996000000000001,-5.203308160903605
-0.8006,-5.242920077299826
-0.8016000000000001,-5.282531993696048
-0.8026,-5.322143910092268
-0.8036000000000001,-5.361755826488489
-0.8046,-5.4027824541845755
-0.8056000000000001,-5.4423943705807964
-0.8066,-5.483420998276882
-0.8076000000000001,-5.525862337272833
-0.8086,-5.5668889649689195
-0.8096000000000001,-5.607915592665005
-0.8106,-5.648942220361092
-0.8116000000000001,-5.689968848057178
-0.8126,-5.733824898352994
-0.8136000000000001,-5.77768094864881
-0.8146,-5.820122287644761
-0.8156000000000001,-5.865393049240442
-0.8166,-5.910663810836123
-0.8176000000000001,-5.954519861131939
-0.8186,-5.9997906227276205
-0.8196000000000001,-6.042231961723571
-0.8206,-6.086088012019388
-0.8216000000000001,-6.129944062315205
-0.8226,-6.178044246510615
-0.8236000000000001,-6.2233150081062965
-0.8246,-6.268585769701978
-0.8256000000000001,-6.31385653129766
-0.8266,-6.360542004193205
-0.8276000000000001,-6.405812765788886
-0.8286,-6.451083527384568
-0.8296000000000001,-6.496354288980249
-0.8306,-6.54162505057593
-0.8316000000000001,-6.588310523471475
-0.8326,-6.634995996367022
-0.8336000000000001,-6.681681469262568
-0.8346,-6.729781653457979
-0.8356000000000001,-6.777881837653391
-0.8366,-6.825982021848802
-0.8376000000000001,-6.874082206044213
-0.8386,-6.923597101539489
-0.8396000000000001,-6.973111997034766
-0.8406,-7.021212181230177
-0.8416000000000001,-7.070727076725453
-0.8426,-7.118827260920864
-0.8436000000000001,-7.1683421564161405
-0.8446,-7.217857051911418
-0.8456000000000001,-7.267371947406693
-0.8466,-7.3183015542018355
-0.8475999999999999,-7.369231160996977
-0.8486,-7.420160767792117
-0.8495999999999999,-7.471090374587258
-0.8506,-7.523434692682265
-0.8515999999999999,-7.5743642994774065
-0.8526,-7.623879194972683
-0.8535999999999999,-7.674808801767824
-0.8546,-7.725738408562965
-0.8555999999999999,-7.776668015358106
-0.8566,-7.829012333453114
-0.8575999999999999,-7.8827713628479845
-0.8586,-7.935115680942991
-0.8595999999999999,-7.987459999037997
-0.8606,-8.04121902843287
-0.8615999999999999,-8.096392769127604
-0.8626,-8.150151798522476
-0.8635999999999999,-8.209569673116807
-0.8646,-8.26615812511141
-0.8655999999999999,-8.321331865806146
-0.8666,-8.376505606500881
-0.8675999999999999,-8.431679347195619
-0.8686,-8.486853087890356
-0.8695999999999999,-8.542026828585092
-0.8706,-8.597200569279828
-0.8715999999999999,-8.652374309974565
-0.8726,-8.708962761969165
-0.8735999999999999,-8.765551213963766
-0.8746,-8.823554377258235
-0.8755999999999999,-8.888631097052025
-0.8766,-8.960781373345142
-0.8775999999999999,-9.023028670539205
-0.8786,-9.086690679033131
-0.8795999999999999,-9.15459682142665
-0.8806,-9.218258829920579
-0.8815999999999999,-9.281920838414505
-0.8826,-9.348412269508163
-0.8835999999999999,-9.413488989301953
-0.8846,-9.477150997795881
-0.8855999999999999,-9.543642428889537
-0.8866,-9.61154857128306
-0.8876,-9.679454713676583
-0.8886000000000001,-9.744531433470373
-0.8896,-9.809608153264165
-0.8906000000000001,-9.873270161758091
-0.8916,-9.938346881551883
-0.8926000000000001,-10.007667735245269
-0.8936,-10.07557387763879
-0.8946000000000001,-10.144894731332178
-0.8956,-10.21563029632543
-0.8966000000000001,-10.280707016119223
-0.8976,-10.345783735913013
-0.8986000000000001,-10.409445744406941
-0.8996,-10.477351886800463
-0.9006000000000001,-10.543843317894117
-0.9016,-10.610334748987775
-0.9026000000000001,-10.675411468781567
-0.9036,-10.741902899875223
-0.9046000000000001,-10.80839433096888
-0.9056,-10.876300473362404
-0.9066000000000001,-10.944206615755926
-0.9076,-11.013527469449311
-0.9086000000000001,-11.081433611842833
-0.9096,-11.149339754236355
-0.9106000000000001,-11.217245896629876
-0.9116,-11.285152039023398
-0.9126000000000001,-11.353058181416921
-0.9136,-11.422379035110307
-0.9146000000000001,-11.49877344530302
-0.9156,-11.579411989395325
-0.9166000000000001,-11.665709378687092
-0.9176,-11.743518500179668
-0.9186000000000001,-11.821327621672246
-0.9196,-11.899136743164824
-0.9206000000000001,-11.9769458646574
-0.9216,-12.049096140950518
-0.9226000000000001,-12.126905262443096
-0.9236,-12.203299672635808
-0.9246000000000001,-12.285352928027978
-0.9256,-12.36740618342015
-0.9266000000000001,-12.449459438812323
-0.9276,-12.524439137705171
-0.9286000000000001,-12.598004125298152
-0.9296,-12.672983824190998
-0.9306000000000001,-12.745134100484115
-0.9316,-12.815869665477367
-0.9326000000000001,-12.888019941770485
-0.9336,-12.9601702180636
-0.9346000000000001,-13.035149916956447
-0.9356,-13.128520862747541
-0.9366000000000001,-13.221891808538631
-0.9376,-13.308189197830401
-0.9386000000000001,-13.401560143621493
-0.9396,-13.49917522331218
-0.9406000000000001,-13.588302035203677
-0.9416,-13.674599424495446
-0.9426000000000001,-13.76089681378721
-0.9436,-13.847194203078978
-0.9446000000000001,-13.933491592370746
-0.9456,-14.019788981662511
-0.9466000000000001,-14.10325694835455
-0.9476,-14.189554337646317
-0.9486000000000001,-14.274437015638219
-0.9496,-14.30273124163552
-0.9506000000000001,-14.30273124163552
-0.9516,-14.30273124163552
-0.9526000000000001,-14.30273124163552
-0.9536,-14.30273124163552
-0.9546000000000001,-14.30273124163552
-0.9556,-14.30273124163552
-0.9566000000000001,-14.30273124163552
-0.9576,-14.30273124163552
-0.9586000000000001,-14.30273124163552
-0.9596,-14.30273124163552
-0.9606000000000001,-14.30273124163552
-0.9616,-14.30273124163552
-0.9626000000000001,-14.30273124163552
-0.9636,-14.30273124163552
-0.9646000000000001,-14.30273124163552
-0.9656,-14.30273124163552
-0.9666000000000001,-14.30273124163552
-0.9676,-14.30273124163552
-0.9686000000000001,-14.30273124163552
-0.9696,-14.30273124163552
-0.9706000000000001,-14.30273124163552
-0.9716,-14.30273124163552
-0.9725999999999999,-14.30273124163552
-0.9736,-14.30273124163552
-0.9745999999999999,-14.30273124163552
-0.9756,-14.30273124163552
-0.9765999999999999,-14.30273124163552
-0.9776,-14.30273124163552
-0.9785999999999999,-14.30273124163552
-0.9796,-14.30273124163552
-0.9805999999999999,-14.30273124163552
-0.9816,-14.30273124163552
-0.9825999999999999,-14.30273124163552
-0.9836,-14.30273124163552
-0.9845999999999999,-14.30273124163552
-0.9856,-14.30273124163552
-0.9865999999999999,-14.30273124163552
-0.9876,-14.30273124163552
-0.9885999999999999,-14.30273124163552
-0.9896,-14.30273124163552
-0.9905999999999999,-14.30273124163552
-0.9916,-14.30273124163552
-0.9925999999999999,-14.30273124163552
-0.9936,-14.30273124163552
-0.9945999999999999,-14.30273124163552
-0.9956,-14.30273124163552
-0.9965999999999999,-14.30273124163552
-0.9976,-14.30273124163552
-0.9985999999999999,-14.30273124163552
-0.9996,-14.30273124163552
-1.0006,-14.30273124163552
-1.0016,-14.30273124163552
-1.0026,-14.30273124163552
-1.0036,-14.30273124163552
-1.0046,-14.30273124163552
-1.0056,-14.30273124163552
-1.0066,-14.30273124163552
-1.0076,-14.30273124163552
-1.0086,-14.30273124163552
-1.0096,-14.30273124163552
-1.0106,-14.30273124163552
-1.0116,-14.30273124163552
-1.0126,-14.30273124163552
-1.0136,-14.30273124163552
-1.0146,-14.30273124163552
-1.0156,-14.30273124163552
-1.0166,-14.30273124163552
-1.0176,-14.30273124163552
-1.0186,-14.30273124163552
-1.0196,-14.30273124163552
-1.0206,-14.30273124163552
-1.0216,-14.30273124163552
-1.0226,-14.30273124163552
-1.0236,-14.30273124163552
-1.0246,-14.30273124163552
-1.0256,-14.30273124163552
-1.0266,-14.30273124163552
-1.0276,-14.30273124163552
-1.0286,-14.30273124163552
-1.0296,-14.30273124163552
-1.0306,-14.30273124163552
-1.0316,-14.30273124163552
-1.0326,-14.30273124163552
-1.0336,-14.30273124163552
-1.0346,-14.30273124163552
-1.0356,-14.30273124163552
-1.0366,-14.30273124163552
-1.0376,-14.30273124163552
-1.0386,-14.30273124163552
-1.0396,-14.30273124163552
-1.0406,-14.30273124163552
-1.0416,-14.30273124163552
-1.0426,-14.30273124163552
-1.0436,-14.30273124163552
-1.0446,-14.30273124163552
-1.0456,-14.30273124163552
-1.0466,-14.30273124163552
-1.0476,-14.30273124163552
-1.0486,-14.30273124163552
-1.0496,-14.30273124163552
-1.0506,-14.30273124163552
-1.0516,-14.30273124163552
-1.0526,-14.30273124163552
-1.0536,-14.30273124163552
-1.0546,-14.30273124163552
-1.0556,-14.30273124163552
-1.0566,-14.30273124163552
-1.0576,-14.30273124163552
-1.0586,-14.30273124163552
-1.0596,-14.30273124163552
-1.0606,-14.30273124163552
-1.0616,-14.30273124163552
-1.0626,-14.30273124163552
-1.0636,-14.30273124163552
-1.0646,-14.30273124163552
-1.0656,-14.30273124163552
-1.0666,-14.30273124163552
-1.0676,-14.30273124163552
-1.0686,-14.30273124163552
-1.0696,-14.30273124163552
-1.0706,-14.30273124163552
-1.0716,-14.30273124163552
-1.0726,-14.30273124163552
-1.0736,-14.30273124163552
-1.0746,-14.30273124163552
-1.0756000000000001,-14.30273124163552
-1.0766,-14.30273124163552
-1.0776000000000001,-14.30273124163552
-1.0786,-14.30273124163552
-1.0796000000000001,-14.30273124163552
-1.0806,-14.30273124163552
-1.0816000000000001,-14.30273124163552
-1.0826,-14.30273124163552
-1.0836000000000001,-14.30273124163552
-1.0846,-14.30273124163552
-1.0856000000000001,-14.30273124163552
-1.0866,-14.30273124163552
-1.0876000000000001,-14.30273124163552
-1.0886,-14.30273124163552
-1.0896000000000001,-14.30273124163552
-1.0906,-14.30273124163552
-1.0916000000000001,-14.30273124163552
-1.0926,-14.30273124163552
-1.0936000000000001,-14.30273124163552
-1.0946,-14.30273124163552
-1.0956000000000001,-14.30273124163552
-1.0966,-14.30273124163552
-1.0976,-14.30273124163552
-1.0986,-14.30273124163552
-1.0996,-14.30273124163552
-1.1006,-14.30273124163552
-1.1016,-14.30273124163552
-1.1026,-14.30273124163552
-1.1036,-14.30273124163552
-1.1046,-14.30273124163552
-1.1056,-14.30273124163552
-1.1066,-14.30273124163552
-1.1076,-14.30273124163552
-1.1086,-14.30273124163552
-1.1096,-14.30273124163552
-1.1106,-14.30273124163552
-1.1116,-14.30273124163552
-1.1126,-14.30273124163552
-1.1136,-14.30273124163552
-1.1146,-14.30273124163552
-1.1156,-14.30273124163552
-1.1166,-14.30273124163552
-1.1176,-14.30273124163552
-1.1186,-14.30273124163552
-1.1196,-14.30273124163552
-1.1206,-14.30273124163552
-1.1216,-14.30273124163552
-1.1226,-14.30273124163552
-1.1236,-14.30273124163552
-1.1246,-14.30273124163552
-1.1256,-14.30273124163552
-1.1266,-14.30273124163552
-1.1276,-14.30273124163552
-1.1286,-14.30273124163552
-1.1296,-14.30273124163552
-1.1306,-14.30273124163552
-1.1316,-14.30273124163552
-1.1326,-14.30273124163552
-1.1336,-14.30273124163552
-1.1346,-14.30273124163552
-1.1356,-14.30273124163552
-1.1366,-14.30273124163552
-1.1376,-14.30273124163552
-1.1386,-14.30273124163552
-1.1396,-14.30273124163552
-1.1406,-14.30273124163552
-1.1416,-14.30273124163552
-1.1426,-14.30273124163552
-1.1436,-14.30273124163552
-1.1446,-14.30273124163552
-1.1456,-14.30273124163552
-1.1466,-14.30273124163552
-1.1476,-14.30273124163552
-1.1486,-14.30273124163552
-1.1496,-14.30273124163552
-1.1506,-14.30273124163552
-1.1516,-14.30273124163552
-1.1526,-14.30273124163552
-1.1536,-14.30273124163552
-1.1546,-14.30273124163552
-1.1556,-14.30273124163552
-1.1566,-14.30273124163552
-1.1576,-14.30273124163552
-1.1586,-14.30273124163552
-1.1596,-14.30273124163552
-1.1606,-14.30273124163552
-1.1616,-14.30273124163552
-1.1626,-14.30273124163552
-1.1636,-14.30273124163552
-1.1646,-14.30273124163552
-1.1656,-14.30273124163552
-1.1666,-14.30273124163552
-1.1676,-14.30273124163552
-1.1686,-14.30273124163552
-1.1696,-14.30273124163552
-1.1706,-14.30273124163552
-1.1716,-14.30273124163552
-1.1726,-14.30273124163552
-1.1736,-14.30273124163552
-1.1746,-14.30273124163552
-1.1756,-14.30273124163552
-1.1766,-14.30273124163552
-1.1776,-14.30273124163552
-1.1786,-14.30273124163552
-1.1796,-14.30273124163552
-1.1806,-14.30273124163552
-1.1816,-14.30273124163552
-1.1826,-14.30273124163552
-1.1836,-14.30273124163552
-1.1846,-14.30273124163552
-1.1856,-14.30273124163552
-1.1866,-14.30273124163552
-1.1876,-14.30273124163552
-1.1886,-14.30273124163552
-1.1896,-14.30273124163552
-1.1906,-14.30273124163552
-1.1916,-14.30273124163552
-1.1926,-14.30273124163552
-1.1936,-14.30273124163552
-1.1946,-14.30273124163552
-1.1956,-14.30273124163552
-1.1966,-14.30273124163552
-1.1976,-14.30273124163552
-1.1986,-14.30273124163552
-1.1996,-14.30273124163552
-1.2006000000000001,-14.30273124163552
-1.2016,-14.30273124163552
-1.2026000000000001,-14.30273124163552
-1.2036,-14.30273124163552
-1.2046000000000001,-14.30273124163552
-1.2056,-14.30273124163552
-1.2066000000000001,-14.30273124163552
-1.2076,-14.30273124163552
-1.2086000000000001,-14.30273124163552
-1.2096,-14.30273124163552
-1.2106000000000001,-14.30273124163552
-1.2116,-14.30273124163552
-1.2126000000000001,-14.30273124163552
-1.2136,-14.30273124163552
-1.2146000000000001,-14.30273124163552
-1.2156,-14.30273124163552
-1.2166000000000001,-14.30273124163552
-1.2176,-14.30273124163552
-1.2186000000000001,-14.30273124163552
-1.2196,-14.30273124163552
-1.2206000000000001,-14.30273124163552
-1.2216,-14.30273124163552
-1.2226,-14.30273124163552
-1.2236,-14.30273124163552
-1.2246,-14.30273124163552
-1.2256,-14.30273124163552
-1.2266,-14.30273124163552
-1.2276,-14.30273124163552
-1.2286,-14.30273124163552
-1.2296,-14.30273124163552
-1.2306,-14.30273124163552
-1.2316,-14.30273124163552
-1.2326,-14.30273124163552
-1.2336,-14.30273124163552
-1.2346,-14.30273124163552
-1.2356,-14.30273124163552
-1.2366,-14.30273124163552
-1.2376,-14.30273124163552
-1.2386,-14.30273124163552
-1.2396,-14.30273124163552
-1.2406,-14.30273124163552
-1.2416,-14.30273124163552
-1.2426,-14.30273124163552
-1.2436,-14.30273124163552
-1.2446,-14.30273124163552
-1.2456,-14.30273124163552
