Potential V vs RHE, Current mA cm-2
0.013299999999999867,-0.1766974413531431
0.012299999999999978,-0.3947044526623452
0.011299999999999866,-0.4384190318281749
0.010299999999999976,-0.48199213986401795
0.009299999999999864,-0.5255652478998613
0.008299999999999974,-0.5255652478998613
0.007299999999999862,-0.5255652478998613
0.006299999999999972,-0.5692798270656908
0.00529999999999986,-0.5692798270656908
0.0042999999999999705,-0.5692798270656908
0.0032999999999998586,-0.6128529351015338
0.0022999999999999687,-0.6128529351015338
0.0012999999999998568,-0.6128529351015338
0.00029999999999996696,-0.6128529351015338
-0.000700000000000145,-0.6128529351015338
-0.0017000000000000348,-0.6564260431373771
-0.0027000000000001467,-0.6564260431373771
-0.0037000000000000366,-0.6564260431373771
-0.0047000000000001485,-0.6564260431373771
-0.005700000000000038,-0.6564260431373771
-0.00670000000000015,-0.6564260431373771
-0.00770000000000004,-0.6564260431373771
-0.008700000000000152,-0.6564260431373771
-0.009700000000000042,-0.7001406223032067
-0.010700000000000154,-0.6564260431373771
-0.011700000000000044,-0.7001406223032067
-0.012700000000000156,-0.7001406223032067
-0.013700000000000045,-0.7001406223032067
-0.014700000000000157,-0.7001406223032067
-0.015700000000000047,-0.7001406223032067
-0.01670000000000016,-0.7001406223032067
-0.01770000000000005,-0.7001406223032067
-0.01870000000000016,-0.7001406223032067
-0.01970000000000005,-0.7001406223032067
-0.020700000000000163,-0.7001406223032067
-0.021700000000000053,-0.7001406223032067
-0.022700000000000164,-0.7001406223032067
-0.023700000000000054,-0.7001406223032067
-0.024700000000000166,-0.7437137303390498
-0.025700000000000056,-0.7437137303390498
-0.026700000000000168,-0.7437137303390498
-0.027700000000000058,-0.7437137303390498
-0.02870000000000017,-0.7437137303390498
-0.02970000000000006,-0.7437137303390498
-0.03070000000000017,-0.7437137303390498
-0.03170000000000006,-0.7437137303390498
-0.03270000000000017,-0.7437137303390498
-0.03370000000000006,-0.7437137303390498
-0.034700000000000175,-0.7437137303390498
-0.035700000000000065,-0.7437137303390498
-0.03670000000000018,-0.7437137303390498
-0.03770000000000007,-0.7437137303390498
-0.03870000000000018,-0.7437137303390498
-0.03970000000000007,-0.7437137303390498
-0.04070000000000018,-0.7872868383748929
-0.04170000000000007,-0.7437137303390498
-0.04270000000000018,-0.7437137303390498
-0.04370000000000007,-0.7872868383748929
-0.044700000000000184,-0.7872868383748929
-0.045700000000000074,-0.7872868383748929
-0.046700000000000186,-0.7872868383748929
-0.047700000000000076,-0.7872868383748929
-0.04870000000000019,-0.7872868383748929
-0.04970000000000008,-0.7872868383748929
-0.05070000000000019,-0.7872868383748929
-0.05170000000000008,-0.7872868383748929
-0.05270000000000019,-0.7872868383748929
-0.05370000000000008,-0.7872868383748929
-0.05470000000000019,-0.7872868383748929
-0.05570000000000008,-0.7872868383748929
-0.056700000000000195,-0.7872868383748929
-0.057700000000000085,-0.7872868383748929
-0.058700000000000196,-0.7872868383748929
-0.059700000000000086,-0.7872868383748929
-0.0607000000000002,-0.8308599464107361
-0.06170000000000009,-0.8308599464107361
-0.0627000000000002,-0.7872868383748929
-0.06370000000000009,-0.8308599464107361
-0.0647000000000002,-0.8308599464107361
-0.06570000000000009,-0.8308599464107361
-0.0667000000000002,-0.8308599464107361
-0.0677000000000001,-0.8308599464107361
-0.0687000000000002,-0.8308599464107361
-0.0697000000000001,-0.8308599464107361
-0.07070000000000021,-0.8308599464107361
-0.0717000000000001,-0.8308599464107361
-0.07270000000000021,-0.8308599464107361
-0.0737000000000001,-0.8308599464107361
-0.07470000000000021,-0.8308599464107361
-0.0757000000000001,-0.8308599464107361
-0.07670000000000021,-0.8308599464107361
-0.0777000000000001,-0.8308599464107361
-0.07870000000000021,-0.8308599464107361
-0.0797000000000001,-0.8308599464107361
-0.08070000000000022,-0.8308599464107361
-0.0817000000000001,-0.8308599464107361
-0.08270000000000022,-0.8308599464107361
-0.08370000000000011,-0.8308599464107361
-0.08470000000000022,-0.8308599464107361
-0.08570000000000011,-0.8308599464107361
-0.08670000000000022,-0.8745745255765657
-0.08770000000000011,-0.8745745255765657
-0.08870000000000022,-0.8308599464107361
-0.08970000000000011,-0.8745745255765657
-0.09070000000000022,-0.8308599464107361
-0.09170000000000011,-0.8308599464107361
-0.09270000000000023,-0.8308599464107361
-0.09370000000000012,-0.8308599464107361
-0.09470000000000023,-0.8308599464107361
-0.09570000000000012,-0.8745745255765657
-0.09670000000000023,-0.8745745255765657
-0.09770000000000012,-0.8745745255765657
-0.09870000000000023,-0.8745745255765657
-0.09970000000000012,-0.8745745255765657
-0.10070000000000023,-0.8745745255765657
-0.10170000000000012,-0.8745745255765657
-0.10270000000000024,-0.8745745255765657
-0.10370000000000013,-0.8745745255765657
-0.10470000000000024,-0.8745745255765657
-0.10570000000000013,-0.8745745255765657
-0.10670000000000024,-0.8745745255765657
-0.10770000000000013,-0.8745745255765657
-0.10870000000000024,-0.8745745255765657
-0.10970000000000013,-0.8745745255765657
-0.11070000000000024,-0.8745745255765657
-0.11170000000000013,-0.8745745255765657
-0.11270000000000002,-0.8745745255765657
-0.11370000000000013,-0.8745745255765657
-0.11470000000000002,-0.8745745255765657
-0.11570000000000014,-0.8745745255765657
-0.11670000000000003,-0.8745745255765657
-0.11770000000000014,-0.8745745255765657
-0.11870000000000003,-0.8745745255765657
-0.11970000000000014,-0.8745745255765657
-0.12070000000000003,-0.8745745255765657
-0.12170000000000014,-0.8745745255765657
-0.12270000000000003,-0.8745745255765657
-0.12370000000000014,-0.8745745255765657
-0.12470000000000003,-0.9181476336124089
-0.12570000000000014,-0.8745745255765657
-0.12670000000000003,-0.9181476336124089
-0.12770000000000015,-0.8745745255765657
-0.12870000000000004,-0.9181476336124089
-0.12970000000000015,-0.9181476336124089
-0.13070000000000004,-0.8745745255765657
-0.13170000000000015,-0.9181476336124089
-0.13270000000000004,-0.8745745255765657
-0.13370000000000015,-0.8745745255765657
-0.13470000000000004,-0.8745745255765657
-0.13570000000000015,-0.8745745255765657
-0.13670000000000004,-0.8745745255765657
-0.13770000000000016,-0.9181476336124089
-0.13870000000000005,-0.9181476336124089
-0.13970000000000016,-0.9181476336124089
-0.14070000000000005,-0.9181476336124089
-0.14170000000000016,-0.9181476336124089
-0.14270000000000005,-0.9181476336124089
-0.14370000000000016,-0.9181476336124089
-0.14470000000000005,-0.9181476336124089
-0.14570000000000016,-0.9181476336124089
-0.14670000000000005,-0.9181476336124089
-0.14770000000000016,-0.9181476336124089
-0.14870000000000005,-0.9181476336124089
-0.14970000000000017,-0.9181476336124089
-0.15070000000000006,-0.9181476336124089
-0.15170000000000017,-0.9181476336124089
-0.15270000000000006,-0.9181476336124089
-0.15370000000000017,-0.9181476336124089
-0.15470000000000006,-0.9181476336124089
-0.15570000000000017,-0.9181476336124089
-0.15670000000000006,-0.9181476336124089
-0.15770000000000017,-0.9181476336124089
-0.15870000000000006,-0.9181476336124089
-0.15970000000000018,-0.9181476336124089
-0.16070000000000007,-0.9181476336124089
-0.16170000000000018,-0.9181476336124089
-0.16270000000000007,-0.9181476336124089
-0.16370000000000018,-0.9181476336124089
-0.16470000000000007,-0.9181476336124089
-0.16570000000000018,-0.9181476336124089
-0.16670000000000007,-0.9181476336124089
-0.16770000000000018,-0.9181476336124089
-0.16870000000000007,-0.9181476336124089
-0.16970000000000018,-0.9181476336124089
-0.17070000000000007,-0.9181476336124089
-0.17170000000000019,-0.9181476336124089
-0.17270000000000008,-0.9181476336124089
-0.1737000000000002,-0.9181476336124089
-0.17470000000000008,-0.9181476336124089
-0.1757000000000002,-0.9181476336124089
-0.17670000000000008,-0.9181476336124089
-0.1777000000000002,-0.9181476336124089
-0.17870000000000008,-0.9181476336124089
-0.1797000000000002,-0.9181476336124089
-0.18070000000000008,-0.9181476336124089
-0.1817000000000002,-0.9181476336124089
-0.18270000000000008,-0.9181476336124089
-0.1837000000000002,-0.9181476336124089
-0.1847000000000001,-0.9181476336124089
-0.1857000000000002,-0.9181476336124089
-0.1867000000000001,-0.9181476336124089
-0.1877000000000002,-0.9181476336124089
-0.1887000000000001,-0.9181476336124089
-0.1897000000000002,-0.9181476336124089
-0.1907000000000001,-0.9181476336124089
-0.1917000000000001,-0.9181476336124089
-0.19269999999999998,-0.9181476336124089
-0.1937000000000001,-0.9181476336124089
-0.19469999999999998,-0.9181476336124089
-0.1957000000000001,-0.9181476336124089
-0.19669999999999999,-0.9181476336124089
-0.1977000000000001,-0.9181476336124089
-0.1987,-0.9181476336124089
-0.1997000000000001,-0.9181476336124089
-0.2007,-0.9181476336124089
-0.2017000000000001,-0.9181476336124089
-0.2027,-0.9181476336124089
-0.2037000000000001,-0.9181476336124089
-0.2047,-0.9181476336124089
-0.2057000000000001,-0.9181476336124089
-0.2067,-0.9181476336124089
-0.2077000000000001,-0.9181476336124089
-0.2087,-0.9181476336124089
-0.2097000000000001,-0.9181476336124089
-0.2107,-0.9181476336124089
-0.2117000000000001,-0.9181476336124089
-0.2127,-0.9181476336124089
-0.2137000000000001,-0.9181476336124089
-0.2147,-0.9181476336124089
-0.2157000000000001,-0.9181476336124089
-0.2167,-0.9181476336124089
-0.21770000000000012,-0.9181476336124089
-0.2187,-0.9181476336124089
-0.21970000000000012,-0.9181476336124089
-0.2207,-0.9181476336124089
-0.22170000000000012,-0.9181476336124089
-0.2227,-0.9181476336124089
-0.22370000000000012,-0.9181476336124089
-0.2247,-0.9181476336124089
-0.22570000000000012,-0.9181476336124089
-0.2267,-0.9181476336124089
-0.22770000000000012,-0.9181476336124089
-0.22870000000000001,-0.9617207416482519
-0.22970000000000013,-0.9617207416482519
-0.23070000000000002,-0.9617207416482519
-0.23170000000000013,-0.9181476336124089
-0.23270000000000002,-0.9181476336124089
-0.23370000000000013,-0.9181476336124089
-0.23470000000000002,-0.9181476336124089
-0.23570000000000013,-0.9181476336124089
-0.23670000000000002,-0.9181476336124089
-0.2376999999999999,-0.9181476336124089
-0.23870000000000002,-0.9617207416482519
-0.2396999999999999,-0.9617207416482519
-0.24070000000000003,-0.9181476336124089
-0.24169999999999991,-0.9617207416482519
-0.24270000000000003,-0.9617207416482519
-0.24369999999999992,-0.9181476336124089
-0.24470000000000003,-0.9617207416482519
-0.24569999999999992,-0.9617207416482519
-0.24670000000000003,-0.9617207416482519
-0.24769999999999992,-0.9617207416482519
-0.24870000000000003,-0.9617207416482519
-0.24969999999999992,-0.9617207416482519
-0.25070000000000003,-0.9617207416482519
-0.2516999999999999,-0.9617207416482519
-0.25270000000000004,-0.9617207416482519
-0.2536999999999999,-0.9617207416482519
-0.25470000000000004,-0.9617207416482519
-0.2556999999999999,-0.9617207416482519
-0.25670000000000004,-0.9617207416482519
-0.25769999999999993,-0.9617207416482519
-0.25870000000000004,-0.9617207416482519
-0.25969999999999993,-0.9617207416482519
-0.26070000000000004,-0.9617207416482519
-0.26169999999999993,-0.9617207416482519
-0.26270000000000004,-0.9617207416482519
-0.26369999999999993,-0.9617207416482519
-0.26470000000000005,-0.9617207416482519
-0.26569999999999994,-0.9617207416482519
-0.26670000000000005,-0.9617207416482519
-0.26769999999999994,-0.9617207416482519
-0.26870000000000005,-0.9617207416482519
-0.26969999999999994,-0.9617207416482519
-0.27070000000000005,-0.9617207416482519
-0.27169999999999994,-0.9617207416482519
-0.27270000000000005,-0.9617207416482519
-0.27369999999999994,-1.0054353208140816
-0.27470000000000006,-0.9617207416482519
-0.27569999999999995,-0.9617207416482519
-0.27670000000000006,-0.9617207416482519
-0.27769999999999995,-0.9617207416482519
-0.27870000000000006,-0.9617207416482519
-0.27969999999999995,-1.0054353208140816
-0.28070000000000006,-1.0054353208140816
-0.28169999999999995,-0.9617207416482519
-0.28270000000000006,-1.0054353208140816
-0.28369999999999995,-1.0054353208140816
-0.28470000000000006,-1.0054353208140816
-0.28569999999999995,-1.0054353208140816
-0.28670000000000007,-1.0054353208140816
-0.28769999999999996,-1.0054353208140816
-0.28870000000000007,-1.0054353208140816
-0.28969999999999996,-1.0054353208140816
-0.29070000000000007,-1.0054353208140816
-0.29169999999999996,-1.0054353208140816
-0.29270000000000007,-1.0054353208140816
-0.29369999999999996,-1.0054353208140816
-0.2947000000000001,-1.0054353208140816
-0.29569999999999996,-1.0054353208140816
-0.2967000000000001,-1.0054353208140816
-0.29769999999999996,-1.0054353208140816
-0.2987000000000001,-1.0054353208140816
-0.29969999999999997,-1.0054353208140816
-0.3007000000000001,-1.0054353208140816
-0.30169999999999997,-1.0054353208140816
-0.3027000000000001,-1.0054353208140816
-0.30369999999999997,-1.0054353208140816
-0.3047000000000001,-1.0054353208140816
-0.30569999999999997,-1.0490084288499246
-0.3067000000000001,-1.0490084288499246
-0.3077,-1.0054353208140816
-0.3087000000000001,-1.0490084288499246
-0.3097,-1.0490084288499246
-0.3107000000000001,-1.0490084288499246
-0.3117,-1.0490084288499246
-0.3127000000000001,-1.0490084288499246
-0.3137,-1.0490084288499246
-0.3147000000000001,-1.0490084288499246
-0.3157,-1.0490084288499246
-0.3167000000000001,-1.0490084288499246
-0.3177,-1.0490084288499246
-0.3187000000000001,-1.0490084288499246
-0.3197,-1.0490084288499246
-0.3207000000000001,-1.0490084288499246
-0.3217,-1.0490084288499246
-0.3227000000000001,-1.0490084288499246
-0.3237,-1.0490084288499246
-0.3247000000000001,-1.0490084288499246
-0.3257,-1.0490084288499246
-0.3267000000000001,-1.0490084288499246
-0.3277,-1.0490084288499246
-0.3287000000000001,-1.0925815368857679
-0.3297,-1.0925815368857679
-0.3307000000000001,-1.0490084288499246
-0.3317,-1.0925815368857679
-0.3327000000000001,-1.0925815368857679
-0.3337,-1.0925815368857679
-0.3347000000000001,-1.0925815368857679
-0.3357,-1.0925815368857679
-0.3367000000000001,-1.0925815368857679
-0.3377,-1.0925815368857679
-0.3387000000000001,-1.0925815368857679
-0.3397,-1.0925815368857679
-0.3407000000000001,-1.0925815368857679
-0.3417,-1.0925815368857679
-0.3427000000000001,-1.0925815368857679
-0.3437,-1.0925815368857679
-0.3447000000000001,-1.0925815368857679
-0.3457,-1.0925815368857679
-0.3467000000000001,-1.0925815368857679
-0.3477,-1.0925815368857679
-0.3487000000000001,-1.0925815368857679
-0.3497,-1.1362961160515976
-0.3507000000000001,-1.0925815368857679
-0.3517,-1.0925815368857679
-0.3527000000000001,-1.1362961160515976
-0.3537,-1.0925815368857679
-0.3547000000000001,-1.1362961160515976
-0.3557,-1.1362961160515976
-0.35670000000000013,-1.1362961160515976
-0.3577,-1.1362961160515976
-0.35870000000000013,-1.1362961160515976
-0.3597,-1.1362961160515976
-0.36070000000000013,-1.1362961160515976
-0.3617,-1.1362961160515976
-0.3626999999999999,-1.1362961160515976
-0.3637,-1.1362961160515976
-0.3646999999999999,-1.1798692240874404
-0.3657,-1.1362961160515976
-0.3666999999999999,-1.1798692240874404
-0.3677,-1.1362961160515976
-0.3686999999999999,-1.1798692240874404
-0.36970000000000003,-1.1798692240874404
-0.3706999999999999,-1.1798692240874404
-0.37170000000000003,-1.1798692240874404
-0.3726999999999999,-1.1798692240874404
-0.37370000000000003,-1.1798692240874404
-0.3746999999999999,-1.1798692240874404
-0.37570000000000003,-1.1798692240874404
-0.3766999999999999,-1.1798692240874404
-0.37770000000000004,-1.1798692240874404
-0.3786999999999999,-1.1798692240874404
-0.37970000000000004,-1.1798692240874404
-0.3806999999999999,-1.1798692240874404
-0.38170000000000004,-1.1798692240874404
-0.38269999999999993,-1.1798692240874404
-0.38370000000000004,-1.1798692240874404
-0.38469999999999993,-1.2234423321232837
-0.38570000000000004,-1.2234423321232837
-0.38669999999999993,-1.2234423321232837
-0.38770000000000004,-1.2234423321232837
-0.38869999999999993,-1.2234423321232837
-0.38970000000000005,-1.2234423321232837
-0.39069999999999994,-1.2234423321232837
-0.39170000000000005,-1.2234423321232837
-0.39269999999999994,-1.2234423321232837
-0.39370000000000005,-1.2234423321232837
-0.39469999999999994,-1.2234423321232837
-0.39570000000000005,-1.2234423321232837
-0.39669999999999994,-1.2234423321232837
-0.39770000000000005,-1.2234423321232837
-0.39869999999999994,-1.2234423321232837
-0.39970000000000006,-1.2671569112891135
-0.40069999999999995,-1.2671569112891135
-0.40170000000000006,-1.2671569112891135
-0.40269999999999995,-1.2671569112891135
-0.40370000000000006,-1.2671569112891135
-0.40469999999999995,-1.2671569112891135
-0.40570000000000006,-1.2671569112891135
-0.40669999999999995,-1.2671569112891135
-0.40770000000000006,-1.3107300193249565
-0.40869999999999995,-1.3107300193249565
-0.40970000000000006,-1.3107300193249565
-0.41069999999999995,-1.2671569112891135
-0.41170000000000007,-1.3107300193249565
-0.41269999999999996,-1.3107300193249565
-0.41370000000000007,-1.3107300193249565
-0.41469999999999996,-1.3107300193249565
-0.41570000000000007,-1.3107300193249565
-0.41669999999999996,-1.3107300193249565
-0.41770000000000007,-1.3107300193249565
-0.41869999999999996,-1.3107300193249565
-0.4197000000000001,-1.3543031273607997
-0.42069999999999996,-1.3543031273607997
-0.4217000000000001,-1.3543031273607997
-0.42269999999999996,-1.3543031273607997
-0.4237000000000001,-1.3543031273607997
-0.42469999999999997,-1.3543031273607997
-0.4257000000000001,-1.3543031273607997
-0.42669999999999997,-1.3543031273607997
-0.4277000000000001,-1.3543031273607997
-0.42869999999999997,-1.3980177065266295
-0.4297000000000001,-1.3980177065266295
-0.43069999999999997,-1.3980177065266295
-0.4317000000000001,-1.3980177065266295
-0.4327,-1.3980177065266295
-0.4337000000000001,-1.4415908145624723
-0.4347,-1.4415908145624723
-0.4357000000000001,-1.4415908145624723
-0.4367,-1.4415908145624723
-0.4377000000000001,-1.4415908145624723
-0.4387,-1.4415908145624723
-0.4397000000000001,-1.4415908145624723
-0.4407,-1.4854468648582886
-0.4417000000000001,-1.4854468648582886
-0.4427,-1.4854468648582886
-0.4437000000000001,-1.4854468648582886
-0.4447,-1.4854468648582886
-0.4457000000000001,-1.5293029151541047
-0.4467,-1.5293029151541047
-0.4477000000000001,-1.5293029151541047
-0.4487,-1.5717442541500557
-0.4497000000000001,-1.5717442541500557
-0.4507,-1.5717442541500557
-0.4517000000000001,-1.5717442541500557
-0.4527,-1.5717442541500557
-0.4537000000000001,-1.6156003044458718
-0.4547,-1.6156003044458718
-0.4557000000000001,-1.6156003044458718
-0.4567,-1.6156003044458718
-0.4577000000000001,-1.6594563547416883
-0.4587,-1.6594563547416883
-0.4597000000000001,-1.6594563547416883
-0.4607,-1.7033124050375041
-0.4617000000000001,-1.7033124050375041
-0.4627,-1.7033124050375041
-0.4637000000000001,-1.7033124050375041
-0.4647,-1.7471684553333202
-0.4657000000000001,-1.7471684553333202
-0.4667,-1.7471684553333202
-0.4677000000000001,-1.7910245056291363
-0.4687,-1.7910245056291363
-0.4697000000000001,-1.8334658446250875
-0.4707,-1.8334658446250875
-0.4717000000000001,-1.8334658446250875
-0.4727,-1.8773218949209036
-0.4737000000000001,-1.8773218949209036
-0.4747,-1.92117794521672
-0.4757000000000001,-1.92117794521672
-0.4767,-1.92117794521672
-0.4777000000000001,-1.9650339955125358
-0.4787,-1.9650339955125358
-0.4797000000000001,-1.9650339955125358
-0.4807,-2.008890045808352
-0.48170000000000013,-2.008890045808352
-0.4827,-2.052746096104168
-0.48370000000000013,-2.052746096104168
-0.4847,-2.095187435100119
-0.48570000000000013,-2.095187435100119
-0.4867,-2.1390434853959355
-0.4876999999999999,-2.1828995356917518
-0.4887,-2.1828995356917518
-0.4896999999999999,-2.226755585987568
-0.4907,-2.226755585987568
-0.4916999999999999,-2.2706116362833835
-0.4927,-2.2706116362833835
-0.4936999999999999,-2.3144676865791998
-0.49470000000000003,-2.3144676865791998
-0.4956999999999999,-2.3569090255751513
-0.49670000000000003,-2.3569090255751513
-0.4976999999999999,-2.4007650758709675
-0.49870000000000003,-2.4446211261667834
-0.4996999999999999,-2.4884771764625997
-0.5007,-2.4884771764625997
-0.5016999999999999,-2.532333226758415
-0.5027,-2.576189277054232
-0.5036999999999999,-2.576189277054232
-0.5047,-2.618630616050183
-0.5056999999999999,-2.662486666345999
-0.5067,-2.706342716641815
-0.5076999999999999,-2.7501987669376318
-0.5087,-2.7501987669376318
-0.5096999999999999,-2.794054817233447
-0.5107,-2.8379108675292635
-0.5116999999999999,-2.8803522065252145
-0.5127,-2.924208256821031
-0.5136999999999999,-2.924208256821031
-0.5147,-2.968064307116847
-0.5156999999999999,-3.0119203574126634
-0.5167,-3.055776407708479
-0.5176999999999999,-3.0996324580042955
-0.5187,-3.1420737970002466
-0.5196999999999999,-3.1859298472960624
-0.5207,-3.2297858975918787
-0.5216999999999999,-3.273641947887695
-0.5227,-3.317497998183511
-0.5236999999999999,-3.361354048479327
-0.5247,-3.403795387475278
-0.5257,-3.447651437771094
-0.5267000000000001,-3.5353635383627267
-0.5277,-3.579219588658543
-0.5287000000000001,-3.623075638954359
-0.5297,-3.6655169779503103
-0.5307000000000001,-3.7093730282461257
-0.5317,-3.7532290785419424
-0.5327000000000001,-3.840941179133574
-0.5337,-3.884797229429391
-0.5347000000000001,-3.927238568425342
-0.5357,-3.971094618721158
-0.5367000000000001,-4.014950669016974
-0.5377,-4.102662769608606
-0.5387000000000001,-4.146518819904423
-0.5397,-4.23281620919619
-0.5407000000000001,-4.276672259492005
-0.5417,-4.3205283097878215
-0.5427000000000001,-4.406825699079589
-0.5437,-4.450681749375406
-0.5447000000000001,-4.538393849967037
-0.5457,-4.582249900262854
-0.5467000000000001,-4.668547289554621
-0.5477,-4.756259390146253
-0.5487000000000001,-4.843971490737885
-0.5497,-4.887827541033701
-0.5507000000000001,-4.974124930325469
-0.5517,-5.0618370309171015
-0.5527000000000001,-5.105693081212917
-0.5537,-5.191990470504685
-0.5547000000000001,-5.279702571096316
-0.5557,-5.323558621392133
-0.5567000000000001,-5.411270721983764
-0.5577,-5.497568111275533
-0.5587000000000001,-5.585280211867165
-0.5597,-5.672992312458796
-0.5607000000000001,-5.759289701750564
-0.5617,-5.847001802342197
-0.5627000000000001,-5.9347139029338285
-0.5637,-6.021011292225596
-0.5647000000000001,-6.108723392817228
-0.5657,-6.196435493408861
-0.5667000000000001,-6.282732882700628
-0.5677,-6.414301033588076
-0.5687000000000001,-6.500598422879844
-0.5697,-6.588310523471475
-0.5707000000000001,-6.719878674358924
-0.5717,-6.806176063650692
-0.5727000000000001,-6.93774421453814
-0.5737,-7.024041603829907
-0.5747000000000001,-7.155609754717355
-0.5757,-7.243321855308987
-0.5767000000000001,-7.37347529489657
-0.5777,-7.461187395488204
-0.5787000000000001,-7.591340835075788
-0.5797,-7.722908985963235
-0.5807000000000001,-7.853062425550818
-0.5817,-7.984630576438266
-0.5827000000000001,-8.11478401602585
-0.5837,-8.246352166913299
-0.5847000000000001,-8.376505606500881
-0.5857,-8.508073757388331
-0.5867000000000001,-8.638227196975913
-0.5877,-8.812236686859313
-0.5887000000000001,-8.943804837746763
-0.5897,-9.073958277334345
-0.5907000000000001,-9.24938247851761
-0.5917,-9.379535918105192
-0.5927000000000001,-9.55496011928846
-0.5937,-9.728969609171857
-0.5947000000000001,-9.85912304875944
-0.5957,-9.99069119964689
-0.5967000000000001,-10.164700689530287
-0.5977,-10.340124890713554
-0.5987000000000001,-10.514134380596953
-0.5997,-10.688143870480351
-0.6007000000000001,-10.863568071663616
-0.6017,-11.037577561547016
-0.6027000000000001,-11.211587051430415
-0.6037,-11.385596541313816
-0.6047000000000001,-11.604876792792895
-0.6057,-11.778886282676295
-0.6067000000000001,-11.996751822855511
-0.6077,-12.170761312738911
-0.6087000000000001,-12.390041564217992
-0.6097,-12.56405105410139
-0.6107000000000001,-12.781916594280606
-0.6117,-12.99978213445982
-0.6126999999999999,-13.217647674639037
-0.6137,-13.436927926118118
-0.6146999999999999,-13.654793466297335
-0.6157,-13.872659006476551
-0.6166999999999999,-14.090524546655764
-0.6177,-14.345172580631472
-0.6186999999999999,-14.57152638860988
-0.6197,-14.826174422585586
-0.6206999999999999,-15.05252823056399
-0.6217,-15.307176264539699
-0.6226999999999999,-15.575971411514052
-0.6237,-15.78817810649381
-0.6246999999999999,-16.056973253468165
-0.6257,-16.311621287443874
-0.6266999999999999,-16.580416434418233
-0.6277,-16.877505807389888
-0.6286999999999999,-17.146300954364243
-0.6297,-17.40094898833995
-0.6306999999999999,-17.669744135314307
-0.6317,-17.924392169290012
-0.6326999999999999,-18.23562865526032
-0.6337,-18.589306480226583
-0.6346999999999999,-18.88639585319824
-0.6357,-19.197632339168546
-0.6366999999999999,-19.49472171214021
-0.6377,-19.848399537106463
-0.6386999999999999,-20.159636023076775
-0.6397,-20.499166735044383
-0.6406999999999999,-20.85284456001064
-0.6417,-21.2065223849769
-0.6426999999999999,-21.54605309694451
-0.6437,-21.899730921910766
-0.6446999999999999,-22.295850085872978
-0.6457,-22.67782213683654
-0.6466999999999999,-23.031499961802798
-0.6477,-23.385177786769056
-0.6486999999999999,-23.767149837732617
-0.6497,-24.16326900169483
-0.6507,-24.559388165657033
-0.6517000000000001,-24.997948668615198
-0.6527,-25.39406783257741
-0.6537000000000001,-25.77603988354097
-0.6547,-26.21460038649913
-0.6557000000000001,-26.61071955046134
-0.6567,-27.091721392415455
-0.6577000000000001,-27.572723234369565
-0.6587,-28.011283737327723
-0.6597000000000001,-28.435697127287238
-0.6607,-28.8742576302454
-0.6617000000000001,-29.31281813320356
-0.6627,-29.793819975157668
-0.6637000000000001,-30.274821817111786
-0.6647,-30.7558236590659
-0.6657000000000001,-31.19438416202406
-0.6667,-31.717827342974125
-0.6677000000000001,-32.184682071929586
-0.6687,-32.62324257488775
-0.6697000000000001,-33.10424441684186
-0.6707,-33.58524625879597
-0.6717000000000001,-34.06624810075008
-0.6727,-34.632132620696105
-0.6737000000000001,-35.11313446265021
-0.6747,-35.636577643600276
-0.6757000000000001,-36.16002082455034
-0.6767,-36.64102266650445
-0.6777000000000001,-37.122024508458566
-0.6787,-37.687909028404576
-0.6797000000000001,-38.16891087035869
-0.6807,-38.6499127123128
-0.6817000000000001,-39.130914554266916
-0.6827,-39.61191639622103
-0.6837000000000001,-40.092918238175145
-0.6847,-40.616361419125205
-0.6857000000000001,-41.04077480908471
-0.6867,-41.04077480908471
-0.6857000000000001,-40.4748902891387
-0.6847,-40.092918238175145
-0.6837000000000001,-39.739240413208876
-0.6827,-39.38556258824262
-0.6817000000000001,-39.130914554266916
-0.6807,-38.777236729300654
-0.6797000000000001,-38.42355890433439
-0.6787,-38.12646953136274
-0.6777000000000001,-37.81523304539243
-0.6767,-37.51814367242077
-0.6757000000000001,-37.164465847454515
-0.6747,-36.81078802248826
-0.6737000000000001,-36.47125731052064
-0.6727,-36.11757948555439
-0.6717000000000001,-35.763901660588125
-0.6707,-35.32534115762997
-0.6697000000000001,-34.94336910666641
-0.6687,-34.58969128170015
-0.6677000000000001,-34.15113077874198
-0.6667,-33.712570275783825
-0.6657000000000001,-33.288156885824314
-0.6647,-32.892037721862096
-0.6637000000000001,-32.49591855789989
-0.6627,-32.09979939393769
-0.6617000000000001,-31.661238890979522
-0.6607,-31.27926684001596
-0.6597000000000001,-30.88314767605375
-0.6587,-30.487028512091538
-0.6577000000000001,-30.10505646112798
-0.6567,-29.708937297165768
-0.6557000000000001,-29.35525947219951
-0.6547,-28.959140308237306
-0.6537000000000001,-28.619609596269694
-0.6527,-28.22349043230748
-0.6517000000000001,-27.827371268345274
-0.6507,-27.487840556377662
-0.6497,-27.134162731411404
-0.6486999999999999,-26.738043567449193
-0.6477,-26.29948306449103
-0.6466999999999999,-25.959952352523427
-0.6457,-25.563833188561212
-0.6446999999999999,-25.167714024599
-0.6437,-24.771594860636792
-0.6426999999999999,-24.389622809673234
-0.6417,-23.993503645711023
-0.6406999999999999,-23.597384481748815
-0.6397,-23.24370665678255
-0.6386999999999999,-22.904175944814945
-0.6377,-22.550498119848687
-0.6366999999999999,-22.196820294882425
-0.6357,-21.857289582914817
-0.6346999999999999,-21.54605309694451
-0.6337,-21.2065223849769
-0.6326999999999999,-20.89528589900659
-0.6317,-20.584049413036283
-0.6306999999999999,-20.244518701068674
-0.6297,-19.93328221509837
-0.6286999999999999,-19.636192842126707
-0.6277,-19.367397695152352
-0.6266999999999999,-19.056161209182044
-0.6257,-18.759071836210385
-0.6246999999999999,-18.44783535024008
-0.6237,-18.19318731626437
-0.6226999999999999,-17.881950830294063
-0.6217,-17.627302796318357
-0.6206999999999999,-17.316066310348052
-0.6197,-17.061418276372343
-0.6186999999999999,-16.792623129397985
-0.6177,-16.495533756426326
-0.6166999999999999,-16.22673860945197
-0.6157,-15.972090575476265
-0.6146999999999999,-15.70329542850191
-0.6137,-15.448647394526201
-0.6126999999999999,-15.179852247551842
-0.6117,-14.868615761581536
-0.6107000000000001,-14.61396772760583
-0.6097,-14.345172580631472
-0.6087000000000001,-14.090524546655764
-0.6077,-13.828802956180734
-0.6067000000000001,-13.610937416001518
-0.6057,-13.349215825526485
-0.6047000000000001,-13.087494235051453
-0.6037,-12.869628694872238
-0.6027000000000001,-12.607907104397206
-0.6017,-12.390041564217992
-0.6007000000000001,-12.12831997374296
-0.5997,-11.909039722263879
-0.5987000000000001,-11.647318131788847
-0.5977,-11.385596541313816
-0.5967000000000001,-11.211587051430415
-0.5957,-10.949865460955383
-0.5947000000000001,-10.731999920776168
-0.5937,-10.514134380596953
-0.5927000000000001,-10.296268840417738
-0.5917,-10.078403300238522
-0.5907000000000001,-9.902979099055257
-0.5897,-9.685113558876042
-0.5887000000000001,-9.467248018696827
-0.5877,-9.24938247851761
-0.5867000000000001,-9.073958277334345
-0.5857,-8.85609273715513
-0.5847000000000001,-8.68208324727173
-0.5837,-8.508073757388331
-0.5827000000000001,-8.288793505909249
-0.5817,-8.11478401602585
-0.5807000000000001,-7.896918475846635
-0.5797,-7.722908985963235
-0.5787000000000001,-7.5474847847799715
-0.5777,-7.37347529489657
-0.5767000000000001,-7.199465805013171
-0.5757,-7.024041603829907
-0.5747000000000001,-6.850032113946507
-0.5737,-6.6760226240631075
-0.5727000000000001,-6.500598422879844
-0.5717,-6.326588932996443
-0.5707000000000001,-6.196435493408861
-0.5697,-6.064867342521412
-0.5687000000000001,-5.890857852638012
-0.5677,-5.759289701750564
-0.5667000000000001,-5.585280211867165
-0.5657,-5.453712060979717
-0.5647000000000001,-5.323558621392133
-0.5637,-5.149549131508733
-0.5627000000000001,-5.017980980621284
-0.5617,-4.887827541033701
-0.5607000000000001,-4.756259390146253
-0.5597,-4.582249900262854
-0.5587000000000001,-4.450681749375406
-0.5577,-4.3205283097878215
-0.5567000000000001,-4.23281620919619
-0.5557,-4.102662769608606
-0.5547000000000001,-3.971094618721158
-0.5537,-3.840941179133574
-0.5527000000000001,-3.7532290785419424
-0.5517,-3.623075638954359
-0.5507000000000001,-3.4915074880669104
-0.5497,-3.403795387475278
-0.5487000000000001,-3.273641947887695
-0.5477,-3.1859298472960624
-0.5467000000000001,-3.0996324580042955
-0.5457,-3.0119203574126634
-0.5447000000000001,-2.8803522065252145
-0.5437,-2.794054817233447
-0.5427000000000001,-2.706342716641815
-0.5417,-2.576189277054232
-0.5407000000000001,-2.4884771764625997
-0.5397,-2.4007650758709675
-0.5387000000000001,-2.3144676865791998
-0.5377,-2.226755585987568
-0.5367000000000001,-2.1390434853959355
-0.5357,-2.052746096104168
-0.5347000000000001,-1.9650339955125358
-0.5337,-1.8773218949209036
-0.5327000000000001,-1.8334658446250875
-0.5317,-1.7033124050375041
-0.5307000000000001,-1.6594563547416883
-0.5297,-1.5717442541500557
-0.5287000000000001,-1.4854468648582886
-0.5277,-1.4415908145624723
-0.5267000000000001,-1.3543031273607997
-0.5257,-1.3107300193249565
-0.5247,-1.2234423321232837
-0.5236999999999999,-1.1798692240874404
-0.5227,-1.0925815368857679
-0.5216999999999999,-1.0054353208140816
-0.5207,-0.9617207416482519
-0.5196999999999999,-0.9181476336124089
-0.5187,-0.8308599464107361
-0.5176999999999999,-0.7872868383748929
-0.5167,-0.7001406223032067
-0.5156999999999999,-0.6564260431373771
-0.5147,-0.6128529351015338
-0.5136999999999999,-0.5692798270656908
-0.5127,-0.48199213986401795
-0.5116999999999999,-0.4384190318281749
-0.5107,-0.3947044526623452
-0.5096999999999999,-0.3511313446265021
-0.5087,-0.30755823659065895
-0.5076999999999999,-0.2202705493889862
-0.5067,-0.2202705493889862
-0.5056999999999999,-0.1330535977523067
-0.5047,-0.1330535977523067
-0.5036999999999999,-0.08943804837746762
-0.5027,-0.04582249900262853
-0.5016999999999999,-0.002205534916489592
-0.5007,0.04140859974704963
-0.4996999999999999,0.08502414912188871
-0.49870000000000003,0.12863969849672777
-0.4976999999999999,0.17231183632356148
-0.49670000000000003,0.21588494435940458
-0.4956999999999999,0.2594580523952477
-0.49470000000000003,0.2594580523952477
-0.4936999999999999,0.3031726315610774
-0.4927,0.3467457395969205
-0.4916999999999999,0.3903188476327636
-0.4907,0.3903188476327636
-0.4896999999999999,0.43403342679859325
-0.4887,0.4776065348344364
-0.4876999999999999,0.5211796428702795
-0.4867,0.5211796428702795
-0.48570000000000013,0.5647527509061226
-0.4847,0.5647527509061226
-0.48370000000000013,0.6084673300719523
-0.4827,0.6084673300719523
-0.48170000000000013,0.6520404381077953
-0.4807,0.6956135461436386
-0.4797000000000001,0.6956135461436386
-0.4787,0.7393281253094681
-0.4777000000000001,0.7393281253094681
-0.4767,0.7829012333453113
-0.4757000000000001,0.8264743413811545
-0.4747,0.8264743413811545
-0.4737000000000001,0.8264743413811545
-0.4727,0.870188920546984
-0.4717000000000001,0.9137620285828272
-0.4707,0.9137620285828272
-0.4697000000000001,0.9573351366186703
-0.4687,0.9573351366186703
-0.4677000000000001,1.0010497157844997
-0.4667,1.0010497157844997
-0.4657000000000001,1.0010497157844997
-0.4647,1.0446228238203432
-0.4637000000000001,1.0446228238203432
-0.4627,1.0446228238203432
-0.4617000000000001,1.0881959318561862
-0.4607,1.0881959318561862
-0.4597000000000001,1.0881959318561862
-0.4587,1.1317690398920295
-0.4577000000000001,1.1317690398920295
-0.4567,1.175483619057859
-0.4557000000000001,1.175483619057859
-0.4547,1.219056727093702
-0.4537000000000001,1.219056727093702
-0.4527,1.219056727093702
-0.4517000000000001,1.219056727093702
-0.4507,1.2626298351295453
-0.4497000000000001,1.2626298351295453
-0.4487,1.3063444142953748
-0.4477000000000001,1.3063444142953748
-0.4467,1.3063444142953748
-0.4457000000000001,1.3063444142953748
-0.4447,1.3063444142953748
-0.4437000000000001,1.349917522331218
-0.4427,1.349917522331218
-0.4417000000000001,1.349917522331218
-0.4407,1.349917522331218
-0.4397000000000001,1.349917522331218
-0.4387,1.3934906303670611
-0.4377000000000001,1.3934906303670611
-0.4367,1.3934906303670611
-0.4357000000000001,1.3934906303670611
-0.4347,1.4373466806628774
-0.4337000000000001,1.4373466806628774
-0.4327,1.4373466806628774
-0.4317000000000001,1.4373466806628774
-0.43069999999999997,1.4373466806628774
-0.4297000000000001,1.4812027309586933
-0.42869999999999997,1.4812027309586933
-0.4277000000000001,1.4812027309586933
-0.42669999999999997,1.4812027309586933
-0.4257000000000001,1.4812027309586933
-0.42469999999999997,1.4812027309586933
-0.4237000000000001,1.4812027309586933
-0.42269999999999996,1.5250587812545096
-0.4217000000000001,1.4812027309586933
-0.42069999999999996,1.5250587812545096
-0.4197000000000001,1.5250587812545096
-0.41869999999999996,1.5250587812545096
-0.41770000000000007,1.5250587812545096
-0.41669999999999996,1.5250587812545096
-0.41570000000000007,1.5250587812545096
-0.41469999999999996,1.5250587812545096
-0.41370000000000007,1.5250587812545096
-0.41269999999999996,1.5675001202504606
-0.41170000000000007,1.5675001202504606
-0.41069999999999995,1.5675001202504606
-0.40970000000000006,1.5675001202504606
-0.40869999999999995,1.5675001202504606
-0.40770000000000006,1.5675001202504606
-0.40669999999999995,1.5675001202504606
-0.40570000000000006,1.5675001202504606
-0.40469999999999995,1.5675001202504606
-0.40370000000000006,1.5675001202504606
-0.40269999999999995,1.5675001202504606
-0.40170000000000006,1.5675001202504606
-0.40069999999999995,1.5675001202504606
-0.39970000000000006,1.5675001202504606
-0.39869999999999994,1.5675001202504606
-0.39770000000000005,1.6113561705462767
-0.39669999999999994,1.6113561705462767
-0.39570000000000005,1.6113561705462767
-0.39469999999999994,1.5675001202504606
-0.39370000000000005,1.6113561705462767
-0.39269999999999994,1.6113561705462767
-0.39170000000000005,1.6113561705462767
-0.39069999999999994,1.6113561705462767
-0.38970000000000005,1.6113561705462767
-0.38869999999999993,1.6113561705462767
-0.38770000000000004,1.6113561705462767
-0.38669999999999993,1.6113561705462767
-0.38570000000000004,1.6113561705462767
-0.38469999999999993,1.6113561705462767
-0.38370000000000004,1.6113561705462767
-0.38269999999999993,1.6113561705462767
-0.38170000000000004,1.6113561705462767
-0.3806999999999999,1.6113561705462767
-0.37970000000000004,1.6113561705462767
-0.3786999999999999,1.6113561705462767
-0.37770000000000004,1.6113561705462767
-0.3766999999999999,1.6113561705462767
-0.37570000000000003,1.6113561705462767
-0.3746999999999999,1.5675001202504606
-0.37370000000000003,1.5675001202504606
-0.3726999999999999,1.5675001202504606
-0.37170000000000003,1.6113561705462767
-0.3706999999999999,1.6113561705462767
-0.36970000000000003,1.6113561705462767
-0.3686999999999999,1.6113561705462767
-0.3677,1.5675001202504606
-0.3666999999999999,1.6113561705462767
-0.3657,1.5675001202504606
-0.3646999999999999,1.5675001202504606
-0.3637,1.5675001202504606
-0.3626999999999999,1.5675001202504606
-0.3617,1.5675001202504606
-0.36070000000000013,1.5675001202504606
-0.3597,1.5675001202504606
-0.35870000000000013,1.5675001202504606
-0.3577,1.5675001202504606
-0.35670000000000013,1.5675001202504606
-0.3557,1.5675001202504606
-0.3547000000000001,1.5675001202504606
-0.3537,1.5675001202504606
-0.3527000000000001,1.5675001202504606
-0.3517,1.5675001202504606
-0.3507000000000001,1.5675001202504606
-0.3497,1.5250587812545096
-0.3487000000000001,1.5250587812545096
-0.3477,1.5250587812545096
-0.3467000000000001,1.5250587812545096
-0.3457,1.5250587812545096
-0.3447000000000001,1.5250587812545096
-0.3437,1.5250587812545096
-0.3427000000000001,1.5250587812545096
-0.3417,1.5250587812545096
-0.3407000000000001,1.5250587812545096
-0.3397,1.5250587812545096
-0.3387000000000001,1.5250587812545096
-0.3377,1.4812027309586933
-0.3367000000000001,1.5250587812545096
-0.3357,1.4812027309586933
-0.3347000000000001,1.4812027309586933
-0.3337,1.4812027309586933
-0.3327000000000001,1.4812027309586933
-0.3317,1.4812027309586933
-0.3307000000000001,1.4812027309586933
-0.3297,1.4812027309586933
-0.3287000000000001,1.4812027309586933
-0.3277,1.4812027309586933
-0.3267000000000001,1.4812027309586933
-0.3257,1.4812027309586933
-0.3247000000000001,1.4373466806628774
-0.3237,1.4812027309586933
-0.3227000000000001,1.4373466806628774
-0.3217,1.4373466806628774
-0.3207000000000001,1.4373466806628774
-0.3197,1.4373466806628774
-0.3187000000000001,1.4373466806628774
-0.3177,1.4373466806628774
-0.3167000000000001,1.4373466806628774
-0.3157,1.4373466806628774
-0.3147000000000001,1.4373466806628774
-0.3137,1.3934906303670611
-0.3127000000000001,1.4373466806628774
-0.3117,1.4373466806628774
-0.3107000000000001,1.4373466806628774
-0.3097,1.4373466806628774
-0.3087000000000001,1.3934906303670611
-0.3077,1.3934906303670611
-0.3067000000000001,1.3934906303670611
-0.30569999999999997,1.3934906303670611
-0.3047000000000001,1.3934906303670611
-0.30369999999999997,1.3934906303670611
-0.3027000000000001,1.3934906303670611
-0.30169999999999997,1.3934906303670611
-0.3007000000000001,1.3934906303670611
-0.29969999999999997,1.3934906303670611
-0.2987000000000001,1.3934906303670611
-0.29769999999999996,1.3934906303670611
-0.2967000000000001,1.3934906303670611
-0.29569999999999996,1.3934906303670611
-0.2947000000000001,1.3934906303670611
-0.29369999999999996,1.349917522331218
-0.29270000000000007,1.3934906303670611
-0.29169999999999996,1.3934906303670611
-0.29070000000000007,1.3934906303670611
-0.28969999999999996,1.3934906303670611
-0.28870000000000007,1.349917522331218
-0.28769999999999996,1.3934906303670611
-0.28670000000000007,1.3934906303670611
-0.28569999999999995,1.3934906303670611
-0.28470000000000006,1.349917522331218
-0.28369999999999995,1.349917522331218
-0.28270000000000006,1.349917522331218
-0.28169999999999995,1.3934906303670611
-0.28070000000000006,1.349917522331218
-0.27969999999999995,1.349917522331218
-0.27870000000000006,1.349917522331218
-0.27769999999999995,1.349917522331218
-0.27670000000000006,1.349917522331218
-0.27569999999999995,1.349917522331218
-0.27470000000000006,1.349917522331218
-0.27369999999999994,1.349917522331218
-0.27270000000000005,1.349917522331218
-0.27169999999999994,1.349917522331218
-0.27070000000000005,1.349917522331218
-0.26969999999999994,1.349917522331218
-0.26870000000000005,1.349917522331218
-0.26769999999999994,1.349917522331218
-0.26670000000000005,1.349917522331218
-0.26569999999999994,1.349917522331218
-0.26470000000000005,1.349917522331218
-0.26369999999999993,1.349917522331218
-0.26270000000000004,1.349917522331218
-0.26169999999999993,1.349917522331218
-0.26070000000000004,1.349917522331218
-0.25969999999999993,1.349917522331218
-0.25870000000000004,1.349917522331218
-0.25769999999999993,1.349917522331218
-0.25670000000000004,1.349917522331218
-0.2556999999999999,1.349917522331218
-0.25470000000000004,1.349917522331218
-0.2536999999999999,1.349917522331218
-0.25270000000000004,1.349917522331218
-0.2516999999999999,1.349917522331218
-0.25070000000000003,1.349917522331218
-0.24969999999999992,1.349917522331218
-0.24870000000000003,1.349917522331218
-0.24769999999999992,1.349917522331218
-0.24670000000000003,1.349917522331218
-0.24569999999999992,1.3934906303670611
-0.24470000000000003,1.349917522331218
-0.24369999999999992,1.349917522331218
-0.24270000000000003,1.3934906303670611
-0.24169999999999991,1.349917522331218
-0.24070000000000003,1.3934906303670611
-0.2396999999999999,1.349917522331218
-0.23870000000000002,1.3934906303670611
-0.2376999999999999,1.3934906303670611
-0.23670000000000002,1.3934906303670611
-0.23570000000000013,1.3934906303670611
-0.23470000000000002,1.3934906303670611
-0.23370000000000013,1.3934906303670611
-0.23270000000000002,1.3934906303670611
-0.23170000000000013,1.3934906303670611
-0.23070000000000002,1.3934906303670611
-0.22970000000000013,1.3934906303670611
-0.22870000000000001,1.3934906303670611
-0.22770000000000012,1.3934906303670611
-0.2267,1.3934906303670611
-0.22570000000000012,1.3934906303670611
-0.2247,1.3934906303670611
-0.22370000000000012,1.3934906303670611
-0.2227,1.4373466806628774
-0.22170000000000012,1.3934906303670611
-0.2207,1.4373466806628774
-0.21970000000000012,1.4373466806628774
-0.2187,1.3934906303670611
-0.21770000000000012,1.3934906303670611
-0.2167,1.4373466806628774
-0.2157000000000001,1.4373466806628774
-0.2147,1.3934906303670611
-0.2137000000000001,1.4373466806628774
-0.2127,1.4373466806628774
-0.2117000000000001,1.4373466806628774
-0.2107,1.4373466806628774
-0.2097000000000001,1.4373466806628774
-0.2087,1.4373466806628774
-0.2077000000000001,1.4373466806628774
-0.2067,1.4373466806628774
-0.2057000000000001,1.4373466806628774
-0.2047,1.4373466806628774
-0.2037000000000001,1.4373466806628774
-0.2027,1.4373466806628774
-0.2017000000000001,1.4373466806628774
-0.2007,1.4373466806628774
-0.1997000000000001,1.4373466806628774
-0.1987,1.4373466806628774
-0.1977000000000001,1.4373466806628774
-0.19669999999999999,1.4373466806628774
-0.1957000000000001,1.4812027309586933
-0.19469999999999998,1.4812027309586933
-0.1937000000000001,1.4373466806628774
-0.19269999999999998,1.4812027309586933
-0.1917000000000001,1.4373466806628774
-0.1907000000000001,1.4812027309586933
-0.1897000000000002,1.4812027309586933
-0.1887000000000001,1.4812027309586933
-0.1877000000000002,1.4812027309586933
-0.1867000000000001,1.4812027309586933
-0.1857000000000002,1.4812027309586933
-0.1847000000000001,1.4812027309586933
-0.1837000000000002,1.4812027309586933
-0.18270000000000008,1.4812027309586933
-0.1817000000000002,1.4812027309586933
-0.18070000000000008,1.4812027309586933
-0.1797000000000002,1.4812027309586933
-0.17870000000000008,1.4812027309586933
-0.1777000000000002,1.4812027309586933
-0.17670000000000008,1.4812027309586933
-0.1757000000000002,1.4812027309586933
-0.17470000000000008,1.4812027309586933
-0.1737000000000002,1.4812027309586933
-0.17270000000000008,1.4812027309586933
-0.17170000000000019,1.4812027309586933
-0.17070000000000007,1.4812027309586933
-0.16970000000000018,1.5250587812545096
-0.16870000000000007,1.4812027309586933
-0.16770000000000018,1.5250587812545096
-0.16670000000000007,1.5250587812545096
-0.16570000000000018,1.5250587812545096
-0.16470000000000007,1.5250587812545096
-0.16370000000000018,1.5250587812545096
-0.16270000000000007,1.5250587812545096
-0.16170000000000018,1.5250587812545096
-0.16070000000000007,1.5250587812545096
-0.15970000000000018,1.5250587812545096
-0.15870000000000006,1.5250587812545096
-0.15770000000000017,1.5250587812545096
-0.15670000000000006,1.5250587812545096
-0.15570000000000017,1.5250587812545096
-0.15470000000000006,1.5250587812545096
-0.15370000000000017,1.5250587812545096
-0.15270000000000006,1.5250587812545096
-0.15170000000000017,1.5250587812545096
-0.15070000000000006,1.5250587812545096
-0.14970000000000017,1.5250587812545096
-0.14870000000000005,1.5250587812545096
-0.14770000000000016,1.5675001202504606
-0.14670000000000005,1.5250587812545096
-0.14570000000000016,1.5675001202504606
-0.14470000000000005,1.5675001202504606
-0.14370000000000016,1.5250587812545096
-0.14270000000000005,1.5675001202504606
-0.14170000000000016,1.5675001202504606
-0.14070000000000005,1.5675001202504606
-0.13970000000000016,1.5675001202504606
-0.13870000000000005,1.5675001202504606
-0.13770000000000016,1.5675001202504606
-0.13670000000000004,1.5675001202504606
-0.13570000000000015,1.5675001202504606
-0.13470000000000004,1.5675001202504606
-0.13370000000000015,1.5675001202504606
-0.13270000000000004,1.5675001202504606
-0.13170000000000015,1.5675001202504606
-0.13070000000000004,1.5675001202504606
-0.12970000000000015,1.5675001202504606
-0.12870000000000004,1.5675001202504606
-0.12770000000000015,1.5675001202504606
-0.12670000000000003,1.6113561705462767
-0.12570000000000014,1.6113561705462767
-0.12470000000000003,1.5675001202504606
-0.12370000000000014,1.6113561705462767
-0.12270000000000003,1.6113561705462767
-0.12170000000000014,1.6113561705462767
-0.12070000000000003,1.6113561705462767
-0.11970000000000014,1.6113561705462767
-0.11870000000000003,1.6113561705462767
-0.11770000000000014,1.6113561705462767
-0.11670000000000003,1.6113561705462767
-0.11570000000000014,1.6113561705462767
-0.11470000000000002,1.6113561705462767
-0.11370000000000013,1.6113561705462767
-0.11270000000000002,1.6113561705462767
-0.11170000000000013,1.6113561705462767
-0.11070000000000024,1.6113561705462767
-0.10970000000000013,1.6113561705462767
-0.10870000000000024,1.6113561705462767
-0.10770000000000013,1.6113561705462767
-0.10670000000000024,1.6113561705462767
-0.10570000000000013,1.655212220842093
-0.10470000000000024,1.655212220842093
-0.10370000000000013,1.655212220842093
-0.10270000000000024,1.655212220842093
-0.10170000000000012,1.655212220842093
-0.10070000000000023,1.655212220842093
-0.09970000000000012,1.655212220842093
-0.09870000000000023,1.655212220842093
-0.09770000000000012,1.655212220842093
-0.09670000000000023,1.655212220842093
-0.09570000000000012,1.655212220842093
-0.09470000000000023,1.655212220842093
-0.09370000000000012,1.655212220842093
-0.09270000000000023,1.655212220842093
-0.09170000000000011,1.655212220842093
-0.09070000000000022,1.655212220842093
-0.08970000000000011,1.655212220842093
-0.08870000000000022,1.655212220842093
-0.08770000000000011,1.655212220842093
-0.08670000000000022,1.6990682711379093
-0.08570000000000011,1.6990682711379093
-0.08470000000000022,1.655212220842093
-0.08370000000000011,1.6990682711379093
-0.08270000000000022,1.6990682711379093
-0.0817000000000001,1.6990682711379093
-0.08070000000000022,1.6990682711379093
-0.0797000000000001,1.6990682711379093
-0.07870000000000021,1.6990682711379093
-0.0777000000000001,1.6990682711379093
-0.07670000000000021,1.6990682711379093
-0.0757000000000001,1.6990682711379093
-0.07470000000000021,1.6990682711379093
-0.0737000000000001,1.6990682711379093
-0.07270000000000021,1.6990682711379093
-0.0717000000000001,1.6990682711379093
-0.07070000000000021,1.7429243214337253
-0.0697000000000001,1.6990682711379093
-0.0687000000000002,1.6990682711379093
-0.0677000000000001,1.7429243214337253
-0.0667000000000002,1.7429243214337253
-0.06570000000000009,1.7429243214337253
-0.0647000000000002,1.7429243214337253
-0.06370000000000009,1.7429243214337253
-0.0627000000000002,1.7429243214337253
-0.06170000000000009,1.7429243214337253
-0.0607000000000002,1.7429243214337253
-0.059700000000000086,1.7429243214337253
-0.058700000000000196,1.7429243214337253
-0.057700000000000085,1.7429243214337253
-0.056700000000000195,1.7429243214337253
-0.05570000000000008,1.7429243214337253
-0.05470000000000019,1.7429243214337253
-0.05370000000000008,1.7429243214337253
-0.05270000000000019,1.7429243214337253
-0.05170000000000008,1.7867803717295414
-0.05070000000000019,1.7867803717295414
-0.04970000000000008,1.7867803717295414
-0.04870000000000019,1.7867803717295414
-0.047700000000000076,1.7867803717295414
-0.046700000000000186,1.7867803717295414
-0.045700000000000074,1.7867803717295414
-0.044700000000000184,1.7867803717295414
-0.04370000000000007,1.7867803717295414
-0.04270000000000018,1.7867803717295414
-0.04170000000000007,1.7867803717295414
-0.04070000000000018,1.7867803717295414
-0.03970000000000007,1.7867803717295414
-0.03870000000000018,1.8292217107254924
-0.03770000000000007,1.7867803717295414
-0.03670000000000018,1.8292217107254924
-0.035700000000000065,1.8292217107254924
-0.034700000000000175,1.8292217107254924
-0.03370000000000006,1.7867803717295414
-0.03270000000000017,1.8292217107254924
-0.03170000000000006,1.8292217107254924
-0.03070000000000017,1.8292217107254924
-0.02970000000000006,1.8292217107254924
-0.02870000000000017,1.8292217107254924
-0.027700000000000058,1.8292217107254924
-0.026700000000000168,1.8292217107254924
-0.025700000000000056,1.8292217107254924
-0.024700000000000166,1.8292217107254924
-0.023700000000000054,1.8292217107254924
-0.022700000000000164,1.8730777610213083
-0.021700000000000053,1.8730777610213083
-0.020700000000000163,1.8730777610213083
-0.01970000000000005,1.8730777610213083
-0.01870000000000016,1.8730777610213083
-0.01770000000000005,1.8730777610213083
-0.01670000000000016,1.8730777610213083
-0.015700000000000047,1.8730777610213083
-0.014700000000000157,1.8730777610213083
-0.013700000000000045,1.8730777610213083
-0.012700000000000156,1.8730777610213083
-0.011700000000000044,1.8730777610213083
-0.010700000000000154,1.8730777610213083
-0.009700000000000042,1.8730777610213083
-0.008700000000000152,1.8730777610213083
-0.00770000000000004,1.9169338113171246
-0.00670000000000015,1.9169338113171246
-0.005700000000000038,1.9169338113171246
-0.0047000000000001485,1.9169338113171246
-0.0037000000000000366,1.9169338113171246
-0.0027000000000001467,1.9169338113171246
-0.0017000000000000348,1.9169338113171246
-0.000700000000000145,1.9169338113171246
0.00029999999999996696,1.9169338113171246
0.0012999999999998568,1.9169338113171246
0.0022999999999999687,1.9169338113171246
0.0032999999999998586,1.9169338113171246
0.0042999999999999705,1.9169338113171246
0.00529999999999986,1.9169338113171246
0.006299999999999972,1.9169338113171246
0.007299999999999862,1.9607898616129409
0.008299999999999974,1.9607898616129409
0.009299999999999864,1.9607898616129409
0.010299999999999976,1.9607898616129409
0.011299999999999866,1.9607898616129409
0.012299999999999978,1.9607898616129409
