Apr. 17, 2025   19:47:39
Cyclic Voltammetry
File: c:/users/guazh/data/banditlqround7_x0exp590_r20/2025-04-16-exp1111\exp1111-2025-04-17t19_27_18-arkoh\exp1111_cv_sr_800mvs_efin_-1700mv.bin
Data Source:  Experiment
Instrument Model:  CHI760E
Header: CV ran at 800 mVs
Note: 

Init E (V) = -1
High E (V) = -1
Low E (V) = -1.7
Final E (V) = -1
Init P/N = N
Scan Rate (V/s) = 0.8
Segment = 3
Sample Interval (V) = 0.001
Quiet Time (sec) = 2
Sensitivity (A/V) = 0.01
Comp R (ohm) = 1.6

Results:

Channel 1:
Segment 1:

Segment 2:

Segment 3:

Potential/V, Current/A

-1.000, 3.407e-5
-1.001, 5.257e-5
-1.002, 5.873e-5
-1.003, 5.873e-5
-1.004, 6.182e-5
-1.005, 6.182e-5
-1.006, 6.490e-5
-1.007, 6.490e-5
-1.008, 6.798e-5
-1.009, 6.798e-5
-1.010, 7.107e-5
-1.011, 7.107e-5
-1.012, 7.415e-5
-1.013, 7.415e-5
-1.014, 7.415e-5
-1.015, 7.723e-5
-1.016, 7.723e-5
-1.017, 7.723e-5
-1.018, 7.723e-5
-1.019, 7.723e-5
-1.020, 7.723e-5
-1.021, 8.032e-5
-1.022, 8.032e-5
-1.023, 8.032e-5
-1.024, 8.340e-5
-1.025, 8.340e-5
-1.026, 8.340e-5
-1.027, 8.340e-5
-1.028, 8.648e-5
-1.029, 8.340e-5
-1.030, 8.648e-5
-1.031, 8.648e-5
-1.032, 8.648e-5
-1.033, 8.648e-5
-1.034, 8.648e-5
-1.035, 8.648e-5
-1.036, 8.648e-5
-1.037, 8.957e-5
-1.038, 8.957e-5
-1.039, 8.957e-5
-1.040, 8.957e-5
-1.041, 9.265e-5
-1.042, 8.957e-5
-1.043, 8.957e-5
-1.044, 9.265e-5
-1.045, 9.265e-5
-1.046, 8.957e-5
-1.047, 9.265e-5
-1.048, 9.265e-5
-1.049, 9.265e-5
-1.050, 9.573e-5
-1.051, 9.573e-5
-1.052, 9.573e-5
-1.053, 9.573e-5
-1.054, 9.573e-5
-1.055, 9.573e-5
-1.056, 9.573e-5
-1.057, 9.573e-5
-1.058, 9.882e-5
-1.059, 9.573e-5
-1.060, 9.882e-5
-1.061, 9.882e-5
-1.062, 9.882e-5
-1.063, 9.882e-5
-1.064, 9.882e-5
-1.065, 1.019e-4
-1.066, 1.019e-4
-1.067, 1.019e-4
-1.068, 1.019e-4
-1.069, 1.019e-4
-1.070, 1.019e-4
-1.071, 1.019e-4
-1.072, 1.019e-4
-1.073, 1.019e-4
-1.074, 1.019e-4
-1.075, 1.019e-4
-1.076, 1.050e-4
-1.077, 1.050e-4
-1.078, 1.050e-4
-1.079, 1.050e-4
-1.080, 1.050e-4
-1.081, 1.050e-4
-1.082, 1.081e-4
-1.083, 1.081e-4
-1.084, 1.081e-4
-1.085, 1.050e-4
-1.086, 1.081e-4
-1.087, 1.081e-4
-1.088, 1.081e-4
-1.089, 1.081e-4
-1.090, 1.081e-4
-1.091, 1.111e-4
-1.092, 1.111e-4
-1.093, 1.111e-4
-1.094, 1.111e-4
-1.095, 1.111e-4
-1.096, 1.111e-4
-1.097, 1.111e-4
-1.098, 1.111e-4
-1.099, 1.111e-4
-1.100, 1.111e-4
-1.101, 1.111e-4
-1.102, 1.111e-4
-1.103, 1.142e-4
-1.104, 1.142e-4
-1.105, 1.142e-4
-1.106, 1.173e-4
-1.107, 1.142e-4
-1.108, 1.142e-4
-1.109, 1.142e-4
-1.110, 1.142e-4
-1.111, 1.142e-4
-1.112, 1.173e-4
-1.113, 1.142e-4
-1.114, 1.142e-4
-1.115, 1.173e-4
-1.116, 1.173e-4
-1.117, 1.173e-4
-1.118, 1.204e-4
-1.119, 1.204e-4
-1.120, 1.173e-4
-1.121, 1.204e-4
-1.122, 1.204e-4
-1.123, 1.204e-4
-1.124, 1.204e-4
-1.125, 1.204e-4
-1.126, 1.204e-4
-1.127, 1.204e-4
-1.128, 1.204e-4
-1.129, 1.204e-4
-1.130, 1.235e-4
-1.131, 1.235e-4
-1.132, 1.235e-4
-1.133, 1.235e-4
-1.134, 1.235e-4
-1.135, 1.235e-4
-1.136, 1.235e-4
-1.137, 1.235e-4
-1.138, 1.235e-4
-1.139, 1.235e-4
-1.140, 1.266e-4
-1.141, 1.235e-4
-1.142, 1.235e-4
-1.143, 1.266e-4
-1.144, 1.266e-4
-1.145, 1.266e-4
-1.146, 1.266e-4
-1.147, 1.266e-4
-1.148, 1.266e-4
-1.149, 1.266e-4
-1.150, 1.266e-4
-1.151, 1.266e-4
-1.152, 1.266e-4
-1.153, 1.266e-4
-1.154, 1.266e-4
-1.155, 1.266e-4
-1.156, 1.296e-4
-1.157, 1.296e-4
-1.158, 1.296e-4
-1.159, 1.296e-4
-1.160, 1.296e-4
-1.161, 1.296e-4
-1.162, 1.296e-4
-1.163, 1.296e-4
-1.164, 1.296e-4
-1.165, 1.296e-4
-1.166, 1.296e-4
-1.167, 1.296e-4
-1.168, 1.296e-4
-1.169, 1.327e-4
-1.170, 1.327e-4
-1.171, 1.296e-4
-1.172, 1.327e-4
-1.173, 1.327e-4
-1.174, 1.327e-4
-1.175, 1.327e-4
-1.176, 1.327e-4
-1.177, 1.327e-4
-1.178, 1.327e-4
-1.179, 1.327e-4
-1.180, 1.327e-4
-1.181, 1.327e-4
-1.182, 1.327e-4
-1.183, 1.327e-4
-1.184, 1.327e-4
-1.185, 1.327e-4
-1.186, 1.358e-4
-1.187, 1.358e-4
-1.188, 1.358e-4
-1.189, 1.327e-4
-1.190, 1.327e-4
-1.191, 1.327e-4
-1.192, 1.327e-4
-1.193, 1.327e-4
-1.194, 1.358e-4
-1.195, 1.327e-4
-1.196, 1.358e-4
-1.197, 1.358e-4
-1.198, 1.358e-4
-1.199, 1.358e-4
-1.200, 1.358e-4
-1.201, 1.358e-4
-1.202, 1.358e-4
-1.203, 1.358e-4
-1.204, 1.358e-4
-1.205, 1.358e-4
-1.206, 1.327e-4
-1.207, 1.358e-4
-1.208, 1.327e-4
-1.209, 1.358e-4
-1.210, 1.358e-4
-1.211, 1.358e-4
-1.212, 1.358e-4
-1.213, 1.358e-4
-1.214, 1.358e-4
-1.215, 1.389e-4
-1.216, 1.358e-4
-1.217, 1.358e-4
-1.218, 1.358e-4
-1.219, 1.358e-4
-1.220, 1.358e-4
-1.221, 1.358e-4
-1.222, 1.358e-4
-1.223, 1.358e-4
-1.224, 1.358e-4
-1.225, 1.358e-4
-1.226, 1.389e-4
-1.227, 1.389e-4
-1.228, 1.358e-4
-1.229, 1.389e-4
-1.230, 1.358e-4
-1.231, 1.358e-4
-1.232, 1.358e-4
-1.233, 1.358e-4
-1.234, 1.389e-4
-1.235, 1.358e-4
-1.236, 1.358e-4
-1.237, 1.358e-4
-1.238, 1.389e-4
-1.239, 1.358e-4
-1.240, 1.389e-4
-1.241, 1.358e-4
-1.242, 1.389e-4
-1.243, 1.358e-4
-1.244, 1.358e-4
-1.245, 1.358e-4
-1.246, 1.358e-4
-1.247, 1.358e-4
-1.248, 1.358e-4
-1.249, 1.358e-4
-1.250, 1.358e-4
-1.251, 1.358e-4
-1.252, 1.358e-4
-1.253, 1.389e-4
-1.254, 1.389e-4
-1.255, 1.358e-4
-1.256, 1.358e-4
-1.257, 1.389e-4
-1.258, 1.358e-4
-1.259, 1.358e-4
-1.260, 1.358e-4
-1.261, 1.358e-4
-1.262, 1.358e-4
-1.263, 1.358e-4
-1.264, 1.358e-4
-1.265, 1.389e-4
-1.266, 1.389e-4
-1.267, 1.389e-4
-1.268, 1.389e-4
-1.269, 1.358e-4
-1.270, 1.358e-4
-1.271, 1.358e-4
-1.272, 1.358e-4
-1.273, 1.358e-4
-1.274, 1.358e-4
-1.275, 1.358e-4
-1.276, 1.358e-4
-1.277, 1.358e-4
-1.278, 1.358e-4
-1.279, 1.389e-4
-1.280, 1.358e-4
-1.281, 1.389e-4
-1.282, 1.358e-4
-1.283, 1.389e-4
-1.284, 1.389e-4
-1.285, 1.358e-4
-1.286, 1.358e-4
-1.287, 1.358e-4
-1.288, 1.358e-4
-1.289, 1.358e-4
-1.290, 1.358e-4
-1.291, 1.358e-4
-1.292, 1.389e-4
-1.293, 1.389e-4
-1.294, 1.389e-4
-1.295, 1.389e-4
-1.296, 1.358e-4
-1.297, 1.358e-4
-1.298, 1.358e-4
-1.299, 1.358e-4
-1.300, 1.389e-4
-1.301, 1.358e-4
-1.302, 1.389e-4
-1.303, 1.358e-4
-1.304, 1.389e-4
-1.305, 1.389e-4
-1.306, 1.389e-4
-1.307, 1.389e-4
-1.308, 1.389e-4
-1.309, 1.389e-4
-1.310, 1.389e-4
-1.311, 1.389e-4
-1.312, 1.389e-4
-1.313, 1.389e-4
-1.314, 1.358e-4
-1.315, 1.358e-4
-1.316, 1.389e-4
-1.317, 1.389e-4
-1.318, 1.389e-4
-1.319, 1.420e-4
-1.320, 1.389e-4
-1.321, 1.389e-4
-1.322, 1.420e-4
-1.323, 1.389e-4
-1.324, 1.420e-4
-1.325, 1.389e-4
-1.326, 1.389e-4
-1.327, 1.389e-4
-1.328, 1.389e-4
-1.329, 1.389e-4
-1.330, 1.389e-4
-1.331, 1.420e-4
-1.332, 1.420e-4
-1.333, 1.420e-4
-1.334, 1.420e-4
-1.335, 1.451e-4
-1.336, 1.420e-4
-1.337, 1.420e-4
-1.338, 1.420e-4
-1.339, 1.420e-4
-1.340, 1.451e-4
-1.341, 1.420e-4
-1.342, 1.451e-4
-1.343, 1.451e-4
-1.344, 1.451e-4
-1.345, 1.481e-4
-1.346, 1.481e-4
-1.347, 1.451e-4
-1.348, 1.481e-4
-1.349, 1.481e-4
-1.350, 1.481e-4
-1.351, 1.481e-4
-1.352, 1.481e-4
-1.353, 1.481e-4
-1.354, 1.512e-4
-1.355, 1.512e-4
-1.356, 1.512e-4
-1.357, 1.512e-4
-1.358, 1.512e-4
-1.359, 1.543e-4
-1.360, 1.543e-4
-1.361, 1.543e-4
-1.362, 1.543e-4
-1.363, 1.574e-4
-1.364, 1.574e-4
-1.365, 1.574e-4
-1.366, 1.574e-4
-1.367, 1.574e-4
-1.368, 1.574e-4
-1.369, 1.605e-4
-1.370, 1.605e-4
-1.371, 1.636e-4
-1.372, 1.636e-4
-1.373, 1.636e-4
-1.374, 1.666e-4
-1.375, 1.666e-4
-1.376, 1.666e-4
-1.377, 1.697e-4
-1.378, 1.697e-4
-1.379, 1.697e-4
-1.380, 1.697e-4
-1.381, 1.728e-4
-1.382, 1.728e-4
-1.383, 1.759e-4
-1.384, 1.759e-4
-1.385, 1.790e-4
-1.386, 1.790e-4
-1.387, 1.790e-4
-1.388, 1.821e-4
-1.389, 1.821e-4
-1.390, 1.821e-4
-1.391, 1.851e-4
-1.392, 1.882e-4
-1.393, 1.882e-4
-1.394, 1.882e-4
-1.395, 1.913e-4
-1.396, 1.913e-4
-1.397, 1.944e-4
-1.398, 1.975e-4
-1.399, 1.975e-4
-1.400, 2.006e-4
-1.401, 2.006e-4
-1.402, 2.036e-4
-1.403, 2.036e-4
-1.404, 2.067e-4
-1.405, 2.067e-4
-1.406, 2.098e-4
-1.407, 2.129e-4
-1.408, 2.129e-4
-1.409, 2.160e-4
-1.410, 2.221e-4
-1.411, 2.221e-4
-1.412, 2.252e-4
-1.413, 2.283e-4
-1.414, 2.283e-4
-1.415, 2.314e-4
-1.416, 2.345e-4
-1.417, 2.376e-4
-1.418, 2.406e-4
-1.419, 2.406e-4
-1.420, 2.468e-4
-1.421, 2.468e-4
-1.422, 2.499e-4
-1.423, 2.530e-4
-1.424, 2.561e-4
-1.425, 2.622e-4
-1.426, 2.653e-4
-1.427, 2.653e-4
-1.428, 2.715e-4
-1.429, 2.715e-4
-1.430, 2.746e-4
-1.431, 2.807e-4
-1.432, 2.838e-4
-1.433, 2.838e-4
-1.434, 2.900e-4
-1.435, 2.931e-4
-1.436, 2.961e-4
-1.437, 3.023e-4
-1.438, 3.054e-4
-1.439, 3.115e-4
-1.440, 3.146e-4
-1.441, 3.208e-4
-1.442, 3.239e-4
-1.443, 3.300e-4
-1.444, 3.300e-4
-1.445, 3.362e-4
-1.446, 3.393e-4
-1.447, 3.455e-4
-1.448, 3.485e-4
-1.449, 3.578e-4
-1.450, 3.609e-4
-1.451, 3.670e-4
-1.452, 3.732e-4
-1.453, 3.794e-4
-1.454, 3.855e-4
-1.455, 3.917e-4
-1.456, 3.948e-4
-1.457, 4.010e-4
-1.458, 4.040e-4
-1.459, 4.102e-4
-1.460, 4.195e-4
-1.461, 4.225e-4
-1.462, 4.318e-4
-1.463, 4.380e-4
-1.464, 4.441e-4
-1.465, 4.534e-4
-1.466, 4.595e-4
-1.467, 4.657e-4
-1.468, 4.750e-4
-1.469, 4.780e-4
-1.470, 4.873e-4
-1.471, 4.965e-4
-1.472, 5.027e-4
-1.473, 5.089e-4
-1.474, 5.181e-4
-1.475, 5.243e-4
-1.476, 5.366e-4
-1.477, 5.428e-4
-1.478, 5.520e-4
-1.479, 5.613e-4
-1.480, 5.705e-4
-1.481, 5.798e-4
-1.482, 5.890e-4
-1.483, 5.983e-4
-1.484, 6.075e-4
-1.485, 6.168e-4
-1.486, 6.291e-4
-1.487, 6.384e-4
-1.488, 6.476e-4
-1.489, 6.599e-4
-1.490, 6.692e-4
-1.491, 6.815e-4
-1.492, 6.939e-4
-1.493, 7.031e-4
-1.494, 7.154e-4
-1.495, 7.278e-4
-1.496, 7.401e-4
-1.497, 7.524e-4
-1.498, 7.648e-4
-1.499, 7.771e-4
-1.500, 7.894e-4
-1.501, 8.018e-4
-1.502, 8.172e-4
-1.503, 8.295e-4
-1.504, 8.449e-4
-1.505, 8.603e-4
-1.506, 8.727e-4
-1.507, 8.881e-4
-1.508, 9.035e-4
-1.509, 9.189e-4
-1.510, 9.343e-4
-1.511, 9.498e-4
-1.512, 9.652e-4
-1.513, 9.806e-4
-1.514, 9.960e-4
-1.515, 1.014e-3
-1.516, 1.030e-3
-1.517, 1.048e-3
-1.518, 1.067e-3
-1.519, 1.085e-3
-1.520, 1.104e-3
-1.521, 1.122e-3
-1.522, 1.141e-3
-1.523, 1.159e-3
-1.524, 1.178e-3
-1.525, 1.199e-3
-1.526, 1.215e-3
-1.527, 1.236e-3
-1.528, 1.258e-3
-1.529, 1.280e-3
-1.530, 1.301e-3
-1.531, 1.323e-3
-1.532, 1.347e-3
-1.533, 1.369e-3
-1.534, 1.391e-3
-1.535, 1.415e-3
-1.536, 1.440e-3
-1.537, 1.462e-3
-1.538, 1.486e-3
-1.539, 1.511e-3
-1.540, 1.536e-3
-1.541, 1.563e-3
-1.542, 1.588e-3
-1.543, 1.616e-3
-1.544, 1.640e-3
-1.545, 1.668e-3
-1.546, 1.699e-3
-1.547, 1.727e-3
-1.548, 1.754e-3
-1.549, 1.782e-3
-1.550, 1.810e-3
-1.551, 1.841e-3
-1.552, 1.869e-3
-1.553, 1.899e-3
-1.554, 1.930e-3
-1.555, 1.961e-3
-1.556, 1.995e-3
-1.557, 2.026e-3
-1.558, 2.060e-3
-1.559, 2.094e-3
-1.560, 2.128e-3
-1.561, 2.161e-3
-1.562, 2.198e-3
-1.563, 2.232e-3
-1.564, 2.269e-3
-1.565, 2.303e-3
-1.566, 2.340e-3
-1.567, 2.377e-3
-1.568, 2.417e-3
-1.569, 2.454e-3
-1.570, 2.494e-3
-1.571, 2.534e-3
-1.572, 2.575e-3
-1.573, 2.615e-3
-1.574, 2.658e-3
-1.575, 2.698e-3
-1.576, 2.741e-3
-1.577, 2.781e-3
-1.578, 2.824e-3
-1.579, 2.867e-3
-1.580, 2.911e-3
-1.581, 2.954e-3
-1.582, 2.997e-3
-1.583, 3.043e-3
-1.584, 3.089e-3
-1.585, 3.136e-3
-1.586, 3.185e-3
-1.587, 3.234e-3
-1.588, 3.284e-3
-1.589, 3.330e-3
-1.590, 3.379e-3
-1.591, 3.429e-3
-1.592, 3.478e-3
-1.593, 3.527e-3
-1.594, 3.580e-3
-1.595, 3.629e-3
-1.596, 3.681e-3
-1.597, 3.737e-3
-1.598, 3.789e-3
-1.599, 3.848e-3
-1.600, 3.900e-3
-1.601, 3.959e-3
-1.602, 4.014e-3
-1.603, 4.073e-3
-1.604, 4.132e-3
-1.605, 4.187e-3
-1.606, 4.246e-3
-1.607, 4.304e-3
-1.608, 4.363e-3
-1.609, 4.421e-3
-1.610, 4.483e-3
-1.611, 4.545e-3
-1.612, 4.606e-3
-1.613, 4.671e-3
-1.614, 4.736e-3
-1.615, 4.801e-3
-1.616, 4.865e-3
-1.617, 4.930e-3
-1.618, 4.995e-3
-1.619, 5.060e-3
-1.620, 5.127e-3
-1.621, 5.192e-3
-1.622, 5.257e-3
-1.623, 5.328e-3
-1.624, 5.393e-3
-1.625, 5.463e-3
-1.626, 5.537e-3
-1.627, 5.608e-3
-1.628, 5.679e-3
-1.629, 5.750e-3
-1.630, 5.824e-3
-1.631, 5.898e-3
-1.632, 5.969e-3
-1.633, 6.046e-3
-1.634, 6.117e-3
-1.635, 6.194e-3
-1.636, 6.271e-3
-1.637, 6.351e-3
-1.638, 6.432e-3
-1.639, 6.515e-3
-1.640, 6.595e-3
-1.641, 6.678e-3
-1.642, 6.758e-3
-1.643, 6.842e-3
-1.644, 6.925e-3
-1.645, 7.005e-3
-1.646, 7.085e-3
-1.647, 7.168e-3
-1.648, 7.252e-3
-1.649, 7.338e-3
-1.650, 7.421e-3
-1.651, 7.508e-3
-1.652, 7.594e-3
-1.653, 7.683e-3
-1.654, 7.770e-3
-1.655, 7.859e-3
-1.656, 7.948e-3
-1.657, 8.035e-3
-1.658, 8.124e-3
-1.659, 8.217e-3
-1.660, 8.306e-3
-1.661, 8.395e-3
-1.662, 8.485e-3
-1.663, 8.577e-3
-1.664, 8.670e-3
-1.665, 8.765e-3
-1.666, 8.861e-3
-1.667, 8.954e-3
-1.668, 9.049e-3
-1.669, 9.138e-3
-1.670, 9.237e-3
-1.671, 9.330e-3
-1.672, 9.425e-3
-1.673, 9.521e-3
-1.674, 9.619e-3
-1.675, 9.715e-3
-1.676, 9.814e-3
-1.677, 9.915e-3
-1.678, 1.002e-2
-1.679, 1.012e-2
-1.680, 1.022e-2
-1.681, 1.033e-2
-1.682, 1.043e-2
-1.683, 1.053e-2
-1.684, 1.063e-2
-1.685, 1.074e-2
-1.686, 1.084e-2
-1.687, 1.094e-2
-1.688, 1.104e-2
-1.689, 1.115e-2
-1.690, 1.126e-2
-1.691, 1.137e-2
-1.692, 1.148e-2
-1.693, 1.159e-2
-1.694, 1.169e-2
-1.695, 1.181e-2
-1.696, 1.192e-2
-1.697, 1.203e-2
-1.698, 1.214e-2
-1.699, 1.224e-2
-1.700, 1.227e-2
-1.699, 1.219e-2
-1.698, 1.210e-2
-1.697, 1.202e-2
-1.696, 1.194e-2
-1.695, 1.185e-2
-1.694, 1.177e-2
-1.693, 1.168e-2
-1.692, 1.160e-2
-1.691, 1.151e-2
-1.690, 1.142e-2
-1.689, 1.133e-2
-1.688, 1.124e-2
-1.687, 1.115e-2
-1.686, 1.106e-2
-1.685, 1.098e-2
-1.684, 1.088e-2
-1.683, 1.079e-2
-1.682, 1.071e-2
-1.681, 1.062e-2
-1.680, 1.053e-2
-1.679, 1.045e-2
-1.678, 1.036e-2
-1.677, 1.027e-2
-1.676, 1.018e-2
-1.675, 1.009e-2
-1.674, 1.000e-2
-1.673, 9.912e-3
-1.672, 9.826e-3
-1.671, 9.737e-3
-1.670, 9.650e-3
-1.669, 9.564e-3
-1.668, 9.478e-3
-1.667, 9.391e-3
-1.666, 9.305e-3
-1.665, 9.222e-3
-1.664, 9.135e-3
-1.663, 9.049e-3
-1.662, 8.963e-3
-1.661, 8.876e-3
-1.660, 8.787e-3
-1.659, 8.701e-3
-1.658, 8.617e-3
-1.657, 8.534e-3
-1.656, 8.454e-3
-1.655, 8.371e-3
-1.654, 8.291e-3
-1.653, 8.210e-3
-1.652, 8.130e-3
-1.651, 8.047e-3
-1.650, 7.964e-3
-1.649, 7.884e-3
-1.648, 7.800e-3
-1.647, 7.717e-3
-1.646, 7.634e-3
-1.645, 7.554e-3
-1.644, 7.474e-3
-1.643, 7.393e-3
-1.642, 7.316e-3
-1.641, 7.239e-3
-1.640, 7.162e-3
-1.639, 7.085e-3
-1.638, 7.005e-3
-1.637, 6.931e-3
-1.636, 6.854e-3
-1.635, 6.777e-3
-1.634, 6.700e-3
-1.633, 6.626e-3
-1.632, 6.552e-3
-1.631, 6.478e-3
-1.630, 6.407e-3
-1.629, 6.333e-3
-1.628, 6.262e-3
-1.627, 6.191e-3
-1.626, 6.120e-3
-1.625, 6.049e-3
-1.624, 5.978e-3
-1.623, 5.910e-3
-1.622, 5.840e-3
-1.621, 5.769e-3
-1.620, 5.698e-3
-1.619, 5.627e-3
-1.618, 5.559e-3
-1.617, 5.488e-3
-1.616, 5.420e-3
-1.615, 5.352e-3
-1.614, 5.288e-3
-1.613, 5.220e-3
-1.612, 5.155e-3
-1.611, 5.090e-3
-1.610, 5.026e-3
-1.609, 4.961e-3
-1.608, 4.896e-3
-1.607, 4.831e-3
-1.606, 4.767e-3
-1.605, 4.705e-3
-1.604, 4.643e-3
-1.603, 4.579e-3
-1.602, 4.523e-3
-1.601, 4.461e-3
-1.600, 4.403e-3
-1.599, 4.344e-3
-1.598, 4.286e-3
-1.597, 4.227e-3
-1.596, 4.169e-3
-1.595, 4.110e-3
-1.594, 4.051e-3
-1.593, 3.993e-3
-1.592, 3.937e-3
-1.591, 3.882e-3
-1.590, 3.826e-3
-1.589, 3.771e-3
-1.588, 3.718e-3
-1.587, 3.666e-3
-1.586, 3.614e-3
-1.585, 3.561e-3
-1.584, 3.509e-3
-1.583, 3.456e-3
-1.582, 3.404e-3
-1.581, 3.355e-3
-1.580, 3.302e-3
-1.579, 3.253e-3
-1.578, 3.204e-3
-1.577, 3.154e-3
-1.576, 3.105e-3
-1.575, 3.059e-3
-1.574, 3.012e-3
-1.573, 2.966e-3
-1.572, 2.920e-3
-1.571, 2.877e-3
-1.570, 2.830e-3
-1.569, 2.784e-3
-1.568, 2.741e-3
-1.567, 2.695e-3
-1.566, 2.652e-3
-1.565, 2.608e-3
-1.564, 2.568e-3
-1.563, 2.528e-3
-1.562, 2.485e-3
-1.561, 2.445e-3
-1.560, 2.408e-3
-1.559, 2.368e-3
-1.558, 2.328e-3
-1.557, 2.288e-3
-1.556, 2.248e-3
-1.555, 2.211e-3
-1.554, 2.174e-3
-1.553, 2.137e-3
-1.552, 2.100e-3
-1.551, 2.063e-3
-1.550, 2.026e-3
-1.549, 1.995e-3
-1.548, 1.958e-3
-1.547, 1.924e-3
-1.546, 1.890e-3
-1.545, 1.856e-3
-1.544, 1.825e-3
-1.543, 1.791e-3
-1.542, 1.758e-3
-1.541, 1.727e-3
-1.540, 1.693e-3
-1.539, 1.662e-3
-1.538, 1.631e-3
-1.537, 1.600e-3
-1.536, 1.573e-3
-1.535, 1.545e-3
-1.534, 1.514e-3
-1.533, 1.489e-3
-1.532, 1.462e-3
-1.531, 1.434e-3
-1.530, 1.406e-3
-1.529, 1.378e-3
-1.528, 1.351e-3
-1.527, 1.323e-3
-1.526, 1.301e-3
-1.525, 1.273e-3
-1.524, 1.249e-3
-1.523, 1.224e-3
-1.522, 1.203e-3
-1.521, 1.178e-3
-1.520, 1.156e-3
-1.519, 1.132e-3
-1.518, 1.110e-3
-1.517, 1.088e-3
-1.516, 1.067e-3
-1.515, 1.042e-3
-1.514, 1.021e-3
-1.513, 9.991e-4
-1.512, 9.775e-4
-1.511, 9.590e-4
-1.510, 9.374e-4
-1.509, 9.220e-4
-1.508, 9.004e-4
-1.507, 8.850e-4
-1.506, 8.634e-4
-1.505, 8.480e-4
-1.504, 8.264e-4
-1.503, 8.079e-4
-1.502, 7.925e-4
-1.501, 7.740e-4
-1.500, 7.555e-4
-1.499, 7.401e-4
-1.498, 7.247e-4
-1.497, 7.093e-4
-1.496, 6.908e-4
-1.495, 6.784e-4
-1.494, 6.630e-4
-1.493, 6.476e-4
-1.492, 6.322e-4
-1.491, 6.168e-4
-1.490, 6.044e-4
-1.489, 5.890e-4
-1.488, 5.736e-4
-1.487, 5.613e-4
-1.486, 5.459e-4
-1.485, 5.335e-4
-1.484, 5.181e-4
-1.483, 5.058e-4
-1.482, 4.965e-4
-1.481, 4.842e-4
-1.480, 4.719e-4
-1.479, 4.595e-4
-1.478, 4.503e-4
-1.477, 4.380e-4
-1.476, 4.256e-4
-1.475, 4.164e-4
-1.474, 4.040e-4
-1.473, 3.917e-4
-1.472, 3.825e-4
-1.471, 3.732e-4
-1.470, 3.640e-4
-1.469, 3.547e-4
-1.468, 3.455e-4
-1.467, 3.362e-4
-1.466, 3.270e-4
-1.465, 3.177e-4
-1.464, 3.085e-4
-1.463, 2.992e-4
-1.462, 2.900e-4
-1.461, 2.807e-4
-1.460, 2.715e-4
-1.459, 2.653e-4
-1.458, 2.561e-4
-1.457, 2.499e-4
-1.456, 2.406e-4
-1.455, 2.345e-4
-1.454, 2.283e-4
-1.453, 2.221e-4
-1.452, 2.160e-4
-1.451, 2.036e-4
-1.450, 2.006e-4
-1.449, 1.913e-4
-1.448, 1.882e-4
-1.447, 1.790e-4
-1.446, 1.728e-4
-1.445, 1.666e-4
-1.444, 1.605e-4
-1.443, 1.543e-4
-1.442, 1.512e-4
-1.441, 1.451e-4
-1.440, 1.389e-4
-1.439, 1.327e-4
-1.438, 1.266e-4
-1.437, 1.235e-4
-1.436, 1.173e-4
-1.435, 1.111e-4
-1.434, 1.081e-4
-1.433, 1.019e-4
-1.432, 9.573e-5
-1.431, 9.265e-5
-1.430, 8.957e-5
-1.429, 8.340e-5
-1.428, 8.032e-5
-1.427, 7.723e-5
-1.426, 7.107e-5
-1.425, 6.798e-5
-1.424, 6.490e-5
-1.423, 5.873e-5
-1.422, 5.565e-5
-1.421, 5.257e-5
-1.420, 4.949e-5
-1.419, 4.332e-5
-1.418, 4.024e-5
-1.417, 3.715e-5
-1.416, 3.407e-5
-1.415, 3.099e-5
-1.414, 2.790e-5
-1.413, 2.482e-5
-1.412, 2.174e-5
-1.411, 1.865e-5
-1.410, 1.557e-5
-1.409, 1.249e-5
-1.408, 9.405e-6
-1.407, 6.322e-6
-1.406, 3.239e-6
-1.405, 3.239e-6
-1.404, -2.927e-6
-1.403, -6.010e-6
-1.402, -6.010e-6
-1.401, -9.093e-6
-1.400, -1.218e-5
-1.399, -1.526e-5
-1.398, -1.526e-5
-1.397, -1.834e-5
-1.396, -1.834e-5
-1.395, -2.143e-5
-1.394, -2.451e-5
-1.393, -2.759e-5
-1.392, -3.068e-5
-1.391, -3.068e-5
-1.390, -3.068e-5
-1.389, -3.376e-5
-1.388, -3.684e-5
-1.387, -3.684e-5
-1.386, -3.684e-5
-1.385, -3.992e-5
-1.384, -4.301e-5
-1.383, -4.609e-5
-1.382, -4.609e-5
-1.381, -4.917e-5
-1.380, -4.917e-5
-1.379, -5.226e-5
-1.378, -4.917e-5
-1.377, -5.226e-5
-1.376, -5.226e-5
-1.375, -5.534e-5
-1.374, -5.534e-5
-1.373, -5.842e-5
-1.372, -6.151e-5
-1.371, -6.151e-5
-1.370, -6.151e-5
-1.369, -6.459e-5
-1.368, -6.459e-5
-1.367, -6.767e-5
-1.366, -6.767e-5
-1.365, -6.767e-5
-1.364, -6.767e-5
-1.363, -6.767e-5
-1.362, -7.076e-5
-1.361, -7.076e-5
-1.360, -7.076e-5
-1.359, -7.384e-5
-1.358, -7.384e-5
-1.357, -7.384e-5
-1.356, -7.692e-5
-1.355, -7.692e-5
-1.354, -7.692e-5
-1.353, -7.692e-5
-1.352, -8.000e-5
-1.351, -8.000e-5
-1.350, -8.000e-5
-1.349, -8.000e-5
-1.348, -8.000e-5
-1.347, -8.000e-5
-1.346, -8.309e-5
-1.345, -8.309e-5
-1.344, -8.309e-5
-1.343, -8.309e-5
-1.342, -8.617e-5
-1.341, -8.617e-5
-1.340, -8.617e-5
-1.339, -8.617e-5
-1.338, -8.925e-5
-1.337, -8.617e-5
-1.336, -8.925e-5
-1.335, -8.617e-5
-1.334, -8.617e-5
-1.333, -8.925e-5
-1.332, -8.925e-5
-1.331, -8.925e-5
-1.330, -9.234e-5
-1.329, -9.234e-5
-1.328, -9.234e-5
-1.327, -9.234e-5
-1.326, -9.234e-5
-1.325, -9.234e-5
-1.324, -9.234e-5
-1.323, -9.234e-5
-1.322, -9.234e-5
-1.321, -9.234e-5
-1.320, -9.234e-5
-1.319, -9.234e-5
-1.318, -9.542e-5
-1.317, -9.542e-5
-1.316, -9.542e-5
-1.315, -9.542e-5
-1.314, -9.542e-5
-1.313, -9.850e-5
-1.312, -9.850e-5
-1.311, -9.542e-5
-1.310, -9.850e-5
-1.309, -9.542e-5
-1.308, -9.850e-5
-1.307, -9.850e-5
-1.306, -9.850e-5
-1.305, -9.850e-5
-1.304, -9.850e-5
-1.303, -9.850e-5
-1.302, -9.850e-5
-1.301, -1.016e-4
-1.300, -9.850e-5
-1.299, -1.016e-4
-1.298, -9.850e-5
-1.297, -1.016e-4
-1.296, -9.850e-5
-1.295, -9.850e-5
-1.294, -9.850e-5
-1.293, -1.016e-4
-1.292, -1.016e-4
-1.291, -1.016e-4
-1.290, -1.016e-4
-1.289, -1.016e-4
-1.288, -1.016e-4
-1.287, -1.016e-4
-1.286, -1.016e-4
-1.285, -1.016e-4
-1.284, -1.016e-4
-1.283, -1.016e-4
-1.282, -1.016e-4
-1.281, -1.016e-4
-1.280, -1.016e-4
-1.279, -1.047e-4
-1.278, -1.047e-4
-1.277, -1.047e-4
-1.276, -1.047e-4
-1.275, -1.047e-4
-1.274, -1.047e-4
-1.273, -1.047e-4
-1.272, -1.047e-4
-1.271, -1.047e-4
-1.270, -1.047e-4
-1.269, -1.047e-4
-1.268, -1.047e-4
-1.267, -1.047e-4
-1.266, -1.047e-4
-1.265, -1.047e-4
-1.264, -1.047e-4
-1.263, -1.047e-4
-1.262, -1.078e-4
-1.261, -1.047e-4
-1.260, -1.078e-4
-1.259, -1.078e-4
-1.258, -1.047e-4
-1.257, -1.047e-4
-1.256, -1.047e-4
-1.255, -1.047e-4
-1.254, -1.047e-4
-1.253, -1.047e-4
-1.252, -1.078e-4
-1.251, -1.078e-4
-1.250, -1.078e-4
-1.249, -1.078e-4
-1.248, -1.078e-4
-1.247, -1.078e-4
-1.246, -1.078e-4
-1.245, -1.078e-4
-1.244, -1.078e-4
-1.243, -1.078e-4
-1.242, -1.078e-4
-1.241, -1.078e-4
-1.240, -1.078e-4
-1.239, -1.078e-4
-1.238, -1.078e-4
-1.237, -1.078e-4
-1.236, -1.078e-4
-1.235, -1.108e-4
-1.234, -1.078e-4
-1.233, -1.108e-4
-1.232, -1.108e-4
-1.231, -1.108e-4
-1.230, -1.078e-4
-1.229, -1.078e-4
-1.228, -1.108e-4
-1.227, -1.108e-4
-1.226, -1.078e-4
-1.225, -1.108e-4
-1.224, -1.108e-4
-1.223, -1.108e-4
-1.222, -1.108e-4
-1.221, -1.108e-4
-1.220, -1.108e-4
-1.219, -1.108e-4
-1.218, -1.108e-4
-1.217, -1.139e-4
-1.216, -1.108e-4
-1.215, -1.108e-4
-1.214, -1.108e-4
-1.213, -1.108e-4
-1.212, -1.139e-4
-1.211, -1.108e-4
-1.210, -1.108e-4
-1.209, -1.139e-4
-1.208, -1.139e-4
-1.207, -1.139e-4
-1.206, -1.139e-4
-1.205, -1.139e-4
-1.204, -1.139e-4
-1.203, -1.139e-4
-1.202, -1.139e-4
-1.201, -1.139e-4
-1.200, -1.139e-4
-1.199, -1.108e-4
-1.198, -1.139e-4
-1.197, -1.139e-4
-1.196, -1.139e-4
-1.195, -1.139e-4
-1.194, -1.139e-4
-1.193, -1.139e-4
-1.192, -1.170e-4
-1.191, -1.139e-4
-1.190, -1.170e-4
-1.189, -1.139e-4
-1.188, -1.139e-4
-1.187, -1.139e-4
-1.186, -1.170e-4
-1.185, -1.170e-4
-1.184, -1.170e-4
-1.183, -1.170e-4
-1.182, -1.170e-4
-1.181, -1.170e-4
-1.180, -1.170e-4
-1.179, -1.170e-4
-1.178, -1.170e-4
-1.177, -1.170e-4
-1.176, -1.170e-4
-1.175, -1.170e-4
-1.174, -1.170e-4
-1.173, -1.201e-4
-1.172, -1.170e-4
-1.171, -1.170e-4
-1.170, -1.201e-4
-1.169, -1.201e-4
-1.168, -1.201e-4
-1.167, -1.201e-4
-1.166, -1.201e-4
-1.165, -1.201e-4
-1.164, -1.201e-4
-1.163, -1.201e-4
-1.162, -1.201e-4
-1.161, -1.201e-4
-1.160, -1.201e-4
-1.159, -1.232e-4
-1.158, -1.232e-4
-1.157, -1.232e-4
-1.156, -1.232e-4
-1.155, -1.232e-4
-1.154, -1.232e-4
-1.153, -1.232e-4
-1.152, -1.232e-4
-1.151, -1.232e-4
-1.150, -1.232e-4
-1.149, -1.232e-4
-1.148, -1.232e-4
-1.147, -1.263e-4
-1.146, -1.232e-4
-1.145, -1.263e-4
-1.144, -1.263e-4
-1.143, -1.263e-4
-1.142, -1.263e-4
-1.141, -1.263e-4
-1.140, -1.263e-4
-1.139, -1.293e-4
-1.138, -1.263e-4
-1.137, -1.293e-4
-1.136, -1.293e-4
-1.135, -1.263e-4
-1.134, -1.263e-4
-1.133, -1.263e-4
-1.132, -1.293e-4
-1.131, -1.293e-4
-1.130, -1.293e-4
-1.129, -1.293e-4
-1.128, -1.293e-4
-1.127, -1.293e-4
-1.126, -1.324e-4
-1.125, -1.324e-4
-1.124, -1.324e-4
-1.123, -1.293e-4
-1.122, -1.324e-4
-1.121, -1.324e-4
-1.120, -1.324e-4
-1.119, -1.324e-4
-1.118, -1.324e-4
-1.117, -1.324e-4
-1.116, -1.355e-4
-1.115, -1.324e-4
-1.114, -1.355e-4
-1.113, -1.355e-4
-1.112, -1.355e-4
-1.111, -1.355e-4
-1.110, -1.355e-4
-1.109, -1.355e-4
-1.108, -1.355e-4
-1.107, -1.355e-4
-1.106, -1.386e-4
-1.105, -1.355e-4
-1.104, -1.386e-4
-1.103, -1.386e-4
-1.102, -1.386e-4
-1.101, -1.386e-4
-1.100, -1.386e-4
-1.099, -1.386e-4
-1.098, -1.386e-4
-1.097, -1.417e-4
-1.096, -1.417e-4
-1.095, -1.386e-4
-1.094, -1.386e-4
-1.093, -1.417e-4
-1.092, -1.417e-4
-1.091, -1.417e-4
-1.090, -1.417e-4
-1.089, -1.448e-4
-1.088, -1.448e-4
-1.087, -1.448e-4
-1.086, -1.448e-4
-1.085, -1.448e-4
-1.084, -1.448e-4
-1.083, -1.448e-4
-1.082, -1.448e-4
-1.081, -1.448e-4
-1.080, -1.448e-4
-1.079, -1.448e-4
-1.078, -1.478e-4
-1.077, -1.478e-4
-1.076, -1.478e-4
-1.075, -1.478e-4
-1.074, -1.478e-4
-1.073, -1.509e-4
-1.072, -1.509e-4
-1.071, -1.478e-4
-1.070, -1.509e-4
-1.069, -1.478e-4
-1.068, -1.509e-4
-1.067, -1.509e-4
-1.066, -1.509e-4
-1.065, -1.509e-4
-1.064, -1.509e-4
-1.063, -1.540e-4
-1.062, -1.540e-4
-1.061, -1.540e-4
-1.060, -1.540e-4
-1.059, -1.540e-4
-1.058, -1.540e-4
-1.057, -1.540e-4
-1.056, -1.540e-4
-1.055, -1.571e-4
-1.054, -1.540e-4
-1.053, -1.571e-4
-1.052, -1.571e-4
-1.051, -1.571e-4
-1.050, -1.571e-4
-1.049, -1.602e-4
-1.048, -1.602e-4
-1.047, -1.602e-4
-1.046, -1.602e-4
-1.045, -1.632e-4
-1.044, -1.632e-4
-1.043, -1.632e-4
-1.042, -1.602e-4
-1.041, -1.632e-4
-1.040, -1.632e-4
-1.039, -1.632e-4
-1.038, -1.632e-4
-1.037, -1.632e-4
-1.036, -1.663e-4
-1.035, -1.663e-4
-1.034, -1.663e-4
-1.033, -1.663e-4
-1.032, -1.694e-4
-1.031, -1.694e-4
-1.030, -1.694e-4
-1.029, -1.694e-4
-1.028, -1.694e-4
-1.027, -1.694e-4
-1.026, -1.694e-4
-1.025, -1.694e-4
-1.024, -1.725e-4
-1.023, -1.725e-4
-1.022, -1.725e-4
-1.021, -1.756e-4
-1.020, -1.756e-4
-1.019, -1.756e-4
-1.018, -1.756e-4
-1.017, -1.756e-4
-1.016, -1.756e-4
-1.015, -1.787e-4
-1.014, -1.756e-4
-1.013, -1.787e-4
-1.012, -1.787e-4
-1.011, -1.817e-4
-1.010, -1.817e-4
-1.009, -1.817e-4
-1.008, -1.817e-4
-1.007, -1.817e-4
-1.006, -1.848e-4
-1.005, -1.848e-4
-1.004, -1.848e-4
-1.003, -1.848e-4
-1.002, -1.848e-4
-1.001, -1.848e-4
