Sept. 24, 2024   07:40:29
Cyclic Voltammetry
File: c:/users/guazh/data/20240922_batch_417_500/2024-09-22-exp433\exp433-2024-09-24t07_24_05-arkoh\exp433_cv_sr_600mvs_efin_-1800mv.bin
Data Source:  Experiment
Instrument Model:  CHI760E
Header: CV ran at 600 mVs
Note: 

Init E (V) = -1
High E (V) = -1
Low E (V) = -1.8
Final E (V) = -1
Init P/N = N
Scan Rate (V/s) = 0.6
Segment = 3
Sample Interval (V) = 0.001
Quiet Time (sec) = 2
Sensitivity (A/V) = 0.01
Comp R (ohm) = 1.9

Results:

Channel 1:
Segment 1:

Segment 2:

Segment 3:

Potential/V, Current/A

-1.000, 3.239e-6
-1.001, 3.239e-6
-1.002, 3.239e-6
-1.003, 3.239e-6
-1.004, 3.239e-6
-1.005, 3.239e-6
-1.006, 3.239e-6
-1.007, 3.239e-6
-1.008, 3.239e-6
-1.009, 6.322e-6
-1.010, 6.322e-6
-1.011, 3.239e-6
-1.012, 6.322e-6
-1.013, 6.322e-6
-1.014, 6.322e-6
-1.015, 6.322e-6
-1.016, 6.322e-6
-1.017, 6.322e-6
-1.018, 6.322e-6
-1.019, 6.322e-6
-1.020, 6.322e-6
-1.021, 6.322e-6
-1.022, 6.322e-6
-1.023, 6.322e-6
-1.024, 6.322e-6
-1.025, 6.322e-6
-1.026, 6.322e-6
-1.027, 6.322e-6
-1.028, 6.322e-6
-1.029, 6.322e-6
-1.030, 6.322e-6
-1.031, 6.322e-6
-1.032, 6.322e-6
-1.033, 6.322e-6
-1.034, 6.322e-6
-1.035, 6.322e-6
-1.036, 6.322e-6
-1.037, 6.322e-6
-1.038, 6.322e-6
-1.039, 6.322e-6
-1.040, 6.322e-6
-1.041, 6.322e-6
-1.042, 6.322e-6
-1.043, 6.322e-6
-1.044, 6.322e-6
-1.045, 6.322e-6
-1.046, 6.322e-6
-1.047, 6.322e-6
-1.048, 6.322e-6
-1.049, 6.322e-6
-1.050, 6.322e-6
-1.051, 6.322e-6
-1.052, 6.322e-6
-1.053, 9.405e-6
-1.054, 6.322e-6
-1.055, 6.322e-6
-1.056, 6.322e-6
-1.057, 6.322e-6
-1.058, 6.322e-6
-1.059, 9.405e-6
-1.060, 6.322e-6
-1.061, 6.322e-6
-1.062, 6.322e-6
-1.063, 6.322e-6
-1.064, 6.322e-6
-1.065, 9.405e-6
-1.066, 9.405e-6
-1.067, 6.322e-6
-1.068, 6.322e-6
-1.069, 6.322e-6
-1.070, 9.405e-6
-1.071, 9.405e-6
-1.072, 6.322e-6
-1.073, 6.322e-6
-1.074, 9.405e-6
-1.075, 6.322e-6
-1.076, 9.405e-6
-1.077, 9.405e-6
-1.078, 9.405e-6
-1.079, 9.405e-6
-1.080, 9.405e-6
-1.081, 9.405e-6
-1.082, 9.405e-6
-1.083, 9.405e-6
-1.084, 9.405e-6
-1.085, 9.405e-6
-1.086, 9.405e-6
-1.087, 9.405e-6
-1.088, 9.405e-6
-1.089, 9.405e-6
-1.090, 9.405e-6
-1.091, 9.405e-6
-1.092, 9.405e-6
-1.093, 9.405e-6
-1.094, 9.405e-6
-1.095, 9.405e-6
-1.096, 9.405e-6
-1.097, 9.405e-6
-1.098, 9.405e-6
-1.099, 6.322e-6
-1.100, 9.405e-6
-1.101, 9.405e-6
-1.102, 9.405e-6
-1.103, 9.405e-6
-1.104, 9.405e-6
-1.105, 9.405e-6
-1.106, 9.405e-6
-1.107, 9.405e-6
-1.108, 9.405e-6
-1.109, 9.405e-6
-1.110, 9.405e-6
-1.111, 9.405e-6
-1.112, 9.405e-6
-1.113, 9.405e-6
-1.114, 9.405e-6
-1.115, 9.405e-6
-1.116, 9.405e-6
-1.117, 9.405e-6
-1.118, 9.405e-6
-1.119, 9.405e-6
-1.120, 9.405e-6
-1.121, 9.405e-6
-1.122, 9.405e-6
-1.123, 9.405e-6
-1.124, 9.405e-6
-1.125, 9.405e-6
-1.126, 9.405e-6
-1.127, 9.405e-6
-1.128, 9.405e-6
-1.129, 9.405e-6
-1.130, 9.405e-6
-1.131, 9.405e-6
-1.132, 9.405e-6
-1.133, 9.405e-6
-1.134, 9.405e-6
-1.135, 1.249e-5
-1.136, 9.405e-6
-1.137, 9.405e-6
-1.138, 9.405e-6
-1.139, 9.405e-6
-1.140, 9.405e-6
-1.141, 1.249e-5
-1.142, 9.405e-6
-1.143, 9.405e-6
-1.144, 1.249e-5
-1.145, 1.249e-5
-1.146, 1.249e-5
-1.147, 9.405e-6
-1.148, 9.405e-6
-1.149, 9.405e-6
-1.150, 1.249e-5
-1.151, 9.405e-6
-1.152, 1.249e-5
-1.153, 9.405e-6
-1.154, 9.405e-6
-1.155, 1.249e-5
-1.156, 1.249e-5
-1.157, 9.405e-6
-1.158, 9.405e-6
-1.159, 9.405e-6
-1.160, 9.405e-6
-1.161, 1.249e-5
-1.162, 9.405e-6
-1.163, 1.249e-5
-1.164, 1.249e-5
-1.165, 1.249e-5
-1.166, 1.249e-5
-1.167, 1.249e-5
-1.168, 1.249e-5
-1.169, 1.249e-5
-1.170, 1.249e-5
-1.171, 1.249e-5
-1.172, 1.249e-5
-1.173, 1.249e-5
-1.174, 1.249e-5
-1.175, 1.249e-5
-1.176, 1.249e-5
-1.177, 1.249e-5
-1.178, 1.249e-5
-1.179, 1.249e-5
-1.180, 1.249e-5
-1.181, 1.249e-5
-1.182, 1.249e-5
-1.183, 1.249e-5
-1.184, 1.249e-5
-1.185, 1.249e-5
-1.186, 1.249e-5
-1.187, 1.249e-5
-1.188, 1.249e-5
-1.189, 1.249e-5
-1.190, 1.249e-5
-1.191, 1.249e-5
-1.192, 1.249e-5
-1.193, 1.249e-5
-1.194, 1.249e-5
-1.195, 1.249e-5
-1.196, 1.249e-5
-1.197, 1.249e-5
-1.198, 1.249e-5
-1.199, 1.249e-5
-1.200, 1.249e-5
-1.201, 1.249e-5
-1.202, 1.249e-5
-1.203, 1.249e-5
-1.204, 1.249e-5
-1.205, 1.249e-5
-1.206, 1.249e-5
-1.207, 1.249e-5
-1.208, 1.249e-5
-1.209, 1.557e-5
-1.210, 1.557e-5
-1.211, 1.249e-5
-1.212, 1.249e-5
-1.213, 1.249e-5
-1.214, 1.557e-5
-1.215, 1.249e-5
-1.216, 1.557e-5
-1.217, 1.249e-5
-1.218, 1.249e-5
-1.219, 1.249e-5
-1.220, 1.557e-5
-1.221, 1.249e-5
-1.222, 1.249e-5
-1.223, 1.557e-5
-1.224, 1.249e-5
-1.225, 1.249e-5
-1.226, 1.249e-5
-1.227, 1.249e-5
-1.228, 1.557e-5
-1.229, 1.249e-5
-1.230, 1.557e-5
-1.231, 1.557e-5
-1.232, 1.249e-5
-1.233, 1.557e-5
-1.234, 1.557e-5
-1.235, 1.557e-5
-1.236, 1.557e-5
-1.237, 1.557e-5
-1.238, 1.557e-5
-1.239, 1.557e-5
-1.240, 1.557e-5
-1.241, 1.557e-5
-1.242, 1.557e-5
-1.243, 1.557e-5
-1.244, 1.557e-5
-1.245, 1.557e-5
-1.246, 1.557e-5
-1.247, 1.557e-5
-1.248, 1.557e-5
-1.249, 1.557e-5
-1.250, 1.557e-5
-1.251, 1.557e-5
-1.252, 1.557e-5
-1.253, 1.557e-5
-1.254, 1.557e-5
-1.255, 1.557e-5
-1.256, 1.557e-5
-1.257, 1.557e-5
-1.258, 1.557e-5
-1.259, 1.557e-5
-1.260, 1.557e-5
-1.261, 1.557e-5
-1.262, 1.557e-5
-1.263, 1.557e-5
-1.264, 1.557e-5
-1.265, 1.557e-5
-1.266, 1.557e-5
-1.267, 1.557e-5
-1.268, 1.557e-5
-1.269, 1.557e-5
-1.270, 1.865e-5
-1.271, 1.557e-5
-1.272, 1.865e-5
-1.273, 1.557e-5
-1.274, 1.865e-5
-1.275, 1.865e-5
-1.276, 1.865e-5
-1.277, 1.865e-5
-1.278, 1.865e-5
-1.279, 1.865e-5
-1.280, 1.557e-5
-1.281, 1.865e-5
-1.282, 1.865e-5
-1.283, 1.865e-5
-1.284, 1.865e-5
-1.285, 1.865e-5
-1.286, 1.865e-5
-1.287, 1.865e-5
-1.288, 1.557e-5
-1.289, 1.865e-5
-1.290, 1.865e-5
-1.291, 1.865e-5
-1.292, 1.865e-5
-1.293, 1.865e-5
-1.294, 1.865e-5
-1.295, 1.865e-5
-1.296, 1.865e-5
-1.297, 1.865e-5
-1.298, 1.865e-5
-1.299, 1.865e-5
-1.300, 1.865e-5
-1.301, 1.865e-5
-1.302, 1.865e-5
-1.303, 1.865e-5
-1.304, 1.865e-5
-1.305, 1.865e-5
-1.306, 1.865e-5
-1.307, 1.865e-5
-1.308, 1.865e-5
-1.309, 2.174e-5
-1.310, 1.865e-5
-1.311, 1.865e-5
-1.312, 1.865e-5
-1.313, 1.865e-5
-1.314, 1.865e-5
-1.315, 1.865e-5
-1.316, 1.865e-5
-1.317, 2.174e-5
-1.318, 1.865e-5
-1.319, 1.865e-5
-1.320, 2.174e-5
-1.321, 1.865e-5
-1.322, 1.865e-5
-1.323, 2.174e-5
-1.324, 1.865e-5
-1.325, 2.174e-5
-1.326, 2.174e-5
-1.327, 1.865e-5
-1.328, 2.174e-5
-1.329, 2.174e-5
-1.330, 2.174e-5
-1.331, 2.174e-5
-1.332, 2.174e-5
-1.333, 2.174e-5
-1.334, 2.174e-5
-1.335, 2.174e-5
-1.336, 2.174e-5
-1.337, 2.174e-5
-1.338, 2.174e-5
-1.339, 2.174e-5
-1.340, 2.174e-5
-1.341, 2.174e-5
-1.342, 2.174e-5
-1.343, 2.174e-5
-1.344, 2.174e-5
-1.345, 2.174e-5
-1.346, 2.482e-5
-1.347, 2.174e-5
-1.348, 2.174e-5
-1.349, 2.174e-5
-1.350, 2.174e-5
-1.351, 2.174e-5
-1.352, 2.174e-5
-1.353, 2.174e-5
-1.354, 2.174e-5
-1.355, 2.174e-5
-1.356, 2.174e-5
-1.357, 2.174e-5
-1.358, 2.174e-5
-1.359, 2.174e-5
-1.360, 2.482e-5
-1.361, 2.482e-5
-1.362, 2.482e-5
-1.363, 2.482e-5
-1.364, 2.482e-5
-1.365, 2.482e-5
-1.366, 2.482e-5
-1.367, 2.482e-5
-1.368, 2.482e-5
-1.369, 2.482e-5
-1.370, 2.482e-5
-1.371, 2.482e-5
-1.372, 2.482e-5
-1.373, 2.482e-5
-1.374, 2.482e-5
-1.375, 2.790e-5
-1.376, 2.482e-5
-1.377, 2.482e-5
-1.378, 2.482e-5
-1.379, 2.482e-5
-1.380, 2.482e-5
-1.381, 2.482e-5
-1.382, 2.482e-5
-1.383, 2.482e-5
-1.384, 2.482e-5
-1.385, 2.482e-5
-1.386, 2.482e-5
-1.387, 2.790e-5
-1.388, 2.482e-5
-1.389, 2.482e-5
-1.390, 2.482e-5
-1.391, 2.482e-5
-1.392, 2.790e-5
-1.393, 2.790e-5
-1.394, 2.790e-5
-1.395, 2.790e-5
-1.396, 2.790e-5
-1.397, 2.790e-5
-1.398, 2.790e-5
-1.399, 2.790e-5
-1.400, 2.790e-5
-1.401, 2.790e-5
-1.402, 2.790e-5
-1.403, 2.790e-5
-1.404, 2.790e-5
-1.405, 2.790e-5
-1.406, 2.790e-5
-1.407, 2.790e-5
-1.408, 2.790e-5
-1.409, 2.790e-5
-1.410, 2.790e-5
-1.411, 2.790e-5
-1.412, 2.790e-5
-1.413, 2.790e-5
-1.414, 2.790e-5
-1.415, 2.790e-5
-1.416, 3.099e-5
-1.417, 2.790e-5
-1.418, 2.790e-5
-1.419, 3.099e-5
-1.420, 2.790e-5
-1.421, 3.099e-5
-1.422, 3.099e-5
-1.423, 3.099e-5
-1.424, 3.099e-5
-1.425, 3.099e-5
-1.426, 3.099e-5
-1.427, 3.099e-5
-1.428, 3.099e-5
-1.429, 3.099e-5
-1.430, 3.407e-5
-1.431, 3.407e-5
-1.432, 3.099e-5
-1.433, 3.407e-5
-1.434, 3.407e-5
-1.435, 3.407e-5
-1.436, 3.407e-5
-1.437, 3.099e-5
-1.438, 3.407e-5
-1.439, 3.407e-5
-1.440, 3.099e-5
-1.441, 3.407e-5
-1.442, 3.407e-5
-1.443, 3.407e-5
-1.444, 3.407e-5
-1.445, 3.407e-5
-1.446, 3.407e-5
-1.447, 3.407e-5
-1.448, 3.407e-5
-1.449, 3.407e-5
-1.450, 3.407e-5
-1.451, 3.407e-5
-1.452, 3.407e-5
-1.453, 3.407e-5
-1.454, 3.715e-5
-1.455, 3.407e-5
-1.456, 3.715e-5
-1.457, 3.715e-5
-1.458, 3.407e-5
-1.459, 3.715e-5
-1.460, 3.715e-5
-1.461, 3.715e-5
-1.462, 3.715e-5
-1.463, 3.715e-5
-1.464, 3.715e-5
-1.465, 3.715e-5
-1.466, 3.715e-5
-1.467, 3.715e-5
-1.468, 3.715e-5
-1.469, 3.715e-5
-1.470, 4.024e-5
-1.471, 4.024e-5
-1.472, 4.024e-5
-1.473, 4.024e-5
-1.474, 4.024e-5
-1.475, 4.024e-5
-1.476, 4.024e-5
-1.477, 4.024e-5
-1.478, 4.024e-5
-1.479, 4.024e-5
-1.480, 4.024e-5
-1.481, 4.024e-5
-1.482, 4.024e-5
-1.483, 4.024e-5
-1.484, 4.024e-5
-1.485, 4.332e-5
-1.486, 4.024e-5
-1.487, 4.332e-5
-1.488, 4.332e-5
-1.489, 4.332e-5
-1.490, 4.332e-5
-1.491, 4.332e-5
-1.492, 4.332e-5
-1.493, 4.332e-5
-1.494, 4.332e-5
-1.495, 4.332e-5
-1.496, 4.332e-5
-1.497, 4.640e-5
-1.498, 4.332e-5
-1.499, 4.640e-5
-1.500, 4.640e-5
-1.501, 4.640e-5
-1.502, 4.640e-5
-1.503, 4.640e-5
-1.504, 4.640e-5
-1.505, 4.640e-5
-1.506, 4.640e-5
-1.507, 4.640e-5
-1.508, 4.640e-5
-1.509, 4.640e-5
-1.510, 4.640e-5
-1.511, 4.640e-5
-1.512, 4.640e-5
-1.513, 4.949e-5
-1.514, 4.640e-5
-1.515, 4.949e-5
-1.516, 4.949e-5
-1.517, 4.949e-5
-1.518, 4.949e-5
-1.519, 4.949e-5
-1.520, 4.949e-5
-1.521, 4.949e-5
-1.522, 4.949e-5
-1.523, 4.949e-5
-1.524, 4.949e-5
-1.525, 5.257e-5
-1.526, 5.257e-5
-1.527, 5.257e-5
-1.528, 5.257e-5
-1.529, 5.257e-5
-1.530, 5.257e-5
-1.531, 5.257e-5
-1.532, 5.257e-5
-1.533, 5.257e-5
-1.534, 5.565e-5
-1.535, 5.565e-5
-1.536, 5.565e-5
-1.537, 5.565e-5
-1.538, 5.565e-5
-1.539, 5.565e-5
-1.540, 5.565e-5
-1.541, 5.565e-5
-1.542, 5.565e-5
-1.543, 5.565e-5
-1.544, 5.565e-5
-1.545, 5.565e-5
-1.546, 5.565e-5
-1.547, 5.565e-5
-1.548, 5.565e-5
-1.549, 5.873e-5
-1.550, 5.873e-5
-1.551, 5.873e-5
-1.552, 5.873e-5
-1.553, 5.873e-5
-1.554, 5.873e-5
-1.555, 5.873e-5
-1.556, 5.873e-5
-1.557, 6.182e-5
-1.558, 6.182e-5
-1.559, 6.182e-5
-1.560, 6.182e-5
-1.561, 6.182e-5
-1.562, 6.182e-5
-1.563, 6.182e-5
-1.564, 6.490e-5
-1.565, 6.490e-5
-1.566, 6.490e-5
-1.567, 6.490e-5
-1.568, 6.490e-5
-1.569, 6.490e-5
-1.570, 6.490e-5
-1.571, 6.490e-5
-1.572, 6.490e-5
-1.573, 6.490e-5
-1.574, 6.490e-5
-1.575, 6.798e-5
-1.576, 6.798e-5
-1.577, 6.798e-5
-1.578, 6.798e-5
-1.579, 6.798e-5
-1.580, 6.798e-5
-1.581, 7.107e-5
-1.582, 6.798e-5
-1.583, 7.107e-5
-1.584, 7.107e-5
-1.585, 7.107e-5
-1.586, 7.107e-5
-1.587, 7.107e-5
-1.588, 7.107e-5
-1.589, 7.415e-5
-1.590, 7.107e-5
-1.591, 7.415e-5
-1.592, 7.415e-5
-1.593, 7.415e-5
-1.594, 7.415e-5
-1.595, 7.723e-5
-1.596, 7.723e-5
-1.597, 7.723e-5
-1.598, 7.723e-5
-1.599, 7.723e-5
-1.600, 8.032e-5
-1.601, 8.032e-5
-1.602, 8.032e-5
-1.603, 8.032e-5
-1.604, 8.032e-5
-1.605, 8.032e-5
-1.606, 8.032e-5
-1.607, 8.032e-5
-1.608, 8.032e-5
-1.609, 8.340e-5
-1.610, 8.340e-5
-1.611, 8.340e-5
-1.612, 8.340e-5
-1.613, 8.648e-5
-1.614, 8.648e-5
-1.615, 8.648e-5
-1.616, 8.648e-5
-1.617, 8.648e-5
-1.618, 8.957e-5
-1.619, 8.957e-5
-1.620, 8.957e-5
-1.621, 9.265e-5
-1.622, 9.265e-5
-1.623, 9.265e-5
-1.624, 9.573e-5
-1.625, 9.573e-5
-1.626, 9.573e-5
-1.627, 9.573e-5
-1.628, 9.573e-5
-1.629, 9.573e-5
-1.630, 9.882e-5
-1.631, 9.882e-5
-1.632, 1.019e-4
-1.633, 1.019e-4
-1.634, 1.019e-4
-1.635, 1.019e-4
-1.636, 1.050e-4
-1.637, 1.050e-4
-1.638, 1.050e-4
-1.639, 1.081e-4
-1.640, 1.081e-4
-1.641, 1.081e-4
-1.642, 1.111e-4
-1.643, 1.111e-4
-1.644, 1.111e-4
-1.645, 1.142e-4
-1.646, 1.142e-4
-1.647, 1.173e-4
-1.648, 1.173e-4
-1.649, 1.204e-4
-1.650, 1.204e-4
-1.651, 1.204e-4
-1.652, 1.235e-4
-1.653, 1.266e-4
-1.654, 1.266e-4
-1.655, 1.266e-4
-1.656, 1.296e-4
-1.657, 1.296e-4
-1.658, 1.327e-4
-1.659, 1.358e-4
-1.660, 1.358e-4
-1.661, 1.389e-4
-1.662, 1.420e-4
-1.663, 1.420e-4
-1.664, 1.451e-4
-1.665, 1.451e-4
-1.666, 1.481e-4
-1.667, 1.512e-4
-1.668, 1.512e-4
-1.669, 1.543e-4
-1.670, 1.574e-4
-1.671, 1.574e-4
-1.672, 1.605e-4
-1.673, 1.636e-4
-1.674, 1.666e-4
-1.675, 1.697e-4
-1.676, 1.728e-4
-1.677, 1.728e-4
-1.678, 1.759e-4
-1.679, 1.790e-4
-1.680, 1.821e-4
-1.681, 1.882e-4
-1.682, 1.882e-4
-1.683, 1.913e-4
-1.684, 1.975e-4
-1.685, 2.006e-4
-1.686, 2.036e-4
-1.687, 2.067e-4
-1.688, 2.129e-4
-1.689, 2.160e-4
-1.690, 2.191e-4
-1.691, 2.252e-4
-1.692, 2.283e-4
-1.693, 2.345e-4
-1.694, 2.376e-4
-1.695, 2.437e-4
-1.696, 2.468e-4
-1.697, 2.530e-4
-1.698, 2.561e-4
-1.699, 2.622e-4
-1.700, 2.684e-4
-1.701, 2.746e-4
-1.702, 2.807e-4
-1.703, 2.869e-4
-1.704, 2.931e-4
-1.705, 2.992e-4
-1.706, 3.054e-4
-1.707, 3.115e-4
-1.708, 3.177e-4
-1.709, 3.270e-4
-1.710, 3.331e-4
-1.711, 3.424e-4
-1.712, 3.485e-4
-1.713, 3.578e-4
-1.714, 3.670e-4
-1.715, 3.763e-4
-1.716, 3.855e-4
-1.717, 3.948e-4
-1.718, 4.040e-4
-1.719, 4.133e-4
-1.720, 4.225e-4
-1.721, 4.349e-4
-1.722, 4.472e-4
-1.723, 4.565e-4
-1.724, 4.657e-4
-1.725, 4.780e-4
-1.726, 4.935e-4
-1.727, 5.027e-4
-1.728, 5.181e-4
-1.729, 5.305e-4
-1.730, 5.428e-4
-1.731, 5.582e-4
-1.732, 5.705e-4
-1.733, 5.859e-4
-1.734, 6.014e-4
-1.735, 6.168e-4
-1.736, 6.322e-4
-1.737, 6.507e-4
-1.738, 6.661e-4
-1.739, 6.815e-4
-1.740, 7.031e-4
-1.741, 7.185e-4
-1.742, 7.370e-4
-1.743, 7.555e-4
-1.744, 7.771e-4
-1.745, 7.956e-4
-1.746, 8.172e-4
-1.747, 8.388e-4
-1.748, 8.603e-4
-1.749, 8.819e-4
-1.750, 9.066e-4
-1.751, 9.313e-4
-1.752, 9.528e-4
-1.753, 9.775e-4
-1.754, 1.002e-3
-1.755, 1.030e-3
-1.756, 1.055e-3
-1.757, 1.082e-3
-1.758, 1.110e-3
-1.759, 1.138e-3
-1.760, 1.166e-3
-1.761, 1.193e-3
-1.762, 1.221e-3
-1.763, 1.252e-3
-1.764, 1.283e-3
-1.765, 1.314e-3
-1.766, 1.347e-3
-1.767, 1.378e-3
-1.768, 1.412e-3
-1.769, 1.446e-3
-1.770, 1.480e-3
-1.771, 1.517e-3
-1.772, 1.554e-3
-1.773, 1.591e-3
-1.774, 1.628e-3
-1.775, 1.668e-3
-1.776, 1.705e-3
-1.777, 1.745e-3
-1.778, 1.782e-3
-1.779, 1.822e-3
-1.780, 1.865e-3
-1.781, 1.909e-3
-1.782, 1.949e-3
-1.783, 1.995e-3
-1.784, 2.035e-3
-1.785, 2.081e-3
-1.786, 2.128e-3
-1.787, 2.171e-3
-1.788, 2.217e-3
-1.789, 2.263e-3
-1.790, 2.312e-3
-1.791, 2.359e-3
-1.792, 2.408e-3
-1.793, 2.457e-3
-1.794, 2.507e-3
-1.795, 2.559e-3
-1.796, 2.612e-3
-1.797, 2.664e-3
-1.798, 2.713e-3
-1.799, 2.766e-3
-1.800, 2.797e-3
-1.799, 2.787e-3
-1.798, 2.772e-3
-1.797, 2.756e-3
-1.796, 2.735e-3
-1.795, 2.713e-3
-1.794, 2.692e-3
-1.793, 2.664e-3
-1.792, 2.636e-3
-1.791, 2.612e-3
-1.790, 2.584e-3
-1.789, 2.556e-3
-1.788, 2.528e-3
-1.787, 2.501e-3
-1.786, 2.470e-3
-1.785, 2.442e-3
-1.784, 2.411e-3
-1.783, 2.383e-3
-1.782, 2.353e-3
-1.781, 2.325e-3
-1.780, 2.294e-3
-1.779, 2.263e-3
-1.778, 2.232e-3
-1.777, 2.205e-3
-1.776, 2.174e-3
-1.775, 2.143e-3
-1.774, 2.115e-3
-1.773, 2.084e-3
-1.772, 2.054e-3
-1.771, 2.026e-3
-1.770, 1.995e-3
-1.769, 1.967e-3
-1.768, 1.936e-3
-1.767, 1.909e-3
-1.766, 1.878e-3
-1.765, 1.850e-3
-1.764, 1.822e-3
-1.763, 1.795e-3
-1.762, 1.767e-3
-1.761, 1.739e-3
-1.760, 1.708e-3
-1.759, 1.680e-3
-1.758, 1.653e-3
-1.757, 1.628e-3
-1.756, 1.600e-3
-1.755, 1.576e-3
-1.754, 1.548e-3
-1.753, 1.520e-3
-1.752, 1.495e-3
-1.751, 1.471e-3
-1.750, 1.443e-3
-1.749, 1.418e-3
-1.748, 1.394e-3
-1.747, 1.369e-3
-1.746, 1.344e-3
-1.745, 1.323e-3
-1.744, 1.298e-3
-1.743, 1.273e-3
-1.742, 1.252e-3
-1.741, 1.227e-3
-1.740, 1.206e-3
-1.739, 1.184e-3
-1.738, 1.162e-3
-1.737, 1.141e-3
-1.736, 1.119e-3
-1.735, 1.098e-3
-1.734, 1.079e-3
-1.733, 1.058e-3
-1.732, 1.036e-3
-1.731, 1.018e-3
-1.730, 9.991e-4
-1.729, 9.775e-4
-1.728, 9.590e-4
-1.727, 9.405e-4
-1.726, 9.220e-4
-1.725, 9.035e-4
-1.724, 8.850e-4
-1.723, 8.665e-4
-1.722, 8.511e-4
-1.721, 8.326e-4
-1.720, 8.141e-4
-1.719, 7.987e-4
-1.718, 7.833e-4
-1.717, 7.679e-4
-1.716, 7.524e-4
-1.715, 7.370e-4
-1.714, 7.216e-4
-1.713, 7.062e-4
-1.712, 6.908e-4
-1.711, 6.754e-4
-1.710, 6.630e-4
-1.709, 6.476e-4
-1.708, 6.353e-4
-1.707, 6.199e-4
-1.706, 6.075e-4
-1.705, 5.952e-4
-1.704, 5.829e-4
-1.703, 5.705e-4
-1.702, 5.551e-4
-1.701, 5.459e-4
-1.700, 5.335e-4
-1.699, 5.212e-4
-1.698, 5.120e-4
-1.697, 4.996e-4
-1.696, 4.904e-4
-1.695, 4.780e-4
-1.694, 4.657e-4
-1.693, 4.565e-4
-1.692, 4.472e-4
-1.691, 4.380e-4
-1.690, 4.287e-4
-1.689, 4.164e-4
-1.688, 4.102e-4
-1.687, 4.010e-4
-1.686, 3.917e-4
-1.685, 3.825e-4
-1.684, 3.732e-4
-1.683, 3.670e-4
-1.682, 3.578e-4
-1.681, 3.516e-4
-1.680, 3.424e-4
-1.679, 3.362e-4
-1.678, 3.270e-4
-1.677, 3.208e-4
-1.676, 3.115e-4
-1.675, 3.085e-4
-1.674, 2.992e-4
-1.673, 2.931e-4
-1.672, 2.838e-4
-1.671, 2.807e-4
-1.670, 2.746e-4
-1.669, 2.684e-4
-1.668, 2.622e-4
-1.667, 2.561e-4
-1.666, 2.499e-4
-1.665, 2.437e-4
-1.664, 2.406e-4
-1.663, 2.345e-4
-1.662, 2.283e-4
-1.661, 2.252e-4
-1.660, 2.191e-4
-1.659, 2.129e-4
-1.658, 2.098e-4
-1.657, 2.036e-4
-1.656, 2.006e-4
-1.655, 1.975e-4
-1.654, 1.913e-4
-1.653, 1.882e-4
-1.652, 1.821e-4
-1.651, 1.790e-4
-1.650, 1.759e-4
-1.649, 1.728e-4
-1.648, 1.666e-4
-1.647, 1.636e-4
-1.646, 1.605e-4
-1.645, 1.574e-4
-1.644, 1.543e-4
-1.643, 1.512e-4
-1.642, 1.481e-4
-1.641, 1.451e-4
-1.640, 1.420e-4
-1.639, 1.358e-4
-1.638, 1.327e-4
-1.637, 1.327e-4
-1.636, 1.266e-4
-1.635, 1.266e-4
-1.634, 1.235e-4
-1.633, 1.204e-4
-1.632, 1.173e-4
-1.631, 1.173e-4
-1.630, 1.142e-4
-1.629, 1.111e-4
-1.628, 1.081e-4
-1.627, 1.050e-4
-1.626, 1.050e-4
-1.625, 1.019e-4
-1.624, 9.882e-5
-1.623, 9.882e-5
-1.622, 9.573e-5
-1.621, 9.573e-5
-1.620, 9.265e-5
-1.619, 8.957e-5
-1.618, 8.957e-5
-1.617, 8.648e-5
-1.616, 8.340e-5
-1.615, 8.340e-5
-1.614, 8.340e-5
-1.613, 8.032e-5
-1.612, 8.032e-5
-1.611, 7.723e-5
-1.610, 7.415e-5
-1.609, 7.415e-5
-1.608, 7.415e-5
-1.607, 7.107e-5
-1.606, 6.798e-5
-1.605, 6.798e-5
-1.604, 6.798e-5
-1.603, 6.490e-5
-1.602, 6.490e-5
-1.601, 6.182e-5
-1.600, 6.182e-5
-1.599, 5.873e-5
-1.598, 5.873e-5
-1.597, 5.873e-5
-1.596, 5.873e-5
-1.595, 5.565e-5
-1.594, 5.565e-5
-1.593, 5.257e-5
-1.592, 5.257e-5
-1.591, 5.257e-5
-1.590, 5.257e-5
-1.589, 4.949e-5
-1.588, 4.949e-5
-1.587, 4.949e-5
-1.586, 4.640e-5
-1.585, 4.640e-5
-1.584, 4.640e-5
-1.583, 4.640e-5
-1.582, 4.332e-5
-1.581, 4.332e-5
-1.580, 4.332e-5
-1.579, 4.332e-5
-1.578, 4.024e-5
-1.577, 4.024e-5
-1.576, 4.024e-5
-1.575, 4.024e-5
-1.574, 3.715e-5
-1.573, 3.715e-5
-1.572, 3.715e-5
-1.571, 3.715e-5
-1.570, 3.407e-5
-1.569, 3.407e-5
-1.568, 3.407e-5
-1.567, 3.407e-5
-1.566, 3.407e-5
-1.565, 3.099e-5
-1.564, 3.099e-5
-1.563, 3.099e-5
-1.562, 3.099e-5
-1.561, 3.099e-5
-1.560, 2.790e-5
-1.559, 3.099e-5
-1.558, 2.790e-5
-1.557, 2.790e-5
-1.556, 2.790e-5
-1.555, 2.790e-5
-1.554, 2.790e-5
-1.553, 2.482e-5
-1.552, 2.482e-5
-1.551, 2.482e-5
-1.550, 2.482e-5
-1.549, 2.482e-5
-1.548, 2.482e-5
-1.547, 2.482e-5
-1.546, 2.174e-5
-1.545, 2.174e-5
-1.544, 2.174e-5
-1.543, 2.174e-5
-1.542, 2.174e-5
-1.541, 2.174e-5
-1.540, 2.174e-5
-1.539, 2.174e-5
-1.538, 1.865e-5
-1.537, 1.865e-5
-1.536, 1.865e-5
-1.535, 1.865e-5
-1.534, 1.865e-5
-1.533, 1.865e-5
-1.532, 1.865e-5
-1.531, 1.865e-5
-1.530, 1.865e-5
-1.529, 1.865e-5
-1.528, 1.557e-5
-1.527, 1.557e-5
-1.526, 1.557e-5
-1.525, 1.865e-5
-1.524, 1.557e-5
-1.523, 1.557e-5
-1.522, 1.557e-5
-1.521, 1.557e-5
-1.520, 1.557e-5
-1.519, 1.557e-5
-1.518, 1.249e-5
-1.517, 1.557e-5
-1.516, 1.557e-5
-1.515, 1.249e-5
-1.514, 1.249e-5
-1.513, 1.249e-5
-1.512, 1.249e-5
-1.511, 1.249e-5
-1.510, 1.249e-5
-1.509, 1.249e-5
-1.508, 1.249e-5
-1.507, 1.249e-5
-1.506, 9.405e-6
-1.505, 1.249e-5
-1.504, 9.405e-6
-1.503, 9.405e-6
-1.502, 9.405e-6
-1.501, 9.405e-6
-1.500, 9.405e-6
-1.499, 9.405e-6
-1.498, 9.405e-6
-1.497, 9.405e-6
-1.496, 9.405e-6
-1.495, 9.405e-6
-1.494, 9.405e-6
-1.493, 9.405e-6
-1.492, 9.405e-6
-1.491, 9.405e-6
-1.490, 9.405e-6
-1.489, 9.405e-6
-1.488, 9.405e-6
-1.487, 9.405e-6
-1.486, 9.405e-6
-1.485, 9.405e-6
-1.484, 9.405e-6
-1.483, 6.322e-6
-1.482, 6.322e-6
-1.481, 6.322e-6
-1.480, 6.322e-6
-1.479, 6.322e-6
-1.478, 6.322e-6
-1.477, 6.322e-6
-1.476, 6.322e-6
-1.475, 6.322e-6
-1.474, 6.322e-6
-1.473, 6.322e-6
-1.472, 6.322e-6
-1.471, 6.322e-6
-1.470, 6.322e-6
-1.469, 3.239e-6
-1.468, 3.239e-6
-1.467, 6.322e-6
-1.466, 6.322e-6
-1.465, 6.322e-6
-1.464, 6.322e-6
-1.463, 3.239e-6
-1.462, 6.322e-6
-1.461, 6.322e-6
-1.460, 3.239e-6
-1.459, 3.239e-6
-1.458, 3.239e-6
-1.457, 3.239e-6
-1.456, 3.239e-6
-1.455, 3.239e-6
-1.454, 3.239e-6
-1.453, 3.239e-6
-1.452, 3.239e-6
-1.451, 3.239e-6
-1.450, 3.239e-6
-1.449, 3.239e-6
-1.448, 3.239e-6
-1.447, 3.239e-6
-1.446, 3.239e-6
-1.445, 3.239e-6
-1.444, 3.239e-6
-1.443, 3.239e-6
-1.442, 3.239e-6
-1.441, 3.239e-6
-1.440, 3.239e-6
-1.439, 3.239e-6
-1.438, 1.559e-7
-1.437, 1.559e-7
-1.436, 1.559e-7
-1.435, 3.239e-6
-1.434, 1.559e-7
-1.433, 1.559e-7
-1.432, 1.559e-7
-1.431, 1.559e-7
-1.430, 3.239e-6
-1.429, 3.239e-6
-1.428, 1.559e-7
-1.427, 1.559e-7
-1.426, 1.559e-7
-1.425, 1.559e-7
-1.424, 1.559e-7
-1.423, 1.559e-7
-1.422, 1.559e-7
-1.421, 1.559e-7
-1.420, 1.559e-7
-1.419, 1.559e-7
-1.418, 1.559e-7
-1.417, 1.559e-7
-1.416, 1.559e-7
-1.415, 1.559e-7
-1.414, 1.559e-7
-1.413, 1.559e-7
-1.412, 1.559e-7
-1.411, 1.559e-7
-1.410, 1.559e-7
-1.409, 1.559e-7
-1.408, 1.559e-7
-1.407, 1.559e-7
-1.406, 1.559e-7
-1.405, 1.559e-7
-1.404, 1.559e-7
-1.403, 1.559e-7
-1.402, -2.927e-6
-1.401, 1.559e-7
-1.400, 1.559e-7
-1.399, -2.927e-6
-1.398, 1.559e-7
-1.397, -2.927e-6
-1.396, 1.559e-7
-1.395, 1.559e-7
-1.394, -2.927e-6
-1.393, 1.559e-7
-1.392, 1.559e-7
-1.391, -2.927e-6
-1.390, -2.927e-6
-1.389, -2.927e-6
-1.388, -2.927e-6
-1.387, -2.927e-6
-1.386, -2.927e-6
-1.385, -2.927e-6
-1.384, -2.927e-6
-1.383, -2.927e-6
-1.382, -2.927e-6
-1.381, -2.927e-6
-1.380, -2.927e-6
-1.379, -2.927e-6
-1.378, -2.927e-6
-1.377, -2.927e-6
-1.376, -2.927e-6
-1.375, -2.927e-6
-1.374, -2.927e-6
-1.373, -2.927e-6
-1.372, -2.927e-6
-1.371, -2.927e-6
-1.370, -2.927e-6
-1.369, -2.927e-6
-1.368, -2.927e-6
-1.367, -2.927e-6
-1.366, -2.927e-6
-1.365, -2.927e-6
-1.364, -2.927e-6
-1.363, -2.927e-6
-1.362, -2.927e-6
-1.361, -2.927e-6
-1.360, -2.927e-6
-1.359, -2.927e-6
-1.358, -2.927e-6
-1.357, -2.927e-6
-1.356, -6.010e-6
-1.355, -2.927e-6
-1.354, -2.927e-6
-1.353, -2.927e-6
-1.352, -2.927e-6
-1.351, -6.010e-6
-1.350, -2.927e-6
-1.349, -2.927e-6
-1.348, -6.010e-6
-1.347, -6.010e-6
-1.346, -2.927e-6
-1.345, -2.927e-6
-1.344, -6.010e-6
-1.343, -2.927e-6
-1.342, -6.010e-6
-1.341, -6.010e-6
-1.340, -6.010e-6
-1.339, -6.010e-6
-1.338, -2.927e-6
-1.337, -6.010e-6
-1.336, -6.010e-6
-1.335, -2.927e-6
-1.334, -6.010e-6
-1.333, -6.010e-6
-1.332, -2.927e-6
-1.331, -6.010e-6
-1.330, -6.010e-6
-1.329, -2.927e-6
-1.328, -6.010e-6
-1.327, -6.010e-6
-1.326, -6.010e-6
-1.325, -6.010e-6
-1.324, -6.010e-6
-1.323, -6.010e-6
-1.322, -6.010e-6
-1.321, -6.010e-6
-1.320, -6.010e-6
-1.319, -6.010e-6
-1.318, -6.010e-6
-1.317, -6.010e-6
-1.316, -6.010e-6
-1.315, -6.010e-6
-1.314, -6.010e-6
-1.313, -6.010e-6
-1.312, -6.010e-6
-1.311, -6.010e-6
-1.310, -6.010e-6
-1.309, -6.010e-6
-1.308, -6.010e-6
-1.307, -6.010e-6
-1.306, -6.010e-6
-1.305, -6.010e-6
-1.304, -6.010e-6
-1.303, -6.010e-6
-1.302, -6.010e-6
-1.301, -6.010e-6
-1.300, -6.010e-6
-1.299, -6.010e-6
-1.298, -6.010e-6
-1.297, -6.010e-6
-1.296, -6.010e-6
-1.295, -6.010e-6
-1.294, -6.010e-6
-1.293, -6.010e-6
-1.292, -6.010e-6
-1.291, -6.010e-6
-1.290, -6.010e-6
-1.289, -6.010e-6
-1.288, -6.010e-6
-1.287, -9.093e-6
-1.286, -6.010e-6
-1.285, -6.010e-6
-1.284, -6.010e-6
-1.283, -6.010e-6
-1.282, -6.010e-6
-1.281, -6.010e-6
-1.280, -6.010e-6
-1.279, -6.010e-6
-1.278, -6.010e-6
-1.277, -6.010e-6
-1.276, -6.010e-6
-1.275, -6.010e-6
-1.274, -6.010e-6
-1.273, -6.010e-6
-1.272, -6.010e-6
-1.271, -6.010e-6
-1.270, -6.010e-6
-1.269, -6.010e-6
-1.268, -6.010e-6
-1.267, -6.010e-6
-1.266, -6.010e-6
-1.265, -6.010e-6
-1.264, -6.010e-6
-1.263, -6.010e-6
-1.262, -6.010e-6
-1.261, -6.010e-6
-1.260, -6.010e-6
-1.259, -6.010e-6
-1.258, -9.093e-6
-1.257, -6.010e-6
-1.256, -9.093e-6
-1.255, -6.010e-6
-1.254, -6.010e-6
-1.253, -9.093e-6
-1.252, -9.093e-6
-1.251, -6.010e-6
-1.250, -6.010e-6
-1.249, -9.093e-6
-1.248, -6.010e-6
-1.247, -9.093e-6
-1.246, -9.093e-6
-1.245, -6.010e-6
-1.244, -6.010e-6
-1.243, -6.010e-6
-1.242, -6.010e-6
-1.241, -9.093e-6
-1.240, -6.010e-6
-1.239, -6.010e-6
-1.238, -6.010e-6
-1.237, -6.010e-6
-1.236, -6.010e-6
-1.235, -6.010e-6
-1.234, -6.010e-6
-1.233, -6.010e-6
-1.232, -9.093e-6
-1.231, -6.010e-6
-1.230, -6.010e-6
-1.229, -6.010e-6
-1.228, -6.010e-6
-1.227, -9.093e-6
-1.226, -9.093e-6
-1.225, -6.010e-6
-1.224, -9.093e-6
-1.223, -9.093e-6
-1.222, -9.093e-6
-1.221, -9.093e-6
-1.220, -9.093e-6
-1.219, -9.093e-6
-1.218, -9.093e-6
-1.217, -9.093e-6
-1.216, -9.093e-6
-1.215, -9.093e-6
-1.214, -9.093e-6
-1.213, -9.093e-6
-1.212, -9.093e-6
-1.211, -9.093e-6
-1.210, -6.010e-6
-1.209, -9.093e-6
-1.208, -6.010e-6
-1.207, -9.093e-6
-1.206, -9.093e-6
-1.205, -9.093e-6
-1.204, -9.093e-6
-1.203, -9.093e-6
-1.202, -9.093e-6
-1.201, -9.093e-6
-1.200, -6.010e-6
-1.199, -6.010e-6
-1.198, -9.093e-6
-1.197, -9.093e-6
-1.196, -9.093e-6
-1.195, -9.093e-6
-1.194, -9.093e-6
-1.193, -9.093e-6
-1.192, -9.093e-6
-1.191, -9.093e-6
-1.190, -9.093e-6
-1.189, -9.093e-6
-1.188, -9.093e-6
-1.187, -9.093e-6
-1.186, -9.093e-6
-1.185, -9.093e-6
-1.184, -9.093e-6
-1.183, -9.093e-6
-1.182, -9.093e-6
-1.181, -9.093e-6
-1.180, -9.093e-6
-1.179, -9.093e-6
-1.178, -9.093e-6
-1.177, -9.093e-6
-1.176, -9.093e-6
-1.175, -6.010e-6
-1.174, -9.093e-6
-1.173, -9.093e-6
-1.172, -9.093e-6
-1.171, -9.093e-6
-1.170, -9.093e-6
-1.169, -9.093e-6
-1.168, -9.093e-6
-1.167, -9.093e-6
-1.166, -9.093e-6
-1.165, -9.093e-6
-1.164, -9.093e-6
-1.163, -9.093e-6
-1.162, -9.093e-6
-1.161, -9.093e-6
-1.160, -9.093e-6
-1.159, -9.093e-6
-1.158, -9.093e-6
-1.157, -9.093e-6
-1.156, -9.093e-6
-1.155, -9.093e-6
-1.154, -9.093e-6
-1.153, -9.093e-6
-1.152, -9.093e-6
-1.151, -9.093e-6
-1.150, -9.093e-6
-1.149, -9.093e-6
-1.148, -9.093e-6
-1.147, -9.093e-6
-1.146, -9.093e-6
-1.145, -9.093e-6
-1.144, -9.093e-6
-1.143, -9.093e-6
-1.142, -9.093e-6
-1.141, -9.093e-6
-1.140, -9.093e-6
-1.139, -9.093e-6
-1.138, -9.093e-6
-1.137, -9.093e-6
-1.136, -9.093e-6
-1.135, -9.093e-6
-1.134, -9.093e-6
-1.133, -9.093e-6
-1.132, -9.093e-6
-1.131, -9.093e-6
-1.130, -9.093e-6
-1.129, -9.093e-6
-1.128, -9.093e-6
-1.127, -9.093e-6
-1.126, -9.093e-6
-1.125, -9.093e-6
-1.124, -9.093e-6
-1.123, -9.093e-6
-1.122, -9.093e-6
-1.121, -9.093e-6
-1.120, -9.093e-6
-1.119, -9.093e-6
-1.118, -9.093e-6
-1.117, -9.093e-6
-1.116, -9.093e-6
-1.115, -9.093e-6
-1.114, -9.093e-6
-1.113, -9.093e-6
-1.112, -9.093e-6
-1.111, -9.093e-6
-1.110, -9.093e-6
-1.109, -9.093e-6
-1.108, -9.093e-6
-1.107, -9.093e-6
-1.106, -9.093e-6
-1.105, -9.093e-6
-1.104, -9.093e-6
-1.103, -9.093e-6
-1.102, -9.093e-6
-1.101, -9.093e-6
-1.100, -9.093e-6
-1.099, -9.093e-6
-1.098, -9.093e-6
-1.097, -9.093e-6
-1.096, -9.093e-6
-1.095, -9.093e-6
-1.094, -9.093e-6
-1.093, -1.218e-5
-1.092, -9.093e-6
-1.091, -9.093e-6
-1.090, -9.093e-6
-1.089, -9.093e-6
-1.088, -9.093e-6
-1.087, -9.093e-6
-1.086, -9.093e-6
-1.085, -9.093e-6
-1.084, -9.093e-6
-1.083, -9.093e-6
-1.082, -9.093e-6
-1.081, -9.093e-6
-1.080, -9.093e-6
-1.079, -9.093e-6
-1.078, -9.093e-6
-1.077, -9.093e-6
-1.076, -9.093e-6
-1.075, -9.093e-6
-1.074, -9.093e-6
-1.073, -9.093e-6
-1.072, -9.093e-6
-1.071, -9.093e-6
-1.070, -1.218e-5
-1.069, -9.093e-6
-1.068, -9.093e-6
-1.067, -1.218e-5
-1.066, -9.093e-6
-1.065, -1.218e-5
-1.064, -1.218e-5
-1.063, -9.093e-6
-1.062, -1.218e-5
-1.061, -1.218e-5
-1.060, -9.093e-6
-1.059, -1.218e-5
-1.058, -1.218e-5
-1.057, -1.218e-5
-1.056, -9.093e-6
-1.055, -9.093e-6
-1.054, -1.218e-5
-1.053, -1.218e-5
-1.052, -9.093e-6
-1.051, -9.093e-6
-1.050, -1.218e-5
-1.049, -1.218e-5
-1.048, -1.218e-5
-1.047, -1.218e-5
-1.046, -1.218e-5
-1.045, -1.218e-5
-1.044, -1.218e-5
-1.043, -1.218e-5
-1.042, -1.218e-5
-1.041, -9.093e-6
-1.040, -1.218e-5
-1.039, -1.218e-5
-1.038, -1.218e-5
-1.037, -1.218e-5
-1.036, -1.218e-5
-1.035, -1.218e-5
-1.034, -1.218e-5
-1.033, -1.218e-5
-1.032, -1.218e-5
-1.031, -1.218e-5
-1.030, -1.218e-5
-1.029, -1.218e-5
-1.028, -1.218e-5
-1.027, -1.218e-5
-1.026, -1.218e-5
-1.025, -1.218e-5
-1.024, -1.218e-5
-1.023, -1.218e-5
-1.022, -1.218e-5
-1.021, -1.218e-5
-1.020, -1.218e-5
-1.019, -1.218e-5
-1.018, -1.218e-5
-1.017, -1.218e-5
-1.016, -1.218e-5
-1.015, -1.218e-5
-1.014, -1.218e-5
-1.013, -1.218e-5
-1.012, -1.218e-5
-1.011, -1.218e-5
-1.010, -1.218e-5
-1.009, -1.218e-5
-1.008, -1.218e-5
-1.007, -1.218e-5
-1.006, -1.218e-5
-1.005, -1.218e-5
-1.004, -1.526e-5
-1.003, -1.218e-5
-1.002, -1.218e-5
-1.001, -1.218e-5
