Sept. 25, 2024   09:15:52
Cyclic Voltammetry
File: c:/users/guazh/data/20240922_batch_417_500/2024-09-22-exp443\exp443-2024-09-25t09_00_47-h2koh\exp443_cv_sr_400mvs_efin_-1600mv.bin
Data Source:  Experiment
Instrument Model:  CHI760E
Header: CV ran at 400 mVs
Note: 

Init E (V) = -1
High E (V) = -1
Low E (V) = -1.6
Final E (V) = -1
Init P/N = N
Scan Rate (V/s) = 0.4
Segment = 3
Sample Interval (V) = 0.001
Quiet Time (sec) = 2
Sensitivity (A/V) = 0.01
Comp R (ohm) = 2.1

Results:

Channel 1:
Segment 1:

Segment 2:

Segment 3:

Potential/V, Current/A

-1.000, 1.865e-5
-1.001, 5.873e-5
-1.002, 7.415e-5
-1.003, 8.340e-5
-1.004, 9.265e-5
-1.005, 9.573e-5
-1.006, 9.882e-5
-1.007, 1.019e-4
-1.008, 1.019e-4
-1.009, 1.019e-4
-1.010, 1.050e-4
-1.011, 1.050e-4
-1.012, 1.081e-4
-1.013, 1.111e-4
-1.014, 1.111e-4
-1.015, 1.111e-4
-1.016, 1.111e-4
-1.017, 1.111e-4
-1.018, 1.142e-4
-1.019, 1.142e-4
-1.020, 1.142e-4
-1.021, 1.142e-4
-1.022, 1.142e-4
-1.023, 1.142e-4
-1.024, 1.142e-4
-1.025, 1.142e-4
-1.026, 1.173e-4
-1.027, 1.173e-4
-1.028, 1.173e-4
-1.029, 1.173e-4
-1.030, 1.173e-4
-1.031, 1.173e-4
-1.032, 1.173e-4
-1.033, 1.204e-4
-1.034, 1.173e-4
-1.035, 1.204e-4
-1.036, 1.204e-4
-1.037, 1.204e-4
-1.038, 1.204e-4
-1.039, 1.204e-4
-1.040, 1.204e-4
-1.041, 1.204e-4
-1.042, 1.204e-4
-1.043, 1.204e-4
-1.044, 1.204e-4
-1.045, 1.204e-4
-1.046, 1.235e-4
-1.047, 1.204e-4
-1.048, 1.204e-4
-1.049, 1.204e-4
-1.050, 1.204e-4
-1.051, 1.235e-4
-1.052, 1.235e-4
-1.053, 1.235e-4
-1.054, 1.235e-4
-1.055, 1.235e-4
-1.056, 1.235e-4
-1.057, 1.235e-4
-1.058, 1.235e-4
-1.059, 1.235e-4
-1.060, 1.235e-4
-1.061, 1.235e-4
-1.062, 1.235e-4
-1.063, 1.235e-4
-1.064, 1.235e-4
-1.065, 1.235e-4
-1.066, 1.235e-4
-1.067, 1.235e-4
-1.068, 1.235e-4
-1.069, 1.235e-4
-1.070, 1.235e-4
-1.071, 1.235e-4
-1.072, 1.266e-4
-1.073, 1.266e-4
-1.074, 1.266e-4
-1.075, 1.266e-4
-1.076, 1.266e-4
-1.077, 1.266e-4
-1.078, 1.266e-4
-1.079, 1.266e-4
-1.080, 1.266e-4
-1.081, 1.235e-4
-1.082, 1.235e-4
-1.083, 1.235e-4
-1.084, 1.235e-4
-1.085, 1.266e-4
-1.086, 1.266e-4
-1.087, 1.266e-4
-1.088, 1.266e-4
-1.089, 1.266e-4
-1.090, 1.266e-4
-1.091, 1.266e-4
-1.092, 1.266e-4
-1.093, 1.266e-4
-1.094, 1.266e-4
-1.095, 1.266e-4
-1.096, 1.235e-4
-1.097, 1.266e-4
-1.098, 1.266e-4
-1.099, 1.266e-4
-1.100, 1.266e-4
-1.101, 1.266e-4
-1.102, 1.266e-4
-1.103, 1.235e-4
-1.104, 1.266e-4
-1.105, 1.266e-4
-1.106, 1.266e-4
-1.107, 1.266e-4
-1.108, 1.266e-4
-1.109, 1.266e-4
-1.110, 1.266e-4
-1.111, 1.266e-4
-1.112, 1.266e-4
-1.113, 1.266e-4
-1.114, 1.266e-4
-1.115, 1.266e-4
-1.116, 1.266e-4
-1.117, 1.266e-4
-1.118, 1.266e-4
-1.119, 1.266e-4
-1.120, 1.296e-4
-1.121, 1.266e-4
-1.122, 1.266e-4
-1.123, 1.266e-4
-1.124, 1.266e-4
-1.125, 1.266e-4
-1.126, 1.296e-4
-1.127, 1.296e-4
-1.128, 1.266e-4
-1.129, 1.266e-4
-1.130, 1.266e-4
-1.131, 1.266e-4
-1.132, 1.296e-4
-1.133, 1.296e-4
-1.134, 1.296e-4
-1.135, 1.266e-4
-1.136, 1.266e-4
-1.137, 1.296e-4
-1.138, 1.296e-4
-1.139, 1.296e-4
-1.140, 1.296e-4
-1.141, 1.296e-4
-1.142, 1.266e-4
-1.143, 1.266e-4
-1.144, 1.296e-4
-1.145, 1.296e-4
-1.146, 1.296e-4
-1.147, 1.296e-4
-1.148, 1.296e-4
-1.149, 1.296e-4
-1.150, 1.296e-4
-1.151, 1.296e-4
-1.152, 1.296e-4
-1.153, 1.327e-4
-1.154, 1.296e-4
-1.155, 1.296e-4
-1.156, 1.296e-4
-1.157, 1.296e-4
-1.158, 1.327e-4
-1.159, 1.327e-4
-1.160, 1.327e-4
-1.161, 1.327e-4
-1.162, 1.296e-4
-1.163, 1.296e-4
-1.164, 1.327e-4
-1.165, 1.327e-4
-1.166, 1.327e-4
-1.167, 1.327e-4
-1.168, 1.327e-4
-1.169, 1.327e-4
-1.170, 1.327e-4
-1.171, 1.358e-4
-1.172, 1.358e-4
-1.173, 1.358e-4
-1.174, 1.358e-4
-1.175, 1.358e-4
-1.176, 1.358e-4
-1.177, 1.358e-4
-1.178, 1.389e-4
-1.179, 1.389e-4
-1.180, 1.389e-4
-1.181, 1.358e-4
-1.182, 1.389e-4
-1.183, 1.389e-4
-1.184, 1.389e-4
-1.185, 1.389e-4
-1.186, 1.420e-4
-1.187, 1.420e-4
-1.188, 1.420e-4
-1.189, 1.420e-4
-1.190, 1.420e-4
-1.191, 1.420e-4
-1.192, 1.451e-4
-1.193, 1.451e-4
-1.194, 1.481e-4
-1.195, 1.451e-4
-1.196, 1.451e-4
-1.197, 1.481e-4
-1.198, 1.481e-4
-1.199, 1.512e-4
-1.200, 1.512e-4
-1.201, 1.512e-4
-1.202, 1.512e-4
-1.203, 1.512e-4
-1.204, 1.512e-4
-1.205, 1.512e-4
-1.206, 1.543e-4
-1.207, 1.543e-4
-1.208, 1.574e-4
-1.209, 1.574e-4
-1.210, 1.574e-4
-1.211, 1.605e-4
-1.212, 1.605e-4
-1.213, 1.636e-4
-1.214, 1.636e-4
-1.215, 1.636e-4
-1.216, 1.636e-4
-1.217, 1.666e-4
-1.218, 1.666e-4
-1.219, 1.697e-4
-1.220, 1.697e-4
-1.221, 1.697e-4
-1.222, 1.728e-4
-1.223, 1.728e-4
-1.224, 1.759e-4
-1.225, 1.759e-4
-1.226, 1.790e-4
-1.227, 1.821e-4
-1.228, 1.821e-4
-1.229, 1.851e-4
-1.230, 1.851e-4
-1.231, 1.882e-4
-1.232, 1.882e-4
-1.233, 1.913e-4
-1.234, 1.913e-4
-1.235, 1.944e-4
-1.236, 1.944e-4
-1.237, 1.975e-4
-1.238, 2.006e-4
-1.239, 2.036e-4
-1.240, 2.036e-4
-1.241, 2.067e-4
-1.242, 2.067e-4
-1.243, 2.098e-4
-1.244, 2.129e-4
-1.245, 2.129e-4
-1.246, 2.160e-4
-1.247, 2.191e-4
-1.248, 2.221e-4
-1.249, 2.221e-4
-1.250, 2.252e-4
-1.251, 2.283e-4
-1.252, 2.345e-4
-1.253, 2.376e-4
-1.254, 2.376e-4
-1.255, 2.406e-4
-1.256, 2.406e-4
-1.257, 2.468e-4
-1.258, 2.499e-4
-1.259, 2.530e-4
-1.260, 2.561e-4
-1.261, 2.591e-4
-1.262, 2.622e-4
-1.263, 2.653e-4
-1.264, 2.684e-4
-1.265, 2.715e-4
-1.266, 2.776e-4
-1.267, 2.807e-4
-1.268, 2.838e-4
-1.269, 2.869e-4
-1.270, 2.900e-4
-1.271, 2.961e-4
-1.272, 2.992e-4
-1.273, 3.054e-4
-1.274, 3.054e-4
-1.275, 3.115e-4
-1.276, 3.146e-4
-1.277, 3.208e-4
-1.278, 3.239e-4
-1.279, 3.300e-4
-1.280, 3.331e-4
-1.281, 3.393e-4
-1.282, 3.424e-4
-1.283, 3.485e-4
-1.284, 3.547e-4
-1.285, 3.578e-4
-1.286, 3.640e-4
-1.287, 3.701e-4
-1.288, 3.732e-4
-1.289, 3.794e-4
-1.290, 3.855e-4
-1.291, 3.917e-4
-1.292, 3.979e-4
-1.293, 4.040e-4
-1.294, 4.102e-4
-1.295, 4.164e-4
-1.296, 4.195e-4
-1.297, 4.256e-4
-1.298, 4.349e-4
-1.299, 4.410e-4
-1.300, 4.472e-4
-1.301, 4.534e-4
-1.302, 4.595e-4
-1.303, 4.657e-4
-1.304, 4.750e-4
-1.305, 4.842e-4
-1.306, 4.904e-4
-1.307, 4.965e-4
-1.308, 5.058e-4
-1.309, 5.120e-4
-1.310, 5.212e-4
-1.311, 5.274e-4
-1.312, 5.366e-4
-1.313, 5.428e-4
-1.314, 5.520e-4
-1.315, 5.613e-4
-1.316, 5.705e-4
-1.317, 5.767e-4
-1.318, 5.859e-4
-1.319, 5.952e-4
-1.320, 6.075e-4
-1.321, 6.168e-4
-1.322, 6.229e-4
-1.323, 6.291e-4
-1.324, 6.414e-4
-1.325, 6.507e-4
-1.326, 6.630e-4
-1.327, 6.754e-4
-1.328, 6.815e-4
-1.329, 6.939e-4
-1.330, 7.031e-4
-1.331, 7.154e-4
-1.332, 7.278e-4
-1.333, 7.370e-4
-1.334, 7.432e-4
-1.335, 7.555e-4
-1.336, 7.648e-4
-1.337, 7.771e-4
-1.338, 7.894e-4
-1.339, 8.018e-4
-1.340, 8.141e-4
-1.341, 8.264e-4
-1.342, 8.388e-4
-1.343, 8.542e-4
-1.344, 8.634e-4
-1.345, 8.788e-4
-1.346, 8.912e-4
-1.347, 9.035e-4
-1.348, 9.158e-4
-1.349, 9.282e-4
-1.350, 9.436e-4
-1.351, 9.559e-4
-1.352, 9.683e-4
-1.353, 9.837e-4
-1.354, 9.960e-4
-1.355, 1.008e-3
-1.356, 1.018e-3
-1.357, 1.030e-3
-1.358, 1.045e-3
-1.359, 1.061e-3
-1.360, 1.076e-3
-1.361, 1.092e-3
-1.362, 1.107e-3
-1.363, 1.122e-3
-1.364, 1.138e-3
-1.365, 1.156e-3
-1.366, 1.172e-3
-1.367, 1.181e-3
-1.368, 1.196e-3
-1.369, 1.209e-3
-1.370, 1.221e-3
-1.371, 1.233e-3
-1.372, 1.249e-3
-1.373, 1.261e-3
-1.374, 1.280e-3
-1.375, 1.295e-3
-1.376, 1.310e-3
-1.377, 1.329e-3
-1.378, 1.347e-3
-1.379, 1.366e-3
-1.380, 1.384e-3
-1.381, 1.400e-3
-1.382, 1.415e-3
-1.383, 1.431e-3
-1.384, 1.449e-3
-1.385, 1.465e-3
-1.386, 1.483e-3
-1.387, 1.502e-3
-1.388, 1.520e-3
-1.389, 1.539e-3
-1.390, 1.554e-3
-1.391, 1.576e-3
-1.392, 1.594e-3
-1.393, 1.616e-3
-1.394, 1.634e-3
-1.395, 1.656e-3
-1.396, 1.671e-3
-1.397, 1.690e-3
-1.398, 1.705e-3
-1.399, 1.724e-3
-1.400, 1.742e-3
-1.401, 1.761e-3
-1.402, 1.776e-3
-1.403, 1.791e-3
-1.404, 1.807e-3
-1.405, 1.825e-3
-1.406, 1.847e-3
-1.407, 1.865e-3
-1.408, 1.881e-3
-1.409, 1.899e-3
-1.410, 1.921e-3
-1.411, 1.943e-3
-1.412, 1.964e-3
-1.413, 1.983e-3
-1.414, 2.001e-3
-1.415, 2.020e-3
-1.416, 2.038e-3
-1.417, 2.060e-3
-1.418, 2.075e-3
-1.419, 2.091e-3
-1.420, 2.109e-3
-1.421, 2.128e-3
-1.422, 2.143e-3
-1.423, 2.161e-3
-1.424, 2.177e-3
-1.425, 2.195e-3
-1.426, 2.214e-3
-1.427, 2.232e-3
-1.428, 2.251e-3
-1.429, 2.269e-3
-1.430, 2.288e-3
-1.431, 2.306e-3
-1.432, 2.331e-3
-1.433, 2.353e-3
-1.434, 2.368e-3
-1.435, 2.383e-3
-1.436, 2.399e-3
-1.437, 2.417e-3
-1.438, 2.436e-3
-1.439, 2.454e-3
-1.440, 2.470e-3
-1.441, 2.485e-3
-1.442, 2.501e-3
-1.443, 2.525e-3
-1.444, 2.550e-3
-1.445, 2.571e-3
-1.446, 2.593e-3
-1.447, 2.618e-3
-1.448, 2.639e-3
-1.449, 2.664e-3
-1.450, 2.689e-3
-1.451, 2.710e-3
-1.452, 2.735e-3
-1.453, 2.753e-3
-1.454, 2.772e-3
-1.455, 2.793e-3
-1.456, 2.809e-3
-1.457, 2.830e-3
-1.458, 2.852e-3
-1.459, 2.877e-3
-1.460, 2.898e-3
-1.461, 2.920e-3
-1.462, 2.945e-3
-1.463, 2.969e-3
-1.464, 2.994e-3
-1.465, 3.019e-3
-1.466, 3.043e-3
-1.467, 3.065e-3
-1.468, 3.086e-3
-1.469, 3.108e-3
-1.470, 3.133e-3
-1.471, 3.151e-3
-1.472, 3.170e-3
-1.473, 3.188e-3
-1.474, 3.207e-3
-1.475, 3.225e-3
-1.476, 3.241e-3
-1.477, 3.256e-3
-1.478, 3.278e-3
-1.479, 3.302e-3
-1.480, 3.330e-3
-1.481, 3.358e-3
-1.482, 3.382e-3
-1.483, 3.407e-3
-1.484, 3.429e-3
-1.485, 3.453e-3
-1.486, 3.481e-3
-1.487, 3.503e-3
-1.488, 3.515e-3
-1.489, 3.530e-3
-1.490, 3.546e-3
-1.491, 3.567e-3
-1.492, 3.592e-3
-1.493, 3.610e-3
-1.494, 3.626e-3
-1.495, 3.644e-3
-1.496, 3.669e-3
-1.497, 3.703e-3
-1.498, 3.734e-3
-1.499, 3.762e-3
-1.500, 3.783e-3
-1.501, 3.799e-3
-1.502, 3.814e-3
-1.503, 3.839e-3
-1.504, 3.863e-3
-1.505, 3.888e-3
-1.506, 3.906e-3
-1.507, 3.922e-3
-1.508, 3.940e-3
-1.509, 3.965e-3
-1.510, 3.996e-3
-1.511, 4.027e-3
-1.512, 4.058e-3
-1.513, 4.079e-3
-1.514, 4.104e-3
-1.515, 4.132e-3
-1.516, 4.159e-3
-1.517, 4.181e-3
-1.518, 4.199e-3
-1.519, 4.218e-3
-1.520, 4.236e-3
-1.521, 4.255e-3
-1.522, 4.273e-3
-1.523, 4.292e-3
-1.524, 4.313e-3
-1.525, 4.338e-3
-1.526, 4.366e-3
-1.527, 4.394e-3
-1.528, 4.418e-3
-1.529, 4.449e-3
-1.530, 4.474e-3
-1.531, 4.501e-3
-1.532, 4.532e-3
-1.533, 4.563e-3
-1.534, 4.594e-3
-1.535, 4.616e-3
-1.536, 4.628e-3
-1.537, 4.646e-3
-1.538, 4.671e-3
-1.539, 4.705e-3
-1.540, 4.733e-3
-1.541, 4.760e-3
-1.542, 4.782e-3
-1.543, 4.810e-3
-1.544, 4.841e-3
-1.545, 4.881e-3
-1.546, 4.921e-3
-1.547, 4.952e-3
-1.548, 4.970e-3
-1.549, 4.992e-3
-1.550, 5.023e-3
-1.551, 5.056e-3
-1.552, 5.090e-3
-1.553, 5.109e-3
-1.554, 5.118e-3
-1.555, 5.134e-3
-1.556, 5.161e-3
-1.557, 5.195e-3
-1.558, 5.229e-3
-1.559, 5.257e-3
-1.560, 5.285e-3
-1.561, 5.319e-3
-1.562, 5.356e-3
-1.563, 5.399e-3
-1.564, 5.433e-3
-1.565, 5.457e-3
-1.566, 5.479e-3
-1.567, 5.504e-3
-1.568, 5.531e-3
-1.569, 5.559e-3
-1.570, 5.568e-3
-1.571, 5.574e-3
-1.572, 5.590e-3
-1.573, 5.618e-3
-1.574, 5.658e-3
-1.575, 5.688e-3
-1.576, 5.710e-3
-1.577, 5.735e-3
-1.578, 5.769e-3
-1.579, 5.812e-3
-1.580, 5.852e-3
-1.581, 5.873e-3
-1.582, 5.892e-3
-1.583, 5.917e-3
-1.584, 5.951e-3
-1.585, 5.984e-3
-1.586, 5.997e-3
-1.587, 5.994e-3
-1.588, 5.997e-3
-1.589, 6.018e-3
-1.590, 6.055e-3
-1.591, 6.111e-3
-1.592, 6.163e-3
-1.593, 6.191e-3
-1.594, 6.206e-3
-1.595, 6.228e-3
-1.596, 6.265e-3
-1.597, 6.317e-3
-1.598, 6.364e-3
-1.599, 6.398e-3
-1.600, 6.382e-3
-1.599, 6.305e-3
-1.598, 6.240e-3
-1.597, 6.173e-3
-1.596, 6.108e-3
-1.595, 6.065e-3
-1.594, 6.021e-3
-1.593, 5.972e-3
-1.592, 5.914e-3
-1.591, 5.843e-3
-1.590, 5.778e-3
-1.589, 5.725e-3
-1.588, 5.682e-3
-1.587, 5.633e-3
-1.586, 5.568e-3
-1.585, 5.488e-3
-1.584, 5.402e-3
-1.583, 5.331e-3
-1.582, 5.288e-3
-1.581, 5.257e-3
-1.580, 5.208e-3
-1.579, 5.146e-3
-1.578, 5.090e-3
-1.577, 5.053e-3
-1.576, 5.032e-3
-1.575, 5.007e-3
-1.574, 4.973e-3
-1.573, 4.924e-3
-1.572, 4.865e-3
-1.571, 4.822e-3
-1.570, 4.785e-3
-1.569, 4.745e-3
-1.568, 4.702e-3
-1.567, 4.643e-3
-1.566, 4.588e-3
-1.565, 4.551e-3
-1.564, 4.520e-3
-1.563, 4.489e-3
-1.562, 4.449e-3
-1.561, 4.409e-3
-1.560, 4.375e-3
-1.559, 4.344e-3
-1.558, 4.313e-3
-1.557, 4.276e-3
-1.556, 4.227e-3
-1.555, 4.181e-3
-1.554, 4.138e-3
-1.553, 4.101e-3
-1.552, 4.058e-3
-1.551, 4.011e-3
-1.550, 3.965e-3
-1.549, 3.922e-3
-1.548, 3.888e-3
-1.547, 3.857e-3
-1.546, 3.829e-3
-1.545, 3.799e-3
-1.544, 3.762e-3
-1.543, 3.721e-3
-1.542, 3.691e-3
-1.541, 3.663e-3
-1.540, 3.638e-3
-1.539, 3.604e-3
-1.538, 3.564e-3
-1.537, 3.527e-3
-1.536, 3.493e-3
-1.535, 3.462e-3
-1.534, 3.432e-3
-1.533, 3.401e-3
-1.532, 3.364e-3
-1.531, 3.327e-3
-1.530, 3.293e-3
-1.529, 3.259e-3
-1.528, 3.234e-3
-1.527, 3.207e-3
-1.526, 3.176e-3
-1.525, 3.136e-3
-1.524, 3.099e-3
-1.523, 3.062e-3
-1.522, 3.037e-3
-1.521, 3.009e-3
-1.520, 2.978e-3
-1.519, 2.941e-3
-1.518, 2.908e-3
-1.517, 2.877e-3
-1.516, 2.852e-3
-1.515, 2.837e-3
-1.514, 2.815e-3
-1.513, 2.787e-3
-1.512, 2.760e-3
-1.511, 2.735e-3
-1.510, 2.713e-3
-1.509, 2.692e-3
-1.508, 2.664e-3
-1.507, 2.636e-3
-1.506, 2.599e-3
-1.505, 2.568e-3
-1.504, 2.544e-3
-1.503, 2.525e-3
-1.502, 2.504e-3
-1.501, 2.476e-3
-1.500, 2.451e-3
-1.499, 2.430e-3
-1.498, 2.411e-3
-1.497, 2.393e-3
-1.496, 2.371e-3
-1.495, 2.349e-3
-1.494, 2.325e-3
-1.493, 2.303e-3
-1.492, 2.279e-3
-1.491, 2.260e-3
-1.490, 2.238e-3
-1.489, 2.211e-3
-1.488, 2.189e-3
-1.487, 2.171e-3
-1.486, 2.152e-3
-1.485, 2.131e-3
-1.484, 2.109e-3
-1.483, 2.087e-3
-1.482, 2.069e-3
-1.481, 2.050e-3
-1.480, 2.032e-3
-1.479, 2.010e-3
-1.478, 1.992e-3
-1.477, 1.970e-3
-1.476, 1.949e-3
-1.475, 1.930e-3
-1.474, 1.912e-3
-1.473, 1.896e-3
-1.472, 1.878e-3
-1.471, 1.856e-3
-1.470, 1.832e-3
-1.469, 1.810e-3
-1.468, 1.795e-3
-1.467, 1.779e-3
-1.466, 1.764e-3
-1.465, 1.745e-3
-1.464, 1.721e-3
-1.463, 1.702e-3
-1.462, 1.687e-3
-1.461, 1.671e-3
-1.460, 1.659e-3
-1.459, 1.640e-3
-1.458, 1.616e-3
-1.457, 1.600e-3
-1.456, 1.585e-3
-1.455, 1.569e-3
-1.454, 1.551e-3
-1.453, 1.529e-3
-1.452, 1.505e-3
-1.451, 1.489e-3
-1.450, 1.477e-3
-1.449, 1.468e-3
-1.448, 1.458e-3
-1.447, 1.446e-3
-1.446, 1.434e-3
-1.445, 1.421e-3
-1.444, 1.409e-3
-1.443, 1.397e-3
-1.442, 1.384e-3
-1.441, 1.363e-3
-1.440, 1.344e-3
-1.439, 1.329e-3
-1.438, 1.314e-3
-1.437, 1.298e-3
-1.436, 1.277e-3
-1.435, 1.258e-3
-1.434, 1.240e-3
-1.433, 1.227e-3
-1.432, 1.215e-3
-1.431, 1.206e-3
-1.430, 1.190e-3
-1.429, 1.181e-3
-1.428, 1.172e-3
-1.427, 1.166e-3
-1.426, 1.153e-3
-1.425, 1.138e-3
-1.424, 1.119e-3
-1.423, 1.107e-3
-1.422, 1.095e-3
-1.421, 1.082e-3
-1.420, 1.067e-3
-1.419, 1.048e-3
-1.418, 1.036e-3
-1.417, 1.024e-3
-1.416, 1.014e-3
-1.415, 1.002e-3
-1.414, 9.929e-4
-1.413, 9.837e-4
-1.412, 9.713e-4
-1.411, 9.590e-4
-1.410, 9.467e-4
-1.409, 9.374e-4
-1.408, 9.251e-4
-1.407, 9.128e-4
-1.406, 9.004e-4
-1.405, 8.881e-4
-1.404, 8.758e-4
-1.403, 8.634e-4
-1.402, 8.511e-4
-1.401, 8.388e-4
-1.400, 8.295e-4
-1.399, 8.172e-4
-1.398, 8.048e-4
-1.397, 7.956e-4
-1.396, 7.863e-4
-1.395, 7.771e-4
-1.394, 7.679e-4
-1.393, 7.586e-4
-1.392, 7.463e-4
-1.391, 7.370e-4
-1.390, 7.278e-4
-1.389, 7.185e-4
-1.388, 7.062e-4
-1.387, 6.969e-4
-1.386, 6.877e-4
-1.385, 6.754e-4
-1.384, 6.661e-4
-1.383, 6.538e-4
-1.382, 6.445e-4
-1.381, 6.353e-4
-1.380, 6.229e-4
-1.379, 6.168e-4
-1.378, 6.044e-4
-1.377, 5.952e-4
-1.376, 5.859e-4
-1.375, 5.767e-4
-1.374, 5.674e-4
-1.373, 5.582e-4
-1.372, 5.489e-4
-1.371, 5.428e-4
-1.370, 5.335e-4
-1.369, 5.243e-4
-1.368, 5.181e-4
-1.367, 5.089e-4
-1.366, 4.996e-4
-1.365, 4.904e-4
-1.364, 4.811e-4
-1.363, 4.750e-4
-1.362, 4.657e-4
-1.361, 4.595e-4
-1.360, 4.503e-4
-1.359, 4.410e-4
-1.358, 4.318e-4
-1.357, 4.225e-4
-1.356, 4.164e-4
-1.355, 4.071e-4
-1.354, 4.010e-4
-1.353, 3.948e-4
-1.352, 3.855e-4
-1.351, 3.763e-4
-1.350, 3.732e-4
-1.349, 3.640e-4
-1.348, 3.578e-4
-1.347, 3.516e-4
-1.346, 3.424e-4
-1.345, 3.362e-4
-1.344, 3.270e-4
-1.343, 3.208e-4
-1.342, 3.146e-4
-1.341, 3.085e-4
-1.340, 2.992e-4
-1.339, 2.931e-4
-1.338, 2.838e-4
-1.337, 2.776e-4
-1.336, 2.715e-4
-1.335, 2.653e-4
-1.334, 2.561e-4
-1.333, 2.530e-4
-1.332, 2.437e-4
-1.331, 2.376e-4
-1.330, 2.314e-4
-1.329, 2.252e-4
-1.328, 2.221e-4
-1.327, 2.129e-4
-1.326, 2.098e-4
-1.325, 2.006e-4
-1.324, 1.975e-4
-1.323, 1.913e-4
-1.322, 1.851e-4
-1.321, 1.790e-4
-1.320, 1.728e-4
-1.319, 1.666e-4
-1.318, 1.605e-4
-1.317, 1.543e-4
-1.316, 1.481e-4
-1.315, 1.451e-4
-1.314, 1.389e-4
-1.313, 1.358e-4
-1.312, 1.296e-4
-1.311, 1.235e-4
-1.310, 1.173e-4
-1.309, 1.142e-4
-1.308, 1.081e-4
-1.307, 1.050e-4
-1.306, 9.882e-5
-1.305, 9.265e-5
-1.304, 8.648e-5
-1.303, 8.340e-5
-1.302, 8.032e-5
-1.301, 7.415e-5
-1.300, 6.798e-5
-1.299, 6.490e-5
-1.298, 5.873e-5
-1.297, 5.565e-5
-1.296, 5.257e-5
-1.295, 4.640e-5
-1.294, 4.332e-5
-1.293, 4.024e-5
-1.292, 3.407e-5
-1.291, 3.099e-5
-1.290, 2.482e-5
-1.289, 2.174e-5
-1.288, 1.865e-5
-1.287, 1.557e-5
-1.286, 9.405e-6
-1.285, 6.322e-6
-1.284, 3.239e-6
-1.283, -2.927e-6
-1.282, -6.010e-6
-1.281, -9.093e-6
-1.280, -1.218e-5
-1.279, -1.526e-5
-1.278, -2.143e-5
-1.277, -2.451e-5
-1.276, -2.451e-5
-1.275, -2.759e-5
-1.274, -3.068e-5
-1.273, -3.376e-5
-1.272, -3.992e-5
-1.271, -4.301e-5
-1.270, -4.609e-5
-1.269, -4.609e-5
-1.268, -4.917e-5
-1.267, -5.226e-5
-1.266, -5.534e-5
-1.265, -5.842e-5
-1.264, -6.151e-5
-1.263, -6.459e-5
-1.262, -6.767e-5
-1.261, -7.076e-5
-1.260, -7.076e-5
-1.259, -7.384e-5
-1.258, -7.692e-5
-1.257, -8.000e-5
-1.256, -8.309e-5
-1.255, -8.309e-5
-1.254, -8.617e-5
-1.253, -8.925e-5
-1.252, -9.234e-5
-1.251, -9.542e-5
-1.250, -9.850e-5
-1.249, -9.850e-5
-1.248, -9.850e-5
-1.247, -1.016e-4
-1.246, -1.047e-4
-1.245, -1.047e-4
-1.244, -1.078e-4
-1.243, -1.108e-4
-1.242, -1.108e-4
-1.241, -1.139e-4
-1.240, -1.139e-4
-1.239, -1.170e-4
-1.238, -1.201e-4
-1.237, -1.232e-4
-1.236, -1.232e-4
-1.235, -1.232e-4
-1.234, -1.263e-4
-1.233, -1.263e-4
-1.232, -1.293e-4
-1.231, -1.293e-4
-1.230, -1.324e-4
-1.229, -1.355e-4
-1.228, -1.355e-4
-1.227, -1.355e-4
-1.226, -1.386e-4
-1.225, -1.386e-4
-1.224, -1.417e-4
-1.223, -1.417e-4
-1.222, -1.448e-4
-1.221, -1.448e-4
-1.220, -1.448e-4
-1.219, -1.478e-4
-1.218, -1.478e-4
-1.217, -1.509e-4
-1.216, -1.478e-4
-1.215, -1.509e-4
-1.214, -1.509e-4
-1.213, -1.509e-4
-1.212, -1.540e-4
-1.211, -1.540e-4
-1.210, -1.540e-4
-1.209, -1.571e-4
-1.208, -1.571e-4
-1.207, -1.571e-4
-1.206, -1.602e-4
-1.205, -1.602e-4
-1.204, -1.602e-4
-1.203, -1.632e-4
-1.202, -1.632e-4
-1.201, -1.632e-4
-1.200, -1.632e-4
-1.199, -1.632e-4
-1.198, -1.663e-4
-1.197, -1.663e-4
-1.196, -1.663e-4
-1.195, -1.663e-4
-1.194, -1.663e-4
-1.193, -1.663e-4
-1.192, -1.694e-4
-1.191, -1.694e-4
-1.190, -1.725e-4
-1.189, -1.694e-4
-1.188, -1.694e-4
-1.187, -1.694e-4
-1.186, -1.725e-4
-1.185, -1.725e-4
-1.184, -1.725e-4
-1.183, -1.756e-4
-1.182, -1.756e-4
-1.181, -1.756e-4
-1.180, -1.756e-4
-1.179, -1.756e-4
-1.178, -1.787e-4
-1.177, -1.787e-4
-1.176, -1.787e-4
-1.175, -1.787e-4
-1.174, -1.787e-4
-1.173, -1.787e-4
-1.172, -1.787e-4
-1.171, -1.817e-4
-1.170, -1.817e-4
-1.169, -1.817e-4
-1.168, -1.787e-4
-1.167, -1.817e-4
-1.166, -1.817e-4
-1.165, -1.817e-4
-1.164, -1.817e-4
-1.163, -1.817e-4
-1.162, -1.817e-4
-1.161, -1.817e-4
-1.160, -1.817e-4
-1.159, -1.817e-4
-1.158, -1.848e-4
-1.157, -1.848e-4
-1.156, -1.848e-4
-1.155, -1.848e-4
-1.154, -1.848e-4
-1.153, -1.848e-4
-1.152, -1.879e-4
-1.151, -1.879e-4
-1.150, -1.879e-4
-1.149, -1.879e-4
-1.148, -1.879e-4
-1.147, -1.879e-4
-1.146, -1.879e-4
-1.145, -1.910e-4
-1.144, -1.879e-4
-1.143, -1.879e-4
-1.142, -1.879e-4
-1.141, -1.879e-4
-1.140, -1.879e-4
-1.139, -1.910e-4
-1.138, -1.910e-4
-1.137, -1.910e-4
-1.136, -1.910e-4
-1.135, -1.910e-4
-1.134, -1.910e-4
-1.133, -1.910e-4
-1.132, -1.910e-4
-1.131, -1.910e-4
-1.130, -1.941e-4
-1.129, -1.941e-4
-1.128, -1.941e-4
-1.127, -1.910e-4
-1.126, -1.941e-4
-1.125, -1.941e-4
-1.124, -1.941e-4
-1.123, -1.941e-4
-1.122, -1.941e-4
-1.121, -1.941e-4
-1.120, -1.941e-4
-1.119, -1.972e-4
-1.118, -1.972e-4
-1.117, -1.972e-4
-1.116, -1.972e-4
-1.115, -1.972e-4
-1.114, -1.972e-4
-1.113, -1.972e-4
-1.112, -2.002e-4
-1.111, -2.002e-4
-1.110, -2.002e-4
-1.109, -1.972e-4
-1.108, -1.972e-4
-1.107, -1.972e-4
-1.106, -2.002e-4
-1.105, -2.002e-4
-1.104, -2.002e-4
-1.103, -2.033e-4
-1.102, -2.002e-4
-1.101, -2.033e-4
-1.100, -2.002e-4
-1.099, -2.033e-4
-1.098, -2.033e-4
-1.097, -2.064e-4
-1.096, -2.033e-4
-1.095, -2.033e-4
-1.094, -2.064e-4
-1.093, -2.033e-4
-1.092, -2.064e-4
-1.091, -2.064e-4
-1.090, -2.064e-4
-1.089, -2.095e-4
-1.088, -2.095e-4
-1.087, -2.095e-4
-1.086, -2.095e-4
-1.085, -2.095e-4
-1.084, -2.095e-4
-1.083, -2.095e-4
-1.082, -2.095e-4
-1.081, -2.126e-4
-1.080, -2.126e-4
-1.079, -2.126e-4
-1.078, -2.126e-4
-1.077, -2.157e-4
-1.076, -2.157e-4
-1.075, -2.157e-4
-1.074, -2.157e-4
-1.073, -2.157e-4
-1.072, -2.187e-4
-1.071, -2.187e-4
-1.070, -2.187e-4
-1.069, -2.187e-4
-1.068, -2.187e-4
-1.067, -2.187e-4
-1.066, -2.187e-4
-1.065, -2.218e-4
-1.064, -2.218e-4
-1.063, -2.218e-4
-1.062, -2.218e-4
-1.061, -2.218e-4
-1.060, -2.249e-4
-1.059, -2.249e-4
-1.058, -2.249e-4
-1.057, -2.280e-4
-1.056, -2.249e-4
-1.055, -2.280e-4
-1.054, -2.280e-4
-1.053, -2.280e-4
-1.052, -2.311e-4
-1.051, -2.280e-4
-1.050, -2.311e-4
-1.049, -2.311e-4
-1.048, -2.311e-4
-1.047, -2.311e-4
-1.046, -2.342e-4
-1.045, -2.342e-4
-1.044, -2.372e-4
-1.043, -2.342e-4
-1.042, -2.342e-4
-1.041, -2.372e-4
-1.040, -2.372e-4
-1.039, -2.372e-4
-1.038, -2.403e-4
-1.037, -2.403e-4
-1.036, -2.403e-4
-1.035, -2.403e-4
-1.034, -2.403e-4
-1.033, -2.434e-4
-1.032, -2.434e-4
-1.031, -2.434e-4
-1.030, -2.465e-4
-1.029, -2.465e-4
-1.028, -2.465e-4
-1.027, -2.465e-4
-1.026, -2.496e-4
-1.025, -2.496e-4
-1.024, -2.496e-4
-1.023, -2.527e-4
-1.022, -2.496e-4
-1.021, -2.527e-4
-1.020, -2.527e-4
-1.019, -2.527e-4
-1.018, -2.557e-4
-1.017, -2.557e-4
-1.016, -2.557e-4
-1.015, -2.557e-4
-1.014, -2.588e-4
-1.013, -2.588e-4
-1.012, -2.588e-4
-1.011, -2.619e-4
-1.010, -2.619e-4
-1.009, -2.619e-4
-1.008, -2.619e-4
-1.007, -2.619e-4
-1.006, -2.650e-4
-1.005, -2.650e-4
-1.004, -2.681e-4
-1.003, -2.681e-4
-1.002, -2.681e-4
-1.001, -2.681e-4
