Sept. 1, 2024   04:22:18
Cyclic Voltammetry
File: c:/users/guazh/data/20240829_batch_215_500/2024-08-29-exp235\exp235-2024-09-01t03_56_41-arkoh\exp235_cv_sr_700mvs_efin_-1900mv.bin
Data Source:  Experiment
Instrument Model:  CHI760E
Header: CV ran at 700 mVs
Note: 

Init E (V) = -1
High E (V) = -1
Low E (V) = -1.9
Final E (V) = -1
Init P/N = N
Scan Rate (V/s) = 0.7
Segment = 3
Sample Interval (V) = 0.001
Quiet Time (sec) = 2
Sensitivity (A/V) = 0.01
Comp R (ohm) = 1.7

Results:

Channel 1:
Segment 1:

Segment 2:

Segment 3:

Potential/V, Current/A

-1.000, 3.239e-6
-1.001, 3.239e-6
-1.002, 3.239e-6
-1.003, 3.239e-6
-1.004, 6.322e-6
-1.005, 3.239e-6
-1.006, 6.322e-6
-1.007, 6.322e-6
-1.008, 6.322e-6
-1.009, 6.322e-6
-1.010, 6.322e-6
-1.011, 6.322e-6
-1.012, 6.322e-6
-1.013, 6.322e-6
-1.014, 6.322e-6
-1.015, 6.322e-6
-1.016, 6.322e-6
-1.017, 6.322e-6
-1.018, 6.322e-6
-1.019, 6.322e-6
-1.020, 6.322e-6
-1.021, 6.322e-6
-1.022, 6.322e-6
-1.023, 6.322e-6
-1.024, 6.322e-6
-1.025, 6.322e-6
-1.026, 6.322e-6
-1.027, 6.322e-6
-1.028, 9.405e-6
-1.029, 9.405e-6
-1.030, 9.405e-6
-1.031, 9.405e-6
-1.032, 6.322e-6
-1.033, 9.405e-6
-1.034, 9.405e-6
-1.035, 9.405e-6
-1.036, 9.405e-6
-1.037, 6.322e-6
-1.038, 6.322e-6
-1.039, 9.405e-6
-1.040, 9.405e-6
-1.041, 9.405e-6
-1.042, 9.405e-6
-1.043, 9.405e-6
-1.044, 9.405e-6
-1.045, 9.405e-6
-1.046, 9.405e-6
-1.047, 9.405e-6
-1.048, 9.405e-6
-1.049, 9.405e-6
-1.050, 9.405e-6
-1.051, 9.405e-6
-1.052, 9.405e-6
-1.053, 9.405e-6
-1.054, 9.405e-6
-1.055, 9.405e-6
-1.056, 9.405e-6
-1.057, 9.405e-6
-1.058, 9.405e-6
-1.059, 9.405e-6
-1.060, 9.405e-6
-1.061, 9.405e-6
-1.062, 9.405e-6
-1.063, 9.405e-6
-1.064, 9.405e-6
-1.065, 9.405e-6
-1.066, 1.249e-5
-1.067, 9.405e-6
-1.068, 9.405e-6
-1.069, 9.405e-6
-1.070, 9.405e-6
-1.071, 9.405e-6
-1.072, 9.405e-6
-1.073, 9.405e-6
-1.074, 9.405e-6
-1.075, 1.249e-5
-1.076, 9.405e-6
-1.077, 9.405e-6
-1.078, 9.405e-6
-1.079, 9.405e-6
-1.080, 9.405e-6
-1.081, 9.405e-6
-1.082, 1.249e-5
-1.083, 9.405e-6
-1.084, 9.405e-6
-1.085, 9.405e-6
-1.086, 1.249e-5
-1.087, 9.405e-6
-1.088, 9.405e-6
-1.089, 1.249e-5
-1.090, 1.249e-5
-1.091, 1.249e-5
-1.092, 1.249e-5
-1.093, 1.249e-5
-1.094, 9.405e-6
-1.095, 1.249e-5
-1.096, 1.249e-5
-1.097, 1.249e-5
-1.098, 9.405e-6
-1.099, 1.249e-5
-1.100, 1.249e-5
-1.101, 1.249e-5
-1.102, 1.249e-5
-1.103, 1.249e-5
-1.104, 1.249e-5
-1.105, 9.405e-6
-1.106, 1.249e-5
-1.107, 1.249e-5
-1.108, 1.249e-5
-1.109, 1.249e-5
-1.110, 1.249e-5
-1.111, 1.249e-5
-1.112, 1.249e-5
-1.113, 1.249e-5
-1.114, 1.249e-5
-1.115, 1.249e-5
-1.116, 1.249e-5
-1.117, 1.249e-5
-1.118, 1.249e-5
-1.119, 1.249e-5
-1.120, 1.249e-5
-1.121, 1.249e-5
-1.122, 1.249e-5
-1.123, 1.249e-5
-1.124, 1.249e-5
-1.125, 1.249e-5
-1.126, 1.249e-5
-1.127, 1.249e-5
-1.128, 1.249e-5
-1.129, 1.249e-5
-1.130, 1.249e-5
-1.131, 1.249e-5
-1.132, 1.249e-5
-1.133, 1.249e-5
-1.134, 1.249e-5
-1.135, 1.249e-5
-1.136, 1.249e-5
-1.137, 1.249e-5
-1.138, 1.249e-5
-1.139, 1.249e-5
-1.140, 1.249e-5
-1.141, 1.249e-5
-1.142, 1.249e-5
-1.143, 1.249e-5
-1.144, 1.249e-5
-1.145, 1.249e-5
-1.146, 1.249e-5
-1.147, 1.249e-5
-1.148, 1.249e-5
-1.149, 1.249e-5
-1.150, 1.249e-5
-1.151, 1.249e-5
-1.152, 1.249e-5
-1.153, 1.249e-5
-1.154, 1.249e-5
-1.155, 1.249e-5
-1.156, 1.249e-5
-1.157, 1.249e-5
-1.158, 1.249e-5
-1.159, 1.557e-5
-1.160, 1.249e-5
-1.161, 1.249e-5
-1.162, 1.249e-5
-1.163, 1.249e-5
-1.164, 1.249e-5
-1.165, 1.249e-5
-1.166, 1.249e-5
-1.167, 1.557e-5
-1.168, 1.557e-5
-1.169, 1.249e-5
-1.170, 1.557e-5
-1.171, 1.557e-5
-1.172, 1.249e-5
-1.173, 1.557e-5
-1.174, 1.557e-5
-1.175, 1.557e-5
-1.176, 1.557e-5
-1.177, 1.249e-5
-1.178, 1.557e-5
-1.179, 1.557e-5
-1.180, 1.557e-5
-1.181, 1.557e-5
-1.182, 1.557e-5
-1.183, 1.557e-5
-1.184, 1.557e-5
-1.185, 1.557e-5
-1.186, 1.557e-5
-1.187, 1.249e-5
-1.188, 1.557e-5
-1.189, 1.557e-5
-1.190, 1.249e-5
-1.191, 1.557e-5
-1.192, 1.557e-5
-1.193, 1.557e-5
-1.194, 1.557e-5
-1.195, 1.557e-5
-1.196, 1.557e-5
-1.197, 1.557e-5
-1.198, 1.557e-5
-1.199, 1.557e-5
-1.200, 1.557e-5
-1.201, 1.557e-5
-1.202, 1.557e-5
-1.203, 1.557e-5
-1.204, 1.557e-5
-1.205, 1.557e-5
-1.206, 1.557e-5
-1.207, 1.557e-5
-1.208, 1.557e-5
-1.209, 1.557e-5
-1.210, 1.557e-5
-1.211, 1.557e-5
-1.212, 1.557e-5
-1.213, 1.557e-5
-1.214, 1.557e-5
-1.215, 1.557e-5
-1.216, 1.557e-5
-1.217, 1.557e-5
-1.218, 1.557e-5
-1.219, 1.557e-5
-1.220, 1.557e-5
-1.221, 1.557e-5
-1.222, 1.557e-5
-1.223, 1.557e-5
-1.224, 1.557e-5
-1.225, 1.557e-5
-1.226, 1.557e-5
-1.227, 1.557e-5
-1.228, 1.557e-5
-1.229, 1.557e-5
-1.230, 1.557e-5
-1.231, 1.557e-5
-1.232, 1.557e-5
-1.233, 1.557e-5
-1.234, 1.557e-5
-1.235, 1.557e-5
-1.236, 1.865e-5
-1.237, 1.557e-5
-1.238, 1.557e-5
-1.239, 1.557e-5
-1.240, 1.557e-5
-1.241, 1.865e-5
-1.242, 1.557e-5
-1.243, 1.557e-5
-1.244, 1.557e-5
-1.245, 1.865e-5
-1.246, 1.865e-5
-1.247, 1.865e-5
-1.248, 1.557e-5
-1.249, 1.557e-5
-1.250, 1.865e-5
-1.251, 1.557e-5
-1.252, 1.865e-5
-1.253, 1.865e-5
-1.254, 1.865e-5
-1.255, 1.865e-5
-1.256, 1.865e-5
-1.257, 1.865e-5
-1.258, 1.865e-5
-1.259, 1.865e-5
-1.260, 1.557e-5
-1.261, 1.865e-5
-1.262, 1.865e-5
-1.263, 1.865e-5
-1.264, 1.865e-5
-1.265, 1.865e-5
-1.266, 1.865e-5
-1.267, 1.865e-5
-1.268, 1.865e-5
-1.269, 1.865e-5
-1.270, 1.865e-5
-1.271, 1.865e-5
-1.272, 1.865e-5
-1.273, 1.865e-5
-1.274, 1.865e-5
-1.275, 1.865e-5
-1.276, 1.865e-5
-1.277, 1.865e-5
-1.278, 1.865e-5
-1.279, 1.865e-5
-1.280, 1.865e-5
-1.281, 1.865e-5
-1.282, 1.865e-5
-1.283, 1.865e-5
-1.284, 1.865e-5
-1.285, 1.865e-5
-1.286, 1.865e-5
-1.287, 1.865e-5
-1.288, 1.865e-5
-1.289, 1.865e-5
-1.290, 1.865e-5
-1.291, 1.865e-5
-1.292, 1.865e-5
-1.293, 2.174e-5
-1.294, 1.865e-5
-1.295, 1.865e-5
-1.296, 1.865e-5
-1.297, 1.865e-5
-1.298, 2.174e-5
-1.299, 2.174e-5
-1.300, 2.174e-5
-1.301, 2.174e-5
-1.302, 2.174e-5
-1.303, 1.865e-5
-1.304, 2.174e-5
-1.305, 2.174e-5
-1.306, 2.174e-5
-1.307, 2.174e-5
-1.308, 2.174e-5
-1.309, 2.174e-5
-1.310, 2.174e-5
-1.311, 2.174e-5
-1.312, 2.174e-5
-1.313, 2.174e-5
-1.314, 2.174e-5
-1.315, 2.174e-5
-1.316, 2.174e-5
-1.317, 2.174e-5
-1.318, 2.174e-5
-1.319, 2.174e-5
-1.320, 2.174e-5
-1.321, 2.174e-5
-1.322, 2.174e-5
-1.323, 2.174e-5
-1.324, 2.174e-5
-1.325, 2.174e-5
-1.326, 2.174e-5
-1.327, 2.174e-5
-1.328, 2.174e-5
-1.329, 2.174e-5
-1.330, 2.174e-5
-1.331, 2.174e-5
-1.332, 2.174e-5
-1.333, 2.482e-5
-1.334, 2.482e-5
-1.335, 2.482e-5
-1.336, 2.174e-5
-1.337, 2.482e-5
-1.338, 2.482e-5
-1.339, 2.482e-5
-1.340, 2.482e-5
-1.341, 2.482e-5
-1.342, 2.482e-5
-1.343, 2.482e-5
-1.344, 2.482e-5
-1.345, 2.482e-5
-1.346, 2.482e-5
-1.347, 2.482e-5
-1.348, 2.482e-5
-1.349, 2.482e-5
-1.350, 2.482e-5
-1.351, 2.482e-5
-1.352, 2.482e-5
-1.353, 2.482e-5
-1.354, 2.482e-5
-1.355, 2.482e-5
-1.356, 2.482e-5
-1.357, 2.482e-5
-1.358, 2.482e-5
-1.359, 2.790e-5
-1.360, 2.482e-5
-1.361, 2.790e-5
-1.362, 2.482e-5
-1.363, 2.790e-5
-1.364, 2.790e-5
-1.365, 2.790e-5
-1.366, 2.790e-5
-1.367, 2.790e-5
-1.368, 2.790e-5
-1.369, 2.790e-5
-1.370, 2.790e-5
-1.371, 2.790e-5
-1.372, 2.790e-5
-1.373, 2.790e-5
-1.374, 2.790e-5
-1.375, 2.790e-5
-1.376, 2.790e-5
-1.377, 2.790e-5
-1.378, 2.790e-5
-1.379, 3.099e-5
-1.380, 2.790e-5
-1.381, 2.790e-5
-1.382, 2.790e-5
-1.383, 2.790e-5
-1.384, 3.099e-5
-1.385, 3.099e-5
-1.386, 3.099e-5
-1.387, 3.099e-5
-1.388, 3.099e-5
-1.389, 3.099e-5
-1.390, 3.099e-5
-1.391, 3.099e-5
-1.392, 3.099e-5
-1.393, 3.099e-5
-1.394, 3.099e-5
-1.395, 3.099e-5
-1.396, 3.099e-5
-1.397, 3.099e-5
-1.398, 3.099e-5
-1.399, 3.099e-5
-1.400, 3.099e-5
-1.401, 3.099e-5
-1.402, 3.407e-5
-1.403, 3.407e-5
-1.404, 3.407e-5
-1.405, 3.407e-5
-1.406, 3.407e-5
-1.407, 3.407e-5
-1.408, 3.407e-5
-1.409, 3.407e-5
-1.410, 3.407e-5
-1.411, 3.407e-5
-1.412, 3.407e-5
-1.413, 3.407e-5
-1.414, 3.407e-5
-1.415, 3.407e-5
-1.416, 3.407e-5
-1.417, 3.407e-5
-1.418, 3.407e-5
-1.419, 3.407e-5
-1.420, 3.715e-5
-1.421, 3.407e-5
-1.422, 3.715e-5
-1.423, 3.715e-5
-1.424, 3.407e-5
-1.425, 3.715e-5
-1.426, 3.715e-5
-1.427, 3.715e-5
-1.428, 3.715e-5
-1.429, 3.715e-5
-1.430, 3.715e-5
-1.431, 3.715e-5
-1.432, 3.715e-5
-1.433, 3.715e-5
-1.434, 3.715e-5
-1.435, 3.715e-5
-1.436, 4.024e-5
-1.437, 3.715e-5
-1.438, 4.024e-5
-1.439, 4.024e-5
-1.440, 4.024e-5
-1.441, 4.024e-5
-1.442, 4.024e-5
-1.443, 4.024e-5
-1.444, 4.024e-5
-1.445, 4.024e-5
-1.446, 4.024e-5
-1.447, 4.024e-5
-1.448, 4.024e-5
-1.449, 4.024e-5
-1.450, 4.024e-5
-1.451, 4.024e-5
-1.452, 4.332e-5
-1.453, 4.332e-5
-1.454, 4.332e-5
-1.455, 4.332e-5
-1.456, 4.332e-5
-1.457, 4.332e-5
-1.458, 4.332e-5
-1.459, 4.332e-5
-1.460, 4.332e-5
-1.461, 4.332e-5
-1.462, 4.332e-5
-1.463, 4.332e-5
-1.464, 4.332e-5
-1.465, 4.640e-5
-1.466, 4.640e-5
-1.467, 4.640e-5
-1.468, 4.640e-5
-1.469, 4.640e-5
-1.470, 4.640e-5
-1.471, 4.640e-5
-1.472, 4.640e-5
-1.473, 4.640e-5
-1.474, 4.640e-5
-1.475, 4.949e-5
-1.476, 4.640e-5
-1.477, 4.949e-5
-1.478, 4.640e-5
-1.479, 4.949e-5
-1.480, 4.640e-5
-1.481, 4.949e-5
-1.482, 4.949e-5
-1.483, 4.949e-5
-1.484, 4.949e-5
-1.485, 4.949e-5
-1.486, 4.949e-5
-1.487, 4.949e-5
-1.488, 5.257e-5
-1.489, 5.257e-5
-1.490, 5.257e-5
-1.491, 5.257e-5
-1.492, 5.257e-5
-1.493, 5.257e-5
-1.494, 5.257e-5
-1.495, 5.257e-5
-1.496, 5.257e-5
-1.497, 5.257e-5
-1.498, 5.257e-5
-1.499, 5.565e-5
-1.500, 5.565e-5
-1.501, 5.257e-5
-1.502, 5.257e-5
-1.503, 5.565e-5
-1.504, 5.565e-5
-1.505, 5.565e-5
-1.506, 5.565e-5
-1.507, 5.565e-5
-1.508, 5.873e-5
-1.509, 5.873e-5
-1.510, 5.873e-5
-1.511, 5.873e-5
-1.512, 5.873e-5
-1.513, 5.873e-5
-1.514, 5.873e-5
-1.515, 5.873e-5
-1.516, 5.873e-5
-1.517, 5.873e-5
-1.518, 5.873e-5
-1.519, 5.873e-5
-1.520, 6.182e-5
-1.521, 6.182e-5
-1.522, 6.182e-5
-1.523, 6.182e-5
-1.524, 6.182e-5
-1.525, 6.182e-5
-1.526, 6.182e-5
-1.527, 6.182e-5
-1.528, 6.182e-5
-1.529, 6.490e-5
-1.530, 6.490e-5
-1.531, 6.490e-5
-1.532, 6.490e-5
-1.533, 6.490e-5
-1.534, 6.490e-5
-1.535, 6.490e-5
-1.536, 6.490e-5
-1.537, 6.490e-5
-1.538, 6.798e-5
-1.539, 6.798e-5
-1.540, 6.798e-5
-1.541, 6.798e-5
-1.542, 6.798e-5
-1.543, 6.798e-5
-1.544, 6.798e-5
-1.545, 7.107e-5
-1.546, 7.107e-5
-1.547, 7.107e-5
-1.548, 7.107e-5
-1.549, 7.107e-5
-1.550, 7.107e-5
-1.551, 7.107e-5
-1.552, 7.107e-5
-1.553, 7.107e-5
-1.554, 7.415e-5
-1.555, 7.415e-5
-1.556, 7.415e-5
-1.557, 7.723e-5
-1.558, 7.415e-5
-1.559, 7.723e-5
-1.560, 7.723e-5
-1.561, 7.723e-5
-1.562, 7.723e-5
-1.563, 7.723e-5
-1.564, 8.032e-5
-1.565, 8.032e-5
-1.566, 8.032e-5
-1.567, 8.032e-5
-1.568, 8.032e-5
-1.569, 8.032e-5
-1.570, 8.032e-5
-1.571, 8.032e-5
-1.572, 8.340e-5
-1.573, 8.340e-5
-1.574, 8.340e-5
-1.575, 8.340e-5
-1.576, 8.340e-5
-1.577, 8.648e-5
-1.578, 8.648e-5
-1.579, 8.648e-5
-1.580, 8.648e-5
-1.581, 8.648e-5
-1.582, 8.648e-5
-1.583, 8.648e-5
-1.584, 8.957e-5
-1.585, 8.957e-5
-1.586, 8.957e-5
-1.587, 8.957e-5
-1.588, 9.265e-5
-1.589, 9.265e-5
-1.590, 9.265e-5
-1.591, 9.265e-5
-1.592, 9.265e-5
-1.593, 9.573e-5
-1.594, 9.573e-5
-1.595, 9.573e-5
-1.596, 9.573e-5
-1.597, 9.573e-5
-1.598, 9.573e-5
-1.599, 9.882e-5
-1.600, 9.882e-5
-1.601, 9.882e-5
-1.602, 1.019e-4
-1.603, 9.882e-5
-1.604, 1.019e-4
-1.605, 1.019e-4
-1.606, 1.050e-4
-1.607, 1.050e-4
-1.608, 1.050e-4
-1.609, 1.050e-4
-1.610, 1.081e-4
-1.611, 1.081e-4
-1.612, 1.081e-4
-1.613, 1.081e-4
-1.614, 1.111e-4
-1.615, 1.111e-4
-1.616, 1.111e-4
-1.617, 1.111e-4
-1.618, 1.142e-4
-1.619, 1.142e-4
-1.620, 1.142e-4
-1.621, 1.173e-4
-1.622, 1.173e-4
-1.623, 1.173e-4
-1.624, 1.173e-4
-1.625, 1.204e-4
-1.626, 1.204e-4
-1.627, 1.204e-4
-1.628, 1.235e-4
-1.629, 1.235e-4
-1.630, 1.235e-4
-1.631, 1.266e-4
-1.632, 1.266e-4
-1.633, 1.266e-4
-1.634, 1.296e-4
-1.635, 1.296e-4
-1.636, 1.296e-4
-1.637, 1.327e-4
-1.638, 1.327e-4
-1.639, 1.358e-4
-1.640, 1.358e-4
-1.641, 1.358e-4
-1.642, 1.389e-4
-1.643, 1.389e-4
-1.644, 1.420e-4
-1.645, 1.420e-4
-1.646, 1.451e-4
-1.647, 1.451e-4
-1.648, 1.481e-4
-1.649, 1.481e-4
-1.650, 1.481e-4
-1.651, 1.512e-4
-1.652, 1.512e-4
-1.653, 1.543e-4
-1.654, 1.574e-4
-1.655, 1.574e-4
-1.656, 1.574e-4
-1.657, 1.605e-4
-1.658, 1.605e-4
-1.659, 1.636e-4
-1.660, 1.636e-4
-1.661, 1.666e-4
-1.662, 1.666e-4
-1.663, 1.697e-4
-1.664, 1.728e-4
-1.665, 1.728e-4
-1.666, 1.759e-4
-1.667, 1.759e-4
-1.668, 1.790e-4
-1.669, 1.821e-4
-1.670, 1.821e-4
-1.671, 1.851e-4
-1.672, 1.882e-4
-1.673, 1.882e-4
-1.674, 1.913e-4
-1.675, 1.944e-4
-1.676, 1.944e-4
-1.677, 1.975e-4
-1.678, 2.006e-4
-1.679, 2.036e-4
-1.680, 2.036e-4
-1.681, 2.067e-4
-1.682, 2.098e-4
-1.683, 2.098e-4
-1.684, 2.160e-4
-1.685, 2.160e-4
-1.686, 2.191e-4
-1.687, 2.221e-4
-1.688, 2.252e-4
-1.689, 2.283e-4
-1.690, 2.314e-4
-1.691, 2.345e-4
-1.692, 2.345e-4
-1.693, 2.406e-4
-1.694, 2.406e-4
-1.695, 2.468e-4
-1.696, 2.499e-4
-1.697, 2.530e-4
-1.698, 2.561e-4
-1.699, 2.591e-4
-1.700, 2.622e-4
-1.701, 2.653e-4
-1.702, 2.684e-4
-1.703, 2.715e-4
-1.704, 2.746e-4
-1.705, 2.807e-4
-1.706, 2.838e-4
-1.707, 2.869e-4
-1.708, 2.931e-4
-1.709, 2.961e-4
-1.710, 2.992e-4
-1.711, 3.054e-4
-1.712, 3.085e-4
-1.713, 3.146e-4
-1.714, 3.177e-4
-1.715, 3.239e-4
-1.716, 3.270e-4
-1.717, 3.331e-4
-1.718, 3.393e-4
-1.719, 3.455e-4
-1.720, 3.485e-4
-1.721, 3.547e-4
-1.722, 3.609e-4
-1.723, 3.640e-4
-1.724, 3.701e-4
-1.725, 3.763e-4
-1.726, 3.825e-4
-1.727, 3.886e-4
-1.728, 3.948e-4
-1.729, 4.010e-4
-1.730, 4.071e-4
-1.731, 4.133e-4
-1.732, 4.195e-4
-1.733, 4.256e-4
-1.734, 4.349e-4
-1.735, 4.410e-4
-1.736, 4.503e-4
-1.737, 4.565e-4
-1.738, 4.626e-4
-1.739, 4.719e-4
-1.740, 4.811e-4
-1.741, 4.904e-4
-1.742, 4.996e-4
-1.743, 5.089e-4
-1.744, 5.150e-4
-1.745, 5.243e-4
-1.746, 5.335e-4
-1.747, 5.428e-4
-1.748, 5.551e-4
-1.749, 5.644e-4
-1.750, 5.736e-4
-1.751, 5.859e-4
-1.752, 5.952e-4
-1.753, 6.075e-4
-1.754, 6.168e-4
-1.755, 6.291e-4
-1.756, 6.414e-4
-1.757, 6.538e-4
-1.758, 6.661e-4
-1.759, 6.784e-4
-1.760, 6.877e-4
-1.761, 7.031e-4
-1.762, 7.154e-4
-1.763, 7.278e-4
-1.764, 7.432e-4
-1.765, 7.586e-4
-1.766, 7.740e-4
-1.767, 7.863e-4
-1.768, 8.048e-4
-1.769, 8.203e-4
-1.770, 8.388e-4
-1.771, 8.542e-4
-1.772, 8.727e-4
-1.773, 8.881e-4
-1.774, 9.066e-4
-1.775, 9.251e-4
-1.776, 9.467e-4
-1.777, 9.683e-4
-1.778, 9.868e-4
-1.779, 1.008e-3
-1.780, 1.027e-3
-1.781, 1.048e-3
-1.782, 1.070e-3
-1.783, 1.092e-3
-1.784, 1.116e-3
-1.785, 1.138e-3
-1.786, 1.166e-3
-1.787, 1.187e-3
-1.788, 1.212e-3
-1.789, 1.236e-3
-1.790, 1.264e-3
-1.791, 1.289e-3
-1.792, 1.317e-3
-1.793, 1.344e-3
-1.794, 1.375e-3
-1.795, 1.400e-3
-1.796, 1.431e-3
-1.797, 1.462e-3
-1.798, 1.489e-3
-1.799, 1.523e-3
-1.800, 1.557e-3
-1.801, 1.591e-3
-1.802, 1.625e-3
-1.803, 1.659e-3
-1.804, 1.696e-3
-1.805, 1.730e-3
-1.806, 1.767e-3
-1.807, 1.804e-3
-1.808, 1.838e-3
-1.809, 1.878e-3
-1.810, 1.915e-3
-1.811, 1.955e-3
-1.812, 1.992e-3
-1.813, 2.032e-3
-1.814, 2.075e-3
-1.815, 2.115e-3
-1.816, 2.158e-3
-1.817, 2.198e-3
-1.818, 2.245e-3
-1.819, 2.288e-3
-1.820, 2.337e-3
-1.821, 2.383e-3
-1.822, 2.436e-3
-1.823, 2.485e-3
-1.824, 2.531e-3
-1.825, 2.584e-3
-1.826, 2.636e-3
-1.827, 2.692e-3
-1.828, 2.744e-3
-1.829, 2.800e-3
-1.830, 2.852e-3
-1.831, 2.908e-3
-1.832, 2.969e-3
-1.833, 3.025e-3
-1.834, 3.080e-3
-1.835, 3.133e-3
-1.836, 3.191e-3
-1.837, 3.247e-3
-1.838, 3.305e-3
-1.839, 3.367e-3
-1.840, 3.429e-3
-1.841, 3.487e-3
-1.842, 3.549e-3
-1.843, 3.607e-3
-1.844, 3.672e-3
-1.845, 3.737e-3
-1.846, 3.805e-3
-1.847, 3.869e-3
-1.848, 3.934e-3
-1.849, 3.999e-3
-1.850, 4.064e-3
-1.851, 4.132e-3
-1.852, 4.190e-3
-1.853, 4.249e-3
-1.854, 4.301e-3
-1.855, 4.344e-3
-1.856, 4.387e-3
-1.857, 4.437e-3
-1.858, 4.489e-3
-1.859, 4.545e-3
-1.860, 4.597e-3
-1.861, 4.662e-3
-1.862, 4.723e-3
-1.863, 4.782e-3
-1.864, 4.844e-3
-1.865, 4.902e-3
-1.866, 4.973e-3
-1.867, 5.029e-3
-1.868, 5.090e-3
-1.869, 5.161e-3
-1.870, 5.235e-3
-1.871, 5.306e-3
-1.872, 5.374e-3
-1.873, 5.445e-3
-1.874, 5.519e-3
-1.875, 5.599e-3
-1.876, 5.679e-3
-1.877, 5.756e-3
-1.878, 5.827e-3
-1.879, 5.895e-3
-1.880, 5.966e-3
-1.881, 6.037e-3
-1.882, 6.117e-3
-1.883, 6.188e-3
-1.884, 6.262e-3
-1.885, 6.342e-3
-1.886, 6.419e-3
-1.887, 6.499e-3
-1.888, 6.580e-3
-1.889, 6.666e-3
-1.890, 6.755e-3
-1.891, 6.851e-3
-1.892, 6.946e-3
-1.893, 7.045e-3
-1.894, 7.150e-3
-1.895, 7.258e-3
-1.896, 7.363e-3
-1.897, 7.464e-3
-1.898, 7.566e-3
-1.899, 7.671e-3
-1.900, 7.733e-3
-1.899, 7.720e-3
-1.898, 7.696e-3
-1.897, 7.671e-3
-1.896, 7.640e-3
-1.895, 7.597e-3
-1.894, 7.563e-3
-1.893, 7.520e-3
-1.892, 7.471e-3
-1.891, 7.427e-3
-1.890, 7.375e-3
-1.889, 7.326e-3
-1.888, 7.276e-3
-1.887, 7.227e-3
-1.886, 7.178e-3
-1.885, 7.131e-3
-1.884, 7.085e-3
-1.883, 7.036e-3
-1.882, 6.990e-3
-1.881, 6.940e-3
-1.880, 6.891e-3
-1.879, 6.848e-3
-1.878, 6.798e-3
-1.877, 6.755e-3
-1.876, 6.706e-3
-1.875, 6.660e-3
-1.874, 6.613e-3
-1.873, 6.564e-3
-1.872, 6.521e-3
-1.871, 6.472e-3
-1.870, 6.419e-3
-1.869, 6.373e-3
-1.868, 6.321e-3
-1.867, 6.268e-3
-1.866, 6.219e-3
-1.865, 6.166e-3
-1.864, 6.120e-3
-1.863, 6.068e-3
-1.862, 6.018e-3
-1.861, 5.969e-3
-1.860, 5.917e-3
-1.859, 5.867e-3
-1.858, 5.818e-3
-1.857, 5.769e-3
-1.856, 5.716e-3
-1.855, 5.667e-3
-1.854, 5.614e-3
-1.853, 5.565e-3
-1.852, 5.513e-3
-1.851, 5.460e-3
-1.850, 5.408e-3
-1.849, 5.356e-3
-1.848, 5.306e-3
-1.847, 5.257e-3
-1.846, 5.208e-3
-1.845, 5.155e-3
-1.844, 5.106e-3
-1.843, 5.056e-3
-1.842, 5.007e-3
-1.841, 4.964e-3
-1.840, 4.918e-3
-1.839, 4.875e-3
-1.838, 4.828e-3
-1.837, 4.779e-3
-1.836, 4.730e-3
-1.835, 4.686e-3
-1.834, 4.643e-3
-1.833, 4.597e-3
-1.832, 4.551e-3
-1.831, 4.508e-3
-1.830, 4.458e-3
-1.829, 4.412e-3
-1.828, 4.366e-3
-1.827, 4.320e-3
-1.826, 4.270e-3
-1.825, 4.221e-3
-1.824, 4.175e-3
-1.823, 4.125e-3
-1.822, 4.076e-3
-1.821, 4.030e-3
-1.820, 3.980e-3
-1.819, 3.934e-3
-1.818, 3.888e-3
-1.817, 3.842e-3
-1.816, 3.799e-3
-1.815, 3.758e-3
-1.814, 3.718e-3
-1.813, 3.678e-3
-1.812, 3.638e-3
-1.811, 3.598e-3
-1.810, 3.561e-3
-1.809, 3.521e-3
-1.808, 3.481e-3
-1.807, 3.444e-3
-1.806, 3.407e-3
-1.805, 3.367e-3
-1.804, 3.327e-3
-1.803, 3.287e-3
-1.802, 3.244e-3
-1.801, 3.204e-3
-1.800, 3.167e-3
-1.799, 3.126e-3
-1.798, 3.089e-3
-1.797, 3.049e-3
-1.796, 3.009e-3
-1.795, 2.975e-3
-1.794, 2.941e-3
-1.793, 2.904e-3
-1.792, 2.864e-3
-1.791, 2.830e-3
-1.790, 2.797e-3
-1.789, 2.763e-3
-1.788, 2.726e-3
-1.787, 2.692e-3
-1.786, 2.658e-3
-1.785, 2.624e-3
-1.784, 2.590e-3
-1.783, 2.556e-3
-1.782, 2.519e-3
-1.781, 2.485e-3
-1.780, 2.451e-3
-1.779, 2.417e-3
-1.778, 2.380e-3
-1.777, 2.346e-3
-1.776, 2.316e-3
-1.775, 2.285e-3
-1.774, 2.251e-3
-1.773, 2.223e-3
-1.772, 2.189e-3
-1.771, 2.158e-3
-1.770, 2.128e-3
-1.769, 2.094e-3
-1.768, 2.066e-3
-1.767, 2.035e-3
-1.766, 2.007e-3
-1.765, 1.976e-3
-1.764, 1.949e-3
-1.763, 1.921e-3
-1.762, 1.890e-3
-1.761, 1.859e-3
-1.760, 1.835e-3
-1.759, 1.810e-3
-1.758, 1.782e-3
-1.757, 1.754e-3
-1.756, 1.727e-3
-1.755, 1.702e-3
-1.754, 1.674e-3
-1.753, 1.650e-3
-1.752, 1.622e-3
-1.751, 1.597e-3
-1.750, 1.573e-3
-1.749, 1.548e-3
-1.748, 1.523e-3
-1.747, 1.499e-3
-1.746, 1.474e-3
-1.745, 1.449e-3
-1.744, 1.428e-3
-1.743, 1.406e-3
-1.742, 1.381e-3
-1.741, 1.360e-3
-1.740, 1.338e-3
-1.739, 1.317e-3
-1.738, 1.295e-3
-1.737, 1.277e-3
-1.736, 1.255e-3
-1.735, 1.233e-3
-1.734, 1.215e-3
-1.733, 1.196e-3
-1.732, 1.178e-3
-1.731, 1.156e-3
-1.730, 1.138e-3
-1.729, 1.119e-3
-1.728, 1.101e-3
-1.727, 1.082e-3
-1.726, 1.064e-3
-1.725, 1.045e-3
-1.724, 1.027e-3
-1.723, 1.011e-3
-1.722, 9.929e-4
-1.721, 9.775e-4
-1.720, 9.590e-4
-1.719, 9.436e-4
-1.718, 9.282e-4
-1.717, 9.128e-4
-1.716, 8.973e-4
-1.715, 8.819e-4
-1.714, 8.665e-4
-1.713, 8.511e-4
-1.712, 8.388e-4
-1.711, 8.233e-4
-1.710, 8.110e-4
-1.709, 7.956e-4
-1.708, 7.833e-4
-1.707, 7.679e-4
-1.706, 7.555e-4
-1.705, 7.432e-4
-1.704, 7.278e-4
-1.703, 7.154e-4
-1.702, 7.031e-4
-1.701, 6.939e-4
-1.700, 6.815e-4
-1.699, 6.692e-4
-1.698, 6.569e-4
-1.697, 6.445e-4
-1.696, 6.353e-4
-1.695, 6.229e-4
-1.694, 6.106e-4
-1.693, 6.014e-4
-1.692, 5.921e-4
-1.691, 5.829e-4
-1.690, 5.705e-4
-1.689, 5.613e-4
-1.688, 5.489e-4
-1.687, 5.397e-4
-1.686, 5.305e-4
-1.685, 5.212e-4
-1.684, 5.120e-4
-1.683, 5.027e-4
-1.682, 4.935e-4
-1.681, 4.842e-4
-1.680, 4.780e-4
-1.679, 4.688e-4
-1.678, 4.626e-4
-1.677, 4.534e-4
-1.676, 4.441e-4
-1.675, 4.349e-4
-1.674, 4.287e-4
-1.673, 4.225e-4
-1.672, 4.164e-4
-1.671, 4.071e-4
-1.670, 4.010e-4
-1.669, 3.948e-4
-1.668, 3.855e-4
-1.667, 3.794e-4
-1.666, 3.732e-4
-1.665, 3.670e-4
-1.664, 3.578e-4
-1.663, 3.516e-4
-1.662, 3.455e-4
-1.661, 3.424e-4
-1.660, 3.362e-4
-1.659, 3.270e-4
-1.658, 3.208e-4
-1.657, 3.177e-4
-1.656, 3.115e-4
-1.655, 3.054e-4
-1.654, 3.023e-4
-1.653, 2.961e-4
-1.652, 2.900e-4
-1.651, 2.838e-4
-1.650, 2.807e-4
-1.649, 2.746e-4
-1.648, 2.715e-4
-1.647, 2.653e-4
-1.646, 2.591e-4
-1.645, 2.561e-4
-1.644, 2.530e-4
-1.643, 2.468e-4
-1.642, 2.437e-4
-1.641, 2.376e-4
-1.640, 2.345e-4
-1.639, 2.314e-4
-1.638, 2.252e-4
-1.637, 2.221e-4
-1.636, 2.160e-4
-1.635, 2.160e-4
-1.634, 2.098e-4
-1.633, 2.067e-4
-1.632, 2.036e-4
-1.631, 1.975e-4
-1.630, 1.975e-4
-1.629, 1.944e-4
-1.628, 1.882e-4
-1.627, 1.851e-4
-1.626, 1.821e-4
-1.625, 1.790e-4
-1.624, 1.759e-4
-1.623, 1.728e-4
-1.622, 1.697e-4
-1.621, 1.666e-4
-1.620, 1.636e-4
-1.619, 1.636e-4
-1.618, 1.574e-4
-1.617, 1.574e-4
-1.616, 1.543e-4
-1.615, 1.512e-4
-1.614, 1.481e-4
-1.613, 1.451e-4
-1.612, 1.420e-4
-1.611, 1.389e-4
-1.610, 1.389e-4
-1.609, 1.358e-4
-1.608, 1.327e-4
-1.607, 1.296e-4
-1.606, 1.296e-4
-1.605, 1.266e-4
-1.604, 1.235e-4
-1.603, 1.235e-4
-1.602, 1.204e-4
-1.601, 1.173e-4
-1.600, 1.173e-4
-1.599, 1.142e-4
-1.598, 1.142e-4
-1.597, 1.111e-4
-1.596, 1.081e-4
-1.595, 1.050e-4
-1.594, 1.050e-4
-1.593, 1.019e-4
-1.592, 1.019e-4
-1.591, 9.882e-5
-1.590, 9.882e-5
-1.589, 9.573e-5
-1.588, 9.573e-5
-1.587, 9.265e-5
-1.586, 9.265e-5
-1.585, 8.957e-5
-1.584, 8.648e-5
-1.583, 8.648e-5
-1.582, 8.648e-5
-1.581, 8.340e-5
-1.580, 8.340e-5
-1.579, 8.032e-5
-1.578, 8.032e-5
-1.577, 8.032e-5
-1.576, 7.723e-5
-1.575, 7.723e-5
-1.574, 7.415e-5
-1.573, 7.415e-5
-1.572, 7.107e-5
-1.571, 7.107e-5
-1.570, 6.798e-5
-1.569, 6.798e-5
-1.568, 6.798e-5
-1.567, 6.490e-5
-1.566, 6.490e-5
-1.565, 6.490e-5
-1.564, 6.182e-5
-1.563, 6.182e-5
-1.562, 6.182e-5
-1.561, 5.873e-5
-1.560, 5.873e-5
-1.559, 5.873e-5
-1.558, 5.565e-5
-1.557, 5.565e-5
-1.556, 5.565e-5
-1.555, 5.257e-5
-1.554, 5.257e-5
-1.553, 5.257e-5
-1.552, 4.949e-5
-1.551, 5.257e-5
-1.550, 4.949e-5
-1.549, 4.949e-5
-1.548, 4.949e-5
-1.547, 4.640e-5
-1.546, 4.640e-5
-1.545, 4.332e-5
-1.544, 4.332e-5
-1.543, 4.332e-5
-1.542, 4.332e-5
-1.541, 4.332e-5
-1.540, 4.024e-5
-1.539, 4.024e-5
-1.538, 4.024e-5
-1.537, 4.024e-5
-1.536, 4.024e-5
-1.535, 3.715e-5
-1.534, 3.715e-5
-1.533, 3.407e-5
-1.532, 3.715e-5
-1.531, 3.407e-5
-1.530, 3.407e-5
-1.529, 3.407e-5
-1.528, 3.407e-5
-1.527, 3.099e-5
-1.526, 3.407e-5
-1.525, 3.099e-5
-1.524, 3.099e-5
-1.523, 3.099e-5
-1.522, 2.790e-5
-1.521, 2.790e-5
-1.520, 2.790e-5
-1.519, 2.790e-5
-1.518, 2.790e-5
-1.517, 2.790e-5
-1.516, 2.790e-5
-1.515, 2.482e-5
-1.514, 2.482e-5
-1.513, 2.482e-5
-1.512, 2.482e-5
-1.511, 2.482e-5
-1.510, 2.482e-5
-1.509, 2.174e-5
-1.508, 2.174e-5
-1.507, 2.174e-5
-1.506, 2.174e-5
-1.505, 2.174e-5
-1.504, 2.174e-5
-1.503, 2.174e-5
-1.502, 1.865e-5
-1.501, 1.865e-5
-1.500, 1.865e-5
-1.499, 1.865e-5
-1.498, 1.865e-5
-1.497, 1.865e-5
-1.496, 1.865e-5
-1.495, 1.557e-5
-1.494, 1.557e-5
-1.493, 1.557e-5
-1.492, 1.557e-5
-1.491, 1.557e-5
-1.490, 1.557e-5
-1.489, 1.557e-5
-1.488, 1.557e-5
-1.487, 1.557e-5
-1.486, 1.249e-5
-1.485, 1.249e-5
-1.484, 1.249e-5
-1.483, 1.249e-5
-1.482, 1.249e-5
-1.481, 1.249e-5
-1.480, 1.249e-5
-1.479, 9.405e-6
-1.478, 9.405e-6
-1.477, 9.405e-6
-1.476, 9.405e-6
-1.475, 9.405e-6
-1.474, 9.405e-6
-1.473, 9.405e-6
-1.472, 9.405e-6
-1.471, 9.405e-6
-1.470, 9.405e-6
-1.469, 9.405e-6
-1.468, 6.322e-6
-1.467, 6.322e-6
-1.466, 6.322e-6
-1.465, 6.322e-6
-1.464, 6.322e-6
-1.463, 6.322e-6
-1.462, 6.322e-6
-1.461, 6.322e-6
-1.460, 6.322e-6
-1.459, 6.322e-6
-1.458, 6.322e-6
-1.457, 6.322e-6
-1.456, 3.239e-6
-1.455, 6.322e-6
-1.454, 3.239e-6
-1.453, 3.239e-6
-1.452, 3.239e-6
-1.451, 3.239e-6
-1.450, 3.239e-6
-1.449, 3.239e-6
-1.448, 3.239e-6
-1.447, 3.239e-6
-1.446, 3.239e-6
-1.445, 3.239e-6
-1.444, 3.239e-6
-1.443, 3.239e-6
-1.442, 3.239e-6
-1.441, 1.559e-7
-1.440, 3.239e-6
-1.439, 3.239e-6
-1.438, 1.559e-7
-1.437, 1.559e-7
-1.436, 1.559e-7
-1.435, 1.559e-7
-1.434, 1.559e-7
-1.433, 1.559e-7
-1.432, 1.559e-7
-1.431, 1.559e-7
-1.430, 1.559e-7
-1.429, 1.559e-7
-1.428, 1.559e-7
-1.427, 1.559e-7
-1.426, 1.559e-7
-1.425, -2.927e-6
-1.424, 1.559e-7
-1.423, 1.559e-7
-1.422, -2.927e-6
-1.421, 1.559e-7
-1.420, -2.927e-6
-1.419, -2.927e-6
-1.418, -2.927e-6
-1.417, -2.927e-6
-1.416, -2.927e-6
-1.415, -2.927e-6
-1.414, -2.927e-6
-1.413, -2.927e-6
-1.412, -2.927e-6
-1.411, -2.927e-6
-1.410, -2.927e-6
-1.409, -2.927e-6
-1.408, -2.927e-6
-1.407, -2.927e-6
-1.406, -2.927e-6
-1.405, -2.927e-6
-1.404, -2.927e-6
-1.403, -2.927e-6
-1.402, -2.927e-6
-1.401, -2.927e-6
-1.400, -2.927e-6
-1.399, -2.927e-6
-1.398, -6.010e-6
-1.397, -6.010e-6
-1.396, -2.927e-6
-1.395, -6.010e-6
-1.394, -2.927e-6
-1.393, -6.010e-6
-1.392, -6.010e-6
-1.391, -6.010e-6
-1.390, -6.010e-6
-1.389, -6.010e-6
-1.388, -6.010e-6
-1.387, -6.010e-6
-1.386, -6.010e-6
-1.385, -6.010e-6
-1.384, -6.010e-6
-1.383, -6.010e-6
-1.382, -6.010e-6
-1.381, -6.010e-6
-1.380, -6.010e-6
-1.379, -6.010e-6
-1.378, -6.010e-6
-1.377, -6.010e-6
-1.376, -6.010e-6
-1.375, -6.010e-6
-1.374, -6.010e-6
-1.373, -6.010e-6
-1.372, -6.010e-6
-1.371, -6.010e-6
-1.370, -6.010e-6
-1.369, -6.010e-6
-1.368, -9.093e-6
-1.367, -6.010e-6
-1.366, -6.010e-6
-1.365, -6.010e-6
-1.364, -6.010e-6
-1.363, -9.093e-6
-1.362, -6.010e-6
-1.361, -6.010e-6
-1.360, -6.010e-6
-1.359, -6.010e-6
-1.358, -6.010e-6
-1.357, -9.093e-6
-1.356, -9.093e-6
-1.355, -6.010e-6
-1.354, -9.093e-6
-1.353, -6.010e-6
-1.352, -9.093e-6
-1.351, -9.093e-6
-1.350, -9.093e-6
-1.349, -9.093e-6
-1.348, -9.093e-6
-1.347, -9.093e-6
-1.346, -9.093e-6
-1.345, -9.093e-6
-1.344, -9.093e-6
-1.343, -9.093e-6
-1.342, -9.093e-6
-1.341, -9.093e-6
-1.340, -9.093e-6
-1.339, -9.093e-6
-1.338, -9.093e-6
-1.337, -9.093e-6
-1.336, -9.093e-6
-1.335, -9.093e-6
-1.334, -9.093e-6
-1.333, -9.093e-6
-1.332, -9.093e-6
-1.331, -9.093e-6
-1.330, -9.093e-6
-1.329, -9.093e-6
-1.328, -9.093e-6
-1.327, -9.093e-6
-1.326, -9.093e-6
-1.325, -9.093e-6
-1.324, -9.093e-6
-1.323, -9.093e-6
-1.322, -9.093e-6
-1.321, -9.093e-6
-1.320, -9.093e-6
-1.319, -9.093e-6
-1.318, -9.093e-6
-1.317, -9.093e-6
-1.316, -1.218e-5
-1.315, -9.093e-6
-1.314, -9.093e-6
-1.313, -9.093e-6
-1.312, -9.093e-6
-1.311, -1.218e-5
-1.310, -9.093e-6
-1.309, -1.218e-5
-1.308, -9.093e-6
-1.307, -9.093e-6
-1.306, -9.093e-6
-1.305, -1.218e-5
-1.304, -1.218e-5
-1.303, -9.093e-6
-1.302, -1.218e-5
-1.301, -9.093e-6
-1.300, -1.218e-5
-1.299, -1.218e-5
-1.298, -1.218e-5
-1.297, -1.218e-5
-1.296, -9.093e-6
-1.295, -1.218e-5
-1.294, -1.218e-5
-1.293, -1.218e-5
-1.292, -9.093e-6
-1.291, -1.218e-5
-1.290, -1.218e-5
-1.289, -1.218e-5
-1.288, -1.218e-5
-1.287, -1.218e-5
-1.286, -1.218e-5
-1.285, -1.218e-5
-1.284, -1.218e-5
-1.283, -9.093e-6
-1.282, -1.218e-5
-1.281, -1.218e-5
-1.280, -1.218e-5
-1.279, -1.218e-5
-1.278, -1.218e-5
-1.277, -1.218e-5
-1.276, -1.218e-5
-1.275, -1.218e-5
-1.274, -1.218e-5
-1.273, -1.218e-5
-1.272, -1.218e-5
-1.271, -1.218e-5
-1.270, -1.218e-5
-1.269, -1.218e-5
-1.268, -1.218e-5
-1.267, -1.218e-5
-1.266, -1.218e-5
-1.265, -1.218e-5
-1.264, -1.218e-5
-1.263, -1.218e-5
-1.262, -1.218e-5
-1.261, -1.218e-5
-1.260, -1.218e-5
-1.259, -1.218e-5
-1.258, -1.218e-5
-1.257, -1.218e-5
-1.256, -1.218e-5
-1.255, -1.218e-5
-1.254, -1.218e-5
-1.253, -1.218e-5
-1.252, -1.218e-5
-1.251, -1.218e-5
-1.250, -1.218e-5
-1.249, -1.218e-5
-1.248, -1.218e-5
-1.247, -1.218e-5
-1.246, -1.218e-5
-1.245, -1.218e-5
-1.244, -1.218e-5
-1.243, -1.218e-5
-1.242, -1.218e-5
-1.241, -1.218e-5
-1.240, -1.218e-5
-1.239, -1.218e-5
-1.238, -1.218e-5
-1.237, -1.218e-5
-1.236, -1.218e-5
-1.235, -1.218e-5
-1.234, -1.218e-5
-1.233, -1.218e-5
-1.232, -1.218e-5
-1.231, -1.218e-5
-1.230, -1.218e-5
-1.229, -1.218e-5
-1.228, -1.218e-5
-1.227, -1.218e-5
-1.226, -1.218e-5
-1.225, -1.218e-5
-1.224, -1.218e-5
-1.223, -1.218e-5
-1.222, -1.218e-5
-1.221, -1.218e-5
-1.220, -1.218e-5
-1.219, -1.218e-5
-1.218, -1.218e-5
-1.217, -1.218e-5
-1.216, -1.218e-5
-1.215, -1.218e-5
-1.214, -1.218e-5
-1.213, -1.218e-5
-1.212, -1.218e-5
-1.211, -1.218e-5
-1.210, -1.218e-5
-1.209, -1.218e-5
-1.208, -1.218e-5
-1.207, -1.526e-5
-1.206, -1.218e-5
-1.205, -1.218e-5
-1.204, -1.218e-5
-1.203, -1.218e-5
-1.202, -1.526e-5
-1.201, -1.218e-5
-1.200, -1.526e-5
-1.199, -1.218e-5
-1.198, -1.218e-5
-1.197, -1.526e-5
-1.196, -1.218e-5
-1.195, -1.218e-5
-1.194, -1.218e-5
-1.193, -1.218e-5
-1.192, -1.218e-5
-1.191, -1.526e-5
-1.190, -1.218e-5
-1.189, -1.218e-5
-1.188, -1.526e-5
-1.187, -1.218e-5
-1.186, -1.218e-5
-1.185, -1.218e-5
-1.184, -1.218e-5
-1.183, -1.218e-5
-1.182, -1.526e-5
-1.181, -1.526e-5
-1.180, -1.526e-5
-1.179, -1.218e-5
-1.178, -1.218e-5
-1.177, -1.526e-5
-1.176, -1.526e-5
-1.175, -1.526e-5
-1.174, -1.526e-5
-1.173, -1.218e-5
-1.172, -1.218e-5
-1.171, -1.218e-5
-1.170, -1.526e-5
-1.169, -1.218e-5
-1.168, -1.526e-5
-1.167, -1.218e-5
-1.166, -1.526e-5
-1.165, -1.526e-5
-1.164, -1.526e-5
-1.163, -1.526e-5
-1.162, -1.218e-5
-1.161, -1.526e-5
-1.160, -1.526e-5
-1.159, -1.526e-5
-1.158, -1.218e-5
-1.157, -1.526e-5
-1.156, -1.526e-5
-1.155, -1.526e-5
-1.154, -1.526e-5
-1.153, -1.526e-5
-1.152, -1.526e-5
-1.151, -1.526e-5
-1.150, -1.526e-5
-1.149, -1.526e-5
-1.148, -1.526e-5
-1.147, -1.526e-5
-1.146, -1.526e-5
-1.145, -1.526e-5
-1.144, -1.526e-5
-1.143, -1.526e-5
-1.142, -1.526e-5
-1.141, -1.526e-5
-1.140, -1.526e-5
-1.139, -1.526e-5
-1.138, -1.526e-5
-1.137, -1.218e-5
-1.136, -1.526e-5
-1.135, -1.526e-5
-1.134, -1.526e-5
-1.133, -1.526e-5
-1.132, -1.526e-5
-1.131, -1.526e-5
-1.130, -1.526e-5
-1.129, -1.526e-5
-1.128, -1.526e-5
-1.127, -1.526e-5
-1.126, -1.526e-5
-1.125, -1.526e-5
-1.124, -1.526e-5
-1.123, -1.526e-5
-1.122, -1.526e-5
-1.121, -1.526e-5
-1.120, -1.526e-5
-1.119, -1.526e-5
-1.118, -1.526e-5
-1.117, -1.526e-5
-1.116, -1.526e-5
-1.115, -1.526e-5
-1.114, -1.526e-5
-1.113, -1.526e-5
-1.112, -1.526e-5
-1.111, -1.526e-5
-1.110, -1.526e-5
-1.109, -1.526e-5
-1.108, -1.526e-5
-1.107, -1.526e-5
-1.106, -1.526e-5
-1.105, -1.526e-5
-1.104, -1.526e-5
-1.103, -1.526e-5
-1.102, -1.526e-5
-1.101, -1.526e-5
-1.100, -1.526e-5
-1.099, -1.526e-5
-1.098, -1.526e-5
-1.097, -1.526e-5
-1.096, -1.526e-5
-1.095, -1.526e-5
-1.094, -1.526e-5
-1.093, -1.526e-5
-1.092, -1.526e-5
-1.091, -1.526e-5
-1.090, -1.526e-5
-1.089, -1.526e-5
-1.088, -1.526e-5
-1.087, -1.526e-5
-1.086, -1.526e-5
-1.085, -1.526e-5
-1.084, -1.526e-5
-1.083, -1.526e-5
-1.082, -1.526e-5
-1.081, -1.526e-5
-1.080, -1.526e-5
-1.079, -1.526e-5
-1.078, -1.526e-5
-1.077, -1.526e-5
-1.076, -1.526e-5
-1.075, -1.526e-5
-1.074, -1.526e-5
-1.073, -1.526e-5
-1.072, -1.526e-5
-1.071, -1.834e-5
-1.070, -1.526e-5
-1.069, -1.526e-5
-1.068, -1.526e-5
-1.067, -1.526e-5
-1.066, -1.526e-5
-1.065, -1.526e-5
-1.064, -1.526e-5
-1.063, -1.526e-5
-1.062, -1.834e-5
-1.061, -1.834e-5
-1.060, -1.526e-5
-1.059, -1.834e-5
-1.058, -1.526e-5
-1.057, -1.834e-5
-1.056, -1.834e-5
-1.055, -1.834e-5
-1.054, -1.526e-5
-1.053, -1.834e-5
-1.052, -1.834e-5
-1.051, -1.834e-5
-1.050, -1.834e-5
-1.049, -1.526e-5
-1.048, -1.834e-5
-1.047, -1.834e-5
-1.046, -1.834e-5
-1.045, -1.834e-5
-1.044, -1.834e-5
-1.043, -1.834e-5
-1.042, -1.834e-5
-1.041, -1.834e-5
-1.040, -1.834e-5
-1.039, -1.834e-5
-1.038, -1.834e-5
-1.037, -1.834e-5
-1.036, -1.834e-5
-1.035, -1.834e-5
-1.034, -1.834e-5
-1.033, -1.834e-5
-1.032, -1.834e-5
-1.031, -1.834e-5
-1.030, -1.834e-5
-1.029, -1.834e-5
-1.028, -1.834e-5
-1.027, -1.834e-5
-1.026, -1.834e-5
-1.025, -1.834e-5
-1.024, -1.834e-5
-1.023, -1.834e-5
-1.022, -1.834e-5
-1.021, -1.834e-5
-1.020, -1.834e-5
-1.019, -1.834e-5
-1.018, -1.834e-5
-1.017, -1.834e-5
-1.016, -1.834e-5
-1.015, -1.834e-5
-1.014, -1.834e-5
-1.013, -1.834e-5
-1.012, -1.834e-5
-1.011, -1.834e-5
-1.010, -1.834e-5
-1.009, -1.834e-5
-1.008, -1.834e-5
-1.007, -1.834e-5
-1.006, -1.834e-5
-1.005, -1.834e-5
-1.004, -1.834e-5
-1.003, -1.834e-5
-1.002, -1.834e-5
-1.001, -1.834e-5
