Aug. 30, 2024   17:36:58
Cyclic Voltammetry
File: c:/users/guazh/data/20240829_batch_215_500/2024-08-29-exp222\exp222-2024-08-30t17_28_16-arkoh\exp222_cv_50mvs_efin_-1600mv.bin
Data Source:  Experiment
Instrument Model:  CHI760E
Header: CV ran at 50 mVs
Note: 

Init E (V) = -1
High E (V) = -1
Low E (V) = -1.6
Final E (V) = -1
Init P/N = N
Scan Rate (V/s) = 0.05
Segment = 7
Sample Interval (V) = 0.001
Quiet Time (sec) = 60
Sensitivity (A/V) = 0.001
Comp R (ohm) = 1.4

Results:

Channel 1:
Segment 1:

Segment 2:

Segment 3:

Segment 4:
Ep = -1.072V
ip = -2.988e-7A
Ah = -3.460e-7C

Segment 5:

Segment 6:
Ep = -1.068V
ip = -4.534e-7A
Ah = -5.714e-7C

Segment 7:

Potential/V, Current/A

-1.000, 1.478e-7
-1.001, 2.228e-7
-1.002, 2.948e-7
-1.003, 3.135e-7
-1.004, 3.431e-7
-1.005, 3.865e-7
-1.006, 3.639e-7
-1.007, 4.171e-7
-1.008, 4.122e-7
-1.009, 4.507e-7
-1.010, 4.477e-7
-1.011, 4.369e-7
-1.012, 5.148e-7
-1.013, 4.457e-7
-1.014, 4.852e-7
-1.015, 5.355e-7
-1.016, 5.128e-7
-1.017, 5.109e-7
-1.018, 5.168e-7
-1.019, 5.306e-7
-1.020, 5.375e-7
-1.021, 5.414e-7
-1.022, 5.898e-7
-1.023, 5.572e-7
-1.024, 6.125e-7
-1.025, 6.085e-7
-1.026, 5.819e-7
-1.027, 6.194e-7
-1.028, 6.391e-7
-1.029, 6.460e-7
-1.030, 6.164e-7
-1.031, 6.736e-7
-1.032, 6.569e-7
-1.033, 6.243e-7
-1.034, 6.904e-7
-1.035, 6.697e-7
-1.036, 6.490e-7
-1.037, 7.062e-7
-1.038, 7.082e-7
-1.039, 7.072e-7
-1.040, 6.904e-7
-1.041, 7.319e-7
-1.042, 7.368e-7
-1.043, 7.131e-7
-1.044, 6.736e-7
-1.045, 7.052e-7
-1.046, 7.545e-7
-1.047, 7.693e-7
-1.048, 7.348e-7
-1.049, 7.841e-7
-1.050, 7.545e-7
-1.051, 7.861e-7
-1.052, 7.713e-7
-1.053, 7.970e-7
-1.054, 8.029e-7
-1.055, 7.772e-7
-1.056, 8.137e-7
-1.057, 8.285e-7
-1.058, 7.920e-7
-1.059, 8.473e-7
-1.060, 8.424e-7
-1.061, 8.325e-7
-1.062, 8.542e-7
-1.063, 8.335e-7
-1.064, 8.739e-7
-1.065, 8.522e-7
-1.066, 8.917e-7
-1.067, 8.710e-7
-1.068, 8.779e-7
-1.069, 9.183e-7
-1.070, 8.808e-7
-1.071, 9.233e-7
-1.072, 9.144e-7
-1.073, 9.085e-7
-1.074, 9.104e-7
-1.075, 9.252e-7
-1.076, 9.598e-7
-1.077, 9.213e-7
-1.078, 9.529e-7
-1.079, 9.430e-7
-1.080, 9.321e-7
-1.081, 9.677e-7
-1.082, 9.775e-7
-1.083, 9.884e-7
-1.084, 9.884e-7
-1.085, 9.459e-7
-1.086, 9.755e-7
-1.087, 9.864e-7
-1.088, 9.913e-7
-1.089, 9.953e-7
-1.090, 9.933e-7
-1.091, 1.002e-6
-1.092, 1.023e-6
-1.093, 1.029e-6
-1.094, 1.011e-6
-1.095, 1.045e-6
-1.096, 1.037e-6
-1.097, 1.078e-6
-1.098, 1.057e-6
-1.099, 1.056e-6
-1.100, 1.045e-6
-1.101, 1.060e-6
-1.102, 1.088e-6
-1.103, 1.085e-6
-1.104, 1.079e-6
-1.105, 1.095e-6
-1.106, 1.045e-6
-1.107, 1.093e-6
-1.108, 1.097e-6
-1.109, 1.067e-6
-1.110, 1.126e-6
-1.111, 1.115e-6
-1.112, 1.099e-6
-1.113, 1.131e-6
-1.114, 1.134e-6
-1.115, 1.096e-6
-1.116, 1.122e-6
-1.117, 1.160e-6
-1.118, 1.161e-6
-1.119, 1.135e-6
-1.120, 1.171e-6
-1.121, 1.128e-6
-1.122, 1.146e-6
-1.123, 1.165e-6
-1.124, 1.178e-6
-1.125, 1.158e-6
-1.126, 1.174e-6
-1.127, 1.198e-6
-1.128, 1.159e-6
-1.129, 1.237e-6
-1.130, 1.201e-6
-1.131, 1.154e-6
-1.132, 1.245e-6
-1.133, 1.249e-6
-1.134, 1.241e-6
-1.135, 1.225e-6
-1.136, 1.240e-6
-1.137, 1.270e-6
-1.138, 1.203e-6
-1.139, 1.257e-6
-1.140, 1.269e-6
-1.141, 1.241e-6
-1.142, 1.304e-6
-1.143, 1.274e-6
-1.144, 1.253e-6
-1.145, 1.333e-6
-1.146, 1.273e-6
-1.147, 1.329e-6
-1.148, 1.319e-6
-1.149, 1.314e-6
-1.150, 1.328e-6
-1.151, 1.303e-6
-1.152, 1.373e-6
-1.153, 1.349e-6
-1.154, 1.371e-6
-1.155, 1.375e-6
-1.156, 1.340e-6
-1.157, 1.359e-6
-1.158, 1.375e-6
-1.159, 1.393e-6
-1.160, 1.365e-6
-1.161, 1.398e-6
-1.162, 1.401e-6
-1.163, 1.353e-6
-1.164, 1.403e-6
-1.165, 1.401e-6
-1.166, 1.403e-6
-1.167, 1.435e-6
-1.168, 1.420e-6
-1.169, 1.457e-6
-1.170, 1.407e-6
-1.171, 1.447e-6
-1.172, 1.441e-6
-1.173, 1.420e-6
-1.174, 1.512e-6
-1.175, 1.418e-6
-1.176, 1.467e-6
-1.177, 1.491e-6
-1.178, 1.478e-6
-1.179, 1.486e-6
-1.180, 1.461e-6
-1.181, 1.503e-6
-1.182, 1.489e-6
-1.183, 1.506e-6
-1.184, 1.560e-6
-1.185, 1.481e-6
-1.186, 1.550e-6
-1.187, 1.560e-6
-1.188, 1.537e-6
-1.189, 1.511e-6
-1.190, 1.551e-6
-1.191, 1.569e-6
-1.192, 1.538e-6
-1.193, 1.584e-6
-1.194, 1.572e-6
-1.195, 1.527e-6
-1.196, 1.631e-6
-1.197, 1.567e-6
-1.198, 1.593e-6
-1.199, 1.618e-6
-1.200, 1.588e-6
-1.201, 1.642e-6
-1.202, 1.594e-6
-1.203, 1.627e-6
-1.204, 1.626e-6
-1.205, 1.629e-6
-1.206, 1.676e-6
-1.207, 1.638e-6
-1.208, 1.652e-6
-1.209, 1.674e-6
-1.210, 1.674e-6
-1.211, 1.626e-6
-1.212, 1.688e-6
-1.213, 1.717e-6
-1.214, 1.700e-6
-1.215, 1.689e-6
-1.216, 1.729e-6
-1.217, 1.709e-6
-1.218, 1.740e-6
-1.219, 1.746e-6
-1.220, 1.734e-6
-1.221, 1.714e-6
-1.222, 1.774e-6
-1.223, 1.763e-6
-1.224, 1.754e-6
-1.225, 1.787e-6
-1.226, 1.732e-6
-1.227, 1.784e-6
-1.228, 1.820e-6
-1.229, 1.809e-6
-1.230, 1.841e-6
-1.231, 1.841e-6
-1.232, 1.854e-6
-1.233, 1.848e-6
-1.234, 1.855e-6
-1.235, 1.872e-6
-1.236, 1.837e-6
-1.237, 1.889e-6
-1.238, 1.874e-6
-1.239, 1.909e-6
-1.240, 1.895e-6
-1.241, 1.923e-6
-1.242, 1.954e-6
-1.243, 1.898e-6
-1.244, 1.940e-6
-1.245, 1.918e-6
-1.246, 1.962e-6
-1.247, 1.990e-6
-1.248, 1.947e-6
-1.249, 1.939e-6
-1.250, 1.995e-6
-1.251, 1.994e-6
-1.252, 2.026e-6
-1.253, 1.992e-6
-1.254, 2.049e-6
-1.255, 2.018e-6
-1.256, 2.031e-6
-1.257, 2.072e-6
-1.258, 2.059e-6
-1.259, 2.089e-6
-1.260, 2.108e-6
-1.261, 2.125e-6
-1.262, 2.118e-6
-1.263, 2.123e-6
-1.264, 2.144e-6
-1.265, 2.112e-6
-1.266, 2.153e-6
-1.267, 2.182e-6
-1.268, 2.150e-6
-1.269, 2.234e-6
-1.270, 2.212e-6
-1.271, 2.195e-6
-1.272, 2.254e-6
-1.273, 2.240e-6
-1.274, 2.286e-6
-1.275, 2.274e-6
-1.276, 2.314e-6
-1.277, 2.313e-6
-1.278, 2.292e-6
-1.279, 2.370e-6
-1.280, 2.350e-6
-1.281, 2.373e-6
-1.282, 2.404e-6
-1.283, 2.423e-6
-1.284, 2.420e-6
-1.285, 2.432e-6
-1.286, 2.475e-6
-1.287, 2.479e-6
-1.288, 2.513e-6
-1.289, 2.541e-6
-1.290, 2.551e-6
-1.291, 2.572e-6
-1.292, 2.600e-6
-1.293, 2.618e-6
-1.294, 2.666e-6
-1.295, 2.658e-6
-1.296, 2.691e-6
-1.297, 2.694e-6
-1.298, 2.726e-6
-1.299, 2.784e-6
-1.300, 2.746e-6
-1.301, 2.869e-6
-1.302, 2.826e-6
-1.303, 2.843e-6
-1.304, 2.940e-6
-1.305, 2.897e-6
-1.306, 2.979e-6
-1.307, 3.010e-6
-1.308, 2.993e-6
-1.309, 3.079e-6
-1.310, 3.098e-6
-1.311, 3.121e-6
-1.312, 3.186e-6
-1.313, 3.182e-6
-1.314, 3.238e-6
-1.315, 3.258e-6
-1.316, 3.269e-6
-1.317, 3.341e-6
-1.318, 3.339e-6
-1.319, 3.400e-6
-1.320, 3.417e-6
-1.321, 3.476e-6
-1.322, 3.541e-6
-1.323, 3.540e-6
-1.324, 3.617e-6
-1.325, 3.614e-6
-1.326, 3.637e-6
-1.327, 3.750e-6
-1.328, 3.740e-6
-1.329, 3.781e-6
-1.330, 3.801e-6
-1.331, 3.858e-6
-1.332, 3.890e-6
-1.333, 3.926e-6
-1.334, 4.007e-6
-1.335, 3.984e-6
-1.336, 4.045e-6
-1.337, 4.081e-6
-1.338, 4.134e-6
-1.339, 4.158e-6
-1.340, 4.226e-6
-1.341, 4.237e-6
-1.342, 4.275e-6
-1.343, 4.328e-6
-1.344, 4.388e-6
-1.345, 4.394e-6
-1.346, 4.458e-6
-1.347, 4.498e-6
-1.348, 4.540e-6
-1.349, 4.630e-6
-1.350, 4.635e-6
-1.351, 4.661e-6
-1.352, 4.719e-6
-1.353, 4.772e-6
-1.354, 4.820e-6
-1.355, 4.850e-6
-1.356, 4.905e-6
-1.357, 4.969e-6
-1.358, 5.022e-6
-1.359, 5.093e-6
-1.360, 5.110e-6
-1.361, 5.186e-6
-1.362, 5.271e-6
-1.363, 5.271e-6
-1.364, 5.355e-6
-1.365, 5.434e-6
-1.366, 5.473e-6
-1.367, 5.570e-6
-1.368, 5.612e-6
-1.369, 5.649e-6
-1.370, 5.713e-6
-1.371, 5.790e-6
-1.372, 5.826e-6
-1.373, 5.912e-6
-1.374, 6.004e-6
-1.375, 6.046e-6
-1.376, 6.124e-6
-1.377, 6.190e-6
-1.378, 6.277e-6
-1.379, 6.335e-6
-1.380, 6.402e-6
-1.381, 6.485e-6
-1.382, 6.573e-6
-1.383, 6.615e-6
-1.384, 6.718e-6
-1.385, 6.759e-6
-1.386, 6.873e-6
-1.387, 6.929e-6
-1.388, 7.068e-6
-1.389, 7.134e-6
-1.390, 7.205e-6
-1.391, 7.344e-6
-1.392, 7.416e-6
-1.393, 7.511e-6
-1.394, 7.619e-6
-1.395, 7.677e-6
-1.396, 7.787e-6
-1.397, 7.919e-6
-1.398, 7.981e-6
-1.399, 8.133e-6
-1.400, 8.192e-6
-1.401, 8.333e-6
-1.402, 8.432e-6
-1.403, 8.560e-6
-1.404, 8.725e-6
-1.405, 8.784e-6
-1.406, 8.875e-6
-1.407, 9.036e-6
-1.408, 9.084e-6
-1.409, 9.270e-6
-1.410, 9.361e-6
-1.411, 9.470e-6
-1.412, 9.625e-6
-1.413, 9.756e-6
-1.414, 9.933e-6
-1.415, 9.989e-6
-1.416, 1.014e-5
-1.417, 1.030e-5
-1.418, 1.040e-5
-1.419, 1.059e-5
-1.420, 1.071e-5
-1.421, 1.086e-5
-1.422, 1.100e-5
-1.423, 1.116e-5
-1.424, 1.132e-5
-1.425, 1.142e-5
-1.426, 1.159e-5
-1.427, 1.173e-5
-1.428, 1.186e-5
-1.429, 1.209e-5
-1.430, 1.222e-5
-1.431, 1.238e-5
-1.432, 1.260e-5
-1.433, 1.276e-5
-1.434, 1.295e-5
-1.435, 1.312e-5
-1.436, 1.327e-5
-1.437, 1.350e-5
-1.438, 1.368e-5
-1.439, 1.387e-5
-1.440, 1.403e-5
-1.441, 1.424e-5
-1.442, 1.444e-5
-1.443, 1.459e-5
-1.444, 1.479e-5
-1.445, 1.499e-5
-1.446, 1.517e-5
-1.447, 1.545e-5
-1.448, 1.560e-5
-1.449, 1.585e-5
-1.450, 1.609e-5
-1.451, 1.628e-5
-1.452, 1.656e-5
-1.453, 1.673e-5
-1.454, 1.697e-5
-1.455, 1.725e-5
-1.456, 1.740e-5
-1.457, 1.772e-5
-1.458, 1.798e-5
-1.459, 1.823e-5
-1.460, 1.851e-5
-1.461, 1.876e-5
-1.462, 1.903e-5
-1.463, 1.931e-5
-1.464, 1.956e-5
-1.465, 1.979e-5
-1.466, 2.007e-5
-1.467, 2.040e-5
-1.468, 2.063e-5
-1.469, 2.093e-5
-1.470, 2.120e-5
-1.471, 2.146e-5
-1.472, 2.177e-5
-1.473, 2.202e-5
-1.474, 2.239e-5
-1.475, 2.270e-5
-1.476, 2.300e-5
-1.477, 2.336e-5
-1.478, 2.362e-5
-1.479, 2.403e-5
-1.480, 2.438e-5
-1.481, 2.469e-5
-1.482, 2.511e-5
-1.483, 2.544e-5
-1.484, 2.581e-5
-1.485, 2.617e-5
-1.486, 2.646e-5
-1.487, 2.688e-5
-1.488, 2.725e-5
-1.489, 2.767e-5
-1.490, 2.805e-5
-1.491, 2.842e-5
-1.492, 2.891e-5
-1.493, 2.925e-5
-1.494, 2.970e-5
-1.495, 3.011e-5
-1.496, 3.056e-5
-1.497, 3.096e-5
-1.498, 3.132e-5
-1.499, 3.177e-5
-1.500, 3.212e-5
-1.501, 3.256e-5
-1.502, 3.306e-5
-1.503, 3.342e-5
-1.504, 3.398e-5
-1.505, 3.441e-5
-1.506, 3.480e-5
-1.507, 3.532e-5
-1.508, 3.575e-5
-1.509, 3.623e-5
-1.510, 3.673e-5
-1.511, 3.722e-5
-1.512, 3.781e-5
-1.513, 3.821e-5
-1.514, 3.873e-5
-1.515, 3.928e-5
-1.516, 3.991e-5
-1.517, 4.052e-5
-1.518, 4.107e-5
-1.519, 4.201e-5
-1.520, 4.242e-5
-1.521, 4.284e-5
-1.522, 4.331e-5
-1.523, 4.397e-5
-1.524, 4.460e-5
-1.525, 4.527e-5
-1.526, 4.587e-5
-1.527, 4.655e-5
-1.528, 4.734e-5
-1.529, 4.814e-5
-1.530, 4.879e-5
-1.531, 4.930e-5
-1.532, 4.997e-5
-1.533, 5.015e-5
-1.534, 5.076e-5
-1.535, 5.173e-5
-1.536, 5.259e-5
-1.537, 5.350e-5
-1.538, 5.421e-5
-1.539, 5.543e-5
-1.540, 5.653e-5
-1.541, 5.751e-5
-1.542, 5.829e-5
-1.543, 5.906e-5
-1.544, 6.009e-5
-1.545, 6.096e-5
-1.546, 6.184e-5
-1.547, 6.282e-5
-1.548, 6.375e-5
-1.549, 6.504e-5
-1.550, 6.589e-5
-1.551, 6.686e-5
-1.552, 6.779e-5
-1.553, 6.903e-5
-1.554, 6.985e-5
-1.555, 7.093e-5
-1.556, 7.182e-5
-1.557, 7.284e-5
-1.558, 7.397e-5
-1.559, 7.483e-5
-1.560, 7.619e-5
-1.561, 7.773e-5
-1.562, 7.875e-5
-1.563, 7.954e-5
-1.564, 8.090e-5
-1.565, 8.171e-5
-1.566, 8.305e-5
-1.567, 8.443e-5
-1.568, 8.559e-5
-1.569, 8.679e-5
-1.570, 8.825e-5
-1.571, 8.932e-5
-1.572, 9.043e-5
-1.573, 9.175e-5
-1.574, 9.296e-5
-1.575, 9.429e-5
-1.576, 9.558e-5
-1.577, 9.697e-5
-1.578, 9.823e-5
-1.579, 9.966e-5
-1.580, 1.009e-4
-1.581, 1.022e-4
-1.582, 1.035e-4
-1.583, 1.048e-4
-1.584, 1.066e-4
-1.585, 1.078e-4
-1.586, 1.095e-4
-1.587, 1.110e-4
-1.588, 1.126e-4
-1.589, 1.138e-4
-1.590, 1.152e-4
-1.591, 1.169e-4
-1.592, 1.180e-4
-1.593, 1.198e-4
-1.594, 1.216e-4
-1.595, 1.233e-4
-1.596, 1.249e-4
-1.597, 1.268e-4
-1.598, 1.281e-4
-1.599, 1.301e-4
-1.600, 1.300e-4
-1.599, 1.285e-4
-1.598, 1.268e-4
-1.597, 1.257e-4
-1.596, 1.243e-4
-1.595, 1.229e-4
-1.594, 1.217e-4
-1.593, 1.202e-4
-1.592, 1.188e-4
-1.591, 1.171e-4
-1.590, 1.162e-4
-1.589, 1.148e-4
-1.588, 1.137e-4
-1.587, 1.123e-4
-1.586, 1.109e-4
-1.585, 1.092e-4
-1.584, 1.084e-4
-1.583, 1.070e-4
-1.582, 1.059e-4
-1.581, 1.045e-4
-1.580, 1.032e-4
-1.579, 1.017e-4
-1.578, 1.006e-4
-1.577, 9.937e-5
-1.576, 9.804e-5
-1.575, 9.650e-5
-1.574, 9.557e-5
-1.573, 9.429e-5
-1.572, 9.297e-5
-1.571, 9.206e-5
-1.570, 9.086e-5
-1.569, 8.950e-5
-1.568, 8.838e-5
-1.567, 8.714e-5
-1.566, 8.596e-5
-1.565, 8.492e-5
-1.564, 8.365e-5
-1.563, 8.272e-5
-1.562, 8.164e-5
-1.561, 8.049e-5
-1.560, 7.938e-5
-1.559, 7.832e-5
-1.558, 7.722e-5
-1.557, 7.619e-5
-1.556, 7.510e-5
-1.555, 7.419e-5
-1.554, 7.314e-5
-1.553, 7.222e-5
-1.552, 7.116e-5
-1.551, 7.010e-5
-1.550, 6.937e-5
-1.549, 6.836e-5
-1.548, 6.735e-5
-1.547, 6.637e-5
-1.546, 6.551e-5
-1.545, 6.451e-5
-1.544, 6.342e-5
-1.543, 6.269e-5
-1.542, 6.160e-5
-1.541, 6.108e-5
-1.540, 5.999e-5
-1.539, 5.896e-5
-1.538, 5.807e-5
-1.537, 5.759e-5
-1.536, 5.653e-5
-1.535, 5.571e-5
-1.534, 5.490e-5
-1.533, 5.409e-5
-1.532, 5.329e-5
-1.531, 5.259e-5
-1.530, 5.181e-5
-1.529, 5.082e-5
-1.528, 5.023e-5
-1.527, 4.939e-5
-1.526, 4.864e-5
-1.525, 4.784e-5
-1.524, 4.705e-5
-1.523, 4.660e-5
-1.522, 4.573e-5
-1.521, 4.508e-5
-1.520, 4.429e-5
-1.519, 4.360e-5
-1.518, 4.296e-5
-1.517, 4.224e-5
-1.516, 4.168e-5
-1.515, 4.091e-5
-1.514, 4.036e-5
-1.513, 3.964e-5
-1.512, 3.909e-5
-1.511, 3.833e-5
-1.510, 3.777e-5
-1.509, 3.706e-5
-1.508, 3.659e-5
-1.507, 3.599e-5
-1.506, 3.546e-5
-1.505, 3.486e-5
-1.504, 3.429e-5
-1.503, 3.375e-5
-1.502, 3.318e-5
-1.501, 3.262e-5
-1.500, 3.218e-5
-1.499, 3.156e-5
-1.498, 3.105e-5
-1.497, 3.062e-5
-1.496, 2.995e-5
-1.495, 2.963e-5
-1.494, 2.902e-5
-1.493, 2.848e-5
-1.492, 2.818e-5
-1.491, 2.755e-5
-1.490, 2.716e-5
-1.489, 2.665e-5
-1.488, 2.620e-5
-1.487, 2.578e-5
-1.486, 2.531e-5
-1.485, 2.494e-5
-1.484, 2.446e-5
-1.483, 2.400e-5
-1.482, 2.364e-5
-1.481, 2.324e-5
-1.480, 2.279e-5
-1.479, 2.241e-5
-1.478, 2.207e-5
-1.477, 2.165e-5
-1.476, 2.121e-5
-1.475, 2.088e-5
-1.474, 2.052e-5
-1.473, 2.021e-5
-1.472, 1.983e-5
-1.471, 1.950e-5
-1.470, 1.911e-5
-1.469, 1.873e-5
-1.468, 1.844e-5
-1.467, 1.803e-5
-1.466, 1.773e-5
-1.465, 1.744e-5
-1.464, 1.714e-5
-1.463, 1.681e-5
-1.462, 1.643e-5
-1.461, 1.620e-5
-1.460, 1.593e-5
-1.459, 1.556e-5
-1.458, 1.532e-5
-1.457, 1.495e-5
-1.456, 1.470e-5
-1.455, 1.447e-5
-1.454, 1.421e-5
-1.453, 1.388e-5
-1.452, 1.360e-5
-1.451, 1.341e-5
-1.450, 1.312e-5
-1.449, 1.287e-5
-1.448, 1.261e-5
-1.447, 1.242e-5
-1.446, 1.214e-5
-1.445, 1.195e-5
-1.444, 1.169e-5
-1.443, 1.144e-5
-1.442, 1.124e-5
-1.441, 1.106e-5
-1.440, 1.082e-5
-1.439, 1.060e-5
-1.438, 1.039e-5
-1.437, 1.017e-5
-1.436, 9.992e-6
-1.435, 9.765e-6
-1.434, 9.630e-6
-1.433, 9.399e-6
-1.432, 9.196e-6
-1.431, 9.036e-6
-1.430, 8.817e-6
-1.429, 8.697e-6
-1.428, 8.484e-6
-1.427, 8.374e-6
-1.426, 8.141e-6
-1.425, 7.980e-6
-1.424, 7.849e-6
-1.423, 7.614e-6
-1.422, 7.515e-6
-1.421, 7.359e-6
-1.420, 7.155e-6
-1.419, 7.041e-6
-1.418, 6.874e-6
-1.417, 6.733e-6
-1.416, 6.603e-6
-1.415, 6.441e-6
-1.414, 6.299e-6
-1.413, 6.198e-6
-1.412, 6.103e-6
-1.411, 5.936e-6
-1.410, 5.826e-6
-1.409, 5.669e-6
-1.408, 5.562e-6
-1.407, 5.417e-6
-1.406, 5.284e-6
-1.405, 5.201e-6
-1.404, 5.014e-6
-1.403, 4.974e-6
-1.402, 4.880e-6
-1.401, 4.727e-6
-1.400, 4.674e-6
-1.399, 4.510e-6
-1.398, 4.448e-6
-1.397, 4.323e-6
-1.396, 4.228e-6
-1.395, 4.095e-6
-1.394, 4.006e-6
-1.393, 3.951e-6
-1.392, 3.846e-6
-1.391, 3.748e-6
-1.390, 3.702e-6
-1.389, 3.557e-6
-1.388, 3.512e-6
-1.387, 3.431e-6
-1.386, 3.332e-6
-1.385, 3.224e-6
-1.384, 3.169e-6
-1.383, 3.124e-6
-1.382, 2.972e-6
-1.381, 2.929e-6
-1.380, 2.847e-6
-1.379, 2.773e-6
-1.378, 2.716e-6
-1.377, 2.634e-6
-1.376, 2.579e-6
-1.375, 2.500e-6
-1.374, 2.469e-6
-1.373, 2.404e-6
-1.372, 2.321e-6
-1.371, 2.267e-6
-1.370, 2.173e-6
-1.369, 2.128e-6
-1.368, 2.090e-6
-1.367, 2.037e-6
-1.366, 1.964e-6
-1.365, 1.899e-6
-1.364, 1.865e-6
-1.363, 1.780e-6
-1.362, 1.738e-6
-1.361, 1.725e-6
-1.360, 1.654e-6
-1.359, 1.627e-6
-1.358, 1.561e-6
-1.357, 1.504e-6
-1.356, 1.448e-6
-1.355, 1.420e-6
-1.354, 1.392e-6
-1.353, 1.325e-6
-1.352, 1.281e-6
-1.351, 1.254e-6
-1.350, 1.209e-6
-1.349, 1.178e-6
-1.348, 1.150e-6
-1.347, 1.106e-6
-1.346, 1.038e-6
-1.345, 1.047e-6
-1.344, 9.726e-7
-1.343, 9.262e-7
-1.342, 9.223e-7
-1.341, 8.769e-7
-1.340, 8.256e-7
-1.339, 7.989e-7
-1.338, 7.664e-7
-1.337, 7.309e-7
-1.336, 7.131e-7
-1.335, 6.963e-7
-1.334, 6.618e-7
-1.333, 6.539e-7
-1.332, 6.391e-7
-1.331, 5.799e-7
-1.330, 5.464e-7
-1.329, 5.464e-7
-1.328, 5.000e-7
-1.327, 4.694e-7
-1.326, 4.280e-7
-1.325, 4.112e-7
-1.324, 4.053e-7
-1.323, 4.073e-7
-1.322, 3.382e-7
-1.321, 3.254e-7
-1.320, 3.017e-7
-1.319, 2.642e-7
-1.318, 2.445e-7
-1.317, 2.760e-7
-1.316, 1.853e-7
-1.315, 2.040e-7
-1.314, 1.813e-7
-1.313, 1.813e-7
-1.312, 1.438e-7
-1.311, 1.142e-7
-1.310, 1.369e-7
-1.309, 6.985e-8
-1.308, 9.748e-8
-1.307, 6.196e-8
-1.306, 4.716e-8
-1.305, 3.039e-8
-1.304, 4.736e-9
-1.303, 9.669e-9
-1.302, -2.486e-8
-1.301, -4.854e-8
-1.300, 2.762e-9
-1.299, -9.590e-8
-1.298, -7.222e-8
-1.297, -5.249e-8
-1.296, -1.186e-7
-1.295, -9.590e-8
-1.294, -1.344e-7
-1.293, -1.433e-7
-1.292, -1.679e-7
-1.291, -1.729e-7
-1.290, -1.807e-7
-1.289, -2.202e-7
-1.288, -1.492e-7
-1.287, -1.837e-7
-1.286, -2.320e-7
-1.285, -2.686e-7
-1.284, -2.597e-7
-1.283, -2.478e-7
-1.282, -2.834e-7
-1.281, -2.498e-7
-1.280, -3.139e-7
-1.279, -3.425e-7
-1.278, -3.021e-7
-1.277, -3.465e-7
-1.276, -3.238e-7
-1.275, -3.179e-7
-1.274, -3.692e-7
-1.273, -3.573e-7
-1.272, -3.672e-7
-1.271, -3.514e-7
-1.270, -3.840e-7
-1.269, -4.225e-7
-1.268, -3.810e-7
-1.267, -4.412e-7
-1.266, -4.185e-7
-1.265, -4.284e-7
-1.264, -4.600e-7
-1.263, -4.225e-7
-1.262, -4.491e-7
-1.261, -4.560e-7
-1.260, -4.659e-7
-1.259, -4.600e-7
-1.258, -4.491e-7
-1.257, -5.043e-7
-1.256, -4.590e-7
-1.255, -4.866e-7
-1.254, -5.103e-7
-1.253, -5.122e-7
-1.252, -5.024e-7
-1.251, -5.093e-7
-1.250, -5.231e-7
-1.249, -5.182e-7
-1.248, -5.448e-7
-1.247, -5.764e-7
-1.246, -5.280e-7
-1.245, -5.852e-7
-1.244, -5.665e-7
-1.243, -5.991e-7
-1.242, -5.971e-7
-1.241, -5.537e-7
-1.240, -6.148e-7
-1.239, -5.872e-7
-1.238, -6.198e-7
-1.237, -6.089e-7
-1.236, -5.704e-7
-1.235, -6.583e-7
-1.234, -6.089e-7
-1.233, -6.336e-7
-1.232, -6.454e-7
-1.231, -6.356e-7
-1.230, -6.514e-7
-1.229, -6.671e-7
-1.228, -7.105e-7
-1.227, -6.918e-7
-1.226, -6.809e-7
-1.225, -7.086e-7
-1.224, -6.691e-7
-1.223, -7.372e-7
-1.222, -7.184e-7
-1.221, -6.938e-7
-1.220, -7.323e-7
-1.219, -7.244e-7
-1.218, -7.214e-7
-1.217, -7.332e-7
-1.216, -7.431e-7
-1.215, -7.638e-7
-1.214, -7.283e-7
-1.213, -8.043e-7
-1.212, -7.540e-7
-1.211, -7.628e-7
-1.210, -8.092e-7
-1.209, -7.984e-7
-1.208, -7.875e-7
-1.207, -7.895e-7
-1.206, -8.378e-7
-1.205, -7.905e-7
-1.204, -8.092e-7
-1.203, -8.684e-7
-1.202, -8.181e-7
-1.201, -8.645e-7
-1.200, -8.408e-7
-1.199, -8.319e-7
-1.198, -8.585e-7
-1.197, -8.605e-7
-1.196, -8.743e-7
-1.195, -9.039e-7
-1.194, -8.960e-7
-1.193, -8.684e-7
-1.192, -8.674e-7
-1.191, -8.980e-7
-1.190, -9.197e-7
-1.189, -9.197e-7
-1.188, -9.503e-7
-1.187, -9.375e-7
-1.186, -9.365e-7
-1.185, -9.394e-7
-1.184, -9.493e-7
-1.183, -9.513e-7
-1.182, -9.592e-7
-1.181, -9.848e-7
-1.180, -9.562e-7
-1.179, -9.858e-7
-1.178, -9.917e-7
-1.177, -9.986e-7
-1.176, -1.027e-6
-1.175, -1.019e-6
-1.174, -1.046e-6
-1.173, -1.035e-6
-1.172, -1.030e-6
-1.171, -1.090e-6
-1.170, -1.014e-6
-1.169, -1.069e-6
-1.168, -1.074e-6
-1.167, -1.064e-6
-1.166, -1.102e-6
-1.165, -1.066e-6
-1.164, -1.127e-6
-1.163, -1.132e-6
-1.162, -1.086e-6
-1.161, -1.130e-6
-1.160, -1.069e-6
-1.159, -1.151e-6
-1.158, -1.150e-6
-1.157, -1.118e-6
-1.156, -1.151e-6
-1.155, -1.165e-6
-1.154, -1.151e-6
-1.153, -1.200e-6
-1.152, -1.171e-6
-1.151, -1.188e-6
-1.150, -1.191e-6
-1.149, -1.237e-6
-1.148, -1.214e-6
-1.147, -1.253e-6
-1.146, -1.235e-6
-1.145, -1.266e-6
-1.144, -1.249e-6
-1.143, -1.239e-6
-1.142, -1.291e-6
-1.141, -1.254e-6
-1.140, -1.288e-6
-1.139, -1.324e-6
-1.138, -1.275e-6
-1.137, -1.324e-6
-1.136, -1.320e-6
-1.135, -1.343e-6
-1.134, -1.323e-6
-1.133, -1.358e-6
-1.132, -1.362e-6
-1.131, -1.353e-6
-1.130, -1.415e-6
-1.129, -1.391e-6
-1.128, -1.375e-6
-1.127, -1.409e-6
-1.126, -1.381e-6
-1.125, -1.450e-6
-1.124, -1.430e-6
-1.123, -1.456e-6
-1.122, -1.432e-6
-1.121, -1.450e-6
-1.120, -1.455e-6
-1.119, -1.461e-6
-1.118, -1.513e-6
-1.117, -1.491e-6
-1.116, -1.507e-6
-1.115, -1.498e-6
-1.114, -1.527e-6
-1.113, -1.552e-6
-1.112, -1.493e-6
-1.111, -1.563e-6
-1.110, -1.540e-6
-1.109, -1.552e-6
-1.108, -1.559e-6
-1.107, -1.570e-6
-1.106, -1.584e-6
-1.105, -1.591e-6
-1.104, -1.613e-6
-1.103, -1.595e-6
-1.102, -1.599e-6
-1.101, -1.616e-6
-1.100, -1.582e-6
-1.099, -1.628e-6
-1.098, -1.627e-6
-1.097, -1.669e-6
-1.096, -1.633e-6
-1.095, -1.637e-6
-1.094, -1.705e-6
-1.093, -1.646e-6
-1.092, -1.677e-6
-1.091, -1.681e-6
-1.090, -1.653e-6
-1.089, -1.696e-6
-1.088, -1.649e-6
-1.087, -1.696e-6
-1.086, -1.666e-6
-1.085, -1.701e-6
-1.084, -1.726e-6
-1.083, -1.661e-6
-1.082, -1.686e-6
-1.081, -1.704e-6
-1.080, -1.685e-6
-1.079, -1.714e-6
-1.078, -1.683e-6
-1.077, -1.699e-6
-1.076, -1.736e-6
-1.075, -1.749e-6
-1.074, -1.682e-6
-1.073, -1.702e-6
-1.072, -1.738e-6
-1.071, -1.699e-6
-1.070, -1.706e-6
-1.069, -1.706e-6
-1.068, -1.655e-6
-1.067, -1.714e-6
-1.066, -1.661e-6
-1.065, -1.711e-6
-1.064, -1.652e-6
-1.063, -1.676e-6
-1.062, -1.672e-6
-1.061, -1.617e-6
-1.060, -1.694e-6
-1.059, -1.651e-6
-1.058, -1.642e-6
-1.057, -1.669e-6
-1.056, -1.628e-6
-1.055, -1.642e-6
-1.054, -1.626e-6
-1.053, -1.634e-6
-1.052, -1.609e-6
-1.051, -1.646e-6
-1.050, -1.609e-6
-1.049, -1.614e-6
-1.048, -1.593e-6
-1.047, -1.584e-6
-1.046, -1.593e-6
-1.045, -1.546e-6
-1.044, -1.588e-6
-1.043, -1.555e-6
-1.042, -1.542e-6
-1.041, -1.582e-6
-1.040, -1.521e-6
-1.039, -1.561e-6
-1.038, -1.550e-6
-1.037, -1.541e-6
-1.036, -1.514e-6
-1.035, -1.502e-6
-1.034, -1.525e-6
-1.033, -1.498e-6
-1.032, -1.518e-6
-1.031, -1.514e-6
-1.030, -1.483e-6
-1.029, -1.512e-6
-1.028, -1.473e-6
-1.027, -1.473e-6
-1.026, -1.442e-6
-1.025, -1.499e-6
-1.024, -1.454e-6
-1.023, -1.451e-6
-1.022, -1.474e-6
-1.021, -1.439e-6
-1.020, -1.468e-6
-1.019, -1.428e-6
-1.018, -1.427e-6
-1.017, -1.443e-6
-1.016, -1.427e-6
-1.015, -1.447e-6
-1.014, -1.424e-6
-1.013, -1.434e-6
-1.012, -1.440e-6
-1.011, -1.432e-6
-1.010, -1.450e-6
-1.009, -1.417e-6
-1.008, -1.430e-6
-1.007, -1.415e-6
-1.006, -1.458e-6
-1.005, -1.393e-6
-1.004, -1.398e-6
-1.003, -1.415e-6
-1.002, -1.388e-6
-1.001, -1.421e-6
-1.000, -1.146e-6
-1.001, -9.819e-7
-1.002, -8.299e-7
-1.003, -7.283e-7
-1.004, -7.204e-7
-1.005, -6.040e-7
-1.006, -5.803e-7
-1.007, -5.330e-7
-1.008, -4.491e-7
-1.009, -4.086e-7
-1.010, -3.919e-7
-1.011, -3.731e-7
-1.012, -2.981e-7
-1.013, -2.942e-7
-1.014, -2.449e-7
-1.015, -2.034e-7
-1.016, -2.024e-7
-1.017, -1.610e-7
-1.018, -1.669e-7
-1.019, -9.195e-8
-1.020, -1.067e-7
-1.021, -5.939e-8
-1.022, -5.249e-8
-1.023, -7.123e-8
-1.024, 2.545e-8
-1.025, 1.066e-8
-1.026, 1.066e-8
-1.027, 5.900e-8
-1.028, 8.662e-8
-1.029, 7.774e-8
-1.030, 1.290e-7
-1.031, 1.241e-7
-1.032, 1.202e-7
-1.033, 1.596e-7
-1.034, 1.863e-7
-1.035, 1.794e-7
-1.036, 1.991e-7
-1.037, 1.912e-7
-1.038, 2.563e-7
-1.039, 1.981e-7
-1.040, 2.682e-7
-1.041, 2.514e-7
-1.042, 2.662e-7
-1.043, 3.017e-7
-1.044, 2.751e-7
-1.045, 3.382e-7
-1.046, 3.017e-7
-1.047, 3.293e-7
-1.048, 3.343e-7
-1.049, 3.550e-7
-1.050, 3.737e-7
-1.051, 3.727e-7
-1.052, 4.013e-7
-1.053, 4.122e-7
-1.054, 4.122e-7
-1.055, 4.221e-7
-1.056, 4.428e-7
-1.057, 4.181e-7
-1.058, 4.211e-7
-1.059, 4.842e-7
-1.060, 4.605e-7
-1.061, 4.763e-7
-1.062, 4.872e-7
-1.063, 4.753e-7
-1.064, 5.493e-7
-1.065, 5.128e-7
-1.066, 5.720e-7
-1.067, 5.197e-7
-1.068, 5.503e-7
-1.069, 5.493e-7
-1.070, 5.365e-7
-1.071, 5.779e-7
-1.072, 5.701e-7
-1.073, 5.572e-7
-1.074, 5.799e-7
-1.075, 5.829e-7
-1.076, 5.898e-7
-1.077, 5.858e-7
-1.078, 6.559e-7
-1.079, 6.036e-7
-1.080, 6.648e-7
-1.081, 6.302e-7
-1.082, 6.391e-7
-1.083, 6.628e-7
-1.084, 6.519e-7
-1.085, 6.746e-7
-1.086, 6.529e-7
-1.087, 6.855e-7
-1.088, 6.894e-7
-1.089, 6.776e-7
-1.090, 7.052e-7
-1.091, 7.082e-7
-1.092, 6.993e-7
-1.093, 7.250e-7
-1.094, 7.388e-7
-1.095, 7.240e-7
-1.096, 7.467e-7
-1.097, 7.417e-7
-1.098, 7.565e-7
-1.099, 7.693e-7
-1.100, 7.545e-7
-1.101, 7.861e-7
-1.102, 7.891e-7
-1.103, 7.980e-7
-1.104, 7.851e-7
-1.105, 8.029e-7
-1.106, 8.187e-7
-1.107, 7.980e-7
-1.108, 7.930e-7
-1.109, 8.216e-7
-1.110, 8.315e-7
-1.111, 8.433e-7
-1.112, 8.522e-7
-1.113, 8.493e-7
-1.114, 8.147e-7
-1.115, 9.025e-7
-1.116, 8.532e-7
-1.117, 8.680e-7
-1.118, 8.749e-7
-1.119, 8.621e-7
-1.120, 8.976e-7
-1.121, 8.838e-7
-1.122, 9.400e-7
-1.123, 8.897e-7
-1.124, 9.213e-7
-1.125, 9.272e-7
-1.126, 9.311e-7
-1.127, 8.937e-7
-1.128, 9.519e-7
-1.129, 9.242e-7
-1.130, 9.351e-7
-1.131, 1.008e-6
-1.132, 9.075e-7
-1.133, 9.874e-7
-1.134, 9.825e-7
-1.135, 9.647e-7
-1.136, 9.943e-7
-1.137, 9.558e-7
-1.138, 1.022e-6
-1.139, 9.815e-7
-1.140, 1.022e-6
-1.141, 1.000e-6
-1.142, 1.013e-6
-1.143, 1.018e-6
-1.144, 1.044e-6
-1.145, 1.039e-6
-1.146, 1.024e-6
-1.147, 1.065e-6
-1.148, 1.023e-6
-1.149, 1.093e-6
-1.150, 1.059e-6
-1.151, 1.088e-6
-1.152, 1.070e-6
-1.153, 1.098e-6
-1.154, 1.093e-6
-1.155, 1.115e-6
-1.156, 1.136e-6
-1.157, 1.108e-6
-1.158, 1.107e-6
-1.159, 1.120e-6
-1.160, 1.130e-6
-1.161, 1.147e-6
-1.162, 1.093e-6
-1.163, 1.173e-6
-1.164, 1.131e-6
-1.165, 1.169e-6
-1.166, 1.189e-6
-1.167, 1.165e-6
-1.168, 1.204e-6
-1.169, 1.191e-6
-1.170, 1.204e-6
-1.171, 1.172e-6
-1.172, 1.235e-6
-1.173, 1.213e-6
-1.174, 1.219e-6
-1.175, 1.208e-6
-1.176, 1.219e-6
-1.177, 1.212e-6
-1.178, 1.256e-6
-1.179, 1.277e-6
-1.180, 1.234e-6
-1.181, 1.260e-6
-1.182, 1.256e-6
-1.183, 1.284e-6
-1.184, 1.272e-6
-1.185, 1.289e-6
-1.186, 1.316e-6
-1.187, 1.275e-6
-1.188, 1.315e-6
-1.189, 1.304e-6
-1.190, 1.307e-6
-1.191, 1.319e-6
-1.192, 1.335e-6
-1.193, 1.289e-6
-1.194, 1.346e-6
-1.195, 1.374e-6
-1.196, 1.320e-6
-1.197, 1.367e-6
-1.198, 1.335e-6
-1.199, 1.376e-6
-1.200, 1.378e-6
-1.201, 1.409e-6
-1.202, 1.388e-6
-1.203, 1.378e-6
-1.204, 1.431e-6
-1.205, 1.392e-6
-1.206, 1.420e-6
-1.207, 1.407e-6
-1.208, 1.436e-6
-1.209, 1.394e-6
-1.210, 1.435e-6
-1.211, 1.440e-6
-1.212, 1.407e-6
-1.213, 1.475e-6
-1.214, 1.464e-6
-1.215, 1.480e-6
-1.216, 1.472e-6
-1.217, 1.488e-6
-1.218, 1.517e-6
-1.219, 1.510e-6
-1.220, 1.504e-6
-1.221, 1.507e-6
-1.222, 1.503e-6
-1.223, 1.533e-6
-1.224, 1.541e-6
-1.225, 1.540e-6
-1.226, 1.527e-6
-1.227, 1.558e-6
-1.228, 1.510e-6
-1.229, 1.570e-6
-1.230, 1.559e-6
-1.231, 1.581e-6
-1.232, 1.572e-6
-1.233, 1.568e-6
-1.234, 1.635e-6
-1.235, 1.608e-6
-1.236, 1.603e-6
-1.237, 1.614e-6
-1.238, 1.608e-6
-1.239, 1.666e-6
-1.240, 1.634e-6
-1.241, 1.659e-6
-1.242, 1.678e-6
-1.243, 1.648e-6
-1.244, 1.632e-6
-1.245, 1.704e-6
-1.246, 1.696e-6
-1.247, 1.649e-6
-1.248, 1.710e-6
-1.249, 1.690e-6
-1.250, 1.717e-6
-1.251, 1.738e-6
-1.252, 1.715e-6
-1.253, 1.746e-6
-1.254, 1.748e-6
-1.255, 1.748e-6
-1.256, 1.748e-6
-1.257, 1.778e-6
-1.258, 1.771e-6
-1.259, 1.768e-6
-1.260, 1.763e-6
-1.261, 1.826e-6
-1.262, 1.807e-6
-1.263, 1.790e-6
-1.264, 1.838e-6
-1.265, 1.792e-6
-1.266, 1.837e-6
-1.267, 1.844e-6
-1.268, 1.872e-6
-1.269, 1.844e-6
-1.270, 1.878e-6
-1.271, 1.903e-6
-1.272, 1.861e-6
-1.273, 1.890e-6
-1.274, 1.875e-6
-1.275, 1.922e-6
-1.276, 1.914e-6
-1.277, 1.946e-6
-1.278, 1.921e-6
-1.279, 1.943e-6
-1.280, 2.006e-6
-1.281, 1.957e-6
-1.282, 1.971e-6
-1.283, 2.025e-6
-1.284, 1.990e-6
-1.285, 2.039e-6
-1.286, 2.008e-6
-1.287, 2.048e-6
-1.288, 2.038e-6
-1.289, 2.097e-6
-1.290, 2.092e-6
-1.291, 2.083e-6
-1.292, 2.088e-6
-1.293, 2.104e-6
-1.294, 2.126e-6
-1.295, 2.116e-6
-1.296, 2.178e-6
-1.297, 2.147e-6
-1.298, 2.186e-6
-1.299, 2.246e-6
-1.300, 2.211e-6
-1.301, 2.253e-6
-1.302, 2.218e-6
-1.303, 2.256e-6
-1.304, 2.286e-6
-1.305, 2.267e-6
-1.306, 2.317e-6
-1.307, 2.303e-6
-1.308, 2.315e-6
-1.309, 2.361e-6
-1.310, 2.388e-6
-1.311, 2.377e-6
-1.312, 2.425e-6
-1.313, 2.422e-6
-1.314, 2.438e-6
-1.315, 2.513e-6
-1.316, 2.501e-6
-1.317, 2.496e-6
-1.318, 2.515e-6
-1.319, 2.544e-6
-1.320, 2.585e-6
-1.321, 2.580e-6
-1.322, 2.631e-6
-1.323, 2.614e-6
-1.324, 2.665e-6
-1.325, 2.728e-6
-1.326, 2.692e-6
-1.327, 2.745e-6
-1.328, 2.743e-6
-1.329, 2.759e-6
-1.330, 2.836e-6
-1.331, 2.815e-6
-1.332, 2.873e-6
-1.333, 2.883e-6
-1.334, 2.928e-6
-1.335, 2.944e-6
-1.336, 2.965e-6
-1.337, 3.016e-6
-1.338, 3.042e-6
-1.339, 3.073e-6
-1.340, 3.093e-6
-1.341, 3.144e-6
-1.342, 3.111e-6
-1.343, 3.244e-6
-1.344, 3.232e-6
-1.345, 3.262e-6
-1.346, 3.326e-6
-1.347, 3.317e-6
-1.348, 3.374e-6
-1.349, 3.396e-6
-1.350, 3.449e-6
-1.351, 3.472e-6
-1.352, 3.550e-6
-1.353, 3.556e-6
-1.354, 3.604e-6
-1.355, 3.647e-6
-1.356, 3.658e-6
-1.357, 3.744e-6
-1.358, 3.757e-6
-1.359, 3.846e-6
-1.360, 3.882e-6
-1.361, 3.912e-6
-1.362, 3.995e-6
-1.363, 4.011e-6
-1.364, 4.059e-6
-1.365, 4.132e-6
-1.366, 4.193e-6
-1.367, 4.183e-6
-1.368, 4.305e-6
-1.369, 4.331e-6
-1.370, 4.421e-6
-1.371, 4.471e-6
-1.372, 4.546e-6
-1.373, 4.591e-6
-1.374, 4.591e-6
-1.375, 4.747e-6
-1.376, 4.766e-6
-1.377, 4.832e-6
-1.378, 4.926e-6
-1.379, 4.953e-6
-1.380, 5.073e-6
-1.381, 5.109e-6
-1.382, 5.220e-6
-1.383, 5.259e-6
-1.384, 5.409e-6
-1.385, 5.416e-6
-1.386, 5.542e-6
-1.387, 5.596e-6
-1.388, 5.683e-6
-1.389, 5.745e-6
-1.390, 5.849e-6
-1.391, 5.970e-6
-1.392, 6.014e-6
-1.393, 6.089e-6
-1.394, 6.195e-6
-1.395, 6.332e-6
-1.396, 6.349e-6
-1.397, 6.486e-6
-1.398, 6.546e-6
-1.399, 6.652e-6
-1.400, 6.771e-6
-1.401, 6.882e-6
-1.402, 6.962e-6
-1.403, 7.084e-6
-1.404, 7.239e-6
-1.405, 7.293e-6
-1.406, 7.442e-6
-1.407, 7.546e-6
-1.408, 7.689e-6
-1.409, 7.779e-6
-1.410, 7.939e-6
-1.411, 7.996e-6
-1.412, 8.124e-6
-1.413, 8.294e-6
-1.414, 8.367e-6
-1.415, 8.529e-6
-1.416, 8.659e-6
-1.417, 8.793e-6
-1.418, 8.903e-6
-1.419, 9.046e-6
-1.420, 9.240e-6
-1.421, 9.345e-6
-1.422, 9.522e-6
-1.423, 9.663e-6
-1.424, 9.815e-6
-1.425, 9.959e-6
-1.426, 1.009e-5
-1.427, 1.020e-5
-1.428, 1.038e-5
-1.429, 1.058e-5
-1.430, 1.076e-5
-1.431, 1.092e-5
-1.432, 1.109e-5
-1.433, 1.127e-5
-1.434, 1.142e-5
-1.435, 1.162e-5
-1.436, 1.175e-5
-1.437, 1.198e-5
-1.438, 1.213e-5
-1.439, 1.235e-5
-1.440, 1.254e-5
-1.441, 1.272e-5
-1.442, 1.292e-5
-1.443, 1.307e-5
-1.444, 1.332e-5
-1.445, 1.353e-5
-1.446, 1.372e-5
-1.447, 1.393e-5
-1.448, 1.414e-5
-1.449, 1.434e-5
-1.450, 1.458e-5
-1.451, 1.487e-5
-1.452, 1.497e-5
-1.453, 1.520e-5
-1.454, 1.546e-5
-1.455, 1.576e-5
-1.456, 1.597e-5
-1.457, 1.614e-5
-1.458, 1.641e-5
-1.459, 1.664e-5
-1.460, 1.698e-5
-1.461, 1.717e-5
-1.462, 1.740e-5
-1.463, 1.765e-5
-1.464, 1.792e-5
-1.465, 1.822e-5
-1.466, 1.846e-5
-1.467, 1.875e-5
-1.468, 1.904e-5
-1.469, 1.928e-5
-1.470, 1.959e-5
-1.471, 1.989e-5
-1.472, 2.014e-5
-1.473, 2.039e-5
-1.474, 2.072e-5
-1.475, 2.112e-5
-1.476, 2.138e-5
-1.477, 2.161e-5
-1.478, 2.197e-5
-1.479, 2.241e-5
-1.480, 2.267e-5
-1.481, 2.290e-5
-1.482, 2.332e-5
-1.483, 2.372e-5
-1.484, 2.403e-5
-1.485, 2.419e-5
-1.486, 2.461e-5
-1.487, 2.504e-5
-1.488, 2.530e-5
-1.489, 2.566e-5
-1.490, 2.613e-5
-1.491, 2.645e-5
-1.492, 2.680e-5
-1.493, 2.721e-5
-1.494, 2.757e-5
-1.495, 2.794e-5
-1.496, 2.819e-5
-1.497, 2.879e-5
-1.498, 2.915e-5
-1.499, 2.950e-5
-1.500, 3.009e-5
-1.501, 3.041e-5
-1.502, 3.076e-5
-1.503, 3.136e-5
-1.504, 3.174e-5
-1.505, 3.203e-5
-1.506, 3.279e-5
-1.507, 3.312e-5
-1.508, 3.359e-5
-1.509, 3.406e-5
-1.510, 3.453e-5
-1.511, 3.497e-5
-1.512, 3.547e-5
-1.513, 3.583e-5
-1.514, 3.649e-5
-1.515, 3.699e-5
-1.516, 3.748e-5
-1.517, 3.807e-5
-1.518, 3.852e-5
-1.519, 3.918e-5
-1.520, 3.957e-5
-1.521, 4.021e-5
-1.522, 4.075e-5
-1.523, 4.123e-5
-1.524, 4.191e-5
-1.525, 4.237e-5
-1.526, 4.311e-5
-1.527, 4.349e-5
-1.528, 4.422e-5
-1.529, 4.491e-5
-1.530, 4.551e-5
-1.531, 4.610e-5
-1.532, 4.677e-5
-1.533, 4.736e-5
-1.534, 4.809e-5
-1.535, 4.866e-5
-1.536, 4.938e-5
-1.537, 5.004e-5
-1.538, 5.077e-5
-1.539, 5.150e-5
-1.540, 5.226e-5
-1.541, 5.304e-5
-1.542, 5.360e-5
-1.543, 5.442e-5
-1.544, 5.505e-5
-1.545, 5.595e-5
-1.546, 5.677e-5
-1.547, 5.745e-5
-1.548, 5.828e-5
-1.549, 5.913e-5
-1.550, 5.994e-5
-1.551, 6.076e-5
-1.552, 6.123e-5
-1.553, 6.238e-5
-1.554, 6.321e-5
-1.555, 6.420e-5
-1.556, 6.527e-5
-1.557, 6.616e-5
-1.558, 6.707e-5
-1.559, 6.809e-5
-1.560, 6.884e-5
-1.561, 6.972e-5
-1.562, 7.078e-5
-1.563, 7.178e-5
-1.564, 7.274e-5
-1.565, 7.364e-5
-1.566, 7.470e-5
-1.567, 7.586e-5
-1.568, 7.678e-5
-1.569, 7.784e-5
-1.570, 7.877e-5
-1.571, 8.000e-5
-1.572, 8.099e-5
-1.573, 8.201e-5
-1.574, 8.323e-5
-1.575, 8.440e-5
-1.576, 8.554e-5
-1.577, 8.687e-5
-1.578, 8.770e-5
-1.579, 8.904e-5
-1.580, 9.042e-5
-1.581, 9.170e-5
-1.582, 9.286e-5
-1.583, 9.400e-5
-1.584, 9.530e-5
-1.585, 9.625e-5
-1.586, 9.758e-5
-1.587, 9.909e-5
-1.588, 1.005e-4
-1.589, 1.020e-4
-1.590, 1.028e-4
-1.591, 1.042e-4
-1.592, 1.058e-4
-1.593, 1.074e-4
-1.594, 1.087e-4
-1.595, 1.102e-4
-1.596, 1.114e-4
-1.597, 1.131e-4
-1.598, 1.145e-4
-1.599, 1.160e-4
-1.600, 1.155e-4
-1.599, 1.140e-4
-1.598, 1.127e-4
-1.597, 1.112e-4
-1.596, 1.104e-4
-1.595, 1.089e-4
-1.594, 1.076e-4
-1.593, 1.062e-4
-1.592, 1.053e-4
-1.591, 1.042e-4
-1.590, 1.029e-4
-1.589, 1.016e-4
-1.588, 1.006e-4
-1.587, 9.877e-5
-1.586, 9.767e-5
-1.585, 9.633e-5
-1.584, 9.515e-5
-1.583, 9.399e-5
-1.582, 9.263e-5
-1.581, 9.154e-5
-1.580, 9.023e-5
-1.579, 8.917e-5
-1.578, 8.791e-5
-1.577, 8.680e-5
-1.576, 8.567e-5
-1.575, 8.457e-5
-1.574, 8.352e-5
-1.573, 8.242e-5
-1.572, 8.141e-5
-1.571, 8.043e-5
-1.570, 7.919e-5
-1.569, 7.807e-5
-1.568, 7.685e-5
-1.567, 7.584e-5
-1.566, 7.484e-5
-1.565, 7.391e-5
-1.564, 7.305e-5
-1.563, 7.200e-5
-1.562, 7.085e-5
-1.561, 6.990e-5
-1.560, 6.885e-5
-1.559, 6.796e-5
-1.558, 6.697e-5
-1.557, 6.606e-5
-1.556, 6.501e-5
-1.555, 6.403e-5
-1.554, 6.334e-5
-1.553, 6.225e-5
-1.552, 6.126e-5
-1.551, 6.043e-5
-1.550, 5.961e-5
-1.549, 5.876e-5
-1.548, 5.787e-5
-1.547, 5.710e-5
-1.546, 5.633e-5
-1.545, 5.544e-5
-1.544, 5.459e-5
-1.543, 5.374e-5
-1.542, 5.298e-5
-1.541, 5.209e-5
-1.540, 5.154e-5
-1.539, 5.056e-5
-1.538, 4.983e-5
-1.537, 4.914e-5
-1.536, 4.827e-5
-1.535, 4.773e-5
-1.534, 4.693e-5
-1.533, 4.612e-5
-1.532, 4.551e-5
-1.531, 4.468e-5
-1.530, 4.409e-5
-1.529, 4.332e-5
-1.528, 4.270e-5
-1.527, 4.210e-5
-1.526, 4.135e-5
-1.525, 4.082e-5
-1.524, 4.000e-5
-1.523, 3.951e-5
-1.522, 3.872e-5
-1.521, 3.827e-5
-1.520, 3.760e-5
-1.519, 3.704e-5
-1.518, 3.628e-5
-1.517, 3.587e-5
-1.516, 3.516e-5
-1.515, 3.472e-5
-1.514, 3.406e-5
-1.513, 3.358e-5
-1.512, 3.293e-5
-1.511, 3.245e-5
-1.510, 3.189e-5
-1.509, 3.126e-5
-1.508, 3.090e-5
-1.507, 3.026e-5
-1.506, 2.988e-5
-1.505, 2.927e-5
-1.504, 2.879e-5
-1.503, 2.837e-5
-1.502, 2.780e-5
-1.501, 2.741e-5
-1.500, 2.696e-5
-1.499, 2.650e-5
-1.498, 2.603e-5
-1.497, 2.553e-5
-1.496, 2.514e-5
-1.495, 2.467e-5
-1.494, 2.425e-5
-1.493, 2.379e-5
-1.492, 2.342e-5
-1.491, 2.298e-5
-1.490, 2.256e-5
-1.489, 2.219e-5
-1.488, 2.172e-5
-1.487, 2.137e-5
-1.486, 2.102e-5
-1.485, 2.055e-5
-1.484, 2.026e-5
-1.483, 1.993e-5
-1.482, 1.953e-5
-1.481, 1.918e-5
-1.480, 1.885e-5
-1.479, 1.853e-5
-1.478, 1.817e-5
-1.477, 1.784e-5
-1.476, 1.752e-5
-1.475, 1.723e-5
-1.474, 1.682e-5
-1.473, 1.653e-5
-1.472, 1.626e-5
-1.471, 1.597e-5
-1.470, 1.562e-5
-1.469, 1.533e-5
-1.468, 1.507e-5
-1.467, 1.475e-5
-1.466, 1.449e-5
-1.465, 1.421e-5
-1.464, 1.396e-5
-1.463, 1.368e-5
-1.462, 1.342e-5
-1.461, 1.314e-5
-1.460, 1.288e-5
-1.459, 1.266e-5
-1.458, 1.238e-5
-1.457, 1.214e-5
-1.456, 1.189e-5
-1.455, 1.166e-5
-1.454, 1.146e-5
-1.453, 1.121e-5
-1.452, 1.100e-5
-1.451, 1.081e-5
-1.450, 1.053e-5
-1.449, 1.039e-5
-1.448, 1.016e-5
-1.447, 9.967e-6
-1.446, 9.725e-6
-1.445, 9.526e-6
-1.444, 9.375e-6
-1.443, 9.123e-6
-1.442, 9.012e-6
-1.441, 8.794e-6
-1.440, 8.665e-6
-1.439, 8.444e-6
-1.438, 8.258e-6
-1.437, 8.077e-6
-1.436, 7.913e-6
-1.435, 7.716e-6
-1.434, 7.578e-6
-1.433, 7.438e-6
-1.432, 7.205e-6
-1.431, 7.116e-6
-1.430, 6.926e-6
-1.429, 6.770e-6
-1.428, 6.587e-6
-1.427, 6.501e-6
-1.426, 6.352e-6
-1.425, 6.208e-6
-1.424, 6.100e-6
-1.423, 5.939e-6
-1.422, 5.818e-6
-1.421, 5.696e-6
-1.420, 5.574e-6
-1.419, 5.449e-6
-1.418, 5.309e-6
-1.417, 5.186e-6
-1.416, 5.081e-6
-1.415, 4.953e-6
-1.414, 4.903e-6
-1.413, 4.710e-6
-1.412, 4.648e-6
-1.411, 4.492e-6
-1.410, 4.409e-6
-1.409, 4.350e-6
-1.408, 4.211e-6
-1.407, 4.099e-6
-1.406, 4.019e-6
-1.405, 3.957e-6
-1.404, 3.853e-6
-1.403, 3.730e-6
-1.402, 3.661e-6
-1.401, 3.574e-6
-1.400, 3.445e-6
-1.399, 3.391e-6
-1.398, 3.324e-6
-1.397, 3.227e-6
-1.396, 3.147e-6
-1.395, 3.038e-6
-1.394, 2.989e-6
-1.393, 2.907e-6
-1.392, 2.845e-6
-1.391, 2.737e-6
-1.390, 2.702e-6
-1.389, 2.605e-6
-1.388, 2.551e-6
-1.387, 2.510e-6
-1.386, 2.423e-6
-1.385, 2.362e-6
-1.384, 2.281e-6
-1.383, 2.240e-6
-1.382, 2.152e-6
-1.381, 2.121e-6
-1.380, 2.048e-6
-1.379, 1.958e-6
-1.378, 1.917e-6
-1.377, 1.895e-6
-1.376, 1.821e-6
-1.375, 1.755e-6
-1.374, 1.711e-6
-1.373, 1.665e-6
-1.372, 1.632e-6
-1.371, 1.569e-6
-1.370, 1.541e-6
-1.369, 1.468e-6
-1.368, 1.432e-6
-1.367, 1.375e-6
-1.366, 1.325e-6
-1.365, 1.268e-6
-1.364, 1.272e-6
-1.363, 1.213e-6
-1.362, 1.156e-6
-1.361, 1.134e-6
-1.360, 1.098e-6
-1.359, 1.079e-6
-1.358, 1.001e-6
-1.357, 9.864e-7
-1.356, 9.272e-7
-1.355, 9.351e-7
-1.354, 8.700e-7
-1.353, 8.650e-7
-1.352, 7.851e-7
-1.351, 7.812e-7
-1.350, 7.319e-7
-1.349, 7.319e-7
-1.348, 6.687e-7
-1.347, 6.253e-7
-1.346, 6.095e-7
-1.345, 6.135e-7
-1.344, 5.720e-7
-1.343, 5.306e-7
-1.342, 5.276e-7
-1.341, 4.665e-7
-1.340, 4.556e-7
-1.339, 4.448e-7
-1.338, 4.142e-7
-1.337, 3.639e-7
-1.336, 3.717e-7
-1.335, 3.175e-7
-1.334, 3.126e-7
-1.333, 2.849e-7
-1.332, 2.741e-7
-1.331, 2.395e-7
-1.330, 1.932e-7
-1.329, 2.356e-7
-1.328, 1.646e-7
-1.327, 1.803e-7
-1.326, 1.784e-7
-1.325, 9.057e-8
-1.324, 1.152e-7
-1.323, 1.024e-7
-1.322, 7.084e-8
-1.321, 3.631e-8
-1.320, 7.084e-8
-1.319, -8.090e-9
-1.318, 5.722e-9
-1.317, -1.500e-8
-1.316, -3.966e-8
-1.315, -5.150e-8
-1.314, -5.643e-8
-1.313, -9.984e-8
-1.312, -1.166e-7
-1.311, -1.373e-7
-1.310, -2.015e-7
-1.309, -2.222e-7
-1.308, -2.439e-7
-1.307, -2.123e-7
-1.306, -1.936e-7
-1.305, -1.857e-7
-1.304, -1.827e-7
-1.303, -1.985e-7
-1.302, -2.370e-7
-1.301, -2.399e-7
-1.300, -2.429e-7
-1.299, -2.518e-7
-1.298, -2.567e-7
-1.297, -2.981e-7
-1.296, -2.755e-7
-1.295, -3.169e-7
-1.294, -2.794e-7
-1.293, -3.307e-7
-1.292, -3.356e-7
-1.291, -3.297e-7
-1.290, -3.337e-7
-1.289, -3.356e-7
-1.288, -3.721e-7
-1.287, -3.751e-7
-1.286, -3.810e-7
-1.285, -3.731e-7
-1.284, -4.027e-7
-1.283, -4.017e-7
-1.282, -4.017e-7
-1.281, -4.126e-7
-1.280, -4.363e-7
-1.279, -4.461e-7
-1.278, -4.392e-7
-1.277, -4.718e-7
-1.276, -4.333e-7
-1.275, -4.826e-7
-1.274, -5.034e-7
-1.273, -4.757e-7
-1.272, -4.856e-7
-1.271, -4.747e-7
-1.270, -5.320e-7
-1.269, -5.241e-7
-1.268, -5.231e-7
-1.267, -5.221e-7
-1.266, -5.201e-7
-1.265, -5.527e-7
-1.264, -5.389e-7
-1.263, -5.606e-7
-1.262, -5.527e-7
-1.261, -5.872e-7
-1.260, -5.359e-7
-1.259, -5.616e-7
-1.258, -5.764e-7
-1.257, -5.813e-7
-1.256, -5.852e-7
-1.255, -6.129e-7
-1.254, -5.783e-7
-1.253, -5.912e-7
-1.252, -6.356e-7
-1.251, -6.119e-7
-1.250, -6.208e-7
-1.249, -6.208e-7
-1.248, -6.553e-7
-1.247, -6.050e-7
-1.246, -6.523e-7
-1.245, -6.553e-7
-1.244, -6.701e-7
-1.243, -6.543e-7
-1.242, -6.800e-7
-1.241, -6.661e-7
-1.240, -6.533e-7
-1.239, -7.017e-7
-1.238, -6.602e-7
-1.237, -7.293e-7
-1.236, -7.135e-7
-1.235, -6.740e-7
-1.234, -7.135e-7
-1.233, -6.908e-7
-1.232, -7.076e-7
-1.231, -6.977e-7
-1.230, -7.421e-7
-1.229, -7.204e-7
-1.228, -7.392e-7
-1.227, -7.540e-7
-1.226, -7.520e-7
-1.225, -7.362e-7
-1.224, -7.569e-7
-1.223, -7.875e-7
-1.222, -7.214e-7
-1.221, -7.984e-7
-1.220, -7.589e-7
-1.219, -7.895e-7
-1.218, -8.161e-7
-1.217, -7.786e-7
-1.216, -8.210e-7
-1.215, -7.747e-7
-1.214, -8.161e-7
-1.213, -8.319e-7
-1.212, -8.270e-7
-1.211, -8.339e-7
-1.210, -8.220e-7
-1.209, -8.062e-7
-1.208, -8.250e-7
-1.207, -8.497e-7
-1.206, -8.151e-7
-1.205, -8.595e-7
-1.204, -8.378e-7
-1.203, -8.931e-7
-1.202, -8.812e-7
-1.201, -8.753e-7
-1.200, -8.832e-7
-1.199, -8.704e-7
-1.198, -8.980e-7
-1.197, -8.852e-7
-1.196, -9.019e-7
-1.195, -8.960e-7
-1.194, -8.950e-7
-1.193, -9.079e-7
-1.192, -9.108e-7
-1.191, -9.355e-7
-1.190, -9.266e-7
-1.189, -9.306e-7
-1.188, -9.227e-7
-1.187, -9.680e-7
-1.186, -9.444e-7
-1.185, -9.641e-7
-1.184, -9.602e-7
-1.183, -9.651e-7
-1.182, -9.858e-7
-1.181, -9.602e-7
-1.180, -9.848e-7
-1.179, -9.996e-7
-1.178, -1.031e-6
-1.177, -1.001e-6
-1.176, -1.009e-6
-1.175, -1.029e-6
-1.174, -1.009e-6
-1.173, -1.060e-6
-1.172, -1.019e-6
-1.171, -1.052e-6
-1.170, -1.069e-6
-1.169, -1.036e-6
-1.168, -1.090e-6
-1.167, -1.053e-6
-1.166, -1.104e-6
-1.165, -1.073e-6
-1.164, -1.095e-6
-1.163, -1.100e-6
-1.162, -1.096e-6
-1.161, -1.090e-6
-1.160, -1.130e-6
-1.159, -1.108e-6
-1.158, -1.132e-6
-1.157, -1.170e-6
-1.156, -1.127e-6
-1.155, -1.158e-6
-1.154, -1.169e-6
-1.153, -1.158e-6
-1.152, -1.184e-6
-1.151, -1.200e-6
-1.150, -1.214e-6
-1.149, -1.166e-6
-1.148, -1.237e-6
-1.147, -1.191e-6
-1.146, -1.249e-6
-1.145, -1.241e-6
-1.144, -1.243e-6
-1.143, -1.230e-6
-1.142, -1.266e-6
-1.141, -1.268e-6
-1.140, -1.307e-6
-1.139, -1.368e-6
-1.138, -1.388e-6
-1.137, -1.390e-6
-1.136, -1.307e-6
-1.135, -1.334e-6
-1.134, -1.318e-6
-1.133, -1.351e-6
-1.132, -1.367e-6
-1.131, -1.344e-6
-1.130, -1.372e-6
-1.129, -1.364e-6
-1.128, -1.398e-6
-1.127, -1.325e-6
-1.126, -1.399e-6
-1.125, -1.410e-6
-1.124, -1.412e-6
-1.123, -1.417e-6
-1.122, -1.443e-6
-1.121, -1.410e-6
-1.120, -1.460e-6
-1.119, -1.453e-6
-1.118, -1.450e-6
-1.117, -1.458e-6
-1.116, -1.476e-6
-1.115, -1.523e-6
-1.114, -1.494e-6
-1.113, -1.533e-6
-1.112, -1.530e-6
-1.111, -1.516e-6
-1.110, -1.557e-6
-1.109, -1.543e-6
-1.108, -1.588e-6
-1.107, -1.561e-6
-1.106, -1.599e-6
-1.105, -1.566e-6
-1.104, -1.606e-6
-1.103, -1.598e-6
-1.102, -1.627e-6
-1.101, -1.620e-6
-1.100, -1.613e-6
-1.099, -1.672e-6
-1.098, -1.620e-6
-1.097, -1.701e-6
-1.096, -1.654e-6
-1.095, -1.650e-6
-1.094, -1.686e-6
-1.093, -1.692e-6
-1.092, -1.688e-6
-1.091, -1.705e-6
-1.090, -1.746e-6
-1.089, -1.700e-6
-1.088, -1.761e-6
-1.087, -1.711e-6
-1.086, -1.742e-6
-1.085, -1.757e-6
-1.084, -1.750e-6
-1.083, -1.766e-6
-1.082, -1.744e-6
-1.081, -1.780e-6
-1.080, -1.741e-6
-1.079, -1.757e-6
-1.078, -1.785e-6
-1.077, -1.803e-6
-1.076, -1.741e-6
-1.075, -1.781e-6
-1.074, -1.798e-6
-1.073, -1.792e-6
-1.072, -1.809e-6
-1.071, -1.778e-6
-1.070, -1.781e-6
-1.069, -1.760e-6
-1.068, -1.785e-6
-1.067, -1.766e-6
-1.066, -1.787e-6
-1.065, -1.774e-6
-1.064, -1.771e-6
-1.063, -1.773e-6
-1.062, -1.769e-6
-1.061, -1.790e-6
-1.060, -1.728e-6
-1.059, -1.807e-6
-1.058, -1.729e-6
-1.057, -1.737e-6
-1.056, -1.731e-6
-1.055, -1.718e-6
-1.054, -1.699e-6
-1.053, -1.719e-6
-1.052, -1.745e-6
-1.051, -1.680e-6
-1.050, -1.691e-6
-1.049, -1.651e-6
-1.048, -1.703e-6
-1.047, -1.641e-6
-1.046, -1.683e-6
-1.045, -1.644e-6
-1.044, -1.621e-6
-1.043, -1.639e-6
-1.042, -1.602e-6
-1.041, -1.615e-6
-1.040, -1.600e-6
-1.039, -1.595e-6
-1.038, -1.544e-6
-1.037, -1.610e-6
-1.036, -1.542e-6
-1.035, -1.594e-6
-1.034, -1.534e-6
-1.033, -1.533e-6
-1.032, -1.529e-6
-1.031, -1.482e-6
-1.030, -1.571e-6
-1.029, -1.480e-6
-1.028, -1.505e-6
-1.027, -1.498e-6
-1.026, -1.491e-6
-1.025, -1.490e-6
-1.024, -1.512e-6
-1.023, -1.494e-6
-1.022, -1.484e-6
-1.021, -1.499e-6
-1.020, -1.478e-6
-1.019, -1.473e-6
-1.018, -1.465e-6
-1.017, -1.473e-6
-1.016, -1.449e-6
-1.015, -1.460e-6
-1.014, -1.470e-6
-1.013, -1.432e-6
-1.012, -1.440e-6
-1.011, -1.438e-6
-1.010, -1.444e-6
-1.009, -1.469e-6
-1.008, -1.459e-6
-1.007, -1.401e-6
-1.006, -1.462e-6
-1.005, -1.442e-6
-1.004, -1.431e-6
-1.003, -1.447e-6
-1.002, -1.418e-6
-1.001, -1.438e-6
-1.000, -1.202e-6
-1.001, -1.015e-6
-1.002, -8.802e-7
-1.003, -8.191e-7
-1.004, -7.125e-7
-1.005, -6.957e-7
-1.006, -5.931e-7
-1.007, -5.478e-7
-1.008, -5.251e-7
-1.009, -4.215e-7
-1.010, -4.323e-7
-1.011, -3.544e-7
-1.012, -3.386e-7
-1.013, -3.258e-7
-1.014, -2.991e-7
-1.015, -2.784e-7
-1.016, -2.409e-7
-1.017, -2.212e-7
-1.018, -2.133e-7
-1.019, -1.393e-7
-1.020, -1.077e-7
-1.021, -9.392e-8
-1.022, -8.998e-8
-1.023, -9.787e-8
-1.024, -2.092e-8
-1.025, -2.289e-8
-1.026, 1.164e-8
-1.027, 3.532e-8
-1.028, -1.401e-8
-1.029, 6.689e-8
-1.030, 6.689e-8
-1.031, 1.093e-7
-1.032, 8.465e-8
-1.033, 1.113e-7
-1.034, 1.202e-7
-1.035, 1.586e-7
-1.036, 1.586e-7
-1.037, 1.557e-7
-1.038, 2.169e-7
-1.039, 1.981e-7
-1.040, 2.247e-7
-1.041, 2.247e-7
-1.042, 2.386e-7
-1.043, 2.149e-7
-1.044, 2.830e-7
-1.045, 2.820e-7
-1.046, 2.889e-7
-1.047, 3.106e-7
-1.048, 2.820e-7
-1.049, 3.609e-7
-1.050, 3.017e-7
-1.051, 3.530e-7
-1.052, 3.264e-7
-1.053, 3.875e-7
-1.054, 3.875e-7
-1.055, 3.885e-7
-1.056, 3.944e-7
-1.057, 4.221e-7
-1.058, 4.063e-7
-1.059, 4.023e-7
-1.060, 4.753e-7
-1.061, 4.152e-7
-1.062, 4.566e-7
-1.063, 4.507e-7
-1.064, 4.724e-7
-1.065, 4.645e-7
-1.066, 4.793e-7
-1.067, 5.020e-7
-1.068, 4.882e-7
-1.069, 5.188e-7
-1.070, 5.148e-7
-1.071, 5.000e-7
-1.072, 5.148e-7
-1.073, 5.257e-7
-1.074, 5.306e-7
-1.075, 5.257e-7
-1.076, 5.671e-7
-1.077, 5.513e-7
-1.078, 6.095e-7
-1.079, 5.789e-7
-1.080, 5.661e-7
-1.081, 5.987e-7
-1.082, 5.868e-7
-1.083, 5.957e-7
-1.084, 5.977e-7
-1.085, 6.204e-7
-1.086, 6.145e-7
-1.087, 6.036e-7
-1.088, 6.450e-7
-1.089, 6.855e-7
-1.090, 6.154e-7
-1.091, 6.786e-7
-1.092, 6.549e-7
-1.093, 6.322e-7
-1.094, 7.180e-7
-1.095, 6.766e-7
-1.096, 6.944e-7
-1.097, 6.884e-7
-1.098, 7.072e-7
-1.099, 6.924e-7
-1.100, 7.121e-7
-1.101, 7.526e-7
-1.102, 7.269e-7
-1.103, 7.190e-7
-1.104, 7.180e-7
-1.105, 7.575e-7
-1.106, 7.289e-7
-1.107, 7.634e-7
-1.108, 7.605e-7
-1.109, 7.585e-7
-1.110, 7.891e-7
-1.111, 7.417e-7
-1.112, 7.595e-7
-1.113, 7.812e-7
-1.114, 7.930e-7
-1.115, 8.157e-7
-1.116, 7.753e-7
-1.117, 8.266e-7
-1.118, 7.901e-7
-1.119, 8.384e-7
-1.120, 8.424e-7
-1.121, 8.108e-7
-1.122, 8.463e-7
-1.123, 8.315e-7
-1.124, 8.522e-7
-1.125, 7.999e-7
-1.126, 8.759e-7
-1.127, 8.493e-7
-1.128, 8.660e-7
-1.129, 9.016e-7
-1.130, 8.621e-7
-1.131, 8.966e-7
-1.132, 8.937e-7
-1.133, 9.203e-7
-1.134, 8.808e-7
-1.135, 9.094e-7
-1.136, 9.538e-7
-1.137, 8.996e-7
-1.138, 9.371e-7
-1.139, 9.578e-7
-1.140, 9.183e-7
-1.141, 9.390e-7
-1.142, 9.726e-7
-1.143, 9.400e-7
-1.144, 9.479e-7
-1.145, 9.677e-7
-1.146, 9.381e-7
-1.147, 9.844e-7
-1.148, 9.627e-7
-1.149, 9.834e-7
-1.150, 9.568e-7
-1.151, 9.864e-7
-1.152, 9.933e-7
-1.153, 9.943e-7
-1.154, 1.028e-6
-1.155, 9.943e-7
-1.156, 1.035e-6
-1.157, 1.000e-6
-1.158, 1.045e-6
-1.159, 1.008e-6
-1.160, 1.051e-6
-1.161, 1.060e-6
-1.162, 1.012e-6
-1.163, 1.071e-6
-1.164, 1.054e-6
-1.165, 1.086e-6
-1.166, 1.079e-6
-1.167, 1.084e-6
-1.168, 1.077e-6
-1.169, 1.049e-6
-1.170, 1.087e-6
-1.171, 1.123e-6
-1.172, 1.099e-6
-1.173, 1.111e-6
-1.174, 1.112e-6
-1.175, 1.120e-6
-1.176, 1.107e-6
-1.177, 1.164e-6
-1.178, 1.106e-6
-1.179, 1.141e-6
-1.180, 1.128e-6
-1.181, 1.151e-6
-1.182, 1.154e-6
-1.183, 1.142e-6
-1.184, 1.184e-6
-1.185, 1.149e-6
-1.186, 1.193e-6
-1.187, 1.165e-6
-1.188, 1.173e-6
-1.189, 1.198e-6
-1.190, 1.206e-6
-1.191, 1.215e-6
-1.192, 1.203e-6
-1.193, 1.239e-6
-1.194, 1.214e-6
-1.195, 1.229e-6
-1.196, 1.232e-6
-1.197, 1.246e-6
-1.198, 1.202e-6
-1.199, 1.226e-6
-1.200, 1.234e-6
-1.201, 1.218e-6
-1.202, 1.220e-6
-1.203, 1.264e-6
-1.204, 1.285e-6
-1.205, 1.299e-6
-1.206, 1.272e-6
-1.207, 1.257e-6
-1.208, 1.292e-6
-1.209, 1.294e-6
-1.210, 1.287e-6
-1.211, 1.321e-6
-1.212, 1.302e-6
-1.213, 1.323e-6
-1.214, 1.326e-6
-1.215, 1.313e-6
-1.216, 1.354e-6
-1.217, 1.307e-6
-1.218, 1.350e-6
-1.219, 1.338e-6
-1.220, 1.342e-6
-1.221, 1.332e-6
-1.222, 1.371e-6
-1.223, 1.347e-6
-1.224, 1.419e-6
-1.225, 1.394e-6
-1.226, 1.380e-6
-1.227, 1.427e-6
-1.228, 1.369e-6
-1.229, 1.426e-6
-1.230, 1.423e-6
-1.231, 1.409e-6
-1.232, 1.442e-6
-1.233, 1.435e-6
-1.234, 1.467e-6
-1.235, 1.424e-6
-1.236, 1.453e-6
-1.237, 1.479e-6
-1.238, 1.482e-6
-1.239, 1.453e-6
-1.240, 1.494e-6
-1.241, 1.477e-6
-1.242, 1.491e-6
-1.243, 1.522e-6
-1.244, 1.486e-6
-1.245, 1.520e-6
-1.246, 1.526e-6
-1.247, 1.528e-6
-1.248, 1.539e-6
-1.249, 1.555e-6
-1.250, 1.554e-6
-1.251, 1.513e-6
-1.252, 1.540e-6
-1.253, 1.553e-6
-1.254, 1.592e-6
-1.255, 1.567e-6
-1.256, 1.604e-6
-1.257, 1.566e-6
-1.258, 1.623e-6
-1.259, 1.639e-6
-1.260, 1.606e-6
-1.261, 1.647e-6
-1.262, 1.583e-6
-1.263, 1.675e-6
-1.264, 1.601e-6
-1.265, 1.649e-6
-1.266, 1.686e-6
-1.267, 1.662e-6
-1.268, 1.674e-6
-1.269, 1.691e-6
-1.270, 1.691e-6
-1.271, 1.684e-6
-1.272, 1.735e-6
-1.273, 1.686e-6
-1.274, 1.731e-6
-1.275, 1.726e-6
-1.276, 1.746e-6
-1.277, 1.760e-6
-1.278, 1.750e-6
-1.279, 1.774e-6
-1.280, 1.782e-6
-1.281, 1.789e-6
-1.282, 1.784e-6
-1.283, 1.796e-6
-1.284, 1.829e-6
-1.285, 1.822e-6
-1.286, 1.838e-6
-1.287, 1.830e-6
-1.288, 1.869e-6
-1.289, 1.856e-6
-1.290, 1.890e-6
-1.291, 1.889e-6
-1.292, 1.892e-6
-1.293, 1.921e-6
-1.294, 1.950e-6
-1.295, 1.939e-6
-1.296, 1.934e-6
-1.297, 1.985e-6
-1.298, 1.928e-6
-1.299, 1.989e-6
-1.300, 1.988e-6
-1.301, 2.008e-6
-1.302, 2.052e-6
-1.303, 2.014e-6
-1.304, 2.065e-6
-1.305, 2.020e-6
-1.306, 2.123e-6
-1.307, 2.094e-6
-1.308, 2.123e-6
-1.309, 2.089e-6
-1.310, 2.142e-6
-1.311, 2.140e-6
-1.312, 2.181e-6
-1.313, 2.213e-6
-1.314, 2.190e-6
-1.315, 2.228e-6
-1.316, 2.227e-6
-1.317, 2.256e-6
-1.318, 2.228e-6
-1.319, 2.314e-6
-1.320, 2.311e-6
-1.321, 2.312e-6
-1.322, 2.383e-6
-1.323, 2.377e-6
-1.324, 2.385e-6
-1.325, 2.439e-6
-1.326, 2.443e-6
-1.327, 2.446e-6
-1.328, 2.490e-6
-1.329, 2.509e-6
-1.330, 2.525e-6
-1.331, 2.513e-6
-1.332, 2.573e-6
-1.333, 2.604e-6
-1.334, 2.607e-6
-1.335, 2.683e-6
-1.336, 2.675e-6
-1.337, 2.712e-6
-1.338, 2.709e-6
-1.339, 2.780e-6
-1.340, 2.799e-6
-1.341, 2.829e-6
-1.342, 2.851e-6
-1.343, 2.850e-6
-1.344, 2.919e-6
-1.345, 2.904e-6
-1.346, 2.974e-6
-1.347, 2.960e-6
-1.348, 3.052e-6
-1.349, 3.083e-6
-1.350, 3.101e-6
-1.351, 3.141e-6
-1.352, 3.160e-6
-1.353, 3.215e-6
-1.354, 3.270e-6
-1.355, 3.282e-6
-1.356, 3.323e-6
-1.357, 3.379e-6
-1.358, 3.395e-6
-1.359, 3.457e-6
-1.360, 3.510e-6
-1.361, 3.558e-6
-1.362, 3.576e-6
-1.363, 3.609e-6
-1.364, 3.688e-6
-1.365, 3.703e-6
-1.366, 3.797e-6
-1.367, 3.815e-6
-1.368, 3.849e-6
-1.369, 3.923e-6
-1.370, 4.000e-6
-1.371, 4.031e-6
-1.372, 4.036e-6
-1.373, 4.189e-6
-1.374, 4.165e-6
-1.375, 4.217e-6
-1.376, 4.344e-6
-1.377, 4.338e-6
-1.378, 4.442e-6
-1.379, 4.488e-6
-1.380, 4.563e-6
-1.381, 4.615e-6
-1.382, 4.689e-6
-1.383, 4.786e-6
-1.384, 4.844e-6
-1.385, 4.940e-6
-1.386, 4.972e-6
-1.387, 5.077e-6
-1.388, 5.143e-6
-1.389, 5.227e-6
-1.390, 5.305e-6
-1.391, 5.383e-6
-1.392, 5.500e-6
-1.393, 5.550e-6
-1.394, 5.653e-6
-1.395, 5.696e-6
-1.396, 5.812e-6
-1.397, 5.884e-6
-1.398, 6.006e-6
-1.399, 6.104e-6
-1.400, 6.166e-6
-1.401, 6.295e-6
-1.402, 6.366e-6
-1.403, 6.474e-6
-1.404, 6.571e-6
-1.405, 6.691e-6
-1.406, 6.770e-6
-1.407, 6.897e-6
-1.408, 7.046e-6
-1.409, 7.107e-6
-1.410, 7.272e-6
-1.411, 7.368e-6
-1.412, 7.493e-6
-1.413, 7.619e-6
-1.414, 7.750e-6
-1.415, 7.867e-6
-1.416, 7.994e-6
-1.417, 8.150e-6
-1.418, 8.249e-6
-1.419, 8.398e-6
-1.420, 8.534e-6
-1.421, 8.697e-6
-1.422, 8.813e-6
-1.423, 8.952e-6
-1.424, 9.118e-6
-1.425, 9.245e-6
-1.426, 9.399e-6
-1.427, 9.553e-6
-1.428, 9.711e-6
-1.429, 9.866e-6
-1.430, 1.002e-5
-1.431, 1.020e-5
-1.432, 1.032e-5
-1.433, 1.054e-5
-1.434, 1.071e-5
-1.435, 1.087e-5
-1.436, 1.107e-5
-1.437, 1.121e-5
-1.438, 1.139e-5
-1.439, 1.159e-5
-1.440, 1.179e-5
-1.441, 1.194e-5
-1.442, 1.220e-5
-1.443, 1.235e-5
-1.444, 1.255e-5
-1.445, 1.277e-5
-1.446, 1.297e-5
-1.447, 1.320e-5
-1.448, 1.339e-5
-1.449, 1.362e-5
-1.450, 1.380e-5
-1.451, 1.403e-5
-1.452, 1.426e-5
-1.453, 1.447e-5
-1.454, 1.471e-5
-1.455, 1.489e-5
-1.456, 1.516e-5
-1.457, 1.540e-5
-1.458, 1.566e-5
-1.459, 1.590e-5
-1.460, 1.612e-5
-1.461, 1.638e-5
-1.462, 1.662e-5
-1.463, 1.687e-5
-1.464, 1.720e-5
-1.465, 1.741e-5
-1.466, 1.766e-5
-1.467, 1.798e-5
-1.468, 1.819e-5
-1.469, 1.855e-5
-1.470, 1.882e-5
-1.471, 1.901e-5
-1.472, 1.935e-5
-1.473, 1.958e-5
-1.474, 2.001e-5
-1.475, 2.022e-5
-1.476, 2.053e-5
-1.477, 2.083e-5
-1.478, 2.116e-5
-1.479, 2.148e-5
-1.480, 2.179e-5
-1.481, 2.216e-5
-1.482, 2.243e-5
-1.483, 2.281e-5
-1.484, 2.305e-5
-1.485, 2.338e-5
-1.486, 2.380e-5
-1.487, 2.419e-5
-1.488, 2.448e-5
-1.489, 2.478e-5
-1.490, 2.526e-5
-1.491, 2.552e-5
-1.492, 2.590e-5
-1.493, 2.629e-5
-1.494, 2.660e-5
-1.495, 2.699e-5
-1.496, 2.736e-5
-1.497, 2.784e-5
-1.498, 2.818e-5
-1.499, 2.854e-5
-1.500, 2.906e-5
-1.501, 2.946e-5
-1.502, 2.977e-5
-1.503, 3.034e-5
-1.504, 3.057e-5
-1.505, 3.113e-5
-1.506, 3.161e-5
-1.507, 3.195e-5
-1.508, 3.243e-5
-1.509, 3.290e-5
-1.510, 3.328e-5
-1.511, 3.371e-5
-1.512, 3.433e-5
-1.513, 3.470e-5
-1.514, 3.528e-5
-1.515, 3.564e-5
-1.516, 3.623e-5
-1.517, 3.669e-5
-1.518, 3.714e-5
-1.519, 3.777e-5
-1.520, 3.816e-5
-1.521, 3.889e-5
-1.522, 3.925e-5
-1.523, 3.981e-5
-1.524, 4.046e-5
-1.525, 4.100e-5
-1.526, 4.161e-5
-1.527, 4.219e-5
-1.528, 4.280e-5
-1.529, 4.328e-5
-1.530, 4.402e-5
-1.531, 4.449e-5
-1.532, 4.522e-5
-1.533, 4.565e-5
-1.534, 4.638e-5
-1.535, 4.690e-5
-1.536, 4.752e-5
-1.537, 4.838e-5
-1.538, 4.901e-5
-1.539, 4.964e-5
-1.540, 5.028e-5
-1.541, 5.106e-5
-1.542, 5.164e-5
-1.543, 5.248e-5
-1.544, 5.325e-5
-1.545, 5.391e-5
-1.546, 5.476e-5
-1.547, 5.552e-5
-1.548, 5.638e-5
-1.549, 5.700e-5
-1.550, 5.783e-5
-1.551, 5.857e-5
-1.552, 5.942e-5
-1.553, 6.024e-5
-1.554, 6.089e-5
-1.555, 6.184e-5
-1.556, 6.266e-5
-1.557, 6.361e-5
-1.558, 6.433e-5
-1.559, 6.527e-5
-1.560, 6.617e-5
-1.561, 6.719e-5
-1.562, 6.800e-5
-1.563, 6.874e-5
-1.564, 7.000e-5
-1.565, 7.084e-5
-1.566, 7.173e-5
-1.567, 7.277e-5
-1.568, 7.377e-5
-1.569, 7.476e-5
-1.570, 7.577e-5
-1.571, 7.685e-5
-1.572, 7.770e-5
-1.573, 7.888e-5
-1.574, 7.987e-5
-1.575, 8.082e-5
-1.576, 8.210e-5
-1.577, 8.316e-5
-1.578, 8.426e-5
-1.579, 8.542e-5
-1.580, 8.676e-5
-1.581, 8.783e-5
-1.582, 8.880e-5
-1.583, 9.009e-5
-1.584, 9.138e-5
-1.585, 9.270e-5
-1.586, 9.350e-5
-1.587, 9.493e-5
-1.588, 9.643e-5
-1.589, 9.736e-5
-1.590, 9.853e-5
-1.591, 1.002e-4
-1.592, 1.013e-4
-1.593, 1.027e-4
-1.594, 1.041e-4
-1.595, 1.054e-4
-1.596, 1.068e-4
-1.597, 1.084e-4
-1.598, 1.097e-4
-1.599, 1.110e-4
-1.600, 1.107e-4
-1.599, 1.093e-4
-1.598, 1.080e-4
-1.597, 1.066e-4
-1.596, 1.051e-4
-1.595, 1.038e-4
-1.594, 1.027e-4
-1.593, 1.012e-4
-1.592, 1.004e-4
-1.591, 9.897e-5
-1.590, 9.756e-5
-1.589, 9.637e-5
-1.588, 9.493e-5
-1.587, 9.366e-5
-1.586, 9.253e-5
-1.585, 9.149e-5
-1.584, 9.035e-5
-1.583, 8.903e-5
-1.582, 8.780e-5
-1.581, 8.684e-5
-1.580, 8.563e-5
-1.579, 8.445e-5
-1.578, 8.360e-5
-1.577, 8.213e-5
-1.576, 8.114e-5
-1.575, 8.031e-5
-1.574, 7.909e-5
-1.573, 7.806e-5
-1.572, 7.705e-5
-1.571, 7.579e-5
-1.570, 7.485e-5
-1.569, 7.391e-5
-1.568, 7.251e-5
-1.567, 7.170e-5
-1.566, 7.085e-5
-1.565, 6.977e-5
-1.564, 6.873e-5
-1.563, 6.789e-5
-1.562, 6.689e-5
-1.561, 6.580e-5
-1.560, 6.486e-5
-1.559, 6.404e-5
-1.558, 6.295e-5
-1.557, 6.206e-5
-1.556, 6.121e-5
-1.555, 6.062e-5
-1.554, 5.954e-5
-1.553, 5.861e-5
-1.552, 5.780e-5
-1.551, 5.701e-5
-1.550, 5.595e-5
-1.549, 5.507e-5
-1.548, 5.442e-5
-1.547, 5.355e-5
-1.546, 5.281e-5
-1.545, 5.205e-5
-1.544, 5.118e-5
-1.543, 5.047e-5
-1.542, 4.973e-5
-1.541, 4.901e-5
-1.540, 4.805e-5
-1.539, 4.750e-5
-1.538, 4.662e-5
-1.537, 4.585e-5
-1.536, 4.521e-5
-1.535, 4.437e-5
-1.534, 4.377e-5
-1.533, 4.310e-5
-1.532, 4.242e-5
-1.531, 4.172e-5
-1.530, 4.103e-5
-1.529, 4.044e-5
-1.528, 3.973e-5
-1.527, 3.920e-5
-1.526, 3.849e-5
-1.525, 3.793e-5
-1.524, 3.716e-5
-1.523, 3.678e-5
-1.522, 3.594e-5
-1.521, 3.549e-5
-1.520, 3.486e-5
-1.519, 3.435e-5
-1.518, 3.362e-5
-1.517, 3.315e-5
-1.516, 3.262e-5
-1.515, 3.207e-5
-1.514, 3.156e-5
-1.513, 3.101e-5
-1.512, 3.054e-5
-1.511, 2.998e-5
-1.510, 2.948e-5
-1.509, 2.899e-5
-1.508, 2.857e-5
-1.507, 2.801e-5
-1.506, 2.752e-5
-1.505, 2.710e-5
-1.504, 2.656e-5
-1.503, 2.617e-5
-1.502, 2.562e-5
-1.501, 2.510e-5
-1.500, 2.476e-5
-1.499, 2.424e-5
-1.498, 2.383e-5
-1.497, 2.347e-5
-1.496, 2.296e-5
-1.495, 2.256e-5
-1.494, 2.220e-5
-1.493, 2.173e-5
-1.492, 2.132e-5
-1.491, 2.099e-5
-1.490, 2.062e-5
-1.489, 2.023e-5
-1.488, 1.992e-5
-1.487, 1.955e-5
-1.486, 1.915e-5
-1.485, 1.889e-5
-1.484, 1.852e-5
-1.483, 1.813e-5
-1.482, 1.778e-5
-1.481, 1.752e-5
-1.480, 1.712e-5
-1.479, 1.683e-5
-1.478, 1.655e-5
-1.477, 1.624e-5
-1.476, 1.596e-5
-1.475, 1.559e-5
-1.474, 1.531e-5
-1.473, 1.505e-5
-1.472, 1.473e-5
-1.471, 1.443e-5
-1.470, 1.411e-5
-1.469, 1.394e-5
-1.468, 1.360e-5
-1.467, 1.335e-5
-1.466, 1.305e-5
-1.465, 1.278e-5
-1.464, 1.260e-5
-1.463, 1.229e-5
-1.462, 1.204e-5
-1.461, 1.180e-5
-1.460, 1.161e-5
-1.459, 1.135e-5
-1.458, 1.111e-5
-1.457, 1.089e-5
-1.456, 1.066e-5
-1.455, 1.041e-5
-1.454, 1.028e-5
-1.453, 1.007e-5
-1.452, 9.797e-6
-1.451, 9.672e-6
-1.450, 9.373e-6
-1.449, 9.225e-6
-1.448, 9.029e-6
-1.447, 8.859e-6
-1.446, 8.684e-6
-1.445, 8.480e-6
-1.444, 8.311e-6
-1.443, 8.125e-6
-1.442, 7.979e-6
-1.441, 7.769e-6
-1.440, 7.626e-6
-1.439, 7.419e-6
-1.438, 7.279e-6
-1.437, 7.127e-6
-1.436, 6.957e-6
-1.435, 6.847e-6
-1.434, 6.696e-6
-1.433, 6.517e-6
-1.432, 6.370e-6
-1.431, 6.269e-6
-1.430, 6.076e-6
-1.429, 5.968e-6
-1.428, 5.817e-6
-1.427, 5.675e-6
-1.426, 5.573e-6
-1.425, 5.423e-6
-1.424, 5.330e-6
-1.423, 5.165e-6
-1.422, 5.088e-6
-1.421, 4.953e-6
-1.420, 4.803e-6
-1.419, 4.711e-6
-1.418, 4.594e-6
-1.417, 4.478e-6
-1.416, 4.388e-6
-1.415, 4.323e-6
-1.414, 4.144e-6
-1.413, 4.091e-6
-1.412, 4.013e-6
-1.411, 3.889e-6
-1.410, 3.787e-6
-1.409, 3.697e-6
-1.408, 3.615e-6
-1.407, 3.480e-6
-1.406, 3.476e-6
-1.405, 3.350e-6
-1.404, 3.238e-6
-1.403, 3.190e-6
-1.402, 3.124e-6
-1.401, 2.998e-6
-1.400, 2.964e-6
-1.399, 2.886e-6
-1.398, 2.793e-6
-1.397, 2.745e-6
-1.396, 2.648e-6
-1.395, 2.586e-6
-1.394, 2.506e-6
-1.393, 2.449e-6
-1.392, 2.346e-6
-1.391, 2.299e-6
-1.390, 2.255e-6
-1.389, 2.165e-6
-1.388, 2.131e-6
-1.387, 2.067e-6
-1.386, 1.984e-6
-1.385, 1.903e-6
-1.384, 1.911e-6
-1.383, 1.801e-6
-1.382, 1.748e-6
-1.381, 1.722e-6
-1.380, 1.629e-6
-1.379, 1.583e-6
-1.378, 1.567e-6
-1.377, 1.522e-6
-1.376, 1.439e-6
-1.375, 1.448e-6
-1.374, 1.353e-6
-1.373, 1.317e-6
-1.372, 1.256e-6
-1.371, 1.251e-6
-1.370, 1.187e-6
-1.369, 1.124e-6
-1.368, 1.134e-6
-1.367, 1.059e-6
-1.366, 1.009e-6
-1.365, 9.755e-7
-1.364, 9.864e-7
-1.363, 9.035e-7
-1.362, 8.868e-7
-1.361, 8.769e-7
-1.360, 8.463e-7
-1.359, 7.644e-7
-1.358, 7.338e-7
-1.357, 7.171e-7
-1.356, 6.450e-7
-1.355, 6.470e-7
-1.354, 6.016e-7
-1.353, 5.898e-7
-1.352, 5.582e-7
-1.351, 5.326e-7
-1.350, 4.832e-7
-1.349, 4.832e-7
-1.348, 4.507e-7
-1.347, 4.369e-7
-1.346, 4.250e-7
-1.345, 3.678e-7
-1.344, 3.629e-7
-1.343, 3.224e-7
-1.342, 3.037e-7
-1.341, 2.336e-7
-1.340, 2.593e-7
-1.339, 2.504e-7
-1.338, 2.011e-7
-1.337, 1.675e-7
-1.336, 1.942e-7
-1.335, 1.606e-7
-1.334, 1.093e-7
-1.333, 1.340e-7
-1.332, 5.703e-8
-1.331, 7.676e-8
-1.330, 3.532e-8
-1.329, 3.433e-8
-1.328, 2.940e-8
-1.327, -1.302e-8
-1.326, 2.348e-8
-1.325, -6.235e-8
-1.324, -3.769e-8
-1.323, -7.912e-8
-1.322, -8.504e-8
-1.321, -9.688e-8
-1.320, -1.166e-7
-1.319, -1.442e-7
-1.318, -1.294e-7
-1.317, -1.502e-7
-1.316, -1.847e-7
-1.315, -1.541e-7
-1.314, -2.074e-7
-1.313, -1.965e-7
-1.312, -2.291e-7
-1.311, -2.409e-7
-1.310, -2.360e-7
-1.309, -2.311e-7
-1.308, -2.538e-7
-1.307, -2.626e-7
-1.306, -2.666e-7
-1.305, -3.159e-7
-1.304, -2.824e-7
-1.303, -3.120e-7
-1.302, -2.952e-7
-1.301, -3.485e-7
-1.300, -3.514e-7
-1.299, -3.564e-7
-1.298, -3.840e-7
-1.297, -3.534e-7
-1.296, -3.830e-7
-1.295, -3.948e-7
-1.294, -4.086e-7
-1.293, -3.830e-7
-1.292, -4.274e-7
-1.291, -4.244e-7
-1.290, -4.373e-7
-1.289, -4.185e-7
-1.288, -4.086e-7
-1.287, -4.935e-7
-1.286, -4.225e-7
-1.285, -4.747e-7
-1.284, -4.609e-7
-1.283, -4.757e-7
-1.282, -4.846e-7
-1.281, -4.866e-7
-1.280, -5.053e-7
-1.279, -4.856e-7
-1.278, -5.349e-7
-1.277, -5.241e-7
-1.276, -5.201e-7
-1.275, -5.201e-7
-1.274, -5.527e-7
-1.273, -5.280e-7
-1.272, -5.418e-7
-1.271, -5.754e-7
-1.270, -5.409e-7
-1.269, -6.030e-7
-1.268, -5.774e-7
-1.267, -5.872e-7
-1.266, -5.685e-7
-1.265, -5.734e-7
-1.264, -6.050e-7
-1.263, -6.020e-7
-1.262, -6.099e-7
-1.261, -6.129e-7
-1.260, -5.951e-7
-1.259, -6.316e-7
-1.258, -6.573e-7
-1.257, -6.227e-7
-1.256, -6.740e-7
-1.255, -6.514e-7
-1.254, -6.366e-7
-1.253, -6.454e-7
-1.252, -6.375e-7
-1.251, -6.928e-7
-1.250, -6.691e-7
-1.249, -6.809e-7
-1.248, -6.573e-7
-1.247, -6.721e-7
-1.246, -6.819e-7
-1.245, -6.800e-7
-1.244, -6.997e-7
-1.243, -6.780e-7
-1.242, -7.155e-7
-1.241, -7.105e-7
-1.240, -7.135e-7
-1.239, -7.125e-7
-1.238, -7.027e-7
-1.237, -7.599e-7
-1.236, -7.145e-7
-1.235, -7.125e-7
-1.234, -7.323e-7
-1.233, -7.244e-7
-1.232, -6.918e-7
-1.231, -7.540e-7
-1.230, -7.401e-7
-1.229, -7.766e-7
-1.228, -7.974e-7
-1.227, -7.727e-7
-1.226, -8.013e-7
-1.225, -7.618e-7
-1.224, -7.865e-7
-1.223, -7.668e-7
-1.222, -8.132e-7
-1.221, -7.895e-7
-1.220, -7.717e-7
-1.219, -7.875e-7
-1.218, -7.845e-7
-1.217, -8.171e-7
-1.216, -8.122e-7
-1.215, -8.053e-7
-1.214, -8.112e-7
-1.213, -8.201e-7
-1.212, -8.102e-7
-1.211, -8.427e-7
-1.210, -8.181e-7
-1.209, -8.210e-7
-1.208, -8.842e-7
-1.207, -8.220e-7
-1.206, -8.526e-7
-1.205, -8.467e-7
-1.204, -8.526e-7
-1.203, -8.487e-7
-1.202, -9.276e-7
-1.201, -8.566e-7
-1.200, -8.852e-7
-1.199, -8.950e-7
-1.198, -8.862e-7
-1.197, -9.118e-7
-1.196, -8.743e-7
-1.195, -9.463e-7
-1.194, -8.960e-7
-1.193, -9.079e-7
-1.192, -9.148e-7
-1.191, -9.010e-7
-1.190, -9.029e-7
-1.189, -9.414e-7
-1.188, -9.365e-7
-1.187, -9.473e-7
-1.186, -9.532e-7
-1.185, -9.394e-7
-1.184, -9.720e-7
-1.183, -9.720e-7
-1.182, -9.819e-7
-1.181, -9.809e-7
-1.180, -9.947e-7
-1.179, -9.740e-7
-1.178, -9.917e-7
-1.177, -1.013e-6
-1.176, -1.001e-6
-1.175, -1.019e-6
-1.174, -1.012e-6
-1.173, -1.052e-6
-1.172, -1.014e-6
-1.171, -1.067e-6
-1.170, -1.047e-6
-1.169, -1.057e-6
-1.168, -1.049e-6
-1.167, -1.033e-6
-1.166, -1.088e-6
-1.165, -1.040e-6
-1.164, -1.096e-6
-1.163, -1.116e-6
-1.162, -1.097e-6
-1.161, -1.086e-6
-1.160, -1.122e-6
-1.159, -1.105e-6
-1.158, -1.132e-6
-1.157, -1.153e-6
-1.156, -1.143e-6
-1.155, -1.158e-6
-1.154, -1.134e-6
-1.153, -1.164e-6
-1.152, -1.147e-6
-1.151, -1.208e-6
-1.150, -1.166e-6
-1.149, -1.184e-6
-1.148, -1.212e-6
-1.147, -1.204e-6
-1.146, -1.235e-6
-1.145, -1.222e-6
-1.144, -1.253e-6
-1.143, -1.198e-6
-1.142, -1.254e-6
-1.141, -1.226e-6
-1.140, -1.240e-6
-1.139, -1.278e-6
-1.138, -1.292e-6
-1.137, -1.285e-6
-1.136, -1.309e-6
-1.135, -1.289e-6
-1.134, -1.288e-6
-1.133, -1.303e-6
-1.132, -1.310e-6
-1.131, -1.355e-6
-1.130, -1.285e-6
-1.129, -1.379e-6
-1.128, -1.355e-6
-1.127, -1.353e-6
-1.126, -1.401e-6
-1.125, -1.398e-6
-1.124, -1.395e-6
-1.123, -1.397e-6
-1.122, -1.426e-6
-1.121, -1.416e-6
-1.120, -1.436e-6
-1.119, -1.461e-6
-1.118, -1.469e-6
-1.117, -1.464e-6
-1.116, -1.468e-6
-1.115, -1.484e-6
-1.114, -1.477e-6
-1.113, -1.515e-6
-1.112, -1.511e-6
-1.111, -1.536e-6
-1.110, -1.534e-6
-1.109, -1.548e-6
-1.108, -1.513e-6
-1.107, -1.564e-6
-1.106, -1.566e-6
-1.105, -1.552e-6
-1.104, -1.581e-6
-1.103, -1.593e-6
-1.102, -1.623e-6
-1.101, -1.598e-6
-1.100, -1.637e-6
-1.099, -1.601e-6
-1.098, -1.631e-6
-1.097, -1.682e-6
-1.096, -1.648e-6
-1.095, -1.652e-6
-1.094, -1.701e-6
-1.093, -1.661e-6
-1.092, -1.683e-6
-1.091, -1.716e-6
-1.090, -1.686e-6
-1.089, -1.713e-6
-1.088, -1.724e-6
-1.087, -1.744e-6
-1.086, -1.720e-6
-1.085, -1.710e-6
-1.084, -1.744e-6
-1.083, -1.707e-6
-1.082, -1.771e-6
-1.081, -1.738e-6
-1.080, -1.737e-6
-1.079, -1.746e-6
-1.078, -1.795e-6
-1.077, -1.754e-6
-1.076, -1.781e-6
-1.075, -1.827e-6
-1.074, -1.780e-6
-1.073, -1.812e-6
-1.072, -1.808e-6
-1.071, -1.796e-6
-1.070, -1.796e-6
-1.069, -1.811e-6
-1.068, -1.838e-6
-1.067, -1.797e-6
-1.066, -1.789e-6
-1.065, -1.801e-6
-1.064, -1.786e-6
-1.063, -1.770e-6
-1.062, -1.833e-6
-1.061, -1.757e-6
-1.060, -1.801e-6
-1.059, -1.777e-6
-1.058, -1.770e-6
-1.057, -1.766e-6
-1.056, -1.769e-6
-1.055, -1.754e-6
-1.054, -1.747e-6
-1.053, -1.740e-6
-1.052, -1.734e-6
-1.051, -1.722e-6
-1.050, -1.706e-6
-1.049, -1.720e-6
-1.048, -1.673e-6
-1.047, -1.732e-6
-1.046, -1.708e-6
-1.045, -1.644e-6
-1.044, -1.684e-6
-1.043, -1.671e-6
-1.042, -1.617e-6
-1.041, -1.647e-6
-1.040, -1.634e-6
-1.039, -1.568e-6
-1.038, -1.611e-6
-1.037, -1.566e-6
-1.036, -1.566e-6
-1.035, -1.552e-6
-1.034, -1.544e-6
-1.033, -1.540e-6
-1.032, -1.534e-6
-1.031, -1.539e-6
-1.030, -1.518e-6
-1.029, -1.518e-6
-1.028, -1.483e-6
-1.027, -1.512e-6
-1.026, -1.484e-6
-1.025, -1.496e-6
-1.024, -1.510e-6
-1.023, -1.455e-6
-1.022, -1.481e-6
-1.021, -1.473e-6
-1.020, -1.468e-6
-1.019, -1.428e-6
-1.018, -1.484e-6
-1.017, -1.451e-6
-1.016, -1.434e-6
-1.015, -1.455e-6
-1.014, -1.428e-6
-1.013, -1.417e-6
-1.012, -1.435e-6
-1.011, -1.453e-6
-1.010, -1.404e-6
-1.009, -1.440e-6
-1.008, -1.422e-6
-1.007, -1.432e-6
-1.006, -1.419e-6
-1.005, -1.422e-6
-1.004, -1.421e-6
-1.003, -1.422e-6
-1.002, -1.444e-6
-1.001, -1.402e-6
