Dec. 24, 2024   20:52:34
Cyclic Voltammetry
File: c:/users/guazh/data/banditlqround7_x0exp136_r20/2024-12-24-exp731\exp731-2024-12-24t20_37_57-h2koh\exp731_cv_sr_400mvs_efin_-1600mv.bin
Data Source:  Experiment
Instrument Model:  CHI760E
Header: CV ran at 400 mVs
Note: 

Init E (V) = -1
High E (V) = -1
Low E (V) = -1.6
Final E (V) = -1
Init P/N = N
Scan Rate (V/s) = 0.4
Segment = 3
Sample Interval (V) = 0.001
Quiet Time (sec) = 2
Sensitivity (A/V) = 0.01
Comp R (ohm) = 1.2

Results:

Channel 1:
Segment 1:

Segment 2:

Segment 3:

Potential/V, Current/A

-1.000, 2.174e-5
-1.001, 5.873e-5
-1.002, 7.107e-5
-1.003, 7.415e-5
-1.004, 7.723e-5
-1.005, 7.723e-5
-1.006, 7.723e-5
-1.007, 8.032e-5
-1.008, 8.340e-5
-1.009, 8.957e-5
-1.010, 8.648e-5
-1.011, 8.648e-5
-1.012, 8.648e-5
-1.013, 8.648e-5
-1.014, 8.648e-5
-1.015, 8.957e-5
-1.016, 9.265e-5
-1.017, 9.265e-5
-1.018, 8.957e-5
-1.019, 8.957e-5
-1.020, 8.957e-5
-1.021, 9.265e-5
-1.022, 9.573e-5
-1.023, 9.882e-5
-1.024, 9.573e-5
-1.025, 9.573e-5
-1.026, 9.265e-5
-1.027, 9.573e-5
-1.028, 9.882e-5
-1.029, 1.019e-4
-1.030, 1.019e-4
-1.031, 9.882e-5
-1.032, 9.573e-5
-1.033, 9.573e-5
-1.034, 9.882e-5
-1.035, 1.019e-4
-1.036, 1.050e-4
-1.037, 1.019e-4
-1.038, 1.019e-4
-1.039, 9.882e-5
-1.040, 1.019e-4
-1.041, 1.019e-4
-1.042, 1.050e-4
-1.043, 1.050e-4
-1.044, 1.050e-4
-1.045, 1.019e-4
-1.046, 1.019e-4
-1.047, 1.019e-4
-1.048, 1.050e-4
-1.049, 1.081e-4
-1.050, 1.081e-4
-1.051, 1.081e-4
-1.052, 1.050e-4
-1.053, 1.050e-4
-1.054, 1.050e-4
-1.055, 1.081e-4
-1.056, 1.111e-4
-1.057, 1.111e-4
-1.058, 1.081e-4
-1.059, 1.050e-4
-1.060, 1.081e-4
-1.061, 1.111e-4
-1.062, 1.142e-4
-1.063, 1.142e-4
-1.064, 1.111e-4
-1.065, 1.111e-4
-1.066, 1.081e-4
-1.067, 1.081e-4
-1.068, 1.142e-4
-1.069, 1.142e-4
-1.070, 1.142e-4
-1.071, 1.142e-4
-1.072, 1.111e-4
-1.073, 1.111e-4
-1.074, 1.111e-4
-1.075, 1.173e-4
-1.076, 1.173e-4
-1.077, 1.173e-4
-1.078, 1.173e-4
-1.079, 1.111e-4
-1.080, 1.111e-4
-1.081, 1.173e-4
-1.082, 1.173e-4
-1.083, 1.204e-4
-1.084, 1.204e-4
-1.085, 1.173e-4
-1.086, 1.142e-4
-1.087, 1.173e-4
-1.088, 1.173e-4
-1.089, 1.204e-4
-1.090, 1.204e-4
-1.091, 1.204e-4
-1.092, 1.173e-4
-1.093, 1.173e-4
-1.094, 1.173e-4
-1.095, 1.235e-4
-1.096, 1.235e-4
-1.097, 1.235e-4
-1.098, 1.204e-4
-1.099, 1.204e-4
-1.100, 1.173e-4
-1.101, 1.204e-4
-1.102, 1.235e-4
-1.103, 1.266e-4
-1.104, 1.235e-4
-1.105, 1.204e-4
-1.106, 1.204e-4
-1.107, 1.204e-4
-1.108, 1.235e-4
-1.109, 1.266e-4
-1.110, 1.266e-4
-1.111, 1.235e-4
-1.112, 1.235e-4
-1.113, 1.204e-4
-1.114, 1.235e-4
-1.115, 1.266e-4
-1.116, 1.296e-4
-1.117, 1.266e-4
-1.118, 1.266e-4
-1.119, 1.235e-4
-1.120, 1.235e-4
-1.121, 1.266e-4
-1.122, 1.296e-4
-1.123, 1.296e-4
-1.124, 1.296e-4
-1.125, 1.266e-4
-1.126, 1.266e-4
-1.127, 1.266e-4
-1.128, 1.266e-4
-1.129, 1.327e-4
-1.130, 1.327e-4
-1.131, 1.296e-4
-1.132, 1.296e-4
-1.133, 1.266e-4
-1.134, 1.296e-4
-1.135, 1.327e-4
-1.136, 1.358e-4
-1.137, 1.327e-4
-1.138, 1.327e-4
-1.139, 1.296e-4
-1.140, 1.296e-4
-1.141, 1.327e-4
-1.142, 1.358e-4
-1.143, 1.389e-4
-1.144, 1.358e-4
-1.145, 1.327e-4
-1.146, 1.327e-4
-1.147, 1.327e-4
-1.148, 1.358e-4
-1.149, 1.389e-4
-1.150, 1.389e-4
-1.151, 1.389e-4
-1.152, 1.358e-4
-1.153, 1.358e-4
-1.154, 1.358e-4
-1.155, 1.389e-4
-1.156, 1.420e-4
-1.157, 1.420e-4
-1.158, 1.389e-4
-1.159, 1.389e-4
-1.160, 1.389e-4
-1.161, 1.420e-4
-1.162, 1.420e-4
-1.163, 1.451e-4
-1.164, 1.451e-4
-1.165, 1.420e-4
-1.166, 1.420e-4
-1.167, 1.420e-4
-1.168, 1.451e-4
-1.169, 1.481e-4
-1.170, 1.481e-4
-1.171, 1.451e-4
-1.172, 1.451e-4
-1.173, 1.451e-4
-1.174, 1.451e-4
-1.175, 1.481e-4
-1.176, 1.512e-4
-1.177, 1.512e-4
-1.178, 1.512e-4
-1.179, 1.481e-4
-1.180, 1.481e-4
-1.181, 1.512e-4
-1.182, 1.543e-4
-1.183, 1.543e-4
-1.184, 1.543e-4
-1.185, 1.512e-4
-1.186, 1.512e-4
-1.187, 1.512e-4
-1.188, 1.543e-4
-1.189, 1.574e-4
-1.190, 1.574e-4
-1.191, 1.574e-4
-1.192, 1.543e-4
-1.193, 1.543e-4
-1.194, 1.574e-4
-1.195, 1.605e-4
-1.196, 1.636e-4
-1.197, 1.605e-4
-1.198, 1.605e-4
-1.199, 1.605e-4
-1.200, 1.574e-4
-1.201, 1.605e-4
-1.202, 1.636e-4
-1.203, 1.666e-4
-1.204, 1.666e-4
-1.205, 1.636e-4
-1.206, 1.605e-4
-1.207, 1.636e-4
-1.208, 1.636e-4
-1.209, 1.697e-4
-1.210, 1.697e-4
-1.211, 1.666e-4
-1.212, 1.666e-4
-1.213, 1.636e-4
-1.214, 1.666e-4
-1.215, 1.697e-4
-1.216, 1.728e-4
-1.217, 1.728e-4
-1.218, 1.728e-4
-1.219, 1.697e-4
-1.220, 1.697e-4
-1.221, 1.728e-4
-1.222, 1.759e-4
-1.223, 1.759e-4
-1.224, 1.759e-4
-1.225, 1.759e-4
-1.226, 1.728e-4
-1.227, 1.728e-4
-1.228, 1.759e-4
-1.229, 1.821e-4
-1.230, 1.821e-4
-1.231, 1.790e-4
-1.232, 1.759e-4
-1.233, 1.759e-4
-1.234, 1.790e-4
-1.235, 1.821e-4
-1.236, 1.851e-4
-1.237, 1.851e-4
-1.238, 1.821e-4
-1.239, 1.821e-4
-1.240, 1.821e-4
-1.241, 1.851e-4
-1.242, 1.851e-4
-1.243, 1.882e-4
-1.244, 1.882e-4
-1.245, 1.851e-4
-1.246, 1.821e-4
-1.247, 1.851e-4
-1.248, 1.882e-4
-1.249, 1.913e-4
-1.250, 1.913e-4
-1.251, 1.913e-4
-1.252, 1.882e-4
-1.253, 1.882e-4
-1.254, 1.882e-4
-1.255, 1.944e-4
-1.256, 1.975e-4
-1.257, 1.975e-4
-1.258, 1.944e-4
-1.259, 1.944e-4
-1.260, 1.944e-4
-1.261, 1.944e-4
-1.262, 2.006e-4
-1.263, 2.006e-4
-1.264, 2.006e-4
-1.265, 2.006e-4
-1.266, 1.975e-4
-1.267, 1.975e-4
-1.268, 2.036e-4
-1.269, 2.036e-4
-1.270, 2.067e-4
-1.271, 2.067e-4
-1.272, 2.036e-4
-1.273, 2.036e-4
-1.274, 2.067e-4
-1.275, 2.098e-4
-1.276, 2.129e-4
-1.277, 2.129e-4
-1.278, 2.129e-4
-1.279, 2.098e-4
-1.280, 2.129e-4
-1.281, 2.160e-4
-1.282, 2.191e-4
-1.283, 2.221e-4
-1.284, 2.221e-4
-1.285, 2.191e-4
-1.286, 2.160e-4
-1.287, 2.191e-4
-1.288, 2.221e-4
-1.289, 2.283e-4
-1.290, 2.283e-4
-1.291, 2.283e-4
-1.292, 2.283e-4
-1.293, 2.252e-4
-1.294, 2.283e-4
-1.295, 2.314e-4
-1.296, 2.345e-4
-1.297, 2.376e-4
-1.298, 2.345e-4
-1.299, 2.314e-4
-1.300, 2.345e-4
-1.301, 2.345e-4
-1.302, 2.406e-4
-1.303, 2.406e-4
-1.304, 2.406e-4
-1.305, 2.376e-4
-1.306, 2.376e-4
-1.307, 2.376e-4
-1.308, 2.406e-4
-1.309, 2.437e-4
-1.310, 2.437e-4
-1.311, 2.437e-4
-1.312, 2.406e-4
-1.313, 2.406e-4
-1.314, 2.406e-4
-1.315, 2.437e-4
-1.316, 2.499e-4
-1.317, 2.468e-4
-1.318, 2.437e-4
-1.319, 2.406e-4
-1.320, 2.406e-4
-1.321, 2.437e-4
-1.322, 2.468e-4
-1.323, 2.468e-4
-1.324, 2.468e-4
-1.325, 2.437e-4
-1.326, 2.406e-4
-1.327, 2.406e-4
-1.328, 2.437e-4
-1.329, 2.499e-4
-1.330, 2.499e-4
-1.331, 2.468e-4
-1.332, 2.437e-4
-1.333, 2.406e-4
-1.334, 2.437e-4
-1.335, 2.468e-4
-1.336, 2.499e-4
-1.337, 2.499e-4
-1.338, 2.468e-4
-1.339, 2.437e-4
-1.340, 2.437e-4
-1.341, 2.468e-4
-1.342, 2.499e-4
-1.343, 2.530e-4
-1.344, 2.499e-4
-1.345, 2.499e-4
-1.346, 2.468e-4
-1.347, 2.499e-4
-1.348, 2.530e-4
-1.349, 2.561e-4
-1.350, 2.561e-4
-1.351, 2.561e-4
-1.352, 2.530e-4
-1.353, 2.530e-4
-1.354, 2.561e-4
-1.355, 2.591e-4
-1.356, 2.653e-4
-1.357, 2.653e-4
-1.358, 2.622e-4
-1.359, 2.622e-4
-1.360, 2.622e-4
-1.361, 2.684e-4
-1.362, 2.715e-4
-1.363, 2.746e-4
-1.364, 2.776e-4
-1.365, 2.746e-4
-1.366, 2.746e-4
-1.367, 2.776e-4
-1.368, 2.838e-4
-1.369, 2.869e-4
-1.370, 2.900e-4
-1.371, 2.931e-4
-1.372, 2.931e-4
-1.373, 2.931e-4
-1.374, 2.961e-4
-1.375, 3.023e-4
-1.376, 3.085e-4
-1.377, 3.115e-4
-1.378, 3.146e-4
-1.379, 3.146e-4
-1.380, 3.177e-4
-1.381, 3.239e-4
-1.382, 3.300e-4
-1.383, 3.393e-4
-1.384, 3.393e-4
-1.385, 3.424e-4
-1.386, 3.455e-4
-1.387, 3.485e-4
-1.388, 3.578e-4
-1.389, 3.670e-4
-1.390, 3.701e-4
-1.391, 3.763e-4
-1.392, 3.794e-4
-1.393, 3.855e-4
-1.394, 3.917e-4
-1.395, 4.010e-4
-1.396, 4.102e-4
-1.397, 4.164e-4
-1.398, 4.225e-4
-1.399, 4.256e-4
-1.400, 4.349e-4
-1.401, 4.441e-4
-1.402, 4.534e-4
-1.403, 4.657e-4
-1.404, 4.719e-4
-1.405, 4.780e-4
-1.406, 4.842e-4
-1.407, 4.935e-4
-1.408, 5.089e-4
-1.409, 5.212e-4
-1.410, 5.335e-4
-1.411, 5.428e-4
-1.412, 5.520e-4
-1.413, 5.582e-4
-1.414, 5.736e-4
-1.415, 5.859e-4
-1.416, 6.014e-4
-1.417, 6.168e-4
-1.418, 6.260e-4
-1.419, 6.384e-4
-1.420, 6.507e-4
-1.421, 6.661e-4
-1.422, 6.846e-4
-1.423, 7.031e-4
-1.424, 7.185e-4
-1.425, 7.309e-4
-1.426, 7.432e-4
-1.427, 7.617e-4
-1.428, 7.833e-4
-1.429, 8.048e-4
-1.430, 8.233e-4
-1.431, 8.418e-4
-1.432, 8.573e-4
-1.433, 8.758e-4
-1.434, 8.973e-4
-1.435, 9.220e-4
-1.436, 9.467e-4
-1.437, 9.683e-4
-1.438, 9.898e-4
-1.439, 1.008e-3
-1.440, 1.033e-3
-1.441, 1.058e-3
-1.442, 1.085e-3
-1.443, 1.113e-3
-1.444, 1.141e-3
-1.445, 1.166e-3
-1.446, 1.190e-3
-1.447, 1.218e-3
-1.448, 1.249e-3
-1.449, 1.283e-3
-1.450, 1.314e-3
-1.451, 1.344e-3
-1.452, 1.372e-3
-1.453, 1.403e-3
-1.454, 1.437e-3
-1.455, 1.471e-3
-1.456, 1.508e-3
-1.457, 1.545e-3
-1.458, 1.582e-3
-1.459, 1.616e-3
-1.460, 1.653e-3
-1.461, 1.690e-3
-1.462, 1.730e-3
-1.463, 1.773e-3
-1.464, 1.813e-3
-1.465, 1.853e-3
-1.466, 1.893e-3
-1.467, 1.933e-3
-1.468, 1.980e-3
-1.469, 2.023e-3
-1.470, 2.069e-3
-1.471, 2.112e-3
-1.472, 2.158e-3
-1.473, 2.201e-3
-1.474, 2.251e-3
-1.475, 2.300e-3
-1.476, 2.349e-3
-1.477, 2.402e-3
-1.478, 2.451e-3
-1.479, 2.501e-3
-1.480, 2.550e-3
-1.481, 2.602e-3
-1.482, 2.655e-3
-1.483, 2.713e-3
-1.484, 2.769e-3
-1.485, 2.821e-3
-1.486, 2.874e-3
-1.487, 2.929e-3
-1.488, 2.985e-3
-1.489, 3.046e-3
-1.490, 3.105e-3
-1.491, 3.167e-3
-1.492, 3.222e-3
-1.493, 3.281e-3
-1.494, 3.339e-3
-1.495, 3.404e-3
-1.496, 3.469e-3
-1.497, 3.533e-3
-1.498, 3.595e-3
-1.499, 3.657e-3
-1.500, 3.718e-3
-1.501, 3.780e-3
-1.502, 3.848e-3
-1.503, 3.919e-3
-1.504, 3.987e-3
-1.505, 4.051e-3
-1.506, 4.116e-3
-1.507, 4.181e-3
-1.508, 4.249e-3
-1.509, 4.323e-3
-1.510, 4.394e-3
-1.511, 4.464e-3
-1.512, 4.532e-3
-1.513, 4.597e-3
-1.514, 4.668e-3
-1.515, 4.742e-3
-1.516, 4.819e-3
-1.517, 4.902e-3
-1.518, 4.976e-3
-1.519, 5.053e-3
-1.520, 5.121e-3
-1.521, 5.195e-3
-1.522, 5.269e-3
-1.523, 5.343e-3
-1.524, 5.420e-3
-1.525, 5.497e-3
-1.526, 5.571e-3
-1.527, 5.648e-3
-1.528, 5.725e-3
-1.529, 5.809e-3
-1.530, 5.883e-3
-1.531, 5.960e-3
-1.532, 6.037e-3
-1.533, 6.111e-3
-1.534, 6.191e-3
-1.535, 6.277e-3
-1.536, 6.367e-3
-1.537, 6.450e-3
-1.538, 6.527e-3
-1.539, 6.604e-3
-1.540, 6.678e-3
-1.541, 6.758e-3
-1.542, 6.842e-3
-1.543, 6.931e-3
-1.544, 7.020e-3
-1.545, 7.113e-3
-1.546, 7.202e-3
-1.547, 7.286e-3
-1.548, 7.369e-3
-1.549, 7.458e-3
-1.550, 7.545e-3
-1.551, 7.631e-3
-1.552, 7.711e-3
-1.553, 7.794e-3
-1.554, 7.878e-3
-1.555, 7.970e-3
-1.556, 8.066e-3
-1.557, 8.155e-3
-1.558, 8.241e-3
-1.559, 8.328e-3
-1.560, 8.417e-3
-1.561, 8.510e-3
-1.562, 8.605e-3
-1.563, 8.701e-3
-1.564, 8.793e-3
-1.565, 8.876e-3
-1.566, 8.960e-3
-1.567, 9.043e-3
-1.568, 9.129e-3
-1.569, 9.219e-3
-1.570, 9.314e-3
-1.571, 9.407e-3
-1.572, 9.499e-3
-1.573, 9.589e-3
-1.574, 9.681e-3
-1.575, 9.774e-3
-1.576, 9.863e-3
-1.577, 9.952e-3
-1.578, 1.004e-2
-1.579, 1.013e-2
-1.580, 1.023e-2
-1.581, 1.033e-2
-1.582, 1.044e-2
-1.583, 1.054e-2
-1.584, 1.064e-2
-1.585, 1.073e-2
-1.586, 1.082e-2
-1.587, 1.091e-2
-1.588, 1.101e-2
-1.589, 1.111e-2
-1.590, 1.121e-2
-1.591, 1.131e-2
-1.592, 1.140e-2
-1.593, 1.150e-2
-1.594, 1.159e-2
-1.595, 1.169e-2
-1.596, 1.178e-2
-1.597, 1.188e-2
-1.598, 1.197e-2
-1.599, 1.206e-2
-1.600, 1.208e-2
-1.599, 1.200e-2
-1.598, 1.193e-2
-1.597, 1.187e-2
-1.596, 1.179e-2
-1.595, 1.171e-2
-1.594, 1.162e-2
-1.593, 1.154e-2
-1.592, 1.145e-2
-1.591, 1.137e-2
-1.590, 1.128e-2
-1.589, 1.119e-2
-1.588, 1.109e-2
-1.587, 1.099e-2
-1.586, 1.090e-2
-1.585, 1.082e-2
-1.584, 1.074e-2
-1.583, 1.066e-2
-1.582, 1.058e-2
-1.581, 1.049e-2
-1.580, 1.039e-2
-1.579, 1.030e-2
-1.578, 1.021e-2
-1.577, 1.013e-2
-1.576, 1.005e-2
-1.575, 9.971e-3
-1.574, 9.882e-3
-1.573, 9.798e-3
-1.572, 9.718e-3
-1.571, 9.635e-3
-1.570, 9.555e-3
-1.569, 9.475e-3
-1.568, 9.394e-3
-1.567, 9.314e-3
-1.566, 9.234e-3
-1.565, 9.157e-3
-1.564, 9.077e-3
-1.563, 9.000e-3
-1.562, 8.917e-3
-1.561, 8.833e-3
-1.560, 8.750e-3
-1.559, 8.673e-3
-1.558, 8.599e-3
-1.557, 8.525e-3
-1.556, 8.454e-3
-1.555, 8.374e-3
-1.554, 8.288e-3
-1.553, 8.201e-3
-1.552, 8.115e-3
-1.551, 8.044e-3
-1.550, 7.979e-3
-1.549, 7.908e-3
-1.548, 7.828e-3
-1.547, 7.745e-3
-1.546, 7.668e-3
-1.545, 7.591e-3
-1.544, 7.523e-3
-1.543, 7.452e-3
-1.542, 7.375e-3
-1.541, 7.301e-3
-1.540, 7.227e-3
-1.539, 7.153e-3
-1.538, 7.082e-3
-1.537, 7.011e-3
-1.536, 6.940e-3
-1.535, 6.869e-3
-1.534, 6.795e-3
-1.533, 6.721e-3
-1.532, 6.654e-3
-1.531, 6.589e-3
-1.530, 6.521e-3
-1.529, 6.450e-3
-1.528, 6.376e-3
-1.527, 6.302e-3
-1.526, 6.231e-3
-1.525, 6.163e-3
-1.524, 6.099e-3
-1.523, 6.034e-3
-1.522, 5.963e-3
-1.521, 5.892e-3
-1.520, 5.821e-3
-1.519, 5.750e-3
-1.518, 5.685e-3
-1.517, 5.621e-3
-1.516, 5.556e-3
-1.515, 5.488e-3
-1.514, 5.420e-3
-1.513, 5.349e-3
-1.512, 5.285e-3
-1.511, 5.226e-3
-1.510, 5.164e-3
-1.509, 5.103e-3
-1.508, 5.041e-3
-1.507, 4.973e-3
-1.506, 4.912e-3
-1.505, 4.850e-3
-1.504, 4.791e-3
-1.503, 4.733e-3
-1.502, 4.671e-3
-1.501, 4.609e-3
-1.500, 4.548e-3
-1.499, 4.489e-3
-1.498, 4.434e-3
-1.497, 4.381e-3
-1.496, 4.326e-3
-1.495, 4.267e-3
-1.494, 4.206e-3
-1.493, 4.150e-3
-1.492, 4.095e-3
-1.491, 4.039e-3
-1.490, 3.987e-3
-1.489, 3.931e-3
-1.488, 3.876e-3
-1.487, 3.820e-3
-1.486, 3.765e-3
-1.485, 3.712e-3
-1.484, 3.666e-3
-1.483, 3.614e-3
-1.482, 3.561e-3
-1.481, 3.509e-3
-1.480, 3.453e-3
-1.479, 3.401e-3
-1.478, 3.355e-3
-1.477, 3.305e-3
-1.476, 3.259e-3
-1.475, 3.210e-3
-1.474, 3.157e-3
-1.473, 3.108e-3
-1.472, 3.062e-3
-1.471, 3.015e-3
-1.470, 2.969e-3
-1.469, 2.923e-3
-1.468, 2.877e-3
-1.467, 2.827e-3
-1.466, 2.784e-3
-1.465, 2.741e-3
-1.464, 2.701e-3
-1.463, 2.658e-3
-1.462, 2.615e-3
-1.461, 2.571e-3
-1.460, 2.525e-3
-1.459, 2.482e-3
-1.458, 2.445e-3
-1.457, 2.405e-3
-1.456, 2.365e-3
-1.455, 2.325e-3
-1.454, 2.282e-3
-1.453, 2.242e-3
-1.452, 2.205e-3
-1.451, 2.168e-3
-1.450, 2.131e-3
-1.449, 2.094e-3
-1.448, 2.057e-3
-1.447, 2.020e-3
-1.446, 1.983e-3
-1.445, 1.949e-3
-1.444, 1.918e-3
-1.443, 1.884e-3
-1.442, 1.847e-3
-1.441, 1.810e-3
-1.440, 1.773e-3
-1.439, 1.742e-3
-1.438, 1.711e-3
-1.437, 1.680e-3
-1.436, 1.650e-3
-1.435, 1.619e-3
-1.434, 1.582e-3
-1.433, 1.551e-3
-1.432, 1.520e-3
-1.431, 1.492e-3
-1.430, 1.465e-3
-1.429, 1.437e-3
-1.428, 1.409e-3
-1.427, 1.378e-3
-1.426, 1.351e-3
-1.425, 1.323e-3
-1.424, 1.298e-3
-1.423, 1.273e-3
-1.422, 1.246e-3
-1.421, 1.218e-3
-1.420, 1.193e-3
-1.419, 1.169e-3
-1.418, 1.147e-3
-1.417, 1.122e-3
-1.416, 1.101e-3
-1.415, 1.076e-3
-1.414, 1.051e-3
-1.413, 1.027e-3
-1.412, 1.005e-3
-1.411, 9.868e-4
-1.410, 9.652e-4
-1.409, 9.436e-4
-1.408, 9.220e-4
-1.407, 8.973e-4
-1.406, 8.788e-4
-1.405, 8.603e-4
-1.404, 8.449e-4
-1.403, 8.233e-4
-1.402, 8.048e-4
-1.401, 7.833e-4
-1.400, 7.617e-4
-1.399, 7.463e-4
-1.398, 7.309e-4
-1.397, 7.154e-4
-1.396, 6.969e-4
-1.395, 6.784e-4
-1.394, 6.599e-4
-1.393, 6.445e-4
-1.392, 6.291e-4
-1.391, 6.137e-4
-1.390, 6.014e-4
-1.389, 5.859e-4
-1.388, 5.674e-4
-1.387, 5.520e-4
-1.386, 5.366e-4
-1.385, 5.243e-4
-1.384, 5.150e-4
-1.383, 4.996e-4
-1.382, 4.842e-4
-1.381, 4.719e-4
-1.380, 4.595e-4
-1.379, 4.472e-4
-1.378, 4.349e-4
-1.377, 4.256e-4
-1.376, 4.133e-4
-1.375, 4.010e-4
-1.374, 3.855e-4
-1.373, 3.763e-4
-1.372, 3.670e-4
-1.371, 3.578e-4
-1.370, 3.485e-4
-1.369, 3.362e-4
-1.368, 3.239e-4
-1.367, 3.115e-4
-1.366, 3.023e-4
-1.365, 2.961e-4
-1.364, 2.900e-4
-1.363, 2.807e-4
-1.362, 2.684e-4
-1.361, 2.591e-4
-1.360, 2.499e-4
-1.359, 2.406e-4
-1.358, 2.345e-4
-1.357, 2.283e-4
-1.356, 2.221e-4
-1.355, 2.098e-4
-1.354, 2.006e-4
-1.353, 1.913e-4
-1.352, 1.851e-4
-1.351, 1.821e-4
-1.350, 1.759e-4
-1.349, 1.697e-4
-1.348, 1.574e-4
-1.347, 1.512e-4
-1.346, 1.451e-4
-1.345, 1.389e-4
-1.344, 1.358e-4
-1.343, 1.296e-4
-1.342, 1.235e-4
-1.341, 1.142e-4
-1.340, 1.081e-4
-1.339, 1.019e-4
-1.338, 9.882e-5
-1.337, 9.573e-5
-1.336, 9.265e-5
-1.335, 8.340e-5
-1.334, 7.723e-5
-1.333, 7.107e-5
-1.332, 6.798e-5
-1.331, 6.490e-5
-1.330, 6.182e-5
-1.329, 5.565e-5
-1.328, 4.949e-5
-1.327, 4.332e-5
-1.326, 3.715e-5
-1.325, 3.715e-5
-1.324, 3.407e-5
-1.323, 3.099e-5
-1.322, 2.482e-5
-1.321, 1.865e-5
-1.320, 1.249e-5
-1.319, 1.249e-5
-1.318, 9.405e-6
-1.317, 9.405e-6
-1.316, 3.239e-6
-1.315, -2.927e-6
-1.314, -6.010e-6
-1.313, -1.218e-5
-1.312, -1.218e-5
-1.311, -1.218e-5
-1.310, -1.526e-5
-1.309, -1.834e-5
-1.308, -2.451e-5
-1.307, -3.068e-5
-1.306, -3.068e-5
-1.305, -3.376e-5
-1.304, -3.068e-5
-1.303, -3.376e-5
-1.302, -3.992e-5
-1.301, -4.301e-5
-1.300, -4.917e-5
-1.299, -4.917e-5
-1.298, -4.917e-5
-1.297, -4.917e-5
-1.296, -5.226e-5
-1.295, -5.842e-5
-1.294, -6.151e-5
-1.293, -6.459e-5
-1.292, -6.459e-5
-1.291, -6.459e-5
-1.290, -6.459e-5
-1.289, -6.767e-5
-1.288, -7.384e-5
-1.287, -7.692e-5
-1.286, -8.000e-5
-1.285, -8.000e-5
-1.284, -7.692e-5
-1.283, -8.000e-5
-1.282, -8.309e-5
-1.281, -8.925e-5
-1.280, -9.234e-5
-1.279, -9.234e-5
-1.278, -9.234e-5
-1.277, -8.925e-5
-1.276, -9.234e-5
-1.275, -9.850e-5
-1.274, -1.016e-4
-1.273, -1.047e-4
-1.272, -1.016e-4
-1.271, -1.016e-4
-1.270, -1.016e-4
-1.269, -1.047e-4
-1.268, -1.108e-4
-1.267, -1.139e-4
-1.266, -1.139e-4
-1.265, -1.139e-4
-1.264, -1.108e-4
-1.263, -1.108e-4
-1.262, -1.139e-4
-1.261, -1.201e-4
-1.260, -1.232e-4
-1.259, -1.232e-4
-1.258, -1.201e-4
-1.257, -1.201e-4
-1.256, -1.201e-4
-1.255, -1.263e-4
-1.254, -1.293e-4
-1.253, -1.293e-4
-1.252, -1.293e-4
-1.251, -1.293e-4
-1.250, -1.263e-4
-1.249, -1.293e-4
-1.248, -1.324e-4
-1.247, -1.386e-4
-1.246, -1.386e-4
-1.245, -1.355e-4
-1.244, -1.355e-4
-1.243, -1.355e-4
-1.242, -1.386e-4
-1.241, -1.417e-4
-1.240, -1.448e-4
-1.239, -1.448e-4
-1.238, -1.417e-4
-1.237, -1.386e-4
-1.236, -1.417e-4
-1.235, -1.448e-4
-1.234, -1.509e-4
-1.233, -1.509e-4
-1.232, -1.509e-4
-1.231, -1.478e-4
-1.230, -1.478e-4
-1.229, -1.509e-4
-1.228, -1.540e-4
-1.227, -1.571e-4
-1.226, -1.571e-4
-1.225, -1.540e-4
-1.224, -1.540e-4
-1.223, -1.540e-4
-1.222, -1.571e-4
-1.221, -1.602e-4
-1.220, -1.632e-4
-1.219, -1.632e-4
-1.218, -1.602e-4
-1.217, -1.571e-4
-1.216, -1.571e-4
-1.215, -1.632e-4
-1.214, -1.663e-4
-1.213, -1.663e-4
-1.212, -1.663e-4
-1.211, -1.632e-4
-1.210, -1.632e-4
-1.209, -1.663e-4
-1.208, -1.694e-4
-1.207, -1.725e-4
-1.206, -1.725e-4
-1.205, -1.694e-4
-1.204, -1.694e-4
-1.203, -1.694e-4
-1.202, -1.694e-4
-1.201, -1.756e-4
-1.200, -1.756e-4
-1.199, -1.756e-4
-1.198, -1.725e-4
-1.197, -1.725e-4
-1.196, -1.725e-4
-1.195, -1.756e-4
-1.194, -1.817e-4
-1.193, -1.817e-4
-1.192, -1.787e-4
-1.191, -1.787e-4
-1.190, -1.756e-4
-1.189, -1.787e-4
-1.188, -1.817e-4
-1.187, -1.848e-4
-1.186, -1.848e-4
-1.185, -1.848e-4
-1.184, -1.817e-4
-1.183, -1.817e-4
-1.182, -1.848e-4
-1.181, -1.879e-4
-1.180, -1.910e-4
-1.179, -1.879e-4
-1.178, -1.879e-4
-1.177, -1.848e-4
-1.176, -1.848e-4
-1.175, -1.910e-4
-1.174, -1.941e-4
-1.173, -1.941e-4
-1.172, -1.941e-4
-1.171, -1.910e-4
-1.170, -1.879e-4
-1.169, -1.910e-4
-1.168, -1.941e-4
-1.167, -2.002e-4
-1.166, -2.002e-4
-1.165, -1.972e-4
-1.164, -1.941e-4
-1.163, -1.941e-4
-1.162, -1.972e-4
-1.161, -2.002e-4
-1.160, -2.033e-4
-1.159, -2.033e-4
-1.158, -2.002e-4
-1.157, -1.972e-4
-1.156, -2.002e-4
-1.155, -2.033e-4
-1.154, -2.064e-4
-1.153, -2.095e-4
-1.152, -2.064e-4
-1.151, -2.033e-4
-1.150, -2.033e-4
-1.149, -2.064e-4
-1.148, -2.095e-4
-1.147, -2.126e-4
-1.146, -2.126e-4
-1.145, -2.126e-4
-1.144, -2.095e-4
-1.143, -2.095e-4
-1.142, -2.095e-4
-1.141, -2.157e-4
-1.140, -2.187e-4
-1.139, -2.187e-4
-1.138, -2.157e-4
-1.137, -2.126e-4
-1.136, -2.126e-4
-1.135, -2.157e-4
-1.134, -2.218e-4
-1.133, -2.218e-4
-1.132, -2.218e-4
-1.131, -2.187e-4
-1.130, -2.157e-4
-1.129, -2.187e-4
-1.128, -2.218e-4
-1.127, -2.249e-4
-1.126, -2.249e-4
-1.125, -2.249e-4
-1.124, -2.187e-4
-1.123, -2.218e-4
-1.122, -2.249e-4
-1.121, -2.280e-4
-1.120, -2.311e-4
-1.119, -2.311e-4
-1.118, -2.280e-4
-1.117, -2.249e-4
-1.116, -2.249e-4
-1.115, -2.280e-4
-1.114, -2.311e-4
-1.113, -2.342e-4
-1.112, -2.311e-4
-1.111, -2.280e-4
-1.110, -2.280e-4
-1.109, -2.280e-4
-1.108, -2.311e-4
-1.107, -2.342e-4
-1.106, -2.342e-4
-1.105, -2.342e-4
-1.104, -2.311e-4
-1.103, -2.311e-4
-1.102, -2.311e-4
-1.101, -2.342e-4
-1.100, -2.372e-4
-1.099, -2.372e-4
-1.098, -2.342e-4
-1.097, -2.311e-4
-1.096, -2.311e-4
-1.095, -2.342e-4
-1.094, -2.372e-4
-1.093, -2.403e-4
-1.092, -2.372e-4
-1.091, -2.342e-4
-1.090, -2.311e-4
-1.089, -2.311e-4
-1.088, -2.372e-4
-1.087, -2.403e-4
-1.086, -2.403e-4
-1.085, -2.372e-4
-1.084, -2.342e-4
-1.083, -2.311e-4
-1.082, -2.342e-4
-1.081, -2.372e-4
-1.080, -2.372e-4
-1.079, -2.372e-4
-1.078, -2.342e-4
-1.077, -2.311e-4
-1.076, -2.342e-4
-1.075, -2.342e-4
-1.074, -2.372e-4
-1.073, -2.372e-4
-1.072, -2.342e-4
-1.071, -2.342e-4
-1.070, -2.311e-4
-1.069, -2.311e-4
-1.068, -2.372e-4
-1.067, -2.372e-4
-1.066, -2.372e-4
-1.065, -2.342e-4
-1.064, -2.311e-4
-1.063, -2.280e-4
-1.062, -2.311e-4
-1.061, -2.342e-4
-1.060, -2.342e-4
-1.059, -2.342e-4
-1.058, -2.280e-4
-1.057, -2.280e-4
-1.056, -2.249e-4
-1.055, -2.280e-4
-1.054, -2.311e-4
-1.053, -2.311e-4
-1.052, -2.311e-4
-1.051, -2.249e-4
-1.050, -2.218e-4
-1.049, -2.249e-4
-1.048, -2.280e-4
-1.047, -2.311e-4
-1.046, -2.280e-4
-1.045, -2.249e-4
-1.044, -2.218e-4
-1.043, -2.218e-4
-1.042, -2.218e-4
-1.041, -2.249e-4
-1.040, -2.280e-4
-1.039, -2.249e-4
-1.038, -2.218e-4
-1.037, -2.187e-4
-1.036, -2.187e-4
-1.035, -2.218e-4
-1.034, -2.218e-4
-1.033, -2.249e-4
-1.032, -2.218e-4
-1.031, -2.157e-4
-1.030, -2.157e-4
-1.029, -2.157e-4
-1.028, -2.187e-4
-1.027, -2.218e-4
-1.026, -2.187e-4
-1.025, -2.187e-4
-1.024, -2.126e-4
-1.023, -2.126e-4
-1.022, -2.126e-4
-1.021, -2.157e-4
-1.020, -2.187e-4
-1.019, -2.157e-4
-1.018, -2.126e-4
-1.017, -2.126e-4
-1.016, -2.095e-4
-1.015, -2.126e-4
-1.014, -2.157e-4
-1.013, -2.157e-4
-1.012, -2.126e-4
-1.011, -2.126e-4
-1.010, -2.095e-4
-1.009, -2.095e-4
-1.008, -2.126e-4
-1.007, -2.157e-4
-1.006, -2.157e-4
-1.005, -2.126e-4
-1.004, -2.064e-4
-1.003, -2.064e-4
-1.002, -2.064e-4
-1.001, -2.126e-4
