Potential V vs RHE, Current mA cm-2
0.013299999999999867,-0.26384365742482935
0.012299999999999978,-1.2671569112891135
0.011299999999999866,-2.1390434853959355
0.010299999999999976,-2.968064307116847
0.009299999999999864,-3.6655169779503103
0.008299999999999974,-4.364384360083638
0.007299999999999862,-4.974124930325469
0.006299999999999972,-5.453712060979717
0.00529999999999986,-5.977155241929781
0.0042999999999999705,-6.458157083883892
0.0032999999999998586,-6.806176063650692
0.0022999999999999687,-7.155609754717355
0.0012999999999998568,-7.50504344578402
0.00029999999999996696,-7.722908985963235
-0.000700000000000145,-8.027071915434218
-0.0017000000000000348,-8.288793505909249
-0.0027000000000001467,-8.508073757388331
-0.0037000000000000366,-8.725939297567548
-0.0047000000000001485,-8.899948787450944
-0.005700000000000038,-9.11781432763016
-0.00670000000000015,-9.293238528813426
-0.00770000000000004,-9.467248018696827
-0.008700000000000152,-9.59740145828441
-0.009700000000000042,-9.685113558876042
-0.010700000000000154,-9.81668170976349
-0.011700000000000044,-9.902979099055257
-0.012700000000000156,-9.99069119964689
-0.013700000000000045,-10.078403300238522
-0.014700000000000157,-10.164700689530287
-0.015700000000000047,-10.208556739826104
-0.01670000000000016,-10.340124890713554
-0.01770000000000005,-10.382566229709504
-0.01870000000000016,-10.42642228000532
-0.01970000000000005,-10.557990430892769
-0.020700000000000163,-10.601846481188586
-0.021700000000000053,-10.601846481188586
-0.022700000000000164,-10.688143870480351
-0.023700000000000054,-10.688143870480351
-0.024700000000000166,-10.775855971071984
-0.025700000000000056,-10.775855971071984
-0.026700000000000168,-10.775855971071984
-0.027700000000000058,-10.775855971071984
-0.02870000000000017,-10.819712021367803
-0.02970000000000006,-10.863568071663616
-0.03070000000000017,-10.906009410659568
-0.03170000000000006,-10.949865460955383
-0.03270000000000017,-10.949865460955383
-0.03370000000000006,-10.993721511251199
-0.034700000000000175,-11.037577561547016
-0.035700000000000065,-11.081433611842833
-0.03670000000000018,-11.037577561547016
-0.03770000000000007,-11.081433611842833
-0.03870000000000018,-11.081433611842833
-0.03970000000000007,-11.081433611842833
-0.04070000000000018,-11.081433611842833
-0.04170000000000007,-11.081433611842833
-0.04270000000000018,-11.081433611842833
-0.04370000000000007,-11.123874950838783
-0.044700000000000184,-11.123874950838783
-0.045700000000000074,-11.1677310011346
-0.046700000000000186,-11.211587051430415
-0.047700000000000076,-11.255443101726232
-0.04870000000000019,-11.299299152022046
-0.04970000000000008,-11.255443101726232
-0.05070000000000019,-11.255443101726232
-0.05170000000000008,-11.255443101726232
-0.05270000000000019,-11.255443101726232
-0.05370000000000008,-11.255443101726232
-0.05470000000000019,-11.255443101726232
-0.05570000000000008,-11.255443101726232
-0.056700000000000195,-11.299299152022046
-0.057700000000000085,-11.299299152022046
-0.058700000000000196,-11.343155202317865
-0.059700000000000086,-11.385596541313816
-0.0607000000000002,-11.385596541313816
-0.06170000000000009,-11.42945259160963
-0.0627000000000002,-11.42945259160963
-0.06370000000000009,-11.42945259160963
-0.0647000000000002,-11.42945259160963
-0.06570000000000009,-11.42945259160963
-0.0667000000000002,-11.42945259160963
-0.0677000000000001,-11.42945259160963
-0.0687000000000002,-11.385596541313816
-0.0697000000000001,-11.473308641905447
-0.07070000000000021,-11.473308641905447
-0.0717000000000001,-11.517164692201263
-0.07270000000000021,-11.517164692201263
-0.0737000000000001,-11.517164692201263
-0.07470000000000021,-11.56102074249708
-0.0757000000000001,-11.604876792792895
-0.07670000000000021,-11.56102074249708
-0.0777000000000001,-11.604876792792895
-0.07870000000000021,-11.56102074249708
-0.0797000000000001,-11.56102074249708
-0.08070000000000022,-11.56102074249708
-0.0817000000000001,-11.56102074249708
-0.08270000000000022,-11.56102074249708
-0.08370000000000011,-11.604876792792895
-0.08470000000000022,-11.604876792792895
-0.08570000000000011,-11.647318131788847
-0.08670000000000022,-11.691174182084664
-0.08770000000000011,-11.691174182084664
-0.08870000000000022,-11.73503023238048
-0.08970000000000011,-11.73503023238048
-0.09070000000000022,-11.73503023238048
-0.09170000000000011,-11.73503023238048
-0.09270000000000023,-11.691174182084664
-0.09370000000000012,-11.73503023238048
-0.09470000000000023,-11.73503023238048
-0.09570000000000012,-11.73503023238048
-0.09670000000000023,-11.73503023238048
-0.09770000000000012,-11.73503023238048
-0.09870000000000023,-11.82274233297211
-0.09970000000000012,-11.82274233297211
-0.10070000000000023,-11.86659838326793
-0.10170000000000012,-11.86659838326793
-0.10270000000000024,-11.86659838326793
-0.10370000000000013,-11.86659838326793
-0.10470000000000024,-11.909039722263879
-0.10570000000000013,-11.86659838326793
-0.10670000000000024,-11.86659838326793
-0.10770000000000013,-11.86659838326793
-0.10870000000000024,-11.86659838326793
-0.10970000000000013,-11.909039722263879
-0.11070000000000024,-11.909039722263879
-0.11170000000000013,-11.952895772559694
-0.11270000000000002,-11.996751822855511
-0.11370000000000013,-11.996751822855511
-0.11470000000000002,-11.996751822855511
-0.11570000000000014,-12.040607873151327
-0.11670000000000003,-11.996751822855511
-0.11770000000000014,-12.040607873151327
-0.11870000000000003,-12.040607873151327
-0.11970000000000014,-11.996751822855511
-0.12070000000000003,-12.040607873151327
-0.12170000000000014,-12.040607873151327
-0.12270000000000003,-12.040607873151327
-0.12370000000000014,-12.084463923447142
-0.12470000000000003,-12.040607873151327
-0.12570000000000014,-12.12831997374296
-0.12670000000000003,-12.12831997374296
-0.12770000000000015,-12.170761312738911
-0.12870000000000004,-12.170761312738911
-0.12970000000000015,-12.12831997374296
-0.13070000000000004,-12.170761312738911
-0.13170000000000015,-12.170761312738911
-0.13270000000000004,-12.170761312738911
-0.13370000000000015,-12.170761312738911
-0.13470000000000004,-12.170761312738911
-0.13570000000000015,-12.170761312738911
-0.13670000000000004,-12.214617363034726
-0.13770000000000016,-12.258473413330542
-0.13870000000000005,-12.258473413330542
-0.13970000000000016,-12.302329463626359
-0.14070000000000005,-12.302329463626359
-0.14170000000000016,-12.346185513922174
-0.14270000000000005,-12.346185513922174
-0.14370000000000016,-12.302329463626359
-0.14470000000000005,-12.346185513922174
-0.14570000000000016,-12.346185513922174
-0.14670000000000005,-12.346185513922174
-0.14770000000000016,-12.346185513922174
-0.14870000000000005,-12.346185513922174
-0.14970000000000017,-12.390041564217992
-0.15070000000000006,-12.432482903213943
-0.15170000000000017,-12.476338953509758
-0.15270000000000006,-12.476338953509758
-0.15370000000000017,-12.476338953509758
-0.15470000000000006,-12.520195003805576
-0.15570000000000017,-12.56405105410139
-0.15670000000000006,-12.520195003805576
-0.15770000000000017,-12.520195003805576
-0.15870000000000006,-12.520195003805576
-0.15970000000000018,-12.520195003805576
-0.16070000000000007,-12.520195003805576
-0.16170000000000018,-12.56405105410139
-0.16270000000000007,-12.56405105410139
-0.16370000000000018,-12.607907104397206
-0.16470000000000007,-12.651763154693022
-0.16570000000000018,-12.694204493688973
-0.16670000000000007,-12.73806054398479
-0.16770000000000018,-12.73806054398479
-0.16870000000000007,-12.781916594280606
-0.16970000000000018,-12.781916594280606
-0.17070000000000007,-12.781916594280606
-0.17170000000000019,-12.781916594280606
-0.17270000000000008,-12.781916594280606
-0.1737000000000002,-12.825772644576423
-0.17470000000000008,-12.825772644576423
-0.1757000000000002,-12.825772644576423
-0.17670000000000008,-12.869628694872238
-0.1777000000000002,-12.913484745168056
-0.17870000000000008,-12.955926084164007
-0.1797000000000002,-12.99978213445982
-0.18070000000000008,-12.99978213445982
-0.1817000000000002,-13.043638184755638
-0.18270000000000008,-13.087494235051453
-0.1837000000000002,-13.087494235051453
-0.1847000000000001,-13.13135028534727
-0.1857000000000002,-13.13135028534727
-0.1867000000000001,-13.13135028534727
-0.1877000000000002,-13.175206335643086
-0.1887000000000001,-13.175206335643086
-0.1897000000000002,-13.217647674639037
-0.1907000000000001,-13.261503724934855
-0.1917000000000001,-13.30535977523067
-0.19269999999999998,-13.3930718758223
-0.1937000000000001,-13.436927926118118
-0.19469999999999998,-13.436927926118118
-0.1957000000000001,-13.523225315409885
-0.19669999999999999,-13.567081365705702
-0.1977000000000001,-13.567081365705702
-0.1987,-13.610937416001518
-0.1997000000000001,-13.567081365705702
-0.2007,-13.654793466297335
-0.2017000000000001,-13.698649516593148
-0.2027,-13.741090855589102
-0.2037000000000001,-13.784946905884919
-0.2047,-13.828802956180734
-0.2057000000000001,-13.872659006476551
-0.2067,-13.960371107068182
-0.2077000000000001,-14.002812446064135
-0.2087,-14.090524546655764
-0.2097000000000001,-14.090524546655764
-0.2107,-14.13438059695158
-0.2117000000000001,-14.175407224647667
-0.2127,-14.217848563643619
-0.2137000000000001,-14.26028990263957
-0.2147,-14.30273124163552
-0.2157000000000001,-14.401761032626075
-0.2167,-14.486643710617974
-0.21770000000000012,-14.529085049613924
-0.2187,-14.61396772760583
-0.21970000000000012,-14.69885040559773
-0.2207,-14.783733083589633
-0.22170000000000012,-14.826174422585586
-0.2227,-14.868615761581536
-0.22370000000000012,-14.967645552572087
-0.2247,-15.01008689156804
-0.22570000000000012,-15.094969569559943
-0.2267,-15.137410908555893
-0.22770000000000012,-15.222293586547794
-0.22870000000000001,-15.307176264539699
-0.22970000000000013,-15.3920589425316
-0.23070000000000002,-15.491088733522153
-0.23170000000000013,-15.575971411514052
-0.23270000000000002,-15.660854089505953
-0.23370000000000013,-15.74573676749786
-0.23470000000000002,-15.830619445489761
-0.23570000000000013,-15.91550212348166
-0.23670000000000002,-16.014531914472215
-0.2376999999999999,-16.099414592464115
-0.23870000000000002,-16.141855931460068
-0.2396999999999999,-16.22673860945197
-0.24070000000000003,-16.354062626439823
-0.24169999999999991,-16.438945304431726
-0.24270000000000003,-16.53797509542228
-0.24369999999999992,-16.665299112410132
-0.24470000000000003,-16.750181790402035
-0.24569999999999992,-16.877505807389888
-0.24670000000000003,-17.018976937376394
-0.24769999999999992,-17.103859615368293
-0.24870000000000003,-17.231183632356142
-0.24969999999999992,-17.316066310348052
-0.25070000000000003,-17.4433903273359
-0.2516999999999999,-17.542420118326454
-0.25270000000000004,-17.669744135314307
-0.2536999999999999,-17.797068152302163
-0.25470000000000004,-17.924392169290012
-0.2556999999999999,-18.009274847281915
-0.25670000000000004,-18.19318731626437
-0.25769999999999993,-18.320511333252224
-0.25870000000000004,-18.49027668923603
-0.25969999999999993,-18.674189158218486
-0.26070000000000004,-18.843954514202288
-0.26169999999999993,-18.97127853119014
-0.26270000000000004,-19.155191000172596
-0.26369999999999993,-19.28251501716045
-0.26470000000000005,-19.452280373144255
-0.26569999999999994,-19.579604390132108
-0.26670000000000005,-19.763516859114564
-0.26769999999999994,-19.890840876102416
-0.26870000000000005,-20.01816489309027
-0.26969999999999994,-20.244518701068674
-0.27070000000000005,-20.414284057052477
-0.27169999999999994,-20.584049413036283
-0.27270000000000005,-20.810403221014692
-0.27369999999999994,-20.980168576998494
-0.27470000000000006,-21.2065223849769
-0.27569999999999995,-21.418729079956652
-0.27670000000000006,-21.58849443594046
-0.27769999999999995,-21.772406904922917
-0.27870000000000006,-21.94217226090672
-0.27969999999999995,-22.111937616890522
-0.28070000000000006,-22.295850085872978
-0.28169999999999995,-22.508056780852733
-0.28270000000000006,-22.72026347583249
-0.28369999999999995,-22.946617283810895
-0.28470000000000006,-23.15882397879065
-0.28569999999999995,-23.427619125765005
-0.28670000000000007,-23.682267159740714
-0.28769999999999996,-23.908620967719123
-0.28870000000000007,-24.16326900169483
-0.28969999999999996,-24.34718147067728
-0.29070000000000007,-24.601829504652986
-0.29169999999999996,-24.771594860636792
-0.29270000000000007,-24.997948668615198
-0.29369999999999996,-25.252596702590903
-0.2947000000000001,-25.478950510569312
-0.29569999999999996,-25.691157205549064
-0.2967000000000001,-26.002393691519377
-0.29769999999999996,-26.29948306449103
-0.2987000000000001,-26.568278211465387
-0.29969999999999997,-26.86536758443705
-0.3007000000000001,-27.134162731411404
-0.30169999999999997,-27.43125210438306
-0.3027000000000001,-27.65760591236147
-0.30369999999999997,-27.954695285333123
-0.3047000000000001,-28.22349043230748
-0.30569999999999997,-28.478138466283188
-0.3067000000000001,-28.789374952253496
-0.3077,-29.100611438223805
-0.3087000000000001,-29.35525947219951
-0.3097,-29.708937297165768
-0.3107000000000001,-30.00602667013743
-0.3117,-30.359704495103685
-0.3127000000000001,-30.71338232006995
-0.3137,-31.010471693041605
-0.3147000000000001,-31.36414951800786
-0.3157,-31.661238890979522
-0.3167000000000001,-31.972475376949827
-0.3177,-32.32615320191609
-0.3187000000000001,-32.66568391388369
-0.3197,-32.97692039985401
-0.3207000000000001,-33.373039563816214
-0.3217,-33.712570275783825
-0.3227000000000001,-34.10868943974604
-0.3237,-34.462367264712285
-0.3247000000000001,-34.8018979766799
-0.3257,-35.198017140642115
-0.3267000000000001,-35.636577643600276
-0.3277,-36.03269680756248
-0.3287000000000001,-36.4288159715247
-0.3297,-36.768346683492304
-0.3307000000000001,-37.164465847454515
-0.3317,-37.56058501141672
-0.3327000000000001,-37.94255706238028
-0.3337,-38.38111756533845
-0.3347000000000001,-38.777236729300654
-0.3357,-39.173355893262865
-0.3367000000000001,-39.654357735216976
-0.3377,-40.03632978618054
-0.3387000000000001,-40.4748902891387
-0.3397,-40.91345079209687
-0.3407000000000001,-41.39445263405098
-0.3417,-41.87545447600508
-0.3427000000000001,-42.31401497896325
-0.3437,-42.71013414292546
-0.3447000000000001,-43.17698887188092
-0.3457,-43.657990713835034
-0.3467000000000001,-44.096551216793195
-0.3477,-44.535111719751356
-0.3487000000000001,-45.01611356170547
-0.3497,-45.497115403659585
-0.3507000000000001,-45.97811724561369
-0.3517,-46.501560426563756
-0.3527000000000001,-47.02500360751382
-0.3537,-47.46356411047198
-0.3547000000000001,-48.029448630417996
-0.3557,-48.55289181136806
-0.35670000000000013,-48.97730520132757
-0.3577,-49.458307043281685
-0.35870000000000013,-49.98175022423175
-0.3597,-50.46275206618586
-0.36070000000000013,-50.98619524713592
-0.3617,-51.46719708909004
-0.3626999999999999,-51.990640270040096
-0.3637,-52.55652478998611
-0.3646999999999999,-53.079967970936174
-0.3657,-53.64585249088219
-0.3666999999999999,-54.2117370108282
-0.3677,-54.73518019177827
-0.3686999999999999,-55.31521182472294
-0.36970000000000003,-55.838655005673
-0.3706999999999999,-56.404539525619015
-0.37170000000000003,-56.927982706569075
-0.3726999999999999,-57.45142588751914
-0.37370000000000003,-58.017310407465146
-0.3746999999999999,-58.583194927411164
-0.37570000000000003,-59.14907944735718
-0.3766999999999999,-59.7149639673032
-0.37770000000000004,-60.28084848724921
-0.3786999999999999,-60.93161568518713
-0.37970000000000004,-61.49750020513315
-0.3806999999999999,-62.06338472507916
-0.38170000000000004,-62.64341635802381
-0.38269999999999993,-63.251742216965795
-0.38370000000000004,-63.81762673691181
-0.38469999999999993,-64.42595259585376
-0.38570000000000004,-65.03427845479574
-0.38669999999999993,-64.82207175981598
-0.38570000000000004,-63.421507572949594
-0.38469999999999993,-62.16241451606972
-0.38370000000000004,-61.07308681517363
-0.38269999999999993,-60.02620045327351
-0.38170000000000004,-59.10663810836124
-0.3806999999999999,-58.22951710244491
-0.37970000000000004,-57.408984548523186
-0.3786999999999999,-56.61674622059877
-0.37770000000000004,-55.838655005673
-0.3766999999999999,-55.088858016744524
-0.37570000000000003,-54.39564947981066
-0.3746999999999999,-53.64585249088219
-0.37370000000000003,-52.95264395394832
-0.3726999999999999,-52.34431809500636
-0.37170000000000003,-51.69355089706845
-0.3706999999999999,-51.028636586131874
-0.36970000000000003,-50.42031072718991
-0.3686999999999999,-49.76954352925199
-0.3677,-49.20365900930597
-0.3666999999999999,-48.59533315036401
-0.3657,-48.029448630417996
-0.3646999999999999,-47.46356411047198
-0.3637,-46.79864979953541
-0.3626999999999999,-46.2327652795894
-0.3617,-45.624439420647434
-0.36070000000000013,-45.01611356170547
-0.3597,-44.45022904175945
-0.35870000000000013,-43.88434452181344
-0.3577,-43.27601866287147
-0.35670000000000013,-42.752575481921404
-0.3557,-42.130102509980794
-0.3547000000000001,-41.66324778102533
-0.3537,-41.083216148080666
-0.3527000000000001,-40.51733162813464
-0.3517,-39.95144710818864
-0.3507000000000001,-39.38556258824262
-0.3497,-38.86211940729255
-0.3487000000000001,-38.33867622634249
-0.3477,-37.77279170639648
-0.3467000000000001,-37.206907186450465
-0.3457,-36.64102266650445
-0.3447000000000001,-36.07513814655844
-0.3437,-35.594136304604326
-0.3427000000000001,-35.07069312365426
-0.3417,-34.5472499427042
-0.3407000000000001,-34.02380676175414
-0.3397,-33.50036358080407
-0.3387000000000001,-33.01936173884996
-0.3377,-32.49591855789989
-0.3367000000000001,-31.930034037953877
-0.3357,-31.40659085700382
-0.3347000000000001,-30.88314767605375
-0.3337,-30.402145834099635
-0.3327000000000001,-29.836261314153624
-0.3317,-29.35525947219951
-0.3307000000000001,-28.8742576302454
-0.3297,-28.350814449295335
-0.3287000000000001,-27.869812607341224
-0.3277,-27.38881076538711
-0.3267000000000001,-26.907808923433
-0.3257,-26.440954194477534
-0.3247000000000001,-25.959952352523427
-0.3237,-25.43650917157336
-0.3227000000000001,-24.95550732961925
-0.3217,-24.474505487665134
-0.3207000000000001,-23.951062306715073
-0.3197,-23.51250180375691
-0.3187000000000001,-22.989058622806844
-0.3177,-22.508056780852733
-0.3167000000000001,-22.069496277894572
-0.3157,-21.58849443594046
-0.3147000000000001,-21.2065223849769
-0.3137,-20.72552054302279
-0.3127000000000001,-20.286960040064624
-0.3117,-19.848399537106463
-0.3107000000000001,-19.409839034148305
-0.3097,-18.92883719219419
-0.3087000000000001,-18.49027668923603
-0.3077,-18.009274847281915
-0.3067000000000001,-17.584861457322408
-0.30569999999999997,-17.146300954364243
-0.3047000000000001,-16.665299112410132
-0.30369999999999997,-16.311621287443874
-0.3027000000000001,-15.87306078448571
-0.30169999999999997,-15.491088733522153
-0.3007000000000001,-15.094969569559943
-0.29969999999999997,-14.65640906660178
-0.2987000000000001,-14.26028990263957
-0.29769999999999996,-13.872659006476551
-0.2967000000000001,-13.436927926118118
-0.29569999999999996,-13.043638184755638
-0.2947000000000001,-12.607907104397206
-0.29369999999999996,-12.170761312738911
-0.29270000000000007,-11.778886282676295
-0.29169999999999996,-11.385596541313816
-0.29070000000000007,-10.993721511251199
-0.28969999999999996,-10.601846481188586
-0.28870000000000007,-10.208556739826104
-0.28769999999999996,-9.85912304875944
-0.28670000000000007,-9.511104068992642
-0.28569999999999995,-9.11781432763016
-0.28470000000000006,-8.769795347863363
-0.28369999999999995,-8.376505606500881
-0.28270000000000006,-8.027071915434218
-0.28169999999999995,-7.679052935667419
-0.28070000000000006,-7.243321855308987
-0.27969999999999995,-6.893888164242324
-0.27870000000000006,-6.54445447317566
-0.27769999999999995,-6.196435493408861
-0.27670000000000006,-5.847001802342197
-0.27569999999999995,-5.5414241615713475
-0.27470000000000006,-5.235846520800501
-0.27369999999999994,-4.887827541033701
-0.27270000000000005,-4.582249900262854
-0.27169999999999994,-4.276672259492005
-0.27070000000000005,-3.884797229429391
-0.26969999999999994,-3.579219588658543
-0.26870000000000005,-3.273641947887695
-0.26769999999999994,-2.924208256821031
-0.26670000000000005,-2.576189277054232
-0.26569999999999994,-2.3144676865791998
-0.26470000000000005,-1.9650339955125358
-0.26369999999999993,-1.7033124050375041
-0.26270000000000004,-1.3980177065266295
-0.26169999999999993,-1.1362961160515976
-0.26070000000000004,-0.8308599464107361
-0.25969999999999993,-0.5692798270656908
-0.25870000000000004,-0.26384365742482935
-0.25769999999999993,-0.002205534916489592
-0.25670000000000004,0.2594580523952477
-0.2556999999999999,0.5647527509061226
-0.25470000000000004,0.8264743413811545
-0.2536999999999999,1.1317690398920295
-0.25270000000000004,1.4373466806628774
-0.2516999999999999,1.6990682711379093
-0.25070000000000003,1.9169338113171246
-0.24969999999999992,2.178655401792157
-0.24870000000000003,2.4403769922671885
-0.24769999999999992,2.658242532446404
-0.24670000000000003,2.8761080726256196
-0.24569999999999992,3.0939736128048354
-0.24470000000000003,3.313253864283916
-0.24369999999999992,3.6174167937548987
-0.24270000000000003,3.7928409949381634
-0.24169999999999991,4.098418635709011
-0.24070000000000003,4.316284175888227
-0.2396999999999999,4.534149716067443
-0.23870000000000002,4.795871306542475
-0.2376999999999999,4.9698807964258735
-0.23670000000000002,5.18774633660509
-0.23570000000000013,5.405611876784305
-0.23470000000000002,5.581036077967569
-0.23370000000000013,5.75504556785097
-0.23270000000000002,5.929055057734368
-0.23170000000000013,6.1044792589176335
-0.23070000000000002,6.322344799096849
-0.22970000000000013,6.540210339276065
-0.22870000000000001,6.714219829159464
-0.22770000000000012,6.933500080638546
-0.2267,7.107509570521944
-0.22570000000000012,7.281519060405343
-0.2247,7.49938460058456
-0.22370000000000012,7.630952751472008
-0.2227,7.761106191059591
-0.22170000000000012,7.892674341947039
-0.2207,8.066683831830439
-0.21970000000000012,8.242108033013702
-0.2187,8.372261472601286
-0.21770000000000012,8.503829623488736
-0.2167,8.677839113372134
-0.2157000000000001,8.851848603255535
-0.2147,9.025858093138934
-0.2137000000000001,9.201282294322198
-0.2127,9.287579683613965
-0.2117000000000001,9.463003884797232
-0.2107,9.549301274088998
-0.2097000000000001,9.680869424976446
-0.2087,9.811022864564029
-0.2077000000000001,9.898734965155663
-0.2067,10.03030311604311
-0.2057000000000001,10.116600505334876
-0.2047,10.20431260592651
-0.2037000000000001,10.37832209580991
-0.2027,10.46603419640154
-0.2017000000000001,10.596187635989125
-0.2007,10.727755786876573
-0.1997000000000001,10.815467887468206
-0.1987,10.94562132705579
-0.1977000000000001,11.077189477943236
-0.19669999999999999,11.119630816939189
-0.1957000000000001,11.20734291753082
-0.19469999999999998,11.295055018122452
-0.1937000000000001,11.33891106841827
-0.19269999999999998,11.425208457710037
-0.1917000000000001,11.51292055830167
-0.1907000000000001,11.6006326588933
-0.1897000000000002,11.686930048185067
-0.1887000000000001,11.774642148776701
-0.1877000000000002,11.862354249368334
-0.1867000000000001,11.9486516386601
-0.1857000000000002,12.036363739251732
-0.1847000000000001,12.122661128543498
-0.1837000000000002,12.166517178839316
-0.18270000000000008,12.254229279430946
-0.1817000000000002,12.298085329726765
-0.18070000000000008,12.341941380022579
-0.1797000000000002,12.384382719018532
-0.17870000000000008,12.472094819610163
-0.1777000000000002,12.472094819610163
-0.17670000000000008,12.559806920201796
-0.1757000000000002,12.603662970497613
-0.17470000000000008,12.733816410085195
-0.1737000000000002,12.821528510676828
-0.17270000000000008,12.865384560972643
-0.17170000000000019,12.907825899968595
-0.17070000000000007,12.907825899968595
-0.16970000000000018,12.995538000560227
-0.16870000000000007,12.995538000560227
-0.16770000000000018,13.039394050856043
-0.16670000000000007,13.08325010115186
-0.16570000000000018,13.08325010115186
-0.16470000000000007,13.127106151447675
-0.16370000000000018,13.213403540739444
-0.16270000000000007,13.257259591035258
-0.16170000000000018,13.301115641331073
-0.16070000000000007,13.388827741922707
-0.15970000000000018,13.388827741922707
-0.15870000000000006,13.431269080918659
-0.15770000000000017,13.475125131214474
-0.15670000000000006,13.518981181510291
-0.15570000000000017,13.562837231806107
-0.15470000000000006,13.518981181510291
-0.15370000000000017,13.562837231806107
-0.15270000000000006,13.562837231806107
-0.15170000000000017,13.606693282101922
-0.15070000000000006,13.65054933239774
-0.14970000000000017,13.69299067139369
-0.14870000000000005,13.736846721689506
-0.14770000000000016,13.736846721689506
-0.14670000000000005,13.780702771985322
-0.14570000000000016,13.824558822281137
-0.14470000000000005,13.868414872576954
-0.14370000000000016,13.868414872576954
-0.14270000000000005,13.868414872576954
-0.14170000000000016,13.868414872576954
-0.14070000000000005,13.868414872576954
-0.13970000000000016,13.91227092287277
-0.13870000000000005,13.91227092287277
-0.13770000000000016,13.91227092287277
-0.13670000000000004,13.954712261868721
-0.13570000000000015,13.954712261868721
-0.13470000000000004,14.042424362460354
-0.13370000000000015,14.042424362460354
-0.13270000000000004,14.042424362460354
-0.13170000000000015,14.08628041275617
-0.13070000000000004,14.08628041275617
-0.12970000000000015,14.08628041275617
-0.12870000000000004,14.08628041275617
-0.12770000000000015,14.08628041275617
-0.12670000000000003,14.130136463051985
-0.12570000000000014,14.08628041275617
-0.12470000000000003,14.08628041275617
-0.12370000000000014,14.175407224647667
-0.12270000000000003,14.130136463051985
-0.12170000000000014,14.217848563643619
-0.12070000000000003,14.26028990263957
-0.11970000000000014,14.26028990263957
-0.11870000000000003,14.26028990263957
-0.11770000000000014,14.30273124163552
-0.11670000000000003,14.26028990263957
-0.11570000000000014,14.26028990263957
-0.11470000000000002,14.26028990263957
-0.11370000000000013,14.26028990263957
-0.11270000000000002,14.26028990263957
-0.11170000000000013,14.26028990263957
-0.11070000000000024,14.30273124163552
-0.10970000000000013,14.30273124163552
-0.10870000000000024,14.345172580631472
-0.10770000000000013,14.345172580631472
-0.10670000000000024,14.345172580631472
-0.10570000000000013,14.387613919627421
-0.10470000000000024,14.387613919627421
-0.10370000000000013,14.387613919627421
-0.10270000000000024,14.387613919627421
-0.10170000000000012,14.387613919627421
-0.10070000000000023,14.345172580631472
-0.09970000000000012,14.387613919627421
-0.09870000000000023,14.387613919627421
-0.09770000000000012,14.387613919627421
-0.09670000000000023,14.387613919627421
-0.09570000000000012,14.387613919627421
-0.09470000000000023,14.430055258623375
-0.09370000000000012,14.472496597619326
-0.09270000000000023,14.430055258623375
-0.09170000000000011,14.472496597619326
-0.09070000000000022,14.472496597619326
-0.08970000000000011,14.472496597619326
-0.08870000000000022,14.472496597619326
-0.08770000000000011,14.472496597619326
-0.08670000000000022,14.472496597619326
-0.08570000000000011,14.430055258623375
-0.08470000000000022,14.430055258623375
-0.08370000000000011,14.472496597619326
-0.08270000000000022,14.430055258623375
-0.0817000000000001,14.472496597619326
-0.08070000000000022,14.529085049613924
-0.0797000000000001,14.529085049613924
-0.07870000000000021,14.529085049613924
-0.0777000000000001,14.529085049613924
-0.07670000000000021,14.529085049613924
-0.0757000000000001,14.529085049613924
-0.07470000000000021,14.472496597619326
-0.0737000000000001,14.472496597619326
-0.07270000000000021,14.472496597619326
-0.0717000000000001,14.472496597619326
-0.07070000000000021,14.529085049613924
-0.0697000000000001,14.529085049613924
-0.0687000000000002,14.529085049613924
-0.0677000000000001,14.529085049613924
-0.0667000000000002,14.57152638860988
-0.06570000000000009,14.57152638860988
-0.0647000000000002,14.61396772760583
-0.06370000000000009,14.57152638860988
-0.0627000000000002,14.57152638860988
-0.06170000000000009,14.57152638860988
-0.0607000000000002,14.57152638860988
-0.059700000000000086,14.57152638860988
-0.058700000000000196,14.57152638860988
-0.057700000000000085,14.57152638860988
-0.056700000000000195,14.57152638860988
-0.05570000000000008,14.57152638860988
-0.05470000000000019,14.61396772760583
-0.05370000000000008,14.61396772760583
-0.05270000000000019,14.65640906660178
-0.05170000000000008,14.65640906660178
-0.05070000000000019,14.65640906660178
-0.04970000000000008,14.65640906660178
-0.04870000000000019,14.65640906660178
-0.047700000000000076,14.65640906660178
-0.046700000000000186,14.65640906660178
-0.045700000000000074,14.61396772760583
-0.044700000000000184,14.61396772760583
-0.04370000000000007,14.65640906660178
-0.04270000000000018,14.65640906660178
-0.04170000000000007,14.69885040559773
-0.04070000000000018,14.69885040559773
-0.03970000000000007,14.69885040559773
-0.03870000000000018,14.741291744593681
-0.03770000000000007,14.741291744593681
-0.03670000000000018,14.69885040559773
-0.035700000000000065,14.741291744593681
-0.034700000000000175,14.69885040559773
-0.03370000000000006,14.69885040559773
-0.03270000000000017,14.65640906660178
-0.03170000000000006,14.65640906660178
-0.03070000000000017,14.69885040559773
-0.02970000000000006,14.69885040559773
-0.02870000000000017,14.741291744593681
-0.027700000000000058,14.741291744593681
-0.026700000000000168,14.741291744593681
-0.025700000000000056,14.741291744593681
-0.024700000000000166,14.783733083589633
-0.023700000000000054,14.783733083589633
-0.022700000000000164,14.783733083589633
-0.021700000000000053,14.741291744593681
-0.020700000000000163,14.741291744593681
-0.01970000000000005,14.741291744593681
-0.01870000000000016,14.741291744593681
-0.01770000000000005,14.741291744593681
-0.01670000000000016,14.741291744593681
-0.015700000000000047,14.783733083589633
-0.014700000000000157,14.783733083589633
-0.013700000000000045,14.826174422585586
-0.012700000000000156,14.826174422585586
-0.011700000000000044,14.826174422585586
-0.010700000000000154,14.868615761581536
-0.009700000000000042,14.826174422585586
-0.008700000000000152,14.826174422585586
-0.00770000000000004,14.826174422585586
-0.00670000000000015,14.826174422585586
-0.005700000000000038,14.826174422585586
-0.0047000000000001485,14.783733083589633
-0.0037000000000000366,14.868615761581536
-0.0027000000000001467,14.826174422585586
-0.0017000000000000348,14.911057100577487
-0.000700000000000145,14.911057100577487
0.00029999999999996696,14.911057100577487
0.0012999999999998568,14.911057100577487
0.0022999999999999687,14.953498439573437
0.0032999999999998586,14.911057100577487
0.0042999999999999705,14.953498439573437
0.00529999999999986,14.911057100577487
0.006299999999999972,14.911057100577487
0.007299999999999862,14.911057100577487
0.008299999999999974,14.911057100577487
0.009299999999999864,14.953498439573437
0.010299999999999976,14.953498439573437
0.011299999999999866,14.953498439573437
0.012299999999999978,14.995939778569388
