May 5, 2025   01:03:07
Cyclic Voltammetry
File: c:/users/guazh/data/banditlqround7_x0exp1108_r5/2025-04-30-exp1243\exp1243-2025-05-05t00_56_11-arkoh\exp1243_cv_sr_400mvs_efin_-1400mv.bin
Data Source:  Experiment
Instrument Model:  CHI760E
Header: CV ran at 400 mVs
Note: 

Init E (V) = -1
High E (V) = -1
Low E (V) = -1.4
Final E (V) = -1
Init P/N = N
Scan Rate (V/s) = 0.4
Segment = 3
Sample Interval (V) = 0.001
Quiet Time (sec) = 2
Sensitivity (A/V) = 0.01
Comp R (ohm) = 1.0

Results:

Channel 1:
Segment 1:

Segment 2:

Segment 3:

Potential/V, Current/A

-1.000, 6.168e-4
-1.001, 7.494e-4
-1.002, 8.696e-4
-1.003, 9.806e-4
-1.004, 1.079e-3
-1.005, 1.166e-3
-1.006, 1.236e-3
-1.007, 1.301e-3
-1.008, 1.366e-3
-1.009, 1.431e-3
-1.010, 1.492e-3
-1.011, 1.551e-3
-1.012, 1.603e-3
-1.013, 1.647e-3
-1.014, 1.687e-3
-1.015, 1.730e-3
-1.016, 1.773e-3
-1.017, 1.819e-3
-1.018, 1.865e-3
-1.019, 1.906e-3
-1.020, 1.936e-3
-1.021, 1.964e-3
-1.022, 1.995e-3
-1.023, 2.029e-3
-1.024, 2.066e-3
-1.025, 2.097e-3
-1.026, 2.121e-3
-1.027, 2.143e-3
-1.028, 2.168e-3
-1.029, 2.195e-3
-1.030, 2.223e-3
-1.031, 2.254e-3
-1.032, 2.279e-3
-1.033, 2.303e-3
-1.034, 2.325e-3
-1.035, 2.346e-3
-1.036, 2.371e-3
-1.037, 2.396e-3
-1.038, 2.420e-3
-1.039, 2.436e-3
-1.040, 2.451e-3
-1.041, 2.467e-3
-1.042, 2.482e-3
-1.043, 2.504e-3
-1.044, 2.531e-3
-1.045, 2.553e-3
-1.046, 2.575e-3
-1.047, 2.593e-3
-1.048, 2.608e-3
-1.049, 2.630e-3
-1.050, 2.652e-3
-1.051, 2.673e-3
-1.052, 2.689e-3
-1.053, 2.701e-3
-1.054, 2.713e-3
-1.055, 2.729e-3
-1.056, 2.747e-3
-1.057, 2.769e-3
-1.058, 2.790e-3
-1.059, 2.809e-3
-1.060, 2.821e-3
-1.061, 2.834e-3
-1.062, 2.849e-3
-1.063, 2.871e-3
-1.064, 2.892e-3
-1.065, 2.908e-3
-1.066, 2.920e-3
-1.067, 2.929e-3
-1.068, 2.941e-3
-1.069, 2.960e-3
-1.070, 2.982e-3
-1.071, 3.000e-3
-1.072, 3.015e-3
-1.073, 3.031e-3
-1.074, 3.040e-3
-1.075, 3.062e-3
-1.076, 3.086e-3
-1.077, 3.108e-3
-1.078, 3.130e-3
-1.079, 3.142e-3
-1.080, 3.151e-3
-1.081, 3.163e-3
-1.082, 3.176e-3
-1.083, 3.197e-3
-1.084, 3.222e-3
-1.085, 3.241e-3
-1.086, 3.250e-3
-1.087, 3.262e-3
-1.088, 3.278e-3
-1.089, 3.296e-3
-1.090, 3.321e-3
-1.091, 3.342e-3
-1.092, 3.367e-3
-1.093, 3.376e-3
-1.094, 3.385e-3
-1.095, 3.398e-3
-1.096, 3.416e-3
-1.097, 3.435e-3
-1.098, 3.453e-3
-1.099, 3.469e-3
-1.100, 3.481e-3
-1.101, 3.493e-3
-1.102, 3.509e-3
-1.103, 3.530e-3
-1.104, 3.552e-3
-1.105, 3.570e-3
-1.106, 3.586e-3
-1.107, 3.601e-3
-1.108, 3.617e-3
-1.109, 3.635e-3
-1.110, 3.657e-3
-1.111, 3.675e-3
-1.112, 3.688e-3
-1.113, 3.700e-3
-1.114, 3.712e-3
-1.115, 3.728e-3
-1.116, 3.749e-3
-1.117, 3.771e-3
-1.118, 3.789e-3
-1.119, 3.805e-3
-1.120, 3.817e-3
-1.121, 3.832e-3
-1.122, 3.854e-3
-1.123, 3.876e-3
-1.124, 3.900e-3
-1.125, 3.913e-3
-1.126, 3.925e-3
-1.127, 3.937e-3
-1.128, 3.950e-3
-1.129, 3.968e-3
-1.130, 3.990e-3
-1.131, 4.011e-3
-1.132, 4.027e-3
-1.133, 4.042e-3
-1.134, 4.061e-3
-1.135, 4.082e-3
-1.136, 4.104e-3
-1.137, 4.128e-3
-1.138, 4.147e-3
-1.139, 4.162e-3
-1.140, 4.172e-3
-1.141, 4.184e-3
-1.142, 4.199e-3
-1.143, 4.221e-3
-1.144, 4.243e-3
-1.145, 4.261e-3
-1.146, 4.273e-3
-1.147, 4.289e-3
-1.148, 4.307e-3
-1.149, 4.329e-3
-1.150, 4.350e-3
-1.151, 4.372e-3
-1.152, 4.387e-3
-1.153, 4.403e-3
-1.154, 4.412e-3
-1.155, 4.428e-3
-1.156, 4.449e-3
-1.157, 4.471e-3
-1.158, 4.489e-3
-1.159, 4.508e-3
-1.160, 4.520e-3
-1.161, 4.535e-3
-1.162, 4.554e-3
-1.163, 4.582e-3
-1.164, 4.609e-3
-1.165, 4.631e-3
-1.166, 4.646e-3
-1.167, 4.659e-3
-1.168, 4.671e-3
-1.169, 4.690e-3
-1.170, 4.708e-3
-1.171, 4.733e-3
-1.172, 4.751e-3
-1.173, 4.767e-3
-1.174, 4.779e-3
-1.175, 4.794e-3
-1.176, 4.816e-3
-1.177, 4.844e-3
-1.178, 4.868e-3
-1.179, 4.890e-3
-1.180, 4.908e-3
-1.181, 4.924e-3
-1.182, 4.942e-3
-1.183, 4.961e-3
-1.184, 4.986e-3
-1.185, 5.004e-3
-1.186, 5.019e-3
-1.187, 5.032e-3
-1.188, 5.050e-3
-1.189, 5.072e-3
-1.190, 5.100e-3
-1.191, 5.124e-3
-1.192, 5.143e-3
-1.193, 5.158e-3
-1.194, 5.177e-3
-1.195, 5.198e-3
-1.196, 5.223e-3
-1.197, 5.248e-3
-1.198, 5.269e-3
-1.199, 5.285e-3
-1.200, 5.300e-3
-1.201, 5.315e-3
-1.202, 5.334e-3
-1.203, 5.356e-3
-1.204, 5.380e-3
-1.205, 5.402e-3
-1.206, 5.423e-3
-1.207, 5.445e-3
-1.208, 5.467e-3
-1.209, 5.497e-3
-1.210, 5.519e-3
-1.211, 5.544e-3
-1.212, 5.565e-3
-1.213, 5.584e-3
-1.214, 5.599e-3
-1.215, 5.618e-3
-1.216, 5.639e-3
-1.217, 5.667e-3
-1.218, 5.692e-3
-1.219, 5.713e-3
-1.220, 5.735e-3
-1.221, 5.753e-3
-1.222, 5.778e-3
-1.223, 5.803e-3
-1.224, 5.830e-3
-1.225, 5.855e-3
-1.226, 5.873e-3
-1.227, 5.892e-3
-1.228, 5.907e-3
-1.229, 5.935e-3
-1.230, 5.963e-3
-1.231, 5.991e-3
-1.232, 6.015e-3
-1.233, 6.040e-3
-1.234, 6.058e-3
-1.235, 6.080e-3
-1.236, 6.108e-3
-1.237, 6.142e-3
-1.238, 6.176e-3
-1.239, 6.200e-3
-1.240, 6.219e-3
-1.241, 6.240e-3
-1.242, 6.262e-3
-1.243, 6.287e-3
-1.244, 6.317e-3
-1.245, 6.345e-3
-1.246, 6.373e-3
-1.247, 6.391e-3
-1.248, 6.413e-3
-1.249, 6.444e-3
-1.250, 6.475e-3
-1.251, 6.506e-3
-1.252, 6.536e-3
-1.253, 6.564e-3
-1.254, 6.589e-3
-1.255, 6.613e-3
-1.256, 6.641e-3
-1.257, 6.675e-3
-1.258, 6.703e-3
-1.259, 6.724e-3
-1.260, 6.746e-3
-1.261, 6.768e-3
-1.262, 6.795e-3
-1.263, 6.829e-3
-1.264, 6.860e-3
-1.265, 6.894e-3
-1.266, 6.919e-3
-1.267, 6.943e-3
-1.268, 6.968e-3
-1.269, 7.002e-3
-1.270, 7.042e-3
-1.271, 7.079e-3
-1.272, 7.107e-3
-1.273, 7.131e-3
-1.274, 7.156e-3
-1.275, 7.181e-3
-1.276, 7.215e-3
-1.277, 7.249e-3
-1.278, 7.286e-3
-1.279, 7.313e-3
-1.280, 7.341e-3
-1.281, 7.369e-3
-1.282, 7.400e-3
-1.283, 7.437e-3
-1.284, 7.474e-3
-1.285, 7.511e-3
-1.286, 7.541e-3
-1.287, 7.572e-3
-1.288, 7.597e-3
-1.289, 7.628e-3
-1.290, 7.662e-3
-1.291, 7.696e-3
-1.292, 7.726e-3
-1.293, 7.754e-3
-1.294, 7.782e-3
-1.295, 7.813e-3
-1.296, 7.850e-3
-1.297, 7.887e-3
-1.298, 7.924e-3
-1.299, 7.958e-3
-1.300, 7.988e-3
-1.301, 8.019e-3
-1.302, 8.059e-3
-1.303, 8.099e-3
-1.304, 8.143e-3
-1.305, 8.177e-3
-1.306, 8.204e-3
-1.307, 8.235e-3
-1.308, 8.266e-3
-1.309, 8.303e-3
-1.310, 8.343e-3
-1.311, 8.383e-3
-1.312, 8.420e-3
-1.313, 8.451e-3
-1.314, 8.485e-3
-1.315, 8.525e-3
-1.316, 8.571e-3
-1.317, 8.617e-3
-1.318, 8.658e-3
-1.319, 8.691e-3
-1.320, 8.719e-3
-1.321, 8.753e-3
-1.322, 8.787e-3
-1.323, 8.827e-3
-1.324, 8.870e-3
-1.325, 8.907e-3
-1.326, 8.944e-3
-1.327, 8.978e-3
-1.328, 9.018e-3
-1.329, 9.064e-3
-1.330, 9.108e-3
-1.331, 9.154e-3
-1.332, 9.191e-3
-1.333, 9.228e-3
-1.334, 9.262e-3
-1.335, 9.299e-3
-1.336, 9.342e-3
-1.337, 9.385e-3
-1.338, 9.428e-3
-1.339, 9.471e-3
-1.340, 9.512e-3
-1.341, 9.552e-3
-1.342, 9.601e-3
-1.343, 9.653e-3
-1.344, 9.703e-3
-1.345, 9.749e-3
-1.346, 9.789e-3
-1.347, 9.826e-3
-1.348, 9.866e-3
-1.349, 9.909e-3
-1.350, 9.959e-3
-1.351, 1.001e-2
-1.352, 1.005e-2
-1.353, 1.010e-2
-1.354, 1.014e-2
-1.355, 1.019e-2
-1.356, 1.024e-2
-1.357, 1.030e-2
-1.358, 1.036e-2
-1.359, 1.040e-2
-1.360, 1.044e-2
-1.361, 1.049e-2
-1.362, 1.053e-2
-1.363, 1.059e-2
-1.364, 1.064e-2
-1.365, 1.069e-2
-1.366, 1.074e-2
-1.367, 1.078e-2
-1.368, 1.083e-2
-1.369, 1.089e-2
-1.370, 1.095e-2
-1.371, 1.102e-2
-1.372, 1.107e-2
-1.373, 1.112e-2
-1.374, 1.117e-2
-1.375, 1.122e-2
-1.376, 1.128e-2
-1.377, 1.134e-2
-1.378, 1.139e-2
-1.379, 1.144e-2
-1.380, 1.149e-2
-1.381, 1.155e-2
-1.382, 1.160e-2
-1.383, 1.167e-2
-1.384, 1.174e-2
-1.385, 1.181e-2
-1.386, 1.186e-2
-1.387, 1.192e-2
-1.388, 1.197e-2
-1.389, 1.203e-2
-1.390, 1.210e-2
-1.391, 1.216e-2
-1.392, 1.222e-2
-1.393, 1.227e-2
-1.394, 1.233e-2
-1.395, 1.239e-2
-1.396, 1.246e-2
-1.397, 1.253e-2
-1.398, 1.259e-2
-1.399, 1.266e-2
-1.400, 1.262e-2
-1.399, 1.241e-2
-1.398, 1.222e-2
-1.397, 1.206e-2
-1.396, 1.189e-2
-1.395, 1.174e-2
-1.394, 1.159e-2
-1.393, 1.144e-2
-1.392, 1.130e-2
-1.391, 1.117e-2
-1.390, 1.104e-2
-1.389, 1.092e-2
-1.388, 1.080e-2
-1.387, 1.067e-2
-1.386, 1.054e-2
-1.385, 1.043e-2
-1.384, 1.032e-2
-1.383, 1.020e-2
-1.382, 1.008e-2
-1.381, 9.962e-3
-1.380, 9.838e-3
-1.379, 9.718e-3
-1.378, 9.601e-3
-1.377, 9.490e-3
-1.376, 9.385e-3
-1.375, 9.274e-3
-1.374, 9.160e-3
-1.373, 9.049e-3
-1.372, 8.941e-3
-1.371, 8.843e-3
-1.370, 8.744e-3
-1.369, 8.642e-3
-1.368, 8.534e-3
-1.367, 8.426e-3
-1.366, 8.315e-3
-1.365, 8.207e-3
-1.364, 8.106e-3
-1.363, 8.010e-3
-1.362, 7.911e-3
-1.361, 7.810e-3
-1.360, 7.708e-3
-1.359, 7.606e-3
-1.358, 7.511e-3
-1.357, 7.421e-3
-1.356, 7.335e-3
-1.355, 7.245e-3
-1.354, 7.147e-3
-1.353, 7.045e-3
-1.352, 6.946e-3
-1.351, 6.851e-3
-1.350, 6.761e-3
-1.349, 6.672e-3
-1.348, 6.583e-3
-1.347, 6.490e-3
-1.346, 6.395e-3
-1.345, 6.299e-3
-1.344, 6.216e-3
-1.343, 6.132e-3
-1.342, 6.049e-3
-1.341, 5.966e-3
-1.340, 5.880e-3
-1.339, 5.793e-3
-1.338, 5.704e-3
-1.337, 5.621e-3
-1.336, 5.541e-3
-1.335, 5.457e-3
-1.334, 5.371e-3
-1.333, 5.282e-3
-1.332, 5.195e-3
-1.331, 5.118e-3
-1.330, 5.041e-3
-1.329, 4.967e-3
-1.328, 4.890e-3
-1.327, 4.807e-3
-1.326, 4.720e-3
-1.325, 4.643e-3
-1.324, 4.569e-3
-1.323, 4.501e-3
-1.322, 4.428e-3
-1.321, 4.350e-3
-1.320, 4.267e-3
-1.319, 4.184e-3
-1.318, 4.107e-3
-1.317, 4.039e-3
-1.316, 3.965e-3
-1.315, 3.894e-3
-1.314, 3.820e-3
-1.313, 3.743e-3
-1.312, 3.672e-3
-1.311, 3.607e-3
-1.310, 3.546e-3
-1.309, 3.481e-3
-1.308, 3.410e-3
-1.307, 3.336e-3
-1.306, 3.259e-3
-1.305, 3.188e-3
-1.304, 3.123e-3
-1.303, 3.059e-3
-1.302, 2.994e-3
-1.301, 2.926e-3
-1.300, 2.852e-3
-1.299, 2.787e-3
-1.298, 2.726e-3
-1.297, 2.667e-3
-1.296, 2.608e-3
-1.295, 2.547e-3
-1.294, 2.479e-3
-1.293, 2.411e-3
-1.292, 2.343e-3
-1.291, 2.282e-3
-1.290, 2.223e-3
-1.289, 2.168e-3
-1.288, 2.109e-3
-1.287, 2.047e-3
-1.286, 1.980e-3
-1.285, 1.918e-3
-1.284, 1.862e-3
-1.283, 1.813e-3
-1.282, 1.761e-3
-1.281, 1.705e-3
-1.280, 1.647e-3
-1.279, 1.585e-3
-1.278, 1.526e-3
-1.277, 1.471e-3
-1.276, 1.421e-3
-1.275, 1.369e-3
-1.274, 1.314e-3
-1.273, 1.255e-3
-1.272, 1.196e-3
-1.271, 1.144e-3
-1.270, 1.098e-3
-1.269, 1.048e-3
-1.268, 9.991e-4
-1.267, 9.498e-4
-1.266, 8.943e-4
-1.265, 8.449e-4
-1.264, 7.956e-4
-1.263, 7.494e-4
-1.262, 7.000e-4
-1.261, 6.476e-4
-1.260, 5.952e-4
-1.259, 5.397e-4
-1.258, 4.904e-4
-1.257, 4.472e-4
-1.256, 4.040e-4
-1.255, 3.578e-4
-1.254, 3.115e-4
-1.253, 2.591e-4
-1.252, 2.098e-4
-1.251, 1.666e-4
-1.250, 1.296e-4
-1.249, 8.957e-5
-1.248, 4.949e-5
-1.247, 1.559e-7
-1.246, -5.226e-5
-1.245, -1.016e-4
-1.244, -1.417e-4
-1.243, -1.787e-4
-1.242, -2.187e-4
-1.241, -2.650e-4
-1.240, -3.082e-4
-1.239, -3.575e-4
-1.238, -3.976e-4
-1.237, -4.284e-4
-1.236, -4.592e-4
-1.235, -4.993e-4
-1.234, -5.425e-4
-1.233, -5.918e-4
-1.232, -6.350e-4
-1.231, -6.750e-4
-1.230, -7.120e-4
-1.229, -7.521e-4
-1.228, -7.953e-4
-1.227, -8.354e-4
-1.226, -8.816e-4
-1.225, -9.217e-4
-1.224, -9.525e-4
-1.223, -9.834e-4
-1.222, -1.017e-3
-1.221, -1.054e-3
-1.220, -1.097e-3
-1.219, -1.141e-3
-1.218, -1.178e-3
-1.217, -1.212e-3
-1.216, -1.242e-3
-1.215, -1.279e-3
-1.214, -1.316e-3
-1.213, -1.356e-3
-1.212, -1.396e-3
-1.211, -1.430e-3
-1.210, -1.461e-3
-1.209, -1.492e-3
-1.208, -1.520e-3
-1.207, -1.554e-3
-1.206, -1.594e-3
-1.205, -1.631e-3
-1.204, -1.665e-3
-1.203, -1.692e-3
-1.202, -1.723e-3
-1.201, -1.760e-3
-1.200, -1.797e-3
-1.199, -1.834e-3
-1.198, -1.868e-3
-1.197, -1.896e-3
-1.196, -1.927e-3
-1.195, -1.955e-3
-1.194, -1.988e-3
-1.193, -2.022e-3
-1.192, -2.053e-3
-1.191, -2.084e-3
-1.190, -2.112e-3
-1.189, -2.140e-3
-1.188, -2.170e-3
-1.187, -2.207e-3
-1.186, -2.244e-3
-1.185, -2.278e-3
-1.184, -2.303e-3
-1.183, -2.331e-3
-1.182, -2.355e-3
-1.181, -2.383e-3
-1.180, -2.423e-3
-1.179, -2.454e-3
-1.178, -2.488e-3
-1.177, -2.516e-3
-1.176, -2.537e-3
-1.175, -2.562e-3
-1.174, -2.593e-3
-1.173, -2.627e-3
-1.172, -2.661e-3
-1.171, -2.688e-3
-1.170, -2.713e-3
-1.169, -2.738e-3
-1.168, -2.762e-3
-1.167, -2.796e-3
-1.166, -2.830e-3
-1.165, -2.855e-3
-1.164, -2.876e-3
-1.163, -2.895e-3
-1.162, -2.913e-3
-1.161, -2.941e-3
-1.160, -2.975e-3
-1.159, -3.009e-3
-1.158, -3.037e-3
-1.157, -3.058e-3
-1.156, -3.080e-3
-1.155, -3.105e-3
-1.154, -3.132e-3
-1.153, -3.166e-3
-1.152, -3.194e-3
-1.151, -3.219e-3
-1.150, -3.237e-3
-1.149, -3.256e-3
-1.148, -3.277e-3
-1.147, -3.305e-3
-1.146, -3.336e-3
-1.145, -3.360e-3
-1.144, -3.385e-3
-1.143, -3.404e-3
-1.142, -3.422e-3
-1.141, -3.444e-3
-1.140, -3.471e-3
-1.139, -3.496e-3
-1.138, -3.521e-3
-1.137, -3.539e-3
-1.136, -3.555e-3
-1.135, -3.573e-3
-1.134, -3.598e-3
-1.133, -3.619e-3
-1.132, -3.638e-3
-1.131, -3.656e-3
-1.130, -3.672e-3
-1.129, -3.690e-3
-1.128, -3.709e-3
-1.127, -3.733e-3
-1.126, -3.755e-3
-1.125, -3.777e-3
-1.124, -3.795e-3
-1.123, -3.807e-3
-1.122, -3.823e-3
-1.121, -3.841e-3
-1.120, -3.860e-3
-1.119, -3.878e-3
-1.118, -3.894e-3
-1.117, -3.903e-3
-1.116, -3.915e-3
-1.115, -3.931e-3
-1.114, -3.952e-3
-1.113, -3.974e-3
-1.112, -3.989e-3
-1.111, -4.008e-3
-1.110, -4.020e-3
-1.109, -4.029e-3
-1.108, -4.045e-3
-1.107, -4.057e-3
-1.106, -4.073e-3
-1.105, -4.082e-3
-1.104, -4.091e-3
-1.103, -4.100e-3
-1.102, -4.107e-3
-1.101, -4.122e-3
-1.100, -4.137e-3
-1.099, -4.150e-3
-1.098, -4.162e-3
-1.097, -4.171e-3
-1.096, -4.174e-3
-1.095, -4.184e-3
-1.094, -4.193e-3
-1.093, -4.202e-3
-1.092, -4.208e-3
-1.091, -4.214e-3
-1.090, -4.218e-3
-1.089, -4.221e-3
-1.088, -4.227e-3
-1.087, -4.236e-3
-1.086, -4.245e-3
-1.085, -4.255e-3
-1.084, -4.258e-3
-1.083, -4.258e-3
-1.082, -4.261e-3
-1.081, -4.267e-3
-1.080, -4.276e-3
-1.079, -4.282e-3
-1.078, -4.282e-3
-1.077, -4.276e-3
-1.076, -4.273e-3
-1.075, -4.273e-3
-1.074, -4.279e-3
-1.073, -4.288e-3
-1.072, -4.295e-3
-1.071, -4.292e-3
-1.070, -4.288e-3
-1.069, -4.282e-3
-1.068, -4.285e-3
-1.067, -4.288e-3
-1.066, -4.295e-3
-1.065, -4.292e-3
-1.064, -4.285e-3
-1.063, -4.273e-3
-1.062, -4.267e-3
-1.061, -4.267e-3
-1.060, -4.270e-3
-1.059, -4.273e-3
-1.058, -4.273e-3
-1.057, -4.270e-3
-1.056, -4.261e-3
-1.055, -4.255e-3
-1.054, -4.251e-3
-1.053, -4.255e-3
-1.052, -4.255e-3
-1.051, -4.251e-3
-1.050, -4.242e-3
-1.049, -4.233e-3
-1.048, -4.224e-3
-1.047, -4.221e-3
-1.046, -4.221e-3
-1.045, -4.218e-3
-1.044, -4.214e-3
-1.043, -4.208e-3
-1.042, -4.202e-3
-1.041, -4.199e-3
-1.040, -4.196e-3
-1.039, -4.199e-3
-1.038, -4.196e-3
-1.037, -4.187e-3
-1.036, -4.177e-3
-1.035, -4.171e-3
-1.034, -4.168e-3
-1.033, -4.168e-3
-1.032, -4.165e-3
-1.031, -4.159e-3
-1.030, -4.153e-3
-1.029, -4.147e-3
-1.028, -4.144e-3
-1.027, -4.144e-3
-1.026, -4.147e-3
-1.025, -4.150e-3
-1.024, -4.147e-3
-1.023, -4.137e-3
-1.022, -4.131e-3
-1.021, -4.125e-3
-1.020, -4.122e-3
-1.019, -4.119e-3
-1.018, -4.119e-3
-1.017, -4.113e-3
-1.016, -4.103e-3
-1.015, -4.103e-3
-1.014, -4.103e-3
-1.013, -4.107e-3
-1.012, -4.110e-3
-1.011, -4.110e-3
-1.010, -4.107e-3
-1.009, -4.100e-3
-1.008, -4.097e-3
-1.007, -4.097e-3
-1.006, -4.097e-3
-1.005, -4.097e-3
-1.004, -4.094e-3
-1.003, -4.088e-3
-1.002, -4.085e-3
-1.001, -4.088e-3
