Sept. 15, 2024   13:56:28
Cyclic Voltammetry
File: c:/users/guazh/data/20240903_batch_252_500/2024-09-03-exp361\exp361-2024-09-15t13_39_12-h2koh\exp361_cv_sr_900mvs_efin_-1700mv.bin
Data Source:  Experiment
Instrument Model:  CHI760E
Header: CV ran at 900 mVs
Note: 

Init E (V) = -1
High E (V) = -1
Low E (V) = -1.7
Final E (V) = -1
Init P/N = N
Scan Rate (V/s) = 0.9
Segment = 3
Sample Interval (V) = 0.001
Quiet Time (sec) = 2
Sensitivity (A/V) = 0.01
Comp R (ohm) = 2.3

Results:

Channel 1:
Segment 1:

Segment 2:

Segment 3:

Potential/V, Current/A

-1.000, 1.557e-5
-1.001, 2.174e-5
-1.002, 2.482e-5
-1.003, 2.482e-5
-1.004, 2.790e-5
-1.005, 2.790e-5
-1.006, 2.790e-5
-1.007, 2.790e-5
-1.008, 2.790e-5
-1.009, 2.790e-5
-1.010, 2.790e-5
-1.011, 2.790e-5
-1.012, 2.790e-5
-1.013, 2.790e-5
-1.014, 2.790e-5
-1.015, 2.790e-5
-1.016, 2.790e-5
-1.017, 2.790e-5
-1.018, 3.099e-5
-1.019, 3.099e-5
-1.020, 2.790e-5
-1.021, 2.790e-5
-1.022, 2.790e-5
-1.023, 2.790e-5
-1.024, 2.790e-5
-1.025, 3.099e-5
-1.026, 3.099e-5
-1.027, 2.790e-5
-1.028, 3.099e-5
-1.029, 3.099e-5
-1.030, 3.099e-5
-1.031, 2.790e-5
-1.032, 3.099e-5
-1.033, 3.099e-5
-1.034, 3.099e-5
-1.035, 3.099e-5
-1.036, 3.099e-5
-1.037, 3.099e-5
-1.038, 3.099e-5
-1.039, 3.099e-5
-1.040, 3.099e-5
-1.041, 3.099e-5
-1.042, 3.099e-5
-1.043, 3.099e-5
-1.044, 3.099e-5
-1.045, 3.099e-5
-1.046, 3.099e-5
-1.047, 3.099e-5
-1.048, 3.099e-5
-1.049, 3.099e-5
-1.050, 3.099e-5
-1.051, 3.099e-5
-1.052, 3.099e-5
-1.053, 3.099e-5
-1.054, 2.790e-5
-1.055, 3.099e-5
-1.056, 3.099e-5
-1.057, 3.099e-5
-1.058, 3.099e-5
-1.059, 3.099e-5
-1.060, 3.099e-5
-1.061, 3.099e-5
-1.062, 3.099e-5
-1.063, 3.099e-5
-1.064, 3.099e-5
-1.065, 3.099e-5
-1.066, 3.099e-5
-1.067, 3.099e-5
-1.068, 3.099e-5
-1.069, 3.099e-5
-1.070, 3.099e-5
-1.071, 3.099e-5
-1.072, 3.099e-5
-1.073, 3.099e-5
-1.074, 3.407e-5
-1.075, 3.099e-5
-1.076, 3.099e-5
-1.077, 3.099e-5
-1.078, 3.099e-5
-1.079, 3.099e-5
-1.080, 3.099e-5
-1.081, 3.099e-5
-1.082, 3.099e-5
-1.083, 3.099e-5
-1.084, 3.099e-5
-1.085, 3.099e-5
-1.086, 3.099e-5
-1.087, 3.099e-5
-1.088, 3.099e-5
-1.089, 3.099e-5
-1.090, 3.099e-5
-1.091, 3.099e-5
-1.092, 3.099e-5
-1.093, 3.099e-5
-1.094, 3.099e-5
-1.095, 3.099e-5
-1.096, 3.099e-5
-1.097, 3.407e-5
-1.098, 3.099e-5
-1.099, 3.099e-5
-1.100, 3.099e-5
-1.101, 3.407e-5
-1.102, 3.099e-5
-1.103, 3.099e-5
-1.104, 3.407e-5
-1.105, 3.099e-5
-1.106, 3.099e-5
-1.107, 3.099e-5
-1.108, 3.099e-5
-1.109, 3.099e-5
-1.110, 3.407e-5
-1.111, 3.099e-5
-1.112, 3.407e-5
-1.113, 3.099e-5
-1.114, 3.099e-5
-1.115, 3.099e-5
-1.116, 3.407e-5
-1.117, 3.099e-5
-1.118, 3.099e-5
-1.119, 3.407e-5
-1.120, 3.407e-5
-1.121, 3.407e-5
-1.122, 3.099e-5
-1.123, 3.099e-5
-1.124, 3.407e-5
-1.125, 3.407e-5
-1.126, 3.407e-5
-1.127, 3.407e-5
-1.128, 3.407e-5
-1.129, 3.407e-5
-1.130, 3.099e-5
-1.131, 3.099e-5
-1.132, 3.407e-5
-1.133, 3.407e-5
-1.134, 3.407e-5
-1.135, 3.407e-5
-1.136, 3.099e-5
-1.137, 3.407e-5
-1.138, 3.099e-5
-1.139, 3.407e-5
-1.140, 3.407e-5
-1.141, 3.099e-5
-1.142, 3.407e-5
-1.143, 3.407e-5
-1.144, 3.099e-5
-1.145, 3.099e-5
-1.146, 3.407e-5
-1.147, 3.407e-5
-1.148, 3.407e-5
-1.149, 3.407e-5
-1.150, 3.407e-5
-1.151, 3.099e-5
-1.152, 3.099e-5
-1.153, 3.407e-5
-1.154, 3.407e-5
-1.155, 3.407e-5
-1.156, 3.407e-5
-1.157, 3.099e-5
-1.158, 3.407e-5
-1.159, 3.407e-5
-1.160, 3.407e-5
-1.161, 3.407e-5
-1.162, 3.407e-5
-1.163, 3.407e-5
-1.164, 3.407e-5
-1.165, 3.407e-5
-1.166, 3.407e-5
-1.167, 3.407e-5
-1.168, 3.407e-5
-1.169, 3.407e-5
-1.170, 3.407e-5
-1.171, 3.407e-5
-1.172, 3.407e-5
-1.173, 3.407e-5
-1.174, 3.407e-5
-1.175, 3.407e-5
-1.176, 3.407e-5
-1.177, 3.407e-5
-1.178, 3.407e-5
-1.179, 3.715e-5
-1.180, 3.407e-5
-1.181, 3.407e-5
-1.182, 3.407e-5
-1.183, 3.407e-5
-1.184, 3.407e-5
-1.185, 3.407e-5
-1.186, 3.407e-5
-1.187, 3.407e-5
-1.188, 3.407e-5
-1.189, 3.407e-5
-1.190, 3.407e-5
-1.191, 3.407e-5
-1.192, 3.407e-5
-1.193, 3.407e-5
-1.194, 3.715e-5
-1.195, 3.407e-5
-1.196, 3.407e-5
-1.197, 3.407e-5
-1.198, 3.407e-5
-1.199, 3.407e-5
-1.200, 3.407e-5
-1.201, 3.407e-5
-1.202, 3.715e-5
-1.203, 3.407e-5
-1.204, 3.407e-5
-1.205, 3.407e-5
-1.206, 3.407e-5
-1.207, 3.715e-5
-1.208, 3.407e-5
-1.209, 3.715e-5
-1.210, 3.407e-5
-1.211, 3.407e-5
-1.212, 3.715e-5
-1.213, 3.715e-5
-1.214, 3.715e-5
-1.215, 3.715e-5
-1.216, 3.715e-5
-1.217, 3.715e-5
-1.218, 3.715e-5
-1.219, 3.407e-5
-1.220, 3.715e-5
-1.221, 3.715e-5
-1.222, 3.715e-5
-1.223, 3.715e-5
-1.224, 3.715e-5
-1.225, 3.715e-5
-1.226, 3.715e-5
-1.227, 3.715e-5
-1.228, 3.715e-5
-1.229, 3.715e-5
-1.230, 3.715e-5
-1.231, 3.715e-5
-1.232, 3.715e-5
-1.233, 3.715e-5
-1.234, 3.715e-5
-1.235, 3.715e-5
-1.236, 3.715e-5
-1.237, 3.715e-5
-1.238, 3.715e-5
-1.239, 3.715e-5
-1.240, 3.715e-5
-1.241, 3.715e-5
-1.242, 3.715e-5
-1.243, 3.715e-5
-1.244, 4.024e-5
-1.245, 3.715e-5
-1.246, 3.715e-5
-1.247, 3.715e-5
-1.248, 3.715e-5
-1.249, 4.024e-5
-1.250, 3.715e-5
-1.251, 4.024e-5
-1.252, 3.715e-5
-1.253, 3.715e-5
-1.254, 3.715e-5
-1.255, 3.715e-5
-1.256, 3.715e-5
-1.257, 3.715e-5
-1.258, 4.024e-5
-1.259, 4.024e-5
-1.260, 3.715e-5
-1.261, 4.024e-5
-1.262, 4.024e-5
-1.263, 4.024e-5
-1.264, 3.715e-5
-1.265, 4.024e-5
-1.266, 4.024e-5
-1.267, 4.024e-5
-1.268, 4.024e-5
-1.269, 4.024e-5
-1.270, 4.024e-5
-1.271, 4.024e-5
-1.272, 4.024e-5
-1.273, 4.024e-5
-1.274, 4.024e-5
-1.275, 4.024e-5
-1.276, 4.024e-5
-1.277, 4.024e-5
-1.278, 4.024e-5
-1.279, 4.024e-5
-1.280, 4.024e-5
-1.281, 4.024e-5
-1.282, 4.024e-5
-1.283, 4.024e-5
-1.284, 4.024e-5
-1.285, 4.024e-5
-1.286, 4.024e-5
-1.287, 4.024e-5
-1.288, 4.024e-5
-1.289, 4.332e-5
-1.290, 4.332e-5
-1.291, 4.332e-5
-1.292, 4.024e-5
-1.293, 4.332e-5
-1.294, 4.024e-5
-1.295, 4.024e-5
-1.296, 4.332e-5
-1.297, 4.332e-5
-1.298, 4.332e-5
-1.299, 4.332e-5
-1.300, 4.332e-5
-1.301, 4.024e-5
-1.302, 4.024e-5
-1.303, 4.332e-5
-1.304, 4.332e-5
-1.305, 4.332e-5
-1.306, 4.332e-5
-1.307, 4.332e-5
-1.308, 4.332e-5
-1.309, 4.332e-5
-1.310, 4.332e-5
-1.311, 4.332e-5
-1.312, 4.332e-5
-1.313, 4.332e-5
-1.314, 4.332e-5
-1.315, 4.332e-5
-1.316, 4.332e-5
-1.317, 4.332e-5
-1.318, 4.332e-5
-1.319, 4.640e-5
-1.320, 4.332e-5
-1.321, 4.640e-5
-1.322, 4.332e-5
-1.323, 4.640e-5
-1.324, 4.332e-5
-1.325, 4.332e-5
-1.326, 4.640e-5
-1.327, 4.640e-5
-1.328, 4.332e-5
-1.329, 4.640e-5
-1.330, 4.640e-5
-1.331, 4.640e-5
-1.332, 4.640e-5
-1.333, 4.640e-5
-1.334, 4.640e-5
-1.335, 4.949e-5
-1.336, 4.640e-5
-1.337, 4.640e-5
-1.338, 4.640e-5
-1.339, 4.640e-5
-1.340, 4.640e-5
-1.341, 4.640e-5
-1.342, 4.949e-5
-1.343, 4.640e-5
-1.344, 4.949e-5
-1.345, 4.949e-5
-1.346, 4.949e-5
-1.347, 4.949e-5
-1.348, 4.949e-5
-1.349, 4.949e-5
-1.350, 4.949e-5
-1.351, 4.949e-5
-1.352, 4.949e-5
-1.353, 4.949e-5
-1.354, 4.949e-5
-1.355, 4.949e-5
-1.356, 4.949e-5
-1.357, 4.949e-5
-1.358, 5.257e-5
-1.359, 5.257e-5
-1.360, 4.949e-5
-1.361, 5.257e-5
-1.362, 4.949e-5
-1.363, 5.257e-5
-1.364, 5.257e-5
-1.365, 5.257e-5
-1.366, 5.257e-5
-1.367, 5.257e-5
-1.368, 5.257e-5
-1.369, 5.257e-5
-1.370, 5.257e-5
-1.371, 5.257e-5
-1.372, 5.257e-5
-1.373, 5.257e-5
-1.374, 5.565e-5
-1.375, 5.565e-5
-1.376, 5.565e-5
-1.377, 5.565e-5
-1.378, 5.565e-5
-1.379, 5.565e-5
-1.380, 5.565e-5
-1.381, 5.565e-5
-1.382, 5.873e-5
-1.383, 5.565e-5
-1.384, 5.565e-5
-1.385, 5.565e-5
-1.386, 5.873e-5
-1.387, 5.873e-5
-1.388, 5.873e-5
-1.389, 5.873e-5
-1.390, 5.873e-5
-1.391, 5.873e-5
-1.392, 5.873e-5
-1.393, 5.873e-5
-1.394, 6.182e-5
-1.395, 5.873e-5
-1.396, 6.182e-5
-1.397, 6.182e-5
-1.398, 5.873e-5
-1.399, 6.182e-5
-1.400, 6.182e-5
-1.401, 6.182e-5
-1.402, 6.182e-5
-1.403, 6.182e-5
-1.404, 6.182e-5
-1.405, 6.490e-5
-1.406, 6.490e-5
-1.407, 6.490e-5
-1.408, 6.490e-5
-1.409, 6.490e-5
-1.410, 6.490e-5
-1.411, 6.490e-5
-1.412, 6.490e-5
-1.413, 6.490e-5
-1.414, 6.798e-5
-1.415, 6.798e-5
-1.416, 6.798e-5
-1.417, 6.798e-5
-1.418, 6.798e-5
-1.419, 7.107e-5
-1.420, 7.107e-5
-1.421, 7.107e-5
-1.422, 7.107e-5
-1.423, 7.107e-5
-1.424, 7.107e-5
-1.425, 7.415e-5
-1.426, 7.415e-5
-1.427, 7.415e-5
-1.428, 7.415e-5
-1.429, 7.415e-5
-1.430, 7.415e-5
-1.431, 7.415e-5
-1.432, 7.723e-5
-1.433, 7.723e-5
-1.434, 7.723e-5
-1.435, 7.723e-5
-1.436, 7.723e-5
-1.437, 8.032e-5
-1.438, 7.723e-5
-1.439, 8.032e-5
-1.440, 8.032e-5
-1.441, 8.032e-5
-1.442, 8.032e-5
-1.443, 8.340e-5
-1.444, 8.340e-5
-1.445, 8.340e-5
-1.446, 8.340e-5
-1.447, 8.648e-5
-1.448, 8.648e-5
-1.449, 8.957e-5
-1.450, 8.648e-5
-1.451, 8.648e-5
-1.452, 8.957e-5
-1.453, 8.957e-5
-1.454, 8.957e-5
-1.455, 9.265e-5
-1.456, 9.265e-5
-1.457, 9.265e-5
-1.458, 9.265e-5
-1.459, 9.573e-5
-1.460, 9.573e-5
-1.461, 9.573e-5
-1.462, 9.882e-5
-1.463, 9.882e-5
-1.464, 9.882e-5
-1.465, 9.882e-5
-1.466, 1.019e-4
-1.467, 1.019e-4
-1.468, 1.019e-4
-1.469, 1.050e-4
-1.470, 1.050e-4
-1.471, 1.050e-4
-1.472, 1.081e-4
-1.473, 1.081e-4
-1.474, 1.081e-4
-1.475, 1.081e-4
-1.476, 1.111e-4
-1.477, 1.111e-4
-1.478, 1.111e-4
-1.479, 1.142e-4
-1.480, 1.173e-4
-1.481, 1.142e-4
-1.482, 1.173e-4
-1.483, 1.173e-4
-1.484, 1.204e-4
-1.485, 1.204e-4
-1.486, 1.235e-4
-1.487, 1.235e-4
-1.488, 1.235e-4
-1.489, 1.266e-4
-1.490, 1.266e-4
-1.491, 1.296e-4
-1.492, 1.296e-4
-1.493, 1.327e-4
-1.494, 1.358e-4
-1.495, 1.358e-4
-1.496, 1.358e-4
-1.497, 1.389e-4
-1.498, 1.389e-4
-1.499, 1.420e-4
-1.500, 1.451e-4
-1.501, 1.451e-4
-1.502, 1.481e-4
-1.503, 1.481e-4
-1.504, 1.481e-4
-1.505, 1.512e-4
-1.506, 1.543e-4
-1.507, 1.543e-4
-1.508, 1.574e-4
-1.509, 1.574e-4
-1.510, 1.605e-4
-1.511, 1.636e-4
-1.512, 1.636e-4
-1.513, 1.666e-4
-1.514, 1.697e-4
-1.515, 1.728e-4
-1.516, 1.728e-4
-1.517, 1.759e-4
-1.518, 1.759e-4
-1.519, 1.790e-4
-1.520, 1.821e-4
-1.521, 1.851e-4
-1.522, 1.851e-4
-1.523, 1.882e-4
-1.524, 1.944e-4
-1.525, 1.944e-4
-1.526, 1.975e-4
-1.527, 2.006e-4
-1.528, 2.006e-4
-1.529, 2.067e-4
-1.530, 2.098e-4
-1.531, 2.129e-4
-1.532, 2.160e-4
-1.533, 2.160e-4
-1.534, 2.191e-4
-1.535, 2.221e-4
-1.536, 2.252e-4
-1.537, 2.283e-4
-1.538, 2.314e-4
-1.539, 2.345e-4
-1.540, 2.406e-4
-1.541, 2.437e-4
-1.542, 2.468e-4
-1.543, 2.499e-4
-1.544, 2.530e-4
-1.545, 2.561e-4
-1.546, 2.622e-4
-1.547, 2.653e-4
-1.548, 2.684e-4
-1.549, 2.746e-4
-1.550, 2.776e-4
-1.551, 2.807e-4
-1.552, 2.869e-4
-1.553, 2.900e-4
-1.554, 2.961e-4
-1.555, 2.992e-4
-1.556, 3.054e-4
-1.557, 3.085e-4
-1.558, 3.146e-4
-1.559, 3.208e-4
-1.560, 3.239e-4
-1.561, 3.300e-4
-1.562, 3.362e-4
-1.563, 3.424e-4
-1.564, 3.455e-4
-1.565, 3.516e-4
-1.566, 3.578e-4
-1.567, 3.640e-4
-1.568, 3.701e-4
-1.569, 3.763e-4
-1.570, 3.855e-4
-1.571, 3.886e-4
-1.572, 3.948e-4
-1.573, 4.040e-4
-1.574, 4.102e-4
-1.575, 4.164e-4
-1.576, 4.225e-4
-1.577, 4.318e-4
-1.578, 4.380e-4
-1.579, 4.441e-4
-1.580, 4.534e-4
-1.581, 4.626e-4
-1.582, 4.688e-4
-1.583, 4.780e-4
-1.584, 4.873e-4
-1.585, 4.965e-4
-1.586, 5.027e-4
-1.587, 5.120e-4
-1.588, 5.212e-4
-1.589, 5.335e-4
-1.590, 5.397e-4
-1.591, 5.520e-4
-1.592, 5.613e-4
-1.593, 5.705e-4
-1.594, 5.829e-4
-1.595, 5.921e-4
-1.596, 6.044e-4
-1.597, 6.137e-4
-1.598, 6.229e-4
-1.599, 6.353e-4
-1.600, 6.476e-4
-1.601, 6.599e-4
-1.602, 6.723e-4
-1.603, 6.815e-4
-1.604, 6.969e-4
-1.605, 7.093e-4
-1.606, 7.216e-4
-1.607, 7.370e-4
-1.608, 7.494e-4
-1.609, 7.617e-4
-1.610, 7.771e-4
-1.611, 7.925e-4
-1.612, 8.048e-4
-1.613, 8.203e-4
-1.614, 8.357e-4
-1.615, 8.511e-4
-1.616, 8.665e-4
-1.617, 8.819e-4
-1.618, 8.973e-4
-1.619, 9.158e-4
-1.620, 9.343e-4
-1.621, 9.498e-4
-1.622, 9.683e-4
-1.623, 9.837e-4
-1.624, 1.002e-3
-1.625, 1.021e-3
-1.626, 1.039e-3
-1.627, 1.055e-3
-1.628, 1.076e-3
-1.629, 1.095e-3
-1.630, 1.116e-3
-1.631, 1.138e-3
-1.632, 1.156e-3
-1.633, 1.178e-3
-1.634, 1.196e-3
-1.635, 1.218e-3
-1.636, 1.240e-3
-1.637, 1.261e-3
-1.638, 1.286e-3
-1.639, 1.304e-3
-1.640, 1.332e-3
-1.641, 1.354e-3
-1.642, 1.378e-3
-1.643, 1.403e-3
-1.644, 1.428e-3
-1.645, 1.452e-3
-1.646, 1.477e-3
-1.647, 1.502e-3
-1.648, 1.526e-3
-1.649, 1.554e-3
-1.650, 1.582e-3
-1.651, 1.606e-3
-1.652, 1.637e-3
-1.653, 1.665e-3
-1.654, 1.693e-3
-1.655, 1.724e-3
-1.656, 1.751e-3
-1.657, 1.779e-3
-1.658, 1.807e-3
-1.659, 1.838e-3
-1.660, 1.869e-3
-1.661, 1.896e-3
-1.662, 1.927e-3
-1.663, 1.958e-3
-1.664, 1.992e-3
-1.665, 2.023e-3
-1.666, 2.057e-3
-1.667, 2.091e-3
-1.668, 2.124e-3
-1.669, 2.155e-3
-1.670, 2.186e-3
-1.671, 2.220e-3
-1.672, 2.251e-3
-1.673, 2.285e-3
-1.674, 2.319e-3
-1.675, 2.356e-3
-1.676, 2.393e-3
-1.677, 2.430e-3
-1.678, 2.467e-3
-1.679, 2.507e-3
-1.680, 2.544e-3
-1.681, 2.581e-3
-1.682, 2.618e-3
-1.683, 2.658e-3
-1.684, 2.695e-3
-1.685, 2.732e-3
-1.686, 2.769e-3
-1.687, 2.809e-3
-1.688, 2.846e-3
-1.689, 2.889e-3
-1.690, 2.932e-3
-1.691, 2.975e-3
-1.692, 3.019e-3
-1.693, 3.065e-3
-1.694, 3.108e-3
-1.695, 3.148e-3
-1.696, 3.191e-3
-1.697, 3.231e-3
-1.698, 3.274e-3
-1.699, 3.314e-3
-1.700, 3.321e-3
-1.699, 3.293e-3
-1.698, 3.268e-3
-1.697, 3.241e-3
-1.696, 3.219e-3
-1.695, 3.191e-3
-1.694, 3.160e-3
-1.693, 3.130e-3
-1.692, 3.099e-3
-1.691, 3.065e-3
-1.690, 3.031e-3
-1.689, 3.000e-3
-1.688, 2.969e-3
-1.687, 2.938e-3
-1.686, 2.908e-3
-1.685, 2.880e-3
-1.684, 2.849e-3
-1.683, 2.821e-3
-1.682, 2.790e-3
-1.681, 2.760e-3
-1.680, 2.726e-3
-1.679, 2.692e-3
-1.678, 2.661e-3
-1.677, 2.630e-3
-1.676, 2.599e-3
-1.675, 2.568e-3
-1.674, 2.541e-3
-1.673, 2.513e-3
-1.672, 2.482e-3
-1.671, 2.451e-3
-1.670, 2.423e-3
-1.669, 2.393e-3
-1.668, 2.359e-3
-1.667, 2.328e-3
-1.666, 2.297e-3
-1.665, 2.269e-3
-1.664, 2.242e-3
-1.663, 2.211e-3
-1.662, 2.183e-3
-1.661, 2.158e-3
-1.660, 2.131e-3
-1.659, 2.103e-3
-1.658, 2.075e-3
-1.657, 2.044e-3
-1.656, 2.013e-3
-1.655, 1.989e-3
-1.654, 1.961e-3
-1.653, 1.936e-3
-1.652, 1.909e-3
-1.651, 1.884e-3
-1.650, 1.856e-3
-1.649, 1.832e-3
-1.648, 1.804e-3
-1.647, 1.779e-3
-1.646, 1.751e-3
-1.645, 1.730e-3
-1.644, 1.702e-3
-1.643, 1.677e-3
-1.642, 1.653e-3
-1.641, 1.628e-3
-1.640, 1.603e-3
-1.639, 1.579e-3
-1.638, 1.554e-3
-1.637, 1.529e-3
-1.636, 1.508e-3
-1.635, 1.483e-3
-1.634, 1.462e-3
-1.633, 1.437e-3
-1.632, 1.418e-3
-1.631, 1.397e-3
-1.630, 1.372e-3
-1.629, 1.351e-3
-1.628, 1.329e-3
-1.627, 1.307e-3
-1.626, 1.286e-3
-1.625, 1.264e-3
-1.624, 1.246e-3
-1.623, 1.224e-3
-1.622, 1.206e-3
-1.621, 1.187e-3
-1.620, 1.169e-3
-1.619, 1.150e-3
-1.618, 1.132e-3
-1.617, 1.110e-3
-1.616, 1.092e-3
-1.615, 1.073e-3
-1.614, 1.055e-3
-1.613, 1.036e-3
-1.612, 1.018e-3
-1.611, 1.002e-3
-1.610, 9.837e-4
-1.609, 9.652e-4
-1.608, 9.498e-4
-1.607, 9.343e-4
-1.606, 9.158e-4
-1.605, 9.004e-4
-1.604, 8.850e-4
-1.603, 8.696e-4
-1.602, 8.542e-4
-1.601, 8.388e-4
-1.600, 8.233e-4
-1.599, 8.079e-4
-1.598, 7.925e-4
-1.597, 7.771e-4
-1.596, 7.617e-4
-1.595, 7.494e-4
-1.594, 7.370e-4
-1.593, 7.216e-4
-1.592, 7.062e-4
-1.591, 6.939e-4
-1.590, 6.815e-4
-1.589, 6.692e-4
-1.588, 6.538e-4
-1.587, 6.414e-4
-1.586, 6.322e-4
-1.585, 6.199e-4
-1.584, 6.075e-4
-1.583, 5.952e-4
-1.582, 5.829e-4
-1.581, 5.705e-4
-1.580, 5.582e-4
-1.579, 5.489e-4
-1.578, 5.397e-4
-1.577, 5.274e-4
-1.576, 5.181e-4
-1.575, 5.058e-4
-1.574, 4.965e-4
-1.573, 4.873e-4
-1.572, 4.750e-4
-1.571, 4.657e-4
-1.570, 4.565e-4
-1.569, 4.472e-4
-1.568, 4.349e-4
-1.567, 4.287e-4
-1.566, 4.195e-4
-1.565, 4.102e-4
-1.564, 4.010e-4
-1.563, 3.948e-4
-1.562, 3.855e-4
-1.561, 3.763e-4
-1.560, 3.701e-4
-1.559, 3.609e-4
-1.558, 3.516e-4
-1.557, 3.455e-4
-1.556, 3.362e-4
-1.555, 3.300e-4
-1.554, 3.239e-4
-1.553, 3.146e-4
-1.552, 3.085e-4
-1.551, 3.023e-4
-1.550, 2.961e-4
-1.549, 2.900e-4
-1.548, 2.807e-4
-1.547, 2.746e-4
-1.546, 2.684e-4
-1.545, 2.622e-4
-1.544, 2.591e-4
-1.543, 2.499e-4
-1.542, 2.437e-4
-1.541, 2.406e-4
-1.540, 2.345e-4
-1.539, 2.283e-4
-1.538, 2.221e-4
-1.537, 2.160e-4
-1.536, 2.129e-4
-1.535, 2.067e-4
-1.534, 2.006e-4
-1.533, 1.975e-4
-1.532, 1.913e-4
-1.531, 1.882e-4
-1.530, 1.821e-4
-1.529, 1.790e-4
-1.528, 1.728e-4
-1.527, 1.697e-4
-1.526, 1.666e-4
-1.525, 1.605e-4
-1.524, 1.574e-4
-1.523, 1.512e-4
-1.522, 1.481e-4
-1.521, 1.420e-4
-1.520, 1.389e-4
-1.519, 1.358e-4
-1.518, 1.327e-4
-1.517, 1.296e-4
-1.516, 1.266e-4
-1.515, 1.235e-4
-1.514, 1.204e-4
-1.513, 1.142e-4
-1.512, 1.111e-4
-1.511, 1.081e-4
-1.510, 1.050e-4
-1.509, 1.019e-4
-1.508, 9.882e-5
-1.507, 9.573e-5
-1.506, 9.265e-5
-1.505, 8.957e-5
-1.504, 8.648e-5
-1.503, 8.648e-5
-1.502, 8.032e-5
-1.501, 8.032e-5
-1.500, 7.723e-5
-1.499, 7.415e-5
-1.498, 7.107e-5
-1.497, 6.798e-5
-1.496, 6.798e-5
-1.495, 6.490e-5
-1.494, 6.182e-5
-1.493, 6.182e-5
-1.492, 5.873e-5
-1.491, 5.565e-5
-1.490, 5.257e-5
-1.489, 4.949e-5
-1.488, 4.949e-5
-1.487, 4.640e-5
-1.486, 4.640e-5
-1.485, 4.640e-5
-1.484, 4.332e-5
-1.483, 3.715e-5
-1.482, 3.715e-5
-1.481, 3.715e-5
-1.480, 3.407e-5
-1.479, 3.099e-5
-1.478, 3.099e-5
-1.477, 2.790e-5
-1.476, 2.790e-5
-1.475, 2.482e-5
-1.474, 2.482e-5
-1.473, 2.174e-5
-1.472, 2.174e-5
-1.471, 1.865e-5
-1.470, 1.865e-5
-1.469, 1.557e-5
-1.468, 1.557e-5
-1.467, 1.249e-5
-1.466, 1.249e-5
-1.465, 9.405e-6
-1.464, 9.405e-6
-1.463, 9.405e-6
-1.462, 6.322e-6
-1.461, 6.322e-6
-1.460, 3.239e-6
-1.459, 3.239e-6
-1.458, 3.239e-6
-1.457, 1.559e-7
-1.456, 1.559e-7
-1.455, 1.559e-7
-1.454, -2.927e-6
-1.453, -2.927e-6
-1.452, -6.010e-6
-1.451, -6.010e-6
-1.450, -6.010e-6
-1.449, -6.010e-6
-1.448, -9.093e-6
-1.447, -6.010e-6
-1.446, -1.218e-5
-1.445, -9.093e-6
-1.444, -1.218e-5
-1.443, -1.218e-5
-1.442, -1.218e-5
-1.441, -1.218e-5
-1.440, -1.526e-5
-1.439, -1.526e-5
-1.438, -1.526e-5
-1.437, -1.834e-5
-1.436, -1.834e-5
-1.435, -1.834e-5
-1.434, -1.834e-5
-1.433, -1.834e-5
-1.432, -2.143e-5
-1.431, -2.143e-5
-1.430, -2.143e-5
-1.429, -2.143e-5
-1.428, -2.143e-5
-1.427, -2.451e-5
-1.426, -2.143e-5
-1.425, -2.451e-5
-1.424, -2.451e-5
-1.423, -2.759e-5
-1.422, -2.759e-5
-1.421, -2.451e-5
-1.420, -2.759e-5
-1.419, -2.759e-5
-1.418, -3.068e-5
-1.417, -2.759e-5
-1.416, -3.068e-5
-1.415, -3.068e-5
-1.414, -3.068e-5
-1.413, -3.068e-5
-1.412, -3.376e-5
-1.411, -3.068e-5
-1.410, -3.376e-5
-1.409, -3.376e-5
-1.408, -3.376e-5
-1.407, -3.376e-5
-1.406, -3.376e-5
-1.405, -3.376e-5
-1.404, -3.684e-5
-1.403, -3.376e-5
-1.402, -3.684e-5
-1.401, -3.684e-5
-1.400, -3.684e-5
-1.399, -3.684e-5
-1.398, -3.684e-5
-1.397, -3.992e-5
-1.396, -3.684e-5
-1.395, -3.992e-5
-1.394, -3.684e-5
-1.393, -3.992e-5
-1.392, -3.992e-5
-1.391, -3.992e-5
-1.390, -3.992e-5
-1.389, -3.992e-5
-1.388, -4.301e-5
-1.387, -3.992e-5
-1.386, -4.301e-5
-1.385, -3.992e-5
-1.384, -4.301e-5
-1.383, -4.301e-5
-1.382, -4.301e-5
-1.381, -4.301e-5
-1.380, -4.301e-5
-1.379, -4.301e-5
-1.378, -4.301e-5
-1.377, -4.609e-5
-1.376, -4.301e-5
-1.375, -4.301e-5
-1.374, -4.609e-5
-1.373, -4.301e-5
-1.372, -4.609e-5
-1.371, -4.609e-5
-1.370, -4.609e-5
-1.369, -4.609e-5
-1.368, -4.609e-5
-1.367, -4.609e-5
-1.366, -4.609e-5
-1.365, -4.609e-5
-1.364, -4.609e-5
-1.363, -4.609e-5
-1.362, -4.917e-5
-1.361, -4.917e-5
-1.360, -4.609e-5
-1.359, -4.917e-5
-1.358, -4.917e-5
-1.357, -4.917e-5
-1.356, -4.917e-5
-1.355, -4.917e-5
-1.354, -4.917e-5
-1.353, -4.917e-5
-1.352, -4.917e-5
-1.351, -4.917e-5
-1.350, -4.917e-5
-1.349, -4.917e-5
-1.348, -5.226e-5
-1.347, -5.226e-5
-1.346, -5.226e-5
-1.345, -5.226e-5
-1.344, -5.226e-5
-1.343, -5.226e-5
-1.342, -5.226e-5
-1.341, -5.226e-5
-1.340, -5.226e-5
-1.339, -5.226e-5
-1.338, -5.226e-5
-1.337, -5.226e-5
-1.336, -5.226e-5
-1.335, -5.226e-5
-1.334, -5.226e-5
-1.333, -5.226e-5
-1.332, -5.226e-5
-1.331, -5.226e-5
-1.330, -5.534e-5
-1.329, -5.534e-5
-1.328, -5.226e-5
-1.327, -5.534e-5
-1.326, -5.534e-5
-1.325, -5.534e-5
-1.324, -5.534e-5
-1.323, -5.226e-5
-1.322, -5.534e-5
-1.321, -5.534e-5
-1.320, -5.534e-5
-1.319, -5.534e-5
-1.318, -5.534e-5
-1.317, -5.534e-5
-1.316, -5.534e-5
-1.315, -5.534e-5
-1.314, -5.534e-5
-1.313, -5.534e-5
-1.312, -5.534e-5
-1.311, -5.534e-5
-1.310, -5.534e-5
-1.309, -5.534e-5
-1.308, -5.534e-5
-1.307, -5.534e-5
-1.306, -5.534e-5
-1.305, -5.534e-5
-1.304, -5.534e-5
-1.303, -5.534e-5
-1.302, -5.842e-5
-1.301, -5.534e-5
-1.300, -5.534e-5
-1.299, -5.534e-5
-1.298, -5.534e-5
-1.297, -5.534e-5
-1.296, -5.842e-5
-1.295, -5.534e-5
-1.294, -5.534e-5
-1.293, -5.534e-5
-1.292, -5.842e-5
-1.291, -5.534e-5
-1.290, -5.534e-5
-1.289, -5.534e-5
-1.288, -5.842e-5
-1.287, -5.842e-5
-1.286, -5.534e-5
-1.285, -5.842e-5
-1.284, -5.842e-5
-1.283, -5.842e-5
-1.282, -5.534e-5
-1.281, -5.842e-5
-1.280, -5.534e-5
-1.279, -5.534e-5
-1.278, -5.842e-5
-1.277, -5.534e-5
-1.276, -5.842e-5
-1.275, -5.842e-5
-1.274, -5.534e-5
-1.273, -5.842e-5
-1.272, -5.842e-5
-1.271, -5.534e-5
-1.270, -5.842e-5
-1.269, -5.842e-5
-1.268, -5.842e-5
-1.267, -5.534e-5
-1.266, -5.842e-5
-1.265, -5.842e-5
-1.264, -5.842e-5
-1.263, -5.534e-5
-1.262, -5.842e-5
-1.261, -5.534e-5
-1.260, -5.842e-5
-1.259, -5.534e-5
-1.258, -5.534e-5
-1.257, -5.842e-5
-1.256, -5.534e-5
-1.255, -5.842e-5
-1.254, -5.534e-5
-1.253, -5.534e-5
-1.252, -5.842e-5
-1.251, -5.842e-5
-1.250, -5.842e-5
-1.249, -5.842e-5
-1.248, -5.534e-5
-1.247, -5.534e-5
-1.246, -5.534e-5
-1.245, -5.534e-5
-1.244, -5.534e-5
-1.243, -5.534e-5
-1.242, -5.534e-5
-1.241, -5.842e-5
-1.240, -5.534e-5
-1.239, -5.534e-5
-1.238, -5.534e-5
-1.237, -5.534e-5
-1.236, -5.534e-5
-1.235, -5.534e-5
-1.234, -5.534e-5
-1.233, -5.534e-5
-1.232, -5.534e-5
-1.231, -5.534e-5
-1.230, -5.534e-5
-1.229, -5.534e-5
-1.228, -5.534e-5
-1.227, -5.842e-5
-1.226, -5.534e-5
-1.225, -5.534e-5
-1.224, -5.534e-5
-1.223, -5.534e-5
-1.222, -5.534e-5
-1.221, -5.534e-5
-1.220, -5.534e-5
-1.219, -5.534e-5
-1.218, -5.534e-5
-1.217, -5.534e-5
-1.216, -5.534e-5
-1.215, -5.534e-5
-1.214, -5.534e-5
-1.213, -5.534e-5
-1.212, -5.534e-5
-1.211, -5.534e-5
-1.210, -5.226e-5
-1.209, -5.534e-5
-1.208, -5.534e-5
-1.207, -5.534e-5
-1.206, -5.534e-5
-1.205, -5.534e-5
-1.204, -5.534e-5
-1.203, -5.226e-5
-1.202, -5.534e-5
-1.201, -5.534e-5
-1.200, -5.534e-5
-1.199, -5.534e-5
-1.198, -5.534e-5
-1.197, -5.534e-5
-1.196, -5.534e-5
-1.195, -5.534e-5
-1.194, -5.534e-5
-1.193, -5.534e-5
-1.192, -5.226e-5
-1.191, -5.534e-5
-1.190, -5.534e-5
-1.189, -5.534e-5
-1.188, -5.534e-5
-1.187, -5.534e-5
-1.186, -5.226e-5
-1.185, -5.534e-5
-1.184, -5.226e-5
-1.183, -5.534e-5
-1.182, -5.534e-5
-1.181, -5.226e-5
-1.180, -5.226e-5
-1.179, -5.534e-5
-1.178, -5.534e-5
-1.177, -5.226e-5
-1.176, -5.534e-5
-1.175, -5.226e-5
-1.174, -5.534e-5
-1.173, -5.534e-5
-1.172, -5.226e-5
-1.171, -5.534e-5
-1.170, -5.226e-5
-1.169, -5.226e-5
-1.168, -5.534e-5
-1.167, -5.534e-5
-1.166, -5.226e-5
-1.165, -5.226e-5
-1.164, -5.534e-5
-1.163, -5.226e-5
-1.162, -5.226e-5
-1.161, -5.226e-5
-1.160, -5.226e-5
-1.159, -5.534e-5
-1.158, -5.226e-5
-1.157, -5.226e-5
-1.156, -5.226e-5
-1.155, -5.534e-5
-1.154, -5.226e-5
-1.153, -5.226e-5
-1.152, -5.534e-5
-1.151, -5.226e-5
-1.150, -5.226e-5
-1.149, -5.534e-5
-1.148, -5.534e-5
-1.147, -5.226e-5
-1.146, -5.226e-5
-1.145, -5.534e-5
-1.144, -5.534e-5
-1.143, -5.226e-5
-1.142, -5.534e-5
-1.141, -5.226e-5
-1.140, -5.226e-5
-1.139, -5.226e-5
-1.138, -5.534e-5
-1.137, -5.534e-5
-1.136, -5.226e-5
-1.135, -5.226e-5
-1.134, -5.534e-5
-1.133, -5.226e-5
-1.132, -5.534e-5
-1.131, -5.226e-5
-1.130, -5.534e-5
-1.129, -5.534e-5
-1.128, -5.534e-5
-1.127, -5.534e-5
-1.126, -5.534e-5
-1.125, -5.534e-5
-1.124, -5.534e-5
-1.123, -5.534e-5
-1.122, -5.534e-5
-1.121, -5.534e-5
-1.120, -5.534e-5
-1.119, -5.534e-5
-1.118, -5.534e-5
-1.117, -5.534e-5
-1.116, -5.534e-5
-1.115, -5.534e-5
-1.114, -5.534e-5
-1.113, -5.534e-5
-1.112, -5.534e-5
-1.111, -5.534e-5
-1.110, -5.534e-5
-1.109, -5.534e-5
-1.108, -5.534e-5
-1.107, -5.534e-5
-1.106, -5.534e-5
-1.105, -5.534e-5
-1.104, -5.842e-5
-1.103, -5.534e-5
-1.102, -5.534e-5
-1.101, -5.534e-5
-1.100, -5.534e-5
-1.099, -5.534e-5
-1.098, -5.534e-5
-1.097, -5.842e-5
-1.096, -5.534e-5
-1.095, -5.534e-5
-1.094, -5.534e-5
-1.093, -5.534e-5
-1.092, -5.534e-5
-1.091, -5.534e-5
-1.090, -5.534e-5
-1.089, -5.842e-5
-1.088, -5.842e-5
-1.087, -5.842e-5
-1.086, -5.842e-5
-1.085, -5.842e-5
-1.084, -5.842e-5
-1.083, -5.842e-5
-1.082, -5.842e-5
-1.081, -5.534e-5
-1.080, -5.842e-5
-1.079, -5.842e-5
-1.078, -5.842e-5
-1.077, -5.842e-5
-1.076, -5.842e-5
-1.075, -5.842e-5
-1.074, -5.842e-5
-1.073, -5.842e-5
-1.072, -5.842e-5
-1.071, -5.842e-5
-1.070, -5.842e-5
-1.069, -5.842e-5
-1.068, -5.842e-5
-1.067, -5.842e-5
-1.066, -5.842e-5
-1.065, -5.842e-5
-1.064, -5.842e-5
-1.063, -5.842e-5
-1.062, -5.842e-5
-1.061, -5.842e-5
-1.060, -5.842e-5
-1.059, -6.151e-5
-1.058, -6.151e-5
-1.057, -5.842e-5
-1.056, -5.842e-5
-1.055, -6.151e-5
-1.054, -6.151e-5
-1.053, -6.151e-5
-1.052, -6.151e-5
-1.051, -6.151e-5
-1.050, -6.151e-5
-1.049, -6.151e-5
-1.048, -6.151e-5
-1.047, -6.151e-5
-1.046, -6.151e-5
-1.045, -6.151e-5
-1.044, -6.151e-5
-1.043, -6.151e-5
-1.042, -6.151e-5
-1.041, -6.151e-5
-1.040, -6.151e-5
-1.039, -6.151e-5
-1.038, -6.151e-5
-1.037, -6.151e-5
-1.036, -6.151e-5
-1.035, -6.151e-5
-1.034, -6.151e-5
-1.033, -6.151e-5
-1.032, -6.151e-5
-1.031, -6.151e-5
-1.030, -6.151e-5
-1.029, -6.459e-5
-1.028, -6.151e-5
-1.027, -6.151e-5
-1.026, -6.459e-5
-1.025, -6.459e-5
-1.024, -6.459e-5
-1.023, -6.151e-5
-1.022, -6.459e-5
-1.021, -6.459e-5
-1.020, -6.459e-5
-1.019, -6.151e-5
-1.018, -6.459e-5
-1.017, -6.459e-5
-1.016, -6.459e-5
-1.015, -6.459e-5
-1.014, -6.459e-5
-1.013, -6.459e-5
-1.012, -6.459e-5
-1.011, -6.459e-5
-1.010, -6.459e-5
-1.009, -6.767e-5
-1.008, -6.459e-5
-1.007, -6.459e-5
-1.006, -6.459e-5
-1.005, -6.459e-5
-1.004, -6.459e-5
-1.003, -6.767e-5
-1.002, -6.459e-5
-1.001, -6.459e-5
